lenSubsequence: 5{'RI': 0.7864661654135339, 'num_clusters': 14, 'uShapelets': [{'ts_index': 122, 'loc': 129, 'gap': 0.07509019606807371, 'distances': array([0.11045213, 0.34893943, 0.39048118, 0.33939582, 0.23849314,
       0.41263628, 0.29494409, 0.13049701, 0.40373851, 0.25449924,
       0.35863922, 0.35406629, 0.31864513, 0.32937515, 0.354111  ,
       0.38429381, 0.14716889, 0.35235106, 0.26376966, 0.25255234,
       0.19203   , 0.38016718, 0.41563979, 0.37112907, 0.27764993,
       0.34821218, 0.05277182, 0.40649003, 0.38761801, 0.37174827,
       0.38937904, 0.21815496, 0.32013582, 0.41910559, 0.33919043,
       0.34226258, 0.41404813, 0.33509021, 0.22039015, 0.40891926,
       0.35611568, 0.40056686, 0.27877095, 0.36950687, 0.40165107,
       0.2848468 , 0.26986124, 0.32432503, 0.21401498, 0.28910873,
       0.33414428, 0.39079673, 0.11887336, 0.34775017, 0.30801811,
       0.12063227, 0.37287554, 0.18169037, 0.37681138, 0.33880278,
       0.21773687, 0.20622926, 0.22505393, 0.36012419, 0.19216342,
       0.35833308, 0.26205194, 0.31095246, 0.40790369, 0.41522847,
       0.31133286, 0.36734298, 0.37993056, 0.18034215, 0.35522696,
       0.35103381, 0.39100657, 0.32191577, 0.40532053, 0.41103535,
       0.34374927, 0.36306508, 0.17018675, 0.24441707, 0.40951801,
       0.40260683, 0.37865904, 0.37007412, 0.32864324, 0.35737227,
       0.39081922, 0.35621307, 0.34359007, 0.3764852 , 0.35648905,
       0.39071449, 0.39844636, 0.38687978, 0.39649258, 0.27935341,
       0.22980587, 0.1341499 , 0.39712719, 0.40211914, 0.31088385,
       0.37742802, 0.20861913, 0.3515115 , 0.41564558, 0.3424717 ,
       0.29516479, 0.17008684, 0.34816199, 0.2452552 , 0.33836705,
       0.32812331, 0.42395103, 0.38541987, 0.17512195, 0.31470947,
       0.21471684, 0.32774781, 0.        , 0.31388881, 0.33965464,
       0.29489389, 0.31396768, 0.36474445, 0.33798615, 0.22909244,
       0.38907406, 0.36826628, 0.38075132, 0.38557842, 0.36000844,
       0.1619336 , 0.38174764, 0.38027859, 0.19633936, 0.34153365,
       0.33039363, 0.37732615, 0.30516894, 0.32995697, 0.24269781,
       0.27852773, 0.23295751, 0.35034536, 0.40257632, 0.25218339,
       0.34065598, 0.38909247, 0.33045838, 0.35475037, 0.36308119,
       0.39020096, 0.29884937, 0.39858711, 0.34180639, 0.3856009 ,
       0.35954756, 0.4155926 , 0.40011934, 0.34317445, 0.3780078 ,
       0.31954037, 0.40427013, 0.33973082, 0.31531625, 0.28633241,
       0.17049916, 0.36743093, 0.31395365, 0.36451747, 0.39547282,
       0.37312461, 0.37458495, 0.37322583, 0.25986102, 0.34628053,
       0.2730009 , 0.39084068, 0.4125597 , 0.29864174, 0.31589673,
       0.36694122, 0.36611151, 0.39540293, 0.2163914 , 0.34998962,
       0.39257043, 0.39920337, 0.34653442, 0.38396488, 0.31564317,
       0.38956776, 0.35869943, 0.35533832, 0.24341676, 0.36155383,
       0.33487583, 0.40247106, 0.32695881, 0.32967162, 0.38664214,
       0.3473936 , 0.3709861 , 0.43018112, 0.18204239, 0.32490012]), 'delta_distances': array([0., 0., 0., 0., 0., 0., 0., 0., 0., 0., 0., 0., 0., 0., 0., 0., 0.,
       0., 0., 0., 0., 0., 0., 0., 0., 0., 0., 0., 0., 0., 0., 0., 0., 0.,
       0., 0., 0., 0., 0., 0., 0., 0., 0., 0., 0., 0., 0., 0., 0., 0., 0.,
       0., 0., 0., 0., 0., 0., 0., 0., 0., 0., 0., 0., 0., 0., 0., 0., 0.,
       0., 0., 0., 0., 0., 0., 0., 0., 0., 0., 0., 0., 0., 0., 0., 0., 0.,
       0., 0., 0., 0., 0., 0., 0., 0., 0., 0., 0., 0., 0., 0., 0., 0., 0.,
       0., 0., 0., 0., 0., 0., 0., 0., 0., 0., 0., 0., 0., 0., 0., 0., 0.,
       0., 0., 0., 0., 0., 0., 0., 0., 0., 0., 0., 0., 0., 0., 0., 0., 0.,
       0., 0., 0., 0., 0., 0., 0., 0., 0., 0., 0., 0., 0., 0., 0., 0., 0.,
       0., 0., 0., 0., 0., 0., 0., 0., 0., 0., 0., 0., 0., 0., 0., 0., 0.,
       0., 0., 0., 0., 0., 0., 0., 0., 0., 0., 0., 0., 0., 0., 0., 0., 0.,
       0., 0., 0., 0., 0., 0., 0., 0., 0., 0., 0., 0., 0., 0., 0., 0., 0.,
       0., 0., 0., 0., 0., 0.]), 'locations': array([ 38,   7, 114,  74,  79,  42,  73,  44,  77,  54,  97,  72,  93,
         8, 108,  85,  71, 126, 126,  88,  48,  40, 108, 127,  38,  66,
        78,  52,  49, 129,  81,  62,  61,   7,  83, 127, 116, 132, 126,
        61,  78, 102,  68,  94,  34, 114,  82,  65,  97,  86,  54,  77,
        83,  86,  41,  75,  73, 127,  63,  45, 114,  16,  86,  21,  36,
        80, 100, 105,   4,   7,  46,  59, 121,  35, 127,  64,  10,  72,
        46, 101, 102,  13, 115,  40,  51,  22, 126, 101,  48,   9,  55,
        65,  36, 113,  84, 137, 128, 123, 122,  83,  99,  46,  71,  99,
        80,  78,  74,  73,  18, 111,  67,  51, 111,  27,  30,  64, 126,
        33,  98,  72,  30,  52, 129,  62,  38,  35,  42,  51,  81,  46,
        50,  90, 103,  76,  34,  10,  81,  34, 129,  90, 112,  53,  48,
        90,  94,  78,  12,  39,  75,  94,  35,  92, 130,  80,  32,  38,
        49,  49,  45,  14,  11,  80, 105, 124, 128,  32,  30, 101,  83,
        14,  50,  35,  26,  69,  37,  35,  51, 122,  74, 107,  14, 112,
        77,  52,  12,  34, 128,  80,  86,  54,  66,  35,  98,  37,  61,
        49, 101, 101,  70, 128,  96, 113,  35,  99, 102,  97, 110, 126,
        78,   7])}, {'ts_index': 123, 'loc': 101, 'gap': 0.0709184841185237, 'distances': array([0.33629939, 0.17476268, 0.18042212, 0.27574498, 0.19294104,
       0.2396225 , 0.26954967, 0.30042118, 0.27832247, 0.3121937 ,
       0.38511146, 0.30731829, 0.13495606, 0.084794  , 0.35456399,
       0.30130847, 0.36903613, 0.38935702, 0.41408117, 0.30165965,
       0.35555441, 0.14726646, 0.11724007, 0.30354427, 0.14704016,
       0.27822973, 0.11843003, 0.20968436, 0.11743015, 0.3476229 ,
       0.3634869 , 0.2615063 , 0.29985317, 0.2964829 , 0.29216342,
       0.29174748, 0.17282231, 0.22135063, 0.26430285, 0.13536833,
       0.37510964, 0.20528964, 0.24776634, 0.17878632, 0.24977101,
       0.35271493, 0.14825626, 0.16903939, 0.30462718, 0.30847313,
       0.27713178, 0.305415  , 0.27454234, 0.19321738, 0.24081312,
       0.37580952, 0.36843871, 0.2333783 , 0.3688434 , 0.31189524,
       0.16307495, 0.33850935, 0.33446516, 0.19302812, 0.30908555,
       0.25914209, 0.23900084, 0.25351248, 0.39877769, 0.27551033,
       0.27549057, 0.10282299, 0.08749491, 0.11383616, 0.14392581,
       0.30327651, 0.25316785, 0.40437136, 0.37461203, 0.3875699 ,
       0.31664656, 0.1790332 , 0.3168077 , 0.18364922, 0.35772345,
       0.15806186, 0.36024409, 0.11968122, 0.35952738, 0.2023578 ,
       0.27801171, 0.34780524, 0.39084518, 0.08800321, 0.26107413,
       0.18962667, 0.        , 0.2595742 , 0.40650329, 0.24774432,
       0.35107779, 0.15256131, 0.24089243, 0.20005379, 0.17786192,
       0.39678223, 0.29980721, 0.40503345, 0.42227214, 0.2571248 ,
       0.18443553, 0.24995326, 0.3678236 , 0.08641531, 0.32165035,
       0.21072389, 0.23041502, 0.21239685, 0.19364064, 0.36555645,
       0.26333792, 0.40598416, 0.30485015, 0.22287945, 0.35813443,
       0.22820547, 0.33114544, 0.14784674, 0.25125047, 0.37882629,
       0.25567548, 0.12026135, 0.07706275, 0.21120085, 0.26874725,
       0.29200948, 0.17874082, 0.34569199, 0.29286315, 0.15721495,
       0.40736014, 0.14059714, 0.07841007, 0.24655719, 0.26819308,
       0.20243323, 0.31770871, 0.39499006, 0.13473917, 0.25286074,
       0.22903431, 0.35329214, 0.3283226 , 0.29807761, 0.28822889,
       0.31061792, 0.2905193 , 0.24447519, 0.0593773 , 0.34874703,
       0.09889033, 0.20876632, 0.14351386, 0.41295293, 0.40523113,
       0.26345829, 0.19952511, 0.13253316, 0.2782019 , 0.19538317,
       0.36219651, 0.33657071, 0.35116357]), 'delta_distances': array([0., 0., 0., 0., 0., 0., 0., 0., 0., 0., 0., 0., 0., 0., 0., 0., 0.,
       0., 0., 0., 0., 0., 0., 0., 0., 0., 0., 0., 0., 0., 0., 0., 0., 0.,
       0., 0., 0., 0., 0., 0., 0., 0., 0., 0., 0., 0., 0., 0., 0., 0., 0.,
       0., 0., 0., 0., 0., 0., 0., 0., 0., 0., 0., 0., 0., 0., 0., 0., 0.,
       0., 0., 0., 0., 0., 0., 0., 0., 0., 0., 0., 0., 0., 0., 0., 0., 0.,
       0., 0., 0., 0., 0., 0., 0., 0., 0., 0., 0., 0., 0., 0., 0., 0., 0.,
       0., 0., 0., 0., 0., 0., 0., 0., 0., 0., 0., 0., 0., 0., 0., 0., 0.,
       0., 0., 0., 0., 0., 0., 0., 0., 0., 0., 0., 0., 0., 0., 0., 0., 0.,
       0., 0., 0., 0., 0., 0., 0., 0., 0., 0., 0., 0., 0., 0., 0., 0., 0.,
       0., 0., 0., 0., 0., 0., 0., 0., 0., 0., 0., 0., 0., 0., 0., 0., 0.,
       0., 0., 0.]), 'locations': array([112, 114,  74, 129,  73,  99, 108,   7,  72,   8,  80, 108,   2,
       126,  85,  88, 128,  27, 127,  65,  86,   7,  49,  48,  81,  32,
       116,  63, 127,  67, 128,  75, 128,  33, 132, 122,  42, 123,  35,
         7,  64,  84,  12,  86,  84,  88,  39,  87, 107,   5,  50,  92,
         4,   7,  10,  59,   7, 120,  64,   3,  22,  29,  12,  74, 122,
       119, 110, 127, 123,  28,  55,  86,  65,  36,  76,  30, 102, 128,
       127,  73,  83,  21, 125,  13,  11,  68,  80,   6,  80,  77, 122,
        97,  48,  25, 107,  82, 101,   1,  51,   5,  38,  63,  30, 111,
       115,  36, 100,  51,   6,  97,  51, 130,  58,  57, 114,  39,   3,
        75,  36,   6,  80,  32,  10,  30,  80,  45,  10, 122, 132, 101,
       124, 128,  92, 123, 124, 126,  23,  78,  38,  11,  74,  35,  54,
       122,  31, 116,  14, 112, 124,  64,  35,  34,  51,  22,  17,  66,
        10,  54,  78,  23,  59, 101, 101, 107,  66,   8,  63, 104, 102,
        77, 100, 126,  60])}, {'ts_index': 68, 'loc': 10, 'gap': 0.07571038901812377, 'distances': array([0.15193658, 0.1610066 , 0.32133213, 0.17693871, 0.21108772,
       0.23678941, 0.32779606, 0.32312454, 0.20710126, 0.3971781 ,
       0.34671251, 0.2211384 , 0.06878808, 0.1768743 , 0.31948941,
       0.32478104, 0.30898362, 0.22852248, 0.37871324, 0.21060351,
       0.16046451, 0.36357792, 0.1615256 , 0.33441359, 0.25030876,
       0.22938521, 0.16438233, 0.36420586, 0.26618953, 0.27438921,
       0.36952065, 0.25155287, 0.34089999, 0.2816926 , 0.31734852,
       0.18535474, 0.24058012, 0.13354939, 0.09255647, 0.42251164,
       0.37443647, 0.38543468, 0.35972755, 0.        , 0.32511141,
       0.36405487, 0.25376856, 0.38847087, 0.20836039, 0.33655672,
       0.37236133, 0.2641566 , 0.26164508, 0.11414582, 0.33695507,
       0.28806294, 0.16027231, 0.375099  , 0.18243548, 0.39516923,
       0.23870996, 0.26904419, 0.24411518, 0.19830336, 0.38454417,
       0.3927974 , 0.14244284, 0.40049238, 0.25319927, 0.2928474 ,
       0.13905598, 0.32501362, 0.28569408, 0.12518938, 0.30018713,
       0.11705632, 0.382658  , 0.33488468, 0.3336287 , 0.26414025,
       0.32981887, 0.39825275, 0.13450015, 0.30908626, 0.17710624,
       0.30093717, 0.15433254, 0.38723267, 0.28409846, 0.17403017,
       0.17026006, 0.23921252, 0.33184882, 0.31196746, 0.3406192 ,
       0.22961753, 0.37715774, 0.34115523, 0.24412466, 0.31387041,
       0.17375829, 0.25232361, 0.12149093, 0.14753556, 0.20324918,
       0.33634259, 0.25007101, 0.40050157, 0.27157081, 0.29368669,
       0.3251385 , 0.38832123, 0.07722911, 0.39534973, 0.32307359,
       0.16626387, 0.32649286, 0.33549656, 0.2848099 , 0.23886854,
       0.40198895, 0.33774249, 0.23991569, 0.35471388, 0.33879797,
       0.39125199, 0.21245381, 0.37447224, 0.38270522, 0.09015986,
       0.35326885, 0.10210818, 0.2260915 , 0.39576499, 0.3816639 ,
       0.31770801, 0.3308039 , 0.34157188, 0.27980467, 0.2436173 ,
       0.28057891, 0.36543239, 0.13473522]), 'delta_distances': array([0., 0., 0., 0., 0., 0., 0., 0., 0., 0., 0., 0., 0., 0., 0., 0., 0.,
       0., 0., 0., 0., 0., 0., 0., 0., 0., 0., 0., 0., 0., 0., 0., 0., 0.,
       0., 0., 0., 0., 0., 0., 0., 0., 0., 0., 0., 0., 0., 0., 0., 0., 0.,
       0., 0., 0., 0., 0., 0., 0., 0., 0., 0., 0., 0., 0., 0., 0., 0., 0.,
       0., 0., 0., 0., 0., 0., 0., 0., 0., 0., 0., 0., 0., 0., 0., 0., 0.,
       0., 0., 0., 0., 0., 0., 0., 0., 0., 0., 0., 0., 0., 0., 0., 0., 0.,
       0., 0., 0., 0., 0., 0., 0., 0., 0., 0., 0., 0., 0., 0., 0., 0., 0.,
       0., 0., 0., 0., 0., 0., 0., 0., 0., 0., 0., 0., 0., 0., 0., 0., 0.,
       0., 0., 0., 0., 0., 0., 0.]), 'locations': array([106, 110,  80,  34, 121,   2,  22,   7,  82,  38, 111,  38, 138,
       111, 128,  27,  45,  82,  86, 128,  74,  63,  91,  20,  91,  99,
         4, 123,  13,  94,  39, 113,  64,   1,  68,  80,  98,   5,   0,
        38, 138,  94, 109,  10, 126, 120,  77, 118,  48,  92,  12,  95,
       126,  35, 114,  35,   4,   4,  38, 123,  88,  31, 127, 125,  32,
        98,   6,  12, 125, 101,  99,  50,  70, 117,   5,  52,  63,   8,
        38,  75, 119,  86,  96, 120,  21,  13,  91, 122,  17, 106,   8,
        98, 100, 110, 113,  45,  34,   3, 136,  98, 126, 121,  67,  98,
       122,  80,  73,  58,  11, 116, 114,   7,  22,  12,   2,   9,  89,
        78, 120,  46,  79,  34,  86,  11,  99,   6,  51,  21,  45,  92,
        48,   2,  86,  32,  34,  85,  82,  63,  97, 126, 100,  24,  82])}, {'ts_index': 169, 'loc': 84, 'gap': 0.0665281025492305, 'distances': array([0.34194985, 0.17972905, 0.36297065, 0.37827198, 0.28565188,
       0.34450577, 0.24548362, 0.36549065, 0.34462237, 0.3779057 ,
       0.38027765, 0.37286387, 0.39673802, 0.3244339 , 0.31757877,
       0.31604806, 0.34175735, 0.4102544 , 0.39106581, 0.25288094,
       0.3653764 , 0.37239689, 0.3178053 , 0.32999227, 0.38873588,
       0.334846  , 0.25469469, 0.2967628 , 0.36088809, 0.33689685,
       0.31390506, 0.31272776, 0.10381336, 0.14558181, 0.2640852 ,
       0.29776212, 0.35355232, 0.24452682, 0.32358913, 0.35733435,
       0.36607192, 0.40270219, 0.34172162, 0.30400441, 0.23232212,
       0.40115074, 0.3299714 , 0.35137522, 0.40047146, 0.40189979,
       0.22255841, 0.30609011, 0.28842789, 0.28951218, 0.42293447,
       0.18012674, 0.36551203, 0.38670724, 0.32906231, 0.34838433,
       0.32002132, 0.42240429, 0.41017443, 0.39020189, 0.25418797,
       0.34714522, 0.36888057, 0.32779478, 0.34094358, 0.36987159,
       0.26772467, 0.37004834, 0.18516839, 0.38557874, 0.30282723,
       0.38806793, 0.38208387, 0.16586508, 0.13288194, 0.35336093,
       0.32220019, 0.37339457, 0.20212096, 0.37439624, 0.38197926,
       0.38304835, 0.        , 0.35937743, 0.33868044, 0.38638765,
       0.34296615, 0.25510195, 0.35853959, 0.32975532, 0.31664713,
       0.35658815, 0.40691242, 0.39333087, 0.36496366, 0.37492201,
       0.32231167, 0.27839064, 0.34671275, 0.36631435, 0.19750294,
       0.26398373, 0.13319053, 0.14873799, 0.3495829 , 0.36808725,
       0.20649143]), 'delta_distances': array([0., 0., 0., 0., 0., 0., 0., 0., 0., 0., 0., 0., 0., 0., 0., 0., 0.,
       0., 0., 0., 0., 0., 0., 0., 0., 0., 0., 0., 0., 0., 0., 0., 0., 0.,
       0., 0., 0., 0., 0., 0., 0., 0., 0., 0., 0., 0., 0., 0., 0., 0., 0.,
       0., 0., 0., 0., 0., 0., 0., 0., 0., 0., 0., 0., 0., 0., 0., 0., 0.,
       0., 0., 0., 0., 0., 0., 0., 0., 0., 0., 0., 0., 0., 0., 0., 0., 0.,
       0., 0., 0., 0., 0., 0., 0., 0., 0., 0., 0., 0., 0., 0., 0., 0., 0.,
       0., 0., 0., 0., 0., 0., 0., 0., 0.]), 'locations': array([ 47,  86,  83, 122,  99,  27,  97,  98,  78, 114,  53,  74, 106,
        39,  36,  43, 101,  12, 103,  11,  41, 114,  11,  75,  48,  79,
        89,  56,  99,  33,  50, 128,  38, 116,  39,   7,  38, 128,  32,
        59,  57,  41,  89, 114, 112,  68,  34,  86,  43, 100,  99,  48,
        87,  32,  33,  23,  51, 129,  73,  25,  68, 130,  31, 109,  47,
        72, 114,  66,  37,  55,  58, 114, 104,  48,  82,  56,  51, 100,
        66,  36,  38,  65,  77,  56,  47, 126,  84,  33,  68,  36,  14,
        27, 123,  73, 115,  36,   5,  90,  87,  77,  92,  82, 106,  70,
        39,  47,  89, 127,  13,  76, 110])}, {'ts_index': 34, 'loc': 31, 'gap': 0.06265843924965758, 'distances': array([0.18705408, 0.29561004, 0.27967681, 0.19823825, 0.28300753,
       0.23941052, 0.21879323, 0.33681377, 0.11294794, 0.19565238,
       0.27973518, 0.26562995, 0.30418906, 0.        , 0.2974395 ,
       0.2352033 , 0.19855892, 0.31154112, 0.35685967, 0.09535624,
       0.24013288, 0.10184743, 0.11836263, 0.23945364, 0.21749658,
       0.28782159, 0.19470413, 0.26990705, 0.16774876, 0.34515043,
       0.07861801, 0.25966107, 0.13902378, 0.16776265, 0.27076332,
       0.2238439 , 0.21997791, 0.20792119, 0.31816328, 0.22530198,
       0.16960082, 0.20677349, 0.22815431, 0.09338176, 0.11633475,
       0.15091056, 0.12641884, 0.25673783, 0.20584731, 0.21912247,
       0.28666845, 0.24505895, 0.2590396 , 0.22628255, 0.26711307,
       0.29881981, 0.10961567, 0.25341391, 0.28986762, 0.23334266,
       0.26409952, 0.24846113, 0.27070458, 0.27876554, 0.09313115,
       0.21619852, 0.32742772, 0.2114463 , 0.21722508, 0.25512927,
       0.24216025, 0.19337562, 0.23862245, 0.29574987, 0.21654715,
       0.35309566, 0.22726152, 0.25939484, 0.25422022, 0.30583564,
       0.25862424, 0.13416067, 0.22906534, 0.28657848, 0.24311411,
       0.22397916, 0.22015465, 0.08326488, 0.29740402, 0.15422474,
       0.23876663]), 'delta_distances': array([0., 0., 0., 0., 0., 0., 0., 0., 0., 0., 0., 0., 0., 0., 0., 0., 0.,
       0., 0., 0., 0., 0., 0., 0., 0., 0., 0., 0., 0., 0., 0., 0., 0., 0.,
       0., 0., 0., 0., 0., 0., 0., 0., 0., 0., 0., 0., 0., 0., 0., 0., 0.,
       0., 0., 0., 0., 0., 0., 0., 0., 0., 0., 0., 0., 0., 0., 0., 0., 0.,
       0., 0., 0., 0., 0., 0., 0., 0., 0., 0., 0., 0., 0., 0., 0., 0., 0.,
       0., 0., 0., 0., 0., 0.]), 'locations': array([118,  90, 119,  11, 101, 105,  66,  55,  83,  61,  57,  76, 105,
        31,  23,  94,  80,  34,  90,  89,  46,  73,  35, 123,  73,  30,
       117, 106,  28,  49,  63, 123,  34,  50,  37,  90,  70,  29,  90,
        89,  91, 131,  96,  94,  46,  51, 107,  30,  10,  88,  43,  89,
        41,  12, 112,  80,  13,  32,  92,  71,  32,  54,  14,  29,  90,
        87,  59,  27,  64,  48,  80, 103,  62,  77,  34,  53,  42, 106,
        91,  88,  14,  79, 108, 110, 106,  42,  54,  30, 102,  66,  56])}, {'ts_index': 72, 'loc': 9, 'gap': 0.05786498717698041, 'distances': array([0.235053  , 0.39980538, 0.33534782, 0.33297627, 0.3256641 ,
       0.09863936, 0.25294794, 0.18927498, 0.16141369, 0.28022645,
       0.3034759 , 0.31865108, 0.20012395, 0.2065977 , 0.24890031,
       0.32040079, 0.19592097, 0.16592464, 0.32631561, 0.354407  ,
       0.36742721, 0.3512677 , 0.39428999, 0.        , 0.24837353,
       0.34287449, 0.25287699, 0.26164162, 0.12424604, 0.16722362,
       0.12287255, 0.3841644 , 0.33062427, 0.39832845, 0.32598283,
       0.10866337, 0.23649135, 0.35044774, 0.35870694, 0.26299975,
       0.38120329, 0.2835913 , 0.42334451, 0.32362344, 0.28187778,
       0.33649467, 0.20089629, 0.24569021, 0.15467724, 0.35082479,
       0.30807979, 0.21702687, 0.3067064 , 0.30938344, 0.27046979,
       0.246201  , 0.36293424, 0.40386913, 0.15431692, 0.20944713,
       0.20531238, 0.29445776, 0.28444889, 0.14841978, 0.34998687,
       0.3301047 , 0.38158256, 0.29939721, 0.15388905, 0.22705687,
       0.40959964, 0.22431115, 0.22669899, 0.26640026]), 'delta_distances': array([0., 0., 0., 0., 0., 0., 0., 0., 0., 0., 0., 0., 0., 0., 0., 0., 0.,
       0., 0., 0., 0., 0., 0., 0., 0., 0., 0., 0., 0., 0., 0., 0., 0., 0.,
       0., 0., 0., 0., 0., 0., 0., 0., 0., 0., 0., 0., 0., 0., 0., 0., 0.,
       0., 0., 0., 0., 0., 0., 0., 0., 0., 0., 0., 0., 0., 0., 0., 0., 0.,
       0., 0., 0., 0., 0., 0.]), 'locations': array([115,  31,   5,  95,  65,  98,  86,  52, 119,  13,  30,   8, 110,
         7,  77,  32, 126,  84,  32,  68,  77,  52,  97,   9,  76,  83,
       124,  55, 121, 124,  19,  30,  53,  26,  30, 129,   4,   0,  24,
        61,  51, 120, 118, 100,  37,   8,  14,  86,  48,  82,  34,  36,
        28,  77, 106,   2,  42,  38,   3,   8,  14,  79,  48,  52, 110,
        99,  28,  22, 114,   7,  86, 115,  29,  49])}, {'ts_index': 10, 'loc': 68, 'gap': 0.057456810944981285, 'distances': array([0.33833368, 0.15385865, 0.3354008 , 0.        , 0.28267062,
       0.30624385, 0.37299198, 0.31656397, 0.23696192, 0.35391694,
       0.36177345, 0.37198967, 0.3669791 , 0.35428352, 0.28556366,
       0.17688975, 0.36432109, 0.10285519, 0.33405155, 0.3667629 ,
       0.36545854, 0.34582688, 0.28708507, 0.3582098 , 0.37137616,
       0.33175865, 0.26763338, 0.40758607, 0.31189875, 0.26371079,
       0.42101037, 0.30948404, 0.36893639, 0.39304345, 0.35996466,
       0.2754709 , 0.13815543, 0.34147866, 0.37726137, 0.33604126,
       0.3664878 , 0.37490991, 0.39295161, 0.34318778, 0.29903353,
       0.39043856, 0.36437137, 0.37020712, 0.21737124, 0.3207887 ,
       0.24895224, 0.29006466, 0.20096511, 0.38824901, 0.32105288,
       0.3289406 , 0.26964477, 0.35744371, 0.13077813, 0.37918589]), 'delta_distances': array([0., 0., 0., 0., 0., 0., 0., 0., 0., 0., 0., 0., 0., 0., 0., 0., 0.,
       0., 0., 0., 0., 0., 0., 0., 0., 0., 0., 0., 0., 0., 0., 0., 0., 0.,
       0., 0., 0., 0., 0., 0., 0., 0., 0., 0., 0., 0., 0., 0., 0., 0., 0.,
       0., 0., 0., 0., 0., 0., 0., 0., 0.]), 'locations': array([ 47,  83, 122,  68,  13, 129,  39,  12,  36,  69,  35,  73,  56,
        28,  82,  33,  85,  51,  32,  53, 109,  88,  49, 101,  82,  48,
       107,  24, 124,  31,   9, 109, 103, 114,   8,  55,  13,  83,  38,
        51, 101,  71,  66,  95,  63,  98,  85,  50, 127,  39,  73,  72,
       115,  64,  39, 103, 132, 106,  77, 103])}, {'ts_index': 158, 'loc': 73, 'gap': 0.07700555223321354, 'distances': array([0.4030204 , 0.31375743, 0.31889276, 0.29970085, 0.2658299 ,
       0.3162313 , 0.35571983, 0.27692884, 0.22304195, 0.15261172,
       0.29485608, 0.39999903, 0.37787833, 0.18125676, 0.18100111,
       0.34992484, 0.1301155 , 0.17976566, 0.24239268, 0.37796415,
       0.33044887, 0.28723588, 0.37085881, 0.36099609, 0.39883724,
       0.34660355, 0.36870563, 0.34118872, 0.15141563, 0.23242855,
       0.06339511, 0.30608348, 0.        , 0.41325749, 0.27131592,
       0.36768981, 0.33822203, 0.28192341, 0.16126791, 0.36936438,
       0.36942821, 0.27868078, 0.32562714, 0.35844369, 0.29106366,
       0.19915179, 0.36295852, 0.19434162]), 'delta_distances': array([0., 0., 0., 0., 0., 0., 0., 0., 0., 0., 0., 0., 0., 0., 0., 0., 0.,
       0., 0., 0., 0., 0., 0., 0., 0., 0., 0., 0., 0., 0., 0., 0., 0., 0.,
       0., 0., 0., 0., 0., 0., 0., 0., 0., 0., 0., 0., 0., 0.]), 'locations': array([ 80,  62,  65,  38,  52,  86,   5,  91,  88,  13,  98,  36,  52,
        12,   6,  45,  35, 127, 125,  32,  48,   0,  82,  77,  38, 122,
        47, 100,  38,  45, 136,  34,  73,  52,  11, 124,   7,  12,  56,
        71,  79,  11, 101,  77,  96,  86, 101, 100])}, {'ts_index': 159, 'loc': 11, 'gap': 0.05244849153847758, 'distances': array([0.25303941, 0.18379791, 0.30945993, 0.16469922, 0.25523886,
       0.14208227, 0.25230606, 0.14468267, 0.14348558, 0.2330098 ,
       0.14455662, 0.19125598, 0.27406376, 0.31318327, 0.15730147,
       0.2644629 , 0.28964361, 0.30685999, 0.24517168, 0.13142523,
       0.18448327, 0.29008474, 0.20590603, 0.27454944, 0.28523022,
       0.        , 0.08069215, 0.29919037, 0.21997174, 0.22172821,
       0.20978562, 0.10605398, 0.07393447, 0.22563927, 0.29897715,
       0.29282692, 0.30924848]), 'delta_distances': array([0., 0., 0., 0., 0., 0., 0., 0., 0., 0., 0., 0., 0., 0., 0., 0., 0.,
       0., 0., 0., 0., 0., 0., 0., 0., 0., 0., 0., 0., 0., 0., 0., 0., 0.,
       0., 0., 0.]), 'locations': array([118,  93, 105,  81, 114,  71,  57,  36, 130,  51,  60,  45, 111,
        39, 107,  47, 119,  70, 118,  65, 112, 112,  77,  80,  42,  11,
       129, 108,  48,  36,  81,  65, 112, 130, 138, 106, 137])}, {'ts_index': 99, 'loc': 83, 'gap': 0.07415958310229964, 'distances': array([0.17978277, 0.31086724, 0.3438998 , 0.12277779, 0.27243156,
       0.24136808, 0.36065237, 0.24470796, 0.40285628, 0.        ,
       0.18626679, 0.11488758, 0.18288368, 0.34926716, 0.32474444,
       0.24225329, 0.30933117, 0.36882116, 0.29594879, 0.2887773 ,
       0.39312821, 0.29983889, 0.29139676, 0.3245287 , 0.31151212,
       0.34199728]), 'delta_distances': array([0., 0., 0., 0., 0., 0., 0., 0., 0., 0., 0., 0., 0., 0., 0., 0., 0.,
       0., 0., 0., 0., 0., 0., 0., 0., 0.]), 'locations': array([ 74,  77, 118,  38, 128,  84,  85,  10, 137,  83,  72,  52,  35,
        36,  47, 112,  35,  92, 124,  30,  33, 122,  34,  50,   8, 101])}, {'ts_index': 140, 'loc': 66, 'gap': 0.07073982092701181, 'distances': array([0.46569085, 0.37967808, 0.35925635, 0.21595731, 0.33882349,
       0.21092659, 0.18397809, 0.27406755, 0.43856961, 0.        ,
       0.33514539, 0.35807625, 0.13100242, 0.32068147, 0.31343479,
       0.32827468, 0.3306027 , 0.36215006, 0.27524809, 0.35478512]), 'delta_distances': array([0., 0., 0., 0., 0., 0., 0., 0., 0., 0., 0., 0., 0., 0., 0., 0., 0.,
       0., 0., 0.]), 'locations': array([ 62, 119, 101,  20,  35, 106,  79,  55, 127,  66,  28,  56,  96,
        47,  60,  42,  49, 111,  59,  50])}, {'ts_index': 145, 'loc': 114, 'gap': 0.06537678074138178, 'distances': array([0.30180051, 0.15239028, 0.3379136 , 0.09599694, 0.243719  ,
       0.31501967, 0.        , 0.19030412, 0.2391387 , 0.13415176,
       0.26709854, 0.32331802, 0.22280274, 0.11954911, 0.22635607]), 'delta_distances': array([0., 0., 0., 0., 0., 0., 0., 0., 0., 0., 0., 0., 0., 0., 0.]), 'locations': array([108,  37,   5,  52,  30,  51, 114,  36,   7, 126,  36,  73,  44,
       104,  46])}, {'ts_index': 9, 'loc': 16, 'gap': 0.05573560663465105, 'distances': array([0.        , 0.24112094, 0.12557808, 0.28527096, 0.1372532 ,
       0.27414834, 0.2270752 , 0.20024016, 0.15281589, 0.10664552]), 'delta_distances': array([0., 0., 0., 0., 0., 0., 0., 0., 0., 0.]), 'locations': array([ 16,  56,  80,  68,  89,  27,  90, 128,  41,  13])}, {'ts_index': 177, 'loc': 63, 'gap': 0.15537378050544642, 'distances': array([0.18355332, 0.07047321, 0.31565456, 0.        , 0.32218174]), 'delta_distances': array([0., 0., 0., 0., 0.]), 'locations': array([ 10, 113,  99,  63,  84])}], 'clusters': array([ 1,  3,  3, 10,  1,  3,  4,  1,  7, 13,  7, 12,  4,  6,  9,  2,  1,
        2,  3,  3,  1,  6,  5,  6, 10,  9,  1,  2,  2,  7,  2,  1,  3,  2,
        5,  2,  3, 14,  1,  9,  9,  3,  4,  8,  6,  5,  6,  2,  1,  5,  5,
        4,  1,  3, 11,  1,  3,  1,  2,  3,  1,  1,  1,  9,  1,  7, 12,  7,
        3,  4,  4,  5,  6,  1,  5,  4,  8,  5,  8,  3, 11,  8,  1,  1,  3,
        6,  3,  4,  6,  6,  2,  2,  2,  2,  8, 11,  9,  4,  3, 10,  1,  1,
        5,  5,  3,  5,  1,  2,  4,  2,  3,  1,  5,  1,  3,  6,  7,  2,  1,
       10,  1, 10,  1,  2,  7, 10,  3,  9,  2,  1,  3,  4,  3, 13, 14,  1,
        3,  3,  1,  5, 11,  8,  7,  2,  1, 12,  1,  4,  6,  1,  8, 13,  3,
        5,  3,  3,  4,  4,  8,  9,  2,  9,  4, 11,  2,  2,  0,  3, 12,  4,
        1,  3,  8,  2,  6,  2,  2, 14,  7,  9,  7,  6,  2,  9,  7,  0,  5,
       13,  1,  6,  3, 12,  3,  2,  8,  2, 13,  2,  1,  5,  4,  7,  4,  2,
        4,  5,  8,  4,  1,  3]), 'time': 1775.8987352848053}
lenSubsequence: 6{'RI': 0.7900205058099795, 'num_clusters': 14, 'uShapelets': [{'ts_index': 202, 'loc': 53, 'gap': 0.05059473699842998, 'distances': array([0.30744111, 0.3004776 , 0.31329002, 0.24180083, 0.30418379,
       0.26338836, 0.26809955, 0.32725547, 0.32392609, 0.2932201 ,
       0.33514013, 0.31186923, 0.2860649 , 0.29523472, 0.30987836,
       0.33454825, 0.19009387, 0.32002522, 0.21504761, 0.26367171,
       0.13517324, 0.26243797, 0.27764316, 0.30634928, 0.33237391,
       0.32081626, 0.3662679 , 0.32858748, 0.29992706, 0.28740066,
       0.35331912, 0.32847513, 0.31870328, 0.27230637, 0.21612927,
       0.14860864, 0.31143878, 0.2767862 , 0.32841228, 0.31614847,
       0.31884701, 0.32615074, 0.28292571, 0.34075919, 0.12668324,
       0.32497081, 0.31019865, 0.28802691, 0.33172836, 0.31934904,
       0.21162745, 0.33196595, 0.3013534 , 0.20994101, 0.15944457,
       0.27119046, 0.32653275, 0.31434167, 0.2826276 , 0.25471444,
       0.32348321, 0.28504254, 0.22587663, 0.28761331, 0.13391343,
       0.26836015, 0.33776206, 0.30878579, 0.32486581, 0.25878827,
       0.34778051, 0.32828852, 0.18576984, 0.17804258, 0.31608504,
       0.22215151, 0.35559781, 0.34422952, 0.34274914, 0.28511883,
       0.34002967, 0.28534974, 0.2287417 , 0.19759286, 0.30823912,
       0.35010345, 0.34677966, 0.27960666, 0.30745974, 0.22132456,
       0.2802774 , 0.27872773, 0.14068187, 0.33607608, 0.29764434,
       0.25876151, 0.28670671, 0.32719494, 0.32897217, 0.34546451,
       0.21165378, 0.32310794, 0.3341152 , 0.34720135, 0.30349059,
       0.392152  , 0.27445186, 0.2379661 , 0.3032084 , 0.31787394,
       0.29119555, 0.30959602, 0.26511486, 0.21971661, 0.17178803,
       0.24094125, 0.33547202, 0.27531729, 0.31457556, 0.3117685 ,
       0.35573631, 0.28073348, 0.19312194, 0.23541585, 0.23510267,
       0.25425415, 0.29338324, 0.30540213, 0.30378006, 0.26716026,
       0.2492128 , 0.35380469, 0.33445629, 0.33906859, 0.34283694,
       0.29139707, 0.31032193, 0.15972896, 0.28742708, 0.21925807,
       0.21396939, 0.17155363, 0.30350369, 0.27055998, 0.2666989 ,
       0.28681066, 0.34765349, 0.31736519, 0.3299597 , 0.20774882,
       0.27608126, 0.14850749, 0.25559703, 0.1729496 , 0.33216087,
       0.30536772, 0.15173153, 0.32647115, 0.27542095, 0.28523594,
       0.3206932 , 0.31284476, 0.242339  , 0.25672637, 0.31002282,
       0.33514918, 0.21986911, 0.29301133, 0.34521101, 0.20280181,
       0.34491362, 0.33048338, 0.31806449, 0.29982351, 0.32459851,
       0.33681293, 0.30550574, 0.23053821, 0.32559193, 0.17795923,
       0.192818  , 0.35415954, 0.16630047, 0.31877262, 0.31657993,
       0.12846768, 0.31942423, 0.27855949, 0.32953657, 0.35126269,
       0.32817736, 0.31267028, 0.25077914, 0.26796977, 0.29554603,
       0.30027499, 0.25050292, 0.20912564, 0.31691536, 0.33247406,
       0.27324241, 0.27503095, 0.        , 0.27274338, 0.34112103,
       0.21643201, 0.31950534, 0.28933308, 0.33397976, 0.33848934]), 'delta_distances': array([0., 0., 0., 0., 0., 0., 0., 0., 0., 0., 0., 0., 0., 0., 0., 0., 0.,
       0., 0., 0., 0., 0., 0., 0., 0., 0., 0., 0., 0., 0., 0., 0., 0., 0.,
       0., 0., 0., 0., 0., 0., 0., 0., 0., 0., 0., 0., 0., 0., 0., 0., 0.,
       0., 0., 0., 0., 0., 0., 0., 0., 0., 0., 0., 0., 0., 0., 0., 0., 0.,
       0., 0., 0., 0., 0., 0., 0., 0., 0., 0., 0., 0., 0., 0., 0., 0., 0.,
       0., 0., 0., 0., 0., 0., 0., 0., 0., 0., 0., 0., 0., 0., 0., 0., 0.,
       0., 0., 0., 0., 0., 0., 0., 0., 0., 0., 0., 0., 0., 0., 0., 0., 0.,
       0., 0., 0., 0., 0., 0., 0., 0., 0., 0., 0., 0., 0., 0., 0., 0., 0.,
       0., 0., 0., 0., 0., 0., 0., 0., 0., 0., 0., 0., 0., 0., 0., 0., 0.,
       0., 0., 0., 0., 0., 0., 0., 0., 0., 0., 0., 0., 0., 0., 0., 0., 0.,
       0., 0., 0., 0., 0., 0., 0., 0., 0., 0., 0., 0., 0., 0., 0., 0., 0.,
       0., 0., 0., 0., 0., 0., 0., 0., 0., 0., 0., 0., 0., 0., 0., 0., 0.,
       0., 0., 0., 0., 0., 0.]), 'locations': array([ 75,  35,  61, 126,   4,  80,  68,  76,  49,  10,  32,  10,  52,
        35,  87,  77,  53,   5,  57,  48,  87, 106,  93,  36,   7, 120,
        27,  76,  90, 108,  35,   7,  37, 122,  63,  15,  67,  85,  92,
        12, 112,  98, 123,  88, 127,  81, 124,  87,  76, 110,   1,  27,
        38,  74,  33, 121,  33,  33,  53,  86, 127, 125,  77, 107,   0,
        64, 126, 113,  96,  71,   9,   1,  40,  87,  72, 107, 120,   4,
        12,  40, 109,  63,  47,  71,  27,   9, 113,  96,   1,  82,  19,
        60, 123,  34, 117,  96,   8, 123,  66, 101,   5,  36,   3,  11,
       103,  63,  37,  51,  95,  32, 125,   8, 121,  74,  52,  97, 111,
       123,  80, 111,  30,  28,  37, 110,  60, 116,  56,  63, 100,  75,
        21, 111, 132,  64, 121, 115,  39, 109,  70,  98,  57,  68,  76,
       127, 126,  28,  55,  47,  98,  80,  11,  36,  83, 121,  11,  55,
        30,  95,  16, 110,  52,  33, 132, 124,  36,  35,  23,  71,  75,
        67,  32, 122,  99,   7,   8,   9, 111, 122,  57, 116,  92,  86,
        29,  31,   6,  67,  10, 124,  52,  54,  61,  48,   2,  78, 126,
        70,  10,  78, 117, 126,  58, 113,  53, 123,  61,  72,  12,   5,
        91, 111])}, {'ts_index': 109, 'loc': 6, 'gap': 0.04813009254980738, 'distances': array([0.32822662, 0.32370647, 0.35702882, 0.32186063, 0.31614228,
       0.321437  , 0.33755527, 0.26455407, 0.22934248, 0.32156483,
       0.30893226, 0.3209777 , 0.336651  , 0.2919981 , 0.32725654,
       0.3459403 , 0.14791124, 0.27947252, 0.32789873, 0.31503653,
       0.32709513, 0.2949455 , 0.31449019, 0.30175608, 0.31947222,
       0.32886981, 0.25318613, 0.18023143, 0.2138212 , 0.30044387,
       0.33970637, 0.34819033, 0.32559246, 0.3244374 , 0.35437969,
       0.33809997, 0.28404969, 0.31516126, 0.31948117, 0.32737343,
       0.2865549 , 0.35166863, 0.35561582, 0.33302654, 0.33698449,
       0.34485901, 0.15739581, 0.13695473, 0.27417917, 0.16558491,
       0.30203071, 0.31293162, 0.23817511, 0.19030762, 0.28797086,
       0.32088819, 0.29996305, 0.33349111, 0.33305139, 0.35217623,
       0.17803573, 0.32475015, 0.16911643, 0.32733744, 0.28400699,
       0.31366273, 0.30366771, 0.12775204, 0.2253088 , 0.33826989,
       0.26404018, 0.31224508, 0.28475716, 0.36400797, 0.19897885,
       0.3340521 , 0.28698748, 0.25946414, 0.34367513, 0.27162598,
       0.21125119, 0.20287802, 0.35163961, 0.33681857, 0.36030475,
       0.22636068, 0.32325342, 0.27935659, 0.26932383, 0.31626156,
       0.3193759 , 0.32186257, 0.        , 0.28689724, 0.35227163,
       0.29385594, 0.3032446 , 0.33795001, 0.30898277, 0.34391953,
       0.26706587, 0.32469085, 0.33826067, 0.31108919, 0.3111393 ,
       0.33424496, 0.37081612, 0.26110902, 0.30454065, 0.26708419,
       0.29015182, 0.3298669 , 0.33996262, 0.34245271, 0.16805077,
       0.34552391, 0.30655628, 0.31447075, 0.33028959, 0.31649823,
       0.3146395 , 0.33616517, 0.28760683, 0.2711782 , 0.25201018,
       0.35748159, 0.33722986, 0.36879434, 0.33387901, 0.24449696,
       0.15836106, 0.28279198, 0.22549027, 0.20183352, 0.32069994,
       0.33640693, 0.32046634, 0.35020428, 0.31948617, 0.28906751,
       0.38622569, 0.22568022, 0.29844325, 0.35176841, 0.31009152,
       0.22832786, 0.2594468 , 0.25016416, 0.31929108, 0.32811562,
       0.38203144, 0.31067233, 0.31573288, 0.35852897, 0.32697852,
       0.26989992, 0.33381747, 0.33653964, 0.33987533, 0.2791848 ,
       0.31706965, 0.31033873, 0.31026866, 0.32942225, 0.24524343,
       0.32685934, 0.3401515 , 0.32594472, 0.1599057 , 0.31792359,
       0.36235416, 0.32632199, 0.34312349]), 'delta_distances': array([0., 0., 0., 0., 0., 0., 0., 0., 0., 0., 0., 0., 0., 0., 0., 0., 0.,
       0., 0., 0., 0., 0., 0., 0., 0., 0., 0., 0., 0., 0., 0., 0., 0., 0.,
       0., 0., 0., 0., 0., 0., 0., 0., 0., 0., 0., 0., 0., 0., 0., 0., 0.,
       0., 0., 0., 0., 0., 0., 0., 0., 0., 0., 0., 0., 0., 0., 0., 0., 0.,
       0., 0., 0., 0., 0., 0., 0., 0., 0., 0., 0., 0., 0., 0., 0., 0., 0.,
       0., 0., 0., 0., 0., 0., 0., 0., 0., 0., 0., 0., 0., 0., 0., 0., 0.,
       0., 0., 0., 0., 0., 0., 0., 0., 0., 0., 0., 0., 0., 0., 0., 0., 0.,
       0., 0., 0., 0., 0., 0., 0., 0., 0., 0., 0., 0., 0., 0., 0., 0., 0.,
       0., 0., 0., 0., 0., 0., 0., 0., 0., 0., 0., 0., 0., 0., 0., 0., 0.,
       0., 0., 0., 0., 0., 0., 0., 0., 0., 0., 0., 0., 0., 0., 0., 0., 0.,
       0., 0., 0.]), 'locations': array([ 48,  77, 114,  37,   4,  78,  50,  95,  99,   5,  35, 119,   6,
       116,  37,  77, 108,   8,  37,   5, 111, 106,  80,  46,  71, 113,
        78,  72,  10,   7,  50,  53,  97,   2,  31,  66,  44, 115, 124,
        60,  68, 114,  16, 117,  17, 124,  88,   9,  49,  97,  34,  35,
       100, 136, 113,  96,  52,  92,  66,  27, 120,  76,  59,  74,  56,
       124, 113,  74,  98,   2,  19, 111, 122,   6,  68,  78,  98, 126,
         3,  37, 112, 114,  27,  89,  73, 110,  18,  31,  61,  85,  67,
        18,   6, 121,  16, 100,  85,  91,  34,  48,  31, 101,  28, 101,
       119,  15,   9,  52,  40,   3,  37, 111,  60, 122, 100, 115,   0,
        34, 123, 125,  51,  27,  30,  38, 113,  48,  63, 114,  99,  99,
        28,  56, 113,   9,  25, 117,  36,   6,   4,  33, 107, 111,   5,
        51, 106,   8,  42,  26,   9,  52,  25, 107,  84,  20, 126,  17,
        33,  72,  10,   1, 127, 126,  64,  63,  92,   9,   8,   5, 125,
        44,  32,  91,  51])}, {'ts_index': 91, 'loc': 58, 'gap': 0.03670399513791667, 'distances': array([0.22310595, 0.13612414, 0.18000718, 0.16333165, 0.26421854,
       0.07762815, 0.12600285, 0.24801596, 0.14690115, 0.16646594,
       0.25057009, 0.23315119, 0.09068543, 0.22866994, 0.29359016,
       0.25315154, 0.23059481, 0.22751449, 0.22500229, 0.21692652,
       0.23614754, 0.2352331 , 0.21927551, 0.23908666, 0.24139242,
       0.24542957, 0.18682666, 0.20450758, 0.23855226, 0.15185224,
       0.22944272, 0.22907575, 0.27962968, 0.21308287, 0.16303864,
       0.25283747, 0.25491374, 0.05258556, 0.16681796, 0.22826732,
       0.26636755, 0.21672162, 0.26370861, 0.25863668, 0.21070357,
       0.20766592, 0.25265198, 0.228587  , 0.21487556, 0.21965378,
       0.24805673, 0.2656215 , 0.11822542, 0.17123716, 0.25627163,
       0.27189733, 0.23657712, 0.25622781, 0.19508515, 0.2366107 ,
       0.25850852, 0.        , 0.23903458, 0.25009907, 0.23039443,
       0.27786146, 0.25406351, 0.2583117 , 0.24708703, 0.24003426,
       0.20973214, 0.20828151, 0.22605534, 0.19258599, 0.24834103,
       0.27918751, 0.27731953, 0.17663978, 0.19768025, 0.20898085,
       0.19486735, 0.23901202, 0.267745  , 0.28416644, 0.24993458,
       0.23370471, 0.22483947, 0.18025371, 0.21634439, 0.22185753,
       0.1483637 , 0.15652016, 0.2665893 , 0.15209421, 0.12454967,
       0.27069991, 0.21381539, 0.237573  , 0.2531684 , 0.13116361,
       0.18202297, 0.20658724, 0.21395611, 0.11363832, 0.1345548 ,
       0.24637117, 0.21438734, 0.19669365, 0.17459656, 0.25365138,
       0.19972568, 0.27232962, 0.26105894, 0.12978306, 0.19870166,
       0.20191638, 0.23687439, 0.2816771 , 0.15797846, 0.20499998,
       0.27397719, 0.11315808, 0.18135648, 0.20821069, 0.22132022,
       0.19037634, 0.26625061, 0.18934044, 0.24836412, 0.21795823,
       0.1426655 , 0.22148339, 0.14860679, 0.28006415, 0.19862528,
       0.25182973, 0.20498685, 0.29056773, 0.21964017, 0.24176221,
       0.16056157, 0.21197272, 0.22736244]), 'delta_distances': array([0., 0., 0., 0., 0., 0., 0., 0., 0., 0., 0., 0., 0., 0., 0., 0., 0.,
       0., 0., 0., 0., 0., 0., 0., 0., 0., 0., 0., 0., 0., 0., 0., 0., 0.,
       0., 0., 0., 0., 0., 0., 0., 0., 0., 0., 0., 0., 0., 0., 0., 0., 0.,
       0., 0., 0., 0., 0., 0., 0., 0., 0., 0., 0., 0., 0., 0., 0., 0., 0.,
       0., 0., 0., 0., 0., 0., 0., 0., 0., 0., 0., 0., 0., 0., 0., 0., 0.,
       0., 0., 0., 0., 0., 0., 0., 0., 0., 0., 0., 0., 0., 0., 0., 0., 0.,
       0., 0., 0., 0., 0., 0., 0., 0., 0., 0., 0., 0., 0., 0., 0., 0., 0.,
       0., 0., 0., 0., 0., 0., 0., 0., 0., 0., 0., 0., 0., 0., 0., 0., 0.,
       0., 0., 0., 0., 0., 0., 0.]), 'locations': array([118,  86,  65,  31, 118,   5,  91,  23,   8, 102,  11,  65,  33,
       123,  59,  61, 123, 115,  78,  84, 130,  12, 110,  85, 126, 115,
         8, 123, 124,  33,  35,  47, 104, 113,  58,  96,  56,  88, 115,
        41,  21, 117, 123,  47,  17, 132, 122, 136,  28,  89, 110,  47,
        24,  32,  84,  13,  55, 128,  36, 120, 137,  58, 137,   2,  13,
        79,  43,  86, 109, 135,  76, 126, 120,  32,  85, 107,  79,   6,
       117,  38,  40, 105,  18, 120,  65,   5,  10,  90, 107,  75,   0,
        59,  11,  12,  65,  38,  16,  32,  23,  96,  16, 107, 137,  10,
        97,  58, 122,  56,  96,  21,  74, 134,  64,  43,  31,  33,  59,
        27,  62,  85,  20, 103,  13,  72,  12,  10,  19, 107,  64, 135,
        92,   6,  73,  52,  99, 115, 136,  60, 115,  36,  10, 116, 119])}, {'ts_index': 43, 'loc': 88, 'gap': 0.03295769092211287, 'distances': array([0.3048635 , 0.38189827, 0.3528264 , 0.26630665, 0.30301643,
       0.1960165 , 0.16507697, 0.36398838, 0.33199624, 0.25563908,
       0.3567537 , 0.24177487, 0.3387516 , 0.26469595, 0.2911108 ,
       0.21969134, 0.20008669, 0.16725818, 0.23167393, 0.38641758,
       0.26164343, 0.21875126, 0.26862015, 0.26501597, 0.31661789,
       0.        , 0.38081867, 0.25562704, 0.26611642, 0.29070672,
       0.27895332, 0.25240183, 0.33772564, 0.32498514, 0.20148913,
       0.28664661, 0.1853176 , 0.33122162, 0.29572077, 0.33425273,
       0.22831722, 0.18611243, 0.27138007, 0.25119727, 0.2637037 ,
       0.27581845, 0.30213072, 0.20788547, 0.30480135, 0.24063273,
       0.17222017, 0.30629859, 0.17566222, 0.30576421, 0.2159636 ,
       0.26168103, 0.3537945 , 0.28955327, 0.27861373, 0.22302297,
       0.20574849, 0.19159038, 0.31258456, 0.33588471, 0.34569837,
       0.32128485, 0.31397559, 0.2966747 , 0.32056521, 0.28550598,
       0.36444871, 0.32365365, 0.26716041, 0.1908683 , 0.32588216,
       0.30124974, 0.21258032, 0.26575124, 0.2673338 , 0.32271077,
       0.25373858, 0.33401569, 0.30259563, 0.33285989, 0.26155999,
       0.16641415, 0.23793311, 0.31135325, 0.3218308 , 0.22639809,
       0.33022999, 0.16195893, 0.29960743, 0.33732564, 0.29794379,
       0.25400068, 0.24084799, 0.35602004, 0.31162172, 0.26816788,
       0.28514391, 0.22021602, 0.29232338, 0.26553276, 0.3457737 ,
       0.31901807, 0.14894058, 0.35216225, 0.19030844, 0.3253914 ,
       0.30880443, 0.25013873, 0.25385939, 0.27725464, 0.36037469,
       0.18346202, 0.28165552, 0.22508665]), 'delta_distances': array([0., 0., 0., 0., 0., 0., 0., 0., 0., 0., 0., 0., 0., 0., 0., 0., 0.,
       0., 0., 0., 0., 0., 0., 0., 0., 0., 0., 0., 0., 0., 0., 0., 0., 0.,
       0., 0., 0., 0., 0., 0., 0., 0., 0., 0., 0., 0., 0., 0., 0., 0., 0.,
       0., 0., 0., 0., 0., 0., 0., 0., 0., 0., 0., 0., 0., 0., 0., 0., 0.,
       0., 0., 0., 0., 0., 0., 0., 0., 0., 0., 0., 0., 0., 0., 0., 0., 0.,
       0., 0., 0., 0., 0., 0., 0., 0., 0., 0., 0., 0., 0., 0., 0., 0., 0.,
       0., 0., 0., 0., 0., 0., 0., 0., 0., 0., 0., 0., 0., 0., 0., 0.]), 'locations': array([ 48,  61,   4,  26,  63, 126,  87,   9,  48, 106,   5,  36,   7,
       120,  27,  71,  53,  37, 122,  15,   5,   2,   1,  98, 123,  88,
       124, 125, 117,  17,  61,  32,  86,  37,   0,  49, 126,  92,  75,
        27,  77,  74,  99,  61,  79, 119,  86, 113, 123,  33,  34,  28,
       101,  98,  30,  36,  85,  53,  54,  84,  25,  79,  89,  35,  55,
        52, 122,  11,  66,  23, 101,  28, 101,   1,   0, 105, 100, 119,
        51,  85, 106,  97, 113, 126,  27, 126,  13, 100,   8, 110, 123,
         7,  28,  91,  75,  32, 100,  64,  53,  56,  31,  35,  84,  12,
        10,  82,  51,  51,  62,  84, 121, 117,  28,  29, 123, 123,   0,
       127])}, {'ts_index': 159, 'loc': 88, 'gap': 0.042876912912440196, 'distances': array([0.2375312 , 0.25637749, 0.11651533, 0.25605536, 0.09667984,
       0.22183128, 0.17506288, 0.27269054, 0.26238687, 0.27465276,
       0.28263585, 0.28754421, 0.21388021, 0.29718155, 0.13244303,
       0.25932197, 0.26750178, 0.22914355, 0.28506469, 0.2822886 ,
       0.14686993, 0.28428938, 0.27683351, 0.23479009, 0.26620043,
       0.27521272, 0.27021157, 0.2281037 , 0.21460094, 0.27994132,
       0.28430849, 0.07326121, 0.27333664, 0.21277748, 0.25277095,
       0.2064771 , 0.25030298, 0.22527845, 0.26938451, 0.17819038,
       0.26461381, 0.20948456, 0.25807305, 0.22391075, 0.16402631,
       0.23736618, 0.15362077, 0.25226459, 0.27185349, 0.23657241,
       0.24643913, 0.26184253, 0.28741767, 0.18555435, 0.29315086,
       0.30087168, 0.27503422, 0.2716273 , 0.25449162, 0.25279778,
       0.26708692, 0.2847145 , 0.20075304, 0.26509402, 0.16585113,
       0.24264236, 0.2868724 , 0.18920345, 0.24173198, 0.22389241,
       0.28151758, 0.28066014, 0.        , 0.24637851, 0.17102666,
       0.28054256, 0.16499871, 0.30634962, 0.21959749, 0.22589517,
       0.26040944, 0.24567201, 0.12878504, 0.2512469 , 0.24434478,
       0.28336631, 0.30374108, 0.23423004, 0.16698815, 0.30607857,
       0.25525711, 0.30668306, 0.27598062, 0.16816202, 0.23160503,
       0.22800557, 0.24754507]), 'delta_distances': array([0., 0., 0., 0., 0., 0., 0., 0., 0., 0., 0., 0., 0., 0., 0., 0., 0.,
       0., 0., 0., 0., 0., 0., 0., 0., 0., 0., 0., 0., 0., 0., 0., 0., 0.,
       0., 0., 0., 0., 0., 0., 0., 0., 0., 0., 0., 0., 0., 0., 0., 0., 0.,
       0., 0., 0., 0., 0., 0., 0., 0., 0., 0., 0., 0., 0., 0., 0., 0., 0.,
       0., 0., 0., 0., 0., 0., 0., 0., 0., 0., 0., 0., 0., 0., 0., 0., 0.,
       0., 0., 0., 0., 0., 0., 0., 0., 0., 0., 0., 0.]), 'locations': array([ 98,  13,  82, 105,  74,  63,  93,  56, 101,  27,   0, 115,  75,
        44,  84,  94,  23,  12,   0,  93,   8,  59,  52,  93,  74,  28,
         7,  13,  62,  43,  56,  67, 110,  47,  41,  83,  44,  53,  26,
       109,  72,  31,  68, 123,  44,  43,  55,  59, 104,  13, 103,  95,
        68,  30,  86, 117,   0,  48,  69, 123,  75,  59,  35,  65,  36,
        41,  81,  67,  96, 112,  46,  72,  88,  86,  85,  38,  80,  63,
        92,  74,  88, 128,  33, 119,  64,  60,  36,  37, 106,  99,  51,
       131,  42,  84,  28,   6,  65])}, {'ts_index': 23, 'loc': 138, 'gap': 0.0335156711031708, 'distances': array([0.16454106, 0.19372841, 0.18593529, 0.20185147, 0.20282847,
       0.2393926 , 0.190747  , 0.14935314, 0.24003643, 0.20696928,
       0.17582487, 0.21812368, 0.20419417, 0.19409051, 0.24941489,
       0.21541459, 0.21930766, 0.25916367, 0.24792219, 0.18579134,
       0.18481839, 0.19730928, 0.21728347, 0.18992584, 0.24849096,
       0.20063377, 0.13244262, 0.2334647 , 0.25960498, 0.23006388,
       0.26495141, 0.16576564, 0.24393418, 0.19454899, 0.24144325,
       0.12887301, 0.23927729, 0.24112291, 0.19515452, 0.23180841,
       0.2762844 , 0.14215552, 0.24192488, 0.17782179, 0.19435397,
       0.23570096, 0.19572511, 0.23312119, 0.22542242, 0.15304434,
       0.13152489, 0.0951576 , 0.21097534, 0.1918419 , 0.19973569,
       0.2652145 , 0.26466043, 0.21609109, 0.24827435, 0.17453811,
       0.19173866, 0.1842992 , 0.11420823, 0.22318144, 0.23922076,
       0.25803033, 0.18838386, 0.27205194, 0.18290374, 0.16196946,
       0.15664273, 0.23621913, 0.23271352, 0.13393596, 0.22452076,
       0.24955765, 0.12131585, 0.21241068, 0.14646306]), 'delta_distances': array([0., 0., 0., 0., 0., 0., 0., 0., 0., 0., 0., 0., 0., 0., 0., 0., 0.,
       0., 0., 0., 0., 0., 0., 0., 0., 0., 0., 0., 0., 0., 0., 0., 0., 0.,
       0., 0., 0., 0., 0., 0., 0., 0., 0., 0., 0., 0., 0., 0., 0., 0., 0.,
       0., 0., 0., 0., 0., 0., 0., 0., 0., 0., 0., 0., 0., 0., 0., 0., 0.,
       0., 0., 0., 0., 0., 0., 0., 0., 0., 0., 0.]), 'locations': array([134,  17, 133,  50, 110,  39,  22,  31,  52,   2,  23,  30, 106,
         3,  85, 120,   2,  28,   3, 120,  17,  21,   5,  17,   2,  27,
       134, 123,  64,  73,  22, 102,  87,  24, 111, 131,   8,   0,  13,
       114,  42,  72,  23,  22, 114, 122, 113,  23, 131,  23,   1,  19,
       115, 129,   6,  26,  92, 134,  75,  23, 135,   7,  21,  34, 137,
         7,  79,   3, 132, 135, 137,   3,  57, 133, 123,  22,  20, 108,
        42])}, {'ts_index': 37, 'loc': 4, 'gap': 0.03262981160579298, 'distances': array([0.29867957, 0.15305926, 0.22632202, 0.21058951, 0.22088725,
       0.19466945, 0.23812065, 0.26755124, 0.25751406, 0.23858992,
       0.        , 0.24609699, 0.17385516, 0.16868767, 0.28124886,
       0.27111884, 0.24619689, 0.28102626, 0.19223795, 0.26157065,
       0.12227963, 0.20454229, 0.24359155, 0.24888527, 0.13485658,
       0.23326309, 0.18150088, 0.29121358, 0.17690602, 0.27553166,
       0.22549946, 0.17893958, 0.2728482 , 0.18685091, 0.12926502,
       0.28807414, 0.25554138, 0.32016188, 0.2848401 , 0.227667  ,
       0.15518085, 0.25924509, 0.26313714, 0.19686042, 0.19289898,
       0.28170352, 0.15679672, 0.28567186, 0.25796336, 0.15941969,
       0.26266166, 0.12721926, 0.24846719, 0.1138179 , 0.29540763,
       0.2212017 , 0.21207845, 0.29782821, 0.229941  , 0.23089299,
       0.2051102 , 0.23744423, 0.27842286, 0.28165025]), 'delta_distances': array([0., 0., 0., 0., 0., 0., 0., 0., 0., 0., 0., 0., 0., 0., 0., 0., 0.,
       0., 0., 0., 0., 0., 0., 0., 0., 0., 0., 0., 0., 0., 0., 0., 0., 0.,
       0., 0., 0., 0., 0., 0., 0., 0., 0., 0., 0., 0., 0., 0., 0., 0., 0.,
       0., 0., 0., 0., 0., 0., 0., 0., 0., 0., 0., 0., 0.]), 'locations': array([ 31,  79,  93, 104,  76,   4,  30,  98, 114,  36,   4,  87, 127,
       121,  64,  19, 136,  80, 118, 116,  56, 105,  31,   9,  25,  28,
       112,  48,  11,  49, 109, 119,  88,  48,  48,  22, 137,  79,  92,
        49,  48,  98,  78,  60, 123, 112,  57,  44,  77,  56, 129,   9,
       105,  79, 113,  33,  81,  17, 134,  48,  17,  32,  30,  59])}, {'ts_index': 46, 'loc': 35, 'gap': 0.030424278303858077, 'distances': array([0.25793069, 0.22522541, 0.30996463, 0.32335169, 0.20880395,
       0.28606537, 0.2848244 , 0.2673049 , 0.34372104, 0.33540603,
       0.        , 0.2889931 , 0.23533649, 0.29324997, 0.26949647,
       0.13854049, 0.29345352, 0.34781738, 0.29084375, 0.26205909,
       0.30288906, 0.28822891, 0.29541869, 0.2688222 , 0.32591972,
       0.26927699, 0.24596905, 0.30588437, 0.26376087, 0.28590677,
       0.25452896, 0.31607776, 0.13163286, 0.3147033 , 0.27167647,
       0.2815756 , 0.29446515, 0.30798452, 0.29233866, 0.20698385,
       0.13144679, 0.22327743, 0.23861953, 0.16600928, 0.25830472,
       0.26727951, 0.21402973, 0.31442496, 0.29414284, 0.27061879,
       0.35925618, 0.3641778 ]), 'delta_distances': array([0., 0., 0., 0., 0., 0., 0., 0., 0., 0., 0., 0., 0., 0., 0., 0., 0.,
       0., 0., 0., 0., 0., 0., 0., 0., 0., 0., 0., 0., 0., 0., 0., 0., 0.,
       0., 0., 0., 0., 0., 0., 0., 0., 0., 0., 0., 0., 0., 0., 0., 0., 0.,
       0.]), 'locations': array([ 37,  55,  33,   5, 121, 125,  87, 112,  67,  64,  35, 114,  28,
        27, 124,  59,  35,  96, 113,  12,  40, 115,  37,  11,  28,  37,
        53,  98,   8,  38,  70,  80,  96, 112,  28,  77, 115,   3, 128,
       115,  55,   8,   7,  34,   3, 107,  10,   4,  95,  43,  78,   3])}, {'ts_index': 36, 'loc': 3, 'gap': 0.028967382376424294, 'distances': array([0.19131206, 0.21629255, 0.24209551, 0.25551617, 0.17975142,
       0.16549352, 0.        , 0.18645257, 0.14362075, 0.15363337,
       0.17280163, 0.17569355, 0.07710025, 0.17393044, 0.2553962 ,
       0.17390039, 0.20823514, 0.15827471, 0.21898993, 0.22062033,
       0.2043547 , 0.21393348, 0.2593075 , 0.19769272, 0.13770087,
       0.23161476, 0.20976866, 0.2135953 , 0.20050089, 0.13280607,
       0.17928251, 0.12541869, 0.21349577, 0.20680898, 0.20152438,
       0.23160655, 0.18502548, 0.10316666, 0.17831365, 0.12338665,
       0.08236909, 0.18782226]), 'delta_distances': array([0., 0., 0., 0., 0., 0., 0., 0., 0., 0., 0., 0., 0., 0., 0., 0., 0.,
       0., 0., 0., 0., 0., 0., 0., 0., 0., 0., 0., 0., 0., 0., 0., 0., 0.,
       0., 0., 0., 0., 0., 0., 0., 0.]), 'locations': array([117,  15,  97, 114,  25,   5,   3,  21,  26,   5, 118,   2,  20,
        56, 116,   3,  58,  48, 130,  42,  36,  15,  44,  86,   4,  53,
         6,  73,  19,  23, 122, 131, 126,  22,  48, 117,   1,   2, 104,
         2,   7, 123])}, {'ts_index': 118, 'loc': 136, 'gap': 0.028984179785962988, 'distances': array([0.13479073, 0.2599973 , 0.2075212 , 0.23663355, 0.15373691,
       0.15919315, 0.25913649, 0.22114263, 0.15438836, 0.12678677,
       0.20384012, 0.22847704, 0.24619185, 0.2227014 , 0.25200694,
       0.20918417, 0.22762177, 0.1580852 , 0.26261305, 0.18368246,
       0.26045473, 0.27097122, 0.24659828, 0.        , 0.22788614,
       0.22435583, 0.23606338, 0.24049196, 0.23414885, 0.20611892,
       0.19496456, 0.23048277, 0.2093859 ]), 'delta_distances': array([0., 0., 0., 0., 0., 0., 0., 0., 0., 0., 0., 0., 0., 0., 0., 0., 0.,
       0., 0., 0., 0., 0., 0., 0., 0., 0., 0., 0., 0., 0., 0., 0., 0.]), 'locations': array([  3,  42, 105, 135, 127,  26,  32, 104,  10,  99,  47, 118,  14,
        44,  98,  48,  40, 132, 130, 131,  87,  59, 129, 136,  18,   1,
        22,  84,   4,  17, 131,   8, 122])}, {'ts_index': 106, 'loc': 52, 'gap': 0.03196658798413671, 'distances': array([0.24261496, 0.23371622, 0.13293952, 0.17794109, 0.12919267,
       0.20339013, 0.19558733, 0.14781306, 0.17738757, 0.16103488,
       0.26579909, 0.10915556, 0.22383069, 0.24261968, 0.        ,
       0.10171995, 0.25682074, 0.18207299, 0.23879463, 0.23369072,
       0.14001765, 0.17355698, 0.22775455, 0.27564943, 0.23157154,
       0.23536539]), 'delta_distances': array([0., 0., 0., 0., 0., 0., 0., 0., 0., 0., 0., 0., 0., 0., 0., 0., 0.,
       0., 0., 0., 0., 0., 0., 0., 0., 0.]), 'locations': array([ 91, 125,  16, 115,  10,  57,   7,  26, 121,  23,  30,   4,  22,
        43,  52,  86, 116,  32, 119,  26, 121,   4,  44,  46, 109, 114])}, {'ts_index': 22, 'loc': 38, 'gap': 0.04434884086276286, 'distances': array([0.20228513, 0.        , 0.33860901, 0.16378965, 0.32185134,
       0.31796602, 0.36196951, 0.336988  , 0.34278975, 0.28940361,
       0.28607502, 0.34681458]), 'delta_distances': array([0., 0., 0., 0., 0., 0., 0., 0., 0., 0., 0., 0.]), 'locations': array([ 95,  38,  54,  47,   8, 101,  10,  27,  46, 133,  78,  28])}, {'ts_index': 178, 'loc': 38, 'gap': 0.04565562820985131, 'distances': array([0.23425659, 0.31867997, 0.29749875, 0.29202597, 0.28872957,
       0.        , 0.30775579, 0.19257983]), 'delta_distances': array([0., 0., 0., 0., 0., 0., 0., 0.]), 'locations': array([ 79,  54,  54, 112, 102,  38,  84,  81])}, {'ts_index': 116, 'loc': 95, 'gap': 0.07425022053412125, 'distances': array([0.27931328, 0.        , 0.26746194, 0.26923545, 0.19253411]), 'delta_distances': array([0., 0., 0., 0., 0.]), 'locations': array([ 4, 95, 98, 69, 86])}], 'clusters': array([ 6,  3, 10,  3,  5,  3,  3,  7,  2,  3,  3,  5,  4,  3,  4,  8,  1,
        2,  1,  5,  1, 12, 12,  8,  6, 11, 10, 10,  4,  2,  2,  2,  4,  5,
        1,  1,  9,  7, 11,  3,  7,  7,  5,  4,  1,  3,  8,  9,  3, 11,  1,
       10, 10,  1,  1,  2,  2,  8,  2,  7,  9,  2,  2,  4,  1, 11,  4, 11,
        5,  6,  2,  7,  1,  1,  2,  1,  4,  3, 11, 11,  2,  2, 11,  1,  6,
       13,  4,  5,  2,  1, 11,  3,  1,  4, 10,  4,  2,  2,  6,  4,  1, 12,
        2,  5,  0,  5, 11,  4,  4,  2,  7,  9,  6,  1,  1, 11, 14,  5, 10,
        8,  7, 11,  1,  9,  4,  6,  6,  4,  6,  3,  3,  0,  3,  3,  2,  9,
        5,  1,  0,  1,  1,  1,  7,  3,  5, 11,  4,  3,  2,  1,  3,  1,  8,
        1,  7,  8,  1,  2,  2,  5,  2,  2,  7,  4,  5,  8,  1,  3,  5,  1,
        6,  2,  7, 11,  3,  2,  8,  2, 13,  1,  1,  3,  1,  5, 14,  1,  8,
        6,  6,  9,  4,  5,  3,  4,  3, 12,  6,  1,  9,  2,  9,  5,  1,  6,
        2,  1,  4,  3, 13,  6]), 'time': 1919.6297380924225}
lenSubsequence: 7{'RI': 0.5943495101389838, 'num_clusters': 5, 'uShapelets': [{'ts_index': 21, 'loc': 137, 'gap': 0.02391784089864643, 'distances': array([0.22579454, 0.19402145, 0.22708742, 0.18139494, 0.21651563,
       0.19968551, 0.24563205, 0.1823583 , 0.22216001, 0.2236599 ,
       0.175331  , 0.19135088, 0.20629491, 0.14559239, 0.17684979,
       0.25815572, 0.19918652, 0.21854417, 0.17344844, 0.17412411,
       0.18889824, 0.13194812, 0.20933079, 0.22551912, 0.16842913,
       0.14961914, 0.23610283, 0.22706584, 0.17239906, 0.2678564 ,
       0.22774989, 0.22261738, 0.23807832, 0.1739026 , 0.19821354,
       0.14245845, 0.17830571, 0.20943114, 0.19451678, 0.15793072,
       0.25126977, 0.21784158, 0.23247453, 0.22310026, 0.20320875,
       0.22148998, 0.19578152, 0.14977552, 0.15284662, 0.16578557,
       0.22407212, 0.14764564, 0.20876033, 0.17766227, 0.22164251,
       0.20254431, 0.20452633, 0.23277991, 0.20924737, 0.22240329,
       0.22314664, 0.21651295, 0.19191926, 0.19785894, 0.15998186,
       0.21225563, 0.23789763, 0.2132641 , 0.14281309, 0.16656544,
       0.1918982 , 0.17403049, 0.19205846, 0.13222307, 0.15069681,
       0.19657169, 0.20223483, 0.2254281 , 0.20253897, 0.20915919,
       0.11642491, 0.19777549, 0.223701  , 0.20297573, 0.20207027,
       0.23146641, 0.20201547, 0.19142842, 0.21206911, 0.2399026 ,
       0.17789898, 0.18442128, 0.22030619, 0.1960991 , 0.14402283,
       0.18737749, 0.20839291, 0.22586784, 0.19841557, 0.22911507,
       0.18831461, 0.22222183, 0.16920199, 0.20814183, 0.21039136,
       0.12485976, 0.15125096, 0.17268469, 0.15614957, 0.2062364 ,
       0.21835109, 0.17885811, 0.18823383, 0.13021193, 0.19364228,
       0.2092904 , 0.22800248, 0.22530719, 0.18207242, 0.20949679,
       0.25019146, 0.19556116, 0.13782503, 0.19882948, 0.18953811,
       0.22416085, 0.16087243, 0.19636531, 0.20321106, 0.22168913,
       0.19516168, 0.19048752, 0.22254218, 0.16090975, 0.14550411,
       0.22218626, 0.1549293 , 0.16023628, 0.19127591, 0.21576706,
       0.21138314, 0.19470503, 0.21560998, 0.19728145, 0.21643541,
       0.22269064, 0.15742036, 0.18690875, 0.19261253, 0.17617319,
       0.20674671, 0.2185079 , 0.20423174, 0.18685939, 0.21502464,
       0.20582921, 0.18984977, 0.21582792, 0.20069631, 0.21412082,
       0.20908597, 0.222349  , 0.20806392, 0.17495374, 0.18293808,
       0.18247064, 0.13779325, 0.21262766, 0.21334545, 0.1947641 ,
       0.22867045, 0.16899385, 0.13035158, 0.20301668, 0.20135579,
       0.20971348, 0.18787148, 0.21158233, 0.22522849, 0.20006067,
       0.20997679, 0.18069793, 0.24706817, 0.24199983, 0.23902692,
       0.20085287, 0.19628554, 0.19279161, 0.2359245 , 0.16910502,
       0.17285258, 0.20889165, 0.19081797, 0.22097441, 0.16445481,
       0.22232201, 0.1919526 , 0.1835685 , 0.21938934, 0.20964332,
       0.20043268, 0.22627588, 0.19420357, 0.20576592, 0.15013402,
       0.20011749, 0.21398895, 0.26350567, 0.1691027 , 0.12645414]), 'delta_distances': array([0., 0., 0., 0., 0., 0., 0., 0., 0., 0., 0., 0., 0., 0., 0., 0., 0.,
       0., 0., 0., 0., 0., 0., 0., 0., 0., 0., 0., 0., 0., 0., 0., 0., 0.,
       0., 0., 0., 0., 0., 0., 0., 0., 0., 0., 0., 0., 0., 0., 0., 0., 0.,
       0., 0., 0., 0., 0., 0., 0., 0., 0., 0., 0., 0., 0., 0., 0., 0., 0.,
       0., 0., 0., 0., 0., 0., 0., 0., 0., 0., 0., 0., 0., 0., 0., 0., 0.,
       0., 0., 0., 0., 0., 0., 0., 0., 0., 0., 0., 0., 0., 0., 0., 0., 0.,
       0., 0., 0., 0., 0., 0., 0., 0., 0., 0., 0., 0., 0., 0., 0., 0., 0.,
       0., 0., 0., 0., 0., 0., 0., 0., 0., 0., 0., 0., 0., 0., 0., 0., 0.,
       0., 0., 0., 0., 0., 0., 0., 0., 0., 0., 0., 0., 0., 0., 0., 0., 0.,
       0., 0., 0., 0., 0., 0., 0., 0., 0., 0., 0., 0., 0., 0., 0., 0., 0.,
       0., 0., 0., 0., 0., 0., 0., 0., 0., 0., 0., 0., 0., 0., 0., 0., 0.,
       0., 0., 0., 0., 0., 0., 0., 0., 0., 0., 0., 0., 0., 0., 0., 0., 0.,
       0., 0., 0., 0., 0., 0.]), 'locations': array([133,  82,  73,  65, 132, 124,  15,  75,  95,  39, 136,  22,  68,
        56,  55,  14,  55,  44,  26,  43,  33, 117,  23,  57,  23, 134,
        42, 132,  27, 117,  71,  32,  14,  39, 106, 131,  48,  93,  93,
       113,  86, 131, 117,  22,  49,  19, 130,  17,  68, 133, 135,  59,
        99,   3,  55,  84, 135,  15,  17,  82,  11, 113,  55, 103,   8,
        91, 132,  98, 134,  42,  39, 131,  89,  71,   5,  19,  65, 114,
        95, 135, 130, 100,  68,  68, 106, 116, 105,  82, 136,   4,  88,
        28, 122, 117,  33,  18, 124, 115, 127,  22,  63, 114, 119, 121,
        85,  17, 117,  16, 129, 126,  21,  46,  46, 134, 130, 133,  14,
       133,  25, 135,  54,  87,  46, 117,  57,  12,  99, 132,  19, 104,
       133, 134, 134, 129, 133, 110,  69,  58,  84, 119, 129,  56,  39,
        85,  20,  96, 115, 129,  31,  14,  15,   1,  17,  66, 104,  18,
       134,  23,  23, 110, 107,  43, 118, 109,  15,  39,  41,  91,  56,
       136, 108, 114, 115,  22,  22,   2, 118, 132, 110, 128,  94,  92,
        89,   5,  16,  46,  93,  29, 118,  27,  21,   4,  79,  57,  97,
        15,  18,  43, 115,  71,  26,  13,  39,  94, 114, 109,  94, 104,
         6,  45])}, {'ts_index': 174, 'loc': 39, 'gap': 0.02457714466145322, 'distances': array([0.14251241, 0.24288648, 0.26155598, 0.15032241, 0.16748729,
       0.1808705 , 0.13385115, 0.2007923 , 0.18026436, 0.20043016,
       0.20202406, 0.23958483, 0.23534319, 0.27354921, 0.2118592 ,
       0.24959442, 0.23227358, 0.1487387 , 0.22176347, 0.26268654,
       0.22838533, 0.21849752, 0.18650449, 0.21741814, 0.2262913 ,
       0.25850457, 0.25954931, 0.20889555, 0.14210812, 0.2022804 ,
       0.22176647, 0.2378713 , 0.2177164 , 0.23937695, 0.25178972,
       0.17488578, 0.2007493 , 0.09207087, 0.13259176, 0.16688922,
       0.17414003, 0.17453686, 0.19066386, 0.22010087, 0.23171782,
       0.24877275, 0.21427696, 0.12943718, 0.14064576, 0.25550574,
       0.24606456, 0.22021014, 0.2380588 , 0.21969821, 0.20131777,
       0.21164016, 0.23653995, 0.27753741, 0.20952213, 0.19805508,
       0.24646794, 0.23007402, 0.24470528, 0.21466571, 0.15322708,
       0.22133016, 0.2078611 , 0.21797663, 0.20314501, 0.23588687,
       0.22889234, 0.23736874, 0.21873639, 0.17384009, 0.24762283,
       0.24775199, 0.25163746, 0.18302519, 0.20624298, 0.19341906,
       0.18984641, 0.2453488 , 0.23650858, 0.18997842, 0.24366859,
       0.21731842, 0.24553543, 0.27355807, 0.19898646, 0.27385589,
       0.1606778 , 0.25192455, 0.21373771, 0.23383473, 0.1479982 ,
       0.22234208, 0.24257112, 0.19622175, 0.15963713, 0.20383086,
       0.20452265, 0.13963513, 0.20024287, 0.2840681 , 0.23345281,
       0.21785511, 0.20585085, 0.15607315, 0.16289423, 0.24510902,
       0.200247  , 0.24812835, 0.13229047, 0.26490182, 0.27023037,
       0.17405852, 0.25041376, 0.24100389, 0.26382955, 0.26918009,
       0.21643227, 0.17932782, 0.24821139, 0.1972878 , 0.19521927,
       0.23752513, 0.17351378, 0.1985699 , 0.21855876, 0.2553301 ,
       0.25548571, 0.26184035, 0.23722914, 0.22809021, 0.24290242,
       0.22804716, 0.16908015, 0.22212712, 0.21991588, 0.19041836,
       0.24712713, 0.19948043, 0.        , 0.23260253, 0.22559899,
       0.20639861, 0.18689033, 0.24787043, 0.22264303, 0.21902162,
       0.26972428, 0.22913637, 0.23681243, 0.19754408, 0.23452818,
       0.17101028, 0.1354321 , 0.21475525, 0.21781166, 0.22755718,
       0.15010831, 0.22444978, 0.19951779, 0.22246824, 0.23019116,
       0.12150341, 0.2291905 , 0.17079139, 0.13147001, 0.18688234,
       0.22623917, 0.1486907 , 0.23229969]), 'delta_distances': array([0., 0., 0., 0., 0., 0., 0., 0., 0., 0., 0., 0., 0., 0., 0., 0., 0.,
       0., 0., 0., 0., 0., 0., 0., 0., 0., 0., 0., 0., 0., 0., 0., 0., 0.,
       0., 0., 0., 0., 0., 0., 0., 0., 0., 0., 0., 0., 0., 0., 0., 0., 0.,
       0., 0., 0., 0., 0., 0., 0., 0., 0., 0., 0., 0., 0., 0., 0., 0., 0.,
       0., 0., 0., 0., 0., 0., 0., 0., 0., 0., 0., 0., 0., 0., 0., 0., 0.,
       0., 0., 0., 0., 0., 0., 0., 0., 0., 0., 0., 0., 0., 0., 0., 0., 0.,
       0., 0., 0., 0., 0., 0., 0., 0., 0., 0., 0., 0., 0., 0., 0., 0., 0.,
       0., 0., 0., 0., 0., 0., 0., 0., 0., 0., 0., 0., 0., 0., 0., 0., 0.,
       0., 0., 0., 0., 0., 0., 0., 0., 0., 0., 0., 0., 0., 0., 0., 0., 0.,
       0., 0., 0., 0., 0., 0., 0., 0., 0., 0., 0., 0., 0., 0., 0., 0., 0.,
       0., 0., 0.]), 'locations': array([102, 110, 116,  69,  94,  27,  37,  25,  79,  92,  52,  48,  96,
        23, 126,  88, 113,  52,  92,  75,  60, 125,  30,  90, 125,  12,
        32,  10, 128,  50,  30,  12,  23,  75,  23, 102,  78,  41, 128,
       109, 100,   9,  74,  14,  42, 130,  51,  69,  26,  88, 101,  10,
        92,  35,  63, 133,  77,  34, 127,  69, 101, 122,  92,  26,  63,
       126,  74,  35,  42, 128,  83,  80, 126,  61, 120,  95, 134, 129,
        57, 129,  43,  54,  31,  45,  12,  12,  78, 135,  42,  68,  11,
       132,  76,  25,   8,  57,  95,   9, 102,  68, 108, 123,  29, 104,
        39,  97,  54,  91,  79, 128, 126,  70, 106,  33, 109,  45, 101,
        73,  89,  82,  36,  37,  81,   8,  72,  90, 125, 121,  56,  43,
        65,   5,  78,  24,  90,  43,  65,  58, 118,  37,  15,  50,  39,
       103,  69,  62,  83, 135, 120, 124, 104,  12, 104,  91,  91,  79,
       127,  53,  55,  55, 103,  39,  70,  81,  81,   9,  27,  95,  12,
       103,  33,  71, 104])}, {'ts_index': 149, 'loc': 63, 'gap': 0.02030735374109205, 'distances': array([0.15880111, 0.14842612, 0.13528973, 0.11726483, 0.14964315,
       0.14265213, 0.11544433, 0.15804492, 0.13305556, 0.13514132,
       0.17706048, 0.15912655, 0.22238349, 0.12860925, 0.23030098,
       0.15909887, 0.14099401, 0.17538559, 0.13994066, 0.17134374,
       0.15731746, 0.19066532, 0.1237238 , 0.16285035, 0.17488628,
       0.1320347 , 0.16728545, 0.20366749, 0.12211138, 0.224819  ,
       0.18257453, 0.19391565, 0.16474759, 0.2130649 , 0.15846756,
       0.16141192, 0.1728782 , 0.12463434, 0.15825868, 0.211536  ,
       0.15250564, 0.14338162, 0.1383849 , 0.17955071, 0.23155373,
       0.15551535, 0.12705431, 0.14638072, 0.20345734, 0.16995725,
       0.17380863, 0.21320712, 0.13215597, 0.21293853, 0.1783251 ,
       0.20530133, 0.16352582, 0.18945495, 0.17513921, 0.12362167,
       0.18799234, 0.18691976, 0.18458201, 0.1613727 , 0.19101949,
       0.19059827, 0.16334223, 0.21787084, 0.13179902, 0.23870214,
       0.19084191, 0.13508876, 0.11929891, 0.1572615 , 0.14369756,
       0.14505545, 0.19008093, 0.18926973, 0.25367942, 0.15286003,
       0.16620261, 0.22195783, 0.16625414, 0.2167412 , 0.13592712,
       0.17273765, 0.12818863, 0.17445255, 0.20340815, 0.20623071,
       0.17113894, 0.17365868, 0.18945921, 0.16496161, 0.13184964,
       0.17001126, 0.12309172, 0.11602368, 0.16297949, 0.15502766,
       0.        , 0.19947227, 0.18261582, 0.19351501, 0.16306581,
       0.19958843, 0.19663725, 0.17676383, 0.16877635, 0.10980429,
       0.21550985, 0.19596027, 0.14761059, 0.22034985, 0.20605789,
       0.13576276, 0.14578846, 0.16767884, 0.15822781, 0.15912468,
       0.1887591 , 0.18102876, 0.13010385, 0.13698942, 0.1109015 ,
       0.14701365, 0.21119138, 0.20477255, 0.21205039, 0.20575847,
       0.15559588, 0.10119553, 0.13666801, 0.19230872, 0.12271461,
       0.15797624, 0.1830369 , 0.17065016, 0.15699829, 0.10060954,
       0.13486493, 0.14105381, 0.17551816]), 'delta_distances': array([0., 0., 0., 0., 0., 0., 0., 0., 0., 0., 0., 0., 0., 0., 0., 0., 0.,
       0., 0., 0., 0., 0., 0., 0., 0., 0., 0., 0., 0., 0., 0., 0., 0., 0.,
       0., 0., 0., 0., 0., 0., 0., 0., 0., 0., 0., 0., 0., 0., 0., 0., 0.,
       0., 0., 0., 0., 0., 0., 0., 0., 0., 0., 0., 0., 0., 0., 0., 0., 0.,
       0., 0., 0., 0., 0., 0., 0., 0., 0., 0., 0., 0., 0., 0., 0., 0., 0.,
       0., 0., 0., 0., 0., 0., 0., 0., 0., 0., 0., 0., 0., 0., 0., 0., 0.,
       0., 0., 0., 0., 0., 0., 0., 0., 0., 0., 0., 0., 0., 0., 0., 0., 0.,
       0., 0., 0., 0., 0., 0., 0., 0., 0., 0., 0., 0., 0., 0., 0., 0., 0.,
       0., 0., 0., 0., 0., 0., 0.]), 'locations': array([134, 103,  95, 133,  17, 106, 135,  23, 103,  37, 103,  22,  24,
        21,  89,  28, 135,  22, 107,  82, 121, 122, 119,  55,  63,   5,
         1,  75,  20,   6, 116,  58,  53, 122,  69, 136,  76,  21, 119,
       120,  71,  81,  55, 123,  15,   1,  21,  44,  81, 132, 122,  98,
       117, 128, 134, 111,   2,  88,  19,   7,  71, 111,  22, 110,  56,
         4,  76,  84,   7, 131,  64,   6,  90, 109,  27, 118,  71, 123,
         5, 120,   0, 135,  81, 119,  58, 130, 129,  45,  73, 121,  20,
       126,  21,  17,  55,  65,  12, 134,   6, 132,  63,  37,  73, 116,
       119, 115, 121,  56,  25, 117,   5,  35,  24,  70,  20,   6,  30,
       107, 124,  50, 109, 107, 116, 116, 135, 120, 124,  68, 120,   5,
       116, 136, 119,  46,  47,  58,  24,  95, 114,  29,   2,  33, 134])}, {'ts_index': 121, 'loc': 77, 'gap': 0.012192233705569072, 'distances': array([0.13546286, 0.19477179, 0.21208411, 0.18748504, 0.19107513,
       0.12007728, 0.19763179, 0.20431302, 0.17759441, 0.22170607,
       0.18433008, 0.14723353, 0.25546299, 0.22949099, 0.15476108,
       0.        , 0.23167692, 0.23169043, 0.16008595, 0.18984421,
       0.18124559, 0.24516098, 0.21175501, 0.24392927, 0.1573421 ]), 'delta_distances': array([0., 0., 0., 0., 0., 0., 0., 0., 0., 0., 0., 0., 0., 0., 0., 0., 0.,
       0., 0., 0., 0., 0., 0., 0., 0.]), 'locations': array([ 30, 130,  29, 117, 132,  57,  11,   9,   7,  53,  28, 121, 132,
        58, 136,  77,  73,  24,  33, 122, 120,  90, 127,   0, 131])}, {'ts_index': 129, 'loc': 102, 'gap': 0.016405503834810542, 'distances': array([0.31695851, 0.2355138 , 0.        , 0.31122777, 0.2819711 ,
       0.32183666]), 'delta_distances': array([0., 0., 0., 0., 0., 0.]), 'locations': array([ 52,  88, 102,  71, 126,   9])}], 'clusters': array([2, 3, 3, 2, 2, 3, 2, 3, 3, 3, 3, 3, 3, 1, 3, 3, 3, 4, 2, 3, 4, 1,
       3, 3, 1, 1, 3, 3, 3, 3, 3, 3, 2, 3, 3, 1, 3, 3, 4, 1, 3, 4, 3, 2,
       2, 2, 3, 1, 1, 1, 3, 1, 4, 3, 3, 3, 3, 2, 2, 3, 4, 3, 3, 3, 1, 3,
       4, 3, 1, 1, 3, 3, 4, 1, 1, 3, 3, 4, 3, 2, 1, 4, 3, 4, 3, 3, 3, 3,
       3, 2, 3, 3, 3, 3, 1, 3, 3, 4, 3, 0, 3, 3, 1, 3, 3, 1, 1, 3, 1, 3,
       3, 2, 3, 1, 5, 3, 2, 3, 4, 3, 2, 4, 1, 3, 2, 3, 1, 3, 3, 5, 0, 2,
       2, 1, 1, 3, 1, 1, 3, 3, 2, 3, 3, 3, 3, 3, 1, 3, 3, 3, 3, 3, 3, 3,
       3, 2, 3, 3, 3, 3, 4, 3, 3, 4, 4, 2, 1, 3, 3, 3, 3, 1, 1, 3, 2, 3,
       3, 3, 3, 3, 3, 5, 4, 0, 4, 3, 3, 2, 2, 1, 3, 3, 3, 2, 1, 3, 3, 3,
       3, 2, 3, 2, 2, 3, 1, 3, 2, 3, 1, 1]), 'time': 1412.5664865970612}
lenSubsequence: 8{'RI': 0.3567099567099567, 'num_clusters': 4, 'uShapelets': [{'ts_index': 44, 'loc': 57, 'gap': 0.02380189865742236, 'distances': array([0.05290403, 0.02207736, 0.03016897, 0.06176359, 0.04655759,
       0.08120207, 0.02539964, 0.09184836, 0.07579547, 0.04580877,
       0.05926634, 0.04292132, 0.11155977, 0.07288011, 0.02857965,
       0.01842222, 0.07295072, 0.00836724, 0.03716676, 0.06103432,
       0.03968812, 0.04260819, 0.04753672, 0.02065046, 0.0067818 ,
       0.03379645, 0.10649978, 0.01670648, 0.07253385, 0.06654404,
       0.05694653, 0.08326632, 0.07432947, 0.01856245, 0.06020003,
       0.04861343, 0.1060862 , 0.05284791, 0.05120225, 0.07749164,
       0.05287525, 0.01645747, 0.02708858, 0.03716364, 0.        ,
       0.01305444, 0.057498  , 0.01630301, 0.0100709 , 0.07512156,
       0.05094352, 0.01645415, 0.08724663, 0.05711785, 0.02458659,
       0.02796598, 0.07045897, 0.06155767, 0.07008467, 0.04428413,
       0.04545354, 0.0982002 , 0.03339945, 0.09003454, 0.10918414,
       0.00994995, 0.02002534, 0.02453451, 0.02610234, 0.03855634,
       0.03464969, 0.01049417, 0.01435803, 0.11910711, 0.01566352,
       0.06010326, 0.01700721, 0.01386309, 0.03768398, 0.04993802,
       0.04962321, 0.04909428, 0.06268726, 0.06931144, 0.03669851,
       0.08390147, 0.01397683, 0.02291949, 0.02959023, 0.01354831,
       0.0254329 , 0.04130213, 0.02082794, 0.00977108, 0.04689544,
       0.00533741, 0.06312922, 0.03597285, 0.11546038, 0.02458037,
       0.01995092, 0.07677395, 0.01315018, 0.00772283, 0.02430896,
       0.02846478, 0.02509737, 0.02120182, 0.04448351, 0.02990118,
       0.00883771, 0.05791082, 0.04467616, 0.04857089, 0.03360078,
       0.02690447, 0.02031549, 0.01668622, 0.03015983, 0.01801962,
       0.05299469, 0.02268302, 0.01280091, 0.06763062, 0.12250656,
       0.04994002, 0.02115921, 0.03801997, 0.13660977, 0.01250192,
       0.03850026, 0.0430698 , 0.02220109, 0.03135811, 0.04183372,
       0.02666931, 0.02691425, 0.03144718, 0.1179667 , 0.09919618,
       0.10072067, 0.04700501, 0.06507743, 0.05305694, 0.07131832,
       0.0827513 , 0.02911214, 0.05582559, 0.02668599, 0.01869958,
       0.04845538, 0.0923862 , 0.04551238, 0.04452488, 0.05646593,
       0.09627068, 0.03457859, 0.07503472, 0.09008592, 0.13499461,
       0.04795433, 0.02219457, 0.04372995, 0.03306456, 0.04645368,
       0.05862295, 0.07793528, 0.0390686 , 0.05215254, 0.12525989,
       0.03731098, 0.02654101, 0.03044831, 0.03831727, 0.02331556,
       0.06089585, 0.02605344, 0.01689327, 0.04984824, 0.02708561,
       0.01349834, 0.04780737, 0.01717357, 0.0209756 , 0.07133619,
       0.03727987, 0.03914985, 0.03840267, 0.05907084, 0.02796933,
       0.04798534, 0.06807504, 0.01860165, 0.04309476, 0.06370703,
       0.05016897, 0.01781298, 0.10071721, 0.03721118, 0.02088852,
       0.02235121, 0.05528696, 0.01809413, 0.03462979, 0.02924752,
       0.08075125, 0.03634847, 0.0302697 , 0.0275152 , 0.03907929]), 'delta_distances': array([0., 0., 0., 0., 0., 0., 0., 0., 0., 0., 0., 0., 0., 0., 0., 0., 0.,
       0., 0., 0., 0., 0., 0., 0., 0., 0., 0., 0., 0., 0., 0., 0., 0., 0.,
       0., 0., 0., 0., 0., 0., 0., 0., 0., 0., 0., 0., 0., 0., 0., 0., 0.,
       0., 0., 0., 0., 0., 0., 0., 0., 0., 0., 0., 0., 0., 0., 0., 0., 0.,
       0., 0., 0., 0., 0., 0., 0., 0., 0., 0., 0., 0., 0., 0., 0., 0., 0.,
       0., 0., 0., 0., 0., 0., 0., 0., 0., 0., 0., 0., 0., 0., 0., 0., 0.,
       0., 0., 0., 0., 0., 0., 0., 0., 0., 0., 0., 0., 0., 0., 0., 0., 0.,
       0., 0., 0., 0., 0., 0., 0., 0., 0., 0., 0., 0., 0., 0., 0., 0., 0.,
       0., 0., 0., 0., 0., 0., 0., 0., 0., 0., 0., 0., 0., 0., 0., 0., 0.,
       0., 0., 0., 0., 0., 0., 0., 0., 0., 0., 0., 0., 0., 0., 0., 0., 0.,
       0., 0., 0., 0., 0., 0., 0., 0., 0., 0., 0., 0., 0., 0., 0., 0., 0.,
       0., 0., 0., 0., 0., 0., 0., 0., 0., 0., 0., 0., 0., 0., 0., 0., 0.,
       0., 0., 0., 0., 0., 0.]), 'locations': array([ 64,  40,  56,  69,  40,  84,  52, 102,  90,  64,  63,  58,  79,
        72,  91, 104,  82,  27,  91,  91,  99,  24,  88,  40,  60,  89,
        39,  41,  59,  58,  36,  95,  40,  92,  44,  28,  37, 102,  35,
        71, 102,  39,  49,  58,  57, 103,  63,  88,  43,  86,  67,  84,
        52, 132,  58,  44,  41,  76,  43,  98, 104, 124,  67,  75,  37,
        91,  43, 100, 104,  28,  77,  71,  13,  81,  89,  51,  43,  90,
        62,  66, 101,  50,  49, 104,  87,  53,  76,  91,  10,  41,  14,
        55,  40, 101,  90, 102,  92,  85, 121,  31,  40,  68, 102,  13,
       103,  28, 106,  43,  54,  87,  42,  46, 105, 102,  61, 105, 102,
        77,  13,  67,  23,  97, 103,  42, 106,  46,  70,  89,  48,  58,
         6,  38, 127,  86,  79,  80,  44,  74,  38,  97,   7,   8,  76,
        38,  61,  35,  70,  15,  66,  13, 104,  58,  97,  88,  52,  72,
        68,  36,  28,  43,  12,  12,  27,  38,  54,  65,  78,  83, 104,
        73, 102,  44,  84,  59,  63,  23, 102, 105,  96,  41,  68, 107,
        55,  65,  57,  39,  72,  86,  81, 108,  98,  35, 104,  49,  26,
         4,  37,  53, 112,  64, 124, 108,  58,  56, 106,  48,  81,  42,
        39,  55])}, {'ts_index': 31, 'loc': 99, 'gap': 0.028976999632051553, 'distances': array([0.1109147 , 0.11470227, 0.07912309, 0.10471432, 0.13150545,
       0.10758432, 0.06683252, 0.13623795, 0.        , 0.12150806,
       0.09773873, 0.09701825, 0.06945895, 0.10396528, 0.09449812,
       0.11450404, 0.11412512, 0.07388932, 0.13770666, 0.11954818,
       0.06719042, 0.02571293, 0.13825829, 0.07492423, 0.13715146,
       0.05020827, 0.0293223 , 0.03056898, 0.06064129, 0.06965168,
       0.02202896, 0.15453148, 0.03950705, 0.06996995, 0.0992192 ,
       0.09354762]), 'delta_distances': array([0., 0., 0., 0., 0., 0., 0., 0., 0., 0., 0., 0., 0., 0., 0., 0., 0.,
       0., 0., 0., 0., 0., 0., 0., 0., 0., 0., 0., 0., 0., 0., 0., 0., 0.,
       0., 0.]), 'locations': array([108, 100,  85,  57,  39,  66,  85,  91,  99,  62,  13, 100,  56,
        72,  52, 127, 107,  50,  74,  52,  69,  74,  80,  50,  35,   8,
        99,  88,  90,  50,  36,  14, 102,  98, 108,  56])}, {'ts_index': 5, 'loc': 36, 'gap': 0.019423907564739024, 'distances': array([0.        , 0.08476054, 0.06390074, 0.11487784, 0.05502965,
       0.09957243, 0.1288195 , 0.11455079, 0.02870598, 0.07485344,
       0.05278323, 0.11295295, 0.14345474, 0.06524718, 0.12578377,
       0.10913984, 0.10577523, 0.09180487, 0.06625569, 0.08825198,
       0.07724268, 0.09641038, 0.09364177, 0.10627484, 0.066795  ,
       0.1315085 , 0.04540008, 0.14129389]), 'delta_distances': array([0., 0., 0., 0., 0., 0., 0., 0., 0., 0., 0., 0., 0., 0., 0., 0., 0.,
       0., 0., 0., 0., 0., 0., 0., 0., 0., 0., 0.]), 'locations': array([ 36,  38,  70, 114,  38, 109,  48,  16,  22,  22,  98,  21,  87,
        27,  83, 101,  95,  67,  50,  45, 104,  49,  40,  33,  68, 126,
        85,  58])}, {'ts_index': 26, 'loc': 105, 'gap': 0.03226626514133569, 'distances': array([0.        , 0.05595388, 0.06622204, 0.00930388, 0.02749854]), 'delta_distances': array([0., 0., 0., 0., 0.]), 'locations': array([105,  34,   8,  84,  12])}], 'clusters': array([1, 1, 1, 1, 1, 3, 1, 3, 3, 1, 1, 1, 3, 3, 1, 1, 3, 1, 1, 1, 1, 1,
       1, 1, 1, 1, 4, 1, 3, 1, 1, 2, 3, 1, 1, 1, 3, 1, 1, 3, 1, 1, 1, 1,
       1, 1, 1, 1, 1, 3, 1, 1, 0, 1, 1, 1, 1, 1, 1, 1, 1, 3, 1, 0, 3, 1,
       1, 1, 1, 1, 1, 1, 1, 3, 1, 1, 1, 1, 1, 1, 1, 1, 1, 1, 1, 3, 1, 1,
       1, 1, 1, 1, 1, 1, 1, 1, 1, 1, 3, 1, 1, 3, 1, 1, 1, 1, 1, 1, 1, 1,
       1, 1, 1, 1, 1, 1, 1, 1, 1, 1, 1, 1, 1, 1, 2, 1, 1, 1, 3, 1, 1, 1,
       1, 1, 1, 1, 1, 1, 3, 3, 2, 1, 1, 1, 1, 2, 1, 1, 1, 1, 1, 2, 1, 1,
       1, 2, 1, 3, 2, 3, 1, 1, 1, 1, 1, 1, 2, 1, 1, 4, 1, 1, 1, 1, 1, 1,
       1, 1, 1, 1, 1, 1, 1, 1, 1, 1, 1, 1, 1, 1, 1, 1, 1, 1, 1, 1, 1, 3,
       1, 1, 1, 1, 1, 1, 1, 4, 1, 1, 1, 1]), 'time': 791.5764472484589}
