lenSubsequence: 13{'RI': 0.7542211055276382, 'num_clusters': 6, 'uShapelets': [{'ts_index': 90, 'loc': 427, 'gap': 0.05265783590645533, 'distances': array([0.10083051, 0.09869434, 0.12115203, 0.12932257, 0.13258405,
       0.12929471, 0.12066755, 0.06404304, 0.14815166, 0.13616214,
       0.10699642, 0.09315688, 0.14387879, 0.08066129, 0.11664746,
       0.13408825, 0.13419043, 0.12995045, 0.12515723, 0.143602  ,
       0.14289173, 0.12985343, 0.14266712, 0.14757956, 0.12237781,
       0.10654861, 0.13286902, 0.11980484, 0.10960186, 0.11605317,
       0.1405833 , 0.13367143, 0.12083156, 0.11618615, 0.12383937,
       0.13154724, 0.12715702, 0.13331074, 0.11590131, 0.06867017,
       0.11377911, 0.13108007, 0.11907191, 0.12945396, 0.14954946,
       0.09495992, 0.12071233, 0.09386345, 0.0791459 , 0.11727318,
       0.12498485, 0.13324254, 0.13512035, 0.1305784 , 0.11669666,
       0.10816489, 0.13026363, 0.08980389, 0.12764571, 0.12531759,
       0.11225024, 0.1226556 , 0.13665103, 0.100117  , 0.14218002,
       0.11516773, 0.12717665, 0.11324968, 0.14496568, 0.14260085,
       0.14005653, 0.12816827, 0.12769203, 0.13088066, 0.11463913,
       0.1348777 , 0.12826514, 0.11943889, 0.14051594, 0.0964507 ,
       0.08226535, 0.12308422, 0.12050226, 0.11514237, 0.13486269,
       0.12931015, 0.10149531, 0.10587527, 0.10634477, 0.11693103,
       0.        , 0.11542229, 0.02839916, 0.11176083, 0.10007423,
       0.10390147, 0.02514869, 0.09269503, 0.05385638, 0.11602162,
       0.13390159, 0.03306959, 0.0899045 , 0.12930549, 0.03552049,
       0.04163417, 0.11441044, 0.10074472, 0.10394528, 0.06916097,
       0.02304803, 0.06786376, 0.11633254, 0.07700834, 0.12443484,
       0.03162731, 0.06638973, 0.12420738, 0.03011138, 0.05598646,
       0.04616705, 0.024357  , 0.02572541, 0.03278712, 0.0233534 ,
       0.08206435, 0.03917246, 0.03255274, 0.03283486, 0.13287285,
       0.02786606, 0.04648116, 0.12123025, 0.12399501, 0.01635284,
       0.03813776, 0.03253666, 0.11981124, 0.1239601 , 0.01646293,
       0.02992685, 0.02606387, 0.13310493, 0.11191655, 0.02806998,
       0.09652867, 0.10970823, 0.02495048, 0.09024878, 0.12768673,
       0.10085772, 0.02652242, 0.06843108, 0.11064235, 0.02500356,
       0.10400162, 0.02763086, 0.01056172, 0.03155304, 0.03489902,
       0.07492437, 0.0451831 , 0.08612784, 0.02741858, 0.05121999,
       0.10527451, 0.02928601, 0.03394204, 0.01871933, 0.04868607,
       0.14053162, 0.02829574, 0.03714779, 0.12687053, 0.08576978,
       0.14388188, 0.04601951, 0.04011193, 0.03687737, 0.08924693,
       0.10115592, 0.15651206, 0.11329456, 0.13058328, 0.10685808,
       0.13881598, 0.12853198, 0.09164751, 0.14218234, 0.06998464,
       0.13093932, 0.12183935, 0.06050936, 0.02774031, 0.12018515,
       0.12220971, 0.08637364, 0.08181891, 0.01893844, 0.03629537]), 'delta_distances': array([0., 0., 0., 0., 0., 0., 0., 0., 0., 0., 0., 0., 0., 0., 0., 0., 0.,
       0., 0., 0., 0., 0., 0., 0., 0., 0., 0., 0., 0., 0., 0., 0., 0., 0.,
       0., 0., 0., 0., 0., 0., 0., 0., 0., 0., 0., 0., 0., 0., 0., 0., 0.,
       0., 0., 0., 0., 0., 0., 0., 0., 0., 0., 0., 0., 0., 0., 0., 0., 0.,
       0., 0., 0., 0., 0., 0., 0., 0., 0., 0., 0., 0., 0., 0., 0., 0., 0.,
       0., 0., 0., 0., 0., 0., 0., 0., 0., 0., 0., 0., 0., 0., 0., 0., 0.,
       0., 0., 0., 0., 0., 0., 0., 0., 0., 0., 0., 0., 0., 0., 0., 0., 0.,
       0., 0., 0., 0., 0., 0., 0., 0., 0., 0., 0., 0., 0., 0., 0., 0., 0.,
       0., 0., 0., 0., 0., 0., 0., 0., 0., 0., 0., 0., 0., 0., 0., 0., 0.,
       0., 0., 0., 0., 0., 0., 0., 0., 0., 0., 0., 0., 0., 0., 0., 0., 0.,
       0., 0., 0., 0., 0., 0., 0., 0., 0., 0., 0., 0., 0., 0., 0., 0., 0.,
       0., 0., 0., 0., 0., 0., 0., 0., 0., 0., 0., 0., 0.]), 'locations': array([217, 187, 152,  46,  81, 132, 379, 185, 378, 199, 441, 384, 388,
        78, 142,  20, 318, 296, 285, 232, 250,  84,  29,  23, 419,  63,
       375, 283,  84, 388, 292, 411, 400, 159,  59, 193, 142, 295,   7,
       303,  55, 467, 204,  90, 135, 224, 236, 461, 192,  29, 428, 202,
       433,  66,  87, 404,  14, 177,  25, 174,  43, 389, 367,  41, 390,
       128, 104, 197, 293, 179,  17, 413,  13,  42, 454, 357,  75, 425,
        75, 344, 267,  30, 233,  41, 291, 388, 153,  71,  71, 162, 427,
       119, 364, 386, 248, 371,  78,  89, 307, 255, 207, 296, 466, 128,
       441,  40, 291, 365, 110, 367, 191, 411, 104, 163, 204,  28, 344,
       149, 327, 421, 102, 358, 382, 153, 123, 281, 157,  78, 112, 398,
        18, 119, 163, 328, 405, 121, 338, 416, 330, 331,  50,  41, 461,
       197, 164, 296, 112, 301,  22, 379, 357,  91,  26, 135,  50, 197,
       308, 429, 159,  85, 473, 234,  15, 250, 309, 220, 243, 294, 117,
       250, 253,  78, 369, 208, 350, 331, 339, 416, 171, 116, 183, 369,
        68, 314, 151, 343,  81, 122, 146, 196, 260,  52, 367,  19, 189,
       287, 145, 179, 137, 340])}, {'ts_index': 138, 'loc': 340, 'gap': 0.047481240809143344, 'distances': array([0.13012803, 0.12323688, 0.14267042, 0.15657282, 0.1065642 ,
       0.14347471, 0.11850313, 0.0991063 , 0.12169417, 0.11305926,
       0.10545477, 0.13252287, 0.09867403, 0.12124128, 0.12086687,
       0.14013668, 0.14570982, 0.13997665, 0.14377842, 0.14058545,
       0.14390803, 0.13057842, 0.11224467, 0.1361634 , 0.14201406,
       0.11504767, 0.08731802, 0.14368383, 0.14073494, 0.15216944,
       0.10568408, 0.08947174, 0.137597  , 0.12325461, 0.15373309,
       0.09911111, 0.13283179, 0.13020361, 0.13562886, 0.14554426,
       0.14943955, 0.1254139 , 0.14540609, 0.11226576, 0.15035341,
       0.07285499, 0.09803485, 0.11744472, 0.11055255, 0.1403421 ,
       0.10662214, 0.14045092, 0.11246067, 0.14341223, 0.15049979,
       0.14295857, 0.13869166, 0.15179442, 0.15036836, 0.08484962,
       0.15146825, 0.13895345, 0.14556676, 0.13769611, 0.14050271,
       0.12234179, 0.12974662, 0.12645005, 0.11664407, 0.14872089,
       0.11421415, 0.14465189, 0.09605425, 0.14570539, 0.12089334,
       0.15131302, 0.13471518, 0.12405192, 0.14757565, 0.1335809 ,
       0.08831944, 0.14110956, 0.12463172, 0.09669486, 0.12624666,
       0.12946361, 0.10020413, 0.12723252, 0.12108316, 0.14524425,
       0.09149121, 0.03333934, 0.09827955, 0.05432026, 0.03167958,
       0.04266368, 0.1240276 , 0.0549377 , 0.04723562, 0.03131315,
       0.04573531, 0.09225514, 0.04503072, 0.04151772, 0.02810507,
       0.03797073, 0.06680608, 0.01719192, 0.07136642, 0.10396198,
       0.04447391, 0.03546669, 0.10696911, 0.03967447, 0.10688709,
       0.        , 0.06615587, 0.05319121, 0.06380637, 0.06913454,
       0.11997275, 0.07396731, 0.08711606, 0.04018629, 0.03533107,
       0.06918284, 0.07284163, 0.00931727, 0.03930587, 0.04200607,
       0.02684235, 0.09242744, 0.03799402, 0.08343384, 0.12820726,
       0.11585244, 0.09697436, 0.13388098, 0.10961725, 0.14927216,
       0.12323775, 0.14104627, 0.14394359, 0.13073287, 0.13253955,
       0.05882457, 0.01836011, 0.03971695, 0.10912268, 0.07769482,
       0.13507762]), 'delta_distances': array([0., 0., 0., 0., 0., 0., 0., 0., 0., 0., 0., 0., 0., 0., 0., 0., 0.,
       0., 0., 0., 0., 0., 0., 0., 0., 0., 0., 0., 0., 0., 0., 0., 0., 0.,
       0., 0., 0., 0., 0., 0., 0., 0., 0., 0., 0., 0., 0., 0., 0., 0., 0.,
       0., 0., 0., 0., 0., 0., 0., 0., 0., 0., 0., 0., 0., 0., 0., 0., 0.,
       0., 0., 0., 0., 0., 0., 0., 0., 0., 0., 0., 0., 0., 0., 0., 0., 0.,
       0., 0., 0., 0., 0., 0., 0., 0., 0., 0., 0., 0., 0., 0., 0., 0., 0.,
       0., 0., 0., 0., 0., 0., 0., 0., 0., 0., 0., 0., 0., 0., 0., 0., 0.,
       0., 0., 0., 0., 0., 0., 0., 0., 0., 0., 0., 0., 0., 0., 0., 0., 0.,
       0., 0., 0., 0., 0., 0., 0., 0., 0., 0., 0., 0., 0., 0., 0.]), 'locations': array([199, 187, 136, 437,  81, 471,  32, 245, 162,  65, 225, 273, 146,
       360, 142,  95, 214, 446,  88,  29, 436, 130, 436,  89, 373,  36,
        78, 371,  28, 364,  27, 448, 120,  11, 376, 470,  60,  24,  94,
       441, 163, 467, 244, 294,  26, 405, 350,  82, 298, 207, 328, 279,
       348,  50,  85, 431, 388,  67,   5, 100, 284,  20, 395, 311, 244,
       381, 104, 238,   6, 407, 341, 466,  13,  56, 331, 151, 222, 425,
        34,  66, 142, 250, 173, 114, 116, 226, 380,   3, 262, 392, 103,
       392,  96, 389,  56, 254, 191, 469, 143, 296, 110, 171, 356, 409,
       442, 165, 211, 358, 103, 409, 301, 314, 186, 309, 394, 340,  55,
       206, 276, 212, 430, 379, 367,  31, 136, 279,  30,  37, 202, 112,
        58, 353, 353, 129,   1,  31, 284, 259,  45, 263, 277, 481, 206,
       135, 143,  60, 358, 189, 388, 124, 422])}, {'ts_index': 146, 'loc': 210, 'gap': 0.04065099048638364, 'distances': array([0.1261792 , 0.13590763, 0.09537542, 0.13426219, 0.12653063,
       0.12108366, 0.1356707 , 0.10727315, 0.07480371, 0.13297855,
       0.08365215, 0.13911031, 0.13476676, 0.14248502, 0.15042697,
       0.12446516, 0.14368679, 0.15784909, 0.12765175, 0.14993445,
       0.14962421, 0.14040903, 0.10683352, 0.12671679, 0.14109768,
       0.13991158, 0.09373625, 0.15520732, 0.13554407, 0.14109099,
       0.08187209, 0.13207679, 0.11373972, 0.11427682, 0.11678052,
       0.13534567, 0.11423218, 0.13397156, 0.10300098, 0.10393697,
       0.14630651, 0.14308412, 0.11916859, 0.10913853, 0.10506113,
       0.11788548, 0.1090376 , 0.09205477, 0.13714855, 0.14763036,
       0.12492012, 0.14851951, 0.11946503, 0.13894095, 0.12977505,
       0.14291791, 0.13105712, 0.14584743, 0.14075474, 0.13214068,
       0.14126589, 0.14623318, 0.15529046, 0.1501532 , 0.09964081,
       0.12247621, 0.12132239, 0.08334012, 0.12872817, 0.14770536,
       0.13926946, 0.14320214, 0.1006273 , 0.14668034, 0.13339027,
       0.14811843, 0.10374853, 0.14091632, 0.12165306, 0.14660666,
       0.1309715 , 0.11488766, 0.1035379 , 0.12654413, 0.12934742,
       0.13291241, 0.13871576, 0.1232982 , 0.10558721, 0.10915129,
       0.06030427, 0.04983565, 0.06555314, 0.04486512, 0.06129633,
       0.05073989, 0.05521192, 0.06530531, 0.05318689, 0.04979179,
       0.06076471, 0.        , 0.06153917, 0.0531513 , 0.05698524,
       0.04997646, 0.05991918, 0.05617732, 0.09626432, 0.13495145,
       0.11490623, 0.10899499, 0.08308974, 0.11507705, 0.14623998,
       0.15118711, 0.12453019, 0.14004653, 0.13176571, 0.08832322,
       0.04189554, 0.03297312, 0.06552195, 0.05852215]), 'delta_distances': array([0., 0., 0., 0., 0., 0., 0., 0., 0., 0., 0., 0., 0., 0., 0., 0., 0.,
       0., 0., 0., 0., 0., 0., 0., 0., 0., 0., 0., 0., 0., 0., 0., 0., 0.,
       0., 0., 0., 0., 0., 0., 0., 0., 0., 0., 0., 0., 0., 0., 0., 0., 0.,
       0., 0., 0., 0., 0., 0., 0., 0., 0., 0., 0., 0., 0., 0., 0., 0., 0.,
       0., 0., 0., 0., 0., 0., 0., 0., 0., 0., 0., 0., 0., 0., 0., 0., 0.,
       0., 0., 0., 0., 0., 0., 0., 0., 0., 0., 0., 0., 0., 0., 0., 0., 0.,
       0., 0., 0., 0., 0., 0., 0., 0., 0., 0., 0., 0., 0., 0., 0., 0., 0.,
       0., 0., 0., 0., 0.]), 'locations': array([472, 330, 471, 127,  81, 432, 313, 245, 162, 397, 225, 160, 146,
       155, 245, 246, 305, 446,  88, 459, 120, 448, 369, 329, 198, 376,
       413, 462,  28, 423,  27, 371, 121,  11, 170, 470, 304,  24, 312,
       441, 232, 460, 244, 352, 370, 405, 350,  82,  57, 207, 328, 443,
       369,  50, 236, 111, 433, 133, 180, 100,   6,  73, 279, 172, 244,
       195, 405, 238, 303, 117, 243, 419, 221, 120, 331,  38,  58, 286,
       362, 159, 142,  29, 173, 114, 116, 108, 221, 379, 363, 396, 121,
        87, 161, 172, 213, 110, 409, 186, 394,  54, 275, 210, 430, 388,
       367, 271,  27, 353, 130,   1, 148, 284, 259,  22, 241, 187, 415,
       282, 271,  77,  78, 388, 124, 422])}, {'ts_index': 81, 'loc': 181, 'gap': 0.026885580590244026, 'distances': array([0.04111266, 0.09655464, 0.08994618, 0.0502642 , 0.06170903,
       0.0620527 , 0.05945772, 0.09110489, 0.04224271, 0.06021356,
       0.11173935, 0.13172095, 0.10057555, 0.06350056, 0.04146283,
       0.05637632, 0.12136474, 0.06342881, 0.08019972, 0.06752819,
       0.07708256, 0.05538919, 0.05900949, 0.0651925 , 0.09441761,
       0.1131466 , 0.10890044, 0.08161125, 0.11976887, 0.06869211,
       0.0424431 , 0.04840778, 0.10648967, 0.05300781, 0.10296781,
       0.05871091, 0.05595553, 0.08751066, 0.11427152, 0.06183992,
       0.04688303, 0.07331099, 0.11075401, 0.0918965 , 0.05495989,
       0.05653988, 0.09151464, 0.14151586, 0.11387022, 0.07087378,
       0.03655066, 0.03403208, 0.12328072, 0.04845453, 0.0822472 ,
       0.04338633, 0.09956889, 0.04830458, 0.08105507, 0.02262042,
       0.08063033, 0.06265328, 0.04832512, 0.05262208, 0.06264964,
       0.06306521, 0.04682171, 0.04353128, 0.05790467, 0.06742453,
       0.14576746, 0.04026463, 0.05872171, 0.04286582, 0.07523106,
       0.07171902, 0.08583572, 0.06158871, 0.05483907, 0.06209081,
       0.0683257 , 0.        , 0.04506638, 0.05145611, 0.05007345,
       0.13374939, 0.11098606, 0.06189735, 0.04642509, 0.06358398,
       0.06156036, 0.06461959, 0.11895458, 0.05854416, 0.06198263,
       0.03723716, 0.09861462, 0.06504501, 0.05167056, 0.0807267 ,
       0.06601846, 0.07311853]), 'delta_distances': array([0., 0., 0., 0., 0., 0., 0., 0., 0., 0., 0., 0., 0., 0., 0., 0., 0.,
       0., 0., 0., 0., 0., 0., 0., 0., 0., 0., 0., 0., 0., 0., 0., 0., 0.,
       0., 0., 0., 0., 0., 0., 0., 0., 0., 0., 0., 0., 0., 0., 0., 0., 0.,
       0., 0., 0., 0., 0., 0., 0., 0., 0., 0., 0., 0., 0., 0., 0., 0., 0.,
       0., 0., 0., 0., 0., 0., 0., 0., 0., 0., 0., 0., 0., 0., 0., 0., 0.,
       0., 0., 0., 0., 0., 0., 0., 0., 0., 0., 0., 0., 0., 0., 0., 0., 0.]), 'locations': array([418, 291, 270, 215,   1,  82, 484,  77, 127, 478,  50,  67, 258,
       135, 225, 107, 450, 393, 176, 166, 239,  37, 375, 452, 479, 162,
       189, 447, 113, 432,   2, 113, 351, 342,  66, 307, 344, 139, 297,
       141, 136, 401, 454,  12, 227, 476, 275,   2, 355, 186, 157, 222,
       100, 417, 214, 185, 218, 161, 200,  45, 346, 457, 133,  12, 435,
        97, 291, 161, 457,  51, 223, 242, 417, 105, 222, 420, 398, 179,
       307, 236,  53, 181, 304, 406,  13, 208, 128,  56, 277,  36,  34,
       339,  76, 435,  92, 260, 462, 121, 187, 260, 422, 338])}, {'ts_index': 70, 'loc': 172, 'gap': 0.03223005308839014, 'distances': array([0.09157667, 0.09636244, 0.09291097, 0.06131055, 0.07773997,
       0.13142877, 0.04285577, 0.14424605, 0.0754251 , 0.11642613,
       0.11751845, 0.06318926, 0.08025034, 0.1483445 , 0.        ,
       0.05340606, 0.16068883, 0.06857294]), 'delta_distances': array([0., 0., 0., 0., 0., 0., 0., 0., 0., 0., 0., 0., 0., 0., 0., 0., 0.,
       0.]), 'locations': array([131,  14, 368, 141, 175, 367, 354, 186, 353, 357, 158,  68, 111,
       224, 172, 308, 400, 464])}, {'ts_index': 26, 'loc': 285, 'gap': 0.060077062938871814, 'distances': array([0.        , 0.12445782, 0.06248164, 0.1225587 ]), 'delta_distances': array([0., 0., 0., 0.]), 'locations': array([285, 481, 461,  92])}], 'clusters': array([4, 4, 4, 4, 4, 4, 4, 4, 4, 4, 5, 5, 5, 4, 4, 4, 5, 4, 4, 4, 4, 4,
       4, 4, 4, 5, 6, 4, 5, 4, 4, 4, 0, 4, 5, 4, 4, 4, 5, 4, 4, 4, 5, 4,
       4, 4, 4, 5, 5, 4, 4, 4, 6, 4, 4, 4, 4, 4, 4, 4, 4, 4, 4, 4, 4, 4,
       4, 4, 4, 4, 5, 4, 4, 4, 4, 4, 4, 4, 4, 4, 4, 4, 4, 4, 4, 5, 0, 4,
       4, 4, 1, 3, 1, 2, 3, 2, 1, 2, 1, 2, 3, 1, 2, 2, 1, 1, 2, 2, 3, 2,
       1, 2, 2, 2, 3, 1, 2, 3, 1, 3, 1, 1, 1, 1, 1, 2, 1, 1, 1, 2, 1, 1,
       3, 2, 1, 1, 1, 3, 2, 1, 1, 1, 3, 2, 1, 3, 3, 1, 3, 3, 3, 1, 2, 2,
       1, 3, 1, 1, 1, 1, 3, 1, 2, 1, 1, 2, 1, 1, 1, 1, 2, 1, 1, 2, 3, 2,
       1, 1, 1, 4, 4, 5, 4, 4, 4, 4, 4, 4, 4, 4, 4, 3, 2, 1, 2, 3, 3, 3,
       1, 1]), 'time': 24530.792602539062}
lenSubsequence: 14{'RI': 0.5713065326633165, 'num_clusters': 11, 'uShapelets': [{'ts_index': 154, 'loc': 37, 'gap': 0.02941378689220668, 'distances': array([0.14643296, 0.0960558 , 0.12332305, 0.14016356, 0.14436459,
       0.12573103, 0.13177232, 0.13507049, 0.14095413, 0.13474211,
       0.09483106, 0.1353819 , 0.12800437, 0.13650311, 0.13018414,
       0.13675982, 0.11990706, 0.13282949, 0.1277095 , 0.1149302 ,
       0.12964659, 0.11203213, 0.12039375, 0.11903577, 0.12760442,
       0.13013395, 0.12400028, 0.11183885, 0.14075647, 0.14247785,
       0.11661833, 0.12875705, 0.12644047, 0.13486026, 0.13667181,
       0.08968529, 0.13478408, 0.11231908, 0.12824641, 0.12553583,
       0.13322459, 0.10652961, 0.13327791, 0.13068181, 0.11167115,
       0.1252376 , 0.11387785, 0.13503736, 0.12526578, 0.08898285,
       0.13675655, 0.12832358, 0.11823947, 0.07332323, 0.1112656 ,
       0.09277166, 0.12315895, 0.09620185, 0.11700558, 0.09298785,
       0.14557024, 0.13000433, 0.12993305, 0.12137807, 0.12725778,
       0.11218425, 0.10905711, 0.14319079, 0.13039882, 0.12890963,
       0.14532883, 0.11213365, 0.14662665, 0.13911243, 0.1231582 ,
       0.11330004, 0.12335879, 0.12994873, 0.14312616, 0.12738096,
       0.13977807, 0.1321905 , 0.12113663, 0.14078485, 0.1192772 ,
       0.11706332, 0.13316201, 0.14154298, 0.12510242, 0.14055916,
       0.12944766, 0.09108254, 0.0685465 , 0.04244509, 0.07592597,
       0.07309311, 0.11537066, 0.12325941, 0.11471023, 0.11624374,
       0.12153157, 0.0645115 , 0.07270722, 0.06217913, 0.14277513,
       0.10831023, 0.08462008, 0.14024535, 0.13020939, 0.08320403,
       0.0870034 , 0.0574346 , 0.1015974 , 0.08816572, 0.13139817,
       0.08402667, 0.12771806, 0.0502081 , 0.05436155, 0.10817354,
       0.08625013, 0.0531849 , 0.11738419, 0.07621458, 0.05058521,
       0.05926791, 0.12158568, 0.08523225, 0.06151541, 0.1022753 ,
       0.09224434, 0.11402461, 0.11971533, 0.10958412, 0.04147326,
       0.05034804, 0.13054636, 0.06573532, 0.10698105, 0.05846649,
       0.06003479, 0.03452187, 0.09303757, 0.09413844, 0.0965519 ,
       0.135007  , 0.09199535, 0.05407842, 0.10831659, 0.11925623,
       0.13074953, 0.06659278, 0.11243318, 0.06019267, 0.        ,
       0.12174786, 0.06015518, 0.1018217 , 0.13385677, 0.11458997,
       0.12319644, 0.12646189, 0.06889707, 0.08383198, 0.09411651,
       0.05390474, 0.07199242, 0.08311767, 0.10278262, 0.08529248,
       0.07243833, 0.11059703, 0.11770075, 0.12072585, 0.04798396,
       0.10322232, 0.09833271, 0.09490457, 0.10444896, 0.05368119,
       0.14777044, 0.11378418, 0.10707441, 0.14982826, 0.11539393,
       0.10083604, 0.12117708, 0.14065633, 0.10526405, 0.1313512 ,
       0.08427912, 0.12625051, 0.10128294, 0.12269485, 0.11682389,
       0.12162551, 0.07355564, 0.13768463, 0.04177337, 0.10422355]), 'delta_distances': array([0., 0., 0., 0., 0., 0., 0., 0., 0., 0., 0., 0., 0., 0., 0., 0., 0.,
       0., 0., 0., 0., 0., 0., 0., 0., 0., 0., 0., 0., 0., 0., 0., 0., 0.,
       0., 0., 0., 0., 0., 0., 0., 0., 0., 0., 0., 0., 0., 0., 0., 0., 0.,
       0., 0., 0., 0., 0., 0., 0., 0., 0., 0., 0., 0., 0., 0., 0., 0., 0.,
       0., 0., 0., 0., 0., 0., 0., 0., 0., 0., 0., 0., 0., 0., 0., 0., 0.,
       0., 0., 0., 0., 0., 0., 0., 0., 0., 0., 0., 0., 0., 0., 0., 0., 0.,
       0., 0., 0., 0., 0., 0., 0., 0., 0., 0., 0., 0., 0., 0., 0., 0., 0.,
       0., 0., 0., 0., 0., 0., 0., 0., 0., 0., 0., 0., 0., 0., 0., 0., 0.,
       0., 0., 0., 0., 0., 0., 0., 0., 0., 0., 0., 0., 0., 0., 0., 0., 0.,
       0., 0., 0., 0., 0., 0., 0., 0., 0., 0., 0., 0., 0., 0., 0., 0., 0.,
       0., 0., 0., 0., 0., 0., 0., 0., 0., 0., 0., 0., 0., 0., 0., 0., 0.,
       0., 0., 0., 0., 0., 0., 0., 0., 0., 0., 0., 0., 0.]), 'locations': array([ 17,  70, 341, 324,  47,   0, 326, 415, 461, 380, 464, 259, 156,
       417, 290, 485, 312,  78, 482,  99, 233, 338,  71,  81, 428, 478,
       321, 202, 216, 272,  96, 184, 145, 384, 110, 361, 101,  46, 165,
       419, 277, 390, 478, 236,  27,   8,  64, 412, 391, 345, 412, 187,
       263, 437, 124,  12, 151,  27,   4, 269,  52, 280, 109, 351,   4,
       195, 283, 197, 323,  75, 342,  44, 392, 200, 169, 356, 164,  44,
       421, 460,  15, 417, 123,  26, 370, 220, 466, 473, 471, 453, 408,
       135, 365, 395,  68, 396, 273, 415, 366, 245, 317, 293, 457, 165,
       440,  42, 287, 309, 161, 342, 187, 426, 440, 157,  78,  32, 375,
        96, 311, 187,  91, 379, 260, 148, 128, 303, 167,  83, 109, 232,
        12, 413, 102, 361, 398, 139, 317, 412, 341, 333,  47,  40,  64,
       200, 148, 295, 209, 307, 425, 385, 309,  86,  26, 156,  37, 257,
       305, 429, 447,  92,  13, 195,  28, 250, 320, 216, 255, 290, 126,
       236, 354,  81, 271,  62, 350, 180, 347, 421, 181, 119,  98, 278,
       336, 145,  42, 426,  68, 110, 439, 122, 102, 267, 344, 194, 171,
       393, 143, 416, 138, 149])}, {'ts_index': 173, 'loc': 59, 'gap': 0.03054472173635782, 'distances': array([0.1042806 , 0.1013834 , 0.13921462, 0.12803855, 0.11502822,
       0.09543523, 0.09662325, 0.13593547, 0.11284276, 0.08935517,
       0.12921599, 0.1387394 , 0.13825554, 0.11258371, 0.10980866,
       0.13482631, 0.12988561, 0.14692779, 0.14137249, 0.13043331,
       0.11985233, 0.14105901, 0.14032208, 0.09568349, 0.13722907,
       0.08130077, 0.101974  , 0.08711761, 0.10938769, 0.121233  ,
       0.11530796, 0.11848728, 0.13813532, 0.14120047, 0.13130187,
       0.12590147, 0.11330784, 0.14193514, 0.13225146, 0.14324253,
       0.13518104, 0.11719632, 0.0987534 , 0.11143916, 0.10463724,
       0.11674504, 0.13495989, 0.12079258, 0.13562568, 0.12913646,
       0.14697444, 0.10054819, 0.14058498, 0.10094477, 0.13877628,
       0.13036617, 0.12011637, 0.0965524 , 0.14107271, 0.09876865,
       0.12418904, 0.12360382, 0.14035748, 0.1440186 , 0.12314384,
       0.1223824 , 0.13782421, 0.13061106, 0.12480979, 0.13072372,
       0.12841804, 0.10885815, 0.06353496, 0.11480556, 0.14016775,
       0.07270976, 0.12466252, 0.13498546, 0.13218059, 0.12136737,
       0.08315182, 0.11629254, 0.14488836, 0.13228316, 0.14573168,
       0.12018842, 0.11490981, 0.13085429, 0.14068801, 0.08130628,
       0.13659264, 0.05539889, 0.11381244, 0.07464649, 0.05849789,
       0.03966826, 0.05644164, 0.08106039, 0.11165613, 0.12221571,
       0.13578306, 0.10781567, 0.13270122, 0.09479593, 0.09760071,
       0.14304091, 0.08177587, 0.06624043, 0.10444482, 0.07878466,
       0.06464793, 0.11058799, 0.0483973 , 0.05314151, 0.11387134,
       0.12490838, 0.13594166, 0.07313561, 0.06921162, 0.13614625,
       0.09412642, 0.14027442, 0.09400477, 0.10785993, 0.0496914 ,
       0.12353589, 0.03659889, 0.08194248, 0.12555473, 0.09545689,
       0.07584144, 0.11687497, 0.03919425, 0.08450145, 0.07431783,
       0.07151424, 0.12970176, 0.07526145, 0.03986396, 0.03624012,
       0.05053099, 0.06451552, 0.        , 0.11140279, 0.13765414,
       0.04187905, 0.13666419, 0.14037523, 0.12000429, 0.10908953,
       0.1333083 , 0.09981827, 0.12400059, 0.13905634, 0.13000911,
       0.13597454, 0.14302555, 0.02692383, 0.13803233, 0.0934181 ,
       0.05505925, 0.10601346, 0.13442426, 0.05838574, 0.11124887]), 'delta_distances': array([0., 0., 0., 0., 0., 0., 0., 0., 0., 0., 0., 0., 0., 0., 0., 0., 0.,
       0., 0., 0., 0., 0., 0., 0., 0., 0., 0., 0., 0., 0., 0., 0., 0., 0.,
       0., 0., 0., 0., 0., 0., 0., 0., 0., 0., 0., 0., 0., 0., 0., 0., 0.,
       0., 0., 0., 0., 0., 0., 0., 0., 0., 0., 0., 0., 0., 0., 0., 0., 0.,
       0., 0., 0., 0., 0., 0., 0., 0., 0., 0., 0., 0., 0., 0., 0., 0., 0.,
       0., 0., 0., 0., 0., 0., 0., 0., 0., 0., 0., 0., 0., 0., 0., 0., 0.,
       0., 0., 0., 0., 0., 0., 0., 0., 0., 0., 0., 0., 0., 0., 0., 0., 0.,
       0., 0., 0., 0., 0., 0., 0., 0., 0., 0., 0., 0., 0., 0., 0., 0., 0.,
       0., 0., 0., 0., 0., 0., 0., 0., 0., 0., 0., 0., 0., 0., 0., 0., 0.,
       0., 0., 0., 0., 0., 0., 0., 0., 0., 0., 0., 0.]), 'locations': array([368,  18, 168, 344, 145, 372,  60, 104, 393, 105, 389, 212, 206,
       332, 186,  10,  45, 196, 294, 191,  15, 173, 229, 427, 284, 221,
       412, 263, 352,  45,  25, 420, 478, 352, 445,  44,  47,  61,  84,
         8, 189, 270, 435, 330,  32, 421, 365, 231,  21, 153, 328, 378,
       456, 186, 412,  78,  42, 141, 446, 288, 202, 109, 286, 210, 397,
       283, 213, 224, 209, 330,  44,  70, 459, 342, 472,  15, 466, 359,
       134, 111, 168, 180,  40, 301, 369, 157, 319, 227, 259,  86, 332,
        82,  31, 301, 254, 180, 429,  65, 102,  49, 153, 353, 168, 318,
       153, 196,  41, 357, 431,  87, 382, 159,  64, 313, 251, 123, 457,
       315, 327, 355, 407, 199, 171, 376, 228, 424, 391, 375, 452, 177,
       452, 136,  68,  26, 221, 239, 325, 306, 139, 258,  59, 357,  59,
       142, 324, 402, 156, 177, 176, 115, 345, 312, 343, 448, 280, 454,
         0,  94, 254, 337,  35, 170, 259, 410, 267])}, {'ts_index': 152, 'loc': 40, 'gap': 0.027087160913738487, 'distances': array([0.12117877, 0.09375648, 0.10290467, 0.11532355, 0.10913126,
       0.11762255, 0.12998618, 0.1226823 , 0.13308991, 0.09200904,
       0.11325544, 0.08475885, 0.11247069, 0.11976286, 0.09302215,
       0.11714507, 0.11855908, 0.10560982, 0.12522094, 0.08500321,
       0.11371368, 0.12144128, 0.11171258, 0.12160319, 0.06248342,
       0.11075591, 0.08635264, 0.0771865 , 0.05198967, 0.11174799,
       0.12525944, 0.08673544, 0.11239766, 0.12352427, 0.12285068,
       0.12844998, 0.11400806, 0.11547047, 0.08968333, 0.07480805,
       0.07124123, 0.07916735, 0.0843164 , 0.09387523, 0.08480153,
       0.10972471, 0.12316559, 0.13178417, 0.07731401, 0.12600556,
       0.1127286 , 0.1343702 , 0.11298425, 0.13361092, 0.08614059,
       0.07988267, 0.11702587, 0.11143348, 0.07295174, 0.12933914,
       0.09994017, 0.08666025, 0.10984723, 0.11427674, 0.13043921,
       0.10526322, 0.11513401, 0.11113235, 0.06694558, 0.10508265,
       0.1236216 , 0.05915638, 0.12945744, 0.11060748, 0.10373417,
       0.11336947, 0.08992269, 0.12500323, 0.13060011, 0.09053528,
       0.13674168, 0.12508717, 0.12392581, 0.09719814, 0.13519707,
       0.12446342, 0.11848011, 0.05986694, 0.08581104, 0.0840201 ,
       0.10160705, 0.11789281, 0.03293512, 0.10543289, 0.04926523,
       0.04886051, 0.13458197, 0.03853465, 0.04333962, 0.04086642,
       0.04492178, 0.0157399 , 0.04692772, 0.04390946, 0.05533779,
       0.10199465, 0.12918857, 0.11426596, 0.09765707, 0.09252515,
       0.0292301 , 0.06040189, 0.06853939, 0.        , 0.08012392,
       0.10331534, 0.10780901, 0.08650376, 0.12189944, 0.08682436,
       0.0782476 , 0.11676244, 0.10240604, 0.11754032, 0.10136879,
       0.1019624 , 0.12208228, 0.09313033, 0.10838792, 0.10685747,
       0.12213908, 0.04485643, 0.05693018, 0.09828186, 0.10481611,
       0.09898633]), 'delta_distances': array([0., 0., 0., 0., 0., 0., 0., 0., 0., 0., 0., 0., 0., 0., 0., 0., 0.,
       0., 0., 0., 0., 0., 0., 0., 0., 0., 0., 0., 0., 0., 0., 0., 0., 0.,
       0., 0., 0., 0., 0., 0., 0., 0., 0., 0., 0., 0., 0., 0., 0., 0., 0.,
       0., 0., 0., 0., 0., 0., 0., 0., 0., 0., 0., 0., 0., 0., 0., 0., 0.,
       0., 0., 0., 0., 0., 0., 0., 0., 0., 0., 0., 0., 0., 0., 0., 0., 0.,
       0., 0., 0., 0., 0., 0., 0., 0., 0., 0., 0., 0., 0., 0., 0., 0., 0.,
       0., 0., 0., 0., 0., 0., 0., 0., 0., 0., 0., 0., 0., 0., 0., 0., 0.,
       0., 0., 0., 0., 0., 0., 0., 0., 0., 0., 0., 0., 0., 0., 0., 0., 0.]), 'locations': array([373, 245,   3,  31, 263, 282, 152, 156, 293,  83, 143,  18, 311,
       438, 100, 447, 481, 111, 480, 443,  28,  13, 413, 265,  82,  26,
       233, 185, 165, 369, 386, 127, 211, 114, 284, 320, 477, 423, 468,
       260, 301, 156,  65, 260, 304, 140, 467, 345, 372, 262, 462, 383,
        74, 158, 115, 155, 150,  16, 271, 340,  30, 155,  42, 334, 284,
       412,  67, 251, 222, 231, 317, 183,  44, 345, 151,  46, 465, 121,
       190, 177, 314, 448, 156,  65, 101, 385, 127, 416, 416, 465,  53,
       254, 104, 146, 344, 189, 441, 158, 225,  23, 422,  92, 171,  15,
       115, 434,  56,  46, 269, 342, 301, 426, 356,  40, 264, 173, 175,
       322,   0, 337, 170, 181, 476,  21, 220, 316,  10, 175, 305, 419,
         9,  72, 350, 194, 401, 353])}, {'ts_index': 36, 'loc': 97, 'gap': 0.021579689872417304, 'distances': array([0.13910184, 0.14159536, 0.11130777, 0.0667714 , 0.1229877 ,
       0.10523669, 0.12338044, 0.12767558, 0.12359331, 0.09597477,
       0.13461653, 0.13989743, 0.14337094, 0.1305913 , 0.11313381,
       0.11330834, 0.1041928 , 0.08980465, 0.12868612, 0.0768467 ,
       0.13320652, 0.10471359, 0.13215695, 0.13939737, 0.12766498,
       0.12999308, 0.12722704, 0.13838848, 0.09318842, 0.11899218,
       0.11520051, 0.08546563, 0.12460533, 0.11609119, 0.        ,
       0.14733017, 0.13335067, 0.11671781, 0.09691739, 0.10829735,
       0.14440044, 0.08098725, 0.12725378, 0.06223384, 0.07998234,
       0.06213301, 0.12001751, 0.09504279, 0.13033977, 0.12600887,
       0.14313715, 0.12436084, 0.12303101, 0.11653926, 0.13136804,
       0.07578434, 0.13319724, 0.129241  , 0.12925382, 0.1069914 ,
       0.12626683, 0.07544131, 0.11740124, 0.13598686, 0.1353175 ,
       0.13107606, 0.12126086, 0.13955969, 0.11975946, 0.12268702,
       0.13654605, 0.10637687, 0.13654883, 0.13549663, 0.11551189,
       0.11227686, 0.12898548, 0.06365341, 0.1147054 , 0.11737901,
       0.14370534, 0.13279374, 0.10642969, 0.13621876, 0.1142468 ,
       0.13464804, 0.13296492, 0.13562451, 0.04275384, 0.11966794,
       0.12429652, 0.10000345, 0.14141654, 0.13092681, 0.07517401,
       0.11739982, 0.13702139, 0.1274689 , 0.14150784, 0.13396931,
       0.13545051, 0.13386181, 0.11610332, 0.07358392, 0.12674589,
       0.06678502, 0.12768223, 0.13839599, 0.08457184, 0.11123734,
       0.12742335, 0.12427511]), 'delta_distances': array([0., 0., 0., 0., 0., 0., 0., 0., 0., 0., 0., 0., 0., 0., 0., 0., 0.,
       0., 0., 0., 0., 0., 0., 0., 0., 0., 0., 0., 0., 0., 0., 0., 0., 0.,
       0., 0., 0., 0., 0., 0., 0., 0., 0., 0., 0., 0., 0., 0., 0., 0., 0.,
       0., 0., 0., 0., 0., 0., 0., 0., 0., 0., 0., 0., 0., 0., 0., 0., 0.,
       0., 0., 0., 0., 0., 0., 0., 0., 0., 0., 0., 0., 0., 0., 0., 0., 0.,
       0., 0., 0., 0., 0., 0., 0., 0., 0., 0., 0., 0., 0., 0., 0., 0., 0.,
       0., 0., 0., 0., 0., 0., 0., 0., 0., 0.]), 'locations': array([400, 132, 439,   4, 294, 236, 184, 403,  46, 171, 262, 230, 322,
        58, 293, 440, 376, 131, 421, 145, 456, 217, 257, 382, 215, 200,
       297, 244, 109, 174, 229, 308, 237, 262,  97, 180, 236, 190, 459,
       355,  53, 402, 434, 258,  61,  96, 473,  43, 196, 253, 216, 326,
       172, 263, 295, 310, 232, 355, 106, 279, 122,  86, 160,  59, 391,
       194, 181, 413, 218, 394,  61, 316, 449,  83, 244, 335, 256, 402,
       117, 403, 111, 193, 178, 344, 195,   8,  21, 282, 398, 319, 384,
       484, 365, 203, 327, 425, 201, 219, 262, 138, 133, 306, 436, 264,
       119, 422, 309, 337,  84, 343, 303, 400])}, {'ts_index': 81, 'loc': 446, 'gap': 0.021969058206120204, 'distances': array([0.12447061, 0.09858623, 0.13619733, 0.12259139, 0.10455025,
       0.10014546, 0.13223295, 0.13291635, 0.06234856, 0.12936691,
       0.1073809 , 0.08465462, 0.13030841, 0.12867862, 0.09023065,
       0.06411289, 0.05970385, 0.12342894, 0.12113197, 0.12638123,
       0.11635925, 0.13155266, 0.05695087, 0.14108604, 0.13658745,
       0.11002214, 0.12093211, 0.08544502, 0.12847397, 0.13358802,
       0.08416593, 0.07018566, 0.11247994, 0.13417284, 0.10213427,
       0.12249753, 0.12940869, 0.13847567, 0.07917318, 0.10346163,
       0.10260936, 0.11879281, 0.10829128, 0.13347279, 0.13354658,
       0.13310445, 0.12270689, 0.13132915, 0.12260645, 0.1168215 ,
       0.12404343, 0.08610227, 0.11439258, 0.11807002, 0.11633735,
       0.11209779, 0.13000346, 0.12086939, 0.        , 0.07013195,
       0.0679598 , 0.04889263, 0.12780009, 0.13029606, 0.12747712,
       0.09009119, 0.11087141, 0.13836107, 0.12417664, 0.1077357 ,
       0.12896212, 0.12871132, 0.13884735, 0.12826843, 0.06021761,
       0.13227586, 0.12674516, 0.09926178, 0.13130768, 0.07453396,
       0.1072441 , 0.13261111, 0.12104805, 0.09777496, 0.1220917 ,
       0.1102167 , 0.13278346, 0.10794432, 0.1175032 , 0.11835088,
       0.12375066, 0.10904537]), 'delta_distances': array([0., 0., 0., 0., 0., 0., 0., 0., 0., 0., 0., 0., 0., 0., 0., 0., 0.,
       0., 0., 0., 0., 0., 0., 0., 0., 0., 0., 0., 0., 0., 0., 0., 0., 0.,
       0., 0., 0., 0., 0., 0., 0., 0., 0., 0., 0., 0., 0., 0., 0., 0., 0.,
       0., 0., 0., 0., 0., 0., 0., 0., 0., 0., 0., 0., 0., 0., 0., 0., 0.,
       0., 0., 0., 0., 0., 0., 0., 0., 0., 0., 0., 0., 0., 0., 0., 0., 0.,
       0., 0., 0., 0., 0., 0., 0.]), 'locations': array([251, 388, 394, 257, 457, 201, 417, 142,  53, 322, 187, 207, 325,
       126, 175, 159, 364, 374,   2, 274, 149, 115,  24, 195, 269, 352,
       347, 339, 281, 361, 141, 352, 288,   7, 348,   5, 136, 452, 434,
       184,  83, 156, 396, 159, 312, 264, 216, 397, 394, 245,  85, 269,
        56, 290, 325, 145, 103, 402, 446,  26,  61, 342, 102, 338, 227,
       309, 430, 288, 105, 330, 339, 206, 324,  79, 153,  17, 313, 123,
        42, 206,  10,  73,  21, 323, 378, 476,  86, 189,  57, 316, 149,
       305])}, {'ts_index': 194, 'loc': 202, 'gap': 0.022153715230968277, 'distances': array([0.12354296, 0.0805091 , 0.12362379, 0.06785262, 0.07922093,
       0.05096475, 0.0941533 , 0.10969297, 0.10730756, 0.04325143,
       0.07273415, 0.09691276, 0.08457583, 0.08202297, 0.09842916,
       0.09623634, 0.09523173, 0.05520256, 0.12781146, 0.10935381,
       0.03780329, 0.04745944, 0.03973519, 0.11975209, 0.08322866,
       0.04315596, 0.03351434, 0.0592868 , 0.10541545, 0.11788456,
       0.03975218, 0.10375271, 0.07479285, 0.05724534, 0.06526987,
       0.04988767, 0.07683003, 0.12980632, 0.06955918, 0.06322989,
       0.04749902, 0.09643615, 0.11371997, 0.06349265, 0.07826571,
       0.09967769, 0.12324955, 0.10348591, 0.10955763, 0.10434192,
       0.04957327, 0.12603065, 0.05002115, 0.05935811, 0.04198951,
       0.05647946, 0.10997891, 0.09656978, 0.05539719, 0.0593217 ,
       0.03454671, 0.09586111, 0.03908006, 0.08472999, 0.11322329,
       0.07162703, 0.02817661, 0.048589  , 0.06758541, 0.06791224,
       0.07531695, 0.07773876, 0.        , 0.10411375, 0.0559657 ]), 'delta_distances': array([0., 0., 0., 0., 0., 0., 0., 0., 0., 0., 0., 0., 0., 0., 0., 0., 0.,
       0., 0., 0., 0., 0., 0., 0., 0., 0., 0., 0., 0., 0., 0., 0., 0., 0.,
       0., 0., 0., 0., 0., 0., 0., 0., 0., 0., 0., 0., 0., 0., 0., 0., 0.,
       0., 0., 0., 0., 0., 0., 0., 0., 0., 0., 0., 0., 0., 0., 0., 0., 0.,
       0., 0., 0., 0., 0., 0., 0.]), 'locations': array([407,  16, 479, 264, 336, 320, 416, 392, 353, 480, 276,  29,  35,
        13,   6, 104, 102, 467,  28, 238, 202, 482, 147, 148, 247, 261,
       366, 392, 318, 311,  13,  13,  30,  15, 332, 282, 354, 378, 198,
       363, 172, 373, 234,  12, 440, 437, 104, 418, 156, 268, 113, 159,
       295,  73, 216, 224, 187, 193, 263, 168, 286, 153, 303,  75,  94,
       406,  51,  18, 210,   0, 179, 158, 202, 330, 347])}, {'ts_index': 178, 'loc': 160, 'gap': 0.024629552991943637, 'distances': array([0.13891767, 0.11100096, 0.12456756, 0.11858146, 0.14277796,
       0.05930679, 0.09104576, 0.08057854, 0.13585389, 0.1480184 ,
       0.12734304, 0.10797288, 0.12766744, 0.06411507, 0.12003095,
       0.13263654, 0.11543103, 0.13615092, 0.06862589, 0.0745348 ,
       0.11699856, 0.1288213 , 0.14318464, 0.11478618, 0.11245374,
       0.10206415, 0.10908671, 0.        , 0.13294604]), 'delta_distances': array([0., 0., 0., 0., 0., 0., 0., 0., 0., 0., 0., 0., 0., 0., 0., 0., 0.,
       0., 0., 0., 0., 0., 0., 0., 0., 0., 0., 0., 0.]), 'locations': array([286, 345, 184, 288, 212, 484, 468,  55, 411, 472, 470, 389, 107,
       452,  44, 387, 341,  84, 363, 103, 271, 293, 222,   7, 429, 453,
       226, 160, 375])}, {'ts_index': 132, 'loc': 209, 'gap': 0.02183932913991188, 'distances': array([0.11773696, 0.10921756, 0.07583027, 0.05743202, 0.08985823,
       0.0862763 , 0.04203528, 0.11274972, 0.13455821, 0.11731177,
       0.12262894, 0.09920266, 0.05937226, 0.11699016, 0.13092955,
       0.11327452, 0.10336589, 0.09542612, 0.05649204, 0.09478844,
       0.        , 0.066806  , 0.09528727]), 'delta_distances': array([0., 0., 0., 0., 0., 0., 0., 0., 0., 0., 0., 0., 0., 0., 0., 0., 0.,
       0., 0., 0., 0., 0., 0.]), 'locations': array([ 19, 246, 484,  82, 165, 416,  79, 466, 138, 217, 440,  93, 156,
       374, 113, 222, 229, 215, 127,  57, 209, 164, 390])}, {'ts_index': 80, 'loc': 406, 'gap': 0.026835274375045223, 'distances': array([0.07579344, 0.10111263, 0.06132446, 0.12657486, 0.04982352,
       0.10714296, 0.10532777, 0.1128244 , 0.07028541, 0.11718609,
       0.08829031, 0.09947767, 0.        , 0.10617607, 0.12351661,
       0.12475664, 0.03891061]), 'delta_distances': array([0., 0., 0., 0., 0., 0., 0., 0., 0., 0., 0., 0., 0., 0., 0., 0., 0.]), 'locations': array([329, 347, 192,  61, 375, 429, 117,  65, 269, 218, 462, 366, 406,
       128, 181,  32, 308])}, {'ts_index': 87, 'loc': 23, 'gap': 0.031566699771196846, 'distances': array([0.05853828, 0.11720432, 0.10747075, 0.04990188, 0.10265542,
       0.02716163, 0.10302268, 0.07464336, 0.09852498, 0.05854249,
       0.04761563, 0.        , 0.10346626]), 'delta_distances': array([0., 0., 0., 0., 0., 0., 0., 0., 0., 0., 0., 0., 0.]), 'locations': array([456, 263, 111, 226, 427, 292, 122, 309, 311, 398,  70,  23,   5])}, {'ts_index': 2, 'loc': 162, 'gap': 0.024162121150586455, 'distances': array([0.        , 0.07100539, 0.11029801, 0.12981316, 0.07471284,
       0.1094495 ]), 'delta_distances': array([0., 0., 0., 0., 0., 0.]), 'locations': array([162,  41, 212,  38, 403, 411])}], 'clusters': array([10,  6, 11,  4,  6,  6,  6,  9,  8,  4,  5, 11,  6,  5,  6,  7,  6,
        4,  5,  4,  5,  6,  9,  7,  3,  8,  6,  5,  3, 10,  4,  0,  6,  4,
        6,  5,  4,  6, 10,  5,  3,  5,  6,  6,  4,  6,  4,  4,  4,  6,  4,
        0,  7,  1,  5,  6, 10,  6,  6,  3,  4,  6,  6,  6,  8,  6,  4,  6,
        6,  3, 11,  5,  3,  2, 10,  6,  2,  6,  7,  7,  9,  5,  5,  5,  5,
       10,  4, 10,  6,  5,  3,  8,  1,  1,  1,  1,  2,  6,  2,  2,  2,  1,
        1,  1,  2,  6,  6,  3,  6,  3,  3,  1,  0,  3,  3,  3,  2,  1,  1,
        3,  3,  1,  2,  1,  1,  1,  3,  2,  1,  2,  3,  3,  8,  2,  1,  1,
        2,  1,  4,  1,  1,  1,  6,  5,  6,  3,  2,  1,  3,  2,  3,  1,  3,
        1,  1,  6,  1,  2,  8,  2,  4,  2,  1,  2,  6,  1,  1,  2,  2,  2,
        1,  2,  2,  2,  1,  5,  6,  2,  7,  1,  6,  6,  6,  6,  4,  6,  4,
        6,  6,  4,  2,  3,  3,  2,  6,  9,  1,  2,  1,  6]), 'time': 32512.84018802643}
lenSubsequence: 15{'RI': 0.5703015075376885, 'num_clusters': 14, 'uShapelets': [{'ts_index': 104, 'loc': 451, 'gap': 0.03163950066107228, 'distances': array([0.11379812, 0.12691114, 0.12126532, 0.10797869, 0.1242084 ,
       0.12749757, 0.1297097 , 0.12107483, 0.10412308, 0.1084342 ,
       0.12618026, 0.10416434, 0.10781756, 0.10469352, 0.09855941,
       0.07489246, 0.11299319, 0.09658465, 0.11686853, 0.11040682,
       0.13632867, 0.09143348, 0.11640931, 0.12008314, 0.12728105,
       0.13435439, 0.11842638, 0.12512476, 0.08108263, 0.05771674,
       0.05559011, 0.11303967, 0.11720541, 0.11027563, 0.10967437,
       0.11653336, 0.10036405, 0.13216872, 0.12371447, 0.13630825,
       0.1170803 , 0.13173178, 0.10365257, 0.08779081, 0.11226045,
       0.1353224 , 0.10938205, 0.10636782, 0.10144138, 0.13965383,
       0.11456206, 0.08904763, 0.13485819, 0.12747723, 0.12836912,
       0.1177749 , 0.1321126 , 0.10656815, 0.12529323, 0.12259712,
       0.13030066, 0.10780387, 0.12295591, 0.11238473, 0.11811447,
       0.12935102, 0.12987623, 0.11905294, 0.11461221, 0.13461896,
       0.11363424, 0.10073405, 0.11277558, 0.08102399, 0.10941032,
       0.11081803, 0.10486582, 0.11834717, 0.14015786, 0.12340143,
       0.09865071, 0.12877773, 0.12820185, 0.12889079, 0.13189118,
       0.11158622, 0.12067578, 0.13411236, 0.09215862, 0.11342571,
       0.07372354, 0.12709934, 0.05163189, 0.12642362, 0.08218287,
       0.07908263, 0.04297073, 0.11423264, 0.12526542, 0.11584664,
       0.05166777, 0.01999997, 0.05241928, 0.10404489, 0.        ,
       0.05540861, 0.03899369, 0.13372299, 0.11902226, 0.1123345 ,
       0.10215421, 0.11838303, 0.11107707, 0.13236508, 0.06085238,
       0.11101262, 0.11618865, 0.05414772, 0.05885737, 0.12106682,
       0.11352636, 0.11206922, 0.1020669 , 0.02544605, 0.11775644,
       0.0540284 , 0.11580818, 0.03431202, 0.10853924, 0.12429811,
       0.02157416, 0.07478194, 0.05703872, 0.11399419, 0.11635684,
       0.07886684, 0.11929809, 0.06041632, 0.10524599, 0.08916455,
       0.09555763, 0.08411185, 0.12351072, 0.12195583, 0.12587683,
       0.10395536, 0.09388365, 0.08378011, 0.10176533, 0.0291845 ,
       0.04030953, 0.09045348, 0.09794611, 0.0496231 , 0.11408399,
       0.12890173, 0.11262211, 0.1071515 , 0.07416012, 0.08333446,
       0.0877039 , 0.04879078, 0.1188844 , 0.12335887, 0.08977207,
       0.09181659, 0.05524135, 0.1246708 , 0.12648673, 0.04940565,
       0.10499082, 0.08562018, 0.04630278, 0.08424601, 0.07288717,
       0.05015478, 0.11556213, 0.11465236, 0.03485343, 0.11299913,
       0.13214915, 0.09904255, 0.12127289, 0.13095152, 0.10337648,
       0.13125945, 0.11644673, 0.11740325, 0.06694254, 0.12970071,
       0.07510396, 0.06524248, 0.12610005, 0.10193525, 0.1041313 ,
       0.10278956, 0.06651784, 0.1306582 , 0.07915898, 0.06019864]), 'delta_distances': array([0., 0., 0., 0., 0., 0., 0., 0., 0., 0., 0., 0., 0., 0., 0., 0., 0.,
       0., 0., 0., 0., 0., 0., 0., 0., 0., 0., 0., 0., 0., 0., 0., 0., 0.,
       0., 0., 0., 0., 0., 0., 0., 0., 0., 0., 0., 0., 0., 0., 0., 0., 0.,
       0., 0., 0., 0., 0., 0., 0., 0., 0., 0., 0., 0., 0., 0., 0., 0., 0.,
       0., 0., 0., 0., 0., 0., 0., 0., 0., 0., 0., 0., 0., 0., 0., 0., 0.,
       0., 0., 0., 0., 0., 0., 0., 0., 0., 0., 0., 0., 0., 0., 0., 0., 0.,
       0., 0., 0., 0., 0., 0., 0., 0., 0., 0., 0., 0., 0., 0., 0., 0., 0.,
       0., 0., 0., 0., 0., 0., 0., 0., 0., 0., 0., 0., 0., 0., 0., 0., 0.,
       0., 0., 0., 0., 0., 0., 0., 0., 0., 0., 0., 0., 0., 0., 0., 0., 0.,
       0., 0., 0., 0., 0., 0., 0., 0., 0., 0., 0., 0., 0., 0., 0., 0., 0.,
       0., 0., 0., 0., 0., 0., 0., 0., 0., 0., 0., 0., 0., 0., 0., 0., 0.,
       0., 0., 0., 0., 0., 0., 0., 0., 0., 0., 0., 0., 0.]), 'locations': array([368, 186, 233, 176, 421,   6, 314, 252, 387, 454, 110, 457, 416,
       113, 480, 387, 466, 445, 476,  98,  30, 366, 290,  66, 303, 479,
       268, 294, 151,  26, 455,  40, 330, 273, 176, 399, 356, 218,  21,
        55, 114, 292, 234,  23, 163, 104,  76, 411, 418, 275, 248, 101,
        18, 446, 442, 131,  44, 116, 335,   1, 330,  13, 457, 125,  74,
       128, 395, 324, 259, 389, 332, 334, 102, 205, 336, 461, 418, 205,
       314, 370, 111, 389, 254,  36, 292, 292, 366, 177,  59, 175, 411,
        41, 385, 178,  13, 384,  85,  39,  79, 230, 187, 281, 476, 127,
       451,  62, 279, 119, 174, 363,  66, 261, 429, 207, 222,  33, 178,
       100, 335, 208, 463,  92, 405, 141, 347, 305,   7,  65, 147,  77,
         4, 127, 207, 322,  29, 197, 349, 401, 153, 174,  59,  22, 351,
       242, 151, 291, 236, 308, 217, 392, 350, 193,  15, 139, 266, 275,
        86, 446, 168,  88,  16, 224,  31, 230, 330, 197, 251, 242, 115,
       259, 115,  78, 357,  82, 410, 357, 126, 423, 159, 121, 265,  21,
       444, 310,  51,  87, 396, 357, 306,  75,  84,  78, 341,  25, 177,
       247, 114, 401, 159, 347])}, {'ts_index': 176, 'loc': 343, 'gap': 0.03233888354913288, 'distances': array([0.11670461, 0.11048923, 0.12339231, 0.1206348 , 0.13070623,
       0.13040539, 0.10677126, 0.09691622, 0.09676056, 0.13581315,
       0.10174866, 0.11362741, 0.1213103 , 0.13038189, 0.12109787,
       0.12336712, 0.13148615, 0.11980885, 0.11216064, 0.09521984,
       0.09045102, 0.13601804, 0.12620268, 0.10434515, 0.11648558,
       0.12395373, 0.10378811, 0.09642458, 0.13057668, 0.11194509,
       0.0824752 , 0.13658322, 0.13140741, 0.09798697, 0.08116668,
       0.12938229, 0.08631667, 0.11309658, 0.12423104, 0.0976686 ,
       0.12603986, 0.10951146, 0.10860838, 0.12636416, 0.11212248,
       0.11192166, 0.12663983, 0.11767906, 0.11155554, 0.12010471,
       0.11748097, 0.10895477, 0.11183966, 0.09804941, 0.12897095,
       0.11292805, 0.10019143, 0.12153281, 0.1171558 , 0.12467702,
       0.12119576, 0.12885533, 0.09142756, 0.10388968, 0.11028225,
       0.11130218, 0.11829284, 0.12120772, 0.13735205, 0.11826956,
       0.13004719, 0.10339682, 0.12909061, 0.11283794, 0.12993322,
       0.13121991, 0.13050423, 0.12839238, 0.11389609, 0.10459749,
       0.10380353, 0.1237762 , 0.12872861, 0.11733252, 0.11946369,
       0.13756097, 0.1317622 , 0.12878509, 0.0544311 , 0.04761314,
       0.04313874, 0.11344215, 0.12809453, 0.10651667, 0.09515917,
       0.04746832, 0.12433914, 0.08572267, 0.07249084, 0.08074048,
       0.04311288, 0.04788817, 0.12343411, 0.03611131, 0.05649017,
       0.11724057, 0.10694914, 0.05974182, 0.05574798, 0.06826588,
       0.11829055, 0.1032663 , 0.06609931, 0.05294786, 0.0738222 ,
       0.04927143, 0.03663094, 0.04049146, 0.0856725 , 0.08580325,
       0.05928992, 0.05456318, 0.08840753, 0.09834317, 0.05823847,
       0.07114447, 0.1070852 , 0.04887316, 0.08441147, 0.08008074,
       0.1039758 , 0.04207705, 0.02912356, 0.06443596, 0.0444308 ,
       0.08197311, 0.08740634, 0.06851144, 0.05434965, 0.07042683,
       0.05058298, 0.11817246, 0.08387876, 0.08325258, 0.05788802,
       0.11315591, 0.        , 0.05481388, 0.05189403, 0.11356652,
       0.11202274, 0.12696421, 0.11898472, 0.12632043, 0.1051301 ,
       0.11904902, 0.10809302, 0.11832709, 0.10923531, 0.07637625,
       0.08144224, 0.07448641, 0.04620396, 0.11813523, 0.13836041]), 'delta_distances': array([0., 0., 0., 0., 0., 0., 0., 0., 0., 0., 0., 0., 0., 0., 0., 0., 0.,
       0., 0., 0., 0., 0., 0., 0., 0., 0., 0., 0., 0., 0., 0., 0., 0., 0.,
       0., 0., 0., 0., 0., 0., 0., 0., 0., 0., 0., 0., 0., 0., 0., 0., 0.,
       0., 0., 0., 0., 0., 0., 0., 0., 0., 0., 0., 0., 0., 0., 0., 0., 0.,
       0., 0., 0., 0., 0., 0., 0., 0., 0., 0., 0., 0., 0., 0., 0., 0., 0.,
       0., 0., 0., 0., 0., 0., 0., 0., 0., 0., 0., 0., 0., 0., 0., 0., 0.,
       0., 0., 0., 0., 0., 0., 0., 0., 0., 0., 0., 0., 0., 0., 0., 0., 0.,
       0., 0., 0., 0., 0., 0., 0., 0., 0., 0., 0., 0., 0., 0., 0., 0., 0.,
       0., 0., 0., 0., 0., 0., 0., 0., 0., 0., 0., 0., 0., 0., 0., 0., 0.,
       0., 0., 0., 0., 0., 0., 0., 0., 0., 0., 0., 0.]), 'locations': array([175,  69, 363, 156, 173, 397, 300, 398, 184, 198, 331, 224, 222,
       145, 350, 267, 321, 446, 233, 286, 431, 217, 352, 304, 410, 243,
       205, 323, 191, 217,  67, 368, 116, 360, 357, 473, 396, 121, 171,
       382, 267, 351, 369, 308, 174, 142, 296, 476, 457, 100, 263,  96,
        48, 403,  75, 220,   4, 229,  27, 281,  32,  40, 423, 199, 184,
       286,  18,  71,  72, 420, 196, 257, 419, 480, 451, 364, 169, 416,
        28, 391, 464, 130,  21,  13, 102, 211, 348, 367, 121, 394,  68,
       380, 383, 442, 255, 155, 111, 166, 329, 194, 426, 435, 179,  30,
       349, 439, 296, 374, 402, 111, 175, 110, 297, 118, 308, 396, 141,
       341, 342, 352,  49,  17,  36, 198, 166, 272, 210, 307, 161,  99,
        22,  49, 256, 312, 447,  92,  38,  19, 252, 310, 216, 295, 133,
       353,  72, 332, 343, 415, 118, 355,  66, 282, 466,  41, 423, 415,
       358,  13, 240,  33,  23, 168, 392, 160, 386])}, {'ts_index': 113, 'loc': 163, 'gap': 0.02862829955450745, 'distances': array([0.11004225, 0.11859691, 0.12745606, 0.1288967 , 0.12082571,
       0.12612764, 0.13107156, 0.12611895, 0.12830503, 0.12865793,
       0.12406377, 0.12983003, 0.12937095, 0.11226585, 0.12993518,
       0.12899268, 0.06381293, 0.11409146, 0.13666016, 0.13183899,
       0.10694484, 0.11727112, 0.08377538, 0.1081173 , 0.107046  ,
       0.09228947, 0.12483999, 0.12290246, 0.13304987, 0.10238486,
       0.09496223, 0.10912602, 0.1223107 , 0.11948905, 0.07409154,
       0.12207773, 0.11713724, 0.10298927, 0.12463359, 0.10385401,
       0.1268137 , 0.11886595, 0.1028053 , 0.12049661, 0.12346973,
       0.10450897, 0.10296967, 0.13288776, 0.10726789, 0.11062934,
       0.10937392, 0.11968952, 0.11910337, 0.12979296, 0.1306362 ,
       0.11936348, 0.11620773, 0.12770388, 0.08861808, 0.13305138,
       0.12174389, 0.08867183, 0.13512643, 0.11964497, 0.10718212,
       0.1138733 , 0.11874287, 0.12277547, 0.1297174 , 0.10674895,
       0.09910061, 0.12436087, 0.12090582, 0.08251967, 0.11328268,
       0.12343415, 0.13150904, 0.12227637, 0.1315166 , 0.1180606 ,
       0.12846802, 0.13245443, 0.11911925, 0.12473845, 0.11865318,
       0.13176629, 0.12831677, 0.12224241, 0.08383729, 0.13313797,
       0.05487829, 0.06791711, 0.12682867, 0.044539  , 0.03033051,
       0.03577658, 0.        , 0.06035996, 0.0764305 , 0.12120991,
       0.11706636, 0.06980536, 0.0792565 , 0.11630722, 0.09595213,
       0.1173143 , 0.10343056, 0.12094968, 0.04459232, 0.07637566,
       0.08356332, 0.09003135, 0.11678005, 0.11946718, 0.08357262,
       0.12697656, 0.07241833, 0.07003945, 0.02796753, 0.11820213,
       0.03465988, 0.13498691, 0.12989202, 0.120445  , 0.12236907,
       0.12973644, 0.11608081, 0.12705635, 0.10594594, 0.12348857,
       0.0202413 , 0.03776484, 0.09349509, 0.0739983 , 0.06019606,
       0.05802573]), 'delta_distances': array([0., 0., 0., 0., 0., 0., 0., 0., 0., 0., 0., 0., 0., 0., 0., 0., 0.,
       0., 0., 0., 0., 0., 0., 0., 0., 0., 0., 0., 0., 0., 0., 0., 0., 0.,
       0., 0., 0., 0., 0., 0., 0., 0., 0., 0., 0., 0., 0., 0., 0., 0., 0.,
       0., 0., 0., 0., 0., 0., 0., 0., 0., 0., 0., 0., 0., 0., 0., 0., 0.,
       0., 0., 0., 0., 0., 0., 0., 0., 0., 0., 0., 0., 0., 0., 0., 0., 0.,
       0., 0., 0., 0., 0., 0., 0., 0., 0., 0., 0., 0., 0., 0., 0., 0., 0.,
       0., 0., 0., 0., 0., 0., 0., 0., 0., 0., 0., 0., 0., 0., 0., 0., 0.,
       0., 0., 0., 0., 0., 0., 0., 0., 0., 0., 0., 0., 0., 0., 0., 0., 0.]), 'locations': array([367,  83, 362,   7, 342, 238, 201, 431, 386, 197, 347, 214, 465,
       441, 268, 196, 374, 459, 140, 206, 256, 330, 300, 458,  20,  77,
       343, 158, 432,   1, 202, 431, 179, 242, 480,  48, 239, 151, 387,
       268, 127, 340,  64, 188, 420, 356, 195, 185, 328, 327,  28, 193,
       441, 464, 348,  37,   9, 242, 356, 190, 186,  43, 107, 244, 445,
       286,  36,  95, 276, 420, 435, 257, 329, 346, 176,   1, 130, 335,
       270, 300, 270,  66, 395, 289, 335, 402,  72, 189, 380,  42, 301,
       261, 101, 151, 356, 195, 163, 431, 103, 134, 158, 134, 310, 318,
       341,  98, 420, 198, 276, 233, 436,  95, 343,  66,  11,  44, 318,
       297, 135,  96,  57, 223, 100, 391, 342, 388, 470,  42, 178, 138,
        92, 356, 332, 182, 411, 164])}, {'ts_index': 69, 'loc': 340, 'gap': 0.021745464879473597, 'distances': array([0.07665646, 0.08565565, 0.09834677, 0.12847672, 0.1111981 ,
       0.03162528, 0.11846872, 0.10724615, 0.10313508, 0.05585245,
       0.08672418, 0.04916968, 0.05796993, 0.07543906, 0.09683464,
       0.11166017, 0.09716013, 0.03147694, 0.1023597 , 0.09224578,
       0.11970167, 0.0990425 , 0.09438659, 0.10687895, 0.09083961,
       0.0693713 , 0.10101618, 0.04984304, 0.10981051, 0.10957564,
       0.05767907, 0.10092575, 0.04703484, 0.07775215, 0.09056727,
       0.10125009, 0.11968506, 0.06472411, 0.09815566, 0.0310616 ,
       0.09346854, 0.08437863, 0.08218539, 0.06508543, 0.10178992,
       0.04266949, 0.0781722 , 0.11653045, 0.10043543, 0.05895191,
       0.03338582, 0.04359505, 0.08398445, 0.07888603, 0.05533921,
       0.09127558, 0.07300282, 0.0987553 , 0.05302635, 0.11743837,
       0.10267786, 0.08307047, 0.02825802, 0.08889077, 0.08396093,
       0.        , 0.0434085 , 0.10634558, 0.10189804, 0.083578  ,
       0.04264824, 0.02972684, 0.06843057, 0.10934977, 0.04802617,
       0.09253751, 0.08945861, 0.03627548, 0.10771414, 0.07297638,
       0.08352966, 0.06791621, 0.08266008, 0.1099571 , 0.06548853,
       0.1023874 , 0.07503903, 0.04901661, 0.04100013, 0.07771418,
       0.07539145, 0.11109976, 0.08080008, 0.02760575, 0.05038539,
       0.01541084, 0.08903562, 0.03020659, 0.03990714, 0.06801439,
       0.04297071, 0.05962374, 0.08581793, 0.0446924 , 0.11978391,
       0.05107592, 0.05185646, 0.07213465, 0.02184085, 0.05959769,
       0.10137323, 0.07641603]), 'delta_distances': array([0., 0., 0., 0., 0., 0., 0., 0., 0., 0., 0., 0., 0., 0., 0., 0., 0.,
       0., 0., 0., 0., 0., 0., 0., 0., 0., 0., 0., 0., 0., 0., 0., 0., 0.,
       0., 0., 0., 0., 0., 0., 0., 0., 0., 0., 0., 0., 0., 0., 0., 0., 0.,
       0., 0., 0., 0., 0., 0., 0., 0., 0., 0., 0., 0., 0., 0., 0., 0., 0.,
       0., 0., 0., 0., 0., 0., 0., 0., 0., 0., 0., 0., 0., 0., 0., 0., 0.,
       0., 0., 0., 0., 0., 0., 0., 0., 0., 0., 0., 0., 0., 0., 0., 0., 0.,
       0., 0., 0., 0., 0., 0., 0., 0., 0., 0.]), 'locations': array([469, 269,  58, 131,  60,  16, 391,  75, 454, 429,  97,  98, 382,
        67,  99,  27,  61, 183, 205,  23,  14,  27, 244, 471,  10,  90,
       184, 342, 163, 448, 472, 393, 361, 145, 256, 261, 158,  87, 132,
       109, 302, 369, 383, 283, 369, 270, 293, 440, 456, 200,  40,  12,
       140,  27, 325, 343, 463, 142, 283, 324, 289, 167, 271, 104, 439,
       340, 371, 268, 191, 250, 114, 382, 387, 443, 338, 269, 223, 178,
       277, 402, 481,  66, 216, 360, 329,  67, 464, 102, 121, 296, 303,
       351, 347,  32, 202, 318,  34,   8,  61,  34, 373,  34, 406, 472,
       125, 458, 305,   5, 179, 197, 205, 166])}, {'ts_index': 46, 'loc': 8, 'gap': 0.02178344631073713, 'distances': array([0.05549677, 0.03959693, 0.10807298, 0.08158495, 0.0667297 ,
       0.09850441, 0.11987613, 0.11580813, 0.12175776, 0.04728608,
       0.05379647, 0.11197009, 0.12717771, 0.12256939, 0.09123446,
       0.11643282, 0.095107  , 0.11369864, 0.12724859, 0.11532139,
       0.1110443 , 0.08676954, 0.10018178, 0.04492546, 0.06535797,
       0.10622115, 0.1192483 , 0.08243147, 0.06193272, 0.08431943,
       0.06556267, 0.07822644, 0.10273903, 0.        , 0.10689154,
       0.06521737, 0.05812811, 0.1121882 , 0.07764371, 0.11332723,
       0.12343983, 0.1106414 , 0.11145799, 0.10551059, 0.11393804,
       0.09663807, 0.10538498, 0.11371692, 0.08709555, 0.0468384 ,
       0.13009345, 0.06799155, 0.08006525, 0.05399473, 0.11256714,
       0.08445426, 0.11501891, 0.11546497, 0.12083963, 0.10443392,
       0.0688482 , 0.11286869, 0.06208213, 0.10609582, 0.12658352,
       0.13117954, 0.08914417, 0.12030744, 0.1257823 , 0.07798662,
       0.12532789, 0.09679026, 0.08530849, 0.11719044, 0.04107468,
       0.0650211 ]), 'delta_distances': array([0., 0., 0., 0., 0., 0., 0., 0., 0., 0., 0., 0., 0., 0., 0., 0., 0.,
       0., 0., 0., 0., 0., 0., 0., 0., 0., 0., 0., 0., 0., 0., 0., 0., 0.,
       0., 0., 0., 0., 0., 0., 0., 0., 0., 0., 0., 0., 0., 0., 0., 0., 0.,
       0., 0., 0., 0., 0., 0., 0., 0., 0., 0., 0., 0., 0., 0., 0., 0., 0.,
       0., 0., 0., 0., 0., 0., 0., 0.]), 'locations': array([123, 466, 223, 474, 234, 172, 420, 216, 341, 412, 341,  91, 427,
       359, 233,  35, 215, 136,  32, 395, 239, 283, 380, 245, 446, 172,
       326,  79, 344,  75, 357, 430, 414,   8,  44,  95,  73, 298, 395,
       227, 358, 100, 169, 276, 135, 274, 251, 172, 469, 483, 200, 393,
       333,  72, 356,  98, 114, 305, 315, 435, 477, 317, 279, 207, 371,
       367, 420, 159,   2, 240, 167,  99, 184, 191, 228, 425])}, {'ts_index': 37, 'loc': 460, 'gap': 0.02005083728842766, 'distances': array([0.13658758, 0.12403363, 0.07217956, 0.1195986 , 0.11219013,
       0.12700669, 0.11215214, 0.05946722, 0.0433196 , 0.09719674,
       0.12357323, 0.12508772, 0.13397029, 0.1044321 , 0.12350549,
       0.10544431, 0.11249217, 0.13154911, 0.        , 0.12603522,
       0.11192624, 0.12512703, 0.08152382, 0.08140274, 0.13008847,
       0.10692032, 0.11930975, 0.11435969, 0.10010521, 0.08606784,
       0.13072072, 0.10603679, 0.13195773, 0.13450574, 0.08087687,
       0.12041282, 0.10868107, 0.12670812, 0.12501288, 0.11427074,
       0.04090834, 0.1029992 , 0.11486698, 0.12176462, 0.13043684,
       0.12535033, 0.08646522, 0.13220994, 0.12627082, 0.12155834,
       0.13690084, 0.08199418, 0.1340309 , 0.09372221, 0.10936511,
       0.05434078, 0.12159911]), 'delta_distances': array([0., 0., 0., 0., 0., 0., 0., 0., 0., 0., 0., 0., 0., 0., 0., 0., 0.,
       0., 0., 0., 0., 0., 0., 0., 0., 0., 0., 0., 0., 0., 0., 0., 0., 0.,
       0., 0., 0., 0., 0., 0., 0., 0., 0., 0., 0., 0., 0., 0., 0., 0., 0.,
       0., 0., 0., 0., 0., 0.]), 'locations': array([349, 204, 208, 120, 346, 362, 398, 237, 379, 390, 344, 208, 279,
        12, 463, 213, 446, 275, 460, 120, 403, 204,  83, 347,  68, 337,
       236, 243, 261,  35, 135, 295,  22, 481, 125, 153, 471, 254, 116,
        18, 473,  58, 174,  52, 464, 128,  98, 392, 278, 182,  13, 115,
       275, 346,  74, 472, 234])}, {'ts_index': 2, 'loc': 264, 'gap': 0.024420485691166824, 'distances': array([0.        , 0.07663098, 0.1128417 , 0.12633387, 0.13317454,
       0.11795023, 0.11267423, 0.12631237, 0.07599222, 0.11542265,
       0.12245594, 0.07176882, 0.12537991, 0.05297499, 0.08149873,
       0.129419  , 0.1178601 , 0.12711602, 0.13099176, 0.12069277,
       0.05347264, 0.122021  , 0.068935  , 0.12397441, 0.09334845,
       0.11583385, 0.11718666, 0.10011158, 0.0989053 , 0.11061564,
       0.04966349, 0.07328383, 0.089334  , 0.11606616, 0.11592402,
       0.10682688, 0.11813106, 0.12798392, 0.12275244, 0.05914364,
       0.13151994, 0.13568278, 0.14032393, 0.1121551 , 0.06935535,
       0.0762845 ]), 'delta_distances': array([0., 0., 0., 0., 0., 0., 0., 0., 0., 0., 0., 0., 0., 0., 0., 0., 0.,
       0., 0., 0., 0., 0., 0., 0., 0., 0., 0., 0., 0., 0., 0., 0., 0., 0.,
       0., 0., 0., 0., 0., 0., 0., 0., 0., 0., 0., 0.]), 'locations': array([264, 312, 284, 276,  47, 351,  15,  53, 247, 205,  35, 331, 417,
       303, 195, 313, 463,  59, 159, 162,  92, 283, 374,  99, 117,   8,
       231, 138,   9, 297, 217, 296, 407, 155, 316, 307, 242, 254, 444,
       372,  40, 382, 300, 356, 443, 167])}, {'ts_index': 160, 'loc': 37, 'gap': 0.02056278140930326, 'distances': array([0.10483741, 0.11422151, 0.09432275, 0.12688012, 0.12180593,
       0.06788024, 0.12690797, 0.09796457, 0.12929746, 0.11644412,
       0.1233581 , 0.09040532, 0.12515516, 0.12743854, 0.05526975,
       0.12979854, 0.1072157 , 0.12705137, 0.1312519 , 0.10354655,
       0.12133728, 0.10796636, 0.130285  , 0.12148836, 0.12615684,
       0.1219454 , 0.06821909, 0.08150893, 0.05971631, 0.12929983,
       0.08136262, 0.1024922 , 0.        ]), 'delta_distances': array([0., 0., 0., 0., 0., 0., 0., 0., 0., 0., 0., 0., 0., 0., 0., 0., 0.,
       0., 0., 0., 0., 0., 0., 0., 0., 0., 0., 0., 0., 0., 0., 0., 0.]), 'locations': array([184, 431,  94, 373,  91, 366,  90, 472,  80, 212, 308,   4, 447,
       129,  44,   0,  13, 257, 302, 212, 408, 179, 432,  26, 476,  43,
       363, 384,  65, 334, 471,  93,  37])}, {'ts_index': 85, 'loc': 434, 'gap': 0.027094463927415588, 'distances': array([0.10243613, 0.11215727, 0.10282581, 0.09601375, 0.09811418,
       0.11744675, 0.10199418, 0.05934078, 0.10155592, 0.1100411 ,
       0.09529983, 0.036863  , 0.07270181, 0.10291028, 0.07408442,
       0.10838271, 0.11828312, 0.11199074, 0.11566486, 0.11525435,
       0.1074558 , 0.10757578, 0.        , 0.10463296, 0.10412358,
       0.04174619]), 'delta_distances': array([0., 0., 0., 0., 0., 0., 0., 0., 0., 0., 0., 0., 0., 0., 0., 0., 0.,
       0., 0., 0., 0., 0., 0., 0., 0., 0.]), 'locations': array([225, 354, 459, 248,  79, 283, 144,  77, 183,  90, 357,  98,   8,
       147, 326,  89, 139, 446, 198, 236,   1,  34, 434, 274,  56, 342])}, {'ts_index': 63, 'loc': 24, 'gap': 0.020259960849798447, 'distances': array([0.12358717, 0.12031833, 0.1161749 , 0.10872357, 0.12115798,
       0.10416424, 0.12462746, 0.09270953, 0.12606966, 0.08227304,
       0.05576589, 0.        , 0.06286186, 0.11690769, 0.09082299,
       0.06349231, 0.12147204, 0.09963733, 0.10900348, 0.10660337]), 'delta_distances': array([0., 0., 0., 0., 0., 0., 0., 0., 0., 0., 0., 0., 0., 0., 0., 0., 0.,
       0., 0., 0.]), 'locations': array([ 13, 376, 239, 108, 423,  11, 126, 202, 211, 403, 436,  24, 215,
        80, 241, 420, 107,  88, 375, 259])}, {'ts_index': 133, 'loc': 121, 'gap': 0.02579709215626401, 'distances': array([0.1002079 , 0.10126354, 0.09721471, 0.07446479, 0.0987214 ,
       0.09504948, 0.04385046, 0.09661977, 0.08586119, 0.10117788,
       0.10732968, 0.03005554, 0.08156985, 0.09689084, 0.        ]), 'delta_distances': array([0., 0., 0., 0., 0., 0., 0., 0., 0., 0., 0., 0., 0., 0., 0.]), 'locations': array([ 17, 378,  48, 108, 172, 412, 235, 299,  83, 206,  15, 405, 227,
       432, 121])}, {'ts_index': 20, 'loc': 128, 'gap': 0.02354734208725695, 'distances': array([0.12737545, 0.11447722, 0.06857563, 0.        , 0.11874912,
       0.11776483, 0.08603654, 0.11503182, 0.10660077, 0.12204497,
       0.12494354]), 'delta_distances': array([0., 0., 0., 0., 0., 0., 0., 0., 0., 0., 0.]), 'locations': array([240, 185,  78, 128, 340, 257, 162, 453, 314,  42, 233])}, {'ts_index': 38, 'loc': 212, 'gap': 0.02973002220422856, 'distances': array([0.13421132, 0.13718296, 0.09964644, 0.        , 0.1160078 ,
       0.12104683, 0.13082021, 0.04856145]), 'delta_distances': array([0., 0., 0., 0., 0., 0., 0., 0.]), 'locations': array([260,  26,  90, 212,  21, 109, 408, 406])}, {'ts_index': 67, 'loc': 152, 'gap': 0.051372823541254206, 'distances': array([0.08973616, 0.09467578, 0.        , 0.0392059 , 0.0937616 ]), 'delta_distances': array([0., 0., 0., 0., 0.]), 'locations': array([222, 399, 152, 457, 281])}], 'clusters': array([ 5,  5,  7,  7,  5,  4,  6,  0,  0,  4, 12,  4,  4,  5,  5, 11,  3,
        6,  4,  6, 12,  8,  7, 13, 11,  7,  9,  7,  4,  1,  1,  7,  5,  4,
        5,  4,  3,  6, 13, 12,  5, 10,  5,  4,  6,  6,  5,  9,  5,  4,  5,
        9,  7,  4,  4,  4,  8,  7,  4,  6, 10,  9,  4, 10, 10,  6,  4, 14,
       14,  4,  4,  5, 10,  5,  4,  3,  4,  7,  5,  4,  7,  6,  4, 11,  0,
        9, 13,  5,  8,  5,  1,  2,  1,  2,  2,  8,  1,  8,  3,  3,  1,  1,
        1,  2,  1,  1,  1,  4,  3,  3,  3,  2,  2,  3,  1,  2,  2,  1,  1,
        3,  3,  2,  2,  1,  4,  1,  7,  1,  3,  3,  1,  2,  1, 11,  2,  2,
        2,  1,  8,  6,  2,  2,  4,  4,  2,  3,  3,  2,  4,  1,  1,  9,  4,
        1,  2,  2,  2,  2,  1,  4,  8,  1,  4,  2,  3,  2,  1,  3,  3,  1,
        4,  2,  1,  3,  1,  1,  2,  2,  1,  2,  7,  4,  6,  4,  4,  7,  4,
        4,  1,  5,  3,  1,  3,  5,  3,  2,  1,  3,  3,  1]), 'time': 33413.2051448822}
