lenSubsequence: 10{'RI': 0.99, 'num_clusters': 2, 'uShapelets': [{'ts_index': 116, 'loc': 354, 'gap': 0.1474860117604443, 'distances': array([0.24573836, 0.23048568, 0.25143045, 0.29065347, 0.23802494,
       0.20373041, 0.25093049, 0.20786782, 0.21300944, 0.26797942,
       0.28890478, 0.1322197 , 0.22789204, 0.24618481, 0.24949607,
       0.23228558, 0.1803967 , 0.22392485, 0.28316105, 0.19914422,
       0.26285116, 0.20701783, 0.22371019, 0.22886636, 0.21318888,
       0.25324711, 0.16432008, 0.29582356, 0.24469877, 0.26143003,
       0.27544001, 0.26750194, 0.21612691, 0.1888928 , 0.27395919,
       0.16680384, 0.24618966, 0.23820793, 0.26087372, 0.23141128,
       0.24576497, 0.22512543, 0.21641354, 0.25207632, 0.21765038,
       0.25687674, 0.22497993, 0.19732848, 0.17753847, 0.18227145,
       0.23323932, 0.18856232, 0.23800952, 0.17973302, 0.19850703,
       0.22741939, 0.26281842, 0.24242842, 0.27517467, 0.19486606,
       0.27178433, 0.2494339 , 0.27582795, 0.21439664, 0.22494848,
       0.110686  , 0.17984454, 0.30396309, 0.27696567, 0.21723223,
       0.31180936, 0.23275747, 0.20940368, 0.22975182, 0.17774887,
       0.2871232 , 0.16089145, 0.25046619, 0.26462288, 0.2731301 ,
       0.25582684, 0.26554478, 0.26745602, 0.23012912, 0.2391493 ,
       0.29234097, 0.22398937, 0.28049362, 0.27593668, 0.27603603,
       0.04265337, 0.02289869, 0.05694199, 0.03701419, 0.03590877,
       0.05236201, 0.02103592, 0.05939832, 0.06327488, 0.03635547,
       0.05834732, 0.02971986, 0.06425387, 0.02995213, 0.02917705,
       0.04657564, 0.04026053, 0.0480404 , 0.03871976, 0.02410021,
       0.03597332, 0.05324453, 0.08273911, 0.03871421, 0.03188354,
       0.05121064, 0.        , 0.03790277, 0.05166072, 0.03447927,
       0.03051115, 0.04464292, 0.04845689, 0.03699703, 0.03055634,
       0.03555559, 0.05860828, 0.02033298, 0.03798802, 0.03389513,
       0.0370027 , 0.04182404, 0.06785337, 0.05983101, 0.0318275 ,
       0.03287172, 0.03227274, 0.0634149 , 0.0546797 , 0.03662595,
       0.04284822, 0.02324134, 0.05327025, 0.03188369, 0.03797249,
       0.01985825, 0.058873  , 0.03373574, 0.04344917, 0.04308735,
       0.02450551, 0.02457194, 0.03334007, 0.02368206, 0.02759964,
       0.05279394, 0.01967587, 0.04375214, 0.04411598, 0.0265541 ,
       0.02524302, 0.04177918, 0.02633021, 0.02163585, 0.04959304,
       0.03773857, 0.02773716, 0.03154077, 0.03462326, 0.04728742,
       0.0317871 , 0.04335482, 0.05135514, 0.04460583, 0.03497156,
       0.0450604 , 0.0290336 , 0.03355831, 0.03273041, 0.03210654,
       0.22514164, 0.23683446, 0.26662528, 0.28533766, 0.19280311,
       0.2824911 , 0.27636722, 0.24626534, 0.23445091, 0.2310543 ,
       0.03748293, 0.03410484, 0.04043798, 0.05007914, 0.04807661,
       0.03068061, 0.03677377, 0.04515872, 0.04001237, 0.0402092 ]), 'delta_distances': array([0., 0., 0., 0., 0., 0., 0., 0., 0., 0., 0., 0., 0., 0., 0., 0., 0.,
       0., 0., 0., 0., 0., 0., 0., 0., 0., 0., 0., 0., 0., 0., 0., 0., 0.,
       0., 0., 0., 0., 0., 0., 0., 0., 0., 0., 0., 0., 0., 0., 0., 0., 0.,
       0., 0., 0., 0., 0., 0., 0., 0., 0., 0., 0., 0., 0., 0., 0., 0., 0.,
       0., 0., 0., 0., 0., 0., 0., 0., 0., 0., 0., 0., 0., 0., 0., 0., 0.,
       0., 0., 0., 0., 0., 0., 0., 0., 0., 0., 0., 0., 0., 0., 0., 0., 0.,
       0., 0., 0., 0., 0., 0., 0., 0., 0., 0., 0., 0., 0., 0., 0., 0., 0.,
       0., 0., 0., 0., 0., 0., 0., 0., 0., 0., 0., 0., 0., 0., 0., 0., 0.,
       0., 0., 0., 0., 0., 0., 0., 0., 0., 0., 0., 0., 0., 0., 0., 0., 0.,
       0., 0., 0., 0., 0., 0., 0., 0., 0., 0., 0., 0., 0., 0., 0., 0., 0.,
       0., 0., 0., 0., 0., 0., 0., 0., 0., 0., 0., 0., 0., 0., 0., 0., 0.,
       0., 0., 0., 0., 0., 0., 0., 0., 0., 0., 0., 0., 0.]), 'locations': array([ 12, 478, 241, 184, 167, 163,  67, 368,  63,  82, 388, 142, 157,
        72, 439, 391, 158,  67, 140, 444,  19, 223, 410, 249, 297,  87,
        89, 462, 348, 294,  84, 452, 225, 215, 485, 191, 440, 150, 404,
        52,  38,  96, 135,  92, 300, 188, 368, 289, 273,  84,  34, 387,
        24, 229,   2, 282, 199, 234, 396, 376, 278, 133, 332, 207, 154,
       202, 225, 327, 150, 345, 227, 323, 102, 234, 340,  16,  21, 235,
        36, 344,  91, 231,   0,  39, 202, 240,  96, 270, 353, 235, 426,
       121, 382, 391,  87, 390,  81,  59, 297, 253, 179, 297, 472, 161,
       447,  57, 294, 115, 170, 357, 193, 427, 440, 163, 214,  29, 354,
       112, 330, 427, 105, 377, 401, 156, 125, 300, 175,  82, 128, 317,
        21, 121, 204, 327, 402, 142, 340, 416, 356, 349,  52,  39,  55,
       207, 167, 292, 230, 304, 431, 389, 367,  94,  32, 154,  53, 271,
       311, 448, 162,  88,  30, 239,  34, 248, 326, 220, 246, 297, 136,
       254, 112,  77, 373,  74, 354, 372, 344, 418, 175, 121, 405, 222,
       341, 200, 311,  90, 188, 199, 440, 265,  92,  78, 356,  39, 187,
       391, 142, 420, 156, 341])}], 'clusters': array([0, 0, 0, 0, 0, 0, 0, 0, 0, 0, 0, 0, 0, 0, 0, 0, 0, 0, 0, 0, 0, 0,
       0, 0, 0, 0, 0, 0, 0, 0, 0, 0, 0, 0, 0, 0, 0, 0, 0, 0, 0, 0, 0, 0,
       0, 0, 0, 0, 0, 0, 0, 0, 0, 0, 0, 0, 0, 0, 0, 0, 0, 0, 0, 0, 0, 1,
       0, 0, 0, 0, 0, 0, 0, 0, 0, 0, 0, 0, 0, 0, 0, 0, 0, 0, 0, 0, 0, 0,
       0, 0, 1, 1, 1, 1, 1, 1, 1, 1, 1, 1, 1, 1, 1, 1, 1, 1, 1, 1, 1, 1,
       1, 1, 1, 1, 1, 1, 1, 1, 1, 1, 1, 1, 1, 1, 1, 1, 1, 1, 1, 1, 1, 1,
       1, 1, 1, 1, 1, 1, 1, 1, 1, 1, 1, 1, 1, 1, 1, 1, 1, 1, 1, 1, 1, 1,
       1, 1, 1, 1, 1, 1, 1, 1, 1, 1, 1, 1, 1, 1, 1, 1, 1, 1, 1, 1, 1, 1,
       1, 1, 1, 1, 0, 0, 0, 0, 0, 0, 0, 0, 0, 0, 1, 1, 1, 1, 1, 1, 1, 1,
       1, 1]), 'time': 1024.2484846115112}
lenSubsequence: 12{'RI': 1.0, 'num_clusters': 2, 'uShapelets': [{'ts_index': 159, 'loc': 87, 'gap': 0.15768491027644557, 'distances': array([0.21816393, 0.24089408, 0.25838645, 0.27379861, 0.2140689 ,
       0.22275694, 0.26938402, 0.18548001, 0.22783137, 0.23764291,
       0.27669018, 0.17765998, 0.2801485 , 0.25189476, 0.26026638,
       0.22734099, 0.17171706, 0.21876094, 0.27712391, 0.19514902,
       0.26745751, 0.20718923, 0.22906484, 0.22711688, 0.2482801 ,
       0.24833462, 0.16805629, 0.26475159, 0.23466462, 0.259885  ,
       0.25632117, 0.22971295, 0.22272955, 0.20447993, 0.26573092,
       0.14783805, 0.2631683 , 0.23378841, 0.26580448, 0.22173179,
       0.242196  , 0.25357127, 0.20508975, 0.21742082, 0.22618079,
       0.24912955, 0.23814462, 0.20495523, 0.22365743, 0.22066964,
       0.22439332, 0.24026675, 0.22188335, 0.19809052, 0.23718011,
       0.23947147, 0.27737316, 0.26097943, 0.25773848, 0.21652938,
       0.2498781 , 0.23297058, 0.2639308 , 0.2320939 , 0.23295208,
       0.20604426, 0.20112812, 0.27902952, 0.26529956, 0.20256666,
       0.29365164, 0.24330578, 0.2001564 , 0.23835245, 0.18985115,
       0.2567974 , 0.17323934, 0.23221186, 0.25583926, 0.27586502,
       0.2686911 , 0.23547414, 0.24616811, 0.26110899, 0.26183638,
       0.27790244, 0.20281421, 0.268589  , 0.25035068, 0.26626612,
       0.04069995, 0.02448894, 0.04682888, 0.03502777, 0.04516613,
       0.04706179, 0.02804337, 0.04662178, 0.06072359, 0.04014825,
       0.06297966, 0.02503456, 0.05753085, 0.02939813, 0.03135471,
       0.04757173, 0.04332869, 0.05057798, 0.0360918 , 0.03456445,
       0.03707144, 0.05240368, 0.06184827, 0.04969833, 0.03665928,
       0.05361294, 0.02856596, 0.03057243, 0.05555422, 0.0324021 ,
       0.03845271, 0.04052623, 0.04118817, 0.0478707 , 0.02771632,
       0.03655361, 0.04456939, 0.03440052, 0.02837179, 0.04031904,
       0.04707293, 0.04575387, 0.05070195, 0.05171201, 0.02979758,
       0.02455931, 0.02530028, 0.04118969, 0.04578126, 0.04522075,
       0.04596187, 0.03673526, 0.05779189, 0.03465164, 0.03361888,
       0.02804436, 0.04496202, 0.03164835, 0.04534214, 0.04451654,
       0.03226518, 0.02508707, 0.03411134, 0.02486882, 0.02383537,
       0.04129711, 0.03225291, 0.044294  , 0.03874642, 0.        ,
       0.0269556 , 0.05100259, 0.02907462, 0.03415142, 0.05134774,
       0.03996274, 0.03008587, 0.03325198, 0.05586007, 0.03646307,
       0.03645317, 0.03890623, 0.05088836, 0.03784269, 0.03454968,
       0.02569411, 0.03108367, 0.03524724, 0.02858285, 0.03409831,
       0.21836142, 0.23272665, 0.28318804, 0.26468456, 0.18448259,
       0.27370951, 0.25051956, 0.23187952, 0.21493646, 0.21436801,
       0.03970516, 0.03695756, 0.04288016, 0.04004728, 0.05414288,
       0.03246248, 0.02987497, 0.04262425, 0.02742034, 0.04370379]), 'delta_distances': array([0., 0., 0., 0., 0., 0., 0., 0., 0., 0., 0., 0., 0., 0., 0., 0., 0.,
       0., 0., 0., 0., 0., 0., 0., 0., 0., 0., 0., 0., 0., 0., 0., 0., 0.,
       0., 0., 0., 0., 0., 0., 0., 0., 0., 0., 0., 0., 0., 0., 0., 0., 0.,
       0., 0., 0., 0., 0., 0., 0., 0., 0., 0., 0., 0., 0., 0., 0., 0., 0.,
       0., 0., 0., 0., 0., 0., 0., 0., 0., 0., 0., 0., 0., 0., 0., 0., 0.,
       0., 0., 0., 0., 0., 0., 0., 0., 0., 0., 0., 0., 0., 0., 0., 0., 0.,
       0., 0., 0., 0., 0., 0., 0., 0., 0., 0., 0., 0., 0., 0., 0., 0., 0.,
       0., 0., 0., 0., 0., 0., 0., 0., 0., 0., 0., 0., 0., 0., 0., 0., 0.,
       0., 0., 0., 0., 0., 0., 0., 0., 0., 0., 0., 0., 0., 0., 0., 0., 0.,
       0., 0., 0., 0., 0., 0., 0., 0., 0., 0., 0., 0., 0., 0., 0., 0., 0.,
       0., 0., 0., 0., 0., 0., 0., 0., 0., 0., 0., 0., 0., 0., 0., 0., 0.,
       0., 0., 0., 0., 0., 0., 0., 0., 0., 0., 0., 0., 0.]), 'locations': array([ 23, 215,  80, 177, 165, 438,  65, 366,  63,  82, 388, 140, 416,
       331,  99, 391, 158, 403, 140, 444,  19, 223,  29, 149, 271,  87,
       469, 165, 169, 279,  85, 452, 224, 213, 484, 190, 143, 149, 401,
        52,  36,  96, 135,  92, 300, 187, 366, 289, 265,  82,  34, 387,
        24, 200,   2, 282, 425, 234,  61, 376, 449, 133,  27, 207, 383,
       202, 224, 374, 148, 345, 432, 323, 102, 235, 339, 464,  21, 430,
       440, 344, 487, 426, 322, 481, 300, 240,  96, 271, 162, 370, 425,
       120, 381, 390,  86, 389,  80,  58, 295, 252, 178, 296, 471, 160,
       446,  57, 293, 115, 169, 356, 192, 426, 439, 163, 213,  27, 353,
       111, 329, 426, 104, 376, 400, 155, 124, 300, 174,  81, 127, 316,
        19, 120, 203, 326, 401, 141, 339, 415, 356, 348,  52,  38,  55,
       206, 166, 291, 229, 303, 430, 388, 366,  93,  31, 153,  52, 270,
       310, 447, 162,  87,  29, 239,  33, 247, 326, 219, 245, 296, 135,
       254, 111,  76, 372,  73, 353, 371, 343, 417, 174, 120, 326,  25,
       311, 197, 311,  12, 187, 199, 439, 264,  92,  77, 356,  38, 186,
       390, 141, 419, 155, 341])}], 'clusters': array([0, 0, 0, 0, 0, 0, 0, 0, 0, 0, 0, 0, 0, 0, 0, 0, 0, 0, 0, 0, 0, 0,
       0, 0, 0, 0, 0, 0, 0, 0, 0, 0, 0, 0, 0, 0, 0, 0, 0, 0, 0, 0, 0, 0,
       0, 0, 0, 0, 0, 0, 0, 0, 0, 0, 0, 0, 0, 0, 0, 0, 0, 0, 0, 0, 0, 0,
       0, 0, 0, 0, 0, 0, 0, 0, 0, 0, 0, 0, 0, 0, 0, 0, 0, 0, 0, 0, 0, 0,
       0, 0, 1, 1, 1, 1, 1, 1, 1, 1, 1, 1, 1, 1, 1, 1, 1, 1, 1, 1, 1, 1,
       1, 1, 1, 1, 1, 1, 1, 1, 1, 1, 1, 1, 1, 1, 1, 1, 1, 1, 1, 1, 1, 1,
       1, 1, 1, 1, 1, 1, 1, 1, 1, 1, 1, 1, 1, 1, 1, 1, 1, 1, 1, 1, 1, 1,
       1, 1, 1, 1, 1, 1, 1, 1, 1, 1, 1, 1, 1, 1, 1, 1, 1, 1, 1, 1, 1, 1,
       1, 1, 1, 1, 0, 0, 0, 0, 0, 0, 0, 0, 0, 0, 1, 1, 1, 1, 1, 1, 1, 1,
       1, 1]), 'time': 1026.6353704929352}
lenSubsequence: 13{'RI': 1.0, 'num_clusters': 2, 'uShapelets': [{'ts_index': 196, 'loc': 135, 'gap': 0.16422286615854811, 'distances': array([0.25114461, 0.26928349, 0.259578  , 0.26416238, 0.22328632,
       0.18555453, 0.28225287, 0.17089895, 0.21549341, 0.27425081,
       0.28508887, 0.17992855, 0.2895872 , 0.24019558, 0.22654818,
       0.19014011, 0.21843482, 0.24491551, 0.26523339, 0.27486564,
       0.27638635, 0.25062325, 0.24755075, 0.22084928, 0.2283373 ,
       0.27707909, 0.22171981, 0.28020472, 0.24795217, 0.21685113,
       0.26950649, 0.28367113, 0.21464288, 0.17593219, 0.3205925 ,
       0.21430011, 0.28028181, 0.22145227, 0.28777039, 0.21551352,
       0.24983475, 0.24104963, 0.27851285, 0.22770999, 0.27388002,
       0.26387309, 0.20972971, 0.24256628, 0.22715865, 0.23459102,
       0.21706915, 0.22864115, 0.2583293 , 0.18297489, 0.29831728,
       0.25843026, 0.28452371, 0.27621834, 0.27695602, 0.23734331,
       0.26953978, 0.27556848, 0.23700893, 0.24955365, 0.23382357,
       0.21806802, 0.17531034, 0.29332011, 0.25437031, 0.28129351,
       0.28616789, 0.23949102, 0.15844111, 0.20170654, 0.18190662,
       0.25865189, 0.19403327, 0.2097092 , 0.28681026, 0.2570602 ,
       0.27135427, 0.22429205, 0.30362516, 0.2614971 , 0.2458575 ,
       0.2792547 , 0.23116351, 0.27137094, 0.28092445, 0.28577329,
       0.03977258, 0.02724446, 0.05843122, 0.03315313, 0.03214584,
       0.04504718, 0.02129755, 0.05380674, 0.05461961, 0.04282412,
       0.03593469, 0.02750385, 0.04314555, 0.03179092, 0.0254534 ,
       0.04402702, 0.02207424, 0.04443824, 0.03619188, 0.02199825,
       0.03236606, 0.03266669, 0.06970797, 0.0732865 , 0.02710499,
       0.03410686, 0.0241968 , 0.03506823, 0.0426344 , 0.03319959,
       0.02511689, 0.03895127, 0.04398958, 0.04268746, 0.02872889,
       0.03237027, 0.04367023, 0.01812318, 0.03209546, 0.02947017,
       0.03230494, 0.04817541, 0.06188704, 0.0519421 , 0.03000217,
       0.02404138, 0.02774045, 0.04255446, 0.03165326, 0.02275714,
       0.02981839, 0.01959954, 0.05431641, 0.01744018, 0.04094339,
       0.01712243, 0.04766699, 0.0367751 , 0.0370841 , 0.03952035,
       0.02109264, 0.02466126, 0.02558071, 0.03099847, 0.01741216,
       0.04876911, 0.03239156, 0.04090782, 0.02858238, 0.0310951 ,
       0.03943289, 0.03344208, 0.03914909, 0.04220021, 0.05192023,
       0.03327552, 0.02700022, 0.02762792, 0.04021392, 0.04180378,
       0.03310544, 0.0459603 , 0.03806892, 0.04807883, 0.03958341,
       0.03238909, 0.03758052, 0.03044988, 0.03064166, 0.03164878,
       0.18825871, 0.25849742, 0.260442  , 0.23003245, 0.27404772,
       0.23292038, 0.25213376, 0.27153322, 0.22427436, 0.21200858,
       0.03212024, 0.03754414, 0.03676706, 0.04735963, 0.03399791,
       0.02308179, 0.        , 0.04360969, 0.04728499, 0.04000843]), 'delta_distances': array([0., 0., 0., 0., 0., 0., 0., 0., 0., 0., 0., 0., 0., 0., 0., 0., 0.,
       0., 0., 0., 0., 0., 0., 0., 0., 0., 0., 0., 0., 0., 0., 0., 0., 0.,
       0., 0., 0., 0., 0., 0., 0., 0., 0., 0., 0., 0., 0., 0., 0., 0., 0.,
       0., 0., 0., 0., 0., 0., 0., 0., 0., 0., 0., 0., 0., 0., 0., 0., 0.,
       0., 0., 0., 0., 0., 0., 0., 0., 0., 0., 0., 0., 0., 0., 0., 0., 0.,
       0., 0., 0., 0., 0., 0., 0., 0., 0., 0., 0., 0., 0., 0., 0., 0., 0.,
       0., 0., 0., 0., 0., 0., 0., 0., 0., 0., 0., 0., 0., 0., 0., 0., 0.,
       0., 0., 0., 0., 0., 0., 0., 0., 0., 0., 0., 0., 0., 0., 0., 0., 0.,
       0., 0., 0., 0., 0., 0., 0., 0., 0., 0., 0., 0., 0., 0., 0., 0., 0.,
       0., 0., 0., 0., 0., 0., 0., 0., 0., 0., 0., 0., 0., 0., 0., 0., 0.,
       0., 0., 0., 0., 0., 0., 0., 0., 0., 0., 0., 0., 0., 0., 0., 0., 0.,
       0., 0., 0., 0., 0., 0., 0., 0., 0., 0., 0., 0., 0.]), 'locations': array([  8, 474,   3, 177, 160, 436, 422, 364,  58,   0, 120, 136, 414,
       327, 100, 386, 154,  88, 430, 442, 302, 220, 410, 292, 380, 305,
       469,  66, 344, 277,  81, 448, 223, 212, 255, 247, 310, 393, 398,
        50,  32,  92, 134,  86, 297,  98, 364, 285, 269,  42,  27, 382,
        70, 196,   0,  98, 424, 321,  60, 372, 448, 397,  23, 202, 382,
       199, 221,  18, 146,  24, 225, 220, 102, 206, 336, 466,  22, 429,
       252, 407, 482, 422, 321,  36, 297,  96, 133, 392,   8, 368, 419,
       114, 375, 384,  80, 383,  74,  52, 290, 246, 172, 290, 466, 154,
       440,  51, 287, 109, 163, 350, 186, 420, 434, 157, 207,  22, 347,
       105, 323, 420,  98, 370, 394, 150, 118, 294, 168,  75, 121, 310,
        14, 114, 197, 321, 395, 135, 333, 409, 350, 342,  46,  32,  49,
       200, 160, 285, 223, 297, 424, 382, 360,  87,  25, 147,  46, 265,
       304, 441, 156,  81,  23, 233,  27, 241, 320, 213, 239, 290, 129,
       248, 105,  71, 367,  67, 347, 365, 337, 412, 168, 114, 404, 341,
       311, 206, 120, 196, 173, 397, 437, 259,  86,  71, 350,  32, 180,
       384, 135, 413, 149, 335])}], 'clusters': array([0, 0, 0, 0, 0, 0, 0, 0, 0, 0, 0, 0, 0, 0, 0, 0, 0, 0, 0, 0, 0, 0,
       0, 0, 0, 0, 0, 0, 0, 0, 0, 0, 0, 0, 0, 0, 0, 0, 0, 0, 0, 0, 0, 0,
       0, 0, 0, 0, 0, 0, 0, 0, 0, 0, 0, 0, 0, 0, 0, 0, 0, 0, 0, 0, 0, 0,
       0, 0, 0, 0, 0, 0, 0, 0, 0, 0, 0, 0, 0, 0, 0, 0, 0, 0, 0, 0, 0, 0,
       0, 0, 1, 1, 1, 1, 1, 1, 1, 1, 1, 1, 1, 1, 1, 1, 1, 1, 1, 1, 1, 1,
       1, 1, 1, 1, 1, 1, 1, 1, 1, 1, 1, 1, 1, 1, 1, 1, 1, 1, 1, 1, 1, 1,
       1, 1, 1, 1, 1, 1, 1, 1, 1, 1, 1, 1, 1, 1, 1, 1, 1, 1, 1, 1, 1, 1,
       1, 1, 1, 1, 1, 1, 1, 1, 1, 1, 1, 1, 1, 1, 1, 1, 1, 1, 1, 1, 1, 1,
       1, 1, 1, 1, 0, 0, 0, 0, 0, 0, 0, 0, 0, 0, 1, 1, 1, 1, 1, 1, 1, 1,
       1, 1]), 'time': 1009.4191267490387}
lenSubsequence: 14{'RI': 1.0, 'num_clusters': 2, 'uShapelets': [{'ts_index': 151, 'loc': 93, 'gap': 0.15527569171042943, 'distances': array([0.19995322, 0.22972297, 0.25724468, 0.24277927, 0.22792695,
       0.2100117 , 0.26731522, 0.17012115, 0.20840573, 0.21621495,
       0.2560277 , 0.17856576, 0.24479095, 0.21576316, 0.23218437,
       0.20696526, 0.16469793, 0.19973034, 0.25203993, 0.20114372,
       0.25244669, 0.21018884, 0.21466325, 0.20267718, 0.23852089,
       0.21443914, 0.16926712, 0.23090207, 0.24009535, 0.24775747,
       0.25299313, 0.23832752, 0.2095584 , 0.20304579, 0.25351769,
       0.18352631, 0.24680112, 0.22983833, 0.25710478, 0.22164354,
       0.26606406, 0.24038239, 0.22859183, 0.20546104, 0.20796613,
       0.23295276, 0.232795  , 0.22428866, 0.21923659, 0.23113007,
       0.23077057, 0.22321679, 0.21852962, 0.18833588, 0.21681707,
       0.23736389, 0.26264713, 0.24910806, 0.2330199 , 0.19928091,
       0.24718496, 0.21073289, 0.25327538, 0.22764816, 0.21977721,
       0.17813243, 0.21357929, 0.25554872, 0.24054857, 0.21976049,
       0.27605372, 0.2224785 , 0.19866638, 0.24277928, 0.22765377,
       0.23957357, 0.1608767 , 0.21488177, 0.25974633, 0.24282214,
       0.2485149 , 0.20612494, 0.25343406, 0.24933757, 0.2394504 ,
       0.25787989, 0.19022699, 0.26492946, 0.23295775, 0.22911478,
       0.03832361, 0.03085466, 0.04908136, 0.02979753, 0.0429962 ,
       0.04629641, 0.02655606, 0.04527309, 0.05719292, 0.03808784,
       0.04671647, 0.0325266 , 0.05446732, 0.0288184 , 0.03585465,
       0.04813104, 0.04100274, 0.04438629, 0.03846759, 0.02305937,
       0.03331199, 0.04385732, 0.06029845, 0.04351765, 0.03527805,
       0.04182312, 0.0265052 , 0.03556081, 0.05073863, 0.03172426,
       0.02675112, 0.04067059, 0.04026063, 0.04763038, 0.03423113,
       0.03532177, 0.0505852 , 0.03073355, 0.03207016, 0.03576639,
       0.04262533, 0.04906493, 0.04677633, 0.04836875, 0.02717939,
       0.03490358, 0.03108694, 0.04887468, 0.05039548, 0.03079657,
       0.03890458, 0.02838834, 0.05753655, 0.03004469, 0.03422517,
       0.02752531, 0.03576354, 0.034906  , 0.04254967, 0.04440456,
       0.03018607, 0.        , 0.03318309, 0.04930791, 0.02585093,
       0.0475124 , 0.03076715, 0.0408296 , 0.03732633, 0.02387617,
       0.02866511, 0.04685709, 0.02321659, 0.02741192, 0.05059927,
       0.03256759, 0.03532878, 0.03130634, 0.0487774 , 0.04119887,
       0.03164439, 0.04548918, 0.04828096, 0.03594447, 0.03334812,
       0.03273019, 0.03139105, 0.03487748, 0.03434875, 0.03921214,
       0.19156505, 0.22573464, 0.25824281, 0.23453061, 0.21914521,
       0.2393604 , 0.23969062, 0.23349907, 0.22405889, 0.24488307,
       0.03761303, 0.03672964, 0.04424739, 0.04095991, 0.04282546,
       0.03471965, 0.03432037, 0.04069661, 0.0331052 , 0.04559449]), 'delta_distances': array([0., 0., 0., 0., 0., 0., 0., 0., 0., 0., 0., 0., 0., 0., 0., 0., 0.,
       0., 0., 0., 0., 0., 0., 0., 0., 0., 0., 0., 0., 0., 0., 0., 0., 0.,
       0., 0., 0., 0., 0., 0., 0., 0., 0., 0., 0., 0., 0., 0., 0., 0., 0.,
       0., 0., 0., 0., 0., 0., 0., 0., 0., 0., 0., 0., 0., 0., 0., 0., 0.,
       0., 0., 0., 0., 0., 0., 0., 0., 0., 0., 0., 0., 0., 0., 0., 0., 0.,
       0., 0., 0., 0., 0., 0., 0., 0., 0., 0., 0., 0., 0., 0., 0., 0., 0.,
       0., 0., 0., 0., 0., 0., 0., 0., 0., 0., 0., 0., 0., 0., 0., 0., 0.,
       0., 0., 0., 0., 0., 0., 0., 0., 0., 0., 0., 0., 0., 0., 0., 0., 0.,
       0., 0., 0., 0., 0., 0., 0., 0., 0., 0., 0., 0., 0., 0., 0., 0., 0.,
       0., 0., 0., 0., 0., 0., 0., 0., 0., 0., 0., 0., 0., 0., 0., 0., 0.,
       0., 0., 0., 0., 0., 0., 0., 0., 0., 0., 0., 0., 0., 0., 0., 0., 0.,
       0., 0., 0., 0., 0., 0., 0., 0., 0., 0., 0., 0., 0.]), 'locations': array([ 23, 478,  80, 184, 164, 437,  22, 366,  63,  82, 388, 138, 416,
       332, 439, 390, 157, 403, 140, 444, 147, 224, 410, 249, 297,  87,
       470, 461, 169, 292,  83, 452, 220, 214,   6, 190, 143, 149, 471,
        52,  84, 264, 135,  91, 300, 104, 367, 289, 273,  85,  33, 386,
        23, 200,   2, 282, 304, 462,  59, 376, 277, 133,  27, 207, 384,
       202, 226, 373, 150,  24, 227, 323, 106, 237, 339, 471,  21, 429,
       440, 344, 386, 426, 322, 481, 449, 240,  96, 252, 161, 370, 425,
       120, 381, 390,  86, 389,  80,  58, 295, 252, 178, 296, 471, 160,
       446,  56, 293, 115, 169, 356, 192, 426, 439, 163, 213,  28, 353,
       111, 329, 426, 104, 376, 400, 155, 124, 299, 174,  81, 127, 316,
        20, 120, 203, 327, 401, 141, 339, 415, 356, 348,  52,  38,  54,
       206, 166, 291, 229, 303, 430, 388, 366,  93,  31, 152,  52, 270,
       310, 447, 162,  87,  29, 238,  33, 247, 325, 219, 245, 296, 135,
       254, 111,  76, 372,  73, 353, 371, 343, 418, 174, 120, 405, 479,
       342, 461, 311,  12, 180, 200, 439, 264,  92,  77, 356,  38, 186,
       390, 141, 419, 155, 340])}], 'clusters': array([0, 0, 0, 0, 0, 0, 0, 0, 0, 0, 0, 0, 0, 0, 0, 0, 0, 0, 0, 0, 0, 0,
       0, 0, 0, 0, 0, 0, 0, 0, 0, 0, 0, 0, 0, 0, 0, 0, 0, 0, 0, 0, 0, 0,
       0, 0, 0, 0, 0, 0, 0, 0, 0, 0, 0, 0, 0, 0, 0, 0, 0, 0, 0, 0, 0, 0,
       0, 0, 0, 0, 0, 0, 0, 0, 0, 0, 0, 0, 0, 0, 0, 0, 0, 0, 0, 0, 0, 0,
       0, 0, 1, 1, 1, 1, 1, 1, 1, 1, 1, 1, 1, 1, 1, 1, 1, 1, 1, 1, 1, 1,
       1, 1, 1, 1, 1, 1, 1, 1, 1, 1, 1, 1, 1, 1, 1, 1, 1, 1, 1, 1, 1, 1,
       1, 1, 1, 1, 1, 1, 1, 1, 1, 1, 1, 1, 1, 1, 1, 1, 1, 1, 1, 1, 1, 1,
       1, 1, 1, 1, 1, 1, 1, 1, 1, 1, 1, 1, 1, 1, 1, 1, 1, 1, 1, 1, 1, 1,
       1, 1, 1, 1, 0, 0, 0, 0, 0, 0, 0, 0, 0, 0, 1, 1, 1, 1, 1, 1, 1, 1,
       1, 1]), 'time': 961.4951469898224}
