lenSubsequence: 17{'RI': 0.5093643198906357, 'num_clusters': 4, 'uShapelets': [{'ts_index': 119, 'loc': 66, 'gap': 0.03748129908864806, 'distances': array([0.35010502, 0.48109434, 0.35869646, 0.42696617, 0.49851092,
       0.42736482, 0.42058542, 0.42524952, 0.42088274, 0.48703734,
       0.41827453, 0.4058441 , 0.42614172, 0.45322526, 0.37316232,
       0.50358729, 0.41197285, 0.381366  , 0.38778368, 0.41843652,
       0.45396481, 0.47285826, 0.48685471, 0.49688395, 0.48843457,
       0.48381148, 0.4958578 , 0.48141723, 0.49114934, 0.45322134,
       0.47537114, 0.37368373, 0.48735756, 0.32170017, 0.46112081,
       0.43459846, 0.52510583, 0.39890808, 0.40918973, 0.37944771,
       0.45643233, 0.51458488, 0.4849667 , 0.44685204, 0.46842398,
       0.35629976, 0.44244455, 0.32903829, 0.42477634, 0.39608884,
       0.4298295 , 0.37478354, 0.50895398, 0.51719195, 0.44449679,
       0.51589931, 0.42157106, 0.47935419, 0.43898802, 0.51471031,
       0.45012024, 0.47768241, 0.42457578, 0.43192449, 0.41764353,
       0.51305011, 0.41251402, 0.4825189 , 0.49366977, 0.4420809 ,
       0.47638313, 0.50306394, 0.41669503, 0.49489785, 0.45963359,
       0.50801031, 0.23967392, 0.25437716, 0.46561761, 0.46654346,
       0.4711025 , 0.44434492, 0.36227583, 0.48039455, 0.43140222,
       0.45183791, 0.33625135, 0.35629831, 0.48566126, 0.46886052,
       0.52116102, 0.42057742, 0.51822039, 0.4350298 , 0.40944247,
       0.46698078, 0.46668661, 0.47795719, 0.33701677, 0.44462607,
       0.48317151, 0.41518166, 0.5104276 , 0.40316146, 0.47669748,
       0.39350263, 0.49352321, 0.43855851, 0.40422493, 0.40043895,
       0.32177412, 0.5121444 , 0.496468  , 0.46581638, 0.50276347,
       0.48086593, 0.34440433, 0.47165321, 0.27557388, 0.        ,
       0.29787666, 0.4464528 , 0.48799476, 0.4689734 , 0.47975136,
       0.3944955 , 0.52586809, 0.47700058, 0.47819734, 0.42078314,
       0.42239859, 0.47288309, 0.39796713, 0.34016446, 0.45368604,
       0.32144733, 0.27850177, 0.43298388, 0.45595653, 0.35186779,
       0.41537563, 0.44832203, 0.30020052, 0.49613085, 0.44960002,
       0.44797751, 0.47052612, 0.50744677, 0.34054022, 0.46258984,
       0.35570315, 0.46879773, 0.45077369, 0.46520107, 0.36535122,
       0.36505481, 0.47725382, 0.42642521, 0.47922837, 0.42036608,
       0.49742132, 0.33583342, 0.31772259, 0.44068266, 0.42440938,
       0.48005611, 0.46730312, 0.48402782, 0.49686403, 0.49460361,
       0.40748882, 0.33907499, 0.49237689, 0.45746598, 0.4157507 ,
       0.4404818 , 0.42695687, 0.42978438, 0.43164845, 0.29540059,
       0.22521352, 0.42841747, 0.47323924, 0.40907464, 0.33232772,
       0.43782278, 0.4885658 , 0.31322066, 0.47414112, 0.51322383,
       0.38895327, 0.50922575, 0.45072891, 0.42095199, 0.48072756,
       0.4464332 , 0.33032479, 0.49945069, 0.42166143, 0.37911605,
       0.51083755, 0.4136027 , 0.34665388, 0.46571358, 0.44023204,
       0.44668534, 0.37193567, 0.34175761, 0.34566617, 0.53600913]), 'delta_distances': array([0., 0., 0., 0., 0., 0., 0., 0., 0., 0., 0., 0., 0., 0., 0., 0., 0.,
       0., 0., 0., 0., 0., 0., 0., 0., 0., 0., 0., 0., 0., 0., 0., 0., 0.,
       0., 0., 0., 0., 0., 0., 0., 0., 0., 0., 0., 0., 0., 0., 0., 0., 0.,
       0., 0., 0., 0., 0., 0., 0., 0., 0., 0., 0., 0., 0., 0., 0., 0., 0.,
       0., 0., 0., 0., 0., 0., 0., 0., 0., 0., 0., 0., 0., 0., 0., 0., 0.,
       0., 0., 0., 0., 0., 0., 0., 0., 0., 0., 0., 0., 0., 0., 0., 0., 0.,
       0., 0., 0., 0., 0., 0., 0., 0., 0., 0., 0., 0., 0., 0., 0., 0., 0.,
       0., 0., 0., 0., 0., 0., 0., 0., 0., 0., 0., 0., 0., 0., 0., 0., 0.,
       0., 0., 0., 0., 0., 0., 0., 0., 0., 0., 0., 0., 0., 0., 0., 0., 0.,
       0., 0., 0., 0., 0., 0., 0., 0., 0., 0., 0., 0., 0., 0., 0., 0., 0.,
       0., 0., 0., 0., 0., 0., 0., 0., 0., 0., 0., 0., 0., 0., 0., 0., 0.,
       0., 0., 0., 0., 0., 0., 0., 0., 0., 0., 0., 0., 0., 0., 0., 0., 0.,
       0., 0., 0., 0., 0., 0.]), 'locations': array([ 67,  39,  43,  68,  93,  72,  67,  59,  41,  73,  89,  88, 105,
        45,  55,  45, 104,  44,  70,  42,  42,  52,  72, 113, 100,  20,
        40, 106,  58,  42,  47,  23,  72,  91,  90,  27,  73,  91, 103,
        65,  89,  47, 105,  70,  85,  43,  69,  87,  42, 104,  46,  71,
        77,  41,  57, 115, 107,  93,  42,  28, 103,  46,  89,  93,  28,
       115,  42,  64,  60,  27,  64,  90,  72,  22,  27,  69,  42,  89,
        21,  89,  81,  23,  41, 113,  45,  68,  75,  90, 100,  76,  13,
        92,  54, 100,  63,  47, 106, 103,  67,  30,  43, 114,  40,  93,
        99,  27, 105,  26,  28,  88,  41,  91,  82, 105,  60,  91,  64,
        92,  65,  66,  43,  56,  92,  43,  39,  33,  90, 114, 107,  28,
        89, 105,  54,  92,  73,  25,  43, 103,  30,  41, 106,  53,  68,
        14,  12,  72,  31,  49,  65,  42, 106,  41,  57, 102,  46,  91,
        43,  66, 104,  71, 116,  27,  71,   8,  22, 103,  24,  39, 120,
        61,  66,  43,  49,  91,  62,  65,  44, 104,  95,  40,  67,  52,
        40,  25,  93,  67,  43,  44,  91,  46,  27,  24,  91,  43,  94,
         3,  69,  88, 111,  42,  22,  41,  26,  69, 105,  28,  94,  68,
        72, 116])}, {'ts_index': 51, 'loc': 126, 'gap': 0.03759514011493911, 'distances': array([0.18618098, 0.2180711 , 0.19180992, 0.21107923, 0.14311087,
       0.19020281, 0.26053012, 0.2198029 , 0.19729022, 0.1600697 ,
       0.17227949, 0.24715508, 0.14210152, 0.31316754, 0.17115917,
       0.21308373, 0.18356037, 0.18709014, 0.15569819, 0.1740371 ,
       0.19111524, 0.14716489, 0.26031529, 0.13512676, 0.12601692,
       0.10368711, 0.17072437, 0.17037081, 0.22598137, 0.19162084,
       0.16411235, 0.2514513 , 0.13780599, 0.20465212, 0.21768316,
       0.12925307, 0.21538231, 0.22192392, 0.18200898, 0.15330923,
       0.15979537, 0.25239788, 0.17102036, 0.11880534, 0.14798149,
       0.18182267, 0.        , 0.17013314, 0.26780342, 0.15582746,
       0.10835797, 0.15230992, 0.26573697, 0.26142292, 0.17512519,
       0.30680147, 0.20252491, 0.15209459, 0.19837306, 0.19477638,
       0.19944847, 0.20677121, 0.14852007, 0.15513238, 0.13127729,
       0.22260374, 0.16628972, 0.13915807, 0.12320859, 0.15941595,
       0.15978536, 0.17565638, 0.16196146, 0.13547501, 0.1928128 ,
       0.22995631, 0.17637876, 0.14564732, 0.21376439, 0.20891489,
       0.12434266, 0.1516425 , 0.1894143 , 0.17864558, 0.23046526,
       0.25010553, 0.21975418, 0.2316648 , 0.26236633, 0.18443923,
       0.15202977, 0.27483908, 0.26841345, 0.13281864, 0.17234862,
       0.28855088, 0.19093641, 0.24025722, 0.26374231, 0.17966387,
       0.23744547, 0.18627176, 0.18658869, 0.20178373, 0.12031185,
       0.19154947, 0.19806627, 0.21100074, 0.12653998, 0.12116746,
       0.14234796, 0.11258078, 0.10575312, 0.22565118, 0.24681444,
       0.14311288, 0.20101592, 0.12120118, 0.15696706, 0.14289878,
       0.11044362, 0.15608907, 0.18052181, 0.24592669, 0.17421626,
       0.20440308, 0.26608492, 0.20872226, 0.20095525, 0.20907572,
       0.13384394, 0.09478221, 0.1603178 , 0.25949495, 0.12864621,
       0.11196651, 0.09778778, 0.20852365, 0.15309033, 0.21580773,
       0.21402391, 0.21846545, 0.14938375, 0.15441163, 0.14865473,
       0.15364009, 0.1619856 , 0.19522342, 0.16651413, 0.25109324,
       0.19028321, 0.26923248, 0.18407104, 0.17342875, 0.11147942,
       0.16778386, 0.15632625, 0.26839813, 0.23618583, 0.22490309,
       0.17380489, 0.14520562, 0.19412855, 0.22053217, 0.29046847,
       0.15892172, 0.1408339 , 0.14002905, 0.16157783, 0.16314141,
       0.15572377, 0.15905274, 0.17751267]), 'delta_distances': array([0., 0., 0., 0., 0., 0., 0., 0., 0., 0., 0., 0., 0., 0., 0., 0., 0.,
       0., 0., 0., 0., 0., 0., 0., 0., 0., 0., 0., 0., 0., 0., 0., 0., 0.,
       0., 0., 0., 0., 0., 0., 0., 0., 0., 0., 0., 0., 0., 0., 0., 0., 0.,
       0., 0., 0., 0., 0., 0., 0., 0., 0., 0., 0., 0., 0., 0., 0., 0., 0.,
       0., 0., 0., 0., 0., 0., 0., 0., 0., 0., 0., 0., 0., 0., 0., 0., 0.,
       0., 0., 0., 0., 0., 0., 0., 0., 0., 0., 0., 0., 0., 0., 0., 0., 0.,
       0., 0., 0., 0., 0., 0., 0., 0., 0., 0., 0., 0., 0., 0., 0., 0., 0.,
       0., 0., 0., 0., 0., 0., 0., 0., 0., 0., 0., 0., 0., 0., 0., 0., 0.,
       0., 0., 0., 0., 0., 0., 0., 0., 0., 0., 0., 0., 0., 0., 0., 0., 0.,
       0., 0., 0., 0., 0., 0., 0., 0., 0., 0., 0., 0., 0., 0., 0., 0., 0.,
       0., 0., 0.]), 'locations': array([124, 125, 126, 126, 125, 126, 125, 125, 126, 125, 126, 126, 126,
        52, 124, 126, 123, 125, 125, 126, 126, 126, 126, 126, 125, 126,
       124,  60,  58, 124, 126,  55, 125, 126, 126, 126, 124, 126, 124,
       126, 124,  57, 122, 125, 125, 125, 126, 124, 125, 126, 125, 125,
        55, 126, 126, 126,  59,  46, 125,  57, 126, 126, 124, 126, 125,
       126, 126, 126, 126, 126, 126, 126, 124, 126, 125, 125, 126, 123,
       125, 126, 126, 125, 126, 126, 126, 126, 125, 126, 126,  55, 124,
       125, 126, 125, 126, 126, 126, 118, 125, 126, 126, 125, 123, 125,
       126, 126, 125, 126, 126, 126, 126, 125, 126, 126, 126, 126, 124,
       126, 126, 125, 126, 126,  58, 126, 126, 126,  56,  55, 126, 124,
       125, 126, 126, 126, 126, 126, 125, 126, 126, 126,  52, 124, 126,
       126, 126, 125, 126, 123, 126, 123, 126, 126, 126, 126, 126, 125,
       125, 126,  57, 126, 126, 126, 126, 122,  59, 125, 126, 125, 126,
       126, 124, 124, 126])}, {'ts_index': 15, 'loc': 4, 'gap': 0.019338116482085527, 'distances': array([0.17756328, 0.17920143, 0.        , 0.08894312, 0.16593092,
       0.17387646, 0.14812955, 0.22711458, 0.15517455, 0.13107594,
       0.14305174, 0.13310312, 0.20581014, 0.17233152, 0.17940481,
       0.13689356, 0.21101755, 0.17500361, 0.18665562, 0.22064901,
       0.16322489, 0.15646662, 0.14912094, 0.12349827, 0.21002816,
       0.17476027, 0.14478111, 0.15299354, 0.17695955]), 'delta_distances': array([0., 0., 0., 0., 0., 0., 0., 0., 0., 0., 0., 0., 0., 0., 0., 0., 0.,
       0., 0., 0., 0., 0., 0., 0., 0., 0., 0., 0., 0.]), 'locations': array([  1,  31,   4,   5,   4,   5,   5,   4,   2,  80,  99,   4,   9,
         2,  77,   3, 106, 123,  45,  91, 105,  28,   5,   3,   5,   6,
         4,   5,   4])}, {'ts_index': 112, 'loc': 107, 'gap': 0.030659034142687114, 'distances': array([0.37545102, 0.43951298, 0.37685426, 0.        , 0.33673988]), 'delta_distances': array([0., 0., 0., 0., 0.]), 'locations': array([ 91,  49,   2, 107,  83])}], 'clusters': array([1, 2, 1, 2, 2, 2, 2, 2, 3, 2, 2, 2, 2, 3, 2, 3, 2, 2, 2, 2, 2, 2,
       2, 2, 3, 2, 2, 2, 2, 2, 2, 2, 2, 1, 3, 2, 2, 2, 2, 2, 2, 2, 2, 2,
       3, 1, 2, 1, 2, 2, 2, 2, 2, 3, 2, 2, 2, 0, 3, 2, 3, 2, 2, 2, 2, 2,
       2, 2, 2, 2, 2, 2, 2, 2, 2, 2, 1, 1, 2, 2, 2, 2, 1, 2, 2, 2, 1, 1,
       2, 2, 2, 2, 2, 2, 3, 3, 2, 0, 1, 3, 2, 2, 3, 3, 2, 2, 0, 2, 3, 3,
       1, 2, 4, 2, 2, 2, 1, 2, 1, 1, 1, 2, 2, 2, 2, 2, 2, 2, 2, 2, 3, 2,
       2, 1, 2, 1, 1, 2, 2, 1, 2, 2, 1, 2, 3, 2, 2, 3, 1, 2, 1, 2, 2, 2,
       1, 1, 2, 2, 3, 2, 2, 1, 1, 2, 2, 2, 2, 2, 2, 2, 2, 1, 2, 2, 2, 2,
       2, 4, 2, 1, 1, 3, 2, 2, 1, 2, 2, 1, 2, 3, 3, 2, 2, 2, 2, 2, 1, 3,
       2, 2, 2, 2, 1, 2, 2, 2, 1, 1, 1, 2]), 'time': 121.315500497818}
lenSubsequence: 18{'RI': 0.3660970608339029, 'num_clusters': 3, 'uShapelets': [{'ts_index': 174, 'loc': 126, 'gap': 0.03120291013370821, 'distances': array([0.12335101, 0.16097181, 0.21374797, 0.18846086, 0.16582475,
       0.21539278, 0.13257673, 0.20189094, 0.23460147, 0.18463782,
       0.17380839, 0.15344541, 0.13720172, 0.22007114, 0.13319854,
       0.27534112, 0.1823331 , 0.21957001, 0.17727214, 0.18226623,
       0.16462644, 0.16881792, 0.17262022, 0.14292118, 0.1948124 ,
       0.1886664 , 0.11806322, 0.13163613, 0.13165966, 0.1830274 ,
       0.2213471 , 0.18070283, 0.19037816, 0.14100417, 0.26701553,
       0.16215535, 0.16978457, 0.21464732, 0.11846627, 0.23237007,
       0.2405319 , 0.20116845, 0.11765195, 0.17525622, 0.24422907,
       0.14440131, 0.17045723, 0.14884397, 0.14967068, 0.12734659,
       0.16958907, 0.11453168, 0.14559886, 0.23978853, 0.16294973,
       0.11293329, 0.17342878, 0.2141838 , 0.19780957, 0.13217236,
       0.30258892, 0.16884577, 0.12365361, 0.19984279, 0.21698424,
       0.15767936, 0.24256294, 0.14152291, 0.1627565 , 0.13355868,
       0.18009103, 0.14820327, 0.14383517, 0.13432656, 0.17366054,
       0.16694584, 0.15393152, 0.15607427, 0.13781045, 0.15925017,
       0.10630673, 0.15864636, 0.14737585, 0.19063839, 0.16908608,
       0.1487405 , 0.17317182, 0.17865789, 0.19804351, 0.18708177,
       0.12523459, 0.17849973, 0.18998179, 0.17061452, 0.22429586,
       0.24873259, 0.2361896 , 0.25129563, 0.14315335, 0.2276749 ,
       0.18731556, 0.14125891, 0.24148611, 0.23907937, 0.13313846,
       0.18001545, 0.24855425, 0.19066455, 0.19627507, 0.23061903,
       0.14546445, 0.16567651, 0.22064015, 0.16183562, 0.18035168,
       0.19671908, 0.18374362, 0.11017866, 0.09857392, 0.18951514,
       0.19341712, 0.18775096, 0.19044433, 0.19116018, 0.12598419,
       0.13417545, 0.15729801, 0.13671072, 0.13947235, 0.20678204,
       0.24271427, 0.17752114, 0.19632499, 0.15676051, 0.13268428,
       0.12133885, 0.15796793, 0.1547713 , 0.15715727, 0.10895359,
       0.12606376, 0.15535225, 0.17115932, 0.17708475, 0.21861785,
       0.144291  , 0.162815  , 0.23675135, 0.19892787, 0.19667067,
       0.20654176, 0.16752619, 0.17831544, 0.13032033, 0.1597258 ,
       0.10677236, 0.11966985, 0.14072922, 0.20774614, 0.13726158,
       0.1165369 , 0.16881571, 0.17333493, 0.14361973, 0.18603512,
       0.16150165, 0.20776703, 0.1861399 , 0.20645125, 0.14965482,
       0.16809189, 0.20872127, 0.17043728, 0.17502794, 0.16119051,
       0.15721521, 0.17503065, 0.26177357, 0.16772788, 0.24449421,
       0.15609026, 0.21747238, 0.13935175, 0.18083458, 0.1795324 ,
       0.12068691, 0.14694059, 0.15266385, 0.14987648, 0.2411071 ,
       0.22636235, 0.21868233, 0.17258244, 0.14563363, 0.19546901,
       0.19283735, 0.1253469 , 0.24971131, 0.15638691, 0.15870847,
       0.14114107, 0.14396474, 0.14373038, 0.14182701, 0.1684088 ,
       0.16197884, 0.15557444, 0.19874589, 0.17002805, 0.16315217]), 'delta_distances': array([0., 0., 0., 0., 0., 0., 0., 0., 0., 0., 0., 0., 0., 0., 0., 0., 0.,
       0., 0., 0., 0., 0., 0., 0., 0., 0., 0., 0., 0., 0., 0., 0., 0., 0.,
       0., 0., 0., 0., 0., 0., 0., 0., 0., 0., 0., 0., 0., 0., 0., 0., 0.,
       0., 0., 0., 0., 0., 0., 0., 0., 0., 0., 0., 0., 0., 0., 0., 0., 0.,
       0., 0., 0., 0., 0., 0., 0., 0., 0., 0., 0., 0., 0., 0., 0., 0., 0.,
       0., 0., 0., 0., 0., 0., 0., 0., 0., 0., 0., 0., 0., 0., 0., 0., 0.,
       0., 0., 0., 0., 0., 0., 0., 0., 0., 0., 0., 0., 0., 0., 0., 0., 0.,
       0., 0., 0., 0., 0., 0., 0., 0., 0., 0., 0., 0., 0., 0., 0., 0., 0.,
       0., 0., 0., 0., 0., 0., 0., 0., 0., 0., 0., 0., 0., 0., 0., 0., 0.,
       0., 0., 0., 0., 0., 0., 0., 0., 0., 0., 0., 0., 0., 0., 0., 0., 0.,
       0., 0., 0., 0., 0., 0., 0., 0., 0., 0., 0., 0., 0., 0., 0., 0., 0.,
       0., 0., 0., 0., 0., 0., 0., 0., 0., 0., 0., 0., 0., 0., 0., 0., 0.,
       0., 0., 0., 0., 0., 0.]), 'locations': array([124, 123, 125, 124, 125, 125, 124, 125, 124, 123, 124, 124, 125,
       125, 125, 124, 125, 125, 122, 123, 124, 125,  60, 125, 125, 123,
       123, 125, 123,  59, 125, 124, 125, 121,  55, 124, 122, 124, 125,
       123, 125, 122, 125, 123,  51, 123, 121, 124, 123, 124, 124, 125,
       125, 124, 124, 124, 125,  55, 124, 125,  73,  58,  45, 124,  56,
       125,  53, 125, 125, 124,  78, 125, 125, 125, 125, 125,  54, 125,
       125, 123, 125, 125, 123, 124, 125, 122, 124, 123, 125, 125, 124,
       124, 125, 125, 125, 124, 122, 123, 125, 125,  54, 123, 124, 125,
       124, 124,  22, 125, 118,  38, 122, 125, 125, 124, 123, 124, 124,
       124, 125, 124, 123, 125, 123, 124, 123, 125, 124, 124, 125, 125,
       125, 125, 125, 123, 125, 123, 124, 125, 124, 124, 124, 124, 125,
       125, 125, 125, 125, 125,  97,  53,  53, 125, 125, 125, 123, 123,
       124, 125, 125, 124, 125, 125, 125, 124, 125, 124, 125,  51, 123,
       125, 125,  53, 125, 124, 124, 125, 124, 121, 124, 123, 125, 125,
       125, 125, 125, 124, 124, 124, 124, 125,  53, 125, 125, 125, 125,
       121, 125,  56, 124, 125, 122, 125, 124, 124, 125, 123, 125, 125,
       125, 125])}, {'ts_index': 53, 'loc': 15, 'gap': 0.02336438949576053, 'distances': array([0.16502315, 0.20255884, 0.15119192, 0.24734294, 0.16149356,
       0.22010947, 0.1402043 , 0.23293331, 0.15698568, 0.15480075,
       0.23741708, 0.        , 0.21679508, 0.15690875, 0.12276589,
       0.1705076 , 0.19469541, 0.14343859, 0.22416646, 0.2315198 ,
       0.20266737, 0.17128202, 0.18272383, 0.16792358, 0.15006022,
       0.16225473, 0.18332864, 0.19169595, 0.14942758, 0.14736848,
       0.22988657, 0.14907949, 0.17225074, 0.17122051, 0.18323449,
       0.21900173]), 'delta_distances': array([0., 0., 0., 0., 0., 0., 0., 0., 0., 0., 0., 0., 0., 0., 0., 0., 0.,
       0., 0., 0., 0., 0., 0., 0., 0., 0., 0., 0., 0., 0., 0., 0., 0., 0.,
       0., 0.]), 'locations': array([ 12,  10,  10, 112,  10,  44,  15, 117, 109,   9,  89,  15,  12,
        10,  15,   9, 111,  15, 116,  18,  12,  10, 110,  11, 114,  18,
        12,   9, 113,  14,  18, 113, 114,  15, 114,  89])}, {'ts_index': 96, 'loc': 0, 'gap': 0.020525777503348608, 'distances': array([0.27938124, 0.20938091, 0.19419703, 0.27273536, 0.22191178,
       0.        , 0.15374222, 0.21434948, 0.2393678 ]), 'delta_distances': array([0., 0., 0., 0., 0., 0., 0., 0., 0.]), 'locations': array([ 2, 73,  0,  2,  1,  0,  1,  2,  0])}], 'clusters': array([1, 1, 1, 1, 1, 2, 1, 1, 2, 1, 1, 1, 1, 2, 1, 0, 1, 2, 1, 1, 1, 1,
       1, 1, 1, 1, 1, 1, 1, 1, 3, 1, 1, 1, 2, 1, 1, 3, 1, 2, 2, 1, 1, 1,
       0, 1, 1, 1, 1, 1, 1, 1, 1, 2, 1, 1, 1, 3, 1, 1, 2, 1, 1, 1, 2, 1,
       2, 1, 1, 1, 1, 1, 1, 1, 1, 1, 1, 1, 1, 1, 1, 1, 1, 1, 1, 1, 1, 1,
       1, 1, 1, 1, 1, 1, 2, 2, 3, 3, 1, 2, 1, 1, 2, 2, 1, 1, 2, 1, 1, 2,
       1, 1, 2, 1, 1, 1, 1, 1, 1, 1, 1, 1, 1, 1, 1, 1, 1, 1, 1, 1, 2, 1,
       1, 1, 1, 1, 1, 1, 1, 1, 1, 1, 1, 1, 2, 1, 1, 2, 1, 1, 1, 1, 1, 1,
       1, 1, 1, 1, 1, 1, 1, 1, 1, 1, 1, 1, 1, 1, 1, 1, 1, 1, 1, 1, 1, 1,
       1, 2, 1, 3, 1, 2, 1, 1, 1, 1, 1, 1, 1, 2, 2, 2, 1, 1, 1, 1, 1, 3,
       1, 1, 1, 1, 1, 1, 1, 1, 1, 1, 1, 1]), 'time': 72.44475555419922}
lenSubsequence: 19{'RI': 0.3828662565504671, 'num_clusters': 3, 'uShapelets': [{'ts_index': 35, 'loc': 125, 'gap': 0.02797388566249792, 'distances': array([0.11820972, 0.19126648, 0.21940441, 0.23662057, 0.2156171 ,
       0.23213272, 0.16962581, 0.22812662, 0.25493917, 0.25120677,
       0.22328153, 0.17962792, 0.15608122, 0.26400536, 0.19188888,
       0.25598762, 0.16382868, 0.25965221, 0.19407598, 0.21417368,
       0.21429566, 0.22792328, 0.18497278, 0.1597186 , 0.23245605,
       0.19898394, 0.15178305, 0.18479136, 0.17045532, 0.20447644,
       0.1936968 , 0.19222423, 0.23242532, 0.16295008, 0.25135927,
       0.17683857, 0.22617341, 0.25343225, 0.18237177, 0.19864198,
       0.25255696, 0.25238521, 0.19840564, 0.17219081, 0.24582103,
       0.16748144, 0.21879618, 0.18627387, 0.1439941 , 0.18885525,
       0.22256101, 0.1536424 , 0.12593158, 0.25505737, 0.21261103,
       0.15500961, 0.1991744 , 0.26555621, 0.23702041, 0.19393079,
       0.32787451, 0.22101956, 0.18704598, 0.26677119, 0.2242604 ,
       0.18241708, 0.27852683, 0.11920171, 0.18120005, 0.16746897,
       0.18971975, 0.15685056, 0.18376343, 0.16232672, 0.21929475,
       0.17189466, 0.17461453, 0.15006978, 0.21342756, 0.16988314,
       0.1823305 , 0.19392467, 0.19245822, 0.24952101, 0.19070885,
       0.14628772, 0.19377872, 0.21430818, 0.22728761, 0.23313815,
       0.15427991, 0.22167838, 0.25608439, 0.15424991, 0.2709381 ,
       0.28371738, 0.23932623, 0.24950406, 0.16156566, 0.27752657,
       0.17107553, 0.14598082, 0.261993  , 0.29998744, 0.18375452,
       0.23109486, 0.27823648, 0.19662535, 0.25107042, 0.23533534,
       0.17611483, 0.19579   , 0.24342556, 0.21766865, 0.24543514,
       0.2185286 , 0.19741357, 0.16354674, 0.20018621, 0.24930178,
       0.21032943, 0.21355083, 0.18929415, 0.23807166, 0.13897188,
       0.15378595, 0.19064683, 0.17076973, 0.15379895, 0.2671636 ,
       0.26334772, 0.21761722, 0.15174004, 0.12438829, 0.16980664,
       0.14901933, 0.12431724, 0.22904034, 0.21109622, 0.15196977,
       0.14138121, 0.17775136, 0.20187575, 0.19782281, 0.26493876,
       0.19209732, 0.17313211, 0.30371577, 0.21436549, 0.20222737,
       0.24835808, 0.19853593, 0.16977437, 0.12796771, 0.1353593 ,
       0.15633277, 0.15000243, 0.18041619, 0.24728115, 0.15799655,
       0.15998298, 0.18937575, 0.2279689 , 0.16858215, 0.2486407 ,
       0.19191762, 0.15457265, 0.23549236, 0.23808868, 0.12639627,
       0.1840233 , 0.22153422, 0.22062206, 0.19838179, 0.19200924,
       0.17822462, 0.18935727, 0.20629177, 0.23779567, 0.23900901,
       0.17624573, 0.2675192 , 0.21152491, 0.20595563, 0.21089723,
       0.15104943, 0.15769509, 0.21102493, 0.16936108, 0.27035888,
       0.2477599 , 0.19789891, 0.19652567, 0.19222441, 0.21750047,
       0.19564339, 0.12880705, 0.27066126, 0.14586656, 0.21644017,
       0.17969163, 0.20244321, 0.13010108, 0.18723387, 0.14016465,
       0.1721866 , 0.19710861, 0.22826853, 0.17409666, 0.16525994]), 'delta_distances': array([0., 0., 0., 0., 0., 0., 0., 0., 0., 0., 0., 0., 0., 0., 0., 0., 0.,
       0., 0., 0., 0., 0., 0., 0., 0., 0., 0., 0., 0., 0., 0., 0., 0., 0.,
       0., 0., 0., 0., 0., 0., 0., 0., 0., 0., 0., 0., 0., 0., 0., 0., 0.,
       0., 0., 0., 0., 0., 0., 0., 0., 0., 0., 0., 0., 0., 0., 0., 0., 0.,
       0., 0., 0., 0., 0., 0., 0., 0., 0., 0., 0., 0., 0., 0., 0., 0., 0.,
       0., 0., 0., 0., 0., 0., 0., 0., 0., 0., 0., 0., 0., 0., 0., 0., 0.,
       0., 0., 0., 0., 0., 0., 0., 0., 0., 0., 0., 0., 0., 0., 0., 0., 0.,
       0., 0., 0., 0., 0., 0., 0., 0., 0., 0., 0., 0., 0., 0., 0., 0., 0.,
       0., 0., 0., 0., 0., 0., 0., 0., 0., 0., 0., 0., 0., 0., 0., 0., 0.,
       0., 0., 0., 0., 0., 0., 0., 0., 0., 0., 0., 0., 0., 0., 0., 0., 0.,
       0., 0., 0., 0., 0., 0., 0., 0., 0., 0., 0., 0., 0., 0., 0., 0., 0.,
       0., 0., 0., 0., 0., 0., 0., 0., 0., 0., 0., 0., 0., 0., 0., 0., 0.,
       0., 0., 0., 0., 0., 0.]), 'locations': array([123, 124, 124, 123, 124, 124, 124, 124, 123, 124, 123, 123, 124,
       124, 124,  53, 124, 124, 123, 122, 123, 124, 124, 124, 124, 124,
       122, 124, 122,  58,  57, 122, 124, 124,  53, 124, 124,  21, 124,
       124, 123,  34, 124, 124,  54, 124, 123, 124, 124, 123, 123, 124,
       124, 122, 123, 123, 124,  54, 123, 124, 124,  60,  43, 123,  55,
       123, 124, 124, 123, 123, 123, 124, 124, 124, 124, 124,  54, 124,
       124, 124, 124, 124, 122, 123, 124, 123, 123, 124, 124, 124, 124,
       124, 124, 124, 123, 123,  58, 124, 124, 124,  53, 124, 122, 124,
       124, 123,  22, 124, 117, 124, 123, 124, 124, 123, 122, 123, 123,
       124, 124, 123, 123, 124, 124, 123, 124, 123, 124, 124, 124, 124,
       124, 122, 124, 124, 124, 124, 124, 123,  60, 123, 124, 124, 124,
        56, 124, 124, 124, 124,  96,  54,  52, 124, 124, 124, 124, 124,
       123, 124, 124, 123, 124, 124, 124, 123, 124, 124, 124,  56, 122,
       124, 124,  52, 124, 123, 124, 124, 124, 123, 124, 122, 124, 124,
       124, 124, 123, 123, 123, 123, 123, 124, 123, 124, 124, 124, 124,
        49, 124,  59, 123, 124, 123, 123, 123, 124, 124, 124, 124, 124,
       124, 124])}, {'ts_index': 99, 'loc': 2, 'gap': 0.024982804994707064, 'distances': array([0.13415285, 0.1567061 , 0.18340328, 0.15428429, 0.20903525,
       0.18746821, 0.26175902, 0.23848601, 0.18976997, 0.16598335,
       0.14242245, 0.24402138, 0.1839216 , 0.17437351, 0.20898053,
       0.16069467, 0.14887045, 0.1995569 , 0.14876066, 0.22142426,
       0.        , 0.22554806, 0.18197746, 0.2439537 , 0.24462129,
       0.14731583, 0.16720638, 0.18321905, 0.17985979, 0.17944497,
       0.15141185, 0.14871786, 0.16394284, 0.20446429, 0.20022682,
       0.17227404, 0.17022581, 0.14890006]), 'delta_distances': array([0., 0., 0., 0., 0., 0., 0., 0., 0., 0., 0., 0., 0., 0., 0., 0., 0.,
       0., 0., 0., 0., 0., 0., 0., 0., 0., 0., 0., 0., 0., 0., 0., 0., 0.,
       0., 0., 0., 0.]), 'locations': array([  1,   4,  32,   1,   3,   3,   0,   3,  92,   4,   3,   7,  79,
       103,  60,   3,   4,  78,   4,   7,   2,  78,   2, 106, 121,  51,
        30,   4, 105,  31,   5,   3,   5, 107,   6,   1,   5,   5])}], 'clusters': array([1, 1, 1, 1, 1, 1, 1, 1, 2, 2, 1, 1, 1, 2, 1, 2, 1, 2, 1, 1, 1, 1,
       1, 1, 1, 1, 1, 1, 1, 1, 1, 1, 1, 1, 2, 1, 1, 0, 1, 1, 0, 2, 1, 1,
       2, 1, 1, 1, 1, 1, 1, 1, 1, 2, 1, 1, 1, 0, 1, 1, 2, 1, 1, 2, 1, 1,
       2, 1, 1, 1, 1, 1, 1, 1, 1, 1, 1, 1, 1, 1, 1, 1, 1, 2, 1, 1, 1, 1,
       1, 1, 1, 1, 2, 1, 2, 2, 1, 0, 1, 2, 1, 1, 0, 2, 1, 1, 0, 1, 0, 1,
       1, 1, 1, 1, 2, 1, 1, 1, 1, 2, 1, 1, 1, 1, 1, 1, 1, 1, 1, 2, 2, 1,
       1, 1, 1, 1, 1, 1, 1, 1, 1, 1, 1, 1, 2, 1, 1, 2, 1, 1, 2, 1, 1, 1,
       1, 1, 1, 1, 2, 1, 1, 1, 1, 1, 2, 1, 1, 1, 1, 1, 1, 1, 1, 1, 1, 1,
       1, 1, 1, 1, 1, 2, 1, 1, 1, 1, 1, 1, 1, 2, 2, 1, 1, 1, 1, 1, 1, 2,
       1, 1, 1, 1, 1, 1, 1, 1, 1, 1, 1, 1]), 'time': 71.29601907730103}
lenSubsequence: 20{'RI': 0.3724766461608567, 'num_clusters': 3, 'uShapelets': [{'ts_index': 186, 'loc': 1, 'gap': 0.03170833029581596, 'distances': array([0.19597907, 0.21985193, 0.15200646, 0.3009832 , 0.19926187,
       0.24084075, 0.12475384, 0.21620776, 0.2707191 , 0.18186499,
       0.2041045 , 0.15344161, 0.14399376, 0.27000818, 0.21192539,
       0.23956489, 0.25546115, 0.23253634, 0.24130569, 0.20601904,
       0.25381786, 0.24515534, 0.17289208, 0.19557925, 0.20138903,
       0.1973179 , 0.15619321, 0.17168692, 0.17538726, 0.18907914,
       0.17145277, 0.1513707 , 0.23564231, 0.1863613 , 0.29223597,
       0.22581804, 0.17788245, 0.26160552, 0.16060928, 0.19644361,
       0.29646804, 0.16380845, 0.1920748 , 0.17197734, 0.24416579,
       0.18089332, 0.23078168, 0.25954072, 0.19169605, 0.23437674,
       0.18095734, 0.23137798, 0.16808474, 0.24968457, 0.21198641,
       0.16144158, 0.18144929, 0.22862008, 0.18273289, 0.16748125,
       0.34431641, 0.18394068, 0.32593324, 0.2959411 , 0.24727509,
       0.21883862, 0.29546303, 0.23238926, 0.17404785, 0.21111958,
       0.11800361, 0.19760989, 0.21589754, 0.20262324, 0.28509568,
       0.19937873, 0.29724588, 0.22709923, 0.25265838, 0.1760138 ,
       0.21472526, 0.14310767, 0.24392624, 0.16896422, 0.2682166 ,
       0.18018276, 0.15851169, 0.25057957, 0.22383975, 0.20336197,
       0.1626974 , 0.13712885, 0.13243394, 0.20021695, 0.23098286,
       0.16234296, 0.16928268, 0.16205619, 0.22342668, 0.28408214,
       0.22642894, 0.17490269, 0.27276518, 0.22530117, 0.17622937,
       0.20611294, 0.30287721, 0.156213  , 0.26362097, 0.2253224 ,
       0.19237083, 0.14432609, 0.2028137 , 0.20229377, 0.22901333,
       0.23165537, 0.15803206, 0.24454701, 0.22098647, 0.2506043 ,
       0.2179233 , 0.24209248, 0.25985864, 0.24154973, 0.20607108,
       0.24999036, 0.15982221, 0.16109908, 0.22078099, 0.28017352,
       0.27433963, 0.18017613, 0.16473946, 0.18527013, 0.18917334,
       0.14063114, 0.18562255, 0.17758991, 0.24718832, 0.27442419,
       0.18401736, 0.21271292, 0.22629887, 0.2168286 , 0.25934185,
       0.23218405, 0.27164709, 0.21692337, 0.26304006, 0.2459143 ,
       0.30147614, 0.28226608, 0.19715436, 0.20451606, 0.17020052,
       0.18893496, 0.11483424, 0.22328504, 0.24527075, 0.16160908,
       0.19585652, 0.16752572, 0.1985013 , 0.28724712, 0.18899194,
       0.19012949, 0.21658793, 0.18766775, 0.23300016, 0.18025772,
       0.15208412, 0.28192878, 0.26838679, 0.18509411, 0.14670586,
       0.13546709, 0.19462081, 0.18671633, 0.2783134 , 0.20768841,
       0.16275174, 0.27086397, 0.19111822, 0.16815263, 0.21560774,
       0.19521051, 0.        , 0.21221583, 0.19267436, 0.16640125,
       0.23340153, 0.1421731 , 0.27712807, 0.22655031, 0.24629504,
       0.24342345, 0.22335861, 0.1991121 , 0.16630554, 0.20704559,
       0.15455643, 0.18770525, 0.14405383, 0.16560488, 0.21429859,
       0.20112379, 0.15993884, 0.29265167, 0.18853427, 0.25317775]), 'delta_distances': array([0., 0., 0., 0., 0., 0., 0., 0., 0., 0., 0., 0., 0., 0., 0., 0., 0.,
       0., 0., 0., 0., 0., 0., 0., 0., 0., 0., 0., 0., 0., 0., 0., 0., 0.,
       0., 0., 0., 0., 0., 0., 0., 0., 0., 0., 0., 0., 0., 0., 0., 0., 0.,
       0., 0., 0., 0., 0., 0., 0., 0., 0., 0., 0., 0., 0., 0., 0., 0., 0.,
       0., 0., 0., 0., 0., 0., 0., 0., 0., 0., 0., 0., 0., 0., 0., 0., 0.,
       0., 0., 0., 0., 0., 0., 0., 0., 0., 0., 0., 0., 0., 0., 0., 0., 0.,
       0., 0., 0., 0., 0., 0., 0., 0., 0., 0., 0., 0., 0., 0., 0., 0., 0.,
       0., 0., 0., 0., 0., 0., 0., 0., 0., 0., 0., 0., 0., 0., 0., 0., 0.,
       0., 0., 0., 0., 0., 0., 0., 0., 0., 0., 0., 0., 0., 0., 0., 0., 0.,
       0., 0., 0., 0., 0., 0., 0., 0., 0., 0., 0., 0., 0., 0., 0., 0., 0.,
       0., 0., 0., 0., 0., 0., 0., 0., 0., 0., 0., 0., 0., 0., 0., 0., 0.,
       0., 0., 0., 0., 0., 0., 0., 0., 0., 0., 0., 0., 0., 0., 0., 0., 0.,
       0., 0., 0., 0., 0., 0.]), 'locations': array([  0,   0,   1, 123,   1,   1,   0,   0,   0,   2,   0,   1,   0,
         1,   3,   2,   1,   0,   2,   2,   0,   0,   1,   0,   0,   0,
         0,   0,   0,   2,  75,   1,   0,   0,   0,   1,   1, 107,   0,
         0,   0,   0,   0,   1,   0,   1,   2,   0,   0,   0,   0,   0,
         0,  77,   0,   0,   0,   0,  76,  80, 110,   0, 116, 104,  70,
         0,   0,   0,   1,   0,   0,   2,   0,   1,   2,   0,   0,   0,
         2,   0,   1,   1,   0,  75,   1,   1,   0,   0,  69,   0,   0,
         1,   0,   0,  78,  76,   2,   0,   1,   0,  69,   0,   0,  72,
         2,   0,  30,   0, 122,   0,   0,   1,   1,   0,   0,  54,   0,
         1,   2,  28,   0,  75,   0,   0,   1,   0,   0,   0,   2,   0,
        30,   2,   1,   0,   3,   0,   1,   1,  69,   3,   1,   1,   0,
         1,  26,   0,  41,  76, 107,   0,   4,   0,  77,   2,   1,   0,
         0,   1,   3,   1,   0,   1,   0,  45,   0,   0,   1,   0,  48,
         0,   1,  70,   0,   0,   1,   0,   2,   0,   4,   2,   0,  76,
         0,   1,   0,   1,   1,   0,   1,  74,  75,   0,  76,  74, 105,
       123,   2,   0,   0,   0,   0,   0,   0,   1,   0,   0,   0,   1,
         2,   0])}, {'ts_index': 47, 'loc': 124, 'gap': 0.03404294380417064, 'distances': array([0.25334176, 0.27349994, 0.25701193, 0.14819038, 0.14143499,
       0.23809333, 0.20574125, 0.24133127, 0.1448321 , 0.3035689 ,
       0.16175057, 0.22712339, 0.22423535, 0.16617325, 0.16509348,
       0.23219471, 0.26981401, 0.27395445, 0.27509694, 0.25191879,
       0.17657445, 0.25096314, 0.24354572, 0.16777816, 0.24158941,
       0.20097727, 0.21136958, 0.22796093, 0.20115796, 0.1069398 ,
       0.18892211, 0.19330067, 0.20383257, 0.26660779, 0.20764221,
       0.21287388]), 'delta_distances': array([0., 0., 0., 0., 0., 0., 0., 0., 0., 0., 0., 0., 0., 0., 0., 0., 0.,
       0., 0., 0., 0., 0., 0., 0., 0., 0., 0., 0., 0., 0., 0., 0., 0., 0.,
       0., 0.]), 'locations': array([123, 123, 122, 122, 123,  53, 123, 121, 123, 123,  45, 123, 123,
       123,  53, 123, 123, 120,  20, 117, 123, 123, 123, 123, 123, 123,
        96, 123, 123, 123,  51, 123, 123, 122, 123, 123])}], 'clusters': array([1, 1, 1, 0, 1, 1, 1, 1, 0, 1, 1, 1, 1, 0, 1, 1, 2, 1, 1, 1, 2, 1,
       1, 1, 1, 1, 1, 1, 1, 1, 1, 1, 1, 1, 0, 1, 1, 0, 1, 1, 0, 1, 1, 1,
       1, 1, 1, 2, 1, 1, 1, 1, 1, 1, 1, 1, 1, 1, 1, 1, 0, 1, 2, 0, 1, 1,
       0, 1, 1, 1, 1, 1, 1, 1, 2, 1, 2, 1, 1, 1, 1, 1, 1, 1, 0, 1, 1, 1,
       1, 1, 1, 1, 1, 1, 1, 1, 1, 1, 1, 0, 1, 1, 0, 1, 1, 1, 0, 1, 0, 1,
       1, 1, 1, 1, 1, 1, 1, 1, 1, 1, 1, 1, 2, 1, 1, 1, 1, 1, 1, 0, 0, 1,
       1, 1, 1, 1, 1, 1, 1, 2, 1, 1, 1, 1, 0, 1, 0, 1, 0, 1, 0, 0, 1, 1,
       1, 1, 1, 1, 1, 1, 1, 1, 1, 2, 1, 1, 1, 1, 1, 1, 1, 0, 0, 1, 1, 1,
       1, 1, 0, 1, 1, 0, 1, 1, 1, 1, 1, 1, 1, 1, 1, 1, 0, 1, 1, 1, 1, 1,
       1, 1, 1, 1, 1, 1, 1, 1, 1, 0, 1, 1]), 'time': 71.80399894714355}
