lenSubsequence: 21{'RI': 0.5049919484702093, 'num_clusters': 3, 'uShapelets': [{'ts_index': 71, 'loc': 25, 'gap': 0.031282447163411414, 'distances': array([0.15980351, 0.1320378 , 0.15491275, 0.1907135 , 0.19066238,
       0.21709033, 0.15835805, 0.16402468, 0.22748071, 0.13328019,
       0.14586663, 0.17659967, 0.21718271, 0.14538265, 0.18470965,
       0.17658708, 0.17900286, 0.14483555, 0.21291118, 0.15186482,
       0.18935151, 0.17021799, 0.13522008, 0.16209856, 0.14141423,
       0.22136846, 0.16279947, 0.20447119, 0.17256555, 0.12442521,
       0.13439854, 0.23081127, 0.21591159, 0.21726994, 0.13355703,
       0.14400429, 0.11217035, 0.13596356, 0.16210658, 0.24959891,
       0.1864684 , 0.21447268, 0.22956219, 0.12567579, 0.16160699,
       0.21626564, 0.21630002, 0.20372428, 0.25955692, 0.16814829,
       0.2477525 , 0.15517193, 0.10321503, 0.14472863, 0.15248443,
       0.1317634 , 0.13048302, 0.19340876, 0.26503489, 0.24287647,
       0.21458899, 0.12994172, 0.11055161, 0.19772423, 0.11841768,
       0.13677436, 0.19996423, 0.14773922, 0.16913554, 0.15123343,
       0.21710646, 0.        , 0.14073036, 0.18159458, 0.14787501,
       0.22308857, 0.18601903, 0.13996004, 0.14204186, 0.20830723,
       0.1705748 , 0.17597978, 0.15765639, 0.14729984, 0.11908222,
       0.13260113, 0.19966786, 0.18141212, 0.12594901, 0.12184239,
       0.16504953, 0.12113067, 0.13801466, 0.13399562, 0.19377348,
       0.16741857, 0.21617993, 0.14350141, 0.25382895, 0.15745364,
       0.12390764, 0.13462306, 0.1861413 , 0.17047793, 0.1637624 ,
       0.22584888, 0.15516984, 0.12071774, 0.16049938, 0.15906839,
       0.16197411, 0.14538901, 0.11530807, 0.2444305 , 0.17586866,
       0.18259687, 0.19561548, 0.15413179, 0.12048367, 0.10851049,
       0.12256283, 0.1405626 , 0.19969766, 0.17746696, 0.17398264,
       0.19260009, 0.1565484 , 0.17231456, 0.17062454, 0.15013074,
       0.13362569, 0.1738587 , 0.13933688, 0.12800914, 0.23297923,
       0.15602995, 0.15142646, 0.190949  , 0.20115734, 0.11716183,
       0.14267683, 0.19249597, 0.11862616, 0.16826791, 0.12660632,
       0.20603043, 0.17310056, 0.18234249, 0.13030923, 0.13808054,
       0.09949017, 0.23644625, 0.19541516, 0.13958933, 0.22971781,
       0.13935517, 0.14795002, 0.23589967, 0.1571818 , 0.12892276,
       0.17498969, 0.25464648, 0.14360466, 0.15623467, 0.15207874,
       0.13965498, 0.16783156, 0.19835978, 0.15769924, 0.17419471,
       0.22436697, 0.13321006, 0.14356604, 0.15646764, 0.14012149,
       0.19322842, 0.20438118, 0.1331811 , 0.12639888, 0.18050569,
       0.17990961, 0.21263627, 0.18784733, 0.12106178, 0.14941559,
       0.1832278 , 0.14678766, 0.24000518, 0.09920713, 0.17675669,
       0.14202073, 0.11388746, 0.22976955, 0.21515247, 0.22398723,
       0.19105546, 0.13567129, 0.17476192, 0.13641309, 0.17288117,
       0.2355365 , 0.1529907 , 0.21932637, 0.17035777, 0.19023856,
       0.18732213, 0.18090307, 0.20814498, 0.12866542, 0.11126706,
       0.11198764, 0.14285958, 0.13293801, 0.2123127 , 0.17315153,
       0.17829894, 0.16298008, 0.14342223, 0.1649838 , 0.18086729,
       0.14180824, 0.1798851 , 0.21971835, 0.132504  , 0.19149132,
       0.19751436, 0.20158208, 0.19388567, 0.17701104, 0.19816248,
       0.22576802, 0.10933148, 0.16050183, 0.17566385, 0.18565681,
       0.10425894, 0.16620081, 0.14184782, 0.20744113, 0.18481839,
       0.14733554, 0.20892985, 0.19819935, 0.18019978, 0.16907649,
       0.1646575 , 0.2068832 , 0.20496229, 0.17544251, 0.14606088,
       0.20126108, 0.11806086, 0.18219498, 0.14753565, 0.17389807,
       0.16592684, 0.18388409, 0.18041629, 0.21458247, 0.2045916 ,
       0.13423559, 0.16771211, 0.24266728, 0.23524373, 0.14487394,
       0.22321649, 0.14377369, 0.13204509, 0.22550978, 0.21554359,
       0.15600262, 0.17890131, 0.1962179 , 0.13205073, 0.14553055,
       0.19304089, 0.19914802, 0.10803718, 0.24380684, 0.1213899 ,
       0.17349904, 0.11468153, 0.1253188 , 0.16635081, 0.20273298,
       0.19164083, 0.17973051, 0.17004624, 0.15600262, 0.17520994,
       0.16736861, 0.13680636, 0.2453612 , 0.22614065, 0.12404532,
       0.11011216, 0.14083617, 0.0902793 , 0.14507422, 0.16757337,
       0.17551951, 0.24087029, 0.19562917, 0.21312016, 0.18941801,
       0.13843429, 0.18142363, 0.19163597, 0.12923879, 0.15621812,
       0.15151089, 0.18452423, 0.17314106, 0.14776975, 0.20517383,
       0.17120195, 0.13211076, 0.18953224, 0.13766545, 0.14978795,
       0.13669282, 0.1319889 , 0.11586275, 0.1638692 , 0.11634816,
       0.17389264, 0.18446572, 0.1593609 , 0.12280646, 0.13578031,
       0.16853844, 0.1337427 , 0.17737472, 0.13972307, 0.18935525,
       0.12488186, 0.17416392, 0.14969138, 0.18574445, 0.19779602,
       0.12291055, 0.14217863, 0.15503644, 0.09287789, 0.21674994,
       0.19088612, 0.14833801, 0.12863921, 0.14992436, 0.1384284 ,
       0.11435195, 0.16093822, 0.10427623, 0.09171893, 0.17688398,
       0.22307352, 0.18210704, 0.11632601, 0.16529731, 0.18582923,
       0.13310543, 0.13849314, 0.20881097, 0.17102169, 0.16027223,
       0.13133099, 0.12664673, 0.12604404, 0.13440993, 0.24822979,
       0.21498681, 0.2426392 , 0.17145993, 0.16382128, 0.16252479,
       0.1296503 , 0.14341643, 0.19479073, 0.23351398, 0.2469463 ,
       0.10667476, 0.11439679, 0.15807295, 0.20967104, 0.16469156,
       0.2238185 , 0.21460006, 0.11546295, 0.13882676, 0.17439474,
       0.13396885, 0.24076145, 0.21606558, 0.21983005, 0.12111606,
       0.18693442, 0.24489082, 0.20882803, 0.13659011, 0.22423927,
       0.14704234, 0.11373172, 0.10668564, 0.15862355, 0.19152775,
       0.14097621, 0.15198083, 0.15455753, 0.23053819, 0.1730022 ,
       0.13004718, 0.18065479, 0.2125272 , 0.14478662, 0.12181215,
       0.22334808, 0.19027554, 0.15163817, 0.13444976, 0.10641472,
       0.12872202, 0.19464869, 0.15318587, 0.19549492, 0.19077951,
       0.15485744, 0.14580947, 0.15719198, 0.14822478, 0.18151705,
       0.14980656, 0.21254851, 0.24172358, 0.14039664, 0.14300905,
       0.12215169, 0.09567641, 0.12451714, 0.19637266, 0.14569616,
       0.15857423, 0.14271922, 0.17450283, 0.17212257, 0.12251826,
       0.13157608, 0.20192215, 0.14208878, 0.17537814, 0.14182904,
       0.13561773, 0.13881014, 0.15496771, 0.13286643, 0.11397627,
       0.17007992, 0.12377378, 0.17250413, 0.16713416, 0.07999571,
       0.16715123, 0.22792047, 0.12487094, 0.16123175, 0.24450932,
       0.16534562, 0.12840072, 0.13499331, 0.24639201, 0.178108  ,
       0.20130544, 0.12780846, 0.12323958, 0.1250473 , 0.15194321,
       0.19075444, 0.20937941, 0.18372903, 0.16128737, 0.1303856 ,
       0.16397561, 0.22366741, 0.14745096, 0.10260652, 0.20687825,
       0.25196634, 0.1439533 , 0.18421976, 0.13181386, 0.22046568,
       0.14339341, 0.12810577, 0.12620066, 0.15359015, 0.17474893,
       0.16095857, 0.18246542, 0.20177406, 0.18424018, 0.22718593,
       0.15123549, 0.13582606, 0.12818345, 0.19695556, 0.1479228 ,
       0.15500409, 0.12805266, 0.13758442, 0.2444078 , 0.21499128,
       0.15800077, 0.12897637, 0.19589691, 0.18668689, 0.12619402,
       0.11081696, 0.15894034, 0.1603722 , 0.17731181, 0.21529091,
       0.15678805, 0.15281682, 0.26233757, 0.14410662, 0.10142422,
       0.14588484, 0.2124189 , 0.1281875 , 0.16935734, 0.20257888,
       0.16279525, 0.18921715, 0.23587458, 0.12892094, 0.19676865,
       0.23852872, 0.20649286, 0.23742   , 0.24886169, 0.20237845,
       0.10783291, 0.16824894, 0.23889832, 0.17252917, 0.14656936,
       0.1304439 , 0.20553031, 0.15175621, 0.15063521, 0.1409737 ,
       0.19551633, 0.16007757, 0.13515521, 0.18006329, 0.16822858,
       0.15057446, 0.13913674, 0.20753915, 0.15004581, 0.20250162,
       0.15854923, 0.09342699, 0.26484279, 0.16874874, 0.1025871 ,
       0.15407628, 0.12275934, 0.12784206, 0.13070497, 0.16838299,
       0.17751855, 0.16987139, 0.17149766, 0.15012094, 0.18355477,
       0.170122  , 0.16515662, 0.16722844, 0.13776756, 0.17675094,
       0.18848148, 0.24968372, 0.17210115, 0.15542925, 0.18865805,
       0.26291756, 0.2532267 , 0.15648622, 0.18040131, 0.10575297,
       0.12961273, 0.15958812, 0.18340885, 0.17694742, 0.19911507,
       0.18598712, 0.14305358, 0.24032988, 0.12175712, 0.10848576,
       0.16203633, 0.14464623, 0.21689382, 0.15517617, 0.14119261,
       0.16355354, 0.13781017, 0.18212875, 0.13364432, 0.1633257 ,
       0.24686086, 0.15374662, 0.24757335, 0.12879753, 0.11778341,
       0.14846736, 0.13978673, 0.11574608, 0.14122914, 0.16394702,
       0.18733011]), 'delta_distances': array([0., 0., 0., 0., 0., 0., 0., 0., 0., 0., 0., 0., 0., 0., 0., 0., 0.,
       0., 0., 0., 0., 0., 0., 0., 0., 0., 0., 0., 0., 0., 0., 0., 0., 0.,
       0., 0., 0., 0., 0., 0., 0., 0., 0., 0., 0., 0., 0., 0., 0., 0., 0.,
       0., 0., 0., 0., 0., 0., 0., 0., 0., 0., 0., 0., 0., 0., 0., 0., 0.,
       0., 0., 0., 0., 0., 0., 0., 0., 0., 0., 0., 0., 0., 0., 0., 0., 0.,
       0., 0., 0., 0., 0., 0., 0., 0., 0., 0., 0., 0., 0., 0., 0., 0., 0.,
       0., 0., 0., 0., 0., 0., 0., 0., 0., 0., 0., 0., 0., 0., 0., 0., 0.,
       0., 0., 0., 0., 0., 0., 0., 0., 0., 0., 0., 0., 0., 0., 0., 0., 0.,
       0., 0., 0., 0., 0., 0., 0., 0., 0., 0., 0., 0., 0., 0., 0., 0., 0.,
       0., 0., 0., 0., 0., 0., 0., 0., 0., 0., 0., 0., 0., 0., 0., 0., 0.,
       0., 0., 0., 0., 0., 0., 0., 0., 0., 0., 0., 0., 0., 0., 0., 0., 0.,
       0., 0., 0., 0., 0., 0., 0., 0., 0., 0., 0., 0., 0., 0., 0., 0., 0.,
       0., 0., 0., 0., 0., 0., 0., 0., 0., 0., 0., 0., 0., 0., 0., 0., 0.,
       0., 0., 0., 0., 0., 0., 0., 0., 0., 0., 0., 0., 0., 0., 0., 0., 0.,
       0., 0., 0., 0., 0., 0., 0., 0., 0., 0., 0., 0., 0., 0., 0., 0., 0.,
       0., 0., 0., 0., 0., 0., 0., 0., 0., 0., 0., 0., 0., 0., 0., 0., 0.,
       0., 0., 0., 0., 0., 0., 0., 0., 0., 0., 0., 0., 0., 0., 0., 0., 0.,
       0., 0., 0., 0., 0., 0., 0., 0., 0., 0., 0., 0., 0., 0., 0., 0., 0.,
       0., 0., 0., 0., 0., 0., 0., 0., 0., 0., 0., 0., 0., 0., 0., 0., 0.,
       0., 0., 0., 0., 0., 0., 0., 0., 0., 0., 0., 0., 0., 0., 0., 0., 0.,
       0., 0., 0., 0., 0., 0., 0., 0., 0., 0., 0., 0., 0., 0., 0., 0., 0.,
       0., 0., 0., 0., 0., 0., 0., 0., 0., 0., 0., 0., 0., 0., 0., 0., 0.,
       0., 0., 0., 0., 0., 0., 0., 0., 0., 0., 0., 0., 0., 0., 0., 0., 0.,
       0., 0., 0., 0., 0., 0., 0., 0., 0., 0., 0., 0., 0., 0., 0., 0., 0.,
       0., 0., 0., 0., 0., 0., 0., 0., 0., 0., 0., 0., 0., 0., 0., 0., 0.,
       0., 0., 0., 0., 0., 0., 0., 0., 0., 0., 0., 0., 0., 0., 0., 0., 0.,
       0., 0., 0., 0., 0., 0., 0., 0., 0., 0., 0., 0., 0., 0., 0., 0., 0.,
       0., 0., 0., 0., 0., 0., 0., 0., 0., 0., 0., 0., 0., 0., 0., 0., 0.,
       0., 0., 0., 0., 0., 0., 0., 0., 0., 0., 0., 0., 0., 0., 0., 0., 0.,
       0., 0., 0., 0., 0., 0., 0., 0., 0., 0., 0., 0., 0., 0., 0., 0., 0.,
       0., 0., 0., 0., 0., 0., 0., 0., 0., 0., 0., 0., 0., 0., 0., 0., 0.,
       0., 0., 0., 0., 0., 0., 0., 0., 0., 0., 0., 0., 0., 0., 0., 0., 0.,
       0., 0., 0., 0., 0., 0., 0., 0., 0., 0., 0., 0., 0., 0., 0., 0., 0.,
       0., 0., 0., 0., 0., 0., 0., 0., 0., 0., 0., 0., 0., 0., 0., 0., 0.,
       0., 0., 0., 0., 0., 0., 0., 0., 0., 0., 0., 0., 0., 0., 0., 0., 0.,
       0., 0., 0., 0., 0., 0., 0., 0., 0., 0., 0., 0., 0., 0., 0., 0., 0.,
       0., 0., 0., 0., 0., 0., 0., 0., 0.]), 'locations': array([22, 24, 26, 23, 23, 27, 21, 16, 28, 26, 26, 26, 26, 24, 25, 25, 26,
       21, 26, 21, 10, 26, 27, 25, 24, 24, 24, 25, 26, 24, 25, 24, 23, 45,
       25, 22, 26, 23, 25, 27, 24, 10, 26, 27, 23, 23, 24, 26, 48, 26, 10,
       25, 24, 26, 26, 21, 27, 21, 10, 19, 26, 20, 25, 27, 24, 25, 23, 26,
       25, 26, 29, 25, 26, 27, 26, 14, 21, 25, 25, 16, 20, 26, 21, 20, 26,
       26, 26, 26, 25, 24, 25, 26, 25, 26, 26, 25, 19, 27, 48, 26, 25, 26,
       25, 17, 27, 10, 19, 25, 21, 24, 25, 26, 26, 10, 25, 27, 15, 26, 25,
       24, 24, 20, 22, 27, 25, 27, 21, 23, 20, 27, 25, 26, 26, 26, 10, 23,
       26, 24, 23, 26, 26, 26, 26, 22, 22, 16, 27, 24, 25, 26, 26, 11, 27,
       26, 15, 25, 24, 10, 27, 25, 24,  9, 26, 27, 24, 24, 21, 26, 26, 25,
       26, 23, 24, 26, 24, 25, 10, 27, 25, 26, 25, 24, 24, 26, 25, 21, 23,
       24, 25, 22, 27, 26, 11, 10, 25, 25, 25, 27, 27, 27, 11, 22, 25, 22,
       24, 22, 15, 15, 26, 25, 24, 26, 24, 26, 21, 26, 25, 26, 24, 24, 27,
       23, 26, 24, 26, 21, 45, 27, 24, 26, 15, 26, 25, 25, 24, 26, 20, 19,
       23, 23, 21, 26, 23, 24, 20, 27, 22, 27, 27, 21, 27, 26, 23, 25, 26,
       27, 24, 25,  8, 26, 26, 26, 23, 27, 26, 10, 26, 27,  6, 16, 25, 15,
       24, 21, 25, 24, 25, 26, 11, 26, 14, 24, 24, 23, 18, 24, 27, 26, 24,
       28, 27, 26, 15, 25, 27, 26, 26, 26, 25, 26, 25, 24, 10, 23, 27, 20,
       21, 23, 25, 27, 24, 27, 23, 25, 20, 21, 23, 24, 22, 21, 26, 24, 27,
       23, 27, 26, 23, 26, 26, 26, 20, 25, 24, 22, 25, 24, 25, 23, 27, 24,
       27, 25, 27, 25, 25, 24, 26, 26, 24, 26, 26, 24, 25, 26, 25, 22, 27,
       26, 25, 25, 26, 26, 10, 26, 26, 26, 28, 25, 24,  9, 25, 26, 21, 25,
       21, 26, 27, 24, 15,  9, 26, 26, 25, 21, 24, 26,  9, 24, 24, 26, 25,
       10, 10, 23, 24, 26, 27, 21, 24, 15, 24, 24, 27, 27, 26, 26, 26, 22,
       10, 21, 26, 27, 21, 24, 25, 10, 24, 24, 26, 25, 25, 23, 23, 24, 26,
       24, 27, 25, 21, 24, 26, 25, 45, 25, 26, 24, 25, 26, 15, 18, 25, 26,
       25, 26, 24, 26, 20, 26, 25, 22, 26, 26, 26, 22, 26, 24, 26, 25, 27,
       25, 24, 24, 27, 24, 10, 27, 26, 26, 11, 24, 27, 27, 25, 25, 27, 25,
       23, 25, 23, 24, 23, 27, 25, 24, 23, 18, 24, 24, 26,  8, 21, 26, 24,
       21, 24, 26, 26, 24, 27, 28, 25, 26, 24, 28, 25, 25, 25, 26, 28, 28,
       25, 25, 23, 14, 24, 25, 26, 26, 22,  9, 27, 25, 17, 26, 27, 22, 19,
       20, 26, 25, 25, 15, 26, 25, 21, 26, 28, 27, 11, 23, 26, 24, 10, 21,
       25, 26, 25, 24, 26, 25, 26, 24, 24, 23, 25, 21, 25,  9, 26, 28, 26,
       26,  9, 24, 26, 24, 27, 24, 24, 26, 27, 26, 21, 25, 22, 22, 21, 22,
       24, 24, 27, 27, 27, 25, 26, 10, 17, 26, 23, 26, 25, 27, 15, 23,  9,
       20, 26,  9, 25, 27, 23, 25, 24, 26, 26, 27, 24, 24, 24, 25, 10, 27,
        9, 24, 25, 25, 26, 26, 25, 27, 25])}, {'ts_index': 476, 'loc': 16, 'gap': 0.024128934555369227, 'distances': array([0.10349827, 0.08731139, 0.10316226, 0.1419574 , 0.11099453,
       0.13259832, 0.10872754, 0.14283923, 0.12281828, 0.09788103,
       0.11599387, 0.14617624, 0.13285094, 0.13522989, 0.09742056,
       0.06889731, 0.11776046, 0.1194396 , 0.10597177, 0.10280404,
       0.11545876, 0.14758739, 0.1037162 , 0.10529114, 0.10834928,
       0.09191958, 0.0999194 , 0.11431752, 0.07405772, 0.13646032,
       0.17078071, 0.08336012, 0.09380879, 0.09910407, 0.07143071,
       0.14772978, 0.0819199 , 0.10986304, 0.10010514, 0.12306558,
       0.15563161, 0.08819557, 0.12182337, 0.17570295, 0.10914918,
       0.13055829, 0.10624037, 0.10985167, 0.11122691, 0.10977209,
       0.12473104, 0.10880418, 0.18346003, 0.08567244, 0.18561982,
       0.11537383, 0.0862946 , 0.09809572, 0.10325003, 0.10059712,
       0.08528618, 0.07842488, 0.11896079, 0.09389063, 0.08644447,
       0.10132517, 0.10561713, 0.12407021, 0.10531403, 0.07737883,
       0.19394933, 0.10490155, 0.0774187 , 0.15042097, 0.09603107,
       0.13008464, 0.1640724 , 0.11549742, 0.09896949, 0.11021194,
       0.        , 0.07905   , 0.11458152, 0.08464391, 0.16427594,
       0.11041254, 0.16391294, 0.10748197, 0.16086182, 0.12072036,
       0.10311398, 0.1105188 , 0.11691112, 0.10829359, 0.07998447,
       0.09642969, 0.14973152, 0.14048139, 0.10571062, 0.10756854,
       0.16128187, 0.08869111, 0.09116649, 0.09404731]), 'delta_distances': array([0., 0., 0., 0., 0., 0., 0., 0., 0., 0., 0., 0., 0., 0., 0., 0., 0.,
       0., 0., 0., 0., 0., 0., 0., 0., 0., 0., 0., 0., 0., 0., 0., 0., 0.,
       0., 0., 0., 0., 0., 0., 0., 0., 0., 0., 0., 0., 0., 0., 0., 0., 0.,
       0., 0., 0., 0., 0., 0., 0., 0., 0., 0., 0., 0., 0., 0., 0., 0., 0.,
       0., 0., 0., 0., 0., 0., 0., 0., 0., 0., 0., 0., 0., 0., 0., 0., 0.,
       0., 0., 0., 0., 0., 0., 0., 0., 0., 0., 0., 0., 0., 0., 0., 0., 0.,
       0., 0.]), 'locations': array([18, 16, 17, 17, 17, 16, 18, 15, 16, 17, 16, 15, 17, 17, 16, 17, 17,
       15, 17, 18, 15, 23, 17, 15, 17, 18, 17, 18, 18, 15, 27, 16, 15, 17,
       15, 16, 15, 16, 16, 19, 17, 16, 18, 19, 14, 16, 16, 19, 15, 19, 17,
       16, 16, 18, 16, 15, 18, 17, 17, 17, 18, 16, 15, 17, 16, 16, 16, 17,
       18, 16, 14, 17, 17, 15, 16, 16, 16, 19, 19, 18, 16, 17, 18, 15, 17,
       18, 17, 16, 15, 17, 17, 16, 16, 17, 15, 17, 16, 16, 19, 16, 19, 18,
       16, 16])}], 'clusters': array([1, 1, 1, 1, 1, 2, 1, 1, 2, 1, 1, 1, 2, 1, 1, 1, 1, 1, 0, 1, 1, 1,
       1, 1, 1, 2, 1, 1, 1, 1, 1, 2, 2, 0, 1, 1, 1, 1, 1, 2, 1, 2, 2, 1,
       1, 0, 2, 1, 2, 1, 2, 1, 1, 1, 1, 1, 1, 1, 2, 2, 2, 1, 1, 1, 1, 1,
       1, 1, 1, 1, 2, 1, 1, 1, 1, 2, 1, 1, 1, 2, 1, 1, 1, 1, 1, 1, 1, 1,
       1, 1, 1, 1, 1, 1, 1, 1, 0, 1, 2, 1, 1, 1, 1, 1, 1, 2, 1, 1, 1, 1,
       1, 1, 1, 2, 1, 1, 1, 1, 1, 1, 1, 1, 1, 1, 1, 1, 1, 1, 1, 1, 1, 1,
       1, 1, 2, 1, 1, 1, 1, 1, 1, 1, 1, 1, 1, 1, 1, 1, 1, 1, 1, 2, 1, 1,
       2, 1, 1, 2, 1, 1, 1, 2, 1, 1, 1, 1, 1, 1, 1, 1, 0, 1, 1, 1, 1, 1,
       1, 1, 1, 1, 1, 2, 1, 1, 1, 1, 1, 2, 1, 1, 1, 1, 2, 2, 0, 1, 1, 1,
       1, 1, 2, 1, 2, 1, 1, 1, 1, 2, 1, 1, 1, 1, 1, 2, 1, 1, 1, 1, 1, 1,
       1, 1, 0, 1, 1, 1, 1, 1, 1, 1, 2, 1, 1, 1, 1, 1, 1, 1, 2, 1, 1, 0,
       1, 1, 1, 1, 1, 1, 1, 1, 1, 1, 1, 1, 1, 1, 1, 1, 2, 1, 1, 1, 2, 2,
       1, 2, 1, 1, 2, 2, 1, 1, 1, 1, 1, 1, 1, 1, 2, 1, 1, 1, 1, 1, 1, 1,
       1, 1, 1, 1, 1, 1, 2, 0, 1, 1, 1, 1, 1, 1, 1, 2, 1, 0, 1, 1, 1, 1,
       1, 1, 1, 1, 1, 1, 1, 1, 1, 1, 1, 1, 1, 1, 1, 1, 1, 1, 1, 1, 1, 1,
       1, 1, 1, 1, 1, 1, 1, 1, 1, 1, 1, 1, 1, 1, 2, 1, 1, 1, 1, 1, 1, 1,
       1, 1, 1, 2, 1, 1, 1, 1, 1, 1, 2, 1, 1, 1, 1, 1, 1, 2, 2, 2, 1, 1,
       1, 1, 1, 1, 2, 2, 1, 1, 1, 2, 1, 2, 2, 1, 1, 1, 1, 2, 2, 2, 1, 1,
       2, 0, 1, 2, 1, 1, 1, 1, 1, 1, 1, 1, 2, 1, 1, 1, 0, 1, 1, 2, 1, 1,
       1, 1, 1, 1, 1, 1, 1, 1, 1, 1, 1, 1, 1, 2, 0, 1, 1, 1, 1, 1, 1, 1,
       1, 1, 1, 1, 1, 1, 1, 1, 1, 1, 1, 1, 1, 1, 1, 1, 1, 1, 1, 1, 1, 2,
       1, 1, 2, 1, 1, 1, 2, 1, 1, 1, 1, 1, 1, 1, 2, 1, 1, 1, 1, 2, 1, 1,
       1, 2, 1, 1, 1, 2, 1, 1, 1, 1, 1, 1, 1, 1, 1, 0, 1, 1, 1, 1, 1, 1,
       1, 1, 2, 0, 1, 1, 1, 1, 1, 1, 1, 1, 1, 2, 1, 1, 0, 1, 1, 1, 2, 1,
       1, 1, 1, 1, 2, 1, 1, 2, 1, 2, 2, 1, 1, 1, 2, 1, 1, 1, 1, 1, 1, 1,
       1, 1, 1, 1, 1, 1, 1, 2, 1, 1, 1, 1, 0, 1, 1, 1, 1, 1, 1, 1, 1, 1,
       1, 1, 1, 1, 1, 1, 1, 1, 1, 2, 1, 1, 1, 2, 2, 1, 1, 1, 1, 1, 1, 1,
       1, 1, 1, 0, 1, 1, 1, 1, 2, 1, 1, 1, 1, 1, 1, 1, 2, 1, 2, 1, 1, 1,
       1, 1, 1, 1, 1]), 'time': 105.8495500087738}
lenSubsequence: 23{'RI': 0.49958443717209494, 'num_clusters': 4, 'uShapelets': [{'ts_index': 62, 'loc': 23, 'gap': 0.032562326610160675, 'distances': array([0.1144059 , 0.10183252, 0.13006809, 0.17932143, 0.19332177,
       0.20376173, 0.13907922, 0.1525339 , 0.21664625, 0.11899834,
       0.14979378, 0.14156468, 0.17009223, 0.14017699, 0.15638926,
       0.15409924, 0.1468151 , 0.1185949 , 0.16915631, 0.13361289,
       0.17235161, 0.17805146, 0.10521128, 0.16346937, 0.12764944,
       0.18887202, 0.14499609, 0.19072882, 0.14772486, 0.09458056,
       0.12267184, 0.23484803, 0.19917553, 0.20294468, 0.09810016,
       0.13908997, 0.09159484, 0.09573457, 0.14486374, 0.22169062,
       0.14236928, 0.19675689, 0.20834701, 0.12009479, 0.1319659 ,
       0.19024782, 0.18142848, 0.17571333, 0.22918418, 0.16380396,
       0.22792745, 0.11007485, 0.09295446, 0.13048086, 0.13649706,
       0.12256144, 0.10220336, 0.16770337, 0.25274539, 0.22086341,
       0.1856163 , 0.11273516, 0.        , 0.16959038, 0.08895359,
       0.12190697, 0.19207008, 0.12916202, 0.17501785, 0.12458915,
       0.1946649 , 0.10771053, 0.1394711 , 0.16806222, 0.1222585 ,
       0.23380947, 0.16247379, 0.10313721, 0.15946404, 0.18875984,
       0.15264447, 0.13455603, 0.13816938, 0.12721391, 0.10699069,
       0.1025981 , 0.16646239, 0.15956192, 0.14716721, 0.10115288,
       0.14324058, 0.10226531, 0.11407938, 0.13334986, 0.18605638,
       0.13152797, 0.19050096, 0.12073446, 0.23966963, 0.13607875,
       0.09832326, 0.12114464, 0.17162245, 0.15311164, 0.16459786,
       0.20887734, 0.14376381, 0.09333326, 0.15149456, 0.15033667,
       0.16245186, 0.14186384, 0.09658761, 0.2211956 , 0.1560798 ,
       0.18945007, 0.17690265, 0.13660679, 0.10762237, 0.09407476,
       0.10034878, 0.13429388, 0.18839993, 0.13608994, 0.17305856,
       0.16430586, 0.14010484, 0.17281319, 0.15298208, 0.12136636,
       0.11912895, 0.13582007, 0.12901338, 0.11727503, 0.21557589,
       0.14065897, 0.11956119, 0.18707535, 0.178988  , 0.10534984,
       0.12441577, 0.14500616, 0.08348637, 0.15064092, 0.10240663,
       0.20113724, 0.14207066, 0.15545897, 0.11918345, 0.10502363,
       0.10943692, 0.21949121, 0.19805707, 0.13197602, 0.22591289,
       0.15278338, 0.1258074 , 0.22386005, 0.15646287, 0.11084239,
       0.17231288, 0.23942439, 0.13051046, 0.1280137 , 0.15001278,
       0.11167796, 0.15251214, 0.16459967, 0.14376218, 0.15729821,
       0.20558232, 0.13928711, 0.15538214, 0.1297665 , 0.11849315,
       0.20056031, 0.19794302, 0.10111944, 0.11565878, 0.15900253,
       0.13784038, 0.18999806, 0.17569458, 0.11676555, 0.13402392,
       0.1530454 , 0.11024719, 0.21590588, 0.09333624, 0.16817119,
       0.10992061, 0.14645371, 0.21921742, 0.21682202, 0.20690534,
       0.16732209, 0.14191829, 0.14777141, 0.13097528, 0.13826805,
       0.2243197 , 0.14364357, 0.19937415, 0.15207032, 0.17075662,
       0.18561494, 0.18768495, 0.21494786, 0.09956904, 0.10185106,
       0.08809389, 0.12028683, 0.11521856, 0.19026753, 0.15947833,
       0.15287306, 0.14537605, 0.1146519 , 0.13419396, 0.14803963,
       0.10836655, 0.16350587, 0.19497221, 0.09999121, 0.16957425,
       0.16670438, 0.19143619, 0.16911868, 0.15802814, 0.16889559,
       0.20276557, 0.10962867, 0.14621015, 0.17034204, 0.16970566,
       0.09002871, 0.14335608, 0.14592979, 0.173355  , 0.15310226,
       0.14288107, 0.18397379, 0.18893105, 0.1520008 , 0.13738656,
       0.15668802, 0.16980705, 0.19134887, 0.14017285, 0.13474328,
       0.17630642, 0.10954993, 0.14381722, 0.14881445, 0.15389093,
       0.17431689, 0.14944233, 0.15597857, 0.21569942, 0.18252213,
       0.12201774, 0.14860089, 0.21701191, 0.20752287, 0.15808381,
       0.2059875 , 0.13003907, 0.12147233, 0.20957286, 0.20893191,
       0.13573811, 0.16216441, 0.16797264, 0.0952844 , 0.12212875,
       0.18400402, 0.18546319, 0.1361382 , 0.21435736, 0.09361648,
       0.15374032, 0.0943537 , 0.12187711, 0.14416965, 0.17707996,
       0.16255113, 0.15126444, 0.14430651, 0.12633237, 0.13476087,
       0.1369421 , 0.10336689, 0.21800387, 0.18544445, 0.12845669,
       0.10558661, 0.14476744, 0.12519645, 0.12477456, 0.14678145,
       0.1355386 , 0.22193495, 0.18589548, 0.19623331, 0.15942463,
       0.13284691, 0.14349676, 0.16911493, 0.11584456, 0.12813281,
       0.1326613 , 0.15794999, 0.15310829, 0.13134475, 0.19207061,
       0.16670632, 0.10831206, 0.17863823, 0.13772308, 0.1324051 ,
       0.09726502, 0.14254376, 0.10562083, 0.16244219, 0.13368445,
       0.1574983 , 0.16075753, 0.14379977, 0.10658607, 0.1082307 ,
       0.16011495, 0.11276994, 0.18334404, 0.11841256, 0.16481403,
       0.09237694, 0.16298961, 0.13431388, 0.1456503 , 0.19448922,
       0.12125155, 0.14609253, 0.14784629, 0.13073507, 0.2039347 ,
       0.1792263 , 0.13802676, 0.12341081, 0.10605113, 0.12422709,
       0.101147  , 0.13659146, 0.10455968, 0.10229214, 0.17469148,
       0.19595513, 0.1431539 , 0.10895147, 0.16905375, 0.13154585,
       0.08752386, 0.11952397, 0.20590468, 0.18331544, 0.13001192,
       0.09374619, 0.10988164, 0.11945685, 0.12251603, 0.21940757,
       0.19308309, 0.21066733, 0.15500671, 0.12502439, 0.15487581,
       0.11689737, 0.11586922, 0.15219587, 0.22689724, 0.24036066,
       0.09442049, 0.08865971, 0.13768764, 0.18322364, 0.15285243,
       0.21026349, 0.20913472, 0.11152828, 0.1181682 , 0.15592569,
       0.09140824, 0.23162588, 0.21230097, 0.1977469 , 0.07405142,
       0.18561982, 0.21632891, 0.20296367, 0.11276054, 0.23191415,
       0.1072835 , 0.11872548, 0.1251372 , 0.14504939, 0.14711467,
       0.08105058, 0.13895339, 0.14940644, 0.21171297, 0.14630864,
       0.11698041, 0.1657307 , 0.18981966, 0.13561785, 0.11058957,
       0.2039501 , 0.16647777, 0.11471519, 0.10255941, 0.09528751,
       0.13521705, 0.16070759, 0.13416192, 0.17103724, 0.17618738,
       0.13765913, 0.11233689, 0.14875878, 0.13887745, 0.13982934,
       0.13111882, 0.18341619, 0.21853022, 0.10205067, 0.1161715 ,
       0.12028331, 0.08038695, 0.10722502, 0.17069819, 0.13154228,
       0.16391096, 0.12826534, 0.14691963, 0.18399529, 0.1049117 ,
       0.10740259, 0.19804764, 0.1208913 , 0.1672076 , 0.14151953,
       0.12297008, 0.11509807, 0.13628425, 0.13034614, 0.10403923,
       0.18031027, 0.12134979, 0.15999677, 0.14626492, 0.11106298,
       0.16152219, 0.20362978, 0.11370814, 0.15187975, 0.21806819,
       0.15108283, 0.13244032, 0.12715763, 0.22920057, 0.15636121,
       0.17190468, 0.12533676, 0.1330582 , 0.10820163, 0.14287236,
       0.18346171, 0.21359597, 0.17742488, 0.16917671, 0.10739437,
       0.12956897, 0.18525511, 0.13118891, 0.11662274, 0.19991066,
       0.22949986, 0.11596166, 0.16805577, 0.1169497 , 0.20864217,
       0.12760484, 0.10703935, 0.11860927, 0.10925628, 0.15262256,
       0.1404398 , 0.16953838, 0.17543235, 0.18998253, 0.22980198,
       0.11182398, 0.11693011, 0.11367233, 0.17635321, 0.12960863,
       0.12593521, 0.12629038, 0.1073055 , 0.22533508, 0.1856262 ,
       0.14809404, 0.12679407, 0.1858405 , 0.18036263, 0.08636224,
       0.09542815, 0.13599302, 0.15483792, 0.15098195, 0.2126091 ,
       0.14197144, 0.12076282, 0.25382672, 0.12508737, 0.10415299,
       0.11994652, 0.17606226, 0.10600564, 0.15146843, 0.19593279,
       0.14790364, 0.18698219, 0.22152316, 0.1239051 , 0.16066512,
       0.20449834, 0.18099953, 0.21063718, 0.23216645, 0.18141573,
       0.09313861, 0.13171226, 0.21215011, 0.14709874, 0.09981433,
       0.12299765, 0.17937595, 0.11614398, 0.11289998, 0.1339648 ,
       0.18678065, 0.12570711, 0.13169292, 0.16323891, 0.14282173,
       0.1201215 , 0.11655493, 0.20793029, 0.09370326, 0.16793592,
       0.13442248, 0.10909363, 0.26174408, 0.13713756, 0.09698218,
       0.12792878, 0.11914442, 0.126596  , 0.11107681, 0.11744714,
       0.12908089, 0.13060383, 0.14970154, 0.11770985, 0.15304173,
       0.15559734, 0.16256991, 0.15183162, 0.10229152, 0.15620256,
       0.15023848, 0.21029058, 0.14824787, 0.13510269, 0.17404614,
       0.23245936, 0.23959889, 0.14858976, 0.15359108, 0.09170414,
       0.101143  , 0.14101487, 0.18468409, 0.16579824, 0.18530441,
       0.15418364, 0.15042264, 0.23049879, 0.11967549, 0.1343272 ,
       0.1137446 , 0.12866837, 0.19819381, 0.13890559, 0.12507963,
       0.14612844, 0.11634969, 0.14191548, 0.1255159 , 0.13032969,
       0.25586316, 0.12140319, 0.22988705, 0.12080316, 0.12072858,
       0.13459816, 0.12724029, 0.10009452, 0.11121596, 0.15541463,
       0.15632882]), 'delta_distances': array([0., 0., 0., 0., 0., 0., 0., 0., 0., 0., 0., 0., 0., 0., 0., 0., 0.,
       0., 0., 0., 0., 0., 0., 0., 0., 0., 0., 0., 0., 0., 0., 0., 0., 0.,
       0., 0., 0., 0., 0., 0., 0., 0., 0., 0., 0., 0., 0., 0., 0., 0., 0.,
       0., 0., 0., 0., 0., 0., 0., 0., 0., 0., 0., 0., 0., 0., 0., 0., 0.,
       0., 0., 0., 0., 0., 0., 0., 0., 0., 0., 0., 0., 0., 0., 0., 0., 0.,
       0., 0., 0., 0., 0., 0., 0., 0., 0., 0., 0., 0., 0., 0., 0., 0., 0.,
       0., 0., 0., 0., 0., 0., 0., 0., 0., 0., 0., 0., 0., 0., 0., 0., 0.,
       0., 0., 0., 0., 0., 0., 0., 0., 0., 0., 0., 0., 0., 0., 0., 0., 0.,
       0., 0., 0., 0., 0., 0., 0., 0., 0., 0., 0., 0., 0., 0., 0., 0., 0.,
       0., 0., 0., 0., 0., 0., 0., 0., 0., 0., 0., 0., 0., 0., 0., 0., 0.,
       0., 0., 0., 0., 0., 0., 0., 0., 0., 0., 0., 0., 0., 0., 0., 0., 0.,
       0., 0., 0., 0., 0., 0., 0., 0., 0., 0., 0., 0., 0., 0., 0., 0., 0.,
       0., 0., 0., 0., 0., 0., 0., 0., 0., 0., 0., 0., 0., 0., 0., 0., 0.,
       0., 0., 0., 0., 0., 0., 0., 0., 0., 0., 0., 0., 0., 0., 0., 0., 0.,
       0., 0., 0., 0., 0., 0., 0., 0., 0., 0., 0., 0., 0., 0., 0., 0., 0.,
       0., 0., 0., 0., 0., 0., 0., 0., 0., 0., 0., 0., 0., 0., 0., 0., 0.,
       0., 0., 0., 0., 0., 0., 0., 0., 0., 0., 0., 0., 0., 0., 0., 0., 0.,
       0., 0., 0., 0., 0., 0., 0., 0., 0., 0., 0., 0., 0., 0., 0., 0., 0.,
       0., 0., 0., 0., 0., 0., 0., 0., 0., 0., 0., 0., 0., 0., 0., 0., 0.,
       0., 0., 0., 0., 0., 0., 0., 0., 0., 0., 0., 0., 0., 0., 0., 0., 0.,
       0., 0., 0., 0., 0., 0., 0., 0., 0., 0., 0., 0., 0., 0., 0., 0., 0.,
       0., 0., 0., 0., 0., 0., 0., 0., 0., 0., 0., 0., 0., 0., 0., 0., 0.,
       0., 0., 0., 0., 0., 0., 0., 0., 0., 0., 0., 0., 0., 0., 0., 0., 0.,
       0., 0., 0., 0., 0., 0., 0., 0., 0., 0., 0., 0., 0., 0., 0., 0., 0.,
       0., 0., 0., 0., 0., 0., 0., 0., 0., 0., 0., 0., 0., 0., 0., 0., 0.,
       0., 0., 0., 0., 0., 0., 0., 0., 0., 0., 0., 0., 0., 0., 0., 0., 0.,
       0., 0., 0., 0., 0., 0., 0., 0., 0., 0., 0., 0., 0., 0., 0., 0., 0.,
       0., 0., 0., 0., 0., 0., 0., 0., 0., 0., 0., 0., 0., 0., 0., 0., 0.,
       0., 0., 0., 0., 0., 0., 0., 0., 0., 0., 0., 0., 0., 0., 0., 0., 0.,
       0., 0., 0., 0., 0., 0., 0., 0., 0., 0., 0., 0., 0., 0., 0., 0., 0.,
       0., 0., 0., 0., 0., 0., 0., 0., 0., 0., 0., 0., 0., 0., 0., 0., 0.,
       0., 0., 0., 0., 0., 0., 0., 0., 0., 0., 0., 0., 0., 0., 0., 0., 0.,
       0., 0., 0., 0., 0., 0., 0., 0., 0., 0., 0., 0., 0., 0., 0., 0., 0.,
       0., 0., 0., 0., 0., 0., 0., 0., 0., 0., 0., 0., 0., 0., 0., 0., 0.,
       0., 0., 0., 0., 0., 0., 0., 0., 0., 0., 0., 0., 0., 0., 0., 0., 0.,
       0., 0., 0., 0., 0., 0., 0., 0., 0., 0., 0., 0., 0., 0., 0., 0., 0.,
       0., 0., 0., 0., 0., 0., 0., 0., 0.]), 'locations': array([20, 23, 23, 22, 21, 23, 19, 22, 24, 24, 24, 23, 23, 22, 23, 21, 23,
       19, 24, 19,  9, 21, 25, 23, 22, 22, 23, 24, 24, 22, 23, 23, 21, 43,
       23, 20, 23, 22, 22, 26, 22, 19, 18, 24, 21, 22, 23, 24, 46, 19, 24,
       23, 22, 24, 24, 19, 24, 19,  9, 21, 24, 18, 23, 23, 22, 23, 21, 24,
       24, 24, 26, 23, 24, 25, 24,  8, 19, 23, 22, 23, 18, 24, 19, 18, 24,
       24, 25, 25, 21, 22, 23, 24, 23, 23, 25, 23, 21, 24, 46, 24, 23, 24,
       20, 24, 24, 22, 17, 22, 19, 21, 23, 24, 23,  8, 23, 23, 20, 24, 22,
       23, 22, 18, 21, 24, 22, 25, 20, 21, 19, 24, 23, 24, 23, 21,  9, 21,
       24, 20, 22, 22, 23, 24, 24, 19, 20, 22, 26, 23, 23, 24, 22, 10, 25,
       22, 13, 21, 22,  9, 25, 22, 22,  8, 24, 25, 22, 22, 19, 25, 23, 23,
       22, 21, 22, 23, 22, 21,  8, 24, 23, 18, 23, 22, 22, 22, 23, 23, 22,
       21, 23, 21, 25, 24,  9,  9, 24, 22, 23, 25, 25, 25,  7, 19, 23, 20,
       22, 20, 18, 20, 24, 23, 22, 23, 21, 24, 19, 24, 22, 24, 23, 22, 25,
       21, 23, 23, 25, 19, 44, 24, 21, 24, 24, 24, 23, 24, 20, 24, 19, 18,
       22, 21, 19, 25, 22, 22, 19, 24, 19, 26, 26, 19, 25, 24, 21, 23, 23,
       25, 22, 23,  7, 23, 23, 25, 21, 20, 23,  8, 23, 25, 18, 15, 23, 24,
       22, 19, 23, 23, 22, 23,  8, 24, 19, 22, 23, 22, 23, 22, 25, 24, 23,
       25, 24, 24,  9, 24, 25, 24, 22, 22, 23, 22, 23, 22,  9, 21, 24, 19,
       23, 22, 23, 24, 23, 24, 20, 23, 18, 19, 21, 22, 21, 19, 23, 22, 24,
       21, 25, 23, 21, 24, 23, 24, 18, 24, 23, 20, 21, 23, 23, 21, 23, 22,
       25, 24, 23, 22, 24, 20, 23, 22, 22, 24, 24, 23, 21, 24, 23, 19, 23,
       23, 24, 22, 23, 24, 14, 24, 24, 24, 26, 23, 22,  8, 22, 23, 19, 23,
       19, 24, 24, 22, 15, 24, 23, 23, 23, 20, 20, 19,  8, 22, 22, 24, 23,
        7,  7, 22, 22, 25, 24, 19, 22,  8, 22, 22, 25, 25, 24, 23, 25, 20,
        8, 18, 23, 24, 19, 23, 23,  8, 22, 22, 23, 22, 23, 21, 20, 22, 19,
       22, 25, 20, 19, 22, 23, 24, 23, 22, 25, 23, 23, 23, 25, 16, 23, 25,
       23, 24, 22, 23, 18, 24, 22, 20, 24, 22, 23, 19, 24, 22, 24, 23, 25,
       24, 21, 23, 25, 23, 23, 24, 24, 25,  8, 25, 25, 25, 21, 23, 24, 23,
       21, 22, 21, 23, 22, 24, 24, 22, 20, 22, 22, 23, 24,  6, 19, 22, 23,
       20, 22, 25, 24, 22, 24, 25, 24, 24, 22, 24, 21, 24, 24, 25, 21, 25,
       24, 24, 22, 16, 23, 24, 24, 19, 20,  7, 25, 23, 17, 22, 24, 20, 18,
       18, 24, 22, 22, 18, 25, 24, 18, 24, 24, 24,  9, 19, 23, 23, 25, 19,
       23, 24, 24, 22, 24, 23, 20, 22, 23, 19, 23, 20, 23,  8, 24, 26, 24,
       24,  7, 22, 24, 17, 25, 22, 21, 23, 24, 23, 19, 21, 19, 19, 19, 21,
       22, 22, 25, 25, 25, 24, 22, 23,  7, 23, 20, 23, 23, 25, 15, 21,  8,
       18, 23,  9, 21, 26, 22, 23, 23, 24, 24, 24, 22, 22, 22, 23,  9, 25,
       25, 22, 23, 23, 25, 24, 23, 26, 23])}, {'ts_index': 557, 'loc': 19, 'gap': 0.02104081331194413, 'distances': array([0.17565557, 0.18833425, 0.17382528, 0.16671566, 0.17090498,
       0.18623307, 0.15850182, 0.16580338, 0.17190676, 0.1478343 ,
       0.20653124, 0.17544261, 0.11488168, 0.09934944, 0.14910807,
       0.16767964, 0.17503637, 0.14218788, 0.19035965, 0.10462076,
       0.16733644, 0.11747177, 0.09303516, 0.14708013, 0.13724444,
       0.16509172, 0.16375047, 0.09958016, 0.11672197, 0.21018066,
       0.20240369, 0.08439451, 0.1821073 , 0.13375182, 0.12970798,
       0.14287289, 0.21271586, 0.09116253, 0.17964911, 0.15958913,
       0.17386461, 0.19334884, 0.168889  , 0.15364779, 0.17914918,
       0.18078361, 0.19450613, 0.18330036, 0.16529238, 0.17872713,
       0.16579533, 0.13136596, 0.1554345 , 0.17665582, 0.24031831,
       0.20420065, 0.19940811, 0.18703324, 0.1401641 , 0.1571307 ,
       0.10070111, 0.18142315, 0.15566887, 0.11023271, 0.15299891,
       0.19091282, 0.11913348, 0.08919588, 0.14201643, 0.18439914,
       0.10070588, 0.236968  , 0.16395438, 0.11702087, 0.14007698,
       0.2002501 , 0.19803432, 0.14585277, 0.15212422, 0.12227322,
       0.1639309 , 0.21380347, 0.14217492, 0.11165764, 0.18753338,
       0.21011128, 0.1733323 , 0.12481655, 0.09792009, 0.18989768,
       0.15324858, 0.17413512, 0.14692227, 0.12177177, 0.1162496 ,
       0.        , 0.16021225, 0.15320021, 0.15359751, 0.12242065,
       0.18659511, 0.17637477, 0.10803667, 0.11200566]), 'delta_distances': array([0., 0., 0., 0., 0., 0., 0., 0., 0., 0., 0., 0., 0., 0., 0., 0., 0.,
       0., 0., 0., 0., 0., 0., 0., 0., 0., 0., 0., 0., 0., 0., 0., 0., 0.,
       0., 0., 0., 0., 0., 0., 0., 0., 0., 0., 0., 0., 0., 0., 0., 0., 0.,
       0., 0., 0., 0., 0., 0., 0., 0., 0., 0., 0., 0., 0., 0., 0., 0., 0.,
       0., 0., 0., 0., 0., 0., 0., 0., 0., 0., 0., 0., 0., 0., 0., 0., 0.,
       0., 0., 0., 0., 0., 0., 0., 0., 0., 0., 0., 0., 0., 0., 0., 0., 0.,
       0., 0.]), 'locations': array([15, 25, 16, 17, 18, 17, 18, 20, 20, 19, 16, 19, 18, 19, 18, 23, 17,
       20, 23, 19, 16, 19, 19, 25, 19, 20, 20, 20, 19, 17, 19, 19, 33, 18,
       19, 19, 32, 18, 17, 20, 19, 18, 17, 18, 32, 15, 17, 21, 22, 19, 20,
       19, 19, 23,  0, 19, 18, 19, 21, 19, 18, 17, 19, 20, 16, 20, 19, 19,
       19, 17, 18, 20, 19, 19, 18, 17, 33, 28, 18, 19, 22, 31, 18, 18, 26,
       17, 22, 20, 19, 17, 19, 16, 19, 19, 18, 19, 18, 18, 19, 19, 19, 25,
       17, 19])}, {'ts_index': 476, 'loc': 12, 'gap': 0.017332767440188135, 'distances': array([0.09907729, 0.09823027, 0.0955058 , 0.09890557, 0.15214033,
       0.11331884, 0.11508746, 0.11042691, 0.12427359, 0.10851193,
       0.15832755, 0.12019122, 0.1116311 , 0.09031962, 0.10832239,
       0.10529325, 0.16673219, 0.10243475, 0.12224623, 0.10945835,
       0.09153542, 0.11856483, 0.17923719, 0.11790461, 0.08479657,
       0.09019001, 0.10993034, 0.07412359, 0.14479673, 0.09269402,
       0.09341756, 0.12919093, 0.14408217, 0.12280983, 0.08504629,
       0.15518999, 0.13691842, 0.14393445, 0.110232  , 0.12329007,
       0.12930471, 0.11719571, 0.12797807, 0.09933682, 0.10957503,
       0.19805168, 0.11079493, 0.13572648, 0.10959616, 0.08471947,
       0.11646277, 0.13288361, 0.08277965, 0.12885613, 0.08227144,
       0.12777468, 0.10542534, 0.19083935, 0.0857303 , 0.09294544,
       0.15021173, 0.1586573 , 0.13828763, 0.10045264, 0.        ,
       0.14383573, 0.10037772, 0.11485439, 0.1576074 , 0.11362132,
       0.0991143 , 0.09627731, 0.09423073, 0.09912084, 0.16528946,
       0.1289534 , 0.11534948, 0.13569364, 0.093243  ]), 'delta_distances': array([0., 0., 0., 0., 0., 0., 0., 0., 0., 0., 0., 0., 0., 0., 0., 0., 0.,
       0., 0., 0., 0., 0., 0., 0., 0., 0., 0., 0., 0., 0., 0., 0., 0., 0.,
       0., 0., 0., 0., 0., 0., 0., 0., 0., 0., 0., 0., 0., 0., 0., 0., 0.,
       0., 0., 0., 0., 0., 0., 0., 0., 0., 0., 0., 0., 0., 0., 0., 0., 0.,
       0., 0., 0., 0., 0., 0., 0., 0., 0., 0., 0.]), 'locations': array([11, 13, 12, 13, 14, 14, 13, 14, 13, 12, 13, 14, 14, 13, 14, 13, 14,
       13, 13, 13, 14, 12, 13, 13, 13, 11, 13, 12, 13, 13, 12, 14, 15, 13,
       12, 13, 12, 13, 13, 14, 12, 13, 13, 13, 13, 13, 12, 13, 13, 14, 13,
       14, 14, 13, 13, 13, 14, 11, 13, 13, 12, 12, 14, 15, 12, 12, 15, 13,
       13, 14, 13, 12, 13, 13, 14, 14, 14, 14, 14])}], 'clusters': array([1, 1, 1, 1, 3, 3, 1, 1, 3, 1, 1, 1, 1, 1, 1, 1, 1, 1, 1, 1, 1, 1,
       1, 1, 1, 1, 1, 3, 1, 1, 1, 0, 3, 3, 1, 1, 1, 1, 1, 3, 1, 3, 3, 1,
       1, 0, 1, 1, 3, 1, 2, 1, 1, 1, 1, 1, 1, 1, 2, 3, 1, 1, 1, 1, 1, 1,
       3, 1, 1, 1, 3, 1, 1, 1, 1, 3, 1, 1, 1, 1, 1, 1, 1, 1, 1, 1, 1, 1,
       1, 1, 1, 1, 1, 1, 1, 1, 0, 1, 2, 1, 1, 1, 1, 1, 1, 3, 1, 1, 1, 1,
       1, 1, 1, 2, 1, 1, 1, 1, 1, 1, 1, 1, 1, 1, 1, 1, 1, 1, 1, 1, 1, 1,
       1, 1, 2, 1, 1, 1, 1, 1, 1, 1, 1, 1, 1, 3, 1, 1, 1, 1, 1, 3, 3, 1,
       3, 1, 1, 2, 1, 1, 1, 2, 1, 1, 1, 1, 1, 1, 1, 1, 0, 1, 1, 1, 1, 3,
       2, 1, 1, 1, 1, 3, 1, 1, 1, 1, 1, 3, 1, 1, 1, 1, 3, 3, 0, 1, 1, 1,
       1, 1, 2, 1, 3, 1, 1, 1, 1, 3, 1, 1, 1, 1, 1, 3, 1, 1, 1, 1, 1, 1,
       1, 1, 0, 1, 1, 1, 3, 1, 1, 1, 3, 1, 1, 1, 1, 1, 1, 1, 1, 1, 1, 1,
       1, 1, 1, 1, 1, 0, 1, 1, 1, 1, 1, 1, 1, 1, 1, 1, 3, 1, 1, 1, 0, 3,
       1, 3, 1, 1, 3, 3, 1, 1, 1, 1, 1, 1, 1, 1, 3, 1, 1, 1, 1, 1, 1, 1,
       1, 1, 1, 1, 1, 1, 3, 1, 1, 1, 1, 1, 1, 1, 1, 3, 1, 0, 1, 1, 1, 1,
       1, 1, 1, 1, 1, 1, 3, 1, 1, 1, 1, 1, 1, 1, 1, 1, 1, 1, 1, 1, 1, 1,
       1, 1, 1, 1, 1, 1, 1, 1, 1, 3, 1, 1, 1, 1, 3, 1, 1, 1, 1, 1, 1, 1,
       1, 1, 1, 3, 1, 1, 1, 1, 1, 1, 3, 1, 1, 1, 1, 1, 1, 2, 3, 3, 1, 1,
       1, 1, 1, 1, 2, 3, 1, 1, 1, 1, 1, 3, 2, 1, 1, 1, 1, 2, 3, 3, 1, 1,
       2, 0, 1, 3, 1, 1, 1, 1, 1, 1, 1, 1, 2, 1, 1, 1, 1, 1, 1, 3, 1, 1,
       1, 1, 1, 1, 1, 1, 1, 1, 1, 1, 1, 1, 1, 1, 0, 1, 1, 1, 1, 1, 1, 1,
       1, 1, 1, 1, 1, 1, 0, 1, 1, 1, 1, 1, 1, 1, 1, 1, 1, 1, 1, 1, 1, 3,
       1, 1, 3, 1, 1, 1, 2, 1, 1, 1, 1, 1, 1, 1, 3, 1, 1, 1, 1, 1, 1, 1,
       3, 3, 1, 1, 1, 2, 1, 1, 1, 1, 1, 1, 1, 1, 3, 0, 1, 1, 1, 1, 1, 1,
       1, 1, 3, 1, 1, 1, 1, 1, 1, 1, 1, 1, 1, 2, 1, 1, 2, 1, 1, 1, 1, 1,
       1, 3, 1, 1, 3, 1, 1, 3, 1, 3, 2, 1, 1, 1, 2, 1, 1, 1, 1, 1, 1, 1,
       1, 1, 1, 1, 1, 1, 1, 2, 1, 1, 1, 1, 0, 1, 1, 1, 1, 1, 1, 1, 1, 1,
       1, 1, 1, 1, 1, 1, 1, 1, 1, 3, 1, 1, 1, 3, 2, 1, 1, 1, 1, 1, 1, 1,
       1, 1, 1, 3, 1, 1, 1, 1, 3, 1, 1, 1, 1, 1, 1, 1, 2, 1, 2, 1, 1, 1,
       1, 1, 1, 1, 1]), 'time': 101.33427596092224}
lenSubsequence: 25{'RI': 0.5066541997818295, 'num_clusters': 4, 'uShapelets': [{'ts_index': 34, 'loc': 18, 'gap': 0.02585352136534158, 'distances': array([0.11466774, 0.11310021, 0.11671126, 0.13369627, 0.15488987,
       0.18412369, 0.1396359 , 0.11139882, 0.195565  , 0.11591193,
       0.15869149, 0.12403097, 0.15949846, 0.14262069, 0.16040691,
       0.13963026, 0.14513449, 0.10441208, 0.15798747, 0.12531784,
       0.18818811, 0.16667108, 0.11055343, 0.18084558, 0.09639133,
       0.18188913, 0.14536679, 0.1792059 , 0.1340795 , 0.10300426,
       0.12648353, 0.20475547, 0.15090673, 0.20206743, 0.        ,
       0.11996608, 0.10086568, 0.11785466, 0.1345404 , 0.20751355,
       0.1200331 , 0.17978483, 0.18109271, 0.11402804, 0.12255891,
       0.18629475, 0.17983828, 0.14680537, 0.20815963, 0.14351419,
       0.21311622, 0.11433511, 0.11323207, 0.13788314, 0.12325787,
       0.11418084, 0.11091994, 0.1552397 , 0.23997657, 0.16802197,
       0.19486837, 0.12350293, 0.0932603 , 0.16709731, 0.10271775,
       0.10010006, 0.16092487, 0.09977595, 0.1816575 , 0.12088416,
       0.16921855, 0.11090464, 0.16522371, 0.16187232, 0.12772401,
       0.2183685 , 0.1395895 , 0.11207016, 0.11949232, 0.1651919 ,
       0.1144014 , 0.15561876, 0.13233027, 0.10861586, 0.12045898,
       0.10573482, 0.1449064 , 0.1414427 , 0.15762435, 0.11328894,
       0.13469022, 0.11892653, 0.10760058, 0.11499887, 0.18957532,
       0.11630522, 0.17471297, 0.11937667, 0.21749751, 0.14279327,
       0.11640702, 0.10236173, 0.15079851, 0.13561943, 0.1523716 ,
       0.16327983, 0.1499314 , 0.10771747, 0.13378756, 0.15164934,
       0.15204358, 0.10853921, 0.10733998, 0.23497629, 0.12439015,
       0.1963987 , 0.1583306 , 0.10747702, 0.1014012 , 0.09797774,
       0.11510242, 0.15719391, 0.1692382 , 0.13885356, 0.16302085,
       0.1661127 , 0.1398902 , 0.15358894, 0.1354421 , 0.11412576,
       0.09733482, 0.14690119, 0.13164174, 0.11684045, 0.221549  ,
       0.11494272, 0.12252265, 0.17137025, 0.14894409, 0.08004424,
       0.12400932, 0.12494303, 0.12180484, 0.15518971, 0.1058442 ,
       0.17847797, 0.13899047, 0.15136143, 0.11221124, 0.09711189,
       0.09080785, 0.18593378, 0.17366331, 0.12632488, 0.21384114,
       0.13702863, 0.12456124, 0.21571333, 0.12439934, 0.12033382,
       0.13568488, 0.24887572, 0.1284124 , 0.12623201, 0.16057823,
       0.10031521, 0.14576744, 0.14890093, 0.13121231, 0.11650093,
       0.18571245, 0.10218737, 0.15196349, 0.11716145, 0.11775592,
       0.18871112, 0.22469971, 0.1082448 , 0.10307179, 0.13032982,
       0.1436385 , 0.15268061, 0.1540325 , 0.13185473, 0.12091481,
       0.10876279, 0.11552979, 0.18683219, 0.10040933, 0.14409618,
       0.12425013, 0.12919458, 0.22153827, 0.20869786, 0.22759021,
       0.13262423, 0.1350491 , 0.14680443, 0.10754859, 0.15702753,
       0.2186093 , 0.16203713, 0.170435  , 0.14619856, 0.18152176,
       0.15828135, 0.15703729, 0.17820682, 0.09393219, 0.08197219,
       0.08438198, 0.12526011, 0.082871  , 0.17070545, 0.18152582,
       0.12619888, 0.10931327, 0.10373335, 0.13838528, 0.13723334,
       0.11616292, 0.13504899, 0.17537199, 0.10547154, 0.15564778,
       0.13257512, 0.18498174, 0.16318902, 0.13169894, 0.15638374,
       0.17900134, 0.10838472, 0.14861534, 0.12725282, 0.14964291,
       0.11498099, 0.15001703, 0.13331201, 0.14304447, 0.15010094,
       0.14901382, 0.17067036, 0.18441719, 0.11770766, 0.14393613,
       0.170002  , 0.15950939, 0.1678561 , 0.15718933, 0.12968545,
       0.16965129, 0.10224725, 0.14552647, 0.14012767, 0.13084536,
       0.18141296, 0.13888487, 0.13493443, 0.17958483, 0.14170435,
       0.10468607, 0.14305904, 0.20155457, 0.1926458 , 0.14865641,
       0.19811395, 0.12941087, 0.12808465, 0.17938119, 0.15932992,
       0.1395974 , 0.14232114, 0.16529845, 0.13152089, 0.11963616,
       0.17634549, 0.17562041, 0.11423333, 0.20475438, 0.09851333,
       0.13349531, 0.11027432, 0.12896898, 0.14047716, 0.1672296 ,
       0.12298612, 0.15298312, 0.1418871 , 0.11708892, 0.1413896 ,
       0.14810561, 0.09421024, 0.1980762 , 0.17458895, 0.14695483,
       0.09496346, 0.12563247, 0.10678962, 0.11419652, 0.13617249,
       0.11485748, 0.16850529, 0.18495692, 0.18979865, 0.15158171,
       0.13032721, 0.13585869, 0.15513734, 0.11983093, 0.13021212,
       0.09656725, 0.13855783, 0.10170815, 0.11731558, 0.14157502,
       0.17196376, 0.13396622, 0.14649751, 0.12246379, 0.12597763,
       0.0846269 , 0.15324774, 0.09894136, 0.14801803, 0.11852043,
       0.16653151, 0.14356859, 0.14276312, 0.1140368 , 0.09510589,
       0.14845863, 0.11085521, 0.16178908, 0.14264594, 0.15076416,
       0.09931961, 0.15452746, 0.13459636, 0.13504035, 0.18588377,
       0.1241973 , 0.13866376, 0.14687374, 0.1172067 , 0.19302914,
       0.16455754, 0.11285964, 0.12717455, 0.09639998, 0.11807099,
       0.08946055, 0.12917758, 0.11174253, 0.10281448, 0.17550772,
       0.1616499 , 0.13542499, 0.13665259, 0.14924203, 0.13123493,
       0.11280148, 0.15162973, 0.19412453, 0.17298331, 0.1453458 ,
       0.11815985, 0.08847793, 0.11835338, 0.11306583, 0.2297936 ,
       0.16172913, 0.1762528 , 0.12085233, 0.12837397, 0.13631921,
       0.09809528, 0.1427812 , 0.12172407, 0.1983736 , 0.20901357,
       0.09505015, 0.07910357, 0.12753166, 0.11711557, 0.14177934,
       0.14638553, 0.22203938, 0.12649752, 0.11346036, 0.14082595,
       0.11262191, 0.22307625, 0.20539641, 0.17522953, 0.1006432 ,
       0.16327551, 0.20998667, 0.15786754, 0.09617541, 0.18418155,
       0.12301094, 0.1110881 , 0.13298417, 0.15476807, 0.14614321,
       0.1022517 , 0.16583647, 0.13686195, 0.17391174, 0.1270435 ,
       0.08016671, 0.16879685, 0.16306629, 0.13839579, 0.10845617,
       0.23280446, 0.13823863, 0.11681136, 0.10981987, 0.1101142 ,
       0.14396245, 0.13257209, 0.13500971, 0.15405329, 0.16735852,
       0.08196245, 0.14410361, 0.13837352, 0.14759888, 0.10021719,
       0.11873311, 0.15950516, 0.19338725, 0.10879032, 0.11660609,
       0.10344234, 0.08113645, 0.09379526, 0.1526727 , 0.12792774,
       0.15933553, 0.13655067, 0.13082048, 0.17760086, 0.08753071,
       0.10275167, 0.14381445, 0.11822522, 0.13451731, 0.12792091,
       0.10092866, 0.10584354, 0.12914346, 0.14156471, 0.12654172,
       0.15043882, 0.09598536, 0.14832886, 0.15407842, 0.10541985,
       0.15932191, 0.18721396, 0.11069847, 0.12673253, 0.17610124,
       0.14540942, 0.11076318, 0.14504078, 0.20837503, 0.15070997,
       0.12819818, 0.11981774, 0.1152367 , 0.11728546, 0.14295322,
       0.17725167, 0.17271718, 0.1783245 , 0.15512957, 0.09558852,
       0.12775644, 0.18275947, 0.09760529, 0.11234508, 0.16970578,
       0.18754472, 0.09419758, 0.16785093, 0.12180055, 0.20753685,
       0.13467047, 0.08333844, 0.10520713, 0.11948447, 0.14567787,
       0.11880926, 0.14915529, 0.14600308, 0.18209809, 0.16506619,
       0.12000655, 0.09445439, 0.11546775, 0.16278029, 0.09316746,
       0.10758706, 0.11733613, 0.14743524, 0.19338238, 0.17829213,
       0.12975247, 0.11486583, 0.1372999 , 0.1399267 , 0.0962548 ,
       0.08160781, 0.13417671, 0.13015235, 0.13268364, 0.21929302,
       0.12171283, 0.11869353, 0.22826176, 0.10268758, 0.07834701,
       0.14135606, 0.14877418, 0.11652565, 0.15298884, 0.17657116,
       0.12855032, 0.14677676, 0.1892336 , 0.1213235 , 0.13990928,
       0.17725653, 0.16648456, 0.19755577, 0.21058182, 0.1650666 ,
       0.09744131, 0.13407155, 0.21861276, 0.12870799, 0.09266084,
       0.12990898, 0.15972473, 0.0980122 , 0.11470654, 0.1006695 ,
       0.17299761, 0.08879647, 0.10423335, 0.14498759, 0.13213085,
       0.13573758, 0.12013799, 0.23959794, 0.10360282, 0.17806717,
       0.11643538, 0.1449351 , 0.25954668, 0.10837536, 0.11831843,
       0.11657644, 0.08455337, 0.12051409, 0.10646772, 0.11749276,
       0.1271175 , 0.14157648, 0.14420626, 0.1004581 , 0.1486794 ,
       0.16177088, 0.12836228, 0.12917496, 0.09031866, 0.13247913,
       0.17181911, 0.19790659, 0.14448112, 0.11021074, 0.15492681,
       0.16075626, 0.20765043, 0.14945959, 0.12769361, 0.08660757,
       0.10841831, 0.14874083, 0.15838551, 0.13147869, 0.20791358,
       0.12980386, 0.11443439, 0.20238539, 0.10561982, 0.10459799,
       0.10625187, 0.10716144, 0.16878855, 0.1276366 , 0.12528815,
       0.14535893, 0.10370243, 0.13131481, 0.11803047, 0.10342009,
       0.2135889 , 0.11516753, 0.22369139, 0.10008098, 0.11315772,
       0.11244162, 0.10399792, 0.07943131, 0.11774351, 0.12452779,
       0.1498425 ]), 'delta_distances': array([0., 0., 0., 0., 0., 0., 0., 0., 0., 0., 0., 0., 0., 0., 0., 0., 0.,
       0., 0., 0., 0., 0., 0., 0., 0., 0., 0., 0., 0., 0., 0., 0., 0., 0.,
       0., 0., 0., 0., 0., 0., 0., 0., 0., 0., 0., 0., 0., 0., 0., 0., 0.,
       0., 0., 0., 0., 0., 0., 0., 0., 0., 0., 0., 0., 0., 0., 0., 0., 0.,
       0., 0., 0., 0., 0., 0., 0., 0., 0., 0., 0., 0., 0., 0., 0., 0., 0.,
       0., 0., 0., 0., 0., 0., 0., 0., 0., 0., 0., 0., 0., 0., 0., 0., 0.,
       0., 0., 0., 0., 0., 0., 0., 0., 0., 0., 0., 0., 0., 0., 0., 0., 0.,
       0., 0., 0., 0., 0., 0., 0., 0., 0., 0., 0., 0., 0., 0., 0., 0., 0.,
       0., 0., 0., 0., 0., 0., 0., 0., 0., 0., 0., 0., 0., 0., 0., 0., 0.,
       0., 0., 0., 0., 0., 0., 0., 0., 0., 0., 0., 0., 0., 0., 0., 0., 0.,
       0., 0., 0., 0., 0., 0., 0., 0., 0., 0., 0., 0., 0., 0., 0., 0., 0.,
       0., 0., 0., 0., 0., 0., 0., 0., 0., 0., 0., 0., 0., 0., 0., 0., 0.,
       0., 0., 0., 0., 0., 0., 0., 0., 0., 0., 0., 0., 0., 0., 0., 0., 0.,
       0., 0., 0., 0., 0., 0., 0., 0., 0., 0., 0., 0., 0., 0., 0., 0., 0.,
       0., 0., 0., 0., 0., 0., 0., 0., 0., 0., 0., 0., 0., 0., 0., 0., 0.,
       0., 0., 0., 0., 0., 0., 0., 0., 0., 0., 0., 0., 0., 0., 0., 0., 0.,
       0., 0., 0., 0., 0., 0., 0., 0., 0., 0., 0., 0., 0., 0., 0., 0., 0.,
       0., 0., 0., 0., 0., 0., 0., 0., 0., 0., 0., 0., 0., 0., 0., 0., 0.,
       0., 0., 0., 0., 0., 0., 0., 0., 0., 0., 0., 0., 0., 0., 0., 0., 0.,
       0., 0., 0., 0., 0., 0., 0., 0., 0., 0., 0., 0., 0., 0., 0., 0., 0.,
       0., 0., 0., 0., 0., 0., 0., 0., 0., 0., 0., 0., 0., 0., 0., 0., 0.,
       0., 0., 0., 0., 0., 0., 0., 0., 0., 0., 0., 0., 0., 0., 0., 0., 0.,
       0., 0., 0., 0., 0., 0., 0., 0., 0., 0., 0., 0., 0., 0., 0., 0., 0.,
       0., 0., 0., 0., 0., 0., 0., 0., 0., 0., 0., 0., 0., 0., 0., 0., 0.,
       0., 0., 0., 0., 0., 0., 0., 0., 0., 0., 0., 0., 0., 0., 0., 0., 0.,
       0., 0., 0., 0., 0., 0., 0., 0., 0., 0., 0., 0., 0., 0., 0., 0., 0.,
       0., 0., 0., 0., 0., 0., 0., 0., 0., 0., 0., 0., 0., 0., 0., 0., 0.,
       0., 0., 0., 0., 0., 0., 0., 0., 0., 0., 0., 0., 0., 0., 0., 0., 0.,
       0., 0., 0., 0., 0., 0., 0., 0., 0., 0., 0., 0., 0., 0., 0., 0., 0.,
       0., 0., 0., 0., 0., 0., 0., 0., 0., 0., 0., 0., 0., 0., 0., 0., 0.,
       0., 0., 0., 0., 0., 0., 0., 0., 0., 0., 0., 0., 0., 0., 0., 0., 0.,
       0., 0., 0., 0., 0., 0., 0., 0., 0., 0., 0., 0., 0., 0., 0., 0., 0.,
       0., 0., 0., 0., 0., 0., 0., 0., 0., 0., 0., 0., 0., 0., 0., 0., 0.,
       0., 0., 0., 0., 0., 0., 0., 0., 0., 0., 0., 0., 0., 0., 0., 0., 0.,
       0., 0., 0., 0., 0., 0., 0., 0., 0., 0., 0., 0., 0., 0., 0., 0., 0.,
       0., 0., 0., 0., 0., 0., 0., 0., 0., 0., 0., 0., 0., 0., 0., 0., 0.,
       0., 0., 0., 0., 0., 0., 0., 0., 0.]), 'locations': array([16, 19, 19, 18, 16, 19, 21, 19, 17, 19, 20, 20, 20, 15, 20, 17, 20,
       16, 20, 15, 20, 17, 21, 17, 19, 17, 17, 19, 20, 15, 19, 19, 18, 44,
       18, 16, 18, 18, 15, 21, 19, 16, 15, 19, 18, 16, 19, 20, 44, 20, 20,
       20, 19, 20, 18, 15, 20, 15, 14, 19, 20, 14, 18, 20, 19, 19, 16, 20,
       19, 19, 19, 19, 17, 20, 21,  7, 15, 17, 19, 20, 15, 18, 15, 15, 19,
       19, 20, 20, 18, 19, 20, 20, 19, 18, 19, 20, 18, 18, 20, 20, 19, 19,
       16, 21, 20, 19, 20, 19, 15, 17, 20, 20, 18,  7, 20, 17, 17, 20, 19,
       18, 19, 15, 17, 18, 16, 20, 21, 15, 21, 20, 20, 19, 20, 19, 20, 18,
       20, 18, 18, 19, 19, 20, 20, 16, 16, 18, 19, 19, 19, 19, 19, 20, 16,
       19, 17, 17, 18, 15, 21, 18, 18,  6, 20, 20, 19, 18, 15, 20, 21, 19,
       19, 16, 17, 17, 19, 16,  7, 20, 19, 15, 20, 19, 18, 19, 18, 15, 19,
       18, 19, 15, 20, 20, 20, 20, 17, 19, 15, 20, 21, 19, 11, 15, 19, 17,
       18, 16, 20, 15, 20, 19, 18, 19, 18, 21, 15, 21, 19, 20, 20, 17, 21,
       17, 19, 19, 20, 16, 44, 19, 18, 19, 20, 19, 18, 19, 17, 19, 20, 13,
       18, 17, 15, 19, 18, 18, 15, 15, 16, 15, 20, 15, 20, 19, 18, 19, 20,
       16, 19, 17, 18, 20, 20, 20, 18, 17, 20, 18, 20, 21, 14, 20, 19, 20,
       17, 14, 16, 17, 19, 20, 21, 19, 15, 18, 19, 19, 20, 18, 21, 20, 18,
       20, 19, 19, 44, 20, 20, 20, 17, 19, 20, 19, 19, 19, 10, 18, 21, 14,
       20, 15, 19, 21, 18, 20, 16, 19, 15, 15, 18, 18, 17, 15, 19, 17, 19,
       18, 21, 17, 18, 20, 18, 21, 22, 19, 18, 16, 16, 19, 18, 16, 18, 18,
       20, 20, 16, 17, 16, 19, 19, 18, 19, 18, 19, 16, 18, 19, 17, 16, 20,
       20, 17, 16, 19, 20, 11, 20, 20, 19, 21, 19, 17,  4, 18, 20, 16, 18,
       14, 20, 21, 16, 15, 18, 19, 20, 20, 18, 15, 16, 20, 16, 16, 16, 19,
       44, 20, 18, 19, 16, 20, 14, 19, 19, 19, 18, 15, 20, 20, 18, 20, 17,
       20, 15, 19, 20, 16, 18, 19,  5, 18, 19, 20, 18, 16, 18, 16, 19, 16,
       19, 18, 15, 20, 18, 16, 19, 44, 19, 21, 18, 19, 20, 21, 21, 17, 20,
       19, 18, 19, 19, 15, 20, 15, 17, 20, 18, 19, 16, 19, 18, 19, 16, 21,
       19, 17, 20, 19, 18, 19, 19, 20, 20, 21, 18, 21, 20, 16, 20, 19, 19,
       17, 18, 15, 19, 17, 18, 18, 15, 17, 19, 18, 18, 20, 44, 20, 18, 19,
       15, 18, 20, 20, 18, 19, 22, 19, 19, 17, 20, 17, 19, 19, 20, 17, 20,
       17, 18, 18, 18, 18, 17, 21, 15, 17, 12, 15, 19, 14, 19, 19, 17, 19,
       14, 17, 19, 17, 20, 19, 19, 15, 19, 19, 19, 20, 15, 18, 20, 20, 15,
       18, 18, 16, 18, 21, 19, 15, 19, 18, 15, 19, 16, 20, 14, 19, 21, 20,
       20, 13, 19, 20, 14, 19, 17, 19, 18, 21, 18, 15, 18, 16, 16, 15, 15,
       18, 18, 22, 20, 20, 16, 19, 20, 20, 17, 16, 19, 19, 20, 17, 16, 20,
       15, 18, 44, 18, 21, 17, 19, 19, 20, 20, 21, 18, 19, 18, 19, 18, 21,
       20, 18, 19, 18, 18, 20, 18, 21, 19])}, {'ts_index': 477, 'loc': 6, 'gap': 0.022259836312279208, 'distances': array([0.11185508, 0.11978376, 0.14995347, 0.14083977, 0.14099443,
       0.13445136, 0.21336829, 0.17963075, 0.16769279, 0.1657841 ,
       0.12182933, 0.1885119 , 0.18501116, 0.15785534, 0.12229288,
       0.13147158, 0.15179026, 0.14624532, 0.12636072, 0.12876498,
       0.19903063, 0.11509086, 0.12459987, 0.15663668, 0.1525186 ,
       0.1463712 , 0.1437826 , 0.13096105, 0.10380583, 0.17377522,
       0.20062332, 0.12889733, 0.09847841, 0.10129848, 0.13570259,
       0.11236099, 0.13223176, 0.12247847, 0.19121107, 0.1700191 ,
       0.18019653, 0.20043893, 0.16183301, 0.1181982 , 0.18972122,
       0.10838846, 0.1564612 , 0.14413108, 0.15590829, 0.14484193,
       0.16128471, 0.14664318, 0.13616952, 0.15792963, 0.14021012,
       0.19849494, 0.15775862, 0.2144308 , 0.12378132, 0.12180503,
       0.1491265 , 0.11711835, 0.14195262, 0.16113255, 0.14820483,
       0.19122428, 0.14159602, 0.13967562, 0.12141513, 0.14859934,
       0.16416661, 0.13218973, 0.11698904, 0.10115154, 0.19419243,
       0.15123329, 0.12385533, 0.1336633 , 0.11076502, 0.15416159,
       0.        , 0.11426095, 0.19224172, 0.13984884, 0.14571259,
       0.1432277 , 0.18191964, 0.1158164 , 0.17406115, 0.11807464,
       0.14327938, 0.14171859, 0.13465356, 0.12647025, 0.14977581,
       0.12498421, 0.17258895, 0.16331611, 0.18467024, 0.15645316,
       0.1230494 , 0.1801109 , 0.16032769, 0.11955115]), 'delta_distances': array([0., 0., 0., 0., 0., 0., 0., 0., 0., 0., 0., 0., 0., 0., 0., 0., 0.,
       0., 0., 0., 0., 0., 0., 0., 0., 0., 0., 0., 0., 0., 0., 0., 0., 0.,
       0., 0., 0., 0., 0., 0., 0., 0., 0., 0., 0., 0., 0., 0., 0., 0., 0.,
       0., 0., 0., 0., 0., 0., 0., 0., 0., 0., 0., 0., 0., 0., 0., 0., 0.,
       0., 0., 0., 0., 0., 0., 0., 0., 0., 0., 0., 0., 0., 0., 0., 0., 0.,
       0., 0., 0., 0., 0., 0., 0., 0., 0., 0., 0., 0., 0., 0., 0., 0., 0.,
       0., 0.]), 'locations': array([ 7,  6,  6,  6,  6,  5,  7, 43,  7,  6,  5,  7,  8,  7,  6,  7,  6,
        6,  6,  6, 19,  6,  8,  6,  6,  7,  7,  6,  7,  5, 18,  6,  6,  5,
        7,  6,  6,  5,  6,  5, 21,  6,  6,  6,  5,  6,  5,  6,  6,  6,  6,
        5,  7,  7,  7, 26,  7,  6,  7,  6,  6,  7,  7,  6,  6,  6,  7,  7,
        6,  8,  6,  7,  6,  7,  6,  6,  7,  6,  7,  5,  6,  7, 43,  5,  6,
        7,  6,  7,  6,  7,  5,  7,  6,  7,  7,  6,  6,  7,  7,  7,  6,  7,
        7,  6])}, {'ts_index': 33, 'loc': 12, 'gap': 0.01824458149657482, 'distances': array([0.1743297 , 0.        , 0.1535621 , 0.16465589, 0.17159726,
       0.16419641, 0.13723561, 0.18977771, 0.11366069, 0.10197382,
       0.12672369, 0.18987352, 0.12909891, 0.13069142, 0.09608865,
       0.09314679, 0.1027143 , 0.12920792]), 'delta_distances': array([0., 0., 0., 0., 0., 0., 0., 0., 0., 0., 0., 0., 0., 0., 0., 0., 0.,
       0.]), 'locations': array([13, 12, 13, 14, 11, 12, 12, 11, 12, 12, 13, 13, 12, 13, 14, 13, 13,
       13])}], 'clusters': array([1, 1, 1, 1, 1, 2, 1, 1, 2, 1, 1, 1, 1, 1, 1, 1, 1, 1, 1, 1, 2, 1,
       1, 2, 1, 2, 1, 2, 1, 1, 1, 0, 1, 3, 1, 1, 1, 1, 1, 2, 1, 2, 2, 1,
       1, 3, 0, 1, 2, 1, 2, 1, 1, 1, 1, 1, 1, 1, 2, 1, 2, 1, 1, 1, 1, 1,
       1, 1, 2, 1, 1, 1, 1, 1, 1, 2, 1, 1, 1, 1, 1, 1, 1, 1, 1, 1, 1, 1,
       1, 1, 1, 1, 1, 1, 2, 1, 0, 1, 2, 1, 1, 1, 1, 1, 1, 1, 1, 1, 1, 1,
       1, 1, 1, 2, 1, 2, 1, 1, 1, 1, 1, 1, 1, 1, 1, 1, 1, 1, 1, 1, 1, 1,
       1, 1, 2, 1, 1, 1, 1, 1, 1, 1, 1, 1, 1, 2, 1, 1, 1, 1, 1, 2, 1, 1,
       2, 1, 1, 2, 1, 1, 1, 2, 1, 1, 1, 1, 1, 1, 1, 1, 0, 1, 1, 1, 1, 2,
       2, 1, 1, 1, 1, 1, 1, 1, 1, 1, 1, 2, 1, 1, 1, 1, 2, 2, 2, 1, 1, 1,
       1, 1, 2, 1, 1, 1, 3, 1, 1, 2, 1, 1, 1, 1, 1, 1, 0, 1, 1, 1, 1, 1,
       1, 1, 3, 1, 1, 1, 2, 1, 1, 1, 2, 1, 1, 1, 1, 1, 1, 1, 1, 1, 1, 1,
       3, 1, 1, 1, 1, 1, 1, 1, 1, 1, 1, 1, 1, 2, 1, 1, 2, 1, 1, 1, 2, 2,
       1, 2, 1, 1, 2, 1, 1, 1, 1, 1, 1, 2, 2, 1, 2, 1, 1, 1, 1, 1, 1, 1,
       1, 1, 1, 1, 1, 1, 2, 3, 1, 1, 1, 1, 1, 1, 1, 1, 2, 0, 1, 1, 1, 1,
       1, 1, 1, 1, 1, 1, 1, 1, 1, 1, 1, 1, 1, 1, 1, 1, 1, 1, 1, 1, 1, 1,
       1, 1, 1, 1, 1, 1, 1, 1, 1, 2, 1, 1, 1, 1, 2, 1, 1, 1, 1, 1, 1, 1,
       1, 1, 2, 1, 1, 1, 1, 1, 1, 1, 2, 1, 1, 1, 1, 1, 1, 2, 1, 2, 1, 1,
       1, 1, 1, 1, 2, 3, 1, 1, 1, 1, 1, 1, 2, 1, 1, 1, 1, 2, 2, 2, 1, 1,
       2, 1, 1, 2, 1, 1, 1, 1, 1, 1, 1, 1, 2, 1, 1, 1, 1, 1, 1, 2, 1, 1,
       1, 1, 1, 1, 1, 1, 1, 1, 1, 1, 1, 1, 1, 1, 3, 1, 1, 1, 1, 1, 1, 1,
       1, 1, 1, 2, 1, 1, 1, 1, 1, 1, 1, 1, 1, 1, 1, 1, 1, 1, 1, 1, 1, 2,
       1, 1, 2, 1, 1, 1, 2, 1, 1, 1, 1, 1, 1, 2, 1, 2, 1, 1, 1, 2, 1, 1,
       1, 3, 1, 1, 1, 2, 1, 1, 1, 1, 1, 1, 1, 1, 2, 1, 1, 1, 1, 1, 1, 1,
       1, 1, 2, 3, 1, 1, 1, 1, 1, 1, 1, 1, 1, 2, 1, 1, 2, 1, 1, 1, 1, 1,
       1, 2, 1, 1, 2, 1, 1, 2, 1, 2, 2, 1, 1, 1, 2, 1, 1, 1, 1, 1, 1, 1,
       1, 1, 1, 1, 1, 1, 1, 2, 1, 2, 1, 1, 2, 1, 1, 1, 1, 1, 1, 1, 1, 1,
       1, 1, 1, 1, 1, 1, 1, 1, 1, 3, 1, 1, 1, 1, 2, 1, 1, 1, 1, 1, 1, 1,
       2, 1, 1, 3, 1, 1, 1, 1, 1, 1, 1, 1, 1, 1, 1, 1, 2, 1, 2, 1, 1, 1,
       1, 1, 1, 1, 1]), 'time': 92.1574478149414}
lenSubsequence: 27{'RI': 0.508087891538102, 'num_clusters': 3, 'uShapelets': [{'ts_index': 85, 'loc': 28, 'gap': 0.027332444393875194, 'distances': array([0.20338256, 0.16804314, 0.14974646, 0.18808464, 0.18808117,
       0.19203567, 0.19737455, 0.19364416, 0.23175217, 0.112009  ,
       0.2322569 , 0.18840466, 0.1724647 , 0.16105278, 0.18097156,
       0.20026703, 0.16152316, 0.18892379, 0.1848546 , 0.17616083,
       0.21306508, 0.18222468, 0.15776993, 0.19044722, 0.15985327,
       0.21695224, 0.18080851, 0.19058249, 0.18140241, 0.14446934,
       0.13589781, 0.24434186, 0.21248763, 0.25802968, 0.12032734,
       0.18681686, 0.13580689, 0.13754863, 0.1396762 , 0.2275338 ,
       0.19004446, 0.25496364, 0.24629536, 0.12759071, 0.19452523,
       0.2048544 , 0.19415773, 0.18076221, 0.25081431, 0.18444086,
       0.22910089, 0.14079514, 0.14033048, 0.1705269 , 0.16748016,
       0.20653754, 0.15525147, 0.2347    , 0.24144271, 0.26514538,
       0.18384268, 0.20839065, 0.13746802, 0.16435824, 0.15161   ,
       0.15025173, 0.19927815, 0.14774598, 0.18995538, 0.12564858,
       0.22865184, 0.12315418, 0.15914612, 0.16039807, 0.14104425,
       0.19402901, 0.21760682, 0.13008548, 0.1844382 , 0.22162973,
       0.22895505, 0.14796018, 0.18450314, 0.21932108, 0.14815798,
       0.        , 0.16315146, 0.17219643, 0.13889354, 0.14191047,
       0.16734506, 0.13814147, 0.16573561, 0.14617288, 0.19712364,
       0.16586005, 0.25519417, 0.12058311, 0.24115197, 0.13252513,
       0.14119774, 0.14784826, 0.19119759, 0.18501539, 0.17190865,
       0.20484381, 0.17719565, 0.10169578, 0.23406307, 0.18477666,
       0.17687506, 0.16157539, 0.14386659, 0.21167726, 0.1763999 ,
       0.19507413, 0.21627175, 0.14275198, 0.12574038, 0.12240736,
       0.15416341, 0.22144973, 0.21863697, 0.1931783 , 0.15694271,
       0.16896771, 0.21044766, 0.22210146, 0.20271514, 0.12332638,
       0.15061965, 0.15244694, 0.17513684, 0.16023318, 0.23031657,
       0.1875887 , 0.13133153, 0.18434778, 0.24290315, 0.11314649,
       0.14699953, 0.15263453, 0.12128012, 0.21045243, 0.19816255,
       0.21268589, 0.17212479, 0.17951786, 0.13146925, 0.11385537,
       0.12456068, 0.24597848, 0.21678641, 0.15549192, 0.23852727,
       0.15373716, 0.169299  , 0.23467045, 0.18339098, 0.14082192,
       0.19708838, 0.23601205, 0.18057204, 0.1342062 , 0.16793851,
       0.14704291, 0.22089233, 0.15881024, 0.19761817, 0.1542495 ,
       0.23609653, 0.17812922, 0.16375067, 0.13716258, 0.15540453,
       0.26322936, 0.22025218, 0.10586253, 0.13070413, 0.18620179,
       0.1962055 , 0.21193662, 0.19845166, 0.138331  , 0.13233642,
       0.1969506 , 0.16015481, 0.2309395 , 0.13051944, 0.19346802,
       0.13853944, 0.12034845, 0.23630238, 0.24132099, 0.21399032,
       0.17411337, 0.15255831, 0.13786919, 0.16427908, 0.16126868,
       0.20860647, 0.21653697, 0.19816654, 0.2134422 , 0.19711558,
       0.21037669, 0.20573417, 0.24513609, 0.1014406 , 0.11063547,
       0.13699131, 0.12936583, 0.14766652, 0.18883909, 0.19743044,
       0.17826484, 0.14202026, 0.09582632, 0.18608589, 0.18226347,
       0.12297701, 0.18390519, 0.1953186 , 0.15842358, 0.14058286,
       0.22135376, 0.2156509 , 0.18641219, 0.17729003, 0.16871363,
       0.23554295, 0.10619011, 0.17264793, 0.16404588, 0.20410704,
       0.11677199, 0.20294315, 0.21441421, 0.21591679, 0.20292823,
       0.21439783, 0.1874221 , 0.22562716, 0.15461125, 0.20150467,
       0.18171446, 0.22454113, 0.2064106 , 0.16665158, 0.19913038,
       0.18023696, 0.09712362, 0.19195537, 0.139769  , 0.17456465,
       0.18304896, 0.16505181, 0.16824905, 0.23290634, 0.22923831,
       0.14260618, 0.19680946, 0.22975602, 0.22239181, 0.15626777,
       0.25033114, 0.16367935, 0.14947213, 0.24492375, 0.22191102,
       0.18154848, 0.21207842, 0.20438356, 0.20711444, 0.1931536 ,
       0.18346978, 0.18908608, 0.12601473, 0.22672524, 0.10643652,
       0.20522458, 0.14002878, 0.13281246, 0.17814007, 0.22095408,
       0.17500435, 0.16635788, 0.16829165, 0.15588951, 0.19221726,
       0.14262133, 0.12226186, 0.18488817, 0.18972485, 0.17937921,
       0.10479923, 0.17759327, 0.18212117, 0.14157672, 0.18398073,
       0.15865598, 0.24837361, 0.21710525, 0.25531162, 0.1540536 ,
       0.22314902, 0.19472827, 0.19392104, 0.15296498, 0.19250346,
       0.15120602, 0.19521677, 0.19614058, 0.13460743, 0.241449  ,
       0.20716744, 0.19917156, 0.19819339, 0.19302355, 0.17202513,
       0.116948  , 0.15170233, 0.10675357, 0.19455844, 0.17255242,
       0.20447796, 0.19825835, 0.17381582, 0.1361718 , 0.13433717,
       0.21355105, 0.14360556, 0.18790908, 0.25035515, 0.19292425,
       0.12954621, 0.19338811, 0.20300487, 0.15353286, 0.20017512,
       0.12378227, 0.14728957, 0.17360422, 0.14625253, 0.23933458,
       0.20244608, 0.15528805, 0.15609313, 0.14489716, 0.15226078,
       0.08051538, 0.17441076, 0.14773176, 0.12450604, 0.19254837,
       0.24350164, 0.19953344, 0.15733344, 0.17454335, 0.14052302,
       0.11935308, 0.14065968, 0.23918875, 0.19074813, 0.17936024,
       0.11644931, 0.13281758, 0.15551952, 0.15067869, 0.21847513,
       0.1981427 , 0.21200717, 0.23045631, 0.18954652, 0.21801551,
       0.12474081, 0.15629434, 0.17965516, 0.22873217, 0.24758404,
       0.15551785, 0.10906386, 0.1723097 , 0.26037825, 0.17920101,
       0.22048241, 0.22569954, 0.15671927, 0.13395918, 0.15609931,
       0.11561038, 0.23076589, 0.2038963 , 0.23500219, 0.11110722,
       0.22376808, 0.23328001, 0.24055854, 0.14920393, 0.23155581,
       0.12828776, 0.15520794, 0.16050367, 0.20075848, 0.12826784,
       0.12044027, 0.1794597 , 0.21824423, 0.2265791 , 0.20944591,
       0.13668841, 0.18635948, 0.23307273, 0.15566618, 0.12582537,
       0.19183191, 0.17919328, 0.14937106, 0.14386335, 0.11118165,
       0.19071851, 0.22119127, 0.15526425, 0.19948372, 0.23365809,
       0.14444483, 0.14244464, 0.16658641, 0.22961951, 0.16094656,
       0.15652573, 0.15236608, 0.19057359, 0.14507368, 0.16814239,
       0.15670051, 0.11305054, 0.14179183, 0.21195676, 0.17783784,
       0.17618695, 0.14312913, 0.14384878, 0.20877331, 0.13727718,
       0.13631345, 0.22410518, 0.14029359, 0.15399155, 0.20822779,
       0.13441832, 0.13836011, 0.16980116, 0.2104139 , 0.14449613,
       0.18404842, 0.14863207, 0.17457547, 0.14449804, 0.12469408,
       0.23337832, 0.23548939, 0.13774961, 0.16200696, 0.22099615,
       0.13572741, 0.10309798, 0.11689909, 0.22983627, 0.18750376,
       0.19107186, 0.15456437, 0.17226281, 0.14303015, 0.14962076,
       0.20737695, 0.22511931, 0.18355019, 0.1906324 , 0.12374454,
       0.20858911, 0.19560121, 0.15409572, 0.16884944, 0.22663884,
       0.25596809, 0.1533244 , 0.18374808, 0.11164054, 0.20669839,
       0.17858088, 0.14206953, 0.12303601, 0.19010252, 0.18619488,
       0.15962611, 0.21064241, 0.22699359, 0.20692348, 0.21520796,
       0.16315999, 0.13654997, 0.12774455, 0.17545765, 0.14172626,
       0.19824594, 0.15100703, 0.1594407 , 0.24394041, 0.20286689,
       0.18016299, 0.17361889, 0.21239054, 0.19332453, 0.12568063,
       0.14675237, 0.19076674, 0.2168923 , 0.23765257, 0.24172386,
       0.18644381, 0.13602533, 0.26386782, 0.17999711, 0.11491455,
       0.18477268, 0.22156727, 0.17681341, 0.18565916, 0.15637235,
       0.1578386 , 0.22750606, 0.22843026, 0.15672747, 0.2150215 ,
       0.17311232, 0.18530101, 0.20553939, 0.2303062 , 0.23941117,
       0.11420595, 0.15095309, 0.23184836, 0.2083852 , 0.15403439,
       0.15541079, 0.21321674, 0.13762359, 0.15360113, 0.13369635,
       0.20736188, 0.1701153 , 0.15501354, 0.21204655, 0.15407285,
       0.18937514, 0.15843826, 0.23194439, 0.10695499, 0.21597909,
       0.1527093 , 0.14353039, 0.23731737, 0.1682061 , 0.12527107,
       0.19526774, 0.15829627, 0.11910035, 0.13759373, 0.10292223,
       0.14034916, 0.12936229, 0.22576581, 0.13424864, 0.22666666,
       0.19141242, 0.24590225, 0.17406309, 0.1289675 , 0.14146046,
       0.17317532, 0.21417438, 0.13186109, 0.16111631, 0.18574458,
       0.24279497, 0.25299102, 0.17684767, 0.22340187, 0.11638446,
       0.1305116 , 0.15519379, 0.20891587, 0.19412355, 0.19035285,
       0.18782113, 0.14570897, 0.2354795 , 0.14305426, 0.1972051 ,
       0.16387768, 0.15476999, 0.2235095 , 0.16412096, 0.14824594,
       0.17850121, 0.12367142, 0.17556232, 0.12985568, 0.15442295,
       0.25346942, 0.16312041, 0.21774957, 0.14294639, 0.14243971,
       0.14738881, 0.1450307 , 0.11059176, 0.13121406, 0.19156208,
       0.1807867 ]), 'delta_distances': array([0., 0., 0., 0., 0., 0., 0., 0., 0., 0., 0., 0., 0., 0., 0., 0., 0.,
       0., 0., 0., 0., 0., 0., 0., 0., 0., 0., 0., 0., 0., 0., 0., 0., 0.,
       0., 0., 0., 0., 0., 0., 0., 0., 0., 0., 0., 0., 0., 0., 0., 0., 0.,
       0., 0., 0., 0., 0., 0., 0., 0., 0., 0., 0., 0., 0., 0., 0., 0., 0.,
       0., 0., 0., 0., 0., 0., 0., 0., 0., 0., 0., 0., 0., 0., 0., 0., 0.,
       0., 0., 0., 0., 0., 0., 0., 0., 0., 0., 0., 0., 0., 0., 0., 0., 0.,
       0., 0., 0., 0., 0., 0., 0., 0., 0., 0., 0., 0., 0., 0., 0., 0., 0.,
       0., 0., 0., 0., 0., 0., 0., 0., 0., 0., 0., 0., 0., 0., 0., 0., 0.,
       0., 0., 0., 0., 0., 0., 0., 0., 0., 0., 0., 0., 0., 0., 0., 0., 0.,
       0., 0., 0., 0., 0., 0., 0., 0., 0., 0., 0., 0., 0., 0., 0., 0., 0.,
       0., 0., 0., 0., 0., 0., 0., 0., 0., 0., 0., 0., 0., 0., 0., 0., 0.,
       0., 0., 0., 0., 0., 0., 0., 0., 0., 0., 0., 0., 0., 0., 0., 0., 0.,
       0., 0., 0., 0., 0., 0., 0., 0., 0., 0., 0., 0., 0., 0., 0., 0., 0.,
       0., 0., 0., 0., 0., 0., 0., 0., 0., 0., 0., 0., 0., 0., 0., 0., 0.,
       0., 0., 0., 0., 0., 0., 0., 0., 0., 0., 0., 0., 0., 0., 0., 0., 0.,
       0., 0., 0., 0., 0., 0., 0., 0., 0., 0., 0., 0., 0., 0., 0., 0., 0.,
       0., 0., 0., 0., 0., 0., 0., 0., 0., 0., 0., 0., 0., 0., 0., 0., 0.,
       0., 0., 0., 0., 0., 0., 0., 0., 0., 0., 0., 0., 0., 0., 0., 0., 0.,
       0., 0., 0., 0., 0., 0., 0., 0., 0., 0., 0., 0., 0., 0., 0., 0., 0.,
       0., 0., 0., 0., 0., 0., 0., 0., 0., 0., 0., 0., 0., 0., 0., 0., 0.,
       0., 0., 0., 0., 0., 0., 0., 0., 0., 0., 0., 0., 0., 0., 0., 0., 0.,
       0., 0., 0., 0., 0., 0., 0., 0., 0., 0., 0., 0., 0., 0., 0., 0., 0.,
       0., 0., 0., 0., 0., 0., 0., 0., 0., 0., 0., 0., 0., 0., 0., 0., 0.,
       0., 0., 0., 0., 0., 0., 0., 0., 0., 0., 0., 0., 0., 0., 0., 0., 0.,
       0., 0., 0., 0., 0., 0., 0., 0., 0., 0., 0., 0., 0., 0., 0., 0., 0.,
       0., 0., 0., 0., 0., 0., 0., 0., 0., 0., 0., 0., 0., 0., 0., 0., 0.,
       0., 0., 0., 0., 0., 0., 0., 0., 0., 0., 0., 0., 0., 0., 0., 0., 0.,
       0., 0., 0., 0., 0., 0., 0., 0., 0., 0., 0., 0., 0., 0., 0., 0., 0.,
       0., 0., 0., 0., 0., 0., 0., 0., 0., 0., 0., 0., 0., 0., 0., 0., 0.,
       0., 0., 0., 0., 0., 0., 0., 0., 0., 0., 0., 0., 0., 0., 0., 0., 0.,
       0., 0., 0., 0., 0., 0., 0., 0., 0., 0., 0., 0., 0., 0., 0., 0., 0.,
       0., 0., 0., 0., 0., 0., 0., 0., 0., 0., 0., 0., 0., 0., 0., 0., 0.,
       0., 0., 0., 0., 0., 0., 0., 0., 0., 0., 0., 0., 0., 0., 0., 0., 0.,
       0., 0., 0., 0., 0., 0., 0., 0., 0., 0., 0., 0., 0., 0., 0., 0., 0.,
       0., 0., 0., 0., 0., 0., 0., 0., 0., 0., 0., 0., 0., 0., 0., 0., 0.,
       0., 0., 0., 0., 0., 0., 0., 0., 0., 0., 0., 0., 0., 0., 0., 0., 0.,
       0., 0., 0., 0., 0., 0., 0., 0., 0.]), 'locations': array([28, 28, 27, 27, 25, 28, 29, 27, 11, 28, 28, 27, 28, 27, 27, 27, 27,
       27, 28, 28, 12, 27, 30, 27, 27, 27, 26, 28, 28, 26, 27, 26, 26, 27,
       27, 28, 27, 26, 27, 29, 26, 24, 28, 28, 26, 27, 27, 28, 27, 28, 29,
       27, 27, 28, 29, 28, 27, 27, 16, 19, 28, 28, 27, 28, 26, 27, 25, 28,
       27, 28, 28, 27, 27, 28, 28, 15, 25, 27, 26, 27, 28, 28, 27, 23, 27,
       28, 29, 29, 26, 27, 27, 28, 27, 27, 28, 27, 35, 29, 15, 28, 27, 28,
       27, 29, 28, 27, 29, 27, 27, 28, 27, 28, 28, 15, 27, 28, 25, 28, 27,
       26, 27, 27, 25, 29, 26, 29, 28, 28, 29, 28, 28, 28, 27, 27, 14, 26,
       28, 26, 26, 27, 27, 28, 28, 25, 27, 28, 29, 27, 27, 28, 28, 28, 28,
       28, 28, 27, 27, 15, 28, 26, 27, 14, 28, 29, 26, 26, 29, 28, 27, 27,
       29, 26, 26, 28, 26, 23, 15, 28, 27, 28, 27, 27, 27, 28, 27, 27, 27,
       27, 28, 24, 29, 28, 11, 12, 27, 27, 27, 29, 29, 28, 13, 24, 27, 24,
       26, 26, 27, 16, 28, 27, 26, 27, 26, 28, 26, 28, 27, 28, 27, 27, 29,
       26, 27, 27, 28, 26, 28, 28, 26, 28, 27, 28, 26, 27, 25, 28, 28, 28,
       26, 25, 28, 29, 26, 27, 27, 28, 27, 29, 30, 26, 29, 28, 26, 27, 28,
       29, 26, 27, 10, 27, 28, 28, 11, 27, 28, 17, 28, 28,  8, 29, 27, 28,
       28, 23, 28, 27, 27, 28, 12, 28, 27, 27, 27, 27, 27, 26, 29, 28, 27,
       28, 28, 28, 15, 29, 28, 28, 27, 27, 28, 28, 27, 26, 12, 26, 29, 29,
       28, 26, 27, 28, 27, 28, 25, 28, 27, 27, 28, 27, 27, 28, 27, 26, 28,
       26, 28, 27, 25, 29, 27, 29, 30, 27, 27, 29, 28, 27, 26, 28, 28, 26,
       29, 28, 27, 27, 28, 26, 27, 28, 26, 29, 28, 27, 27, 28, 27, 26, 27,
       27, 27, 27, 28, 28, 12, 28, 28, 28, 29, 27, 26, 12, 26, 27, 28, 27,
       26, 28, 28, 27, 15, 28, 27, 28, 27, 26, 26, 28, 11, 27, 25, 27, 27,
       10, 28, 11, 27, 29, 28, 28, 27, 27, 27, 27, 28, 28, 28, 27, 28, 27,
       28, 29, 27, 28, 28, 27, 28, 13, 27, 27, 27, 27, 27, 26, 26, 27, 29,
       27, 29, 26, 28, 27, 27, 27, 28, 28, 28, 27, 28, 28, 29, 29, 27, 29,
       27, 28, 27, 27, 27, 28, 26, 25, 28, 27, 28, 27, 28, 26, 27, 27, 29,
       27, 30, 27, 28, 26, 27, 28, 28, 28, 29, 29, 29, 28, 27, 27, 29, 27,
       26, 26, 26, 27, 28, 28, 28, 26, 26, 27, 27, 26, 28, 11, 28, 27, 27,
       28, 26, 28, 27, 26, 27, 30, 28, 28, 27, 28, 26, 27, 28, 29, 27, 29,
       27, 27, 26, 27, 27, 27, 28, 28, 27, 11, 28, 27, 19, 28, 28, 25, 27,
       28, 28, 27, 27, 28, 28, 28, 27, 28, 28, 28, 14, 27, 27, 27, 29, 28,
       27, 27, 28, 27, 28, 27, 26, 27, 27, 28, 27, 28, 28, 11, 28, 29, 29,
       28, 12, 27, 28, 27, 28, 26, 27, 27, 28, 27, 28, 26, 23, 27, 25, 24,
       27, 27, 29, 29, 29, 28, 27, 28, 28, 27, 24, 28, 27, 28, 28, 28, 29,
       28, 28, 11, 27, 28, 27, 27, 27, 28, 28, 29, 27, 27, 27, 27, 12, 29,
       29, 27, 27, 28, 29, 28, 27, 29, 27])}, {'ts_index': 395, 'loc': 10, 'gap': 0.018079275709260823, 'distances': array([0.11793431, 0.09746826, 0.19295823, 0.13353271, 0.12356761,
       0.15223689, 0.09501724, 0.12105377, 0.09804138, 0.12378908,
       0.10141915, 0.13361936, 0.13315856, 0.09080714, 0.15966808,
       0.13737672, 0.16914829, 0.1022907 , 0.12901509, 0.16656463,
       0.13224826, 0.13326056, 0.12466784, 0.14998395, 0.1288357 ,
       0.11899431, 0.11944228, 0.11600298, 0.16652689, 0.18897019,
       0.12509518, 0.13225716, 0.10391641, 0.13141207, 0.13956827,
       0.10986302, 0.12528291, 0.09385073, 0.1182611 , 0.14764479,
       0.16031072, 0.08982389, 0.16746276, 0.11944235, 0.11531896,
       0.1151591 , 0.13773253, 0.13106408, 0.17263658, 0.15470216,
       0.2006201 , 0.12985432, 0.15067236, 0.17492883, 0.11563214,
       0.08080059, 0.12781258, 0.13921932, 0.11876482, 0.16824566,
       0.09823278, 0.11291358, 0.14602905, 0.11783844, 0.1651783 ,
       0.        , 0.11381946, 0.17001056, 0.13313361, 0.10085048,
       0.14608094, 0.1183159 , 0.13599116, 0.14366333, 0.13721269,
       0.1795298 , 0.12196849, 0.08826112, 0.13370417, 0.09644529,
       0.12281106, 0.12678399, 0.16139469, 0.10405776, 0.16442881,
       0.12754726, 0.14132169, 0.12106394, 0.14862093, 0.09313748,
       0.13840604, 0.13128679, 0.07718087, 0.11976856, 0.15118293,
       0.17151967, 0.13768796, 0.1282639 , 0.12962685, 0.12514314,
       0.12430055, 0.17701435, 0.10189865, 0.15903328]), 'delta_distances': array([0., 0., 0., 0., 0., 0., 0., 0., 0., 0., 0., 0., 0., 0., 0., 0., 0.,
       0., 0., 0., 0., 0., 0., 0., 0., 0., 0., 0., 0., 0., 0., 0., 0., 0.,
       0., 0., 0., 0., 0., 0., 0., 0., 0., 0., 0., 0., 0., 0., 0., 0., 0.,
       0., 0., 0., 0., 0., 0., 0., 0., 0., 0., 0., 0., 0., 0., 0., 0., 0.,
       0., 0., 0., 0., 0., 0., 0., 0., 0., 0., 0., 0., 0., 0., 0., 0., 0.,
       0., 0., 0., 0., 0., 0., 0., 0., 0., 0., 0., 0., 0., 0., 0., 0., 0.,
       0., 0.]), 'locations': array([11,  9, 12,  9, 11, 12, 10, 12,  9,  7, 11, 11, 12,  9,  7,  7, 10,
       10,  6, 10, 13, 10, 11, 12, 12,  7, 12,  8,  8, 12, 11, 11,  9,  8,
       10,  8, 10, 10,  8,  6, 11, 11, 11,  9, 12,  8,  9, 12, 10, 11, 11,
        9, 10,  6,  9, 11, 11,  8,  9, 11, 10, 10, 12, 10,  9, 10,  9,  9,
       10, 11,  8, 12, 10,  8,  6,  9, 12, 10, 12, 10,  9, 12, 13, 12,  8,
       11,  9, 11,  7, 10, 11,  7,  9, 11,  9, 11, 11,  9, 12, 10,  9, 12,
       12,  7])}], 'clusters': array([1, 1, 1, 1, 1, 1, 1, 1, 2, 1, 2, 1, 1, 1, 1, 1, 1, 1, 1, 1, 1, 1,
       1, 1, 1, 1, 1, 1, 1, 1, 1, 0, 1, 2, 1, 1, 1, 1, 1, 2, 1, 2, 2, 1,
       1, 1, 1, 1, 2, 1, 2, 1, 1, 1, 1, 1, 1, 2, 2, 2, 1, 1, 1, 1, 1, 1,
       1, 1, 1, 1, 2, 1, 1, 1, 1, 1, 1, 1, 1, 2, 2, 1, 1, 2, 1, 1, 1, 1,
       1, 1, 1, 1, 1, 1, 1, 1, 0, 1, 2, 1, 1, 1, 1, 1, 1, 1, 1, 1, 2, 1,
       1, 1, 1, 1, 1, 1, 1, 1, 1, 1, 1, 0, 2, 1, 1, 1, 1, 2, 1, 1, 1, 1,
       1, 1, 2, 1, 1, 1, 2, 1, 1, 1, 1, 1, 1, 1, 1, 1, 1, 1, 1, 2, 1, 1,
       2, 1, 1, 2, 1, 1, 1, 2, 1, 1, 1, 1, 0, 1, 1, 1, 0, 1, 1, 1, 1, 2,
       2, 1, 1, 1, 1, 1, 1, 1, 1, 1, 1, 2, 1, 1, 1, 1, 2, 2, 1, 1, 1, 1,
       1, 1, 1, 1, 1, 1, 1, 1, 1, 2, 1, 1, 1, 1, 1, 1, 1, 1, 1, 1, 1, 1,
       1, 1, 1, 1, 1, 2, 1, 1, 1, 1, 2, 1, 1, 1, 1, 1, 1, 1, 1, 1, 1, 1,
       2, 1, 1, 1, 2, 1, 1, 1, 1, 1, 1, 1, 1, 1, 1, 1, 0, 2, 1, 1, 0, 2,
       1, 2, 1, 1, 2, 2, 1, 1, 1, 1, 1, 1, 1, 1, 2, 1, 1, 1, 1, 1, 0, 1,
       1, 1, 1, 1, 1, 1, 1, 1, 1, 1, 1, 1, 1, 1, 1, 2, 1, 0, 1, 2, 1, 1,
       1, 1, 1, 1, 1, 1, 2, 1, 1, 1, 1, 1, 1, 1, 1, 1, 1, 1, 1, 1, 1, 1,
       1, 1, 1, 0, 1, 1, 1, 1, 1, 1, 1, 1, 1, 1, 2, 1, 1, 1, 1, 1, 1, 1,
       1, 1, 1, 2, 1, 1, 1, 1, 1, 1, 2, 1, 1, 1, 1, 1, 1, 1, 1, 1, 2, 1,
       1, 1, 1, 1, 2, 0, 1, 1, 1, 2, 1, 2, 2, 1, 1, 1, 1, 2, 1, 0, 1, 2,
       2, 0, 1, 2, 1, 1, 1, 1, 1, 1, 1, 1, 2, 1, 1, 1, 2, 1, 1, 1, 1, 1,
       1, 1, 1, 2, 1, 1, 2, 1, 1, 1, 2, 1, 1, 1, 1, 1, 1, 1, 1, 1, 1, 1,
       1, 1, 1, 1, 1, 1, 2, 1, 1, 1, 1, 1, 1, 1, 1, 1, 1, 1, 1, 1, 0, 2,
       1, 1, 2, 1, 1, 1, 2, 1, 1, 1, 1, 1, 1, 1, 2, 1, 1, 1, 1, 1, 1, 1,
       2, 2, 1, 1, 1, 1, 1, 1, 1, 1, 1, 1, 1, 0, 1, 1, 1, 1, 1, 1, 1, 1,
       1, 1, 2, 1, 1, 1, 1, 1, 1, 1, 1, 1, 0, 2, 1, 1, 2, 1, 1, 1, 2, 1,
       1, 1, 1, 2, 2, 1, 1, 1, 1, 1, 2, 2, 1, 1, 2, 1, 1, 1, 1, 1, 1, 1,
       1, 1, 1, 1, 1, 1, 1, 2, 1, 1, 1, 1, 2, 1, 1, 1, 1, 1, 1, 1, 1, 1,
       0, 1, 2, 1, 2, 1, 1, 1, 1, 1, 1, 1, 1, 2, 2, 1, 2, 1, 1, 1, 1, 1,
       1, 1, 1, 0, 1, 1, 1, 1, 2, 1, 1, 1, 1, 1, 1, 1, 2, 1, 1, 1, 1, 1,
       1, 1, 1, 1, 1]), 'time': 85.61753511428833}
lenSubsequence: 29{'RI': 0.49787024050698664, 'num_clusters': 4, 'uShapelets': [{'ts_index': 101, 'loc': 31, 'gap': 0.026582651383200928, 'distances': array([0.17137056, 0.14063475, 0.11794434, 0.17360343, 0.16136348,
       0.19406924, 0.14006885, 0.12737216, 0.23137549, 0.16109454,
       0.17882717, 0.14517913, 0.17296345, 0.12397783, 0.13799404,
       0.14038561, 0.1828641 , 0.14130256, 0.21687295, 0.15022241,
       0.19395432, 0.14206275, 0.12012291, 0.13648336, 0.14208272,
       0.1737432 , 0.11561613, 0.16201468, 0.17753621, 0.1136464 ,
       0.15178964, 0.24106681, 0.22325418, 0.22910004, 0.10849007,
       0.13952038, 0.13053654, 0.12877513, 0.16137893, 0.2429276 ,
       0.15627512, 0.19356795, 0.21554031, 0.15297379, 0.15146123,
       0.24767487, 0.21168541, 0.19469879, 0.21227795, 0.1645373 ,
       0.19989497, 0.16059693, 0.14031113, 0.14772595, 0.11354079,
       0.15111209, 0.13491026, 0.18272631, 0.21175997, 0.22812227,
       0.20701357, 0.1597156 , 0.1505584 , 0.1662228 , 0.15384255,
       0.09203401, 0.15972699, 0.1635021 , 0.15178023, 0.07747278,
       0.22550758, 0.1359224 , 0.14318766, 0.19182882, 0.13467502,
       0.18779767, 0.1502129 , 0.13281495, 0.16000918, 0.17709807,
       0.22180738, 0.17176493, 0.15719077, 0.15679682, 0.1430196 ,
       0.1402669 , 0.2001751 , 0.19038274, 0.13253951, 0.14233987,
       0.18511074, 0.09710945, 0.15724662, 0.07573824, 0.18823146,
       0.16143488, 0.22675762, 0.13386259, 0.20492776, 0.16247462,
       0.09565437, 0.        , 0.1627827 , 0.08959184, 0.20092245,
       0.22314297, 0.12737797, 0.12889091, 0.21917658, 0.1478157 ,
       0.14605398, 0.14868442, 0.08714931, 0.19391782, 0.14997597,
       0.18727534, 0.17197339, 0.15837771, 0.137855  , 0.13344592,
       0.12441921, 0.16479311, 0.18253798, 0.1837555 , 0.17673306,
       0.20333625, 0.16798037, 0.18523523, 0.18705088, 0.18815409,
       0.12716585, 0.14298718, 0.14753523, 0.1291198 , 0.21966537,
       0.19127194, 0.17360552, 0.14151287, 0.23937941, 0.12815942,
       0.13000023, 0.18562529, 0.14807463, 0.18536928, 0.15933718,
       0.17248375, 0.19982798, 0.14993608, 0.07327889, 0.1352924 ,
       0.1246825 , 0.22457967, 0.19462976, 0.18034337, 0.21862735,
       0.15276422, 0.14783139, 0.22828224, 0.15755138, 0.12572077,
       0.16786958, 0.1883884 , 0.17954113, 0.16071465, 0.17015598,
       0.12147539, 0.20000312, 0.21913172, 0.16453994, 0.17028897,
       0.17097957, 0.12167295, 0.16227984, 0.14411203, 0.14560281,
       0.22783532, 0.20789095, 0.14529634, 0.14064794, 0.15881382,
       0.20567936, 0.18347381, 0.15411217, 0.14990065, 0.16290522,
       0.16020152, 0.13544644, 0.20488886, 0.12772481, 0.15424819,
       0.15729151, 0.16298069, 0.2237099 , 0.20916345, 0.20545444,
       0.17689997, 0.17703044, 0.18393572, 0.13814153, 0.15369482,
       0.18705043, 0.1851087 , 0.18441652, 0.18118947, 0.207182  ,
       0.16329389, 0.1662512 , 0.20401907, 0.12481953, 0.14100105,
       0.13450693, 0.14947967, 0.13052899, 0.19998606, 0.1846784 ,
       0.14263312, 0.16431723, 0.15320938, 0.19760286, 0.17167264,
       0.1372242 , 0.13396339, 0.21412441, 0.13017456, 0.18998482,
       0.17238255, 0.24469082, 0.18021037, 0.14481172, 0.19230902,
       0.18775425, 0.13240221, 0.15905306, 0.17337708, 0.15357298,
       0.11111936, 0.14855958, 0.16249271, 0.20151058, 0.17738823,
       0.18224223, 0.16495463, 0.22521655, 0.16256872, 0.16177259,
       0.1569211 , 0.211701  , 0.16072796, 0.20109467, 0.1616503 ,
       0.21868071, 0.11788501, 0.19694747, 0.14864078, 0.17278418,
       0.18179332, 0.16570938, 0.18459793, 0.24368504, 0.19431021,
       0.17249796, 0.22419277, 0.21504073, 0.18276973, 0.13173881,
       0.2077376 , 0.12010188, 0.12512678, 0.20845014, 0.21489614,
       0.11390512, 0.13086471, 0.1781008 , 0.16627813, 0.14415978,
       0.15953813, 0.1764709 , 0.13357674, 0.229241  , 0.11389593,
       0.17133321, 0.11443214, 0.16067635, 0.16760736, 0.18029745,
       0.17466952, 0.18186798, 0.19265373, 0.10273073, 0.17154112,
       0.17589962, 0.12804418, 0.1909676 , 0.19599668, 0.15968101,
       0.13585132, 0.17463649, 0.17940882, 0.15860103, 0.17110007,
       0.17167775, 0.22745129, 0.21166505, 0.23735205, 0.20273529,
       0.16416762, 0.15798325, 0.15078836, 0.14431949, 0.13969541,
       0.09608819, 0.18163025, 0.18155521, 0.12717443, 0.19790217,
       0.14195658, 0.17588626, 0.16187686, 0.13106127, 0.1578131 ,
       0.12608986, 0.10502094, 0.11036145, 0.13134513, 0.13636523,
       0.14520179, 0.13827428, 0.16861874, 0.1244688 , 0.15156905,
       0.17037867, 0.08711498, 0.171227  , 0.20894157, 0.17854593,
       0.12371297, 0.20861901, 0.16994888, 0.1758668 , 0.19127012,
       0.0892815 , 0.17606917, 0.15411493, 0.10912172, 0.20455399,
       0.19068625, 0.12190671, 0.15286368, 0.14347469, 0.09453153,
       0.12400372, 0.16663002, 0.1179097 , 0.15157425, 0.16648109,
       0.19509512, 0.22215085, 0.17407413, 0.13459322, 0.16596701,
       0.13784017, 0.13848424, 0.20643805, 0.17750823, 0.15288611,
       0.13164801, 0.11806094, 0.09349121, 0.09295682, 0.18600736,
       0.19379072, 0.19015008, 0.18292469, 0.17756678, 0.18379248,
       0.09442209, 0.11644908, 0.17240021, 0.18508913, 0.2282537 ,
       0.15840217, 0.13696444, 0.16724047, 0.24757654, 0.14718113,
       0.20141318, 0.22048563, 0.10701665, 0.12616015, 0.14891072,
       0.13834118, 0.2261754 , 0.20553186, 0.21987603, 0.12218283,
       0.18257187, 0.21783259, 0.20031101, 0.17011448, 0.20158757,
       0.13558155, 0.15637323, 0.12864248, 0.1833179 , 0.16687711,
       0.13704306, 0.19567344, 0.17763933, 0.23315001, 0.15317424,
       0.14072102, 0.17690747, 0.1890763 , 0.1508862 , 0.14089435,
       0.17286224, 0.18611018, 0.14532959, 0.15149454, 0.11105597,
       0.16027771, 0.19194445, 0.13551115, 0.1833483 , 0.20853534,
       0.15451481, 0.1646812 , 0.1477184 , 0.1912445 , 0.18834235,
       0.11150863, 0.19018106, 0.22806939, 0.14038587, 0.13992262,
       0.13653543, 0.07596025, 0.15340789, 0.19545755, 0.1110052 ,
       0.13243741, 0.15154696, 0.13891367, 0.18060876, 0.12326534,
       0.10590151, 0.1682376 , 0.19062521, 0.16949876, 0.15302369,
       0.09133519, 0.12339041, 0.13935208, 0.16107481, 0.14168785,
       0.16503718, 0.13074823, 0.15942667, 0.17054735, 0.12092822,
       0.20374802, 0.1782465 , 0.14109482, 0.12841428, 0.21685393,
       0.15235781, 0.14588358, 0.13797353, 0.22791521, 0.17624256,
       0.17895102, 0.1725213 , 0.11217002, 0.14355704, 0.1768211 ,
       0.18812395, 0.19707593, 0.17778218, 0.13193966, 0.12531667,
       0.16877815, 0.18616173, 0.09884419, 0.17217159, 0.19985262,
       0.23145243, 0.14008457, 0.16603486, 0.12859455, 0.17591797,
       0.15608765, 0.11077225, 0.14860208, 0.14485189, 0.14228088,
       0.13476616, 0.18740701, 0.23066837, 0.17567165, 0.21271373,
       0.14750396, 0.13726815, 0.12791742, 0.18745622, 0.11158166,
       0.22607084, 0.11043361, 0.15230246, 0.22510762, 0.22803768,
       0.16496209, 0.156286  , 0.17801147, 0.1278915 , 0.13619421,
       0.10236665, 0.15721299, 0.19116447, 0.19272235, 0.23674461,
       0.15220387, 0.14355755, 0.22715125, 0.16939138, 0.1279608 ,
       0.12144601, 0.21124495, 0.1117447 , 0.12904897, 0.1985745 ,
       0.10564784, 0.18156688, 0.19160738, 0.16252406, 0.19710992,
       0.20782431, 0.19379154, 0.21364148, 0.21598138, 0.22451115,
       0.1170767 , 0.14226384, 0.23301298, 0.16108172, 0.08997086,
       0.13396662, 0.20340598, 0.12972637, 0.15159013, 0.10112573,
       0.20395358, 0.16923786, 0.14489909, 0.14899247, 0.16300904,
       0.162951  , 0.11206872, 0.21272333, 0.13706761, 0.23801473,
       0.1092364 , 0.12249542, 0.23964644, 0.15532851, 0.1309579 ,
       0.1166062 , 0.1135831 , 0.11686244, 0.12876387, 0.11028577,
       0.1633337 , 0.17679877, 0.19165532, 0.13267128, 0.19804288,
       0.15574927, 0.21125431, 0.16515589, 0.15661164, 0.1753653 ,
       0.21062374, 0.22818083, 0.15719786, 0.13611155, 0.16438059,
       0.237863  , 0.24839684, 0.15670917, 0.17299297, 0.15041953,
       0.0866695 , 0.16651359, 0.1792837 , 0.19664075, 0.21768215,
       0.15448688, 0.13586819, 0.22575994, 0.13659476, 0.17482486,
       0.15049398, 0.11745615, 0.19146989, 0.16517313, 0.13327298,
       0.16556494, 0.12475073, 0.15888407, 0.1340454 , 0.1458637 ,
       0.2230176 , 0.16087825, 0.21793274, 0.15118334, 0.08410191,
       0.10561926, 0.10048456, 0.13372256, 0.10175443, 0.15855805,
       0.21075126]), 'delta_distances': array([0., 0., 0., 0., 0., 0., 0., 0., 0., 0., 0., 0., 0., 0., 0., 0., 0.,
       0., 0., 0., 0., 0., 0., 0., 0., 0., 0., 0., 0., 0., 0., 0., 0., 0.,
       0., 0., 0., 0., 0., 0., 0., 0., 0., 0., 0., 0., 0., 0., 0., 0., 0.,
       0., 0., 0., 0., 0., 0., 0., 0., 0., 0., 0., 0., 0., 0., 0., 0., 0.,
       0., 0., 0., 0., 0., 0., 0., 0., 0., 0., 0., 0., 0., 0., 0., 0., 0.,
       0., 0., 0., 0., 0., 0., 0., 0., 0., 0., 0., 0., 0., 0., 0., 0., 0.,
       0., 0., 0., 0., 0., 0., 0., 0., 0., 0., 0., 0., 0., 0., 0., 0., 0.,
       0., 0., 0., 0., 0., 0., 0., 0., 0., 0., 0., 0., 0., 0., 0., 0., 0.,
       0., 0., 0., 0., 0., 0., 0., 0., 0., 0., 0., 0., 0., 0., 0., 0., 0.,
       0., 0., 0., 0., 0., 0., 0., 0., 0., 0., 0., 0., 0., 0., 0., 0., 0.,
       0., 0., 0., 0., 0., 0., 0., 0., 0., 0., 0., 0., 0., 0., 0., 0., 0.,
       0., 0., 0., 0., 0., 0., 0., 0., 0., 0., 0., 0., 0., 0., 0., 0., 0.,
       0., 0., 0., 0., 0., 0., 0., 0., 0., 0., 0., 0., 0., 0., 0., 0., 0.,
       0., 0., 0., 0., 0., 0., 0., 0., 0., 0., 0., 0., 0., 0., 0., 0., 0.,
       0., 0., 0., 0., 0., 0., 0., 0., 0., 0., 0., 0., 0., 0., 0., 0., 0.,
       0., 0., 0., 0., 0., 0., 0., 0., 0., 0., 0., 0., 0., 0., 0., 0., 0.,
       0., 0., 0., 0., 0., 0., 0., 0., 0., 0., 0., 0., 0., 0., 0., 0., 0.,
       0., 0., 0., 0., 0., 0., 0., 0., 0., 0., 0., 0., 0., 0., 0., 0., 0.,
       0., 0., 0., 0., 0., 0., 0., 0., 0., 0., 0., 0., 0., 0., 0., 0., 0.,
       0., 0., 0., 0., 0., 0., 0., 0., 0., 0., 0., 0., 0., 0., 0., 0., 0.,
       0., 0., 0., 0., 0., 0., 0., 0., 0., 0., 0., 0., 0., 0., 0., 0., 0.,
       0., 0., 0., 0., 0., 0., 0., 0., 0., 0., 0., 0., 0., 0., 0., 0., 0.,
       0., 0., 0., 0., 0., 0., 0., 0., 0., 0., 0., 0., 0., 0., 0., 0., 0.,
       0., 0., 0., 0., 0., 0., 0., 0., 0., 0., 0., 0., 0., 0., 0., 0., 0.,
       0., 0., 0., 0., 0., 0., 0., 0., 0., 0., 0., 0., 0., 0., 0., 0., 0.,
       0., 0., 0., 0., 0., 0., 0., 0., 0., 0., 0., 0., 0., 0., 0., 0., 0.,
       0., 0., 0., 0., 0., 0., 0., 0., 0., 0., 0., 0., 0., 0., 0., 0., 0.,
       0., 0., 0., 0., 0., 0., 0., 0., 0., 0., 0., 0., 0., 0., 0., 0., 0.,
       0., 0., 0., 0., 0., 0., 0., 0., 0., 0., 0., 0., 0., 0., 0., 0., 0.,
       0., 0., 0., 0., 0., 0., 0., 0., 0., 0., 0., 0., 0., 0., 0., 0., 0.,
       0., 0., 0., 0., 0., 0., 0., 0., 0., 0., 0., 0., 0., 0., 0., 0., 0.,
       0., 0., 0., 0., 0., 0., 0., 0., 0., 0., 0., 0., 0., 0., 0., 0., 0.,
       0., 0., 0., 0., 0., 0., 0., 0., 0., 0., 0., 0., 0., 0., 0., 0., 0.,
       0., 0., 0., 0., 0., 0., 0., 0., 0., 0., 0., 0., 0., 0., 0., 0., 0.,
       0., 0., 0., 0., 0., 0., 0., 0., 0., 0., 0., 0., 0., 0., 0., 0., 0.,
       0., 0., 0., 0., 0., 0., 0., 0., 0., 0., 0., 0., 0., 0., 0., 0., 0.,
       0., 0., 0., 0., 0., 0., 0., 0., 0.]), 'locations': array([30, 30, 30, 28, 28, 29, 31, 31, 15, 31, 30, 31, 30, 29, 29, 29, 30,
       30, 30, 31, 16, 29, 33, 29, 29, 29, 29, 30, 31, 29, 30, 12, 27, 16,
       30, 29, 31, 30, 30, 32, 29, 29, 30, 31, 29, 29, 30, 30, 28, 31, 17,
       30, 29, 31, 31, 31, 30, 29, 18, 28, 30, 31, 30, 30, 29, 30, 28, 30,
       30, 31, 31, 30, 30, 32, 31, 17, 29, 30, 30, 28, 30, 30, 30, 32, 30,
       31, 31, 31, 29, 30, 29, 31, 29, 30, 30, 29, 32, 32, 17, 31, 30, 31,
       29, 31, 32, 29, 32, 30, 28, 29, 30, 30, 30, 17, 29, 31, 26, 31, 29,
       29, 30, 31, 26, 30, 29, 31, 30, 27, 31, 31, 32, 30, 29, 30, 16, 27,
       31, 28, 29, 30, 31, 30, 30, 29, 31, 29, 32, 29, 30, 31, 30, 29, 29,
       30, 15, 29, 29, 29, 31, 30, 29, 15, 31, 32, 29, 29, 32, 31, 31, 30,
       31, 28, 28, 30, 29, 26, 17, 30, 31, 32, 29, 29, 30, 30, 30, 29, 29,
       28, 30, 27, 31, 30, 17, 14, 29, 29, 29, 32, 31, 31, 17, 30, 30, 29,
       29, 28, 29, 32, 31, 30, 30, 30, 29, 30, 28, 30, 30, 30, 30, 29, 32,
       28, 30, 30, 31, 29, 30, 31, 29, 31, 30, 31, 29, 29, 29, 31, 32, 31,
       29, 29, 29, 31, 30, 30, 30, 30, 29, 33, 32, 30, 33, 31, 28, 30, 31,
       31, 28, 30, 11, 29, 30, 30, 28, 29, 31, 21, 30, 31, 24, 31, 29, 31,
       29, 30, 30, 29, 29, 30, 14, 31, 30, 29, 30, 30, 29, 29, 31, 31, 30,
       31, 31, 31, 16, 31, 31, 30, 30, 31, 31, 30, 29, 29, 14, 31, 31, 32,
       30, 28, 29, 30, 31, 31, 29, 31, 29, 30, 30, 29, 29, 32, 30, 29, 31,
       30, 31, 29, 28, 31, 30, 31, 32, 31, 29, 31, 29, 29, 30, 30, 30, 28,
       32, 30, 31, 30, 31, 29, 31, 31, 29, 31, 31, 29, 30, 30, 29, 29, 30,
       30, 29, 29, 31, 30, 21, 30, 30, 30, 32, 30, 29, 15, 29, 29, 31, 30,
       29, 31, 31, 28, 18, 15, 30, 30, 29, 28, 29, 29, 16, 30, 28, 29, 29,
       17, 30, 30, 30, 29, 16, 32, 29, 29, 29, 29, 32, 31, 31, 30, 31, 31,
       30, 32, 31, 30, 29, 30, 31, 16, 30, 29, 30, 30, 29, 27, 29, 29, 33,
       30, 32, 29, 31, 30, 30, 30, 30, 31, 32, 29, 30, 31, 31, 32, 29, 31,
       30, 29, 29, 31, 32, 30, 28, 29, 31, 30, 31, 30, 30, 29, 30, 31, 31,
       30, 33, 28, 31, 29, 29, 31, 30, 31, 16, 31, 32, 31, 29, 29, 31, 29,
       28, 28, 29, 29, 29, 30, 30, 28, 26, 21, 29, 30, 31, 15, 31, 30, 29,
       31, 30, 31, 29, 30, 30, 32, 31, 30, 30, 31, 30, 30, 30, 31, 28, 32,
       30, 29, 28, 30, 30, 30, 31, 32, 29, 14, 32, 31, 22, 31, 31, 29, 30,
       31, 30, 29, 30, 32, 30, 31, 29, 31, 31, 30, 16, 30, 30, 30, 14, 30,
       30, 29, 30, 30, 31, 31, 30, 29, 30, 30, 30, 31, 30, 17, 31, 31, 31,
       31, 14, 30, 31, 31, 31, 29, 30, 30, 31, 30, 31, 29, 25, 29, 26, 28,
       29, 29, 32, 32, 32, 29, 30, 29, 16, 29, 30, 30, 30, 31, 31, 30, 13,
       31, 30, 19, 29, 31, 30, 29, 29, 31, 32, 32, 30, 29, 30, 30, 15, 31,
       15, 29, 30, 31, 31, 31, 30, 32, 30])}, {'ts_index': 581, 'loc': 14, 'gap': 0.019698333170409033, 'distances': array([0.12847032, 0.1015129 , 0.12819886, 0.13136262, 0.09099391,
       0.15265758, 0.17896089, 0.14010104, 0.13606301, 0.13736503,
       0.13428119, 0.12809903, 0.12609515, 0.10857634, 0.18287026,
       0.1771015 , 0.13319656, 0.1163023 , 0.10885833, 0.16748509,
       0.12903058, 0.11865035, 0.15756162, 0.11624103, 0.14294355,
       0.15219275, 0.12266918, 0.17723961, 0.17106798, 0.16165176,
       0.14434075, 0.14900039, 0.13300527, 0.16458515, 0.13207421,
       0.15742575, 0.1206442 , 0.07462407, 0.1719498 , 0.13765539,
       0.16921063, 0.10456555, 0.11276371, 0.14283864, 0.12620896,
       0.13435041, 0.12840027, 0.18757637, 0.1483939 , 0.09959791,
       0.13612963, 0.12388912, 0.17274634, 0.09741492, 0.18594866,
       0.14639941, 0.17572435, 0.12212792, 0.15527839, 0.11035921,
       0.15947807, 0.18471284, 0.1250078 , 0.12526163, 0.16862114,
       0.14208235, 0.11186855, 0.17937644, 0.14937123, 0.11427871,
       0.18535693, 0.11348904, 0.18131011, 0.12385027, 0.15279774,
       0.14068992, 0.16352663, 0.11689692, 0.13620269, 0.15839099,
       0.0908903 , 0.11692631, 0.16907996, 0.16727436, 0.11518069,
       0.13074951, 0.12339494, 0.15275563, 0.13345888, 0.16653044,
       0.18934774, 0.13828014, 0.10965639, 0.12248288, 0.19511731,
       0.09165061, 0.        , 0.10940629, 0.10110761, 0.13019267,
       0.1119321 , 0.12198478, 0.09901864, 0.10176366]), 'delta_distances': array([0., 0., 0., 0., 0., 0., 0., 0., 0., 0., 0., 0., 0., 0., 0., 0., 0.,
       0., 0., 0., 0., 0., 0., 0., 0., 0., 0., 0., 0., 0., 0., 0., 0., 0.,
       0., 0., 0., 0., 0., 0., 0., 0., 0., 0., 0., 0., 0., 0., 0., 0., 0.,
       0., 0., 0., 0., 0., 0., 0., 0., 0., 0., 0., 0., 0., 0., 0., 0., 0.,
       0., 0., 0., 0., 0., 0., 0., 0., 0., 0., 0., 0., 0., 0., 0., 0., 0.,
       0., 0., 0., 0., 0., 0., 0., 0., 0., 0., 0., 0., 0., 0., 0., 0., 0.,
       0., 0.]), 'locations': array([13, 13, 14, 12, 13, 14, 10, 13, 14, 14, 15, 14, 13, 13,  9, 14, 14,
       13, 13, 10, 12, 14, 12, 14, 12, 14, 11, 14, 14, 13, 11, 14, 14, 30,
       12, 12, 13, 13, 11, 12, 11, 12, 14, 12, 13, 12, 13, 10, 14, 15, 13,
       14, 13, 12,  7, 12, 30, 12, 14, 12, 12, 14, 14, 14, 14, 14, 14,  9,
       13, 14, 11, 13, 10, 13, 15, 13, 14, 13, 13, 13, 14, 15, 14, 13, 12,
       14, 14,  6, 13, 13, 12, 14, 14, 14, 10, 12, 14, 14, 14, 14, 14, 12,
       14, 13])}, {'ts_index': 42, 'loc': 7, 'gap': 0.027026353283953114, 'distances': array([0.        , 0.17164928, 0.17669731, 0.09572561, 0.11324964,
       0.11725404, 0.17172843, 0.10624119, 0.1708636 , 0.18953866,
       0.11065909, 0.11604701, 0.17400147, 0.13168044, 0.18059142,
       0.13432711, 0.11734213, 0.13734701]), 'delta_distances': array([0., 0., 0., 0., 0., 0., 0., 0., 0., 0., 0., 0., 0., 0., 0., 0., 0.,
       0.]), 'locations': array([7, 6, 8, 8, 9, 9, 8, 6, 9, 2, 8, 8, 7, 8, 6, 8, 7, 7])}], 'clusters': array([1, 1, 1, 1, 1, 1, 1, 1, 2, 1, 1, 1, 1, 1, 1, 1, 1, 1, 2, 1, 1, 1,
       1, 1, 1, 1, 1, 1, 1, 1, 1, 2, 2, 2, 1, 1, 1, 1, 1, 2, 1, 1, 3, 1,
       1, 2, 2, 1, 2, 1, 1, 1, 1, 1, 1, 1, 1, 1, 2, 2, 2, 1, 1, 1, 1, 1,
       1, 1, 1, 1, 2, 1, 1, 1, 1, 1, 1, 1, 1, 1, 0, 1, 1, 1, 1, 1, 1, 1,
       1, 1, 1, 1, 1, 1, 1, 1, 0, 1, 2, 1, 1, 1, 1, 1, 2, 2, 1, 1, 2, 1,
       1, 1, 1, 1, 1, 1, 1, 1, 1, 1, 1, 1, 1, 1, 1, 2, 1, 1, 1, 1, 1, 1,
       1, 1, 2, 1, 1, 1, 2, 1, 1, 1, 1, 1, 1, 1, 1, 1, 1, 1, 1, 2, 1, 1,
       2, 1, 1, 2, 1, 1, 1, 1, 1, 1, 1, 1, 1, 2, 1, 1, 1, 1, 1, 1, 1, 3,
       3, 1, 1, 1, 2, 1, 1, 1, 1, 1, 1, 2, 1, 1, 1, 1, 2, 2, 2, 1, 1, 1,
       1, 1, 1, 1, 1, 1, 2, 1, 1, 2, 1, 1, 1, 1, 1, 1, 1, 1, 1, 1, 1, 1,
       1, 1, 2, 1, 1, 1, 2, 1, 1, 1, 1, 1, 1, 1, 1, 1, 1, 1, 3, 1, 1, 1,
       2, 1, 1, 1, 0, 1, 2, 1, 2, 1, 1, 1, 1, 1, 1, 1, 2, 1, 1, 2, 2, 1,
       1, 2, 1, 1, 3, 2, 1, 1, 1, 1, 1, 1, 1, 1, 2, 1, 1, 1, 1, 1, 1, 1,
       1, 1, 1, 1, 1, 1, 1, 1, 1, 1, 1, 1, 1, 1, 1, 2, 2, 0, 2, 1, 1, 1,
       1, 1, 1, 1, 1, 1, 1, 1, 1, 1, 1, 1, 1, 1, 1, 1, 1, 1, 1, 1, 1, 1,
       1, 1, 1, 0, 1, 1, 2, 1, 1, 1, 1, 1, 1, 1, 3, 1, 1, 1, 1, 1, 1, 1,
       1, 1, 1, 1, 2, 1, 1, 1, 1, 1, 2, 1, 1, 1, 1, 1, 1, 1, 1, 1, 1, 1,
       1, 1, 1, 1, 1, 2, 1, 1, 1, 2, 1, 3, 2, 1, 1, 1, 1, 2, 2, 2, 1, 1,
       2, 0, 1, 2, 1, 1, 1, 1, 1, 1, 1, 1, 2, 1, 1, 1, 1, 1, 1, 1, 1, 1,
       1, 1, 1, 1, 1, 1, 3, 1, 1, 1, 1, 1, 1, 1, 2, 1, 1, 1, 1, 1, 1, 1,
       1, 1, 1, 1, 1, 1, 1, 1, 1, 1, 1, 1, 1, 1, 1, 1, 1, 1, 1, 1, 0, 1,
       1, 1, 2, 1, 1, 1, 2, 1, 1, 1, 1, 1, 1, 1, 1, 1, 1, 1, 1, 1, 1, 1,
       1, 2, 1, 1, 1, 1, 1, 1, 1, 1, 1, 1, 1, 2, 1, 2, 1, 1, 1, 1, 1, 2,
       1, 1, 2, 2, 1, 1, 1, 1, 1, 1, 1, 1, 1, 2, 1, 1, 3, 1, 1, 1, 2, 1,
       1, 1, 1, 1, 1, 1, 1, 2, 1, 2, 2, 2, 1, 1, 2, 1, 1, 1, 2, 1, 1, 1,
       3, 1, 1, 1, 1, 1, 1, 2, 1, 2, 1, 1, 2, 1, 1, 1, 1, 1, 1, 1, 1, 1,
       1, 1, 1, 1, 3, 1, 1, 1, 2, 2, 1, 1, 1, 2, 2, 1, 1, 1, 1, 1, 1, 1,
       2, 1, 1, 2, 1, 1, 1, 1, 1, 1, 1, 1, 1, 1, 1, 1, 2, 1, 2, 1, 1, 1,
       1, 1, 1, 1, 2]), 'time': 78.63728523254395}
