lenSubsequence: 10{'RI': 0.8743718592964824, 'num_clusters': 3, 'uShapelets': [{'ts_index': 145, 'loc': 85, 'gap': 3.735612431345078, 'distances': array([5.6549521e+00, 5.2956000e-02, 5.3878343e+00, 3.4783011e+00,
       4.7781000e-02, 5.3971883e+00, 3.5702944e+00, 3.3523540e+00,
       3.5920375e+00, 6.5654039e+00, 5.4150314e+00, 3.5510526e+00,
       5.4406405e+00, 5.4028676e+00, 5.2038019e+00, 6.6254910e+00,
       4.1889357e+00, 5.5173029e+00, 4.5919500e-02, 2.4469300e-02,
       5.3137635e+00, 6.5067095e+00, 6.5272705e+00, 1.5676180e-01,
       3.4950373e+00, 5.2004686e+00, 5.3794671e+00, 6.5083733e+00,
       5.6027551e+00, 6.4321892e+00, 5.3500820e+00, 3.3819574e+00,
       3.7936193e+00, 3.6489726e+00, 6.4108500e-02, 6.5690524e+00,
       5.1872050e+00, 5.5105500e-02, 3.5522792e+00, 6.4955870e+00,
       5.5119632e+00, 6.6570692e+00, 3.8322396e+00, 3.3600159e+00,
       6.4805244e+00, 3.5447818e+00, 1.0132400e-02, 6.4629192e+00,
       6.5405241e+00, 5.4859915e+00, 3.3889233e+00, 6.5370483e+00,
       3.6034159e+00, 3.0653500e-01, 5.2517394e+00, 4.7782700e-02,
       5.3613163e+00, 9.4836900e-02, 5.5383435e+00, 5.4939655e+00,
       5.6353697e+00, 2.9816300e-02, 5.3890205e+00, 3.4469554e+00,
       6.5593972e+00, 2.8271400e-02, 3.5815104e+00, 2.5375730e-01,
       3.5653884e+00, 1.6098000e-02, 2.0411700e-02, 3.5048259e+00,
       5.5471554e+00, 6.3972405e+00, 1.9290800e-02, 3.3908855e+00,
       3.5245379e+00, 6.5316129e+00, 5.3969834e+00, 3.6596175e+00,
       3.8432796e+00, 1.6742100e-01, 6.5737545e+00, 3.3095900e-02,
       3.2646092e+00, 3.5969495e+00, 6.6755221e+00, 5.1986300e-02,
       2.4098000e-02, 3.3567000e-02, 5.1673691e+00, 4.7031200e-02,
       2.5002000e-02, 3.6018660e+00, 5.2450720e+00, 5.4937131e+00,
       3.7050122e+00, 3.4885959e+00, 5.3328183e+00, 6.4916589e+00,
       2.6386790e-01, 3.6451845e+00, 6.5345427e+00, 5.4013347e+00,
       5.7889400e-01, 6.7079424e+00, 6.4981826e+00, 6.2086000e-03,
       3.2665650e-01, 6.5802819e+00, 6.3358597e+00, 6.4700614e+00,
       6.4084798e+00, 5.4256750e+00, 6.5262935e+00, 3.7012200e-02,
       5.4640505e+00, 3.6947128e+00, 6.5294997e+00, 6.7010996e+00,
       6.6983565e+00, 6.5581833e+00, 5.2214859e+00, 3.6782880e+00,
       1.6418600e-02, 3.4717848e+00, 6.6485059e+00, 6.6968967e+00,
       3.4245550e+00, 6.5546296e+00, 4.0421200e-02, 2.1916110e-01,
       6.2755818e+00, 6.6980024e+00, 3.4687125e+00, 4.4769700e-02,
       1.8379090e-01, 3.5534672e+00, 3.1906200e-02, 3.0861610e-01,
       5.3024318e+00, 5.5179768e+00, 5.6368524e+00, 5.2615297e+00,
       5.5698237e+00, 0.0000000e+00, 6.4408886e+00, 6.4579549e+00,
       6.6334224e+00, 3.9093089e+00, 6.5442125e+00, 5.6323814e+00,
       3.1627895e+00, 2.3999300e-02, 6.5609377e+00, 3.7152329e+00,
       3.5858755e+00, 3.4333208e+00, 3.8336059e+00, 3.2120900e-02,
       5.2855964e+00, 3.6940849e+00, 6.4746156e+00, 5.3741904e+00,
       5.4745252e+00, 3.7506697e+00, 3.7101920e+00, 1.9447600e-02,
       6.2427093e+00, 6.6325712e+00, 3.6330217e+00, 5.1108233e+00,
       3.5489903e+00, 1.3859700e-02, 5.5779686e+00, 6.5277735e+00,
       2.4170800e-02, 4.3891450e-01, 5.3751966e+00, 5.5373883e+00,
       1.8794480e-01, 5.3938070e+00, 5.9582500e-02, 5.4290900e+00,
       5.5071820e+00, 5.3772737e+00, 6.5565824e+00, 3.0633000e-02,
       3.5582190e+00, 4.6900300e-02, 6.4161080e+00, 6.6821922e+00,
       6.3167085e+00, 4.8775800e-02, 5.5049660e+00, 5.2252800e-02,
       3.6171895e+00, 6.5622273e+00, 5.3347000e-02, 3.5138058e+00]), 'delta_distances': array([0.706433 , 0.0724746, 0.8162996, 0.4474092, 0.0704018, 0.8272558,
       0.7297024, 0.4963846, 0.5315072, 1.0152066, 0.6858448, 0.7130514,
       0.8285478, 0.746102 , 0.8041926, 1.0824666, 0.8780698, 0.6528066,
       0.0942652, 0.060835 , 0.8913784, 1.1441926, 0.9627054, 0.2285236,
       0.7139128, 0.8711396, 0.701003 , 1.1607778, 0.7680272, 1.1185006,
       0.7493122, 0.492063 , 0.6723166, 0.5727108, 0.1133956, 1.3079164,
       0.9377074, 0.094373 , 0.4800204, 0.9958072, 0.750193 , 1.1320734,
       0.5967354, 0.6078022, 1.0549672, 0.7700128, 0.0278068, 1.1278906,
       1.1273398, 0.7372804, 0.4931606, 1.260309 , 0.6264024, 0.1965936,
       0.9509704, 0.090026 , 0.7450362, 0.1196496, 0.6945424, 0.7194708,
       0.6664146, 0.0514142, 0.8090212, 0.6015086, 0.9070504, 0.0532042,
       0.458443 , 0.1736124, 0.6938148, 0.0475564, 0.0447144, 0.5755834,
       0.762431 , 1.226022 , 0.044129 , 0.4723628, 0.6365286, 1.0939336,
       0.7388966, 0.6865894, 0.7248964, 0.1283478, 0.9326418, 0.0505082,
       0.7212138, 0.6112428, 0.869122 , 0.0805482, 0.0584478, 0.0896808,
       0.808535 , 0.0855138, 0.0604636, 0.5748748, 0.843287 , 0.6561124,
       0.6988656, 0.5906084, 0.9843782, 1.274028 , 0.1613336, 0.562542 ,
       1.2802494, 0.8503578, 0.1496682, 0.9768556, 1.0699462, 0.0268502,
       0.1284496, 1.1986258, 1.2553518, 1.0719846, 1.1546386, 0.679362 ,
       1.1886864, 0.0801092, 0.6824114, 0.6304694, 1.0428214, 1.123203 ,
       1.1007732, 1.1125142, 0.8456614, 0.6970814, 0.0517642, 0.4551454,
       1.215782 , 1.1042246, 0.6610708, 1.2061542, 0.07617  , 0.1212432,
       1.2038798, 0.9625574, 0.602283 , 0.068023 , 0.1156666, 0.6622946,
       0.0709418, 0.2429634, 0.888583 , 0.6699258, 0.6991814, 0.7892136,
       0.7100194, 0.       , 1.0601766, 1.3723354, 1.1191802, 0.7000284,
       1.1887358, 0.6968134, 0.5828338, 0.0619464, 1.2480664, 0.545603 ,
       0.5051624, 0.5000314, 0.8207832, 0.0649468, 0.6770808, 0.5969136,
       1.1277934, 0.7631802, 0.6893274, 0.5228408, 0.5841724, 0.054909 ,
       1.0791154, 1.175861 , 0.4846854, 0.7257422, 0.6708626, 0.0443912,
       0.909985 , 1.1308098, 0.0583082, 0.1834228, 0.7632108, 0.6582698,
       0.149353 , 0.752172 , 0.0941156, 0.7062736, 0.6746938, 0.7034848,
       1.1233438, 0.0601012, 0.5914678, 0.1001112, 1.1435676, 1.2120892,
       1.3719422, 0.0534758, 0.8248654, 0.0958768, 0.649942 , 0.9203116,
       0.0911376, 0.4812246]), 'locations': array([210,  90, 160,  56,  80, 173,  73,  67,  60, 122, 189,  53, 158,
       183, 175, 150,  57, 206,  99,  91, 169, 129, 150,  77,  80, 152,
       185, 120, 176,  99, 174,  71,  73,  83,  60, 141, 149,  74, 109,
       120, 180, 142,  87,  65, 161,  73,  50,  87,  68, 178,  72,  67,
       114, 104, 147,  74, 164,  90, 198, 194, 221,  87, 175, 102, 141,
        64,  91,  89,  79,  59,  72,  61, 193,  91,  48, 114,  88, 125,
       178,  65,  78, 101, 173,  98,  89,  87, 187,  96,  83,  64, 163,
        54,  59,  88, 165, 201,  89,  94, 157, 115,  52, 103, 109, 174,
        63, 145, 142,  50, 116, 126, 122, 105,  97, 199,  89,  98, 198,
        91, 118, 100, 120, 126, 150,  52,  90, 100, 125, 111,  98, 116,
        94,  51, 111, 159,  74, 108,  60,  85,  49,  50, 158, 198, 205,
       174, 185,  85, 137,  95, 122,  48,  95, 198,  69,  61, 124,  69,
        50,  64,  69,  82, 200,  85, 121, 176, 200,  74,  92,  86, 115,
       110,  67, 184,  71,  55, 167, 121,  65,  82, 170, 204,  47, 185,
        95, 184, 197, 187, 123,  89, 103,  73,  95, 105, 114, 107, 161,
        93,  94, 183,  94,  72])}, {'ts_index': 172, 'loc': 71, 'gap': 2.113284263435687, 'distances': array([2.193812 , 2.1093728, 0.0541184, 2.245786 , 0.0393515, 0.0662943,
       0.0567422, 2.3182978, 2.4361193, 0.0633323, 2.2789097, 2.4619606,
       2.1725612, 2.970243 , 0.0939382, 2.1930565, 2.341278 , 2.6042202,
       2.6444993, 0.0399166, 2.0038386, 2.4681027, 2.6006091, 2.3470815,
       2.7827469, 2.3128195, 0.0835689, 0.1428077, 0.0488901, 2.2195247,
       1.8939215, 0.0681253, 2.3629417, 2.5326031, 2.1436292, 0.1374041,
       0.1256076, 2.3389654, 0.1276699, 2.7859024, 2.6219122, 2.5547497,
       0.0712476, 2.7347375, 0.1022312, 2.1890051, 2.2902316, 2.3885588,
       2.5117372, 2.0324851, 2.3824893, 0.0605315, 2.5347911, 0.0454997,
       0.0580401, 0.0581518, 2.6174583, 2.916749 , 0.062561 , 0.0739842,
       2.8635607, 2.3942584, 0.0491788, 0.0657585, 2.5683091, 0.0428073,
       0.0285088, 2.8262873, 2.3927282, 0.0771185, 2.3566874, 2.3576603,
       0.0479879, 0.1324886, 2.2476485, 2.2002991, 0.0458896, 2.7409339,
       2.3451176, 2.2051935, 2.3199074, 2.2935874, 2.9005069, 2.6298457,
       2.8506846, 2.5122158, 2.5562792, 2.292842 , 0.0310685, 2.6850927,
       2.5259521, 2.3531449, 2.4789155, 2.0963388, 0.0644623, 0.0890783,
       2.7226577, 2.5960371, 0.0474273, 2.2604769, 2.7931678, 2.170988 ,
       0.0662992, 0.0157829, 2.244932 , 2.3381321, 2.4137281, 2.4407103,
       2.3768404, 2.6745798, 2.8617229, 2.2982127, 0.0630104, 2.5770679,
       2.5500695, 0.0869438, 2.775369 , 0.020314 , 0.0667568, 0.1324373,
       0.0506194, 2.2534838, 0.1596184, 2.7816533, 2.3527726, 2.4109797,
       0.0427466, 0.1628347, 2.8559561, 2.7288061, 0.0355398, 2.5620253,
       0.       , 2.1301843, 2.5730774, 2.3733193, 2.2286269, 2.4286351,
       2.5836968, 2.4826784, 2.2629783, 2.3782643, 0.0385211, 2.7997937,
       2.5586913, 2.7463686, 2.0658547, 0.0744552, 2.2150231, 0.0785433]), 'delta_distances': array([0.5216888, 0.2846662, 0.052465 , 0.269368 , 0.0537172, 0.0550294,
       0.0379494, 0.439288 , 0.2641302, 0.0771934, 0.3363692, 0.3321242,
       0.3150932, 0.4114686, 0.1053302, 0.45747  , 0.2879124, 0.5211632,
       0.4926808, 0.0349376, 0.3474382, 0.2892148, 0.6059552, 0.3167208,
       0.514578 , 0.2643864, 0.0747896, 0.074895 , 0.0351406, 0.4409176,
       0.3443382, 0.0596508, 0.5479248, 0.444872 , 0.4544922, 0.0959138,
       0.0993646, 0.415093 , 0.077085 , 0.6887254, 0.6097112, 0.3145504,
       0.065886 , 0.5818766, 0.1039662, 0.3246628, 0.3090748, 0.5366852,
       0.2889102, 0.5720556, 0.2845248, 0.0514532, 0.5054652, 0.051684 ,
       0.0535878, 0.0491652, 0.4418356, 0.5485542, 0.053946 , 0.0315466,
       0.7120718, 0.3324494, 0.0548456, 0.059037 , 0.428615 , 0.0536448,
       0.0426334, 0.5663834, 0.372217 , 0.0458646, 0.4465928, 0.42093  ,
       0.0330048, 0.1146948, 0.3196214, 0.587666 , 0.0520908, 0.5401076,
       0.2779306, 0.457833 , 0.5915138, 0.550681 , 0.55108  , 0.587002 ,
       0.5291738, 0.2430202, 0.4035064, 0.4488542, 0.0495852, 0.624271 ,
       0.499809 , 0.5532702, 0.4411062, 0.336664 , 0.0327614, 0.0674378,
       0.5450428, 0.4744338, 0.0417422, 0.4232472, 0.485488 , 0.6403298,
       0.0566318, 0.0220148, 0.3383042, 0.5768016, 0.4817106, 0.2603474,
       0.3011474, 0.5428134, 0.534555 , 0.4753306, 0.0739744, 0.6653786,
       0.593256 , 0.072864 , 0.643649 , 0.0381068, 0.0584122, 0.0920232,
       0.0477624, 0.4783654, 0.1082116, 0.5402504, 0.3170466, 0.538413 ,
       0.0467464, 0.0773062, 0.42441  , 0.5943568, 0.0370444, 0.593897 ,
       0.       , 0.3204714, 0.4829426, 0.2680444, 0.6204222, 0.4976488,
       0.2916334, 0.4872658, 0.45122  , 0.4348094, 0.0329018, 0.5244862,
       0.4898938, 0.537389 , 0.2832426, 0.0767986, 0.4449944, 0.0738984]), 'locations': array([ 51, 161,  56, 176,  73,  67,  60,  12, 191,  53, 160, 184, 178,
        21,  57,  90, 172,   9,  81,  80, 154, 188,  72, 180,  67, 176,
        71,  72,  83,  64, 149, 109,  54,  52,  44,  87,  65,  11,  73,
        68,  53, 179,  72,  66, 114, 149, 166,  30, 196,  37, 177, 102,
        79,  91,  79,  61,  62,  65, 114,  88,  75, 179,  65,  78,  25,
        89,  87,  65, 164,  88, 167,   8,  89,  94, 160,  47, 103,  61,
       177,   4,  63,  21,  65,  68, 116, 202,  55,  13,  91,  74,  73,
        81,  39, 150,  52, 100,  68,  64,  98,  58,  58,  30,  74,  85,
       160,  84,  26, 175, 187,  72,  55,  38,  48,  61,  75,  69,  55,
        69,  50,  64,  69,  22,  84,  72, 178,   5,  74,  92,  71,  55,
        67,  79,  71, 171,  52, 172,  30,   3, 185,  13,  62,  57, 103,
        67,  67,  72, 165,  94,  22,  72])}], 'clusters': array([0, 1, 0, 2, 1, 0, 2, 2, 2, 0, 0, 2, 0, 0, 0, 0, 2, 0, 1, 1, 0, 0,
       0, 1, 2, 0, 0, 0, 0, 0, 0, 2, 2, 2, 1, 0, 0, 1, 2, 0, 0, 0, 2, 2,
       0, 2, 1, 0, 0, 0, 2, 0, 2, 1, 0, 1, 0, 1, 0, 0, 0, 1, 0, 2, 0, 1,
       2, 1, 2, 1, 1, 2, 0, 0, 1, 2, 2, 0, 0, 2, 2, 1, 0, 1, 2, 2, 0, 1,
       1, 1, 0, 1, 1, 2, 0, 0, 2, 2, 0, 0, 1, 2, 0, 0, 1, 0, 0, 1, 1, 0,
       0, 0, 0, 0, 0, 1, 0, 2, 0, 0, 0, 0, 0, 2, 1, 2, 0, 0, 2, 0, 1, 1,
       0, 0, 2, 1, 1, 2, 1, 1, 0, 0, 0, 0, 0, 1, 0, 0, 0, 2, 0, 0, 2, 1,
       0, 2, 2, 2, 2, 1, 0, 2, 0, 0, 0, 2, 2, 1, 0, 0, 2, 0, 2, 1, 0, 0,
       1, 1, 0, 0, 1, 0, 1, 0, 0, 0, 0, 1, 2, 1, 0, 0, 0, 1, 0, 1, 2, 0,
       1, 2]), 'time': 682.1873755455017}
lenSubsequence: 11{'RI': 0.8743718592964824, 'num_clusters': 3, 'uShapelets': [{'ts_index': 145, 'loc': 85, 'gap': 3.4793869542457205, 'distances': array([5.63240655, 0.04829464, 5.20796345, 3.16809636, 0.04343727,
       5.23264718, 3.24626118, 3.04915464, 3.26778691, 6.57367627,
       5.33056709, 3.23035773, 5.30234027, 5.29327845, 5.03884545,
       6.58689764, 3.81970964, 5.51351173, 0.04211736, 0.02225391,
       5.20532136, 6.43109591, 6.47007427, 0.14306382, 3.17924445,
       4.99978055, 5.28600609, 6.48191445, 5.48107055, 6.38602255,
       5.22698373, 3.07458318, 3.45811218, 3.32708791, 0.06145945,
       6.55952464, 5.06303436, 0.05040173, 3.231643  , 6.56682491,
       5.45689609, 6.76149327, 3.48618145, 3.05760436, 6.54459564,
       3.22312536, 0.00922909, 6.45590191, 6.51047509, 5.39605582,
       3.08093245, 6.43800355, 3.27585045, 0.27867045, 5.10539564,
       0.04447964, 5.23429491, 0.08707073, 5.486129  , 5.40851009,
       5.60522782, 0.02726609, 5.27484491, 3.13428391, 6.55747464,
       0.02572755, 3.263148  , 0.23163427, 3.24755027, 0.01486182,
       0.01986518, 3.18769482, 5.457844  , 6.28949945, 0.01754618,
       3.08506827, 3.20453345, 6.62661473, 5.28727664, 3.33031127,
       3.50379055, 0.15228273, 6.60494955, 0.03010027, 2.96782882,
       3.27099491, 6.53166318, 0.04743627, 0.02321636, 0.04716855,
       5.11082864, 0.043428  , 0.02499855, 3.27996991, 5.12825636,
       5.45106645, 3.37378418, 3.17145091, 5.186407  , 6.55700782,
       0.24080727, 3.31469509, 6.45484509, 5.26742464, 0.52670009,
       6.76608545, 6.53099882, 0.00833364, 0.29755691, 6.63387182,
       6.31539827, 6.458907  , 6.36886836, 5.33716818, 6.35204945,
       0.03367373, 5.40014809, 3.36025027, 6.51367618, 6.67642373,
       6.73535027, 6.57118991, 5.04964736, 3.348179  , 0.01552245,
       3.16355209, 6.59156136, 6.68559127, 3.11341591, 6.60199055,
       0.03683391, 0.19934873, 6.32527673, 6.76414991, 3.15742236,
       0.04080482, 0.17472809, 3.23498618, 0.03534164, 0.28285836,
       5.15796791, 5.469593  , 5.561331  , 5.141198  , 5.43148918,
       0.        , 6.43771336, 6.42342927, 6.60860982, 3.55633255,
       6.45083291, 5.52782327, 2.87526764, 0.024174  , 6.50104864,
       3.38732455, 3.26179818, 3.12491018, 3.48703409, 0.02921864,
       5.25191391, 3.37229982, 6.44694655, 5.238795  , 5.42932845,
       3.41515655, 3.37679718, 0.01844909, 6.22731664, 6.55893464,
       3.33471509, 5.06486809, 3.22657309, 0.01260055, 5.38856873,
       6.55504582, 0.02557355, 0.39935145, 5.22868782, 5.48485564,
       0.173043  , 5.32447036, 0.06504918, 5.36007464, 5.45686927,
       5.32621409, 6.61201391, 0.02816464, 3.23820136, 0.04269345,
       6.46114591, 6.673298  , 6.31794009, 0.04576209, 5.323776  ,
       0.04769491, 3.28975191, 6.671279  , 0.04863555, 3.19996018]), 'delta_distances': array([0.66935055, 0.06713091, 0.78855855, 0.413698  , 0.06400164,
       0.79165255, 0.66745382, 0.45414073, 0.48712   , 1.00875873,
       0.66816582, 0.65688   , 0.765884  , 0.73799164, 0.78731836,
       0.96021782, 0.81090255, 0.63260236, 0.08946582, 0.05547909,
       0.85611127, 1.15423164, 1.218144  , 0.21150691, 0.65416145,
       0.83252145, 0.68013327, 1.12863436, 0.75940564, 1.07213691,
       0.72080945, 0.44837927, 0.62567109, 0.53063582, 0.10971691,
       1.331196  , 0.90964127, 0.08689036, 0.44147018, 0.95139055,
       0.73998636, 0.89421782, 0.54661764, 0.55827036, 1.02225382,
       0.70164636, 0.02587709, 1.12275945, 1.046544  , 0.703998  ,
       0.44934018, 1.21151182, 0.57000655, 0.17880509, 0.87831564,
       0.083904  , 0.71169564, 0.11341073, 0.67191127, 0.69635636,
       0.64561055, 0.04848127, 0.77613382, 0.549784  , 0.93245018,
       0.04895164, 0.431738  , 0.15973964, 0.63576164, 0.04455127,
       0.042744  , 0.525422  , 0.73501927, 1.25901709, 0.04066636,
       0.44030436, 0.58103782, 0.86655855, 0.72643491, 0.63045345,
       0.66907673, 0.11774891, 0.89423982, 0.04619582, 0.65589164,
       0.55993582, 1.06384673, 0.07539364, 0.05660345, 0.10627418,
       0.77922236, 0.08166455, 0.05979309, 0.53065218, 0.80172091,
       0.63807673, 0.64123927, 0.53694927, 0.87499455, 1.15503655,
       0.15193727, 0.51415582, 0.98415291, 0.81917909, 0.137304  ,
       0.94107327, 1.09696182, 0.03232127, 0.11898145, 1.27331127,
       1.18527545, 1.07325164, 1.05600745, 0.65980182, 1.18836436,
       0.073318  , 0.664014  , 0.57863127, 1.02089927, 0.96395927,
       1.068754  , 1.06623527, 0.86810327, 0.64077273, 0.05000382,
       0.42900309, 1.222156  , 0.88879927, 0.60192255, 1.18500927,
       0.06979218, 0.11186291, 1.09941436, 0.94144309, 0.55274745,
       0.06297655, 0.11300782, 0.60921327, 0.07337255, 0.22703345,
       0.84073691, 0.66434018, 0.67034745, 0.754352  , 0.70546636,
       0.        , 1.00981509, 1.32153364, 1.10685291, 0.64193145,
       1.18517491, 0.69414618, 0.53000673, 0.06293055, 1.20590455,
       0.50826545, 0.46596127, 0.46687764, 0.75328073, 0.05969673,
       0.65624018, 0.55486745, 1.12462673, 0.74397109, 0.674932  ,
       0.48470891, 0.53535636, 0.05424964, 1.13013455, 1.17996255,
       0.46941055, 0.70190527, 0.61165691, 0.04046473, 0.81079055,
       1.10022273, 0.06024382, 0.16850036, 0.74215164, 0.64620636,
       0.14107364, 0.73191927, 0.10738909, 0.68450109, 0.66136218,
       0.69734073, 1.10007145, 0.05575309, 0.54723527, 0.09161927,
       1.12729418, 1.15928436, 1.339626  , 0.05434164, 0.79315   ,
       0.08826473, 0.59392255, 0.91364182, 0.08390891, 0.44617945]), 'locations': array([211,  90, 159,  56,  80, 173,  73,  67,  60, 122, 189,  53, 159,
       182, 175, 137,  57, 206,  99,  91, 169, 128, 117,  77,  80, 152,
       185, 119, 176,  99, 174,  71,  73,  83,  60, 140, 148,  74, 109,
       120, 180, 163,  87,  65, 160,  73,  50,  87,  67, 177,  72,  67,
       114, 104, 146,  74, 164,  90, 198, 194, 221,  87, 175, 102, 141,
        64,  91,  89,  79,  59,  72,  61, 192,  91,  48, 114,  88, 168,
       178,  65,  78, 101, 173,  98,  89,  87, 141,  96,  83,  64, 163,
        54,  59,  88, 165, 200,  89,  94, 158, 116,  52, 103, 124, 174,
        63, 144, 142,  50, 116, 125, 122, 104, 136, 199,  89,  98, 198,
        91, 118, 156, 121, 125, 149,  52,  90, 100, 125, 169,  98, 116,
        94,  51, 110, 159,  74, 108,  60,  85,  49,  50, 158, 197, 206,
       173, 185,  85, 137,  94, 122,  48,  96, 199,  69,  61, 123,  69,
        50,  64,  69,  82, 200,  85, 121, 176, 200,  74,  92,  86, 114,
       110,  67, 184,  71,  55, 168, 121,  65,  82, 170, 204,  47, 185,
        95, 184, 198, 186, 123,  89, 103,  73,  96, 105, 114, 107, 161,
        93,  94, 183,  94,  72])}, {'ts_index': 172, 'loc': 71, 'gap': 2.0700078281110197, 'distances': array([2.02988591, 2.323884  , 0.05313164, 2.50446027, 0.03584536,
       0.06087882, 0.05268382, 2.14027073, 2.55604282, 0.05855809,
       2.49942345, 2.54722545, 2.41524982, 2.70339991, 0.09402236,
       2.09142382, 2.56968873, 2.37701618, 2.414535  , 0.03714318,
       2.21422455, 2.53042055, 2.55073573, 2.58715   , 3.00028127,
       2.53420327, 0.07652482, 0.136018  , 0.05157282, 2.06807118,
       2.10341964, 0.06303209, 2.21820918, 2.30879882, 1.99535891,
       0.12603291, 0.11582109, 2.15618027, 0.11615664, 2.88026264,
       2.85325718, 2.46762536, 0.06479682, 3.01582945, 0.09304882,
       2.40351309, 2.50892773, 2.21596255, 2.48940364, 1.88987382,
       2.50775682, 0.05515991, 2.44498645, 0.04629873, 0.056927  ,
       0.05343264, 2.39967491, 2.98257145, 0.06099809, 0.06728782,
       2.62905073, 2.62060764, 0.04659309, 0.06695873, 2.36307955,
       0.03918082, 0.02622291, 2.97986882, 2.64406573, 0.07367173,
       2.57054955, 2.16542291, 0.04722545, 0.12067145, 2.47654436,
       2.037392  , 0.04194509, 2.71701809, 2.58644291, 2.04219082,
       2.14880845, 2.12278273, 2.84327418, 2.72235455, 2.99723182,
       2.41782827, 2.60325464, 2.10795464, 0.02876918, 2.74361273,
       2.61286345, 2.19886809, 2.27279591, 2.34456336, 0.06116791,
       0.09112173, 2.67823745, 2.39692182, 0.04311718, 2.07752482,
       3.01685518, 2.01144591, 0.06265782, 0.01713218, 2.52133827,
       2.24373855, 2.22373109, 2.56775636, 2.63251709, 2.52948555,
       2.68413073, 2.11530473, 0.05846364, 2.81578545, 2.44340282,
       0.07932491, 2.96827809, 0.02559455, 0.06152582, 0.12252564,
       0.046873  , 2.08424673, 0.14666773, 2.61922264, 2.60074927,
       2.21860418, 0.04235291, 0.150301  , 2.93717727, 2.76810709,
       0.05921218, 2.42401291, 0.        , 2.34975155, 2.36440936,
       2.60076882, 2.05831682, 2.22056609, 2.39383318, 2.29136445,
       2.085864  , 2.18975882, 0.036957  , 2.67730982, 2.40153036,
       2.55889564, 2.26683373, 0.06819791, 2.05495518, 0.07500309]), 'delta_distances': array([0.51494436, 0.350266  , 0.05930564, 0.36092218, 0.050188  ,
       0.05449945, 0.03917945, 0.43011636, 0.53088055, 0.07562164,
       0.40516982, 0.50405491, 0.40218618, 0.38983836, 0.10997873,
       0.53552018, 0.37893291, 0.49128073, 0.52341527, 0.03906291,
       0.41144091, 0.57948236, 0.62363927, 0.39954836, 0.62373909,
       0.33107691, 0.07191891, 0.08127873, 0.06559691, 0.43600509,
       0.43783745, 0.060168  , 0.544408  , 0.41874473, 0.44741255,
       0.09185636, 0.097202  , 0.40590309, 0.07167727, 0.75184455,
       0.64804873, 0.48463055, 0.06096273, 0.49178836, 0.09645564,
       0.39094564, 0.38617509, 0.519332  , 0.67028418, 0.55026218,
       0.53607945, 0.04844764, 0.51568327, 0.06397327, 0.06007764,
       0.04910527, 0.4301    , 0.61091036, 0.05988545, 0.03041655,
       0.46786473, 0.42076309, 0.05753091, 0.06920164, 0.39207945,
       0.05288182, 0.04134127, 0.692016  , 0.48372309, 0.05652709,
       0.49838982, 0.42031091, 0.03850709, 0.10729527, 0.42415145,
       0.57885564, 0.05081891, 0.61023927, 0.362838  , 0.44679436,
       0.59130473, 0.53176527, 0.78698745, 0.56138545, 0.60219545,
       0.75043   , 0.49877709, 0.44293891, 0.04987236, 0.59017055,
       0.60810291, 0.53905473, 0.43228564, 0.39873164, 0.04288709,
       0.07843218, 0.51141073, 0.47218727, 0.03816491, 0.40686327,
       0.62851727, 0.62304618, 0.06043764, 0.03261345, 0.41915527,
       0.56564964, 0.469162  , 0.52815309, 0.37814418, 0.52657073,
       0.53516855, 0.46266236, 0.07371636, 0.78944327, 0.46994091,
       0.06954909, 0.70986818, 0.05556618, 0.05821618, 0.094284  ,
       0.04749436, 0.46834018, 0.11130745, 0.56656455, 0.39641618,
       0.52846364, 0.05728582, 0.07889655, 0.57447345, 0.62425545,
       0.06097564, 0.57899   , 0.        , 0.39638709, 0.46730509,
       0.33962436, 0.60075545, 0.471652  , 0.44007255, 0.50480436,
       0.43621   , 0.42920418, 0.04071473, 0.40239655, 0.49935545,
       0.437354  , 0.36352527, 0.07550327, 0.44473527, 0.07734745]), 'locations': array([ 51, 161,  56, 175,  73,  67,  60,  12,  48,  53, 160,  41, 177,
        21,  57,   9, 171,   9,   5,  80, 154,  65,  70, 179,  67, 176,
        71,  72,  83,  64, 149, 109,  54,  52,  44,  87,  65,  11,  73,
        63,  52,  12,  72, 153, 114, 148, 166,  30,  59,  37,  61, 102,
        34,  91,  79,  61,  62,  61, 114,  88,  30, 179,  65,  78,  23,
        89,  87,  51, 164,  88,  47,   8,  89,  94, 159,  47, 103,  49,
       177,   4,  62,  21,  56,  24,  54,  73,  55,  13,  91,  54,  72,
        81,  39, 150,  52, 100,  61,  64,  98,  58,  59,  30,  74,  85,
       160,  82,  26,  48, 187,   8,  55,  38,  48,  61,  24,  69,  55,
        69,  50,  64,  69,  22,  84,  51, 178,   5,  74,  92,  53,  52,
        67,  22,  71, 171,  52, 172,  30,   3,  69,  13,  62,  57, 103,
        27,  67,   1, 165,  94,  22,  72])}], 'clusters': array([0, 1, 0, 2, 1, 0, 2, 2, 2, 0, 0, 2, 0, 0, 0, 0, 2, 0, 1, 1, 0, 0,
       0, 1, 2, 0, 0, 0, 0, 0, 0, 2, 2, 2, 1, 0, 0, 1, 2, 0, 0, 0, 2, 2,
       0, 2, 1, 0, 0, 0, 2, 0, 2, 1, 0, 1, 0, 1, 0, 0, 0, 1, 0, 2, 0, 1,
       2, 1, 2, 1, 1, 2, 0, 0, 1, 2, 2, 0, 0, 2, 2, 1, 0, 1, 2, 2, 0, 1,
       1, 1, 0, 1, 1, 2, 0, 0, 2, 2, 0, 0, 1, 2, 0, 0, 1, 0, 0, 1, 1, 0,
       0, 0, 0, 0, 0, 1, 0, 2, 0, 0, 0, 0, 0, 2, 1, 2, 0, 0, 2, 0, 1, 1,
       0, 0, 2, 1, 1, 2, 1, 1, 0, 0, 0, 0, 0, 1, 0, 0, 0, 2, 0, 0, 2, 1,
       0, 2, 2, 2, 2, 1, 0, 2, 0, 0, 0, 2, 2, 1, 0, 0, 2, 0, 2, 1, 0, 0,
       1, 1, 0, 0, 1, 0, 1, 0, 0, 0, 0, 1, 2, 1, 0, 0, 0, 1, 0, 1, 2, 0,
       1, 2]), 'time': 678.219037771225}
lenSubsequence: 12{'RI': 0.7487437185929648, 'num_clusters': 2, 'uShapelets': [{'ts_index': 104, 'loc': 64, 'gap': 3.4730164686132805, 'distances': array([5.8519345 , 0.48003108, 5.3824545 , 2.174061  , 0.46361933,
       5.65633275, 2.12746775, 2.06830667, 2.18030458, 5.85875117,
       5.79403592, 2.04454383, 5.56855875, 5.81663567, 5.4829195 ,
       6.63057742, 2.55620733, 5.89360958, 0.48551783, 0.43709375,
       5.64904817, 6.2185405 , 6.12541208, 0.53096325, 2.144639  ,
       5.265292  , 5.758412  , 6.40267508, 5.79678942, 6.72805208,
       5.69860733, 2.00583642, 2.30915842, 2.221832  , 0.508913  ,
       6.0140765 , 5.25988483, 0.49420058, 2.11971217, 6.08420083,
       6.05285342, 5.76187133, 2.2649675 , 2.22467533, 5.9191945 ,
       2.21921483, 0.46837883, 6.71019217, 6.56312617, 6.04947908,
       2.04926142, 6.54700183, 2.29309642, 0.42128883, 5.5073325 ,
       0.37744708, 5.56606075, 0.46128083, 6.00386283, 5.89741908,
       5.60136683, 0.49314667, 5.71493717, 2.02974908, 6.39093767,
       0.43769625, 2.19207983, 0.45624567, 2.08309517, 0.42424908,
       0.38195433, 2.09552592, 6.05748175, 6.74795242, 0.47212717,
       2.06988692, 2.18421258, 6.56174217, 5.69352425, 2.27377325,
       2.36244358, 0.35582167, 6.30882442, 0.43745508, 2.16158975,
       2.15747992, 6.59423175, 0.56691817, 0.4618945 , 0.4784415 ,
       5.73312333, 0.48031583, 0.48229317, 2.27853917, 5.62409583,
       6.01488275, 2.1451235 , 2.12411517, 5.56764283, 5.77539183,
       0.4152725 , 2.17741267, 6.65577167, 5.73465542, 0.        ,
       5.85189533, 6.01678583, 0.45163975, 0.71551483, 5.86963492,
       6.61111758, 6.54939725, 6.62691975, 5.86326517, 6.56181233,
       0.48262558, 5.98755858, 2.13528133, 6.73622925, 6.52710667,
       6.06418592, 6.12696083, 5.47519158, 2.14999058, 0.49408442,
       2.14769283, 6.874482  , 6.20665383, 2.08413625, 5.85039625,
       0.46612475, 0.39126308, 6.48690192, 5.88130308, 2.12681983,
       0.50569167, 0.40071067, 2.18195842, 0.44758925, 0.42695025,
       5.61645633, 6.02481383, 6.08112258, 5.65516167, 5.86945817,
       0.448066  , 6.35025592, 6.71850517, 5.87076225, 2.36093875,
       6.68833608, 5.99301975, 1.87023917, 0.39570775, 6.72874008,
       2.27078325, 2.04738358, 2.19132067, 2.3511465 , 0.44181025,
       5.73653833, 2.21610667, 6.484109  , 5.73279758, 6.05291067,
       2.10903167, 2.09452708, 0.4416625 , 6.59413375, 6.7011625 ,
       2.24430925, 5.80913275, 2.210227  , 0.43926625, 5.54740267,
       6.33944183, 0.49108625, 0.83308342, 5.66668433, 5.83599867,
       0.29608567, 5.874202  , 0.47202075, 6.05729975, 6.14855517,
       5.98989042, 5.87582   , 0.51241167, 2.13915083, 0.51075683,
       6.66160217, 6.45255992, 6.41792067, 0.5084025 , 5.52770642,
       0.49201   , 2.18062342, 5.8464175 , 0.43319533, 2.169249  ]), 'delta_distances': array([0.83361767, 0.13623817, 0.57575583, 0.2961895 , 0.1737365 ,
       0.5734595 , 0.47739717, 0.32655483, 0.40755817, 0.80593117,
       0.49216267, 0.38128733, 0.56905667, 0.55795733, 0.59140333,
       0.756783  , 0.475006  , 0.6768895 , 0.17287217, 0.12141767,
       0.700718  , 0.7852165 , 0.764543  , 0.28320167, 0.39735117,
       0.66376717, 0.47273467, 0.80122233, 0.570329  , 0.77416983,
       0.50524683, 0.40044817, 0.4674545 , 0.24991267, 0.19071733,
       0.7478665 , 0.7344685 , 0.16565433, 0.39135067, 0.76994967,
       0.52707483, 0.74657033, 0.36942867, 0.41947867, 0.77052117,
       0.60172317, 0.13292183, 0.95217383, 1.03693717, 0.51732083,
       0.276492  , 0.985596  , 0.45913967, 0.129497  , 0.7081175 ,
       0.191333  , 0.5414415 , 0.1988215 , 0.80375117, 0.49165433,
       0.82076133, 0.1632    , 0.54393267, 0.3328655 , 0.76245083,
       0.107608  , 0.31567983, 0.128519  , 0.4096495 , 0.200486  ,
       0.150514  , 0.333811  , 0.5229285 , 1.11169733, 0.14994583,
       0.29918417, 0.370654  , 0.9010715 , 0.5517925 , 0.3758565 ,
       0.47296233, 0.15916717, 0.65020867, 0.1509115 , 0.43569   ,
       0.40639617, 0.8373945 , 0.24967883, 0.16098783, 0.19137883,
       0.63441867, 0.16613467, 0.222442  , 0.41668333, 0.6726305 ,
       0.76862583, 0.31671933, 0.3435645 , 0.70535883, 0.82571367,
       0.19496617, 0.3019325 , 0.75774083, 0.5593285 , 0.        ,
       0.80043517, 0.82869883, 0.15212933, 0.177102  , 0.85355717,
       0.969883  , 0.85765317, 0.86182417, 0.493524  , 0.90656433,
       0.121034  , 0.82133133, 0.277457  , 0.7688055 , 0.81449933,
       0.69691333, 0.735743  , 0.698177  , 0.3886315 , 0.14445667,
       0.32757367, 0.84361167, 0.99013483, 0.42733833, 0.6483805 ,
       0.1487965 , 0.14111517, 1.01912183, 0.66422767, 0.433601  ,
       0.17794633, 0.17184317, 0.3848575 , 0.14008633, 0.1408865 ,
       0.65138983, 0.79135783, 0.734371  , 0.58379567, 0.5298535 ,
       0.12655317, 0.83843183, 0.70767633, 0.78807817, 0.49346733,
       0.95652483, 0.47613383, 0.43057383, 0.21770567, 0.97890533,
       0.33254167, 0.34741217, 0.3357955 , 0.51245117, 0.13706   ,
       0.875906  , 0.36485367, 0.68755417, 0.522164  , 0.746282  ,
       0.28437017, 0.32372717, 0.1436515 , 0.901583  , 0.854525  ,
       0.35773217, 0.50590783, 0.371904  , 0.15341867, 0.6120995 ,
       0.68992567, 0.17694033, 0.23621817, 0.54330933, 0.79039133,
       0.13627567, 0.5278255 , 0.1683735 , 0.52565117, 0.457026  ,
       0.65086383, 0.81131833, 0.15542   , 0.38571383, 0.134042  ,
       0.6905    , 0.7844435 , 0.9111975 , 0.152576  , 0.59588283,
       0.156676  , 0.35482283, 0.78217967, 0.1620945 , 0.33680383]), 'locations': array([ 51,  92, 161,  58,  81, 174,  75,  69,  62,  15, 190,  55, 159,
       183, 176,  10,  59,  10, 100,  93, 171,   8,   5,  79,  82, 153,
       186,  27, 177,  87, 175,  73,  74,  85,  61,  12, 150,  76, 111,
        55, 181,  44,  89,  67,  11,  74,  52,  88,  86, 178,  74, 110,
       116, 106, 147,  76, 165,  92,  31, 195,  36,  89, 176, 104,  48,
        65,  93,  91,  81,  61,  73,  63, 193,  90,  50, 116,  90,  33,
       179,  67,  80, 103,  19, 100,  90,  89, 141,  98,  85,  66, 164,
        56,  61,  89, 166,   8,  91,  96, 158,  49,  53, 105, 125, 175,
        64,   6,  63,  52, 117,  15, 123,  24, 136, 201,  88,  99,  13,
        93,  10,  63,  40,  41, 150,  54,  92, 102,  35,  65, 100,  60,
        96,  53, 112,  28,  76, 110,  62,  87,  50,  52, 159,  21,  50,
       174, 187,  87,   8,  43,  40,  50,  96, 200,  71,  63, 124,  71,
        52,  66,  71,  84,  53,  87,  51, 177,  51,  76,  94,  88, 115,
        86,  69, 185,  73,  56, 169,  56,  67,  84, 171,  30,  49, 186,
        97, 184, 198,  62,  60,  91, 105,  75,  49,  15,  54, 109, 164,
        95,  96,  41,  96,  74])}], 'clusters': array([0, 1, 0, 1, 1, 0, 1, 1, 1, 0, 0, 1, 0, 0, 0, 0, 1, 0, 1, 1, 0, 0,
       0, 1, 1, 0, 0, 0, 0, 0, 0, 1, 1, 1, 1, 0, 0, 1, 1, 0, 0, 0, 1, 1,
       0, 1, 1, 0, 0, 0, 1, 0, 1, 1, 0, 1, 0, 1, 0, 0, 0, 1, 0, 1, 0, 1,
       1, 1, 1, 1, 1, 1, 0, 0, 1, 1, 1, 0, 0, 1, 1, 1, 0, 1, 1, 1, 0, 1,
       1, 1, 0, 1, 1, 1, 0, 0, 1, 1, 0, 0, 1, 1, 0, 0, 1, 0, 0, 1, 1, 0,
       0, 0, 0, 0, 0, 1, 0, 1, 0, 0, 0, 0, 0, 1, 1, 1, 0, 0, 1, 0, 1, 1,
       0, 0, 1, 1, 1, 1, 1, 1, 0, 0, 0, 0, 0, 1, 0, 0, 0, 1, 0, 0, 1, 1,
       0, 1, 1, 1, 1, 1, 0, 1, 0, 0, 0, 1, 1, 1, 0, 0, 1, 0, 1, 1, 0, 0,
       1, 1, 0, 0, 1, 0, 1, 0, 0, 0, 0, 1, 1, 1, 0, 0, 0, 1, 0, 1, 1, 0,
       1, 1]), 'time': 461.51783871650696}
lenSubsequence: 14{'RI': 0.7487437185929648, 'num_clusters': 2, 'uShapelets': [{'ts_index': 104, 'loc': 64, 'gap': 3.3276732815381282, 'distances': array([5.10497957, 0.42214414, 5.60181436, 1.86807529, 0.41387086,
       5.76875564, 1.82496164, 1.78333464, 1.88543093, 5.09828707,
       5.64467686, 1.753829  , 5.71918214, 5.5514635 , 5.55304079,
       5.72846107, 2.19111714, 5.15770079, 0.46589029, 0.379135  ,
       5.75514757, 5.37954079, 5.28317107, 0.475018  , 1.8415835 ,
       5.36363536, 5.30728971, 5.52716414, 5.86909329, 6.03428064,
       5.587373  , 1.72008729, 1.98217379, 1.91886529, 0.4557155 ,
       5.23550786, 5.46316307, 0.45621657, 1.8237765 , 5.27539529,
       5.35578836, 5.0566615 , 1.9583825 , 1.90913714, 5.15886764,
       1.91202107, 0.40523079, 6.04186629, 6.50512136, 5.5191915 ,
       1.76296586, 6.5803505 , 1.9758455 , 0.36709157, 5.68786921,
       0.33042843, 5.71851879, 0.4083025 , 5.22783507, 5.46831257,
       4.9599735 , 0.44465271, 5.72540929, 1.74934929, 5.53446264,
       0.38456857, 1.88192421, 0.39321179, 1.785563  , 0.37200786,
       0.33265521, 1.81604771, 5.54593064, 6.057454  , 0.41206514,
       1.78366207, 1.8762285 , 5.64501793, 5.63356364, 1.94936171,
       2.034502  , 0.31604836, 5.47330757, 0.40307586, 1.85583186,
       1.85656286, 6.28426971, 0.510946  , 0.40862564, 0.43290257,
       5.680517  , 0.44422793, 0.43120479, 1.97481214, 5.60884357,
       5.2126835 , 1.85459857, 1.84658879, 5.68415257, 5.12293371,
       0.36761443, 1.867739  , 6.31648264, 5.77248271, 0.        ,
       5.11481386, 5.25278386, 0.39667521, 0.63553971, 5.12367579,
       5.84933679, 5.63585736, 6.4919265 , 5.590706  , 6.41771321,
       0.43255521, 5.20144229, 1.8323155 , 5.79290686, 5.75278643,
       5.27135543, 5.32475157, 5.65964379, 1.84432921, 0.43995986,
       1.84465193, 5.91961386, 5.41101571, 1.79344493, 5.11916971,
       0.41394421, 0.34353421, 6.57494914, 5.15589421, 1.82443564,
       0.45076379, 0.35081857, 1.87215843, 0.39337721, 0.37300057,
       5.80667486, 5.24944193, 5.27517814, 5.55199679, 5.77945907,
       0.38804771, 5.47048007, 5.82284743, 5.14318629, 2.0249295 ,
       6.11732486, 5.61137314, 1.61912643, 0.35461879, 6.51195736,
       1.94648686, 1.75539486, 1.88666143, 2.01959164, 0.40085521,
       5.04001507, 1.90090807, 5.60202921, 5.69489357, 5.27246036,
       1.80849114, 1.79580107, 0.39792571, 6.0583635 , 6.43655686,
       1.92684479, 5.47443493, 1.8956195 , 0.39703579, 5.55123321,
       5.50223814, 0.43622993, 0.73783786, 5.76070779, 5.07694336,
       0.25989629, 5.33145671, 0.42034729, 5.48615271, 5.37559507,
       5.22058507, 5.15256371, 0.45227493, 1.83973857, 0.45219279,
       5.76056314, 5.58426621, 5.54729321, 0.45591679, 5.53679986,
       0.44285093, 1.87308243, 5.15184564, 0.40637007, 1.8826355 ]), 'delta_distances': array([0.77523657, 0.133887  , 0.648875  , 0.27028357, 0.17176671,
       0.61696143, 0.415903  , 0.29696343, 0.37694286, 0.75871157,
       0.86480386, 0.32885343, 0.60441814, 0.70746571, 0.65071329,
       0.64964371, 0.40895829, 0.62202129, 0.20118529, 0.11856729,
       0.70752786, 0.71673986, 0.68960571, 0.27585157, 0.34982671,
       0.67245114, 0.704452  , 0.72704671, 0.61074314, 0.67992143,
       0.75041357, 0.34986071, 0.407149  , 0.23972414, 0.192135  ,
       0.59978629, 0.78264543, 0.191775  , 0.35247129, 0.71581657,
       0.57698543, 0.694447  , 0.350511  , 0.36820971, 0.70170429,
       0.53674557, 0.12705857, 0.535228  , 1.02958829, 0.59235271,
       0.24824043, 0.87634914, 0.40910114, 0.13158229, 0.75327729,
       0.17951314, 0.58967857, 0.19976186, 0.74302471, 0.69861657,
       0.77189029, 0.16689857, 0.54125814, 0.30262157, 0.700328  ,
       0.11492414, 0.27978843, 0.11613329, 0.351987  , 0.19579329,
       0.14102029, 0.32075143, 0.640538  , 0.664156  , 0.14618014,
       0.27773771, 0.33256971, 0.795846  , 0.68052586, 0.32515943,
       0.42690443, 0.154398  , 0.60106229, 0.15789986, 0.38477957,
       0.367237  , 0.61753443, 0.23769586, 0.16044814, 0.19478214,
       0.78819857, 0.17292171, 0.21323529, 0.38443086, 0.78953657,
       0.70084729, 0.30373429, 0.32374943, 0.73734414, 0.79161071,
       0.18631214, 0.26454229, 0.72393071, 0.64603471, 0.        ,
       0.76660429, 0.76221586, 0.14932229, 0.17609714, 0.77589057,
       0.60115243, 0.76557414, 0.83894371, 0.53545486, 0.63525529,
       0.130732  , 0.75428129, 0.24469757, 0.68471157, 0.53108729,
       0.65243771, 0.69185114, 0.71608957, 0.33886729, 0.14105629,
       0.28974643, 0.750236  , 0.67670957, 0.38361129, 0.62141057,
       0.1453    , 0.13942943, 0.66299557, 0.62464571, 0.381094  ,
       0.17306543, 0.16217929, 0.339337  , 0.14526357, 0.13420029,
       0.69151957, 0.73663657, 0.71202443, 0.77167543, 0.73887671,
       0.11978129, 0.74999271, 0.643455  , 0.73591471, 0.43082943,
       0.69274629, 0.57725057, 0.39000614, 0.21603629, 0.583618  ,
       0.287023  , 0.30222786, 0.30273814, 0.44940829, 0.146892  ,
       0.75187386, 0.318307  , 0.81506771, 0.64695929, 0.68070786,
       0.24919957, 0.28109671, 0.15098471, 0.55753843, 0.90631714,
       0.31532414, 0.63597257, 0.323583  , 0.15630829, 0.65246714,
       0.63223171, 0.17166686, 0.22826571, 0.61882743, 0.71785586,
       0.12894943, 0.78080171, 0.16391386, 0.63868843, 0.76777114,
       0.63229714, 0.75054029, 0.15522914, 0.34660914, 0.13555643,
       0.633123  , 0.73591729, 0.87621914, 0.15549243, 0.60261057,
       0.16467243, 0.314858  , 0.76355786, 0.17127729, 0.32729043]), 'locations': array([ 51,  92, 159,  58,  81, 174,  75,  69,  62,  15,  48,  55, 159,
        29, 175,  22,  59,  10, 100,  93, 169,   8,   5,  79,  82, 152,
         0,  27, 177,  29,  37,  73,  74,  85,  61,  64, 150,  76, 111,
        54,  52,  44,  89,  67,  11,  74,  52,  40,  91,  34,  74, 128,
       116, 106, 146,  76, 164,  92,  31,   6,  37,  89,  10, 104,  48,
        65,  93,  91,  81,  61,  73,  63,  42,   7,  49, 116,  90,  33,
         8,  67,  80, 103,  19, 100,  90,  89,  25,  98,  85,  66,  34,
        56,  61,  89,  49,   8,  91,  96, 157,  49,  53, 105,  29, 174,
        64,   6,  63,  52, 117,  15,  12,  24,  27,  46,  11,  99,  13,
        93,  10,  11,  40,  41, 150,  54,  92, 102,  35,  17, 100,  60,
        96,  53,  33,  28,  76, 110,  62,  87,  50,  52, 159,  21,  51,
        51,  41,  87,   8,  43,  40,  50,   4,  24,  71,  63,   0,  71,
        52,  66,  71,  84,  20,  87,  32,   0,  51,  76,  94,  88,  21,
        50,  69,  22,  73,  56, 169,  56,  67,  84, 170,  29,  49,   3,
        97,  39,   4,  62,  60,  91, 105,  75,  27,  15,   0, 109, 162,
        95,  96,  41,  96,  74])}], 'clusters': array([0, 1, 0, 1, 1, 0, 1, 1, 1, 0, 0, 1, 0, 0, 0, 0, 1, 0, 1, 1, 0, 0,
       0, 1, 1, 0, 0, 0, 0, 0, 0, 1, 1, 1, 1, 0, 0, 1, 1, 0, 0, 0, 1, 1,
       0, 1, 1, 0, 0, 0, 1, 0, 1, 1, 0, 1, 0, 1, 0, 0, 0, 1, 0, 1, 0, 1,
       1, 1, 1, 1, 1, 1, 0, 0, 1, 1, 1, 0, 0, 1, 1, 1, 0, 1, 1, 1, 0, 1,
       1, 1, 0, 1, 1, 1, 0, 0, 1, 1, 0, 0, 1, 1, 0, 0, 1, 0, 0, 1, 1, 0,
       0, 0, 0, 0, 0, 1, 0, 1, 0, 0, 0, 0, 0, 1, 1, 1, 0, 0, 1, 0, 1, 1,
       0, 0, 1, 1, 1, 1, 1, 1, 0, 0, 0, 0, 0, 1, 0, 0, 0, 1, 0, 0, 1, 1,
       0, 1, 1, 1, 1, 1, 0, 1, 0, 0, 0, 1, 1, 1, 0, 0, 1, 0, 1, 1, 0, 0,
       1, 1, 0, 0, 1, 0, 1, 0, 0, 0, 0, 1, 1, 1, 0, 0, 0, 1, 0, 1, 1, 0,
       1, 1]), 'time': 447.05956172943115}
lenSubsequence: 15{'RI': 0.7487437185929648, 'num_clusters': 2, 'uShapelets': [{'ts_index': 145, 'loc': 86, 'gap': 3.3166685833274996, 'distances': array([5.3934776 , 0.03865567, 5.05290433, 1.8900542 , 0.0455752 ,
       5.13735953, 1.89158647, 1.76080647, 1.87574093, 5.49737867,
       5.3067292 , 1.84245133, 5.1770838 , 5.37766833, 4.95566653,
       6.20519813, 2.17153493, 5.47294933, 0.057073  , 0.05014207,
       5.15674853, 5.84610153, 5.75889013, 0.1152966 , 1.8451864 ,
       4.8108404 , 5.27328387, 6.0249398 , 5.2522618 , 6.32789613,
       5.19447233, 1.76558913, 2.01524647, 1.91644733, 0.06055567,
       5.52795353, 4.88226293, 0.05421553, 1.86276447, 5.61952693,
       5.61476073, 5.33168933, 1.98548573, 1.7370388 , 5.51768933,
       1.89197553, 0.01271473, 6.23759133, 6.01547967, 5.58557613,
       1.7850062 , 6.03741507, 1.9371458 , 0.03727627, 5.06582273,
       0.03393393, 5.1320976 , 0.081391  , 5.58687033, 5.43834393,
       5.15378627, 0.04300193, 5.2991206 , 1.82110167, 5.9349604 ,
       0.02023207, 1.87083673, 0.04797813, 1.83366913, 0.01823793,
       0.0150936 , 1.84007947, 5.58230613, 6.233817  , 0.0157154 ,
       1.79093   , 1.89742907, 6.1473212 , 5.30591173, 1.87961747,
       2.0489236 , 0.01658847, 5.83522027, 0.04474233, 1.69837307,
       1.90371813, 6.27952833, 0.07861893, 0.02413647, 0.03900413,
       5.33567953, 0.050293  , 0.0349058 , 1.904187  , 5.18909027,
       5.55808433, 1.85353153, 1.8120226 , 5.07454313, 5.4731286 ,
       0.0440566 , 1.886911  , 6.1413986 , 5.17499847, 0.36678913,
       5.4129574 , 5.5207564 , 0.00972187, 0.23817727, 5.43185873,
       6.17182753, 6.13981527, 6.13429293, 5.36941387, 6.17154253,
       0.03315573, 5.53580293, 1.93261727, 6.35432927, 6.28860913,
       5.65942107, 5.7364926 , 5.10390033, 1.93302553, 0.01850447,
       1.813408  , 6.39084867, 5.82414253, 1.801146  , 5.47383453,
       0.03833667, 0.0373256 , 6.06059227, 5.4374646 , 1.80886007,
       0.04653907, 0.03189613, 1.871263  , 0.03007987, 0.06068927,
       5.1956482 , 5.66425067, 5.6216744 , 5.24275247, 5.30381207,
       0.        , 5.9298174 , 6.2881976 , 5.4544844 , 2.10271773,
       6.30065053, 5.48416773, 1.62242327, 0.0250296 , 6.29091233,
       1.962339  , 1.82706407, 1.83129427, 2.05458133, 0.03337913,
       5.337264  , 1.93800887, 6.054809  , 5.22767813, 5.60241493,
       1.9793308 , 1.96127707, 0.02436613, 6.23120013, 6.30113547,
       1.93644   , 5.4282168 , 1.90273613, 0.01657847, 4.97651127,
       5.8833418 , 0.0323748 , 0.30817607, 5.13579387, 5.39340633,
       0.02834573, 5.423773  , 0.05581053, 5.66046893, 5.6540616 ,
       5.46047493, 5.56057827, 0.02807727, 1.86267007, 0.0316668 ,
       6.18873447, 6.01480187, 6.0133074 , 0.04837393, 4.91189773,
       0.0449416 , 1.78137633, 5.44988453, 0.05795127, 1.8470896 ]), 'delta_distances': array([0.72619147, 0.0568952 , 0.6644724 , 0.19812093, 0.06942107,
       0.66620413, 0.41655147, 0.22233827, 0.2896808 , 0.70989573,
       0.593888  , 0.3712692 , 0.6847288 , 0.6214732 , 0.67176467,
       0.5845832 , 0.43091013, 0.58012933, 0.0906624 , 0.068288  ,
       0.6979556 , 0.62939573, 0.6883856 , 0.17231987, 0.33634333,
       0.67822173, 0.59362227, 0.6590416 , 0.63708587, 0.90067827,
       0.61706747, 0.2327712 , 0.38600813, 0.27310613, 0.10322093,
       0.53575587, 0.78823213, 0.0920476 , 0.24361013, 0.67068693,
       0.61306373, 0.65663667, 0.2821548 , 0.35462813, 0.67616547,
       0.46647707, 0.0338392 , 1.1407956 , 1.00320027, 0.58832653,
       0.22119627, 0.9893244 , 0.32155507, 0.04123493, 0.74782387,
       0.0676784 , 0.61375227, 0.1066892 , 0.67630213, 0.58310027,
       0.74387227, 0.06774173, 0.62237107, 0.29957733, 0.67574533,
       0.03829307, 0.24696733, 0.0728844 , 0.33715893, 0.05128107,
       0.03282227, 0.2475124 , 0.60903773, 1.1381688 , 0.03840987,
       0.22440453, 0.3084724 , 0.74463907, 0.62778333, 0.32392173,
       0.39381787, 0.0503684 , 0.65507133, 0.0576928 , 0.3166384 ,
       0.34350333, 0.8394644 , 0.10358947, 0.0583708 , 0.0698384 ,
       0.6713588 , 0.07525373, 0.06765587, 0.3255572 , 0.70171547,
       0.64139107, 0.29261933, 0.30884147, 0.7580756 , 0.67636653,
       0.05546787, 0.25714147, 0.9064508 , 0.69068267, 0.12673427,
       0.70448667, 0.73388013, 0.03280507, 0.10462253, 0.78168653,
       0.98685507, 0.672026  , 0.94401053, 0.55769493, 1.06587   ,
       0.06184293, 0.80550373, 0.28650467, 0.62564027, 0.67601187,
       0.64338107, 0.6710832 , 0.7338652 , 0.33498227, 0.04413987,
       0.23809587, 0.4735476 , 0.60992987, 0.35714307, 0.60106827,
       0.07477467, 0.05048827, 1.07705267, 0.6642708 , 0.2731416 ,
       0.06899827, 0.05545107, 0.35919667, 0.0665916 , 0.09534533,
       0.6890564 , 0.71220373, 0.5712988 , 0.62586987, 0.6012396 ,
       0.        , 0.731414  , 0.9598836 , 0.70017987, 0.35768707,
       0.9436868 , 0.56872613, 0.3171968 , 0.06136173, 0.9809016 ,
       0.3103984 , 0.21712067, 0.22206813, 0.40251733, 0.05830973,
       0.74371067, 0.28975093, 0.61682493, 0.59698187, 0.63293453,
       0.26739747, 0.29580027, 0.06029333, 0.9764924 , 0.77735667,
       0.26544267, 0.60585747, 0.34761453, 0.03966267, 0.68375107,
       0.73191053, 0.06197413, 0.139268  , 0.66146787, 0.6793712 ,
       0.05491613, 0.61831627, 0.08843053, 0.62874667, 0.56433173,
       0.6472084 , 0.65834027, 0.0542308 , 0.30321573, 0.06235893,
       0.6063632 , 0.66867187, 0.82327027, 0.0565792 , 0.65595213,
       0.07738667, 0.284076  , 0.7381828 , 0.070188  , 0.25124267]), 'locations': array([ 51,  91, 158,  57,  81, 173,  74,  68,  61,  15, 188,  54, 158,
       182, 175,  22,  58,  10, 100,  92, 169,   8,   5,  78,  81, 152,
       185,  27, 176,  84, 174,  72,  74,  84,  61,  65, 147,  75, 110,
        55, 180,  44,  88,  66,  11,  74,  51, 106,  90, 177,  73, 124,
       115, 105, 145,  75, 164,  91,  31, 193,  37,  88, 174, 103,  48,
        65,  92,  90,  80,  60,  73,  62, 192,  91,  49, 115,  89,  33,
       178,  66,  79, 102,  23,  99,  90,  88, 141,  97,  84,  65, 163,
        55,  60,  89, 165,   8,  90,  95, 157,  16,  53, 104, 125, 174,
        63,   5,  63,  51, 117,  15, 122,  24, 136, 199,  87,  99,  14,
        92,  10,   4,  40,  41, 149,  53,  91, 101,  11,  17,  99,  58,
        95,  52, 112,  30,  75, 109,  61,  86,  50,  51, 158,  21, 205,
       173, 184,  86,   8, 126,  40,  49,  95, 198,  70,  62, 124,  70,
        51,  65,  70,  83,  20,  86,  51, 176,  51,  75,  93,  87, 115,
       156,  68, 184,  72,  56, 168,  52,  66,  83, 170,  29,  48, 185,
        96, 183, 197,  62,  59,  90, 104,  74,  27,  15,   0, 108, 161,
        94,  95,  41,  95,  73])}], 'clusters': array([0, 1, 0, 1, 1, 0, 1, 1, 1, 0, 0, 1, 0, 0, 0, 0, 1, 0, 1, 1, 0, 0,
       0, 1, 1, 0, 0, 0, 0, 0, 0, 1, 1, 1, 1, 0, 0, 1, 1, 0, 0, 0, 1, 1,
       0, 1, 1, 0, 0, 0, 1, 0, 1, 1, 0, 1, 0, 1, 0, 0, 0, 1, 0, 1, 0, 1,
       1, 1, 1, 1, 1, 1, 0, 0, 1, 1, 1, 0, 0, 1, 1, 1, 0, 1, 1, 1, 0, 1,
       1, 1, 0, 1, 1, 1, 0, 0, 1, 1, 0, 0, 1, 1, 0, 0, 1, 0, 0, 1, 1, 0,
       0, 0, 0, 0, 0, 1, 0, 1, 0, 0, 0, 0, 0, 1, 1, 1, 0, 0, 1, 0, 1, 1,
       0, 0, 1, 1, 1, 1, 1, 1, 0, 0, 0, 0, 0, 1, 0, 0, 0, 1, 0, 0, 1, 1,
       0, 1, 1, 1, 1, 1, 0, 1, 0, 0, 0, 1, 1, 1, 0, 0, 1, 0, 1, 1, 0, 0,
       1, 1, 0, 0, 1, 0, 1, 0, 0, 0, 0, 1, 1, 1, 0, 0, 0, 1, 0, 1, 1, 0,
       1, 1]), 'time': 440.23249864578247}
lenSubsequence: 16{'RI': 0.7487437185929648, 'num_clusters': 2, 'uShapelets': [{'ts_index': 67, 'loc': 90, 'gap': 3.3840164042664043, 'distances': array([5.13417975, 0.08889631, 5.344125  , 1.825806  , 0.08867188,
       5.42352887, 1.79765219, 1.717911  , 1.82127631, 5.1999675 ,
       5.58845006, 1.753751  , 5.43226487, 5.63998294, 5.268976  ,
       5.86383406, 2.10528831, 5.22066794, 0.11393963, 0.11570494,
       5.46336981, 5.58550069, 5.44672675, 0.16729113, 1.80097519,
       5.05111762, 5.4549565 , 5.66833219, 5.54205544, 6.22975437,
       5.46521306, 1.71393919, 1.87960037, 1.84959587, 0.11428981,
       5.264035  , 5.16014787, 0.11235531, 1.80783375, 5.31579181,
       5.4565015 , 5.11677787, 1.92548469, 1.73040613, 5.28743875,
       1.82011388, 0.05442169, 6.21510781, 6.20081781, 5.61687069,
       1.73522669, 6.22582756, 1.86673962, 0.01479862, 5.32341563,
       0.06196025, 5.41952225, 0.1268095 , 5.33024787, 5.58408731,
       4.96865494, 0.08430662, 5.60067194, 1.75979181, 5.61728219,
       0.05580719, 1.81340988, 0.        , 1.76011919, 0.05697544,
       0.05783375, 1.79357638, 5.64380919, 6.23834569, 0.07358806,
       1.74391712, 1.84669456, 5.82879525, 5.59230287, 1.81656019,
       1.95484013, 0.06571781, 5.5715215 , 0.09455963, 1.684269  ,
       1.82900656, 6.45710781, 0.11812087, 0.07822131, 0.07174694,
       5.62578519, 0.10423781, 0.08286712, 1.82651906, 5.48611   ,
       5.28590756, 1.79120675, 1.77633975, 5.35614425, 5.18712019,
       0.02377062, 1.82435213, 6.33075144, 5.47828875, 0.34797238,
       5.19130237, 5.27143544, 0.067442  , 0.3370645 , 5.16832862,
       6.03855775, 5.82270162, 6.35082738, 5.6682535 , 6.37848894,
       0.06093475, 5.26804138, 1.84992275, 6.008331  , 5.94081413,
       5.37188344, 5.40324506, 5.40018112, 1.85388337, 0.07710969,
       1.77780725, 6.05495763, 5.51972244, 1.75022513, 5.21136275,
       0.07911244, 0.02844594, 6.26275094, 5.21309719, 1.75073931,
       0.09360325, 0.04640219, 1.81315338, 0.07153594, 0.02524937,
       5.43113569, 5.36560544, 5.33656725, 5.52641388, 5.56207263,
       0.04498175, 5.60477731, 5.97925556, 5.20348737, 2.0437615 ,
       6.343207  , 5.66134294, 1.57695444, 0.06259088, 6.48013925,
       1.89518656, 1.77780581, 1.78258331, 1.97474587, 0.05518919,
       5.09886725, 1.8279305 , 5.74719856, 5.52810106, 5.32446156,
       1.886785  , 1.84104244, 0.06900512, 6.27832194, 6.46187862,
       1.87247281, 5.57228119, 1.84493675, 0.07759406, 5.17661594,
       5.58246356, 0.08013637, 0.42589594, 5.42288094, 5.1524455 ,
       0.05594988, 5.4205565 , 0.08095962, 5.6159505 , 5.4919385 ,
       5.21949619, 5.26386631, 0.09317431, 1.78312844, 0.11904569,
       5.85808   , 5.69076213, 5.69152662, 0.10172038, 5.14406469,
       0.11571288, 1.76214494, 5.21055775, 0.10087725, 1.78536056]), 'delta_distances': array([0.74640838, 0.0872235 , 0.72795275, 0.22675875, 0.10212575,
       0.6947045 , 0.4368375 , 0.2751695 , 0.31798388, 0.71680388,
       0.62416075, 0.38471488, 0.72828538, 0.6551215 , 0.69771725,
       0.636022  , 0.45138925, 0.63302887, 0.119327  , 0.14614025,
       0.74929225, 0.69010987, 0.6994555 , 0.19188488, 0.38241938,
       0.72914663, 0.68600687, 0.65046175, 0.67432125, 0.637903  ,
       0.656846  , 0.27172988, 0.39030362, 0.29770575, 0.13548175,
       0.55195962, 0.82385375, 0.122592  , 0.29650675, 0.692434  ,
       0.55833625, 0.68077988, 0.31238413, 0.37962688, 0.68537075,
       0.49889175, 0.07355163, 0.501999  , 1.02387187, 0.58486288,
       0.25571975, 1.0114295 , 0.34819725, 0.03758625, 0.77498225,
       0.08507813, 0.6675545 , 0.15171762, 0.70871038, 0.6885105 ,
       0.7613245 , 0.10110525, 0.66259512, 0.32504725, 0.694742  ,
       0.08307212, 0.27964613, 0.        , 0.36937913, 0.08772825,
       0.06981225, 0.30624988, 0.56169312, 0.6382995 , 0.09484588,
       0.2679185 , 0.345013  , 0.76346188, 0.67385112, 0.35061362,
       0.40619975, 0.10195113, 0.66556337, 0.09639962, 0.35164013,
       0.3890705 , 0.86533013, 0.15175487, 0.1001085 , 0.11434862,
       0.71346787, 0.119227  , 0.09955538, 0.3451995 , 0.74132862,
       0.68821588, 0.31794225, 0.3324465 , 0.78598263, 0.69428375,
       0.05866612, 0.28623075, 0.93806137, 0.71393087, 0.11605163,
       0.74244738, 0.75698163, 0.09907788, 0.14896238, 0.790362  ,
       0.680135  , 0.66876313, 1.10603375, 0.590718  , 1.08176013,
       0.076213  , 0.7724915 , 0.31035975, 0.63632888, 0.70076   ,
       0.65633863, 0.68065587, 0.77348862, 0.331329  , 0.09015025,
       0.27301213, 0.4918875 , 0.63407775, 0.3918245 , 0.64689063,
       0.0947195 , 0.04745562, 1.05576575, 0.64668925, 0.32199063,
       0.11516663, 0.07754238, 0.37911313, 0.09916275, 0.06396113,
       0.725644  , 0.74457313, 0.71074825, 0.66274063, 0.626952  ,
       0.06854213, 0.7402015 , 0.649309  , 0.77916412, 0.3937855 ,
       0.667251  , 0.5790165 , 0.35448888, 0.100035  , 0.96822325,
       0.33152138, 0.27476563, 0.27699475, 0.41836575, 0.09204175,
       0.75671125, 0.30977375, 0.78094175, 0.62522412, 0.663368  ,
       0.28924038, 0.29901075, 0.09055275, 0.53624912, 0.9240735 ,
       0.31470837, 0.6351675 , 0.37405138, 0.093892  , 0.70107012,
       0.57237463, 0.09386812, 0.19419212, 0.69099637, 0.71088637,
       0.08489088, 0.73751   , 0.1012285 , 0.63067637, 0.78208975,
       0.6705955 , 0.67862688, 0.09066962, 0.342667  , 0.11215013,
       0.61679712, 0.69151513, 0.75485338, 0.09863812, 0.691682  ,
       0.13105213, 0.32382237, 0.76160463, 0.10934875, 0.27726088]), 'locations': array([ 51,  91, 159,  57,  81, 173,  74,  68,  61,  14, 188,  54, 158,
       182, 175,  21,  58,  10, 100,  92, 169,   8,   5,  78,  81, 152,
         0,  26, 176,  29, 174,  72,  74,  84,  61,  64, 147,  75, 110,
        54,  52,  42,  88,  66,  11,  74,  51,  40,  90,  34,  73, 124,
       115, 105, 145,  75, 164,  91,  31,   6,  37,  88, 174, 103,  48,
        65,  92,  90,  80,  60,  73,  62,  41,   7,  49, 115,  89,  33,
       177,  66,  79, 102,  23,  99,  90,  88, 141,  97,  84,  65, 163,
        55,  60,  89, 165,   8,  90,  95, 157,  16,  53, 104, 124, 174,
        63,   5,  63,  51, 117,  15,  11,  24, 118, 199,  87,  99,  13,
        92,  10,   4,  39,  41, 149,  53,  91, 101,  11,  17,  99,  58,
        95,  52, 112,  28,  75, 109,  61,  86,  50,  51, 158,  21,  50,
       173, 184,  86,   8,  43,  38,  49,   4,  24,  70,  62,  95,  70,
        51,  65,  70,  83,  20,  86,  32, 176,   3,  75,  93,  87,  19,
        86,  68,  22,  72,  56, 167,  55,  66,  83, 170,  29,  48,   3,
        96,  39,   4,  62,  59,  90, 104,  74,  27,  15,  16, 108, 161,
        94,  95,  41,  95,  73])}], 'clusters': array([0, 1, 0, 1, 1, 0, 1, 1, 1, 0, 0, 1, 0, 0, 0, 0, 1, 0, 1, 1, 0, 0,
       0, 1, 1, 0, 0, 0, 0, 0, 0, 1, 1, 1, 1, 0, 0, 1, 1, 0, 0, 0, 1, 1,
       0, 1, 1, 0, 0, 0, 1, 0, 1, 1, 0, 1, 0, 1, 0, 0, 0, 1, 0, 1, 0, 1,
       1, 1, 1, 1, 1, 1, 0, 0, 1, 1, 1, 0, 0, 1, 1, 1, 0, 1, 1, 1, 0, 1,
       1, 1, 0, 1, 1, 1, 0, 0, 1, 1, 0, 0, 1, 1, 0, 0, 1, 0, 0, 1, 1, 0,
       0, 0, 0, 0, 0, 1, 0, 1, 0, 0, 0, 0, 0, 1, 1, 1, 0, 0, 1, 0, 1, 1,
       0, 0, 1, 1, 1, 1, 1, 1, 0, 0, 0, 0, 0, 1, 0, 0, 0, 1, 0, 0, 1, 1,
       0, 1, 1, 1, 1, 1, 0, 1, 0, 0, 0, 1, 1, 1, 0, 0, 1, 0, 1, 1, 0, 0,
       1, 1, 0, 0, 1, 0, 1, 0, 0, 0, 0, 1, 1, 1, 0, 0, 0, 1, 0, 1, 1, 0,
       1, 1]), 'time': 434.128915309906}
lenSubsequence: 18{'RI': 0.7487437185929648, 'num_clusters': 2, 'uShapelets': [{'ts_index': 131, 'loc': 51, 'gap': 3.4052062387786175, 'distances': array([5.35848989, 0.15448589, 4.98575911, 1.71413161, 0.13902444,
       5.06858628, 1.72763706, 1.63528506, 1.72529989, 5.492717  ,
       5.2451245 , 1.70159406, 5.09407033, 5.3114855 , 4.93487756,
       6.19182689, 2.0707525 , 5.42275333, 0.14652128, 0.19856389,
       5.14483456, 5.87229206, 5.76554372, 0.20365328, 1.70340706,
       4.71792978, 5.25038361, 5.97700961, 5.17260983, 6.19567583,
       5.12471944, 1.62579739, 1.8808125 , 1.77761017, 0.16671794,
       5.42960289, 4.84095267, 0.14892144, 1.72666861, 5.57277806,
       5.55761189, 5.27264206, 1.84933333, 1.63778439, 5.53702344,
       1.75151411, 0.121795  , 6.08984011, 5.93442028, 5.5406255 ,
       1.63243522, 5.91048028, 1.77309817, 0.01539622, 4.99626456,
       0.14841261, 5.08084717, 0.18838667, 5.50791706, 5.34968933,
       5.18179683, 0.1581235 , 5.22899067, 1.66441156, 5.88122628,
       0.167019  , 1.75126328, 0.02579517, 1.69997222, 0.13258106,
       0.14109111, 1.69333639, 5.51818928, 6.06709928, 0.14002406,
       1.64329289, 1.72267439, 6.10281633, 5.25633656, 1.77320611,
       1.87653906, 0.04146889, 5.79975011, 0.16684817, 1.59788583,
       1.76289856, 6.13117906, 0.18664589, 0.13448461, 0.09869061,
       5.28603489, 0.14973939, 0.14915922, 1.79364206, 5.151223  ,
       5.54874472, 1.76385567, 1.68553839, 5.00200356, 5.39813717,
       0.02343883, 1.75760111, 6.009451  , 5.10674661, 0.26940356,
       5.36202689, 5.48403872, 0.14074656, 0.40605794, 5.41915633,
       6.03867833, 6.17381744, 6.02375711, 5.30634578, 6.06518061,
       0.18997128, 5.49373478, 1.78118167, 6.25475561, 6.23855122,
       5.58263717, 5.64656067, 5.07140367, 1.78364767, 0.13211583,
       1.67962028, 6.29603156, 5.85085361, 1.65485728, 5.42671294,
       0.14613056, 0.        , 5.96183822, 5.40830339, 1.67412006,
       0.16973239, 0.04107956, 1.73749439, 0.15334533, 0.02929611,
       5.09975733, 5.60658606, 5.54164728, 5.18453783, 5.19864622,
       0.12656161, 5.94240117, 6.13408556, 5.39066872, 1.93652011,
       6.17081533, 5.36957778, 1.49482256, 0.14853756, 6.0967965 ,
       1.81855133, 1.72454539, 1.67876272, 1.87636911, 0.12506467,
       5.36802456, 1.81926428, 6.12149228, 5.17391489, 5.57597233,
       1.80672111, 1.81596328, 0.12318022, 6.10179178, 6.14315928,
       1.78569044, 5.39652133, 1.74003144, 0.13675311, 4.82050456,
       5.78800089, 0.15186856, 0.43940817, 5.11045294, 5.37786544,
       0.03983894, 5.41229589, 0.15733017, 5.60632117, 5.5735555 ,
       5.41078661, 5.53952711, 0.14705289, 1.70212339, 0.14242211,
       6.14637767, 5.96953583, 6.03302556, 0.15313172, 4.80430944,
       0.16725928, 1.72797333, 5.44874294, 0.11743078, 1.69381267]), 'delta_distances': array([0.54411322, 0.05951911, 0.53381967, 0.134928  , 0.07378989,
       0.50052511, 0.31267278, 0.15398767, 0.18043422, 0.57235033,
       0.42329078, 0.26965989, 0.53152078, 0.46961444, 0.50317222,
       0.43776967, 0.35222533, 0.53775633, 0.106362  , 0.11349189,
       0.55130578, 0.53443922, 0.51696822, 0.12450522, 0.26725244,
       0.55246267, 0.43905022, 0.50897033, 0.47836922, 0.75389256,
       0.48236911, 0.15772   , 0.28393833, 0.18361822, 0.10061356,
       0.39738467, 0.63793467, 0.08266644, 0.16497922, 0.50676911,
       0.46186522, 0.51400767, 0.199213  , 0.228473  , 0.41289678,
       0.35707156, 0.05125656, 0.89207633, 0.82747733, 0.45656433,
       0.140137  , 0.80842344, 0.21413722, 0.03757889, 0.601617  ,
       0.08565522, 0.49945556, 0.11238722, 0.43044456, 0.425345  ,
       0.57298567, 0.09802267, 0.48245744, 0.20668456, 0.55750622,
       0.08390389, 0.16712967, 0.04407867, 0.26301333, 0.06529578,
       0.06363478, 0.19329456, 0.45620133, 0.899487  , 0.05171822,
       0.15184233, 0.22473622, 0.65706289, 0.49040511, 0.25011333,
       0.29143733, 0.06411822, 0.344971  , 0.09195056, 0.24768056,
       0.25256144, 0.778514  , 0.11315067, 0.05931678, 0.11452322,
       0.50427556, 0.073425  , 0.07477656, 0.22861089, 0.55486422,
       0.47020889, 0.23823789, 0.19581044, 0.60335778, 0.54071389,
       0.05074956, 0.17923089, 0.76117544, 0.54061811, 0.118362  ,
       0.56172744, 0.58610611, 0.07891833, 0.06983833, 0.6617    ,
       0.86162133, 0.81118322, 0.93450733, 0.405036  , 0.91354022,
       0.08485167, 0.63510056, 0.21040222, 0.73138322, 0.54277689,
       0.482806  , 0.55855744, 0.57213256, 0.24262278, 0.05583267,
       0.14735811, 0.81721533, 0.4762    , 0.25000911, 0.46847733,
       0.06228189, 0.        , 0.89374822, 0.47381789, 0.21103978,
       0.07565956, 0.04999733, 0.26328611, 0.07876344, 0.06193122,
       0.54301889, 0.59001989, 0.42054056, 0.48360522, 0.44150711,
       0.08151222, 0.58264233, 0.76699967, 0.60948811, 0.26102633,
       0.82050756, 0.41689911, 0.21978456, 0.08832411, 0.80840844,
       0.19804667, 0.15847489, 0.15538633, 0.31351267, 0.05856222,
       0.59910556, 0.22324567, 0.58434822, 0.43492411, 0.50871422,
       0.18084822, 0.20725478, 0.06247067, 0.83610478, 0.74039389,
       0.1853    , 0.45981667, 0.245928  , 0.05939244, 0.50732   ,
       0.45774933, 0.06272289, 0.09598989, 0.51157967, 0.62046333,
       0.06299711, 0.46311644, 0.08420644, 0.46898844, 0.40631522,
       0.57931978, 0.519834  , 0.06055089, 0.21050278, 0.08607756,
       0.43928944, 0.564696  , 0.598348  , 0.05879056, 0.49102922,
       0.09118222, 0.211779  , 0.371861  , 0.09079378, 0.15829078]), 'locations': array([ 51,  90, 158,  56,  80, 172,  73,  67,  60,  13, 186,  53, 157,
       181, 174,  21,  57,   9,  99,  91, 168,   6,   4,  77,  80, 150,
       184,  26, 175,  81, 172,  71,  73,  83,  60,  64, 146,  74, 109,
        54, 179,  42,  87,  65,  26,  73,  50, 104,  89, 175,  72, 123,
       114, 104, 144,  74, 163,  90, 195, 192,  35,  87, 173, 102,  47,
        64,  91,  89,  79,  59,  72,  61, 191,  91,  48, 114,  88,  31,
       176,  65,  78, 101,  26,  98,  89,  87, 134,  96,  83,  64, 162,
        54,  59,  88, 164,   8,  89,  94, 156,  15,  52, 103, 117, 173,
        62,   4,  63,  50, 116,  15, 122, 104, 110, 198,  88,  98,  13,
        91, 118,   3,  38,  40, 148,  52,  90, 100, 121,  17,  98,  58,
        94,  51, 111,  29,  74, 108,  60,  85,  49,  50, 157,  20, 204,
       172, 183,  85,   8, 125,  38,  48,  95, 197,  69,  61,  93,  69,
        50,  64,  69,  82,  19,  85,  32, 175,   3,  74,  92,  86, 114,
        85,  67, 183,  71,  55, 166,  54,  65,  82, 169,  28,  47, 184,
        95, 182, 196,  62,  58,  89, 103,  73,  27,  15,   0, 107, 160,
        93,  94,  60,  94,  72])}], 'clusters': array([0, 1, 0, 1, 1, 0, 1, 1, 1, 0, 0, 1, 0, 0, 0, 0, 1, 0, 1, 1, 0, 0,
       0, 1, 1, 0, 0, 0, 0, 0, 0, 1, 1, 1, 1, 0, 0, 1, 1, 0, 0, 0, 1, 1,
       0, 1, 1, 0, 0, 0, 1, 0, 1, 1, 0, 1, 0, 1, 0, 0, 0, 1, 0, 1, 0, 1,
       1, 1, 1, 1, 1, 1, 0, 0, 1, 1, 1, 0, 0, 1, 1, 1, 0, 1, 1, 1, 0, 1,
       1, 1, 0, 1, 1, 1, 0, 0, 1, 1, 0, 0, 1, 1, 0, 0, 1, 0, 0, 1, 1, 0,
       0, 0, 0, 0, 0, 1, 0, 1, 0, 0, 0, 0, 0, 1, 1, 1, 0, 0, 1, 0, 1, 1,
       0, 0, 1, 1, 1, 1, 1, 1, 0, 0, 0, 0, 0, 1, 0, 0, 0, 1, 0, 0, 1, 1,
       0, 1, 1, 1, 1, 1, 0, 1, 0, 0, 0, 1, 1, 1, 0, 0, 1, 0, 1, 1, 0, 0,
       1, 1, 0, 0, 1, 0, 1, 0, 0, 0, 0, 1, 1, 1, 0, 0, 0, 1, 0, 1, 1, 0,
       1, 1]), 'time': 424.96275424957275}
lenSubsequence: 19{'RI': 0.7487437185929648, 'num_clusters': 2, 'uShapelets': [{'ts_index': 145, 'loc': 85, 'gap': 3.492401539337334, 'distances': array([5.53153416, 0.03685395, 5.24956558, 1.841422  , 0.04081779,
       5.33446084, 1.91190832, 1.77631226, 1.90482426, 5.72225611,
       5.52456758, 1.87589153, 5.38203979, 5.61008642, 5.19106716,
       6.35716647, 2.24050037, 5.63346737, 0.05267484, 0.048685  ,
       5.41701274, 6.09175089, 5.96940516, 0.10758632, 1.85863547,
       4.99869521, 5.51563632, 6.17447211, 5.44267832, 6.49415384,
       5.39415595, 1.78221405, 2.04107721, 1.94796989, 0.05524889,
       5.61060616, 5.13286763, 0.04605032, 1.88170611, 5.76946816,
       5.85636905, 5.50549516, 2.02586189, 1.78335211, 5.69995   ,
       1.90653174, 0.01087637, 6.34962042, 6.19733332, 5.82674711,
       1.79012542, 6.16526789, 1.89956121, 0.16349795, 5.25928247,
       0.02691116, 5.35465016, 0.06755053, 5.77150658, 5.61671021,
       5.35775921, 0.037564  , 5.511097  , 1.82607684, 6.07131668,
       0.02210837, 1.90062658, 0.13606137, 1.89218942, 0.01829047,
       0.01285253, 1.860754  , 5.81031889, 6.32464458, 0.01316526,
       1.79491579, 1.87081216, 6.28611463, 5.55204811, 1.93928811,
       2.04324747, 0.09096768, 5.97669647, 0.03820337, 1.72638821,
       1.92188121, 6.42530321, 0.07225484, 0.023772  , 0.04583032,
       5.54798353, 0.04654721, 0.03707205, 1.92907105, 5.43095089,
       5.73156158, 1.96514353, 1.84662489, 5.23991758, 5.60411105,
       0.14409279, 1.93278205, 6.28888253, 5.38639421, 0.32951758,
       5.55739389, 5.66879342, 0.00981463, 0.19484153, 5.59556147,
       6.30409753, 6.35467605, 6.30468537, 5.579715  , 6.31114726,
       0.03015795, 5.67171179, 1.95424284, 6.54506516, 6.41725505,
       5.78576542, 5.85150268, 5.32483995, 1.94857337, 0.01974468,
       1.85605332, 6.54234768, 6.018317  , 1.80709747, 5.62986568,
       0.03947111, 0.12022895, 6.23121163, 5.57311363, 1.83723321,
       0.03841374, 0.105889  , 1.89002889, 0.02559079, 0.16599247,
       5.37436811, 5.81252437, 5.80818342, 5.48044663, 5.47637637,
       0.        , 6.10574911, 6.41230011, 5.59470853, 2.06674611,
       6.43629637, 5.62814195, 1.67327089, 0.02061226, 6.38692263,
       1.97857453, 1.91726768, 1.82276274, 2.02877711, 0.02882553,
       5.54756747, 1.97132958, 6.27266889, 5.44834005, 5.75812468,
       1.98817595, 1.96516374, 0.02067816, 6.39240358, 6.39389011,
       1.94242242, 5.70043332, 1.87508021, 0.02913226, 5.09117079,
       5.97453526, 0.02913553, 0.24829763, 5.39754458, 5.57014195,
       0.10431332, 5.69530595, 0.04654689, 5.88851268, 5.86523221,
       5.58875237, 5.76435811, 0.02525789, 1.88868758, 0.02847068,
       6.31335832, 6.14934247, 6.20169532, 0.04455053, 5.06492821,
       0.03889121, 1.91236011, 5.64230358, 0.05673995, 1.86089484]), 'delta_distances': array([0.74468105, 0.05536916, 0.68540021, 0.25597737, 0.06809968,
       0.66575989, 0.42000705, 0.28248768, 0.30295821, 0.74251147,
       0.59361305, 0.39345368, 0.70770053, 0.63373263, 0.65422642,
       0.63771253, 0.50445074, 0.63559168, 0.08915379, 0.07439832,
       0.71047095, 0.71706453, 0.68923263, 0.15630937, 0.40159116,
       0.72300716, 0.60642137, 0.68882168, 0.63365811, 0.89629853,
       0.64585032, 0.27009768, 0.41165947, 0.33410242, 0.09448968,
       0.59079705, 0.81112916, 0.08145189, 0.27918137, 0.70183895,
       0.62107642, 0.72850926, 0.33585263, 0.35486789, 0.61554074,
       0.45445853, 0.03127179, 1.04698895, 1.06071063, 0.62484084,
       0.27234853, 0.98944126, 0.33799958, 0.11195137, 0.75306074,
       0.05547789, 0.65493074, 0.09324663, 0.60216737, 0.58350968,
       0.80140053, 0.05721916, 0.64159337, 0.34119642, 0.75593158,
       0.03999337, 0.27458126, 0.09827011, 0.40079084, 0.04813211,
       0.03014558, 0.330582  , 0.62966789, 1.08917863, 0.03435326,
       0.27265295, 0.35931905, 0.83898916, 0.65668674, 0.38145737,
       0.41455705, 0.07429737, 0.65180505, 0.05083347, 0.39103137,
       0.36266305, 0.66277042, 0.09607368, 0.05653737, 0.09490442,
       0.66176484, 0.07063084, 0.06869947, 0.34707105, 0.71122642,
       0.67040568, 0.39262989, 0.32493453, 0.79542568, 0.72400284,
       0.10054421, 0.31723642, 0.98083116, 0.71807874, 0.12323979,
       0.779282  , 0.77129084, 0.03315916, 0.09072832, 0.85448716,
       1.04028495, 0.67782032, 1.07738474, 0.57429232, 1.05921642,
       0.06138684, 0.81928084, 0.34941663, 0.63026116, 0.71892379,
       0.65068474, 0.73465811, 0.72419726, 0.39021389, 0.04564305,
       0.27982947, 0.54513432, 0.66661547, 0.36152021, 0.65290158,
       0.06873442, 0.07802874, 1.04722032, 0.69712   , 0.33980053,
       0.05834621, 0.07822642, 0.37398558, 0.05873779, 0.13684632,
       0.71667105, 0.75777053, 0.73580421, 0.64236884, 0.60258284,
       0.        , 0.78035389, 0.94624958, 0.79452674, 0.38882558,
       0.74026505, 0.57695537, 0.32353884, 0.05346547, 0.96695495,
       0.32049189, 0.31041442, 0.29265937, 0.45034558, 0.05423726,
       0.77462526, 0.34472284, 0.78959211, 0.59411337, 0.69088411,
       0.30310316, 0.32744663, 0.05494874, 0.98802032, 0.97572411,
       0.29421484, 0.62791495, 0.37137463, 0.04983663, 0.667474  ,
       0.64853968, 0.05670305, 0.11851621, 0.67527905, 0.71177937,
       0.08944474, 0.62533674, 0.07673305, 0.63318221, 0.56689179,
       0.74839653, 0.68732537, 0.05209074, 0.33616916, 0.06140253,
       0.64156779, 0.75157821, 0.83534905, 0.05274621, 0.65223705,
       0.07380779, 0.35798874, 0.79089737, 0.07807737, 0.27687095]), 'locations': array([ 51,  90, 158,  56,  80, 172,  73,  67,  60,  14, 187,  53, 157,
       181, 174,  21,  57,  10,  99,  91, 168,   6,   4,  77,  80, 150,
       184,  26, 175,  80, 173,  71,  73,  83,  60,  64, 146,  74, 109,
        54, 179,  42,  87,  65,  26,  73,  50, 104,  85, 176,  72, 124,
       114, 104, 144,  74, 163,  90, 196, 192,  37,  87, 173, 102,  47,
        64,  91,  89,  79,  59,  72,  61, 191,  91,  48, 114,  88,  31,
       176,  65,  78, 101,  23,  98,  89,  87, 187,  96,  83,  64, 162,
        54,  59,  88, 164,   8,  89,  94, 156,  15,  52, 103, 116, 173,
        63,   5,  63,  50, 116,  15, 122,  24, 112, 198,  87,  98,  14,
        91,   9,   4,  38,  40, 148,  52,  90, 100,  11,  17,  98,  58,
        94,  51, 111,  30,  74, 108,  60,  85,  49,  50, 157,  20,  50,
       172, 183,  85,   8, 123,  38,  48, 169, 197,  69,  61,  93,  69,
        50,  64,  69,  82,  20,  85,  32, 175,   3,  74,  92,  86, 114,
        87,  67, 183,  71,  55, 166,  54,  65,  82, 169,  29,  47, 184,
        95, 182, 196,  62,  58,  89, 103,  73,  27,  16,   0, 107, 160,
        93,  94,  41,  94,  72])}], 'clusters': array([0, 1, 0, 1, 1, 0, 1, 1, 1, 0, 0, 1, 0, 0, 0, 0, 1, 0, 1, 1, 0, 0,
       0, 1, 1, 0, 0, 0, 0, 0, 0, 1, 1, 1, 1, 0, 0, 1, 1, 0, 0, 0, 1, 1,
       0, 1, 1, 0, 0, 0, 1, 0, 1, 1, 0, 1, 0, 1, 0, 0, 0, 1, 0, 1, 0, 1,
       1, 1, 1, 1, 1, 1, 0, 0, 1, 1, 1, 0, 0, 1, 1, 1, 0, 1, 1, 1, 0, 1,
       1, 1, 0, 1, 1, 1, 0, 0, 1, 1, 0, 0, 1, 1, 0, 0, 1, 0, 0, 1, 1, 0,
       0, 0, 0, 0, 0, 1, 0, 1, 0, 0, 0, 0, 0, 1, 1, 1, 0, 0, 1, 0, 1, 1,
       0, 0, 1, 1, 1, 1, 1, 1, 0, 0, 0, 0, 0, 1, 0, 0, 0, 1, 0, 0, 1, 1,
       0, 1, 1, 1, 1, 1, 0, 1, 0, 0, 0, 1, 1, 1, 0, 0, 1, 0, 1, 1, 0, 0,
       1, 1, 0, 0, 1, 0, 1, 0, 0, 0, 0, 1, 1, 1, 0, 0, 0, 1, 0, 1, 1, 0,
       1, 1]), 'time': 420.6698172092438}
lenSubsequence: 20{'RI': 0.7487437185929648, 'num_clusters': 2, 'uShapelets': [{'ts_index': 70, 'loc': 72, 'gap': 3.4280859957954832, 'distances': array([5.07514785, 0.03575905, 5.2085738 , 1.66285845, 0.03617745,
       5.31803825, 1.73643865, 1.6069281 , 1.72096295, 5.2391374 ,
       5.53011075, 1.69003945, 5.36816875, 5.60378845, 5.185487  ,
       5.822126  , 2.0315657 , 5.1614217 , 0.0483957 , 0.05141135,
       5.38746245, 5.56629635, 5.46091185, 0.09416935, 1.6793436 ,
       4.97967985, 5.53079475, 5.6394804 , 5.433862  , 6.2233528 ,
       5.38749945, 1.61018105, 1.83699955, 1.7574221 , 0.0459057 ,
       5.1543723 , 5.11979825, 0.0482021 , 1.7068309 , 5.29610695,
       5.3877319 , 5.0505024 , 1.8300275 , 1.6264849 , 5.23297425,
       1.71111535, 0.0143281 , 6.1649383 , 6.06556315, 5.578216  ,
       1.62249975, 6.0759685 , 1.71907145, 0.16178475, 5.25254925,
       0.03092835, 5.3447622 , 0.0577393 , 5.31017795, 5.5819727 ,
       4.92130985, 0.0359824 , 5.4842824 , 1.6549387 , 5.56182185,
       0.01957205, 1.72479135, 0.1347405 , 1.71801975, 0.0197568 ,
       0.        , 1.6862642 , 5.5807628 , 6.17965835, 0.00898525,
       1.63035745, 1.68733855, 5.7543161 , 5.5328265 , 1.7445289 ,
       1.84018285, 0.09493055, 5.47852685, 0.04053445, 1.56624695,
       1.7478965 , 6.3291861 , 0.0733658 , 0.02459495, 0.0361964 ,
       5.50314325, 0.03841085, 0.0363422 , 1.73958215, 5.4452798 ,
       5.2526606 , 1.7802385 , 1.66716325, 5.24614725, 5.13370495,
       0.12990555, 1.74409975, 6.19251025, 5.38005155, 0.2474785 ,
       5.09990125, 5.1953977 , 0.02245485, 0.15354805, 5.1231962 ,
       6.0435166 , 5.81462565, 6.21269935, 5.5857435 , 6.20623555,
       0.02664585, 5.19668355, 1.77069135, 5.9891628 , 5.87148125,
       5.3028225 , 5.3613875 , 5.3037405 , 1.7588354 , 0.0194872 ,
       1.69670545, 5.98501315, 5.5013733 , 1.6302891 , 5.15558815,
       0.0338777 , 0.12797525, 6.1394695 , 5.1206237 , 1.6548348 ,
       0.04090115, 0.0988121 , 1.7113854 , 0.01313795, 0.1642545 ,
       5.35197855, 5.32100895, 5.33785395, 5.4862532 , 5.48774275,
       0.01235035, 5.5805407 , 6.04209675, 5.12601535, 1.87218455,
       6.27863885, 5.54980905, 1.50730855, 0.0297409 , 6.29578975,
       1.79191295, 1.73349185, 1.6483371 , 1.8317522 , 0.03326435,
       5.09197   , 1.7659702 , 5.74982335, 5.4577737 , 5.2731436 ,
       1.801671  , 1.774287  , 0.0194016 , 6.26816085, 6.26447115,
       1.7460154 , 5.555338  , 1.7090971 , 0.0196018 , 5.060734  ,
       5.47492385, 0.03285855, 0.22289135, 5.3900686 , 5.11087035,
       0.1064421 , 5.34545425, 0.04370985, 5.56636635, 5.3947446 ,
       5.1228758 , 5.27328245, 0.02489335, 1.70893065, 0.03225495,
       5.777369  , 5.6188662 , 5.67513875, 0.0551313 , 5.0398204 ,
       0.03321525, 1.7384507 , 5.1797635 , 0.0605989 , 1.6776805 ]), 'delta_distances': array([0.6398869, 0.0524966, 0.5761318, 0.1928553, 0.0580769, 0.5574414,
       0.3565   , 0.2098003, 0.2251463, 0.6335635, 0.4939172, 0.3223129,
       0.599748 , 0.5315723, 0.5440082, 0.5422759, 0.4264498, 0.6279952,
       0.074642 , 0.0776688, 0.6019258, 0.5583495, 0.5753098, 0.1345467,
       0.3185835, 0.6133132, 0.5040688, 0.5812787, 0.5276476, 0.5878435,
       0.53863  , 0.1982809, 0.3430505, 0.2682203, 0.0666339, 0.4834122,
       0.7136618, 0.0737073, 0.2109285, 0.5981262, 0.5072419, 0.6141099,
       0.2474035, 0.2904243, 0.5225206, 0.377966 , 0.0366358, 0.5153471,
       0.9197664, 0.5056804, 0.2152008, 0.8810853, 0.2635488, 0.0835158,
       0.6525889, 0.0622976, 0.5665197, 0.0862043, 0.6417943, 0.601776 ,
       0.6844061, 0.0607324, 0.5410475, 0.2663772, 0.5714284, 0.0406491,
       0.215402 , 0.080853 , 0.3233356, 0.0584773, 0.       , 0.2610923,
       0.54954  , 0.5627191, 0.0338743, 0.2130846, 0.2849874, 0.7257449,
       0.5483508, 0.3082467, 0.3409602, 0.0722558, 0.5567265, 0.0617219,
       0.3316072, 0.2932081, 0.5369245, 0.0996423, 0.055082 , 0.0799684,
       0.5542398, 0.0592389, 0.0674033, 0.2813067, 0.6125391, 0.5617124,
       0.3208653, 0.2389847, 0.675018 , 0.6135594, 0.059044 , 0.250811 ,
       0.7938288, 0.6114287, 0.1351823, 0.6788184, 0.6639765, 0.048106 ,
       0.0660234, 0.7290112, 0.6399068, 0.5779513, 0.9463111, 0.4732321,
       0.9149536, 0.0547315, 0.712296 , 0.2843361, 0.5314097, 0.6096668,
       0.5455823, 0.6238309, 0.6157435, 0.2938632, 0.0378948, 0.2351429,
       0.4477134, 0.5605621, 0.2846563, 0.5631477, 0.0608698, 0.0614797,
       0.9119237, 0.5919771, 0.2639001, 0.0695302, 0.0646019, 0.3023354,
       0.0393553, 0.1174199, 0.6224409, 0.6451452, 0.6436602, 0.5406964,
       0.4946151, 0.0303237, 0.6578852, 0.5488592, 0.6858748, 0.3023378,
       0.6749969, 0.5544253, 0.2504676, 0.0671   , 0.844985 , 0.2479154,
       0.2286084, 0.2352143, 0.3675871, 0.0590344, 0.6831749, 0.2608887,
       0.7038361, 0.4883031, 0.5950424, 0.232776 , 0.2558688, 0.0478739,
       0.4811751, 0.8072814, 0.217597 , 0.5686782, 0.3048204, 0.0367409,
       0.5531037, 0.5435985, 0.0641248, 0.1082673, 0.5603682, 0.6108452,
       0.0769809, 0.6371431, 0.0718278, 0.5342238, 0.6423175, 0.6434277,
       0.6257853, 0.0468264, 0.2680492, 0.0575101, 0.5412165, 0.6336136,
       0.6513552, 0.062638 , 0.5554682, 0.0630176, 0.2863653, 0.6859355,
       0.0796077, 0.2019122]), 'locations': array([ 51,  90, 158,  56,  80, 172,  73,  67,  60,  14, 187,  53, 157,
       181, 174,  21,  57,   9,  99,  91, 168,   8,   4,  77,  80, 151,
       184,  26, 175,  29, 173,  71,  73,  83,  60,  64, 146,  74, 109,
        54,  52,  42,  87,  65,  26,  73,  50,  22,  84,  12,  72, 124,
       114, 104, 145,  74, 163,  90,  31,   6,  37,  87, 173, 102,  34,
        64,  91,  89,  79,  59,  72,  61,  41,   7,  48, 114,  88,  31,
       176,  65,  78, 101,  23,  98,  89,  87, 187,  96,  83,  64, 162,
        54,  59,  88, 164,   8,  89,  94, 156,  15,  52, 103, 117, 173,
        63,   5,  63,  50, 116,  15,  11,  24, 112, 198,  87,  98,  14,
        91,   9,   4,  38,  40, 148,  52,  90, 100,  11,  17,  98,  58,
        94,  51, 111,  30,  74, 108,  60,  85,  49,  50, 157,  20,  50,
       172, 183,  85,   8,  42,  38,  48,   2,  24,  69,  61,  93,  69,
        50,  64,  69,  82,  20,  85,  32, 175,   3,  74,  92,  86,  19,
        86,  67,  22,  71,  55, 166,  54,  65,  82, 169,  29,  47,   3,
        95,  38,   3,  62,  59,  89, 103,  73,  27,  15,  16, 107, 160,
        93,  94,  41,  94,  72])}], 'clusters': array([0, 1, 0, 1, 1, 0, 1, 1, 1, 0, 0, 1, 0, 0, 0, 0, 1, 0, 1, 1, 0, 0,
       0, 1, 1, 0, 0, 0, 0, 0, 0, 1, 1, 1, 1, 0, 0, 1, 1, 0, 0, 0, 1, 1,
       0, 1, 1, 0, 0, 0, 1, 0, 1, 1, 0, 1, 0, 1, 0, 0, 0, 1, 0, 1, 0, 1,
       1, 1, 1, 1, 1, 1, 0, 0, 1, 1, 1, 0, 0, 1, 1, 1, 0, 1, 1, 1, 0, 1,
       1, 1, 0, 1, 1, 1, 0, 0, 1, 1, 0, 0, 1, 1, 0, 0, 1, 0, 0, 1, 1, 0,
       0, 0, 0, 0, 0, 1, 0, 1, 0, 0, 0, 0, 0, 1, 1, 1, 0, 0, 1, 0, 1, 1,
       0, 0, 1, 1, 1, 1, 1, 1, 0, 0, 0, 0, 0, 1, 0, 0, 0, 1, 0, 0, 1, 1,
       0, 1, 1, 1, 1, 1, 0, 1, 0, 0, 0, 1, 1, 1, 0, 0, 1, 0, 1, 1, 0, 0,
       1, 1, 0, 0, 1, 0, 1, 0, 0, 0, 0, 1, 1, 1, 0, 0, 0, 1, 0, 1, 1, 0,
       1, 1]), 'time': 416.88172912597656}
