lenSubsequence: 5{'RI': 0.6694463431305536, 'num_clusters': 6, 'uShapelets': [{'ts_index': 35, 'loc': 37, 'gap': 0.07785225392246306, 'distances': array([0.28724203, 0.15845767, 0.28730507, 0.09770347, 0.39228003,
       0.06067158, 0.103221  , 0.1822945 , 0.13060078, 0.12542801,
       0.23337265, 0.35124973, 0.20140832, 0.25586102, 0.06662482,
       0.21109293, 0.17556546, 0.18450857, 0.25479755, 0.06461586,
       0.3473175 , 0.23625072, 0.22965543, 0.3533761 , 0.17850707,
       0.29365237, 0.34969618, 0.13071178, 0.34543395, 0.22635149,
       0.18292321, 0.18662961, 0.12949847, 0.29763566, 0.0852921 ,
       0.        , 0.09875868, 0.18500609, 0.21736129, 0.28753741,
       0.13723257, 0.34019046, 0.30095961, 0.09982859, 0.08202099,
       0.3027242 , 0.15889039, 0.17907032, 0.20964847, 0.3040462 ,
       0.31522385, 0.27863019, 0.3921365 , 0.39972517, 0.3469215 ,
       0.2831679 , 0.21323124, 0.34842782, 0.3979574 , 0.31370965,
       0.26637317, 0.21982429, 0.25285021, 0.23250452, 0.15846199,
       0.23103942, 0.07307545, 0.26194902, 0.12474754, 0.41161767,
       0.2036493 , 0.23697744, 0.35202848, 0.32289353, 0.29891615,
       0.26854023, 0.35426212, 0.26463345, 0.12059582, 0.20745214,
       0.11972436, 0.34975388, 0.31247103, 0.28396039, 0.19572501,
       0.04669422, 0.33423619, 0.19876864, 0.2084942 , 0.31639471,
       0.30647242, 0.10404746, 0.2762751 , 0.34701074, 0.31222069,
       0.12453961, 0.31125913, 0.3402005 , 0.27267669, 0.17756343,
       0.17913324, 0.1111893 , 0.19946193, 0.36868348, 0.36517513,
       0.39463837, 0.38267181, 0.25677088, 0.35692855, 0.23169142,
       0.13476172, 0.18756169, 0.2842203 , 0.06831414, 0.24060972,
       0.10925114, 0.19477458, 0.07539316, 0.31802441, 0.07852206,
       0.40277595, 0.22316702, 0.11384033, 0.26560632, 0.24361382,
       0.2938996 , 0.09433691, 0.28627081, 0.25598492, 0.07869837,
       0.26573878, 0.30801757, 0.17903416, 0.38357621, 0.30872062,
       0.27863255, 0.21845859, 0.35984955, 0.12214701, 0.14495845,
       0.16152516, 0.13554098, 0.21477601, 0.24910259, 0.12403203,
       0.22507932, 0.19007417, 0.32290934, 0.0964757 , 0.32579635,
       0.07492444, 0.38779987, 0.31509783, 0.21958536, 0.30327687,
       0.20898117, 0.24443868, 0.27743385, 0.19929208, 0.11702521,
       0.06270739, 0.15639655, 0.09382472, 0.08207899, 0.38748785,
       0.27868936, 0.04799934, 0.29842045, 0.35327581, 0.17416233,
       0.27842917, 0.25826121, 0.25451569, 0.29035305, 0.16446862,
       0.13279983, 0.13130537, 0.23637153, 0.20395464, 0.34488593,
       0.04862324, 0.31618776, 0.10492292, 0.32839152, 0.08078718,
       0.14045094, 0.0852855 , 0.23636016, 0.15857902, 0.23024589,
       0.35360673, 0.2237927 , 0.30943853, 0.31129941, 0.23244699,
       0.27431256, 0.37400811, 0.10245479, 0.27658025, 0.12346238,
       0.2086528 , 0.20609551, 0.25972206, 0.06525759, 0.19744983,
       0.11471888, 0.07434336, 0.28611318, 0.07941345, 0.10593539]), 'delta_distances': array([0., 0., 0., 0., 0., 0., 0., 0., 0., 0., 0., 0., 0., 0., 0., 0., 0.,
       0., 0., 0., 0., 0., 0., 0., 0., 0., 0., 0., 0., 0., 0., 0., 0., 0.,
       0., 0., 0., 0., 0., 0., 0., 0., 0., 0., 0., 0., 0., 0., 0., 0., 0.,
       0., 0., 0., 0., 0., 0., 0., 0., 0., 0., 0., 0., 0., 0., 0., 0., 0.,
       0., 0., 0., 0., 0., 0., 0., 0., 0., 0., 0., 0., 0., 0., 0., 0., 0.,
       0., 0., 0., 0., 0., 0., 0., 0., 0., 0., 0., 0., 0., 0., 0., 0., 0.,
       0., 0., 0., 0., 0., 0., 0., 0., 0., 0., 0., 0., 0., 0., 0., 0., 0.,
       0., 0., 0., 0., 0., 0., 0., 0., 0., 0., 0., 0., 0., 0., 0., 0., 0.,
       0., 0., 0., 0., 0., 0., 0., 0., 0., 0., 0., 0., 0., 0., 0., 0., 0.,
       0., 0., 0., 0., 0., 0., 0., 0., 0., 0., 0., 0., 0., 0., 0., 0., 0.,
       0., 0., 0., 0., 0., 0., 0., 0., 0., 0., 0., 0., 0., 0., 0., 0., 0.,
       0., 0., 0., 0., 0., 0., 0., 0., 0., 0., 0., 0., 0., 0., 0., 0., 0.,
       0., 0., 0., 0., 0., 0.]), 'locations': array([ 38,  40,  53,  86,  87,  37, 121,  49,  49,  10,  38,  37, 121,
        87,  10,  99,  53,  23,  10,  29,  76,   4,  79,   8, 101, 125,
        10,  84, 104, 100,  88,  81,  53,  60,  10,  37,  67,  60,  34,
         7,  23, 101, 124, 126, 126, 108, 113,  80,  31,  76,  84,  78,
        11,  87,  99,  43,  64,  26, 100, 127,  28,  27, 136,  63,  96,
       125,  23,  54, 123,  59,  81,  39, 127,  76, 123, 112,  12,  89,
       112,  35,   8, 103, 125,  50,   9,  10,  54,  47, 124,  54,  66,
        65,  60, 126,  40,  11,  80,  80,  95,  83,   0,  50,  36,   0,
        31,  93,  64, 125,  90, 128,  87, 124,   5, 125,  26,  38,  87,
       124,  35,   0, 101, 127,  22, 101,  60,   9,   9,  11, 122, 123,
         4,  80,  79,   9,   8,  64,  74,  93, 101,  47,  31,  60,   9,
       110,  22,  89,  38, 125, 113, 126,  78,  88,  87, 121, 102,  30,
       123,  45, 101,  77,  38, 125,  26,  36, 113,  92,  79,  45, 114,
         9,  51,  27,   7,  29,   7,  35,  84,  99, 126,  36,  54,  86,
       124,  79,  22,  50,  51, 125,  72,  31,  78,  68,  60,  95,  53,
         9,  88,  87,   5,  41,  48,  56,  13,  32,  57,  49,  44,   7,
        92,  38])}, {'ts_index': 50, 'loc': 9, 'gap': 0.06685303107322996, 'distances': array([0.30493788, 0.39053579, 0.28455056, 0.36746662, 0.30323795,
       0.38233982, 0.37408837, 0.33531771, 0.10019409, 0.35358794,
       0.34765548, 0.18061566, 0.35118709, 0.26072831, 0.25127638,
       0.33077003, 0.33560054, 0.33397405, 0.32059356, 0.32137887,
       0.25720113, 0.36365525, 0.34393925, 0.18592136, 0.33708589,
       0.3520554 , 0.36350766, 0.24208106, 0.38709552, 0.33497468,
       0.38548816, 0.27609261, 0.39569367, 0.3518538 , 0.37284822,
       0.        , 0.19007472, 0.33250451, 0.27490907, 0.34930952,
       0.32929852, 0.29654284, 0.3147125 , 0.38435366, 0.33625707,
       0.14708582, 0.31287309, 0.41790393, 0.36916115, 0.37332525,
       0.38116074, 0.35660574, 0.21505148, 0.2251796 , 0.10089746,
       0.33677853, 0.3466586 , 0.30706191, 0.37608556, 0.31389468,
       0.19565939, 0.28875162, 0.28323025, 0.367293  , 0.31338434,
       0.13788457, 0.34483241, 0.22829536, 0.37053561, 0.24860108,
       0.42346553, 0.22525927, 0.29788592, 0.34764817, 0.34958346,
       0.3381915 , 0.29330342, 0.35155548, 0.3789014 , 0.22568604,
       0.27183061, 0.29636865, 0.36378135, 0.32361797, 0.37597892,
       0.36271729, 0.35867689, 0.35273358, 0.35072905, 0.34826145,
       0.40606262, 0.34939496, 0.34669664, 0.1046302 , 0.35131387,
       0.23969706, 0.33995015, 0.34360451, 0.3406032 , 0.1406649 ,
       0.26052155, 0.37418396, 0.35149482, 0.24957361, 0.3460205 ,
       0.17275631, 0.39521391, 0.19827557, 0.3395726 , 0.3783443 ,
       0.37264728, 0.30522211, 0.33705938, 0.36036028, 0.3675653 ,
       0.3675809 , 0.31003748, 0.33095074, 0.38282931, 0.35598952,
       0.37779573, 0.31247887, 0.07734335, 0.2910741 , 0.2975726 ,
       0.28938185, 0.38856513, 0.19926608, 0.29550337, 0.37492088,
       0.34499498, 0.29291949, 0.36874737, 0.27456919, 0.28131447,
       0.3303657 , 0.3633818 , 0.27781433, 0.40383659, 0.4293671 ,
       0.33911758, 0.38590827, 0.36496757, 0.32215967, 0.34537461,
       0.14538533, 0.41243244, 0.33046447, 0.27210007, 0.36575954,
       0.38708996, 0.27775702, 0.34818302, 0.09684555]), 'delta_distances': array([0., 0., 0., 0., 0., 0., 0., 0., 0., 0., 0., 0., 0., 0., 0., 0., 0.,
       0., 0., 0., 0., 0., 0., 0., 0., 0., 0., 0., 0., 0., 0., 0., 0., 0.,
       0., 0., 0., 0., 0., 0., 0., 0., 0., 0., 0., 0., 0., 0., 0., 0., 0.,
       0., 0., 0., 0., 0., 0., 0., 0., 0., 0., 0., 0., 0., 0., 0., 0., 0.,
       0., 0., 0., 0., 0., 0., 0., 0., 0., 0., 0., 0., 0., 0., 0., 0., 0.,
       0., 0., 0., 0., 0., 0., 0., 0., 0., 0., 0., 0., 0., 0., 0., 0., 0.,
       0., 0., 0., 0., 0., 0., 0., 0., 0., 0., 0., 0., 0., 0., 0., 0., 0.,
       0., 0., 0., 0., 0., 0., 0., 0., 0., 0., 0., 0., 0., 0., 0., 0., 0.,
       0., 0., 0., 0., 0., 0., 0., 0., 0., 0., 0., 0., 0., 0., 0., 0., 0.,
       0.]), 'locations': array([ 48,  79, 114, 125,  80,  61, 119,  67,  52,   2,  64, 112,  86,
         4,   3,  61,  98,  75,  62,  61, 123,  83,  78,  10,  50,  50,
       123,  98, 123, 125,  61,  38, 100,  11, 123,   9, 125,  70,  99,
        84,   9,  50,  94,  13,  86, 128,  39,  37,  99,  82,  58,  37,
       126,  70,  53,  11,  90,  48, 117,   3,  26,   5, 111,  87, 125,
       121,  86, 101,  96,  55,  75,  95, 113,   5,  30,  90,  34, 123,
        11,  25, 125, 123,   8,  10,  11,  87, 127,  10,  36, 126,  48,
        66,  31,  83, 112,  88,  76, 122, 123, 101,   0, 124,  64,  29,
        78, 102,  37,  58, 128,  83,  40,  77, 126,  75,  38,  46,  72,
       101,  27,  33,  58,  28,  65,  38,  35,  50,  39,  60, 125, 127,
       125,   9,  44, 122, 103,  40,  78, 101,  90,  58,  30, 126,  10,
        63,  79, 127,  95, 102,   7, 122,  55, 125, 111, 128])}, {'ts_index': 123, 'loc': 112, 'gap': 0.07218809105898666, 'distances': array([0.12093807, 0.25984144, 0.36362654, 0.15223187, 0.10982371,
       0.40223276, 0.23654045, 0.152921  , 0.2998352 , 0.19908113,
       0.36844825, 0.29164796, 0.2086623 , 0.1460305 , 0.12850691,
       0.14701351, 0.2026131 , 0.17223429, 0.1173858 , 0.17796338,
       0.31821472, 0.21168771, 0.26820097, 0.20626888, 0.15917336,
       0.28499253, 0.2071222 , 0.10282438, 0.34770687, 0.27859723,
       0.19488139, 0.28921539, 0.15143614, 0.18262206, 0.20830115,
       0.23875165, 0.16917339, 0.1696567 , 0.33898161, 0.37173972,
       0.0674127 , 0.33717952, 0.3778644 , 0.15043782, 0.19517163,
       0.29142849, 0.23726259, 0.14620867, 0.16821495, 0.14365492,
       0.15423861, 0.16019889, 0.05730448, 0.18171086, 0.23094906,
       0.31228792, 0.14256285, 0.12050213, 0.19070227, 0.17496124,
       0.09385078, 0.11246077, 0.34842491, 0.31549872, 0.24159007,
       0.14899887, 0.25988361, 0.16555597, 0.38006288, 0.2947501 ,
       0.30322635, 0.22201167, 0.3155205 , 0.29654662, 0.35626982,
       0.17021304, 0.        , 0.34584739, 0.08391336, 0.15833918,
       0.3449648 , 0.27322572, 0.31730667, 0.23104734, 0.22764709,
       0.32739169, 0.2101026 , 0.17263721, 0.15806993, 0.30565481,
       0.15160941, 0.1516886 , 0.29854115, 0.05615525, 0.0871127 ,
       0.19773898, 0.34623314, 0.20291064, 0.26258767, 0.34737912,
       0.20723821, 0.11802714, 0.33370002, 0.28244814, 0.19878642,
       0.11905299, 0.11182927, 0.31948766, 0.26259516, 0.35141467,
       0.24475474, 0.15041785, 0.3356899 , 0.25238098, 0.40759424,
       0.1000296 , 0.1076578 , 0.1537396 , 0.3288577 , 0.09803867,
       0.39993613, 0.15974875, 0.19246535, 0.20010065, 0.13491981,
       0.28320294, 0.2106602 ]), 'delta_distances': array([0., 0., 0., 0., 0., 0., 0., 0., 0., 0., 0., 0., 0., 0., 0., 0., 0.,
       0., 0., 0., 0., 0., 0., 0., 0., 0., 0., 0., 0., 0., 0., 0., 0., 0.,
       0., 0., 0., 0., 0., 0., 0., 0., 0., 0., 0., 0., 0., 0., 0., 0., 0.,
       0., 0., 0., 0., 0., 0., 0., 0., 0., 0., 0., 0., 0., 0., 0., 0., 0.,
       0., 0., 0., 0., 0., 0., 0., 0., 0., 0., 0., 0., 0., 0., 0., 0., 0.,
       0., 0., 0., 0., 0., 0., 0., 0., 0., 0., 0., 0., 0., 0., 0., 0., 0.,
       0., 0., 0., 0., 0., 0., 0., 0., 0., 0., 0., 0., 0., 0., 0., 0., 0.,
       0., 0., 0., 0., 0., 0., 0., 0.]), 'locations': array([  9,  79,  40,  86,  80,   8, 124, 105,  83,  52, 124,   4, 127,
        39, 102,  97,  28, 120,  83,  11,  96, 128,  51,  88,   7,  61,
        35, 100,   9, 110,  70,  11,  10,   9,  90,  33,  13,   8,   9,
        75,  36,  54,  59,  92,  38,  99,  10, 117,  74,  63,  35, 100,
       109,  86,  96,  34, 113,  74,  26,  52,  41,  30,  11, 125,  84,
         8, 114,  11,  53,  37,  44,  33, 122,  98,  88,  85, 112,  77,
       101,  49,   9, 124, 123,  77,  61,  46,   4,  58,  85, 126, 105,
         6, 123,   9,  67,  97,  11,  98,  45, 129,   8,  11,  65,  52,
        76,  57,  51,  11,  97,  68,  59, 127, 125, 127,  58, 105, 126,
        10, 113,  79,  95, 122, 124, 122,  55, 124,  88])}, {'ts_index': 48, 'loc': 10, 'gap': 0.06750185587612806, 'distances': array([0.11100061, 0.35044274, 0.35699898, 0.16933566, 0.37849932,
       0.34591707, 0.37602682, 0.        , 0.37841105, 0.07094957,
       0.36824621, 0.22708901, 0.22219234, 0.19543078, 0.25592394,
       0.165872  , 0.24805264, 0.29024672, 0.15392659, 0.29921755,
       0.26275053, 0.13781321, 0.36478834, 0.30580858, 0.31632524,
       0.41543395, 0.33940685, 0.21693703, 0.28284227, 0.30830814,
       0.11218869, 0.25013297, 0.38945764, 0.38531134, 0.10378816,
       0.13195705, 0.17014241, 0.27159677, 0.19976617, 0.18586569,
       0.25087321, 0.25127242]), 'delta_distances': array([0., 0., 0., 0., 0., 0., 0., 0., 0., 0., 0., 0., 0., 0., 0., 0., 0.,
       0., 0., 0., 0., 0., 0., 0., 0., 0., 0., 0., 0., 0., 0., 0., 0., 0.,
       0., 0., 0., 0., 0., 0., 0., 0.]), 'locations': array([127,  38,  55,  60,  79,  36, 108,  10,  51,  86, 102,  20,  30,
        49,  91, 123, 101, 127,  18,  36,  89,   9,  12, 125,  63, 126,
        78,  50, 126, 125, 126, 125,  61, 121,  60,   9,  47, 110,  78,
        55,  20,  49])}, {'ts_index': 49, 'loc': 47, 'gap': 0.04796681488589957, 'distances': array([0.13849673, 0.24932899, 0.18839826, 0.10218501, 0.18149285,
       0.        , 0.13479983, 0.26540908, 0.14830616, 0.23885811,
       0.22827422, 0.25298391]), 'delta_distances': array([0., 0., 0., 0., 0., 0., 0., 0., 0., 0., 0., 0.]), 'locations': array([ 90,  17,   2,   5,   0,  47,  37,  92,   2,  23, 121,  47])}, {'ts_index': 116, 'loc': 3, 'gap': 0.06968897243735414, 'distances': array([0.23324835, 0.        , 0.26864814, 0.13433909, 0.15238956]), 'delta_distances': array([0., 0., 0., 0., 0.]), 'locations': array([135,   3, 122, 127,   7])}], 'clusters': array([3, 3, 4, 1, 3, 1, 1, 3, 1, 1, 5, 3, 3, 2, 1, 0, 3, 2, 4, 1, 5, 2,
       3, 3, 3, 3, 3, 1, 3, 3, 3, 2, 1, 5, 1, 1, 1, 3, 3, 2, 1, 3, 3, 1,
       1, 5, 3, 3, 4, 5, 2, 2, 3, 4, 3, 3, 3, 3, 3, 3, 2, 5, 4, 3, 4, 4,
       1, 3, 1, 2, 2, 2, 3, 4, 3, 3, 3, 2, 1, 3, 1, 3, 3, 3, 2, 1, 3, 2,
       3, 2, 4, 1, 2, 3, 3, 1, 3, 3, 3, 3, 4, 1, 2, 4, 3, 3, 3, 3, 4, 4,
       1, 4, 3, 1, 4, 1, 6, 1, 4, 1, 3, 2, 1, 3, 2, 4, 1, 3, 3, 1, 2, 5,
       0, 4, 2, 3, 2, 3, 1, 1, 2, 1, 4, 3, 1, 3, 3, 4, 1, 3, 1, 3, 4, 3,
       3, 3, 4, 3, 3, 1, 1, 2, 1, 1, 6, 3, 1, 3, 6, 2, 4, 3, 3, 3, 4, 1,
       1, 3, 4, 3, 1, 3, 1, 4, 1, 1, 1, 3, 4, 3, 3, 3, 4, 3, 2, 4, 3, 1,
       3, 1, 3, 3, 4, 1, 3, 1, 1, 2, 1, 1]), 'time': 1151.3565757274628}
lenSubsequence: 6{'RI': 0.6719526087947141, 'num_clusters': 10, 'uShapelets': [{'ts_index': 71, 'loc': 11, 'gap': 0.0472599525234621, 'distances': array([0.22408377, 0.26004233, 0.16281137, 0.21203221, 0.14009089,
       0.26100295, 0.14259509, 0.28335763, 0.32447684, 0.08749661,
       0.30155217, 0.2497455 , 0.17329351, 0.19646568, 0.2754868 ,
       0.2037698 , 0.2279727 , 0.30235448, 0.21147576, 0.31413762,
       0.25158174, 0.25406034, 0.30917735, 0.24927087, 0.30659733,
       0.24065314, 0.2442964 , 0.31495557, 0.32629313, 0.19684786,
       0.32035802, 0.27629785, 0.29589152, 0.28386087, 0.27850322,
       0.19281289, 0.2891536 , 0.24238923, 0.29983812, 0.12718844,
       0.2146073 , 0.18809103, 0.27760936, 0.3137844 , 0.15978684,
       0.28300547, 0.31593642, 0.28526737, 0.22469911, 0.29630083,
       0.2879482 , 0.3035486 , 0.2712133 , 0.24326764, 0.23328644,
       0.24037406, 0.25864057, 0.24249596, 0.27388099, 0.2742391 ,
       0.30803183, 0.2710743 , 0.2181873 , 0.27892996, 0.21712042,
       0.18548901, 0.2427918 , 0.26895793, 0.24555471, 0.12038785,
       0.26011633, 0.        , 0.30013612, 0.30701839, 0.30528008,
       0.26656521, 0.3063218 , 0.23195635, 0.23685631, 0.30195416,
       0.26287492, 0.15157726, 0.32032173, 0.21165916, 0.31054531,
       0.2719269 , 0.24627268, 0.12332122, 0.25443512, 0.25416069,
       0.30975944, 0.31774504, 0.27044746, 0.27782064, 0.33781367,
       0.28255658, 0.3005064 , 0.23805819, 0.26847753, 0.27332025,
       0.17035139, 0.15937542, 0.26582869, 0.28192705, 0.30180907,
       0.20520006, 0.18667463, 0.2573936 , 0.31276108, 0.27957368,
       0.31530784, 0.27211997, 0.26939693, 0.29593624, 0.30737731,
       0.22608943, 0.25723399, 0.24070075, 0.1825834 , 0.25805619,
       0.15173374, 0.28068037, 0.24021013, 0.18615981, 0.26684354,
       0.12518127, 0.27913874, 0.29013747, 0.27217624, 0.27341122,
       0.26982039, 0.17129448, 0.28397073, 0.26642008, 0.2566922 ,
       0.30601748, 0.28150823, 0.22244087, 0.22922694, 0.29619901,
       0.29557431, 0.27422609, 0.2529577 , 0.28669489, 0.14608989,
       0.29247832, 0.28602294, 0.26228318, 0.27598424, 0.32050278,
       0.21586884, 0.24902896, 0.2961159 , 0.3056514 , 0.05645894,
       0.18288919, 0.20041067, 0.28265788, 0.28194298, 0.29300929,
       0.21076601, 0.24051164, 0.19049027, 0.21547228, 0.30909205,
       0.19118272, 0.16255352, 0.29529127, 0.25340921, 0.32517847,
       0.21895115, 0.27068681, 0.17032395, 0.15374785, 0.1723843 ,
       0.28946177, 0.26231249, 0.25888289, 0.29131428, 0.22385848,
       0.22741931, 0.28220949, 0.30996115, 0.27605445, 0.27594142,
       0.1513991 , 0.25121565, 0.21637821, 0.31975821, 0.15787563,
       0.16644136, 0.28368045, 0.27112309, 0.29650594, 0.18977267,
       0.29927285, 0.30588952, 0.31986595, 0.30667843, 0.15257331,
       0.17624668, 0.22815849, 0.13404238, 0.29289482, 0.29137309,
       0.30465145, 0.25799114, 0.25809204, 0.28464978, 0.28693074]), 'delta_distances': array([0., 0., 0., 0., 0., 0., 0., 0., 0., 0., 0., 0., 0., 0., 0., 0., 0.,
       0., 0., 0., 0., 0., 0., 0., 0., 0., 0., 0., 0., 0., 0., 0., 0., 0.,
       0., 0., 0., 0., 0., 0., 0., 0., 0., 0., 0., 0., 0., 0., 0., 0., 0.,
       0., 0., 0., 0., 0., 0., 0., 0., 0., 0., 0., 0., 0., 0., 0., 0., 0.,
       0., 0., 0., 0., 0., 0., 0., 0., 0., 0., 0., 0., 0., 0., 0., 0., 0.,
       0., 0., 0., 0., 0., 0., 0., 0., 0., 0., 0., 0., 0., 0., 0., 0., 0.,
       0., 0., 0., 0., 0., 0., 0., 0., 0., 0., 0., 0., 0., 0., 0., 0., 0.,
       0., 0., 0., 0., 0., 0., 0., 0., 0., 0., 0., 0., 0., 0., 0., 0., 0.,
       0., 0., 0., 0., 0., 0., 0., 0., 0., 0., 0., 0., 0., 0., 0., 0., 0.,
       0., 0., 0., 0., 0., 0., 0., 0., 0., 0., 0., 0., 0., 0., 0., 0., 0.,
       0., 0., 0., 0., 0., 0., 0., 0., 0., 0., 0., 0., 0., 0., 0., 0., 0.,
       0., 0., 0., 0., 0., 0., 0., 0., 0., 0., 0., 0., 0., 0., 0., 0., 0.,
       0., 0., 0., 0., 0., 0.]), 'locations': array([ 51,  85,  11, 117,  90,  38,  38,  40,  68,  56,  53,  57,  94,
        69,  57, 126,  26,  60,  99,  58, 100,  80,  61, 129, 103, 101,
        29,  61,  97,  14,  73,  38,  40, 129,  45,  40,  12,  24,  90,
        63,  39, 102,  79,  95,  57,  62,  99,  91,  43,  46,  88,   7,
        29,  93,  40,  71, 126,  46,  27,  66, 130,  11,  43,  49, 128,
        82,  53,  98,  53,  81,  14,  11,  70,  47,  13,  93,  15,  65,
        83,  66,  59,  12,  67,  44,  81,  17,  74, 102,  82,  37, 108,
        69,  98,   9, 128, 128,  47, 128,  96, 127,  83,  40,  38,  50,
        97,   7, 116,  93,  67, 107, 127,  71,  47,  80,   4,  39,  51,
        12,  14,  63,  12,  36, 115,   7,  52,  91,  12,  12,  92,  10,
        67,  67,  26,  35,  34, 130, 103,  60,   9,  71,  31,  62,  89,
        32,  87,  83,  64, 103,  39,  37,  40,  70, 104,  17, 126,  69,
        40,  15, 107,  89, 128,  50, 102,  60, 109,  64,  79,  42,   9,
       104,  52,  91,  57,  12,  33,  67,  29, 128,  91,  90,  11,  95,
       101,  13,  98, 127,  16,  91,  69, 128, 127,  42, 101,  10,  27,
       137, 125,  55,  71,  53,  66,  95,  77,  35, 124,  62,  99, 108,
        32,  79])}, {'ts_index': 192, 'loc': 113, 'gap': 0.04239165391140093, 'distances': array([0.20010655, 0.28424544, 0.20866674, 0.12111085, 0.22343151,
       0.27155105, 0.3138415 , 0.21007771, 0.20875614, 0.30025523,
       0.24051865, 0.29151283, 0.28429146, 0.2753608 , 0.27615159,
       0.30411222, 0.15011303, 0.3106459 , 0.20770125, 0.30546458,
       0.28625562, 0.20270061, 0.30749939, 0.18514293, 0.28855928,
       0.25162008, 0.22465572, 0.28560065, 0.26312745, 0.30017633,
       0.26858078, 0.16607077, 0.28198843, 0.30904702, 0.16026683,
       0.21119039, 0.28329688, 0.21589739, 0.18666857, 0.14744391,
       0.30619802, 0.28253577, 0.20302356, 0.31738041, 0.22536335,
       0.18190112, 0.27700363, 0.2526679 , 0.32544734, 0.31613194,
       0.26797346, 0.29646784, 0.20953672, 0.1989707 , 0.30093919,
       0.11324668, 0.28514188, 0.08902448, 0.28779741, 0.2579999 ,
       0.19747793, 0.22385676, 0.32512513, 0.28356483, 0.27454518,
       0.28505064, 0.28061562, 0.25693812, 0.26059384, 0.27692929,
       0.30072818, 0.27750969, 0.17084771, 0.29769134, 0.2892246 ,
       0.19410069, 0.2016209 , 0.28544094, 0.29176979, 0.19099575,
       0.24035413, 0.23412573, 0.34161797, 0.2458697 , 0.14080042,
       0.31027021, 0.3218678 , 0.21500739, 0.18734489, 0.27027139,
       0.17938533, 0.21818219, 0.29677481, 0.30394912, 0.14347953,
       0.20510862, 0.22392222, 0.29594347, 0.30097679, 0.29076674,
       0.11701671, 0.27783325, 0.19052319, 0.14848827, 0.27402574,
       0.24323298, 0.28535291, 0.34318147, 0.22486123, 0.27705901,
       0.32302304, 0.28287975, 0.30060837, 0.180292  , 0.18723325,
       0.20154563, 0.21434721, 0.30571999, 0.28629014, 0.27225538,
       0.31262978, 0.34558801, 0.12655368, 0.31207907, 0.28466157,
       0.31026993, 0.1265494 , 0.26894291, 0.30516193, 0.30063094,
       0.20893687, 0.24711687, 0.22651293, 0.27481859, 0.30687511,
       0.19992826, 0.30591319, 0.25790871, 0.24877145, 0.18807281,
       0.18241445, 0.29589727, 0.22917062, 0.26974871, 0.3315235 ,
       0.23161814, 0.29566434, 0.29754053, 0.31774581, 0.23710002,
       0.20227075, 0.29708935, 0.26233549, 0.19796169, 0.30463188,
       0.16621086, 0.24550023, 0.29251405, 0.19658544, 0.        ,
       0.24274459, 0.31263928, 0.2540068 , 0.27989998, 0.11574671,
       0.21444041, 0.32304957, 0.13668426, 0.14425103, 0.24359054,
       0.1452042 , 0.10912371, 0.16706746]), 'delta_distances': array([0., 0., 0., 0., 0., 0., 0., 0., 0., 0., 0., 0., 0., 0., 0., 0., 0.,
       0., 0., 0., 0., 0., 0., 0., 0., 0., 0., 0., 0., 0., 0., 0., 0., 0.,
       0., 0., 0., 0., 0., 0., 0., 0., 0., 0., 0., 0., 0., 0., 0., 0., 0.,
       0., 0., 0., 0., 0., 0., 0., 0., 0., 0., 0., 0., 0., 0., 0., 0., 0.,
       0., 0., 0., 0., 0., 0., 0., 0., 0., 0., 0., 0., 0., 0., 0., 0., 0.,
       0., 0., 0., 0., 0., 0., 0., 0., 0., 0., 0., 0., 0., 0., 0., 0., 0.,
       0., 0., 0., 0., 0., 0., 0., 0., 0., 0., 0., 0., 0., 0., 0., 0., 0.,
       0., 0., 0., 0., 0., 0., 0., 0., 0., 0., 0., 0., 0., 0., 0., 0., 0.,
       0., 0., 0., 0., 0., 0., 0., 0., 0., 0., 0., 0., 0., 0., 0., 0., 0.,
       0., 0., 0., 0., 0., 0., 0., 0., 0., 0., 0., 0., 0., 0., 0., 0., 0.,
       0., 0., 0.]), 'locations': array([ 65, 129,  71,  68,  82,  24, 128,  40,  42,  63,  13,  91,  40,
        88,  55,  17,  40,  58,  41,  88,  64,  97, 122,  66, 129,  89,
        89, 115,  12, 127, 128, 128,  86,  95, 129,  58,  70,  70,  53,
        81,  74,  65,  80,  37,  83, 128, 129,  47,  66,  35, 107,  55,
        89,  89,  88,  87,  15,  88,  54,  36,  36,  57,  36, 125,  54,
        52,  50,  49,  12,  82,  11,  12,  47,  49,  11,  42,  88,  70,
        67,  79,  11,  49,  54,  90,  63,  68,  84, 111,  33,  79, 108,
        77,   2,  82, 100,  66,  89,  90,  49,  34,  66,  90,  39,  83,
        58, 126,  74, 125,  66,  86,  52,  33,  10,  88, 126, 102, 128,
        78,  15,  69,  47,  97,  58,  55,  99,  15,  24,  90, 104,  39,
        94, 105, 127,  39,  13,  67,  49,  90,  63,  89, 101,  59,  63,
        67,  37,  79,  63,  39,  26,  41, 130, 128,  61,  12, 119,  54,
        96, 105,  14, 113,  81,  74,  60,  87, 127,  43,  65,  89, 127,
        52,  12, 102,  86])}, {'ts_index': 132, 'loc': 78, 'gap': 0.06048115762900397, 'distances': array([0.32306109, 0.31961322, 0.2863944 , 0.30613621, 0.28430202,
       0.30467738, 0.28663961, 0.29923871, 0.30268018, 0.34584636,
       0.14811549, 0.3152498 , 0.33525164, 0.34009873, 0.34433269,
       0.09317242, 0.32121118, 0.31816917, 0.32881227, 0.32913031,
       0.24016661, 0.28665162, 0.19022494, 0.16927972, 0.28983962,
       0.32328359, 0.20468224, 0.2100286 , 0.26611538, 0.31981616,
       0.31878403, 0.31290864, 0.30573664, 0.16361083, 0.32203344,
       0.27219085, 0.19086177, 0.09995571, 0.33701357, 0.30118029,
       0.3421334 , 0.26027917, 0.33181595, 0.28603823, 0.28851415,
       0.21115376, 0.19267285, 0.26700279, 0.32161797, 0.33749645,
       0.31957543, 0.30946524, 0.29628812, 0.22322769, 0.35724376,
       0.35673591, 0.31119853, 0.18287452, 0.28085412, 0.32357998,
       0.28221566, 0.32368458, 0.29559391, 0.32103026, 0.32831059,
       0.28608968, 0.33449827, 0.27585367, 0.2986289 , 0.32961658,
       0.30815186, 0.33959477, 0.32571344, 0.24775342, 0.36351545,
       0.3299412 , 0.29406138, 0.30953587, 0.35066886, 0.36523885,
       0.3092817 , 0.30923573, 0.26587805, 0.35066555, 0.32242849,
       0.28966931, 0.33437276, 0.31849011, 0.24651507, 0.27199598,
       0.18866039, 0.34404537, 0.28816902, 0.13137242, 0.        ,
       0.2722653 , 0.3270336 , 0.33160512, 0.30745287, 0.31903282,
       0.27426441, 0.09491449, 0.32546793, 0.21901846, 0.26066202,
       0.14864748, 0.33227368, 0.27288316, 0.32097599, 0.32445067,
       0.31631862, 0.34016437, 0.28038281, 0.31686096, 0.35516296,
       0.28853493, 0.31785825, 0.27665528, 0.30270497, 0.20325833,
       0.32544548, 0.31799043, 0.32088209, 0.33113981, 0.3273064 ,
       0.14965166, 0.31990626, 0.32733367, 0.33108927, 0.29953993,
       0.30993977, 0.33468077, 0.27377848, 0.29573242, 0.33131544,
       0.30883871, 0.29971926, 0.33155251, 0.33180888, 0.31822452,
       0.28548414, 0.07575714, 0.28317794]), 'delta_distances': array([0., 0., 0., 0., 0., 0., 0., 0., 0., 0., 0., 0., 0., 0., 0., 0., 0.,
       0., 0., 0., 0., 0., 0., 0., 0., 0., 0., 0., 0., 0., 0., 0., 0., 0.,
       0., 0., 0., 0., 0., 0., 0., 0., 0., 0., 0., 0., 0., 0., 0., 0., 0.,
       0., 0., 0., 0., 0., 0., 0., 0., 0., 0., 0., 0., 0., 0., 0., 0., 0.,
       0., 0., 0., 0., 0., 0., 0., 0., 0., 0., 0., 0., 0., 0., 0., 0., 0.,
       0., 0., 0., 0., 0., 0., 0., 0., 0., 0., 0., 0., 0., 0., 0., 0., 0.,
       0., 0., 0., 0., 0., 0., 0., 0., 0., 0., 0., 0., 0., 0., 0., 0., 0.,
       0., 0., 0., 0., 0., 0., 0., 0., 0., 0., 0., 0., 0., 0., 0., 0., 0.,
       0., 0., 0., 0., 0., 0., 0.]), 'locations': array([ 21,  79,  75,  54,  35, 126,  10,  98,  75,  80,  35,  97,  62,
        51,   4,  48,  53,  12,  46,  55,   8,  13,  35,  87,  21,  49,
       125, 127,  60, 126,  33, 126,  11, 123,  61,   9,   6, 125, 127,
        90, 124,  87,  74, 111,  35,  75, 115,  82, 122,  59,  81,   7,
        90,  99,  52, 125,  95,  82, 126,  74, 111,  81,   9, 125,  47,
        31,  73,  74, 126,  50,  69,  53,  40,  50, 123,  24,  27,  73,
        58,  37,  59, 126,   8, 121,  38,   2, 111, 102,   9,  96,  31,
        63,  38,   4,  78,  55, 106, 126,  36,   9, 125,  59,  37,  58,
        37,  12,  32, 112,   5,  46,  10, 122, 125,  99,  65,  78,   9,
        14, 128,  95,  67, 125,  52, 122,  86, 125,  28,  48,  98, 112,
        29,  79, 128, 125,  93,  35,  95,  47,  50, 101,  55,  31,  68])}, {'ts_index': 60, 'loc': 125, 'gap': 0.03634283661692286, 'distances': array([0.2447456 , 0.19522251, 0.23202719, 0.15789337, 0.19977237,
       0.14740843, 0.17533158, 0.15426829, 0.13331281, 0.15987464,
       0.19207852, 0.21837205, 0.13070935, 0.08971468, 0.28389599,
       0.13642092, 0.2441475 , 0.2126257 , 0.17559501, 0.18388289,
       0.1592199 , 0.14436102, 0.11831855, 0.23139997, 0.23529476,
       0.09646192, 0.1503516 , 0.18836399, 0.0565926 , 0.10377977,
       0.13837001, 0.23009486, 0.13570258, 0.11647215, 0.        ,
       0.1688086 , 0.24557872, 0.23957631, 0.19290138, 0.16971578,
       0.22919932, 0.17924745, 0.10630178, 0.19202658, 0.14784913,
       0.1446547 , 0.23489546, 0.11319505, 0.12021896, 0.18584394,
       0.11813992, 0.15629465, 0.19909462, 0.24086838, 0.11704709,
       0.14191   , 0.09612757, 0.17730002, 0.11672751, 0.17684328,
       0.16705033, 0.20260068, 0.13311921, 0.16630442, 0.20795377,
       0.22765449, 0.18158913, 0.18513681, 0.14097163, 0.18801167,
       0.23830674, 0.14786021, 0.23715143, 0.16949931, 0.17471439,
       0.16637847, 0.19007149, 0.11871158, 0.22968892, 0.25288108,
       0.16441691, 0.18646015, 0.0923657 , 0.14550198, 0.16347516,
       0.20907527, 0.2259443 , 0.21335182, 0.16116418, 0.25828864,
       0.150549  , 0.19099888, 0.07540273, 0.15103503, 0.20603562,
       0.12739767, 0.15439772, 0.23957107, 0.18449186, 0.15377092,
       0.23506307, 0.25018609, 0.1510308 , 0.15767331, 0.13200102,
       0.1528904 , 0.2444436 , 0.17243356, 0.17739117, 0.17089473,
       0.16518746, 0.13829775, 0.15456002, 0.17929798, 0.24810729,
       0.1340488 , 0.20224479, 0.23427156]), 'delta_distances': array([0., 0., 0., 0., 0., 0., 0., 0., 0., 0., 0., 0., 0., 0., 0., 0., 0.,
       0., 0., 0., 0., 0., 0., 0., 0., 0., 0., 0., 0., 0., 0., 0., 0., 0.,
       0., 0., 0., 0., 0., 0., 0., 0., 0., 0., 0., 0., 0., 0., 0., 0., 0.,
       0., 0., 0., 0., 0., 0., 0., 0., 0., 0., 0., 0., 0., 0., 0., 0., 0.,
       0., 0., 0., 0., 0., 0., 0., 0., 0., 0., 0., 0., 0., 0., 0., 0., 0.,
       0., 0., 0., 0., 0., 0., 0., 0., 0., 0., 0., 0., 0., 0., 0., 0., 0.,
       0., 0., 0., 0., 0., 0., 0., 0., 0., 0., 0., 0., 0., 0., 0., 0.]), 'locations': array([  3,   5,  43, 124,   7,   5,  81,   5, 121,  21,  24,  93,  18,
        25,  70,  94,  54, 109, 119,   1,  22, 110,  49,  43,  83,  81,
       117,  87,  77,  41, 108,  86,  73,   2, 125,   3,  44, 114,  19,
       120, 112, 111,  74,  88,  77,  86,  83,  61,   6,  48,  87, 100,
       114, 117,   5,  29,  82,  95, 113,   1, 122,  87, 124,  65,  79,
        39,  24, 118,  59,  45, 123, 123,  20,  86,   1, 118,  75,   3,
       113,  10,  25,  77,  34, 108,   9,  21, 111,  82,  59,   1, 120,
       121,   6,  14,  44,  18, 107,  95, 120, 121,   0,  33,   5, 122,
       119,  21,   7,   3,   2, 118, 117,  90, 115,  84,  11,   8,  10,
        59])}, {'ts_index': 175, 'loc': 58, 'gap': 0.055257292258428375, 'distances': array([0.14990361, 0.30277253, 0.17541739, 0.34269204, 0.20526733,
       0.30617307, 0.31071273, 0.29955091, 0.3512569 , 0.32898409,
       0.36083788, 0.32506778, 0.31161222, 0.16391401, 0.33584484,
       0.26345592, 0.29187391, 0.34453824, 0.29308969, 0.24350821,
       0.        , 0.34621915, 0.23366031, 0.31588062, 0.29109564]), 'delta_distances': array([0., 0., 0., 0., 0., 0., 0., 0., 0., 0., 0., 0., 0., 0., 0., 0., 0.,
       0., 0., 0., 0., 0., 0., 0., 0.]), 'locations': array([ 48,  65,  74, 125,  34, 125,  99,  92,  70,  76, 101, 122,  27,
        87,  98,  39, 125, 126, 115,  61,  58,  65, 126,  70, 124])}, {'ts_index': 73, 'loc': 44, 'gap': 0.034416118681754454, 'distances': array([0.18222394, 0.18812331, 0.19067438, 0.14856429, 0.20926698,
       0.2286259 , 0.        , 0.23158776, 0.13112978, 0.18653273,
       0.16382902, 0.25582597, 0.12026346, 0.24082947, 0.23980001,
       0.24037514, 0.20209623, 0.21054089, 0.09283289]), 'delta_distances': array([0., 0., 0., 0., 0., 0., 0., 0., 0., 0., 0., 0., 0., 0., 0., 0., 0.,
       0., 0.]), 'locations': array([ 35,  45, 135,  85,  95,  27,  44, 128,  77, 115,  30, 119,  18,
        52, 131,  21, 121,  85,  42])}, {'ts_index': 3, 'loc': 12, 'gap': 0.044078962921429515, 'distances': array([0.        , 0.17166725, 0.17389647, 0.2502419 , 0.238659  ,
       0.27068288, 0.25651661, 0.26684619, 0.26278104, 0.2322255 ,
       0.21504593, 0.09880114, 0.1201347 , 0.1893486 ]), 'delta_distances': array([0., 0., 0., 0., 0., 0., 0., 0., 0., 0., 0., 0., 0., 0.]), 'locations': array([ 12, 115,  85,  46,  48, 121,  48,  18, 107,  19,  26,  24,   3,
        48])}, {'ts_index': 122, 'loc': 108, 'gap': 0.03912333064812143, 'distances': array([0.22846863, 0.19849246, 0.2160919 , 0.20500574, 0.14614981,
       0.        , 0.23176794, 0.11176838, 0.22204086, 0.16328856]), 'delta_distances': array([0., 0., 0., 0., 0., 0., 0., 0., 0., 0.]), 'locations': array([ 52, 135,  19, 132,  82, 108,   6,   2,  89,  27])}, {'ts_index': 196, 'loc': 92, 'gap': 0.05198563207747103, 'distances': array([0.13602064, 0.23245729, 0.2008665 , 0.10956172, 0.23467623,
       0.18598021, 0.        ]), 'delta_distances': array([0., 0., 0., 0., 0., 0., 0.]), 'locations': array([ 81, 118,  24, 135,  65, 134,  92])}, {'ts_index': 68, 'loc': 93, 'gap': 0.10531052057281101, 'distances': array([0.27020382, 0.        , 0.27306419, 0.1648933 ]), 'delta_distances': array([0., 0., 0., 0.]), 'locations': array([ 36,  93, 122, 134])}], 'clusters': array([ 5,  4,  1,  7,  1,  2,  1,  4,  4,  1,  4,  4,  1,  4,  4,  4,  3,
        4,  4,  4,  4,  2,  3,  5,  4,  7,  4,  3,  2,  4,  3,  3,  4,  4,
        3,  3,  2,  4,  4,  1,  2,  1,  5,  9,  1,  4,  2,  2,  3,  4,  4,
        3,  3,  2,  4,  4,  4,  6,  4,  4,  4,  3,  3,  2,  4,  1,  2,  0,
       10,  1,  4,  1,  4,  6,  3,  4,  4,  4,  3,  4,  4,  1,  9,  4,  2,
        4,  4,  1,  4,  4,  4,  6,  4,  4,  4,  4,  4,  2,  3,  4,  1,  1,
        4,  2,  4,  2,  1,  4,  4,  4,  2,  8,  4,  4,  4,  4,  2,  5,  1,
        4,  1,  2,  8,  1,  3,  1,  4,  3,  4,  4,  3,  1,  3,  4,  2,  2,
        4,  0,  6,  4,  4,  3,  4,  2,  1,  3,  4,  3,  2,  4,  4,  8,  4,
        4,  1,  1, 10,  4,  4,  4,  4,  4,  1,  4,  4,  1,  1,  2,  3,  7,
        4,  4,  1,  1,  1,  5,  7,  3,  4,  4,  4,  4,  5,  4,  4,  1,  2,
        4,  4,  1,  1,  4,  2,  4,  1,  4,  9,  4,  2,  1,  1,  4,  1,  3,
        2,  2,  6,  2,  2,  2]), 'time': 1562.582680940628}
lenSubsequence: 7{'RI': 0.7092731829573935, 'num_clusters': 8, 'uShapelets': [{'ts_index': 23, 'loc': 8, 'gap': 0.032415663924823146, 'distances': array([0.27893051, 0.2142118 , 0.30349844, 0.25902459, 0.29595507,
       0.31609754, 0.23569117, 0.22817212, 0.12946235, 0.31044934,
       0.21614206, 0.24687441, 0.20144407, 0.26202785, 0.26470621,
       0.20782459, 0.21167682, 0.25705773, 0.24899662, 0.26921286,
       0.26961178, 0.22299602, 0.24321311, 0.        , 0.12282523,
       0.25853578, 0.19592382, 0.2915958 , 0.19990358, 0.32031626,
       0.26158533, 0.22092324, 0.23918004, 0.25867662, 0.32780966,
       0.25312122, 0.19534456, 0.12725535, 0.22839593, 0.26160399,
       0.22628281, 0.30912799, 0.2636291 , 0.19511445, 0.31392943,
       0.29636856, 0.16485969, 0.26432673, 0.17840445, 0.30546652,
       0.26516158, 0.30073903, 0.27770884, 0.32850817, 0.18975412,
       0.19425812, 0.30441909, 0.29688337, 0.30169957, 0.29171864,
       0.27838393, 0.23411487, 0.28104112, 0.26858733, 0.23461137,
       0.19173045, 0.26822368, 0.31247796, 0.32548914, 0.27398231,
       0.26015811, 0.24126112, 0.26482793, 0.23156973, 0.15384034,
       0.27968822, 0.28608252, 0.25266366, 0.26850335, 0.28177178,
       0.25659308, 0.27134205, 0.24524111, 0.29194468, 0.14401597,
       0.2607496 , 0.25859511, 0.27363963, 0.33820111, 0.21621205,
       0.27147722, 0.25624125, 0.27011941, 0.2841064 , 0.24351529,
       0.31226472, 0.29045959, 0.2843573 , 0.23681328, 0.21391848,
       0.23426661, 0.34470699, 0.29171882, 0.14892015, 0.29294232,
       0.32045662, 0.25601302, 0.20385671, 0.27470812, 0.24106549,
       0.2164939 , 0.32443392, 0.30625444, 0.25006778, 0.25053369,
       0.23776485, 0.30097801, 0.26397785, 0.29392137, 0.26806943,
       0.21470049, 0.286413  , 0.10833727, 0.31889123, 0.28927147,
       0.20184462, 0.29920982, 0.25278357, 0.22845726, 0.1685984 ,
       0.18890181, 0.26723722, 0.26836038, 0.25690299, 0.23396878,
       0.24390595, 0.24268797, 0.13204743, 0.33080659, 0.1844773 ,
       0.11779564, 0.2771521 , 0.27385478, 0.34091126, 0.31536196,
       0.28761915, 0.28163732, 0.24333682, 0.28985483, 0.29122232,
       0.29234319, 0.19533894, 0.31319514, 0.25820339, 0.33185669,
       0.31736816, 0.24439962, 0.24445016, 0.14621725, 0.30701793,
       0.18318148, 0.31190051, 0.1794152 , 0.21264931, 0.32646348,
       0.23590604, 0.24239096, 0.28147975, 0.27529373, 0.2596112 ,
       0.27238599, 0.30626319, 0.20198732, 0.21053423, 0.27165144,
       0.13379777, 0.31429988, 0.28626522, 0.21280802, 0.27712024,
       0.29321613, 0.31876564, 0.19924686, 0.30810348, 0.3057245 ,
       0.2755778 , 0.25792887, 0.30530131, 0.26805969, 0.28090922,
       0.25368854, 0.1312988 , 0.25832738, 0.27487415, 0.19944931,
       0.3147733 , 0.29340134, 0.20881834, 0.18341645, 0.21247422,
       0.30089103, 0.28322158, 0.29629697, 0.22551624, 0.26177275,
       0.24677208, 0.19027129, 0.26554828, 0.27733663, 0.26179506]), 'delta_distances': array([0., 0., 0., 0., 0., 0., 0., 0., 0., 0., 0., 0., 0., 0., 0., 0., 0.,
       0., 0., 0., 0., 0., 0., 0., 0., 0., 0., 0., 0., 0., 0., 0., 0., 0.,
       0., 0., 0., 0., 0., 0., 0., 0., 0., 0., 0., 0., 0., 0., 0., 0., 0.,
       0., 0., 0., 0., 0., 0., 0., 0., 0., 0., 0., 0., 0., 0., 0., 0., 0.,
       0., 0., 0., 0., 0., 0., 0., 0., 0., 0., 0., 0., 0., 0., 0., 0., 0.,
       0., 0., 0., 0., 0., 0., 0., 0., 0., 0., 0., 0., 0., 0., 0., 0., 0.,
       0., 0., 0., 0., 0., 0., 0., 0., 0., 0., 0., 0., 0., 0., 0., 0., 0.,
       0., 0., 0., 0., 0., 0., 0., 0., 0., 0., 0., 0., 0., 0., 0., 0., 0.,
       0., 0., 0., 0., 0., 0., 0., 0., 0., 0., 0., 0., 0., 0., 0., 0., 0.,
       0., 0., 0., 0., 0., 0., 0., 0., 0., 0., 0., 0., 0., 0., 0., 0., 0.,
       0., 0., 0., 0., 0., 0., 0., 0., 0., 0., 0., 0., 0., 0., 0., 0., 0.,
       0., 0., 0., 0., 0., 0., 0., 0., 0., 0., 0., 0., 0., 0., 0., 0., 0.,
       0., 0., 0., 0., 0., 0.]), 'locations': array([ 62,  35,  53,  86,  64,   7, 123,  80, 126,  10,  35, 120,  98,
        51,   9,  83,  52, 126, 119,  29, 125,   3,  79,   8,  30, 125,
        46,  78,   9, 101, 125,   7,   7, 100,  98,   7,  67,  85, 100,
        31,  51,  98,  88, 122,  12,  49,  49,  60,   6, 124,  49, 102,
       124,  91,  75, 124,   9,  33,  54,   7, 128, 124,  28,   1,  82,
        58, 127, 112,  75,  77,  33,  86, 118,  90,  86,  33,  34,  95,
         6,  78,  79, 122, 100,  87,  35,  35,  86, 124,  46, 126, 123,
       122, 123,  78,  84,  24, 112,  80, 121,  30,  28,  15,  23, 118,
         8,  31,  98,   9,  87,  32,  98,  57, 111,   3, 124, 124,  33,
        82, 123, 127, 124,  40,  22,  54,  31,   8,  32,   6,  48,   3,
        51,  23,  60,  30, 100,   9,  10,  37,  41,  98,  57,   4,  46,
        86,  22,  99, 126, 125, 113,  41, 125,  51, 126,  11,   4,  66,
       122,  99,  54,  84,  38, 122,  38,  96,  74,  79,  89,  96,  76,
        35,  48,  28, 125,   9,  52,  92,  32,  86,  27,  11, 123,  29,
        90,  64,  22,  24,   7, 124,  87,  30,   0,  81,  99,  79,  53,
       117,  10, 125,  11,  42,  28, 125,  35, 123, 125,  48,  86, 100,
        10, 126])}, {'ts_index': 21, 'loc': 39, 'gap': 0.030443886366401773, 'distances': array([0.2630048 , 0.26450253, 0.25078733, 0.18239559, 0.2395368 ,
       0.12618778, 0.27290198, 0.27469087, 0.24326067, 0.24636515,
       0.20116016, 0.22426651, 0.25055454, 0.18112148, 0.12292216,
       0.24432917, 0.20436106, 0.21686672, 0.        , 0.27173169,
       0.23870354, 0.18255455, 0.15752981, 0.29880554, 0.21235072,
       0.26160072, 0.17802789, 0.19755333, 0.19220751, 0.25243384,
       0.23818076, 0.21710029, 0.22770188, 0.22950875, 0.26249592,
       0.20548868, 0.21525516, 0.21762473, 0.24458611, 0.27071115,
       0.20108415, 0.24228673, 0.13368629, 0.26702742, 0.27757091,
       0.23582634, 0.13353228, 0.26440618, 0.28752682, 0.14829894,
       0.21022229, 0.20295605, 0.27061746, 0.1318666 , 0.24548934,
       0.21890971, 0.27648105, 0.20479101, 0.2614945 , 0.27149446,
       0.21922195, 0.27192471, 0.21829956, 0.18077519, 0.22027214,
       0.19088474, 0.24541888, 0.25483059, 0.23560582, 0.18357303,
       0.19704206, 0.20100826, 0.2007099 , 0.18680023, 0.1357705 ,
       0.25564022, 0.20617663, 0.2841761 , 0.20714198, 0.17825577,
       0.27404248, 0.24083055, 0.2701433 , 0.12384304, 0.24863097,
       0.2399064 , 0.2397035 , 0.25436384, 0.21330079, 0.28241202,
       0.25634018, 0.18798748, 0.13442904, 0.25772154, 0.27107142,
       0.2628228 , 0.22976014, 0.24603902, 0.17298193, 0.23973591,
       0.20688744, 0.22120675, 0.25674357, 0.22381206, 0.21256576,
       0.23661057, 0.16907498, 0.16992627, 0.22145852, 0.26486078,
       0.13806595, 0.26617436, 0.28307045, 0.14906199, 0.12311163,
       0.23087473, 0.19033744, 0.16141411, 0.20162483, 0.19369565,
       0.20756293, 0.25909812, 0.22667175, 0.21621859, 0.19119069,
       0.27443765, 0.26430531, 0.24140082, 0.15440307, 0.22322427,
       0.25245095, 0.25083967, 0.19097504, 0.17017269, 0.14742347,
       0.22920201, 0.26338759, 0.23740437, 0.16075049, 0.24470191,
       0.26626016, 0.26534268, 0.23348745, 0.27959956, 0.21164986,
       0.21587628, 0.20335936, 0.22336798, 0.25895498, 0.2631142 ,
       0.16134932, 0.14774272, 0.22967438, 0.20697718, 0.19431317,
       0.14117338, 0.26132166, 0.20682225, 0.15949845, 0.14974126,
       0.288099  , 0.27308662, 0.27612022, 0.21840931, 0.2370848 ,
       0.25608413, 0.2261213 , 0.17367407, 0.21129766, 0.24890339,
       0.21695306, 0.25578512, 0.16149215]), 'delta_distances': array([0., 0., 0., 0., 0., 0., 0., 0., 0., 0., 0., 0., 0., 0., 0., 0., 0.,
       0., 0., 0., 0., 0., 0., 0., 0., 0., 0., 0., 0., 0., 0., 0., 0., 0.,
       0., 0., 0., 0., 0., 0., 0., 0., 0., 0., 0., 0., 0., 0., 0., 0., 0.,
       0., 0., 0., 0., 0., 0., 0., 0., 0., 0., 0., 0., 0., 0., 0., 0., 0.,
       0., 0., 0., 0., 0., 0., 0., 0., 0., 0., 0., 0., 0., 0., 0., 0., 0.,
       0., 0., 0., 0., 0., 0., 0., 0., 0., 0., 0., 0., 0., 0., 0., 0., 0.,
       0., 0., 0., 0., 0., 0., 0., 0., 0., 0., 0., 0., 0., 0., 0., 0., 0.,
       0., 0., 0., 0., 0., 0., 0., 0., 0., 0., 0., 0., 0., 0., 0., 0., 0.,
       0., 0., 0., 0., 0., 0., 0., 0., 0., 0., 0., 0., 0., 0., 0., 0., 0.,
       0., 0., 0., 0., 0., 0., 0., 0., 0., 0., 0., 0., 0., 0., 0., 0., 0.,
       0., 0., 0.]), 'locations': array([ 61,  91,  67,  26,  61,  68,  88, 130,  36, 104,  66,  62,  56,
       100,  54,  11, 126,  92,  39,  92,  64,  53,  15,  86,  77,  23,
       126, 127, 126,  36,  77,  24, 102,  27,  56, 125, 104,  38,  47,
        66,  38,  98,  38,  85, 107,  69, 129, 109,  43,  87,  40, 113,
       104, 104, 127,  12,  79,  42,  79, 126,  54,  51,  40,  65,  81,
        50,  35,  55,  11, 128, 127,  60,  87,  36,  38,  11,  58, 109,
        87,  91,  97,  68,  40,  13,  99, 128,  33,  89,  25, 106,  37,
        51, 127,  40,  24,  94, 103,  77, 125,  37,  51,  72,  83,  78,
       103,  73,  73, 107,  42,  64,  51,  50,  13,  51, 102,  78, 128,
        57,   7,  12,  53, 103, 129,  12,  34, 127,  88,  10,  37,  10,
       107,  60,  51,  97, 117, 106,  91,  49,  60,  89,  63,  12,  38,
        49,  86, 127,  51,  98,  67, 128, 103,  37,  37,  33,  72,  88,
        56,  55, 101,  38,  93,  65,  27, 129,  78,  94,  87,  65,  11,
       128, 113,  81, 113])}, {'ts_index': 27, 'loc': 77, 'gap': 0.029343509506148058, 'distances': array([0.25727098, 0.28914764, 0.17147891, 0.24264466, 0.23305279,
       0.25384783, 0.24702703, 0.30522628, 0.31609925, 0.25618007,
       0.27250619, 0.32143122, 0.2513771 , 0.32655988, 0.27964517,
       0.3061092 , 0.23701516, 0.3078946 , 0.        , 0.24371302,
       0.30627411, 0.16626987, 0.23150597, 0.27247669, 0.28617057,
       0.31400067, 0.21216594, 0.18540206, 0.17571206, 0.19080541,
       0.2497283 , 0.25246318, 0.29635347, 0.26179404, 0.20722698,
       0.26390147, 0.27643091, 0.25142174, 0.29060279, 0.28005939,
       0.33614525, 0.25276397, 0.32223593, 0.11976665, 0.30366612,
       0.26923578, 0.26059395, 0.23043992, 0.28582606, 0.17070454,
       0.30769971, 0.30919523, 0.22222479, 0.15636548, 0.2578444 ,
       0.14890952, 0.30567186, 0.18152725, 0.20899897, 0.23712411,
       0.1876197 , 0.25266163, 0.19071828, 0.24131507, 0.121694  ,
       0.29426487, 0.28260199, 0.2897464 , 0.23488837, 0.31090629,
       0.24183549, 0.27689542, 0.24241194, 0.27808971, 0.18807106,
       0.28106904, 0.284217  , 0.27075363, 0.27730813, 0.3274979 ,
       0.2541225 , 0.25725089, 0.15800167, 0.21001101, 0.19902255,
       0.23131091, 0.24249703, 0.31072188, 0.16455812, 0.20690642,
       0.26253476, 0.1998839 , 0.21436101, 0.31120659, 0.1317243 ,
       0.27783435, 0.245338  , 0.29758564, 0.28654105, 0.1810309 ,
       0.26730595, 0.2605505 , 0.22230392, 0.31742577, 0.2129804 ,
       0.27341164, 0.29680469, 0.14132537, 0.17617173, 0.28215387,
       0.27280364, 0.30659878, 0.19234244, 0.27248849, 0.27242752,
       0.21310924, 0.26704242, 0.3055114 , 0.21038394, 0.22816732,
       0.20432945, 0.19031956, 0.27339004, 0.20914675, 0.18402804,
       0.28116951, 0.27121065, 0.23662334, 0.2114177 , 0.3055168 ,
       0.26614214, 0.22104679, 0.25322514, 0.24704361, 0.22558769,
       0.17823853, 0.25991067, 0.18196729, 0.31230495, 0.23547135,
       0.27157168, 0.18101726, 0.25239848]), 'delta_distances': array([0., 0., 0., 0., 0., 0., 0., 0., 0., 0., 0., 0., 0., 0., 0., 0., 0.,
       0., 0., 0., 0., 0., 0., 0., 0., 0., 0., 0., 0., 0., 0., 0., 0., 0.,
       0., 0., 0., 0., 0., 0., 0., 0., 0., 0., 0., 0., 0., 0., 0., 0., 0.,
       0., 0., 0., 0., 0., 0., 0., 0., 0., 0., 0., 0., 0., 0., 0., 0., 0.,
       0., 0., 0., 0., 0., 0., 0., 0., 0., 0., 0., 0., 0., 0., 0., 0., 0.,
       0., 0., 0., 0., 0., 0., 0., 0., 0., 0., 0., 0., 0., 0., 0., 0., 0.,
       0., 0., 0., 0., 0., 0., 0., 0., 0., 0., 0., 0., 0., 0., 0., 0., 0.,
       0., 0., 0., 0., 0., 0., 0., 0., 0., 0., 0., 0., 0., 0., 0., 0., 0.,
       0., 0., 0., 0., 0., 0., 0.]), 'locations': array([ 96,  99, 127,  74,  36,   9, 107,  51,   7,  31, 100, 100,  38,
        24,  48,  76,  48,  62,  77,  57,  95,  37,   0,  97,  77, 122,
        99, 124,  72, 125,  60,  87, 110, 122, 124, 125, 126,  36,  55,
        86,  35, 115,  84,  48, 122,  59,   9,  97,  38,  60, 127,  48,
        56, 124, 125, 124,  77,  85,  30,   9,  47, 123,   9,  31,  34,
        76, 106, 127,  84,  99,  81,  66, 123,  66,  36, 124, 127, 113,
        95,  36,  47, 126,  35,   9,  60,  70,  57,  49,  59,  79, 101,
        74,  96,  10,  78,  11,  10,  87,   6,  35,  38,  44,  85, 128,
       102,  25,  46, 121, 124,  38,  88,  38,   9,   8,  30,  50,   9,
       125,  27,  51,  53,  84,  34,  31,  46,  98,  10,  73, 125, 125,
        36,  35,  45,  35,  54,  81,   9, 124,  54,  86,  36, 126,  91])}, {'ts_index': 11, 'loc': 64, 'gap': 0.026269735066185157, 'distances': array([0.23868356, 0.22851771, 0.24453718, 0.21140639, 0.16345428,
       0.24495699, 0.25856665, 0.18657668, 0.        , 0.17753015,
       0.1854803 , 0.19277083, 0.20515233, 0.19978344, 0.22955333,
       0.15474457, 0.19481691, 0.14815013, 0.23891802, 0.17064953,
       0.22647678, 0.26370907, 0.20081037, 0.16911538, 0.18176495,
       0.10680205, 0.21493812, 0.17829508, 0.23073162, 0.26047329,
       0.16862623, 0.12041655, 0.24312073, 0.16507482, 0.16873772,
       0.19773849, 0.24378745, 0.26086189, 0.21437292, 0.24168558,
       0.20507642, 0.23176283, 0.22650481, 0.19265672, 0.14065794,
       0.13882803, 0.13249445, 0.20494775, 0.2306695 , 0.19652149,
       0.21869908, 0.2067799 , 0.14526056, 0.11973437, 0.14712038,
       0.21678232, 0.25603485, 0.11356268, 0.20327934, 0.25176463,
       0.20706728, 0.24523307, 0.18129097, 0.20359632, 0.24765862,
       0.17533754, 0.20838975, 0.22617777, 0.1471947 , 0.24781527,
       0.19262818, 0.22051968, 0.21157676, 0.12452727, 0.12664203,
       0.17425587, 0.20081255, 0.19277344, 0.2871392 , 0.16611079,
       0.19560291, 0.13715858, 0.2433183 , 0.1679273 , 0.21550075,
       0.1642687 , 0.09537472, 0.20191481, 0.24032409, 0.24399786,
       0.18607254, 0.21701889, 0.20349137, 0.1920714 , 0.213686  ,
       0.17369628, 0.15999629, 0.18595864, 0.19970048, 0.22547516,
       0.23466485, 0.11982403, 0.21766682, 0.20364943, 0.2393998 ,
       0.23691472, 0.14546078, 0.22005492, 0.18258047, 0.11949781,
       0.14699182, 0.09688192, 0.1757776 , 0.14558948, 0.19036564,
       0.241843  ]), 'delta_distances': array([0., 0., 0., 0., 0., 0., 0., 0., 0., 0., 0., 0., 0., 0., 0., 0., 0.,
       0., 0., 0., 0., 0., 0., 0., 0., 0., 0., 0., 0., 0., 0., 0., 0., 0.,
       0., 0., 0., 0., 0., 0., 0., 0., 0., 0., 0., 0., 0., 0., 0., 0., 0.,
       0., 0., 0., 0., 0., 0., 0., 0., 0., 0., 0., 0., 0., 0., 0., 0., 0.,
       0., 0., 0., 0., 0., 0., 0., 0., 0., 0., 0., 0., 0., 0., 0., 0., 0.,
       0., 0., 0., 0., 0., 0., 0., 0., 0., 0., 0., 0., 0., 0., 0., 0., 0.,
       0., 0., 0., 0., 0., 0., 0., 0., 0., 0., 0., 0., 0., 0.]), 'locations': array([ 48,   0,  18,   8,   8,  63,  28,  75,  64,  80, 125,  87,   2,
        89,  53, 126, 118,  55,  56,  69,  94,  62,   6,  87,  82, 124,
       119,  61,   1, 100,  52, 126, 110,   6,   0,  41,  80, 124, 106,
        91,  35,  37,  25, 124,  65,  29,   3, 117,  97,   2, 123,   4,
        35, 100,  55,  50,   3,  40,  10, 123,   4,  61, 123, 135,  46,
        30,   3, 121,   4, 124,  65, 121,  35,  53, 100,  48,  36,  80,
        91,  84, 116,  92, 134, 101, 119,  52,  10,   4,  79, 121,  33,
        91,  73,  25,  45,   3,  24,  48, 126,  28,   4,   9,  57,  26,
        59,  46, 102,  28,  28,  34,  84, 123,  64,   6,  24,  93])}, {'ts_index': 40, 'loc': 35, 'gap': 0.02087969285371713, 'distances': array([0.24273173, 0.18959794, 0.22340209, 0.17349303, 0.24070325,
       0.16390092, 0.22813411, 0.18142883, 0.1909803 , 0.2444123 ,
       0.15849182, 0.14059875, 0.16193249, 0.20658351, 0.19063987,
       0.20279834, 0.16673485, 0.21345877, 0.22330577, 0.23683098,
       0.22685396, 0.        , 0.20102811, 0.21000168, 0.12390049,
       0.20659855, 0.15388623, 0.18960573, 0.14221725, 0.19691529,
       0.18514768, 0.11158259, 0.15534866, 0.18098951, 0.16155501,
       0.1792223 , 0.1931621 , 0.14368146, 0.19026411, 0.13713825,
       0.18308108, 0.18076487, 0.25105719, 0.24789735, 0.2086253 ,
       0.17541737, 0.2179438 , 0.23764485, 0.18942235, 0.19736215,
       0.19380444, 0.16406601, 0.16832895, 0.22853769, 0.19048008,
       0.20998475, 0.08200587, 0.24934357, 0.19296283, 0.19997395,
       0.18956046, 0.20822552, 0.16976452, 0.18510167, 0.19192651,
       0.23658416, 0.15756579, 0.23761455, 0.18412708, 0.11886549,
       0.15231643, 0.20023022, 0.20056533, 0.13667781, 0.251069  ,
       0.15943482, 0.13419026, 0.2060876 , 0.10898489, 0.18263882,
       0.22735197, 0.16752805, 0.21957757, 0.14962626, 0.16390929,
       0.22182794, 0.09540802, 0.24109376, 0.19615361, 0.16239504,
       0.20479181, 0.15996382, 0.18517807, 0.17801941]), 'delta_distances': array([0., 0., 0., 0., 0., 0., 0., 0., 0., 0., 0., 0., 0., 0., 0., 0., 0.,
       0., 0., 0., 0., 0., 0., 0., 0., 0., 0., 0., 0., 0., 0., 0., 0., 0.,
       0., 0., 0., 0., 0., 0., 0., 0., 0., 0., 0., 0., 0., 0., 0., 0., 0.,
       0., 0., 0., 0., 0., 0., 0., 0., 0., 0., 0., 0., 0., 0., 0., 0., 0.,
       0., 0., 0., 0., 0., 0., 0., 0., 0., 0., 0., 0., 0., 0., 0., 0., 0.,
       0., 0., 0., 0., 0., 0., 0., 0., 0.]), 'locations': array([ 85,   0,   8,   8,  32,  34, 117,  80, 110,  73,  34,  47,   2,
         7,  59,  25,   4,  81,  84,  20,  26,  35,  22,   3, 120,  24,
         9,  11,  10,  56,   3, 109,  80,  32, 120, 102,   2,  92,  49,
        94, 103,   5, 132,   1,   7,  10,  49,   4, 123, 112, 118, 109,
        54,  80,  24,   6,   6,  64,  27,  36, 118,   4, 124,  27,  22,
        29,  24,  28,  83, 112, 122,  87, 132,  98,  83,  24,  23,  32,
       121,  60,  71, 123,  62, 120,  30,  55, 124, 136,  22,  92,  38,
       118, 115,  61])}, {'ts_index': 0, 'loc': 4, 'gap': 0.03238835786502109, 'distances': array([0.        , 0.2071153 , 0.21107673, 0.1498072 , 0.15974574,
       0.18812413, 0.22658432, 0.0935934 , 0.20886345, 0.22658881,
       0.2087904 , 0.20694377, 0.20169874, 0.18654634, 0.23365029,
       0.22077316]), 'delta_distances': array([0., 0., 0., 0., 0., 0., 0., 0., 0., 0., 0., 0., 0., 0., 0., 0.]), 'locations': array([  4,   4,  47, 111, 108,   5,  97,   2, 134,  99,   1, 133,  34,
        19,  47,   9])}, {'ts_index': 186, 'loc': 119, 'gap': 0.03688120426973315, 'distances': array([0.22424605, 0.14133517, 0.22658823, 0.11800596, 0.12355826,
       0.22810803, 0.22171843, 0.20651879, 0.16803492, 0.18910393,
       0.20344185, 0.        ]), 'delta_distances': array([0., 0., 0., 0., 0., 0., 0., 0., 0., 0., 0., 0.]), 'locations': array([ 42,  91, 119,   9,  99,   0,  46, 132,  18, 112,  23, 119])}, {'ts_index': 171, 'loc': 113, 'gap': 0.04711102693938074, 'distances': array([0.1696893 , 0.12550116, 0.20947501, 0.2138906 , 0.11525257,
       0.11484389, 0.20875931, 0.        ]), 'delta_distances': array([0., 0., 0., 0., 0., 0., 0., 0.]), 'locations': array([ 66,  82, 111,   1,  19,  22,  55, 113])}], 'clusters': array([6, 5, 3, 5, 5, 2, 8, 5, 1, 7, 5, 4, 1, 5, 6, 1, 5, 2, 5, 5, 5, 2,
       5, 1, 1, 5, 1, 3, 1, 2, 4, 5, 3, 2, 5, 5, 1, 1, 6, 8, 5, 3, 3, 1,
       3, 5, 1, 4, 1, 5, 5, 5, 5, 5, 1, 1, 2, 4, 5, 5, 2, 5, 5, 2, 5, 1,
       3, 5, 2, 5, 5, 5, 5, 3, 1, 5, 5, 4, 3, 4, 3, 4, 3, 5, 1, 5, 3, 7,
       3, 6, 3, 2, 5, 4, 4, 4, 5, 5, 4, 7, 2, 5, 3, 1, 5, 5, 5, 1, 5, 0,
       5, 2, 5, 3, 5, 4, 0, 2, 5, 5, 3, 5, 1, 4, 4, 1, 5, 2, 2, 1, 1, 5,
       3, 2, 5, 5, 2, 1, 2, 1, 1, 8, 5, 2, 3, 4, 8, 5, 5, 5, 4, 1, 5, 3,
       3, 2, 5, 5, 1, 0, 1, 3, 1, 2, 2, 5, 5, 5, 2, 5, 5, 8, 1, 5, 5, 1,
       3, 5, 5, 3, 4, 5, 1, 2, 2, 5, 7, 5, 2, 4, 5, 1, 2, 2, 1, 5, 4, 4,
       1, 3, 4, 3, 5, 2, 4, 5, 1, 3, 5, 2]), 'time': 1734.011223077774}
lenSubsequence: 8{'RI': 0.34545454545454546, 'num_clusters': 2, 'uShapelets': [{'ts_index': 26, 'loc': 10, 'gap': 0.03938564336879301, 'distances': array([0.04899787, 0.05624791, 0.04918298, 0.07917996, 0.08645858,
       0.02982415, 0.04052615, 0.02713463, 0.03989123, 0.05187277,
       0.02760475, 0.09948242, 0.06667483, 0.11690807, 0.13972517,
       0.13182838, 0.03127581, 0.14960338, 0.03090518, 0.0110048 ,
       0.0594285 , 0.02183204, 0.03107499, 0.03582578, 0.10557465,
       0.04752842, 0.        , 0.12075147, 0.17250824, 0.06075166,
       0.05614601, 0.12560684, 0.0731579 , 0.04923761, 0.0527993 ,
       0.05718218, 0.09505819, 0.06387022, 0.02723629, 0.07293621,
       0.04760879, 0.11863407, 0.04192831, 0.07220718, 0.02834136,
       0.1428452 , 0.05484791, 0.04731164, 0.07369706, 0.03001515,
       0.08776005, 0.10206217, 0.08924195, 0.06240606, 0.04740571,
       0.02689262, 0.05795425, 0.02929153, 0.09656777, 0.06866573,
       0.12454344, 0.08095739, 0.02331271, 0.0883631 , 0.05614915,
       0.03390674, 0.03597169, 0.03429986, 0.04323895, 0.09061727,
       0.03109328, 0.1654674 , 0.14231563, 0.0508346 , 0.22667308,
       0.02672423, 0.18827418, 0.0375607 , 0.05001864, 0.19288967,
       0.08980813, 0.06694355, 0.04891662, 0.02239628, 0.04054076,
       0.05603528, 0.00438099, 0.03642791, 0.10063803, 0.06266709,
       0.03550212, 0.03007177, 0.08267704, 0.08056506, 0.05927006,
       0.12317382, 0.04753601, 0.06343054, 0.11351504, 0.13656616,
       0.06119915, 0.02773076, 0.04314188, 0.06115985, 0.10660988,
       0.09275344, 0.07400268, 0.04931301, 0.02602396, 0.10990365,
       0.12868557, 0.03806672, 0.08137049, 0.09917373, 0.03210772,
       0.05249698, 0.06896945, 0.05171833, 0.04856634, 0.17265183,
       0.07112754, 0.10990969, 0.03878855, 0.06436878, 0.07508419,
       0.04831163, 0.03070373, 0.03109113, 0.0240238 , 0.13340242,
       0.0529524 , 0.02786588, 0.0429398 , 0.05851002, 0.06866555,
       0.06048655, 0.14090212, 0.06242345, 0.2010259 , 0.02562455,
       0.03868448, 0.02134452, 0.02540841, 0.07681848, 0.0269138 ,
       0.16466247, 0.07818111, 0.13360369, 0.1089218 , 0.16777223,
       0.13737373, 0.03874622, 0.07144266, 0.05316614, 0.07623008,
       0.05016602, 0.0235998 , 0.04151343, 0.03765605, 0.05475314,
       0.09770135, 0.04506192, 0.03907568, 0.03855482, 0.06158036,
       0.04437536, 0.1846636 , 0.05502622, 0.04683213, 0.03861989,
       0.0619407 , 0.0666901 , 0.0340355 , 0.04897824, 0.04648052,
       0.03395533, 0.02488374, 0.03081577, 0.09676003, 0.13084112,
       0.07168979, 0.03604023, 0.06193851, 0.06416265, 0.02875995,
       0.06209124, 0.09306689, 0.05615787, 0.10116041, 0.14565055,
       0.03077843, 0.04910911, 0.13030368, 0.04955167, 0.06351388,
       0.04191767, 0.05053696, 0.06126931, 0.02335435, 0.0347006 ,
       0.03554794, 0.02169993, 0.09842215, 0.1008113 , 0.07482023,
       0.04443809, 0.1269401 , 0.04356122, 0.03145398, 0.08889297]), 'delta_distances': array([0., 0., 0., 0., 0., 0., 0., 0., 0., 0., 0., 0., 0., 0., 0., 0., 0.,
       0., 0., 0., 0., 0., 0., 0., 0., 0., 0., 0., 0., 0., 0., 0., 0., 0.,
       0., 0., 0., 0., 0., 0., 0., 0., 0., 0., 0., 0., 0., 0., 0., 0., 0.,
       0., 0., 0., 0., 0., 0., 0., 0., 0., 0., 0., 0., 0., 0., 0., 0., 0.,
       0., 0., 0., 0., 0., 0., 0., 0., 0., 0., 0., 0., 0., 0., 0., 0., 0.,
       0., 0., 0., 0., 0., 0., 0., 0., 0., 0., 0., 0., 0., 0., 0., 0., 0.,
       0., 0., 0., 0., 0., 0., 0., 0., 0., 0., 0., 0., 0., 0., 0., 0., 0.,
       0., 0., 0., 0., 0., 0., 0., 0., 0., 0., 0., 0., 0., 0., 0., 0., 0.,
       0., 0., 0., 0., 0., 0., 0., 0., 0., 0., 0., 0., 0., 0., 0., 0., 0.,
       0., 0., 0., 0., 0., 0., 0., 0., 0., 0., 0., 0., 0., 0., 0., 0., 0.,
       0., 0., 0., 0., 0., 0., 0., 0., 0., 0., 0., 0., 0., 0., 0., 0., 0.,
       0., 0., 0., 0., 0., 0., 0., 0., 0., 0., 0., 0., 0., 0., 0., 0., 0.,
       0., 0., 0., 0., 0., 0.]), 'locations': array([ 33,   8,  57,  70,  85,   8,  54,  92,  75,  65,  39,  76,  35,
        63,  43,  95,  77,  72,  37,  89,  53, 100,  10,  59,  71,  99,
        10,  41,  98,  33,  88,  71,  39,  74, 100,  12,  75, 101,  57,
        34,  79,  52,  56,  38,  38,  69,  71,  36,  76,  57,  39, 104,
        51, 103,  70, 106,  88,  96, 103, 103,  64,  51,  45,  51,  33,
        42,  69,  91, 106,  56,  56,  54,  67, 126, 100,  65, 102,  33,
        42, 102,  95,  68,  34,  55,  71,  99, 127,  59,  38, 110,  60,
        50,  85,  52,  67, 107,  82,  97, 124, 108,  82,  82,  80,  52,
        34,  81,  73,  92, 116,  93,  92,  50,  59,  48,  47, 100,  28,
        37,  68,  72,  27,  61,   8,   7,  67,  83, 125,  64, 105, 101,
        38,  41,  49,  67, 105,  86,  85,  94,  49, 126, 105,  61,  77,
        95, 101,  34,  51,  33,  69,  88,  43,   7,  65,  90,  30,  67,
        92,  30, 101,  85,  54,  49,  79,  89,  62,  30, 127,  35,  55,
       125,  66,  93,  85,  74,  98,  69,  10,  76,  86,  77,  74,  56,
        32,  66,  87,  28, 102,  72,  85, 112,  84,  38,  97,  46,  66,
        32,  72,  44,  40,  84,  50,  84,  79,  37,  71,  39, 106,  66,
        46,  65])}], 'clusters': array([1, 1, 1, 1, 1, 1, 1, 1, 1, 1, 1, 1, 1, 0, 0, 0, 1, 0, 1, 1, 1, 1,
       1, 1, 1, 1, 1, 0, 0, 1, 1, 0, 1, 1, 1, 1, 1, 1, 1, 1, 1, 0, 1, 1,
       1, 0, 1, 1, 1, 1, 1, 1, 1, 1, 1, 1, 1, 1, 1, 1, 0, 1, 1, 1, 1, 1,
       1, 1, 1, 1, 1, 0, 0, 1, 0, 1, 0, 1, 1, 0, 1, 1, 1, 1, 1, 1, 1, 1,
       1, 1, 1, 1, 1, 1, 1, 0, 1, 1, 0, 0, 1, 1, 1, 1, 0, 1, 1, 1, 1, 0,
       0, 1, 1, 1, 1, 1, 1, 1, 1, 0, 1, 0, 1, 1, 1, 1, 1, 1, 1, 0, 1, 1,
       1, 1, 1, 1, 0, 1, 0, 1, 1, 1, 1, 1, 1, 0, 1, 0, 0, 0, 0, 1, 1, 1,
       1, 1, 1, 1, 1, 1, 1, 1, 1, 1, 1, 1, 0, 1, 1, 1, 1, 1, 1, 1, 1, 1,
       1, 1, 1, 0, 1, 1, 1, 1, 1, 1, 1, 1, 1, 0, 1, 1, 0, 1, 1, 1, 1, 1,
       1, 1, 1, 1, 1, 1, 1, 1, 0, 1, 1, 1]), 'time': 768.5124206542969}
