lenSubsequence: 5{'RI': 0.3609022556390977, 'num_clusters': 6, 'uShapelets': [{'ts_index': 200, 'loc': 84, 'gap': 0.10329933684342674, 'distances': array([0.18336368, 0.28203731, 0.38879528, 0.08172351, 0.13057577,
       0.20093035, 0.20326516, 0.1217038 , 0.10517433, 0.14085727,
       0.36138339, 0.1058825 , 0.28665952, 0.14120641, 0.17068434,
       0.35508283, 0.15486352, 0.06352124, 0.11207482, 0.30783094,
       0.14594727, 0.1152199 , 0.14552556, 0.26860099, 0.17701399,
       0.1211299 , 0.15840115, 0.31804916, 0.37263271, 0.13910591,
       0.10231606, 0.35926791, 0.24928604, 0.28765055, 0.28063176,
       0.14073605, 0.24951785, 0.08584014, 0.1637935 , 0.13194629,
       0.33790326, 0.17327852, 0.06909546, 0.21487223, 0.14980247,
       0.07077401, 0.40841056, 0.15845809, 0.11096607, 0.39319853,
       0.38282134, 0.26627448, 0.18841563, 0.28077222, 0.09301795,
       0.13417499, 0.15509146, 0.23905723, 0.39244804, 0.24868988,
       0.11437693, 0.12151536, 0.12322809, 0.20991815, 0.3529958 ,
       0.12784316, 0.12510493, 0.12161746, 0.12348012, 0.15625673,
       0.30049497, 0.18868593, 0.28588141, 0.12917074, 0.0946612 ,
       0.08245772, 0.08536972, 0.2946964 , 0.3891224 , 0.11252417,
       0.28095686, 0.07460083, 0.18840379, 0.14513011, 0.13184487,
       0.12465975, 0.19720245, 0.1516901 , 0.13720082, 0.1399329 ,
       0.07854522, 0.10079236, 0.29151949, 0.13593276, 0.22213663,
       0.3521148 , 0.2419265 , 0.08237201, 0.35333193, 0.11000107,
       0.10900586, 0.149947  , 0.0767935 , 0.25522156, 0.26159051,
       0.18328871, 0.12565614, 0.39934214, 0.28333352, 0.09555781,
       0.34333664, 0.12199811, 0.24520798, 0.13623911, 0.20249646,
       0.23188181, 0.225294  , 0.07719717, 0.25596097, 0.13368806,
       0.10295755, 0.13951455, 0.20638987, 0.14951824, 0.08748977,
       0.05922129, 0.21791171, 0.09329975, 0.23695096, 0.10229612,
       0.11596194, 0.40709216, 0.14259003, 0.30592049, 0.14667862,
       0.11613286, 0.41934748, 0.13432112, 0.24258589, 0.28205743,
       0.37160123, 0.30852534, 0.42231316, 0.26660739, 0.15665984,
       0.32442989, 0.12830883, 0.07084346, 0.15361823, 0.14382576,
       0.28840426, 0.12297103, 0.10204688, 0.15898955, 0.15410904,
       0.23774926, 0.2237273 , 0.34418403, 0.37694348, 0.1785758 ,
       0.12349322, 0.14641576, 0.14666514, 0.26554164, 0.10914615,
       0.16678936, 0.27588682, 0.33560798, 0.18310138, 0.12461383,
       0.23920656, 0.10923509, 0.14881024, 0.37878214, 0.13475497,
       0.09477648, 0.3818969 , 0.15210531, 0.14451007, 0.13214408,
       0.17342755, 0.19722399, 0.37169428, 0.13800933, 0.32537449,
       0.14868195, 0.11789297, 0.28977174, 0.31257841, 0.16027186,
       0.06765302, 0.12431948, 0.12575274, 0.11694667, 0.19960272,
       0.16242079, 0.26990115, 0.2854567 , 0.0947263 , 0.08278503,
       0.        , 0.1261924 , 0.3924236 , 0.09044251, 0.39589328,
       0.28576657, 0.18297935, 0.08638244, 0.11527457, 0.0806955 ]), 'delta_distances': array([0., 0., 0., 0., 0., 0., 0., 0., 0., 0., 0., 0., 0., 0., 0., 0., 0.,
       0., 0., 0., 0., 0., 0., 0., 0., 0., 0., 0., 0., 0., 0., 0., 0., 0.,
       0., 0., 0., 0., 0., 0., 0., 0., 0., 0., 0., 0., 0., 0., 0., 0., 0.,
       0., 0., 0., 0., 0., 0., 0., 0., 0., 0., 0., 0., 0., 0., 0., 0., 0.,
       0., 0., 0., 0., 0., 0., 0., 0., 0., 0., 0., 0., 0., 0., 0., 0., 0.,
       0., 0., 0., 0., 0., 0., 0., 0., 0., 0., 0., 0., 0., 0., 0., 0., 0.,
       0., 0., 0., 0., 0., 0., 0., 0., 0., 0., 0., 0., 0., 0., 0., 0., 0.,
       0., 0., 0., 0., 0., 0., 0., 0., 0., 0., 0., 0., 0., 0., 0., 0., 0.,
       0., 0., 0., 0., 0., 0., 0., 0., 0., 0., 0., 0., 0., 0., 0., 0., 0.,
       0., 0., 0., 0., 0., 0., 0., 0., 0., 0., 0., 0., 0., 0., 0., 0., 0.,
       0., 0., 0., 0., 0., 0., 0., 0., 0., 0., 0., 0., 0., 0., 0., 0., 0.,
       0., 0., 0., 0., 0., 0., 0., 0., 0., 0., 0., 0., 0., 0., 0., 0., 0.,
       0., 0., 0., 0., 0., 0.]), 'locations': array([101,  42,  54,  20,  78, 111,  95,  36,  59, 123, 104,  37,  11,
        53,  68,  12,  38, 110,  96,  63,  80, 100,  49,  99, 126,  98,
        97, 127,  56, 127, 105,  73,  39,  29,  32,  84, 124, 127, 100,
        88,  83,  89, 100,  34,  32,   9,  33, 101,  48,  51,  39,  82,
         9,  56,  56, 126,  37,  48,  85,  60,   6, 128,  28,   7,  12,
        38,  52,  37, 100,  49,  80,  10,  66,  11,  59,   9,  99,  59,
        56, 125,   8,  50,  36,  32, 122,  98,  96, 102,  39,   6,   9,
       101,  78,  90,  84,  53,  43,  91,  67, 126,  30,  87, 100, 127,
         8,   9,  25,  10,  21, 126,  98,  32,  10,  61,  99,  48,  12,
        50, 123,  24,  61, 126,   8,  62, 101, 125, 125,   8,  65,  11,
        38,  48,  63,  32,  30,  50,  49, 127,  91,  64,  68,  62,  87,
        48,   6, 126, 127,  33,   5,  32, 127,  59,  58,   9,  99,  66,
       122,  64,  36,  58, 126, 125, 101, 123,  24, 103,  78, 101,  39,
        48,  32,  82, 127,  33,  82,  70,   9,  98, 102, 125,  55, 126,
        64,  10,  51,  75,  51,  38,  77,  36,  83,  82,  85,  79,   6,
       117, 125,  86,  88,  81,  84,  33, 103,  31, 101, 127, 102,   5,
       100,  52])}, {'ts_index': 142, 'loc': 37, 'gap': 0.12690380637206733, 'distances': array([0.3199851 , 0.35216105, 0.31372196, 0.37955373, 0.10283632,
       0.30162721, 0.32321551, 0.106414  , 0.32860619, 0.14784179,
       0.30971983, 0.32880518, 0.38214526, 0.38511915, 0.27396105,
       0.31373003, 0.32374705, 0.26787528, 0.14146652, 0.34011873,
       0.14106042, 0.35023553, 0.28758575, 0.38377134, 0.        ,
       0.2503887 , 0.36542042, 0.35603454, 0.35079434, 0.27610884,
       0.40371885, 0.14781603, 0.14486691, 0.28468566, 0.32951007,
       0.34224142]), 'delta_distances': array([0., 0., 0., 0., 0., 0., 0., 0., 0., 0., 0., 0., 0., 0., 0., 0., 0.,
       0., 0., 0., 0., 0., 0., 0., 0., 0., 0., 0., 0., 0., 0., 0., 0., 0.,
       0., 0.]), 'locations': array([ 83,  51,  31, 125,  78,  66,  39, 113,  64, 124, 122,  55, 127,
        10,  37,  31, 124, 125, 125, 125,  51, 100,  90,  76,  37,  34,
        51,  56,  55,  69,  85,  63,  37,  85,  65, 125])}, {'ts_index': 157, 'loc': 64, 'gap': 0.10391384203507129, 'distances': array([0.40211632, 0.33573101, 0.0975762 , 0.27732483, 0.35953945,
       0.27548911, 0.25281469, 0.3760004 , 0.41533099, 0.35562198,
       0.244517  , 0.35116631, 0.12126465, 0.40392041, 0.29390096,
       0.1668856 , 0.12180594, 0.1342217 , 0.16234291, 0.32215351,
       0.        , 0.29861433, 0.18264654, 0.34166283, 0.32947533,
       0.33432611, 0.39230881, 0.26739422]), 'delta_distances': array([0., 0., 0., 0., 0., 0., 0., 0., 0., 0., 0., 0., 0., 0., 0., 0., 0.,
       0., 0., 0., 0., 0., 0., 0., 0., 0., 0., 0.]), 'locations': array([ 54,  39,  12,  51, 124,  49,  97,  87,  85,  11,  80,  56, 126,
        85,  88,  98, 124, 124,   9,  66,  64,  11, 101,  70,  10,  38,
       102,   9])}, {'ts_index': 188, 'loc': 37, 'gap': 0.1180687775501073, 'distances': array([0.30845196, 0.09783517, 0.21395548, 0.13697625, 0.06852278,
       0.38170049, 0.16947777, 0.30705522, 0.36279984, 0.23186347,
       0.09713201, 0.34514498, 0.19441252, 0.20862319, 0.34729121,
       0.3697468 , 0.06951643, 0.        , 0.12715727, 0.14770014]), 'delta_distances': array([0., 0., 0., 0., 0., 0., 0., 0., 0., 0., 0., 0., 0., 0., 0., 0., 0.,
       0., 0., 0.]), 'locations': array([122,  39,  50, 124, 103,  83, 124,  85,  55,  63,  56,  41,  32,
        51,  11,  89,  10,  37, 102,  11])}, {'ts_index': 64, 'loc': 8, 'gap': 0.07945944637886454, 'distances': array([0.18697075, 0.26103434, 0.10104033, 0.        , 0.1066171 ,
       0.24721543, 0.21200409]), 'delta_distances': array([0., 0., 0., 0., 0., 0., 0.]), 'locations': array([ 29,  33,  25,   8,  92,  46, 116])}, {'ts_index': 46, 'loc': 70, 'gap': 0.1661397059479897, 'distances': array([0.18698296, 0.        , 0.35312266, 0.354296  ]), 'delta_distances': array([0., 0., 0., 0.]), 'locations': array([97, 70, 56,  9])}], 'clusters': array([1, 1, 6, 1, 1, 1, 1, 1, 1, 1, 4, 1, 1, 1, 1, 3, 1, 1, 1, 4, 1, 1,
       1, 1, 1, 1, 1, 2, 4, 1, 1, 4, 1, 1, 1, 1, 1, 1, 1, 1, 2, 1, 1, 1,
       1, 1, 6, 1, 1, 2, 4, 1, 1, 1, 1, 1, 1, 1, 5, 1, 1, 1, 1, 1, 5, 1,
       1, 1, 1, 1, 4, 1, 1, 1, 1, 1, 1, 1, 4, 1, 1, 1, 1, 1, 1, 1, 1, 1,
       1, 1, 1, 1, 1, 1, 1, 3, 1, 1, 5, 1, 1, 1, 1, 1, 1, 1, 1, 4, 1, 1,
       2, 1, 1, 1, 1, 1, 1, 1, 1, 1, 1, 1, 1, 1, 1, 1, 1, 1, 1, 1, 1, 3,
       1, 2, 1, 1, 3, 1, 1, 1, 3, 3, 2, 1, 1, 4, 1, 1, 1, 1, 1, 1, 1, 1,
       1, 1, 1, 3, 0, 1, 1, 1, 1, 1, 1, 1, 1, 3, 1, 1, 1, 1, 1, 0, 1, 1,
       4, 1, 1, 1, 1, 1, 2, 1, 2, 1, 1, 1, 4, 1, 1, 1, 1, 1, 1, 1, 1, 1,
       1, 1, 1, 1, 4, 1, 4, 1, 1, 1, 1, 1]), 'time': 644.3553986549377}
lenSubsequence: 6{'RI': 0.7840966051492367, 'num_clusters': 12, 'uShapelets': [{'ts_index': 197, 'loc': 32, 'gap': 0.05142003106773296, 'distances': array([0.16859581, 0.31218291, 0.15310439, 0.27542624, 0.20095265,
       0.22800321, 0.12114212, 0.29688869, 0.22196626, 0.3017529 ,
       0.25936366, 0.2539465 , 0.30137557, 0.09906059, 0.28304789,
       0.25485048, 0.34803067, 0.23078209, 0.30688418, 0.34666383,
       0.26693659, 0.26208118, 0.29022556, 0.15279683, 0.16853458,
       0.26188657, 0.32240448, 0.22691848, 0.19209737, 0.25071859,
       0.27786647, 0.1318344 , 0.26561606, 0.28912958, 0.25707426,
       0.31527027, 0.24877565, 0.30065103, 0.24052719, 0.25046011,
       0.2959799 , 0.23865791, 0.32128738, 0.25047636, 0.24746135,
       0.32503446, 0.27125504, 0.15802398, 0.22582984, 0.32368712,
       0.2452085 , 0.16767498, 0.2743927 , 0.30605278, 0.35369048,
       0.2015924 , 0.33171605, 0.32758855, 0.28533584, 0.31429217,
       0.25731682, 0.29638116, 0.32696407, 0.30320761, 0.33863569,
       0.29012233, 0.26327725, 0.26695468, 0.27881696, 0.267377  ,
       0.12770517, 0.31206944, 0.33288396, 0.24851289, 0.2150613 ,
       0.32636247, 0.27788048, 0.28465349, 0.2957223 , 0.27978606,
       0.25775563, 0.26318857, 0.1816679 , 0.20356689, 0.15071061,
       0.18351834, 0.24076013, 0.26843553, 0.20186063, 0.18807455,
       0.22951701, 0.2053371 , 0.31037275, 0.12811682, 0.17576385,
       0.21053804, 0.20370581, 0.23088149, 0.26171424, 0.07473041,
       0.16271639, 0.32851395, 0.27575012, 0.30729395, 0.16113023,
       0.29425871, 0.25940776, 0.25013842, 0.19521592, 0.2769305 ,
       0.3195283 , 0.24701485, 0.2966486 , 0.28618748, 0.30349158,
       0.29405812, 0.29662198, 0.27700737, 0.27848028, 0.21641637,
       0.17952448, 0.25687089, 0.23079398, 0.31576899, 0.24934551,
       0.22315333, 0.36192706, 0.28549305, 0.30468183, 0.12799664,
       0.11750641, 0.23960866, 0.16258548, 0.33746151, 0.33142839,
       0.21406261, 0.25468084, 0.17285605, 0.25280628, 0.3273701 ,
       0.26755865, 0.25742269, 0.29386017, 0.22549097, 0.17268564,
       0.30011842, 0.23782765, 0.29607426, 0.33054293, 0.29786599,
       0.31553842, 0.21328803, 0.19815934, 0.3081687 , 0.29862687,
       0.25874796, 0.25564183, 0.28459241, 0.29029719, 0.20022441,
       0.28204918, 0.26727929, 0.28073411, 0.20229587, 0.1379821 ,
       0.25861696, 0.2163146 , 0.30322266, 0.28096479, 0.25428152,
       0.25225626, 0.12870046, 0.26768559, 0.30768099, 0.28838081,
       0.28713293, 0.23276413, 0.30780711, 0.29285087, 0.37292807,
       0.26043437, 0.09349645, 0.29737904, 0.28109098, 0.18704531,
       0.35239797, 0.27979136, 0.13698947, 0.24291494, 0.29608442,
       0.24694375, 0.32947687, 0.30568696, 0.24080205, 0.15277626,
       0.20733228, 0.2484603 , 0.        , 0.25861338, 0.15817474,
       0.17458944, 0.25149456, 0.26995243, 0.26427439, 0.17979266,
       0.27000372, 0.16711766, 0.17271069, 0.26316867, 0.12691173]), 'delta_distances': array([0., 0., 0., 0., 0., 0., 0., 0., 0., 0., 0., 0., 0., 0., 0., 0., 0.,
       0., 0., 0., 0., 0., 0., 0., 0., 0., 0., 0., 0., 0., 0., 0., 0., 0.,
       0., 0., 0., 0., 0., 0., 0., 0., 0., 0., 0., 0., 0., 0., 0., 0., 0.,
       0., 0., 0., 0., 0., 0., 0., 0., 0., 0., 0., 0., 0., 0., 0., 0., 0.,
       0., 0., 0., 0., 0., 0., 0., 0., 0., 0., 0., 0., 0., 0., 0., 0., 0.,
       0., 0., 0., 0., 0., 0., 0., 0., 0., 0., 0., 0., 0., 0., 0., 0., 0.,
       0., 0., 0., 0., 0., 0., 0., 0., 0., 0., 0., 0., 0., 0., 0., 0., 0.,
       0., 0., 0., 0., 0., 0., 0., 0., 0., 0., 0., 0., 0., 0., 0., 0., 0.,
       0., 0., 0., 0., 0., 0., 0., 0., 0., 0., 0., 0., 0., 0., 0., 0., 0.,
       0., 0., 0., 0., 0., 0., 0., 0., 0., 0., 0., 0., 0., 0., 0., 0., 0.,
       0., 0., 0., 0., 0., 0., 0., 0., 0., 0., 0., 0., 0., 0., 0., 0., 0.,
       0., 0., 0., 0., 0., 0., 0., 0., 0., 0., 0., 0., 0., 0., 0., 0., 0.,
       0., 0., 0., 0., 0., 0.]), 'locations': array([124,  97,  83,  22,   9, 113, 123,  81,  52, 124, 103,  86,  34,
        51,  68,  85,  52, 110,  62,  99,  79,  37,   9,  39, 126,  97,
       125,  50, 123,  34,  57,  10, 101, 125,  98,  54, 101,  23, 126,
        10,   7,  78,  88, 125, 127,   9,  10,   9,  97,  50,  77,  49,
        88,  56,  42,  35, 125, 127,  86,  44,  81,  63,   2, 128, 125,
        99, 127,   9, 125,  59,   9,   8,  65,  62,  99, 127,  32, 102,
        92,  80,  62,  30, 124,  11, 122,   9,  39, 102,  10,  62,  68,
         9,   9,  58,  43,  54,  99,   9,  67, 102,  29,  50,  52, 126,
        60,  51,  64, 125,  20, 105,  35, 124,  58,  89,  32,  88, 100,
        99,   9, 128,  10,  51, 101,  25,  29,  30,  10,  88,  46, 125,
       127,   9, 124,  34,   7,   9,  31,   9,  79,  63,  66,   8,  10,
        90,  52,   8,  86,  12,  71,  33,  34,  59,   9,  33,  66,  96,
        65, 103,  85,  65,  39, 102, 112,  84,   6, 125,  10,  55,  54,
        98, 103, 125,  37, 101,  54,  70,   9,  88,  10,   0,  65, 102,
        64,  10, 114,  10,  52,   9,  75,  35, 100, 126,  24,  80,  81,
        21, 125,  32, 124,   8,  64,  33,  65,  50,   9,  89,   9,  82,
       125, 127])}, {'ts_index': 79, 'loc': 10, 'gap': 0.09256952540590116, 'distances': array([0.30307702, 0.16992629, 0.27080125, 0.26094856, 0.28375156,
       0.33462403, 0.32734893, 0.26240018, 0.12388752, 0.18520733,
       0.29582996, 0.33398904, 0.292446  , 0.32408812, 0.31387026,
       0.21085418, 0.11767054, 0.15254607, 0.17987241, 0.24893599,
       0.27353741, 0.31754941, 0.33394912, 0.31217637, 0.3085798 ,
       0.34450051, 0.31775473, 0.15095756, 0.15301114, 0.26328433,
       0.28332341, 0.32237155, 0.27635304, 0.28567488, 0.08488562,
       0.21846323, 0.22599296, 0.27960679, 0.31216347, 0.29765177,
       0.30630397, 0.09025603, 0.28811553, 0.1606965 , 0.32748475,
       0.24961145, 0.22356743, 0.34218876, 0.32333727, 0.34209602,
       0.08962287, 0.22302943, 0.32699125, 0.12034165, 0.31064517,
       0.13154573, 0.2639098 , 0.27853446, 0.32036491, 0.14051914,
       0.12524437, 0.31253817, 0.34708834, 0.30638957, 0.30746037,
       0.3023208 , 0.30408172, 0.23089887, 0.26823877, 0.        ,
       0.28299606, 0.27411745, 0.30084545, 0.12902037, 0.33636479,
       0.27042925, 0.3154784 , 0.25642832, 0.20705396, 0.30070648,
       0.28843515, 0.27599766, 0.28110817, 0.22406051, 0.29658461,
       0.15966819, 0.32271463, 0.26942888, 0.2603695 , 0.28546625,
       0.29041387, 0.30348102, 0.22764013, 0.31942178, 0.10151343,
       0.2627019 , 0.33892208, 0.23904146, 0.31947715, 0.29121474,
       0.33635946, 0.15772516, 0.31073264, 0.23322554, 0.30831857,
       0.32724212, 0.29316456, 0.31344353, 0.09476826, 0.32286788,
       0.33756167, 0.30813401, 0.33394381, 0.31133557, 0.30011973,
       0.13525478, 0.28411242, 0.2479032 , 0.28095623, 0.31925155,
       0.29490368, 0.30697013, 0.26882583, 0.34545253, 0.28768998,
       0.32618862, 0.33668594, 0.22165636, 0.30396109, 0.08796493,
       0.339286  , 0.30054896, 0.28598938, 0.29513198, 0.3293642 ,
       0.2357411 , 0.33103407, 0.31269676, 0.28719498, 0.32313977,
       0.09946035, 0.32209745, 0.34478435, 0.11849421, 0.28109175,
       0.28521996, 0.20362495, 0.13968165, 0.35165402, 0.16189645,
       0.31674956, 0.26888949, 0.29676047, 0.3411607 , 0.13323844,
       0.31361359, 0.30042049, 0.32437285, 0.19981632, 0.30976853,
       0.30079532, 0.26039569, 0.32092232, 0.23814622, 0.31068045,
       0.32901629, 0.28527174, 0.33165597, 0.29580519, 0.3390669 ,
       0.31585911, 0.25002656, 0.30336807]), 'delta_distances': array([0., 0., 0., 0., 0., 0., 0., 0., 0., 0., 0., 0., 0., 0., 0., 0., 0.,
       0., 0., 0., 0., 0., 0., 0., 0., 0., 0., 0., 0., 0., 0., 0., 0., 0.,
       0., 0., 0., 0., 0., 0., 0., 0., 0., 0., 0., 0., 0., 0., 0., 0., 0.,
       0., 0., 0., 0., 0., 0., 0., 0., 0., 0., 0., 0., 0., 0., 0., 0., 0.,
       0., 0., 0., 0., 0., 0., 0., 0., 0., 0., 0., 0., 0., 0., 0., 0., 0.,
       0., 0., 0., 0., 0., 0., 0., 0., 0., 0., 0., 0., 0., 0., 0., 0., 0.,
       0., 0., 0., 0., 0., 0., 0., 0., 0., 0., 0., 0., 0., 0., 0., 0., 0.,
       0., 0., 0., 0., 0., 0., 0., 0., 0., 0., 0., 0., 0., 0., 0., 0., 0.,
       0., 0., 0., 0., 0., 0., 0., 0., 0., 0., 0., 0., 0., 0., 0., 0., 0.,
       0., 0., 0., 0., 0., 0., 0., 0., 0., 0., 0., 0., 0., 0., 0., 0., 0.,
       0., 0., 0.]), 'locations': array([ 51,  44, 102,  81,  55, 128,  81,  39, 122,  31, 122,  85, 128,
       110,  62,  11, 124,   6,  48, 126,   9, 132,   9,  57,  36, 101,
       102,  30,  54,  86,   8, 128,  31,  24,  88,   9,  89,  31,   9,
        11,  49,  84,  77,  99, 103,  99,  36,  64, 127,  34,  44,  53,
        90, 115,  53, 125,  40, 113, 124,  50, 126,  76,  58,  38,  36,
        96,  32,  89, 125,  10, 127,  12,  83,  38,  68,  79, 128,  53,
        67,  52, 126,  42,   9,  40,  86,   5,  32,  50,  24,  48,  45,
        79,  35,  51,  58,  89,  99,  11, 101,  10,  31, 128,  10,   5,
        39,  31,  76,  62, 124, 102,  58,  51, 125,   9, 125,  37,  99,
        51,   8,  77,  38, 101,  41, 127,   6, 126,  11,  59,   9, 124,
        66,  32,  86, 126, 126,  85,  51, 102, 100,  54,  36, 126,  55,
        97,  32, 103,  52,  88,  64,  70, 126, 100,  10, 124,  83,  64,
       103,  75, 103,   8,  88,  83, 127,  85,  51,  93, 101,  97,  10,
        65,  64,  51,  11])}, {'ts_index': 118, 'loc': 31, 'gap': 0.058513832247374054, 'distances': array([0.3115139 , 0.2751639 , 0.34147751, 0.28864791, 0.28666121,
       0.25868981, 0.3248472 , 0.28816837, 0.30994933, 0.26219087,
       0.3125608 , 0.32172167, 0.29701669, 0.19828882, 0.29360894,
       0.31243258, 0.32641411, 0.33238303, 0.30924178, 0.23629505,
       0.27491657, 0.36240926, 0.1749287 , 0.20414239, 0.20467359,
       0.17262421, 0.32293551, 0.17669943, 0.31375892, 0.28824894,
       0.26741763, 0.27323574, 0.27953948, 0.32566657, 0.41168195,
       0.29553643, 0.30254901, 0.33581429, 0.32193161, 0.28890589,
       0.29736228, 0.25143441, 0.24316242, 0.33516163, 0.14047834,
       0.29193378, 0.35472812, 0.12975044, 0.30909062, 0.10814738,
       0.19005242, 0.29894111, 0.2411413 , 0.31317374, 0.32927142,
       0.32596334, 0.31866556, 0.34297432, 0.29258414, 0.34123992,
       0.26257485, 0.29410533, 0.20217483, 0.31836127, 0.34067686,
       0.20805314, 0.27468818, 0.32063316, 0.16029808, 0.29735007,
       0.30214661, 0.34011398, 0.27841159, 0.35283068, 0.30898633,
       0.30229395, 0.18988665, 0.3028717 , 0.29871816, 0.34756537,
       0.        , 0.24842404, 0.30695179, 0.2414559 , 0.17685619,
       0.28665723, 0.32608485, 0.27860965, 0.29626651, 0.35245052,
       0.35498903, 0.30282978, 0.32771593, 0.27369217, 0.21520651,
       0.29417514, 0.27902539, 0.30621249, 0.34023476, 0.31904928,
       0.23220131, 0.15846286, 0.15566298, 0.33516631, 0.27426258,
       0.24793507, 0.29626562, 0.28000379, 0.31907452, 0.2154965 ,
       0.33181376, 0.21819395, 0.22221478, 0.30538844, 0.1841518 ,
       0.29148388, 0.28836115, 0.18441155, 0.341542  , 0.35360394,
       0.2604821 , 0.34737548, 0.31513773, 0.13260575, 0.31623569,
       0.33432236, 0.20003721, 0.14280437, 0.29106514, 0.29708871,
       0.33188892, 0.37511783, 0.30846783, 0.28481687, 0.18113077,
       0.32722004, 0.30035434, 0.29063376, 0.15363867, 0.33870012,
       0.36684944, 0.18541675, 0.22039534]), 'delta_distances': array([0., 0., 0., 0., 0., 0., 0., 0., 0., 0., 0., 0., 0., 0., 0., 0., 0.,
       0., 0., 0., 0., 0., 0., 0., 0., 0., 0., 0., 0., 0., 0., 0., 0., 0.,
       0., 0., 0., 0., 0., 0., 0., 0., 0., 0., 0., 0., 0., 0., 0., 0., 0.,
       0., 0., 0., 0., 0., 0., 0., 0., 0., 0., 0., 0., 0., 0., 0., 0., 0.,
       0., 0., 0., 0., 0., 0., 0., 0., 0., 0., 0., 0., 0., 0., 0., 0., 0.,
       0., 0., 0., 0., 0., 0., 0., 0., 0., 0., 0., 0., 0., 0., 0., 0., 0.,
       0., 0., 0., 0., 0., 0., 0., 0., 0., 0., 0., 0., 0., 0., 0., 0., 0.,
       0., 0., 0., 0., 0., 0., 0., 0., 0., 0., 0., 0., 0., 0., 0., 0., 0.,
       0., 0., 0., 0., 0., 0., 0.]), 'locations': array([  7,  79,  53,  80, 128,  61, 103,  10,  54, 128, 111,  33,  51,
        97,  48,  98,  84,  34,  36,  60, 101,  43,   6, 102,  31,  58,
       126, 125, 126,  49,  39,  49,  77, 126,  68, 126, 125,  57,  13,
        24, 128, 112,  10,  99, 123,  98,  52, 125,  36,  57,  11,  11,
        92,   9,  29,  11,  68,  49, 128,  68, 125,   9,  55,  63,   9,
        10,  50,  32, 100,   7,  75,  20,  89,  35, 124, 126,  10,  10,
       103, 125,  31,  81, 113,  25,  29,  76,  32, 102,  77,  51, 103,
       123, 102,  31,  31, 124,  10,  78,  66,  97, 127,  71,  11,  11,
       113,   9,  66,  32,  39, 126,  85, 124,  39, 102, 112,  54,  50,
        55,  98,  67,  24,  97,   9, 125,  31, 103,  92,   9,  49,   9,
       127,  94, 127,   6,  63,  91, 102, 124,  71,  65,  76,  90,  37])}, {'ts_index': 48, 'loc': 31, 'gap': 0.09397761619139083, 'distances': array([0.29094837, 0.29614519, 0.27174095, 0.15347058, 0.26001363,
       0.32715318, 0.27455394, 0.28781909, 0.27170585, 0.09383336,
       0.27502235, 0.23957137, 0.29739477, 0.34042682, 0.3160244 ,
       0.24499259, 0.17418428, 0.16150804, 0.20081104, 0.34974273,
       0.22769073, 0.22844621, 0.10321353, 0.21049371, 0.10430598,
       0.        , 0.24648852, 0.17644893, 0.26015041, 0.33639972,
       0.25880337, 0.29208247, 0.35511136, 0.30933588, 0.21832286,
       0.2034659 , 0.25487463, 0.2467493 , 0.24245408, 0.21924775,
       0.26860782, 0.2215992 , 0.3383963 , 0.21156942, 0.24234558,
       0.2429876 , 0.31593567, 0.09369886, 0.26204961, 0.27557226,
       0.20027914, 0.08582564, 0.25919962, 0.09140376, 0.27577593,
       0.08468232, 0.29895336, 0.08994621, 0.29301954, 0.30026807,
       0.31431343, 0.10096217, 0.2036063 , 0.24904785, 0.27993117,
       0.27646287, 0.24627056, 0.32475809, 0.29748009, 0.1785579 ,
       0.11086113, 0.27600284, 0.05560581, 0.24178218, 0.21358533,
       0.09441044, 0.06182876, 0.34562909, 0.23703909, 0.32836268,
       0.19384811, 0.27196473, 0.12691789, 0.2064491 , 0.33210591,
       0.20891283, 0.25232688, 0.27326101, 0.08625323, 0.34601538,
       0.26951944, 0.21047481, 0.31105128, 0.33071243, 0.25026117,
       0.15386192, 0.19071084, 0.09859736, 0.23795478, 0.20587274,
       0.10154856, 0.26922586, 0.21630011, 0.28787215, 0.24738853,
       0.28395818, 0.27083941, 0.2728705 , 0.24115059, 0.30482942,
       0.28557658, 0.2907971 , 0.29127056, 0.32355018, 0.2593666 ,
       0.0855894 , 0.22678414, 0.2956851 ]), 'delta_distances': array([0., 0., 0., 0., 0., 0., 0., 0., 0., 0., 0., 0., 0., 0., 0., 0., 0.,
       0., 0., 0., 0., 0., 0., 0., 0., 0., 0., 0., 0., 0., 0., 0., 0., 0.,
       0., 0., 0., 0., 0., 0., 0., 0., 0., 0., 0., 0., 0., 0., 0., 0., 0.,
       0., 0., 0., 0., 0., 0., 0., 0., 0., 0., 0., 0., 0., 0., 0., 0., 0.,
       0., 0., 0., 0., 0., 0., 0., 0., 0., 0., 0., 0., 0., 0., 0., 0., 0.,
       0., 0., 0., 0., 0., 0., 0., 0., 0., 0., 0., 0., 0., 0., 0., 0., 0.,
       0., 0., 0., 0., 0., 0., 0., 0., 0., 0., 0., 0., 0., 0., 0., 0.]), 'locations': array([126,  53, 129, 125, 127,  34, 125,  42,  12,  37,   7,  88, 102,
        87,  87,  85,  13,  87,  54,  49,  11,  37,  32,  30,  38,  31,
         9,  85,  56, 125,  36,  87, 100,   8,  50,   6,  50,  23,   9,
        10, 126,  47,  82,  79,  77,  34, 103,   9, 127,   9,  33,  39,
        81,  82,  85, 123,  83,  37,   9, 115,   8,  98,  32,  10,  63,
        12,  98,  82,  58,   6,  10,   9, 101, 126,  33, 101,  36, 101,
        49,  22,  78,  87,  37, 126,  79, 104, 101, 127,  58, 101, 125,
        37, 102,  11, 123,  78, 103,  53,  78,  61, 102, 112,  39,  86,
        66,  98, 126,  37,  58,  85,  94, 128,  22,  29,  88, 102,  32,
        51])}, {'ts_index': 203, 'loc': 33, 'gap': 0.058339007764143774, 'distances': array([0.32339146, 0.34734126, 0.16561607, 0.28296811, 0.32462416,
       0.33487712, 0.31503173, 0.29552637, 0.26150987, 0.10564199,
       0.28010499, 0.25273563, 0.25950276, 0.30514734, 0.29803821,
       0.2841608 , 0.2004399 , 0.30656068, 0.31237954, 0.33588246,
       0.11970931, 0.19489851, 0.25384441, 0.24949548, 0.28770497,
       0.14269143, 0.28342555, 0.27614829, 0.32994897, 0.16608484,
       0.31219093, 0.18357767, 0.31645478, 0.25856517, 0.32804749,
       0.23806898, 0.29924407, 0.31295316, 0.26819072, 0.27577539,
       0.19207233, 0.36338046, 0.16673072, 0.15425424, 0.21041581,
       0.22599687, 0.19607047, 0.15572307, 0.21095098, 0.2999607 ,
       0.29645631, 0.14097419, 0.271301  , 0.33054847, 0.30436612,
       0.27977329, 0.16683943, 0.34949971, 0.303827  , 0.27076993,
       0.30906142, 0.26691745, 0.3610766 , 0.26309686, 0.29676892,
       0.13349514, 0.2611722 , 0.30927235, 0.34361382, 0.32213893,
       0.29299293, 0.30574801, 0.20478163, 0.34276144, 0.25893299,
       0.33087801, 0.33937055, 0.19931142, 0.3343997 , 0.23845171,
       0.28070166, 0.16215335, 0.14817158, 0.29830007, 0.30871813,
       0.30746644, 0.19088455, 0.28674741, 0.31898711, 0.2727133 ,
       0.19137064, 0.25982136, 0.26234219, 0.29242029, 0.34405116,
       0.        , 0.30455436]), 'delta_distances': array([0., 0., 0., 0., 0., 0., 0., 0., 0., 0., 0., 0., 0., 0., 0., 0., 0.,
       0., 0., 0., 0., 0., 0., 0., 0., 0., 0., 0., 0., 0., 0., 0., 0., 0.,
       0., 0., 0., 0., 0., 0., 0., 0., 0., 0., 0., 0., 0., 0., 0., 0., 0.,
       0., 0., 0., 0., 0., 0., 0., 0., 0., 0., 0., 0., 0., 0., 0., 0., 0.,
       0., 0., 0., 0., 0., 0., 0., 0., 0., 0., 0., 0., 0., 0., 0., 0., 0.,
       0., 0., 0., 0., 0., 0., 0., 0., 0., 0., 0., 0.]), 'locations': array([ 81,  53,  52,  22,  50, 125,  56,  34,  99, 124,  69,  87,  10,
        85,  13,  13,  38,  50,  68,  78,  97,  98,  31,  67,  11,   9,
        87,  85,   7,  10,  99,  51, 101,   9,  56, 126,  47,  82,  99,
       124, 125, 103, 127,  81, 124,  11,  86,  83,  98,   2,   8,  10,
        38, 125, 107,  32,  93,  58, 112, 124,  45, 125,  49,  49,  67,
       125,  87,  92,  79, 104, 126,  24, 125, 125,  37,  64,  55,  86,
       103,   9,  61,   7,   9,  86, 124,  88, 125,  10,  58,  85,  65,
        97,  22,  29,  88,  33, 124])}, {'ts_index': 78, 'loc': 91, 'gap': 0.05004558919196567, 'distances': array([0.26242056, 0.31677338, 0.12508221, 0.29098347, 0.21436552,
       0.29399153, 0.24416617, 0.27984566, 0.21220129, 0.09348577,
       0.32357019, 0.26226215, 0.27133827, 0.31547886, 0.31719899,
       0.34270426, 0.23928134, 0.1769433 , 0.31408733, 0.18810779,
       0.23567829, 0.28288498, 0.21268258, 0.28593829, 0.24453281,
       0.18515153, 0.28085283, 0.25807646, 0.21170934, 0.        ,
       0.26575664, 0.25527648, 0.24459299, 0.25788256, 0.25559235,
       0.20433674, 0.27396327, 0.14956357, 0.33411029, 0.08829435,
       0.27905466, 0.12286375, 0.27036901, 0.19893897, 0.18888622,
       0.23666052, 0.2546892 , 0.27172477, 0.19760217, 0.26521818,
       0.29710695, 0.10630947, 0.29920472, 0.31026464, 0.20769442,
       0.29406552, 0.32044349, 0.232841  , 0.10935775, 0.18698803,
       0.27479149, 0.08747003, 0.27895474, 0.15710559, 0.27073016,
       0.16996487, 0.25742329, 0.22229327, 0.28380331, 0.30766152,
       0.23929276, 0.22134809]), 'delta_distances': array([0., 0., 0., 0., 0., 0., 0., 0., 0., 0., 0., 0., 0., 0., 0., 0., 0.,
       0., 0., 0., 0., 0., 0., 0., 0., 0., 0., 0., 0., 0., 0., 0., 0., 0.,
       0., 0., 0., 0., 0., 0., 0., 0., 0., 0., 0., 0., 0., 0., 0., 0., 0.,
       0., 0., 0., 0., 0., 0., 0., 0., 0., 0., 0., 0., 0., 0., 0., 0., 0.,
       0., 0., 0., 0.]), 'locations': array([ 51,  63, 101,  81,  65,  61,  54, 130,  51, 102,  52,  84,  57,
        35,  66,  87,   9, 126,  99,  52,  36, 126, 127, 112,  38,  77,
        66,  59, 103,  91,  88, 102,  89,  51,  90,  89, 126,  31,  61,
        10,  52,  24,  32,  58,  51,  11,  31,  51,   9,  34,  10, 126,
        11,  38,  32,  86,  82, 126, 124,  47,  47, 126,  32, 124,  58,
        57,  97,  99,  91,  50,  98,  11])}, {'ts_index': 108, 'loc': 22, 'gap': 0.05749381532998438, 'distances': array([0.13945222, 0.32951088, 0.16819365, 0.20193436, 0.30044282,
       0.30553775, 0.19389133, 0.13205522, 0.27164728, 0.2986484 ,
       0.33879981, 0.30119074, 0.27949495, 0.27723432, 0.08203832,
       0.13235504, 0.27834405, 0.25516981, 0.26651192, 0.27967489,
       0.28431057, 0.31589299, 0.30736338, 0.2782484 , 0.32727997,
       0.23613568, 0.29690773, 0.34007616, 0.25466416, 0.        ,
       0.21689039, 0.24504158, 0.23270457, 0.19176044, 0.30216965,
       0.19307264, 0.27120259, 0.31433045, 0.32281777, 0.30195529,
       0.12942574, 0.34468816, 0.17333812, 0.21721614, 0.27777867,
       0.18348084, 0.17591194, 0.11767432, 0.34096075, 0.16382689,
       0.30516997, 0.30788631, 0.33831459, 0.18039163, 0.23503691,
       0.14786685, 0.31755462, 0.2880228 ]), 'delta_distances': array([0., 0., 0., 0., 0., 0., 0., 0., 0., 0., 0., 0., 0., 0., 0., 0., 0.,
       0., 0., 0., 0., 0., 0., 0., 0., 0., 0., 0., 0., 0., 0., 0., 0., 0.,
       0., 0., 0., 0., 0., 0., 0., 0., 0., 0., 0., 0., 0., 0., 0., 0., 0.,
       0., 0., 0., 0., 0., 0., 0.]), 'locations': array([ 81,  62,  34,   9,  56,  11,  53, 125,  40,  58,  14,  13,  50,
        68,  10,  11, 127,  87,  85,  52, 129,  24,  57,  60,  30,  53,
       124, 103, 101,  22, 126,  38,  88,  36,  75, 126, 100, 100,  98,
        67,  38,  39,  79, 126,  82,  31,  66,  64,  36,  88, 124,  10,
        35, 112,  22,  65,  64,  63])}, {'ts_index': 87, 'loc': 103, 'gap': 0.03692327702945036, 'distances': array([0.31179206, 0.37252746, 0.27069761, 0.18404154, 0.26065863,
       0.29607482, 0.23470763, 0.35354787, 0.32611785, 0.27184984,
       0.25599554, 0.26774432, 0.31450387, 0.28680266, 0.18902899,
       0.29374674, 0.15034271, 0.26597452, 0.16200834, 0.14489646,
       0.        , 0.29986126, 0.31089699, 0.2114653 , 0.25062424,
       0.18669625, 0.16249826, 0.30511678, 0.25932914, 0.33224309,
       0.18305599, 0.22141985, 0.29445228, 0.32508036, 0.260851  ,
       0.23504607, 0.28219278, 0.28332028, 0.30617504, 0.2024112 ]), 'delta_distances': array([0., 0., 0., 0., 0., 0., 0., 0., 0., 0., 0., 0., 0., 0., 0., 0., 0.,
       0., 0., 0., 0., 0., 0., 0., 0., 0., 0., 0., 0., 0., 0., 0., 0., 0.,
       0., 0., 0., 0., 0., 0.]), 'locations': array([ 10,  43,  12,  40,  65,  89, 128,  49,  43,  91,  87,  56, 114,
        38, 128,   9, 125,  47,  79,  77, 103,  90,  78,  38, 107,  88,
        10, 100,  49, 125,  92, 127,  54,  12, 125,  37,  55, 117,  88,
       124])}, {'ts_index': 198, 'loc': 97, 'gap': 0.05830310143136219, 'distances': array([0.28010171, 0.25165997, 0.20730599, 0.21469244, 0.15882849,
       0.26686604, 0.28089637, 0.31292323, 0.21656362, 0.23143384,
       0.26186685, 0.25309841, 0.25813097, 0.27788147, 0.26411867,
       0.11121535, 0.28959415, 0.26523901, 0.09871265, 0.14756154,
       0.32505807, 0.32740732, 0.28030851, 0.24182028, 0.13872653,
       0.30635162, 0.19379756, 0.31441961, 0.28647798, 0.        ]), 'delta_distances': array([0., 0., 0., 0., 0., 0., 0., 0., 0., 0., 0., 0., 0., 0., 0., 0., 0.,
       0., 0., 0., 0., 0., 0., 0., 0., 0., 0., 0., 0., 0.]), 'locations': array([125,  10,  33, 124,  57,  37, 101,  32,  52,  37, 126, 113, 113,
        66, 102,  51,   9, 126,  61, 124,  33, 103,  32, 101, 126,  74,
         9,  33, 108,  97])}, {'ts_index': 139, 'loc': 23, 'gap': 0.0352472506861185, 'distances': array([0.19256544, 0.20669784, 0.07978115, 0.18263596, 0.13616626,
       0.19019353, 0.19944324, 0.20286166, 0.20300015, 0.21115361,
       0.26958565, 0.14505223, 0.20679937, 0.19137607, 0.22793323,
       0.16885203, 0.        , 0.19654082, 0.19359053, 0.11772307,
       0.15939785, 0.14027955, 0.08107706]), 'delta_distances': array([0., 0., 0., 0., 0., 0., 0., 0., 0., 0., 0., 0., 0., 0., 0., 0., 0.,
       0., 0., 0., 0., 0., 0.]), 'locations': array([ 56, 123, 132,   5,  51,  95,  75,  97,  81,  71, 116,   4,  49,
         1, 120,  21,  23, 137,  68, 124, 115, 134,  64])}, {'ts_index': 140, 'loc': 109, 'gap': 0.04164328162359818, 'distances': array([0.2314887 , 0.21468638, 0.21670644, 0.1189521 , 0.13284248,
       0.20096942, 0.10885607, 0.24520433, 0.22588708, 0.22935566,
       0.20584099, 0.26979315, 0.24673132, 0.23869928, 0.        ,
       0.17815465, 0.16621012, 0.22706286]), 'delta_distances': array([0., 0., 0., 0., 0., 0., 0., 0., 0., 0., 0., 0., 0., 0., 0., 0., 0.,
       0.]), 'locations': array([ 29,  63,  21, 131, 104, 132, 130,  69,  73,  15,  21, 127,  81,
        71, 109,  71, 131,  23])}], 'clusters': array([ 1,  7,  1,  2,  0,  5,  1,  4,  6,  7,  7,  2,  2,  1,  0, 10,  4,
        7,  5,  7,  2,  2,  2,  1,  1,  3,  6,  8,  0,  9, 10,  1,  5, 11,
        2,  2, 11,  3,  3,  3,  3,  2,  7,  3,  4,  5,  4,  1,  4,  2,  5,
        1,  2,  6,  7,  0,  5, 11,  0,  2,  0,  5,  2,  0,  2,  5,  8,  3,
        2,  2,  1,  6,  0,  3,  8,  3,  3,  0,  6,  2,  8,  8,  1,  5,  1,
        1,  2,  8,  4,  5,  5,  5,  4,  1,  1,  3,  9,  4,  5,  1,  1,  4,
        2,  5,  1,  3,  4,  5,  7,  0,  4,  5,  2,  0,  3,  6,  9,  6,  3,
        2,  1,  5,  7,  6,  3,  4,  8,  2,  4,  1,  1,  7,  1,  8,  4,  4,
        9,  1,  2, 10, 11,  5,  7,  4,  1,  8,  7,  6,  3,  3,  0, 10,  4,
        2,  5,  7,  7,  7,  9,  5,  4,  6,  3,  4,  1,  2,  6,  3,  2,  7,
        4,  1,  5,  2,  5,  2,  6,  3, 11,  6,  2,  1,  3,  3,  1,  5,  2,
        1,  9,  6,  0,  5,  7,  3,  1, 10,  7,  1,  9,  1,  1,  3,  4,  5,
        1,  3,  1,  1,  8,  1]), 'time': 1919.164680480957}
lenSubsequence: 7{'RI': 0.7093643198906356, 'num_clusters': 7, 'uShapelets': [{'ts_index': 122, 'loc': 5, 'gap': 0.04416957214230832, 'distances': array([0.24220533, 0.18151457, 0.20479092, 0.21944306, 0.14836994,
       0.2257782 , 0.21063167, 0.1108396 , 0.27896467, 0.2689927 ,
       0.21960654, 0.19637274, 0.18346536, 0.20121154, 0.21304092,
       0.31405714, 0.29739967, 0.14762725, 0.28373614, 0.27735287,
       0.26022121, 0.32905689, 0.23316368, 0.30522184, 0.23542032,
       0.27568598, 0.32476253, 0.27670038, 0.25656026, 0.2545858 ,
       0.25567064, 0.22951463, 0.1415663 , 0.21671743, 0.17938498,
       0.31831627, 0.1917238 , 0.13789637, 0.10987148, 0.21369209,
       0.24619455, 0.21643505, 0.28746828, 0.2046894 , 0.24855217,
       0.25226183, 0.11057855, 0.14386794, 0.04321438, 0.27412598,
       0.23190195, 0.1743714 , 0.30221482, 0.27344   , 0.10577827,
       0.30934315, 0.14022455, 0.30147507, 0.229025  , 0.28314638,
       0.16429555, 0.28862764, 0.09663497, 0.24129023, 0.23829552,
       0.11652773, 0.19114467, 0.27315075, 0.28885931, 0.20174931,
       0.22168602, 0.2749772 , 0.26398757, 0.32195634, 0.24878421,
       0.29406544, 0.2740013 , 0.18236635, 0.28832341, 0.15676063,
       0.30409124, 0.28882908, 0.29052094, 0.24457141, 0.19239373,
       0.25594131, 0.25965577, 0.28669068, 0.05600045, 0.20537479,
       0.29099065, 0.14167044, 0.20208608, 0.28993725, 0.2543129 ,
       0.29138239, 0.23355202, 0.30081072, 0.25837254, 0.088739  ,
       0.25681257, 0.27733994, 0.21134837, 0.2576807 , 0.16547737,
       0.25143345, 0.21714878, 0.16629589, 0.27117818, 0.26639999,
       0.26212814, 0.18075978, 0.29679021, 0.1641282 , 0.21640091,
       0.1243022 , 0.16542944, 0.30118346, 0.23907332, 0.16525293,
       0.21083359, 0.28372001, 0.        , 0.24265988, 0.26478732,
       0.30648482, 0.2754435 , 0.29177266, 0.24795934, 0.21538821,
       0.22087136, 0.22038783, 0.12251623, 0.22703618, 0.23922354,
       0.27117223, 0.29387189, 0.20092707, 0.24389476, 0.29761311,
       0.3111078 , 0.2038889 , 0.12998461, 0.21695436, 0.26643309,
       0.29128717, 0.19482758, 0.17327161, 0.3320463 , 0.28203393,
       0.21699038, 0.28174901, 0.32378356, 0.12145451, 0.25002954,
       0.28996212, 0.20479304, 0.28098653, 0.28112359, 0.15454726,
       0.11779587, 0.16617727, 0.19549069, 0.3137141 , 0.18767285,
       0.21822686, 0.23318322, 0.28913406, 0.32106107, 0.32218373,
       0.23455194, 0.2570958 , 0.25497317, 0.31337036, 0.29771995,
       0.2444065 , 0.17102632, 0.30721287, 0.24774453, 0.30633278,
       0.22750492, 0.27966147, 0.27995133, 0.24298368, 0.18368977,
       0.20044447, 0.28395149, 0.290722  , 0.24939626, 0.25691528,
       0.16223317, 0.28694185, 0.20892294, 0.1387103 , 0.23386237,
       0.15425428, 0.18255529, 0.29370251, 0.28583957, 0.21234334,
       0.14093003, 0.23489144, 0.16253033, 0.22351854, 0.19265571,
       0.2223024 , 0.1824601 , 0.19618983, 0.23246391, 0.27970416]), 'delta_distances': array([0., 0., 0., 0., 0., 0., 0., 0., 0., 0., 0., 0., 0., 0., 0., 0., 0.,
       0., 0., 0., 0., 0., 0., 0., 0., 0., 0., 0., 0., 0., 0., 0., 0., 0.,
       0., 0., 0., 0., 0., 0., 0., 0., 0., 0., 0., 0., 0., 0., 0., 0., 0.,
       0., 0., 0., 0., 0., 0., 0., 0., 0., 0., 0., 0., 0., 0., 0., 0., 0.,
       0., 0., 0., 0., 0., 0., 0., 0., 0., 0., 0., 0., 0., 0., 0., 0., 0.,
       0., 0., 0., 0., 0., 0., 0., 0., 0., 0., 0., 0., 0., 0., 0., 0., 0.,
       0., 0., 0., 0., 0., 0., 0., 0., 0., 0., 0., 0., 0., 0., 0., 0., 0.,
       0., 0., 0., 0., 0., 0., 0., 0., 0., 0., 0., 0., 0., 0., 0., 0., 0.,
       0., 0., 0., 0., 0., 0., 0., 0., 0., 0., 0., 0., 0., 0., 0., 0., 0.,
       0., 0., 0., 0., 0., 0., 0., 0., 0., 0., 0., 0., 0., 0., 0., 0., 0.,
       0., 0., 0., 0., 0., 0., 0., 0., 0., 0., 0., 0., 0., 0., 0., 0., 0.,
       0., 0., 0., 0., 0., 0., 0., 0., 0., 0., 0., 0., 0., 0., 0., 0., 0.,
       0., 0., 0., 0., 0., 0.]), 'locations': array([ 96, 125,  83,  21,  62, 127, 124,  80, 128,   9,  92,  10,  35,
        23,  10,  48, 127,  38,  88,  31,  63,   7,  79,  39,  56,  62,
        46,  51,   9,  36,  57,  32,  53, 101,  98,  82,  43,  36,  79,
        10, 101, 126,  10, 125,  32, 124,  83,  78, 123,  76, 123,  30,
        32,  39,  56,  32,  82,  34,  34,  37,  52, 127, 116,  36,  10,
        49,  52,  84, 103, 125,  80,  78,  66,  78, 124,  65,  34,  49,
       125, 124,  90,  30,  30,  27,  37,  86,  49,  72,   9, 128,  68,
        10,  78,  37,  44,  84,  42,  81,  11, 101,  99,  12,  36,  32,
       124,  86, 127,   9,  90,   9,  10, 124,  90, 125,  95, 124,  36,
        99, 102,   6,  61,   9,   5,   6,  66, 101, 125, 101, 102,  81,
       112, 125,  78, 100,  30,  35,  10,  50,  80,  99, 123,  99,  37,
        48,   5,  39,  97, 126, 110,  32,  99,  53,  11,  52, 124,  55,
        10, 102, 126,  85,  78, 102, 112,  63, 113,  94,  91,  84,  35,
         8,  32, 125, 127,  31,  53,  60,   9,   9,  57, 123,   9,  11,
         9,  61,  50,  31, 102,  39,  37,  36,  83, 127,  97,  62,  53,
        22, 101,  11,  97,  42,  64, 125, 101,  32,   9,  39, 100,   7,
        51,  28])}, {'ts_index': 41, 'loc': 77, 'gap': 0.06728789031687318, 'distances': array([0.26324243, 0.2633768 , 0.33519841, 0.21573158, 0.28727485,
       0.22918354, 0.12781179, 0.3007104 , 0.26737936, 0.23942872,
       0.32809645, 0.30753922, 0.25673626, 0.1485295 , 0.12525285,
       0.21630165, 0.2985528 , 0.27109071, 0.23995538, 0.17258263,
       0.26138367, 0.29304111, 0.25007219, 0.26456853, 0.29513561,
       0.31102478, 0.27103275, 0.25695596, 0.27330254, 0.32066434,
       0.25180992, 0.27537289, 0.19466589, 0.1956541 , 0.0765541 ,
       0.        , 0.08601495, 0.28646548, 0.31663547, 0.28245394,
       0.09367629, 0.10950024, 0.28900173, 0.2700866 , 0.1916623 ,
       0.26621028, 0.2763917 , 0.2387214 , 0.23004129, 0.27480921,
       0.30720386, 0.30953643, 0.20069396, 0.29212336, 0.2410721 ,
       0.28504249, 0.23894009, 0.11099061, 0.28308233, 0.26902255,
       0.20734963, 0.24532354, 0.2566536 , 0.30035927, 0.3540977 ,
       0.23332891, 0.27231007, 0.30493543, 0.27540986, 0.09450682,
       0.24491567, 0.21961286, 0.27792607, 0.16300114, 0.28887245,
       0.28802098, 0.30446478, 0.25142352, 0.12713462, 0.27187382,
       0.25922603, 0.23679172, 0.11071359, 0.24130195, 0.25541324,
       0.2578316 , 0.30702568, 0.27092489, 0.26189781, 0.25380468,
       0.26217439, 0.27472882, 0.14308596, 0.27623969, 0.24909851,
       0.33561514, 0.11789027, 0.32495831, 0.25488945, 0.27395365,
       0.32180485, 0.26281651, 0.30274753, 0.25049696, 0.25072924,
       0.25684887, 0.13490877, 0.26854985, 0.28301617, 0.24138378,
       0.25358138, 0.10343929, 0.28521478, 0.28836394, 0.27073987,
       0.29505169, 0.30754397, 0.18606751, 0.17136108, 0.23684007,
       0.19491739, 0.2261046 , 0.1468597 , 0.2711264 , 0.27687986,
       0.26714936, 0.30234401, 0.26864074, 0.28509803, 0.31562295,
       0.27435987, 0.27058775, 0.19967694, 0.27046648, 0.26591216,
       0.31221357, 0.27089526, 0.23614639, 0.25565466, 0.25345815,
       0.27086363, 0.28455305, 0.06912423, 0.26350945, 0.21224861,
       0.27980136, 0.28761651, 0.23900747, 0.23960213, 0.18922285,
       0.18640794, 0.24929607, 0.12157839, 0.3056406 , 0.27919714,
       0.27233728, 0.09212215, 0.23344281, 0.16765719, 0.27453895,
       0.24922813, 0.17115559, 0.24693353, 0.06585043, 0.2981925 ,
       0.22755458, 0.2934337 , 0.23933424, 0.26983002, 0.24692067,
       0.25518027, 0.28588289, 0.26676367]), 'delta_distances': array([0., 0., 0., 0., 0., 0., 0., 0., 0., 0., 0., 0., 0., 0., 0., 0., 0.,
       0., 0., 0., 0., 0., 0., 0., 0., 0., 0., 0., 0., 0., 0., 0., 0., 0.,
       0., 0., 0., 0., 0., 0., 0., 0., 0., 0., 0., 0., 0., 0., 0., 0., 0.,
       0., 0., 0., 0., 0., 0., 0., 0., 0., 0., 0., 0., 0., 0., 0., 0., 0.,
       0., 0., 0., 0., 0., 0., 0., 0., 0., 0., 0., 0., 0., 0., 0., 0., 0.,
       0., 0., 0., 0., 0., 0., 0., 0., 0., 0., 0., 0., 0., 0., 0., 0., 0.,
       0., 0., 0., 0., 0., 0., 0., 0., 0., 0., 0., 0., 0., 0., 0., 0., 0.,
       0., 0., 0., 0., 0., 0., 0., 0., 0., 0., 0., 0., 0., 0., 0., 0., 0.,
       0., 0., 0., 0., 0., 0., 0., 0., 0., 0., 0., 0., 0., 0., 0., 0., 0.,
       0., 0., 0., 0., 0., 0., 0., 0., 0., 0., 0., 0., 0., 0., 0., 0., 0.,
       0., 0., 0.]), 'locations': array([  9,  80, 122,  22, 128,   9, 113,  50,   8,  11,  50,   6,  87,
       125,   6,   9,  30,   9,  37,  50,  39,  33, 125,  31,  77,  85,
        80,  35,  31, 102,  83,  55,  57, 125,   6,  77, 125, 100,  11,
        31, 123,   8,  31, 125,  32,  35,  47,  55,  44,  81,   6, 126,
       127,  12,  29,  78,  62,  97,   9, 124,  90,   9,  82,  67,  54,
        88, 104, 116,  82,   9,  10,  38,  31, 111,  94,  52,   7,   8,
        85,  52,  81,  67,  30,  87,   6, 125,  78, 101,  45,  78, 125,
        97,  36, 121,  98, 123,  31,  40, 101,  29, 100,  32,  32,  29,
        84,  52,  78,   9,  31, 123,  49,   9, 101,  31, 123,  77,  90,
        22,  81,  86,  87, 128,  11,  11,  37,   9,  31, 124,  85,  31,
        55,   8,  83, 128,   8, 124,  11,  40, 124, 102,  82,  81,  51,
         9,  59,  31, 102,  32,  39, 103, 126, 126,  36,  30,  89,   9,
         8,  35,  65,  38, 100,  30,  33,  31,  54,  33, 124,  95,  49,
       101,  54,   9,  52])}, {'ts_index': 166, 'loc': 92, 'gap': 0.04090466323119685, 'distances': array([0.09102665, 0.18178017, 0.25293359, 0.18975107, 0.25212422,
       0.1626868 , 0.25663663, 0.23811675, 0.16018116, 0.22634577,
       0.22591141, 0.21374264, 0.23179761, 0.21290063, 0.20038188,
       0.18889588, 0.18741048, 0.261335  , 0.14131924, 0.18160397,
       0.25037523, 0.12773771, 0.287211  , 0.19139026, 0.23322262,
       0.25702703, 0.21597753, 0.24158205, 0.08337864, 0.19647996,
       0.17340693, 0.09032941, 0.12418037, 0.15980445, 0.12341165,
       0.24997831, 0.2088104 , 0.25271757, 0.20733497, 0.18896619,
       0.24174876, 0.20354766, 0.18899054, 0.11787093, 0.21187454,
       0.22188652, 0.23575427, 0.16579833, 0.14319591, 0.21144395,
       0.26824473, 0.19901062, 0.25512914, 0.22487365, 0.27458822,
       0.22501422, 0.0972871 , 0.28911767, 0.08880375, 0.23416698,
       0.15242244, 0.12209435, 0.26320292, 0.21174932, 0.25645585,
       0.15633856, 0.12135233, 0.20369411, 0.24483317, 0.15586413,
       0.18819018, 0.24429077, 0.1334775 , 0.28156891, 0.27800892,
       0.19321984, 0.24375488, 0.18937098, 0.22546658, 0.21441497,
       0.24154113, 0.19074508, 0.23593265, 0.19215746, 0.24097667,
       0.20239787, 0.16389686, 0.21329811, 0.24855341, 0.26103717,
       0.21788292, 0.20689993, 0.24274956, 0.21976893, 0.23267668,
       0.19999216, 0.22131282, 0.12472859, 0.25879487, 0.1286074 ,
       0.24024327, 0.14491597, 0.20226143, 0.2433301 , 0.24707254,
       0.20595926, 0.14832214, 0.11146822, 0.25572618, 0.27093643,
       0.24484065, 0.12515376, 0.25551459, 0.        , 0.21857176,
       0.23040102, 0.15319604, 0.23174621, 0.24725348, 0.27750914,
       0.15115971, 0.25565196, 0.11667355, 0.25682756, 0.22982052,
       0.15738884, 0.27202472, 0.17811528, 0.14254381, 0.23784859,
       0.1960788 , 0.23302782, 0.13309196, 0.26068111, 0.26167973,
       0.26555248, 0.15536249, 0.21210115, 0.1753761 , 0.19775329,
       0.25922649, 0.23018144, 0.22208378]), 'delta_distances': array([0., 0., 0., 0., 0., 0., 0., 0., 0., 0., 0., 0., 0., 0., 0., 0., 0.,
       0., 0., 0., 0., 0., 0., 0., 0., 0., 0., 0., 0., 0., 0., 0., 0., 0.,
       0., 0., 0., 0., 0., 0., 0., 0., 0., 0., 0., 0., 0., 0., 0., 0., 0.,
       0., 0., 0., 0., 0., 0., 0., 0., 0., 0., 0., 0., 0., 0., 0., 0., 0.,
       0., 0., 0., 0., 0., 0., 0., 0., 0., 0., 0., 0., 0., 0., 0., 0., 0.,
       0., 0., 0., 0., 0., 0., 0., 0., 0., 0., 0., 0., 0., 0., 0., 0., 0.,
       0., 0., 0., 0., 0., 0., 0., 0., 0., 0., 0., 0., 0., 0., 0., 0., 0.,
       0., 0., 0., 0., 0., 0., 0., 0., 0., 0., 0., 0., 0., 0., 0., 0., 0.,
       0., 0., 0., 0., 0., 0., 0.]), 'locations': array([ 40,  91,  60,  27,  53,  77, 125, 133,  79,  92,  65, 101, 126,
       106,  53,  64,  80,  71,  76,  49,  15,  66,  60,  59,  39,  51,
        61,  99,  62,  34,  77,  57,  62,  51,  12,  42,  49, 128, 101,
        53,  76,  85,   9, 126, 126,  39,  57,  98,  82,  50, 133,  53,
       129,  94,  53,  52, 126, 112,  58, 135, 126,  37,  54,  10,  69,
        12,  92, 101,  80,  76, 103, 101,  66,   3,  68,  12,  52,  89,
        91,  89,  95, 129,  52, 106, 127,  71, 125,  56,  26,  53,  52,
        56,  12,  93, 103,  12,  37,  80, 102,  14, 103, 128,  69,  92,
       108,  38,  58,  75,  48, 131,  38,   9, 104,  92,  56, 128,  38,
        53,  54, 101,  66,  64,  11,  37,  63,  66,  23,  38,  76,  80,
       128, 114,  87,  18, 129,  73,  90, 126,  10,  77,  17, 103,  40])}, {'ts_index': 6, 'loc': 83, 'gap': 0.039348360585828135, 'distances': array([0.2675672 , 0.24153117, 0.23361428, 0.17106061, 0.        ,
       0.28782388, 0.27779825, 0.18529582, 0.27633778, 0.17051205,
       0.3068651 , 0.22260504, 0.35178679, 0.16036456, 0.24001091,
       0.32073137, 0.23044321, 0.30137198, 0.23844052, 0.12177188,
       0.31453173, 0.14870877, 0.21502054, 0.24550019, 0.24972   ,
       0.10653343, 0.22425464, 0.23830843, 0.2675587 , 0.28390704,
       0.18888149, 0.14979191, 0.24050031, 0.23439354, 0.24330417,
       0.25863958, 0.2664054 , 0.2536552 , 0.27422458, 0.29866632,
       0.18441245, 0.30171442, 0.15195905, 0.13214155, 0.19330128,
       0.22977654, 0.26795608, 0.26727005, 0.23044174, 0.28750256,
       0.19397539, 0.12279057, 0.07798365, 0.1888413 , 0.25456482,
       0.21487925, 0.27539694, 0.19258473, 0.20751146, 0.13014449,
       0.19445274, 0.31903578, 0.26471327, 0.25456784, 0.14145956,
       0.24328578, 0.29242346, 0.17484922, 0.28867251, 0.24046865,
       0.23600443, 0.23801614, 0.29312251, 0.29813235, 0.21842006,
       0.19040949, 0.1121449 , 0.24270381, 0.23716613, 0.21879795,
       0.15512882, 0.30823143, 0.16399355, 0.31883422, 0.14869386,
       0.11402316, 0.32777905, 0.26970314, 0.19897988, 0.25025292,
       0.28093922, 0.15359035, 0.25107211, 0.25760089, 0.19899647,
       0.35197739, 0.2933436 , 0.27198175, 0.17033731, 0.27967941,
       0.31391347, 0.19509077, 0.3006536 , 0.18131157, 0.24384233,
       0.32253322, 0.29647183, 0.2581365 , 0.20708921, 0.14611003,
       0.16523802, 0.23887366, 0.29193768, 0.18102927, 0.27949245,
       0.23235283, 0.16010071, 0.23504437]), 'delta_distances': array([0., 0., 0., 0., 0., 0., 0., 0., 0., 0., 0., 0., 0., 0., 0., 0., 0.,
       0., 0., 0., 0., 0., 0., 0., 0., 0., 0., 0., 0., 0., 0., 0., 0., 0.,
       0., 0., 0., 0., 0., 0., 0., 0., 0., 0., 0., 0., 0., 0., 0., 0., 0.,
       0., 0., 0., 0., 0., 0., 0., 0., 0., 0., 0., 0., 0., 0., 0., 0., 0.,
       0., 0., 0., 0., 0., 0., 0., 0., 0., 0., 0., 0., 0., 0., 0., 0., 0.,
       0., 0., 0., 0., 0., 0., 0., 0., 0., 0., 0., 0., 0., 0., 0., 0., 0.,
       0., 0., 0., 0., 0., 0., 0., 0., 0., 0., 0., 0., 0., 0., 0., 0.]), 'locations': array([  7,  10,  88, 112,  83,  10,  92, 124,  10,  51,  86,  49, 102,
       125,  23,  51, 126, 125,  52,  13,  57,  10,  49,  99,  51,   9,
        33, 124, 100,  36,  85,   8,  10, 127,  11, 112, 103,  79,  35,
        57,   9,   8,  98, 102, 125,  78,  30, 125,  49,  52,  87,  47,
       101,  51,  39,  11, 127,  83, 100,  20, 126,  56,  32,   9,  10,
       123,   9,  54,  67, 125,  75, 101, 102,  36,  99,  33, 100,  64,
       100, 125, 125,  11,   9,  97, 126,  23,  89,  99,  31,  32, 101,
        53,  79,  84,  65,  28, 124,  28,   6,  11,  10,  98,  10,  91,
        10, 124,  36,  54,  34,  81,  70, 125,  42,  48,  69, 101, 100,
         6])}, {'ts_index': 129, 'loc': 50, 'gap': 0.024966775037120192, 'distances': array([0.13047597, 0.19948298, 0.10205096, 0.18271873, 0.19710132,
       0.17740158, 0.16964949, 0.14550757, 0.22800012, 0.12955339,
       0.22871326, 0.12242871, 0.22366502, 0.16124145, 0.13146391,
       0.14482929, 0.18124555, 0.0865177 , 0.16686418, 0.13991572,
       0.09660722, 0.18079495, 0.19211021, 0.12137   , 0.166768  ,
       0.15700405, 0.11024858, 0.13857322, 0.17527428, 0.24582622,
       0.10937776, 0.11408729, 0.22391215, 0.22566517, 0.14393611,
       0.15480531, 0.20705952, 0.20219945, 0.1402374 , 0.15135456,
       0.21190336, 0.18308473, 0.13901189, 0.1480619 , 0.22117184,
       0.20691837, 0.17296921, 0.21891346, 0.19581018, 0.12232928,
       0.13547147, 0.2080279 , 0.17133558, 0.18853329, 0.14369015,
       0.11307111, 0.21511576, 0.13020062, 0.1689297 , 0.21106022,
       0.15371218, 0.        , 0.18219826, 0.19576388, 0.18856304,
       0.20496435, 0.11490259, 0.15761026, 0.2004735 , 0.17414768,
       0.14826754, 0.13560623, 0.16952416, 0.21275351, 0.12564627,
       0.12303812, 0.10437544, 0.22335471, 0.16028396, 0.18530605,
       0.19422836, 0.13091585, 0.22401936, 0.1276558 , 0.10974617,
       0.14317516, 0.12553687, 0.16197831, 0.1068002 , 0.24091757,
       0.11164477, 0.22009294, 0.16363992, 0.2115048 , 0.18881399,
       0.19842449, 0.16304266]), 'delta_distances': array([0., 0., 0., 0., 0., 0., 0., 0., 0., 0., 0., 0., 0., 0., 0., 0., 0.,
       0., 0., 0., 0., 0., 0., 0., 0., 0., 0., 0., 0., 0., 0., 0., 0., 0.,
       0., 0., 0., 0., 0., 0., 0., 0., 0., 0., 0., 0., 0., 0., 0., 0., 0.,
       0., 0., 0., 0., 0., 0., 0., 0., 0., 0., 0., 0., 0., 0., 0., 0., 0.,
       0., 0., 0., 0., 0., 0., 0., 0., 0., 0., 0., 0., 0., 0., 0., 0., 0.,
       0., 0., 0., 0., 0., 0., 0., 0., 0., 0., 0., 0.]), 'locations': array([  2,  22,  70, 110,  21, 103, 118, 118,  34,   6, 122,  87, 100,
       119,  32, 121,  21, 124, 123,  81,  63,  73,  26,  63,   9,  96,
        29,  15,  81,  24,   5, 123,  49,  22,  56, 120,  76, 115,  48,
       132,  68,  12,  49,  29,  84,  51, 119, 115,  26,  21, 123,  47,
       118,  43,  47,   2,  81,   6,  74,  48, 131,  50, 119,  49, 114,
        44,  77,  85,   5,  21,  57,  72, 124,  99,  26,  98, 117, 132,
        99,  24,  31,   3,  56,   1,  48,  47,   4,  85, 125,  62,  99,
        94,  83,  36,  97,  94,   4])}, {'ts_index': 21, 'loc': 127, 'gap': 0.03233622685006138, 'distances': array([0.09896184, 0.17726826, 0.        , 0.20322084, 0.24215136,
       0.20071866, 0.3336326 , 0.26058548, 0.19601886, 0.15906107,
       0.23048345, 0.24311595, 0.22985643, 0.28989513, 0.20179769,
       0.18605103, 0.28948941, 0.18786845, 0.32742997, 0.26480678,
       0.22837392]), 'delta_distances': array([0., 0., 0., 0., 0., 0., 0., 0., 0., 0., 0., 0., 0., 0., 0., 0., 0.,
       0., 0., 0., 0.]), 'locations': array([  6,   9, 127, 127,  62,   9, 126,  97, 124,  65, 125,  97, 124,
       103,  49,   9,  47,  31,  54,  10,  60])}, {'ts_index': 192, 'loc': 110, 'gap': 0.04939156131062594, 'distances': array([0.21005951, 0.14223281, 0.19162437, 0.        ]), 'delta_distances': array([0., 0., 0., 0.]), 'locations': array([124,  97, 117, 110])}], 'clusters': array([3, 5, 5, 5, 1, 5, 4, 1, 2, 5, 5, 5, 5, 6, 5, 2, 2, 1, 6, 5, 4, 6,
       2, 5, 5, 3, 5, 5, 3, 4, 5, 4, 1, 5, 5, 5, 3, 1, 1, 4, 2, 2, 2, 5,
       3, 3, 1, 1, 1, 2, 2, 5, 3, 2, 1, 5, 1, 5, 5, 4, 1, 5, 1, 5, 5, 1,
       6, 3, 5, 5, 6, 2, 6, 3, 5, 5, 4, 4, 0, 1, 5, 5, 3, 5, 2, 3, 6, 5,
       1, 2, 3, 1, 5, 4, 4, 2, 5, 3, 6, 1, 2, 6, 5, 6, 1, 5, 3, 1, 4, 5,
       5, 6, 2, 1, 5, 1, 1, 4, 5, 1, 2, 5, 1, 5, 6, 5, 5, 7, 5, 5, 5, 2,
       1, 5, 4, 5, 6, 2, 5, 4, 5, 4, 1, 3, 2, 2, 5, 3, 4, 2, 3, 4, 5, 1,
       5, 5, 3, 3, 5, 1, 1, 1, 6, 4, 3, 5, 3, 5, 5, 0, 5, 5, 5, 2, 3, 5,
       1, 3, 6, 5, 5, 2, 2, 5, 2, 5, 3, 5, 2, 5, 1, 2, 7, 1, 3, 1, 2, 5,
       2, 4, 1, 4, 1, 6, 5, 6, 5, 5, 4, 5]), 'time': 1792.7602248191833}
lenSubsequence: 8{'RI': 0.5391660970608338, 'num_clusters': 2, 'uShapelets': [{'ts_index': 151, 'loc': 62, 'gap': 0.16448122759290265, 'distances': array([0.0277858 , 0.26365561, 0.01643733, 0.22436443, 0.24531429,
       0.01820436, 0.0748388 , 0.26561326, 0.01975266, 0.0380201 ,
       0.25694721, 0.03838704, 0.26168191, 0.02984322, 0.24549969,
       0.07248459, 0.05401215, 0.06145494, 0.216014  , 0.01428429,
       0.26186558, 0.00260815, 0.25848808, 0.26318944, 0.08314431,
       0.2340481 , 0.01375875, 0.26547861, 0.22151631, 0.08137804,
       0.02026855, 0.2646031 , 0.02003821, 0.06118155, 0.03781359,
       0.26462089, 0.04204004, 0.01274542, 0.24813799, 0.23096785,
       0.01756453, 0.0567761 , 0.26173483, 0.25910748, 0.06415187,
       0.24939631, 0.02018635, 0.07202581, 0.07288715, 0.22775871,
       0.2405078 , 0.16433325, 0.06416304, 0.0602975 , 0.00681482,
       0.03084568, 0.01519794, 0.26888884, 0.26742668, 0.24285133,
       0.00789334, 0.26846033, 0.24113564, 0.02619139, 0.04830172,
       0.26374759, 0.01062681, 0.07343445, 0.26499147, 0.25352454,
       0.00708939, 0.26047725, 0.01930785, 0.04322215, 0.06401912,
       0.01502818, 0.25452975, 0.26509756, 0.25530211, 0.25087183,
       0.24637062, 0.22836132, 0.25920118, 0.2430269 , 0.01857862,
       0.06955616, 0.25999083, 0.03565067, 0.26306246, 0.0605101 ,
       0.05851855, 0.07412569, 0.26215962, 0.2676183 , 0.06380449,
       0.24153761, 0.26292113, 0.26398976, 0.032326  , 0.25940419,
       0.02270578, 0.02215177, 0.01415792, 0.21459625, 0.24062482,
       0.26499849, 0.03215729, 0.24293604, 0.26320921, 0.25709147,
       0.26553434, 0.26160293, 0.25707069, 0.03761047, 0.25482462,
       0.25234106, 0.24421141, 0.26511117, 0.0273726 , 0.03365005,
       0.26881647, 0.26429591, 0.00944687, 0.02175056, 0.26744237,
       0.06649365, 0.01134294, 0.26730411, 0.01851368, 0.08001244,
       0.01448476, 0.26469692, 0.23546584, 0.08314665, 0.26491614,
       0.01083217, 0.02263856, 0.26497261, 0.25463307, 0.06017069,
       0.06023528, 0.13442005, 0.26649   , 0.25724401, 0.05987871,
       0.08454732, 0.26096663, 0.11542315, 0.02284157, 0.08521493,
       0.03140282, 0.        , 0.09036023, 0.25913358, 0.23792096,
       0.09944645, 0.05448867, 0.0665055 , 0.25444799, 0.07687005,
       0.26868991, 0.02891918, 0.01219287, 0.03920361, 0.00588299,
       0.06106505, 0.25459195, 0.23923062, 0.03304771, 0.04191771,
       0.20808937, 0.02575917, 0.04079059, 0.03036412, 0.26012085,
       0.23261977, 0.18605634, 0.01080607, 0.21767828, 0.26163453,
       0.04086025, 0.07582932, 0.04388539, 0.04130525, 0.08169758,
       0.02880233, 0.01552337, 0.25596242, 0.26491934, 0.26767844,
       0.02354033, 0.24380127, 0.04184462, 0.26369429, 0.24195252,
       0.23959235, 0.05396696, 0.0504554 , 0.02037235, 0.25841706,
       0.23961098, 0.0622804 , 0.06970626, 0.26336742, 0.26052741,
       0.26016435, 0.0718707 , 0.03084722, 0.24981674, 0.01577993]), 'delta_distances': array([0., 0., 0., 0., 0., 0., 0., 0., 0., 0., 0., 0., 0., 0., 0., 0., 0.,
       0., 0., 0., 0., 0., 0., 0., 0., 0., 0., 0., 0., 0., 0., 0., 0., 0.,
       0., 0., 0., 0., 0., 0., 0., 0., 0., 0., 0., 0., 0., 0., 0., 0., 0.,
       0., 0., 0., 0., 0., 0., 0., 0., 0., 0., 0., 0., 0., 0., 0., 0., 0.,
       0., 0., 0., 0., 0., 0., 0., 0., 0., 0., 0., 0., 0., 0., 0., 0., 0.,
       0., 0., 0., 0., 0., 0., 0., 0., 0., 0., 0., 0., 0., 0., 0., 0., 0.,
       0., 0., 0., 0., 0., 0., 0., 0., 0., 0., 0., 0., 0., 0., 0., 0., 0.,
       0., 0., 0., 0., 0., 0., 0., 0., 0., 0., 0., 0., 0., 0., 0., 0., 0.,
       0., 0., 0., 0., 0., 0., 0., 0., 0., 0., 0., 0., 0., 0., 0., 0., 0.,
       0., 0., 0., 0., 0., 0., 0., 0., 0., 0., 0., 0., 0., 0., 0., 0., 0.,
       0., 0., 0., 0., 0., 0., 0., 0., 0., 0., 0., 0., 0., 0., 0., 0., 0.,
       0., 0., 0., 0., 0., 0., 0., 0., 0., 0., 0., 0., 0., 0., 0., 0., 0.,
       0., 0., 0., 0., 0., 0.]), 'locations': array([100,  91,  58,  91, 126,  62, 125,  93,  66, 125,  91, 126,  75,
        62,  60,  36,  66,  74,  98, 105,   9,  62,  48,  95,  37,  32,
        33,  83,  12,  38,  41,  91,  67,  75,  37,   8,  59,  66,  10,
        99,  61, 127,  97,  36,  37,  99, 125,  92, 100,  84, 124, 104,
       101,  34,  60, 104,  55,  98,  47,   9,  62,  70,  90,  62,  38,
        95,  66,  86,  75,  77,  54,  77,  70,  92,  91,  69,  98, 110,
       125,   9, 126, 104,  28, 100,  56, 126,  86, 106,  89,  65,  54,
       105,  76,  12,  11,  34,  51,  97, 126, 101,  37,  89,  62,  99,
       104,  83,  78, 101,  29,   8,  92,  73,  89,  10, 101,  31,  68,
        68,  35,  60,  80,  37,  66,  76,  68, 105, 101,  72,  34,  36,
        66,  44,  10, 101,  79,  87, 105,  43,  63, 101, 106,  10,  74,
        48,  63,  93,  83,  37,  62,  37,  39,  62, 100, 102,  33, 104,
       125, 106,  35, 125,  31,  35,  67,  57,  75,  94,  90, 104,  58,
       101, 104,  35,   8, 105,  67,  61,  95, 100, 104,  96,  56,  39,
        11,  11,  64, 102,  38,  48, 123,  97,  38,  94,  67,  93, 128,
        26, 105,  39, 101,  53, 124,  44, 104, 122,  70,   8, 105,  63,
        91,  63])}], 'clusters': array([1, 0, 1, 0, 0, 1, 1, 0, 1, 1, 0, 1, 0, 1, 0, 1, 1, 1, 0, 1, 0, 1,
       0, 0, 1, 0, 1, 0, 0, 1, 1, 0, 1, 1, 1, 0, 1, 1, 0, 0, 1, 1, 0, 0,
       1, 0, 1, 1, 1, 0, 0, 0, 1, 1, 1, 1, 1, 0, 0, 0, 1, 0, 0, 1, 1, 0,
       1, 1, 0, 0, 1, 0, 1, 1, 1, 1, 0, 0, 0, 0, 0, 0, 0, 0, 1, 1, 0, 1,
       0, 1, 1, 1, 0, 0, 1, 0, 0, 0, 1, 0, 1, 1, 1, 0, 0, 0, 1, 0, 0, 0,
       0, 0, 0, 1, 0, 0, 0, 0, 1, 1, 0, 0, 1, 1, 0, 1, 1, 0, 1, 1, 1, 0,
       0, 1, 0, 1, 1, 0, 0, 1, 1, 1, 0, 0, 1, 1, 0, 1, 1, 1, 1, 1, 1, 0,
       0, 1, 1, 1, 0, 1, 0, 1, 1, 1, 1, 1, 0, 0, 1, 1, 0, 1, 1, 1, 0, 0,
       0, 1, 0, 0, 1, 1, 1, 1, 1, 1, 1, 0, 0, 0, 1, 0, 1, 0, 0, 0, 1, 1,
       1, 0, 0, 1, 1, 0, 0, 0, 1, 1, 0, 1]), 'time': 934.7608940601349}
