lenSubsequence: 10{'RI': 0.49844221105527636, 'num_clusters': 6, 'uShapelets': [{'ts_index': 90, 'loc': 392, 'gap': 0.08436195738429686, 'distances': array([1.25292847, 1.27266582, 1.32782562, 1.09300263, 1.16110382,
       1.31413825, 1.01302652, 1.3616188 , 1.39802062, 1.2475251 ,
       1.06622766, 1.48580088, 1.30153704, 0.95850908, 1.34303246,
       0.81496167, 1.2735718 , 1.07945395, 1.17913086, 1.33489091,
       1.45607764, 1.28021656, 1.31655941, 0.91592786, 0.83204462,
       0.86678766, 0.9938535 , 1.35038189, 1.36029127, 1.34328478,
       1.26205823, 1.19052517, 0.75769226, 1.50465102, 1.39519176,
       1.40270587, 1.22533255, 1.5196094 , 0.94461089, 1.10730532,
       1.38749737, 0.81778645, 1.32222853, 1.12042864, 1.55367059,
       1.35508272, 1.07910405, 1.09217923, 1.3475591 , 1.24983425,
       1.23018979, 0.49959684, 1.15057072, 1.42702045, 1.05336419,
       1.21992767, 1.2042526 , 1.35541854, 0.98555505, 1.03668703,
       1.25049425, 0.99428334, 1.2202966 , 1.05318502, 1.00595632,
       1.4697355 , 1.23555795, 1.45259112, 1.11202687, 1.29501949,
       1.22665963, 1.25599697, 1.21977045, 1.1886382 , 1.08451648,
       1.37920791, 0.75940816, 1.29107346, 1.03398403, 1.23453564,
       1.24780606, 1.14616825, 1.33219067, 0.75837894, 1.41758942,
       1.01193495, 1.39245971, 1.30489797, 1.20537539, 1.40013813,
       0.        , 0.72434899, 1.28588515, 1.39823521, 1.33417682,
       1.02586489, 1.27770421, 1.2047653 , 1.22308075, 1.36145445,
       1.24759679, 1.09611914, 1.33162817, 1.28937196, 1.10586162,
       1.16625598, 1.02208567, 0.99709551, 1.30583891, 1.24555842,
       0.9517381 , 1.01919112, 1.3718969 , 0.92719071, 1.52724765,
       0.99924999, 1.32847265, 1.2808531 , 1.40607803, 1.1317745 ,
       1.4814297 , 1.1188433 , 1.08748577, 1.40390551, 1.01004525,
       1.0263269 , 1.26572806, 1.27578   , 1.18260639, 0.83153374,
       1.12585057, 1.27415311, 1.24601991, 1.18706042, 1.46370273,
       1.41663672, 1.40864064, 0.91708404, 1.38869424, 1.36689969,
       1.31669292, 1.04687467, 1.32499248, 0.97749149, 1.30178536,
       1.24469358, 1.42258991, 1.32777285, 1.4372122 , 1.29995275,
       1.25130165, 1.43294162, 0.76820525, 1.27779   , 1.14366905,
       1.24203243, 1.27817153, 1.11714365, 1.35816991, 1.25668981,
       1.10803893, 1.39239056, 0.95755791, 1.25679213, 1.10536848,
       0.87494742, 1.21014086, 1.27749693, 1.06003066, 1.13638373,
       0.93207374, 0.90273232, 1.20688447, 1.20225703, 1.32373295,
       1.03056593, 1.19502957, 1.19204218, 1.2273989 , 0.74609131,
       1.43341696, 1.03910814, 1.25133089, 1.18159882, 1.26115827,
       0.97156185, 0.85185249, 1.15720573, 1.31534625, 1.19921107,
       1.21283054, 0.93776386, 1.1189741 , 1.22400272, 1.21857185,
       1.04181026, 1.37018669, 1.30344698, 1.14226615, 1.15891748]), 'delta_distances': array([0., 0., 0., 0., 0., 0., 0., 0., 0., 0., 0., 0., 0., 0., 0., 0., 0.,
       0., 0., 0., 0., 0., 0., 0., 0., 0., 0., 0., 0., 0., 0., 0., 0., 0.,
       0., 0., 0., 0., 0., 0., 0., 0., 0., 0., 0., 0., 0., 0., 0., 0., 0.,
       0., 0., 0., 0., 0., 0., 0., 0., 0., 0., 0., 0., 0., 0., 0., 0., 0.,
       0., 0., 0., 0., 0., 0., 0., 0., 0., 0., 0., 0., 0., 0., 0., 0., 0.,
       0., 0., 0., 0., 0., 0., 0., 0., 0., 0., 0., 0., 0., 0., 0., 0., 0.,
       0., 0., 0., 0., 0., 0., 0., 0., 0., 0., 0., 0., 0., 0., 0., 0., 0.,
       0., 0., 0., 0., 0., 0., 0., 0., 0., 0., 0., 0., 0., 0., 0., 0., 0.,
       0., 0., 0., 0., 0., 0., 0., 0., 0., 0., 0., 0., 0., 0., 0., 0., 0.,
       0., 0., 0., 0., 0., 0., 0., 0., 0., 0., 0., 0., 0., 0., 0., 0., 0.,
       0., 0., 0., 0., 0., 0., 0., 0., 0., 0., 0., 0., 0., 0., 0., 0., 0.,
       0., 0., 0., 0., 0., 0., 0., 0., 0., 0., 0., 0., 0.]), 'locations': array([387, 164, 319,  74, 237, 479, 306, 150, 164, 252, 352, 436, 356,
       234, 317,  88,  84, 265,  90, 238, 454, 308, 277,  63, 248, 326,
       347, 198,   4, 429, 416, 440, 304, 471, 201, 266, 116, 265, 431,
       425, 446, 231, 124, 146,  45, 309, 227, 159, 157, 446,  72, 176,
        38, 269, 327, 105,   3, 341,  56, 468,   3, 294, 291, 155, 396,
       365, 411, 146, 474,  75,  27, 284, 468, 107, 279, 368, 356, 195,
        36, 411, 353, 213, 392, 282, 440, 483, 370, 390,  13, 373, 392,
       406,  75, 247,  50,  97,  40, 413, 369,  64, 221, 108, 473, 108,
       338, 376,  85,  73, 356,  76,  56, 463,  54,  33,  17, 409, 428,
       402, 215, 447, 220,  27, 174, 122,  51, 172, 446, 455, 202,  34,
        19, 265, 113, 410, 473, 124, 268,  10, 420, 345, 152,  82, 241,
       338, 329, 346,  23, 449, 270, 353, 213, 211,  91, 420, 265, 330,
       192, 322, 483, 232, 452, 204, 178, 125, 382, 352,  14,  87, 194,
        23,  16, 420, 377, 268, 257, 165, 273, 181, 371, 208, 469, 303,
       155,  53, 343, 347, 252, 285,  56, 241,  20, 318, 172,  24,  99,
       256, 330, 139, 338, 137])}, {'ts_index': 40, 'loc': 427, 'gap': 0.06354422391285702, 'distances': array([0.62774819, 0.65547069, 0.53561296, 0.66848985, 0.67368166,
       0.58158643, 0.44458306, 0.50915818, 0.66989233, 0.65788972,
       0.45976417, 0.56833148, 0.66264263, 0.6424796 , 0.66326811,
       0.5763642 , 0.53207027, 0.47641532, 0.46671507, 0.63753417,
       0.59048362, 0.50656918, 0.7169926 , 0.67606132, 0.66254308,
       0.58539933, 0.57303717, 0.43434173, 0.57283014, 0.73944301,
       0.57329181, 0.41204357, 0.        , 0.60432719, 0.59205977,
       0.62527888, 0.69090766, 0.66778943, 0.7840514 , 0.68193679,
       0.45177106, 0.41267949, 0.73926259, 0.62937396, 0.5812787 ,
       0.71240323, 0.55435403, 0.80428051, 0.70010215, 0.63490484,
       0.70083011, 0.58634677, 0.42994126, 0.69789961, 0.50416457,
       0.67478604, 0.60601635, 0.73971484, 0.68654439, 0.58651397,
       0.60661089, 0.5912913 , 0.60287995, 0.5838892 , 0.68531391,
       0.41462258, 0.68747964, 0.40834732, 0.55436821, 0.61289254,
       0.41572652, 0.64826952, 0.50142522, 0.66951563, 0.44457935,
       0.50752732, 0.59186588, 0.52292577, 0.70479577, 0.70135068,
       0.33231964, 0.69248609, 0.76982232, 0.57882759, 0.55089369,
       0.38221707, 0.57910851, 0.49967098, 0.60353644, 0.49800983,
       0.57208797, 0.48209211, 0.2957128 , 0.42214335, 0.58635453,
       0.53382148, 0.66347781, 0.72390367, 0.63019335, 0.49781059,
       0.52645468, 0.5754408 , 0.4656351 , 0.68297354, 0.52732885,
       0.67425316, 0.46944428, 0.56505392, 0.34735725, 0.31048403,
       0.44188531, 0.57398526, 0.58469257, 0.60711716, 0.41604033,
       0.72995886, 0.6531676 , 0.70938598, 0.67299775, 0.28684705,
       0.50713288, 0.67569243, 0.70126243, 0.7133801 , 0.66228448,
       0.75119356, 0.38769322, 0.472786  , 0.41022327, 0.46509356,
       0.66933319, 0.33635096, 0.54242768, 0.65785108, 0.43043609,
       0.60353216, 0.533748  , 0.54800833, 0.48954241, 0.68986314,
       0.70347272, 0.48787169, 0.57038369, 0.71423674, 0.65377475,
       0.57940714, 0.6346706 , 0.50279127, 0.55236429, 0.62245251,
       0.60555643, 0.68294724, 0.73740565, 0.60102537, 0.47348173,
       0.64604869, 0.70816663, 0.67375908, 0.64275992, 0.63246097,
       0.63631585, 0.72096141, 0.61384918, 0.65998825, 0.65677666]), 'delta_distances': array([0., 0., 0., 0., 0., 0., 0., 0., 0., 0., 0., 0., 0., 0., 0., 0., 0.,
       0., 0., 0., 0., 0., 0., 0., 0., 0., 0., 0., 0., 0., 0., 0., 0., 0.,
       0., 0., 0., 0., 0., 0., 0., 0., 0., 0., 0., 0., 0., 0., 0., 0., 0.,
       0., 0., 0., 0., 0., 0., 0., 0., 0., 0., 0., 0., 0., 0., 0., 0., 0.,
       0., 0., 0., 0., 0., 0., 0., 0., 0., 0., 0., 0., 0., 0., 0., 0., 0.,
       0., 0., 0., 0., 0., 0., 0., 0., 0., 0., 0., 0., 0., 0., 0., 0., 0.,
       0., 0., 0., 0., 0., 0., 0., 0., 0., 0., 0., 0., 0., 0., 0., 0., 0.,
       0., 0., 0., 0., 0., 0., 0., 0., 0., 0., 0., 0., 0., 0., 0., 0., 0.,
       0., 0., 0., 0., 0., 0., 0., 0., 0., 0., 0., 0., 0., 0., 0., 0., 0.,
       0., 0., 0., 0., 0., 0., 0., 0., 0., 0., 0., 0.]), 'locations': array([158, 338, 181, 201, 482, 453, 141, 486, 483,  40, 293,  57, 241,
       487, 179, 168, 133, 486, 173,  64, 126, 220, 232, 303, 286, 103,
       407, 249, 247,  21, 302, 326, 427,  45,  83,  59,  79, 383,   9,
       287,  56, 411,  62, 377, 266,  89, 406, 298,  81,  20, 220, 224,
        92, 466,  16, 334, 206, 470,   9, 213, 172, 231, 132, 327, 438,
        54,  35, 383,  69, 211, 425, 333, 334, 197,  87, 165, 184, 463,
        57, 136, 103,  99, 178,  17, 215, 279, 160,  15, 199, 437, 437,
        37, 213, 364,  76, 100,  58, 416, 408,  50, 317, 306, 223, 309,
       364, 432, 420, 198,  90, 468, 356,   8, 122, 275, 172, 439, 161,
       108,  98, 470, 281,  65,   3,  69,  42, 108, 205, 342, 260, 140,
       116,   4, 317, 116,  83, 177, 305, 363,   1, 474, 143, 226, 401,
       472, 461,  98, 198, 263,  13, 136, 329, 240, 151,  60, 374, 252,
       306, 155,  95, 359, 404, 446, 102, 417,  63])}, {'ts_index': 142, 'loc': 27, 'gap': 0.047676831974455935, 'distances': array([0.84031223, 0.78309373, 0.91269881, 0.93613269, 1.00268628,
       0.87921711, 0.80237608, 0.79651905, 0.75493868, 0.42593429,
       0.73451335, 0.78225345, 0.78574323, 0.82207666, 0.50883245,
       0.96996724, 1.01902652, 0.48315952, 0.54740347, 0.80371412,
       0.74277015, 0.92883357, 0.78073437, 0.94142749, 0.64486485,
       0.9761485 , 0.96533072, 0.70787144, 0.73499739, 0.82857546,
       1.00717499, 0.70941366, 0.8054806 , 0.98340145, 0.88812995,
       0.73832448, 0.89346834, 0.71832951, 0.77507574, 0.79440546,
       0.92170039, 0.9018287 , 0.8124505 , 0.88314957, 0.81787683,
       0.72291021, 0.72088604, 0.81653961, 0.95006655, 0.82156987,
       0.69336834, 0.76200575, 0.79123597, 0.87246217, 0.91833988,
       0.91555273, 0.86214541, 0.75697021, 0.75419843, 0.66713704,
       0.79383043, 0.81515289, 0.77080673, 0.87926345, 0.84472844,
       1.00418575, 0.75440575, 0.81452543, 0.88593943, 0.67028088,
       0.61246212, 0.77265012, 0.80865698, 0.92319614, 0.8456926 ,
       0.64216003, 0.68444827, 0.72209713, 0.62999514, 0.81159176,
       0.85816691, 0.71358075, 0.7770896 , 0.69864366, 0.80064542,
       1.01249709, 0.41683512, 0.9091834 , 0.81586493, 0.72402664,
       0.64254068, 0.74142599, 0.80320377, 0.6689751 , 0.        ,
       0.87636088, 0.84216076, 0.89114865, 0.69993792, 0.90362216,
       0.90752987, 0.9640871 , 0.68330663, 0.75663264, 0.72921852,
       0.94007535, 0.97113482, 0.81669   , 0.7819638 , 0.72099501,
       0.80261346, 0.94597018, 0.83062472, 0.98036214, 0.84493802,
       0.78882681, 0.67882319, 0.88379214, 0.79530378, 0.87424233,
       0.76785625, 0.8326953 , 0.99157421, 0.8694508 , 0.88439469,
       0.9263006 , 0.87778381, 0.85943859, 0.92810191, 0.74138298,
       1.03492372, 1.00901308, 0.96472789, 0.81747262, 0.93404943,
       0.72568418]), 'delta_distances': array([0., 0., 0., 0., 0., 0., 0., 0., 0., 0., 0., 0., 0., 0., 0., 0., 0.,
       0., 0., 0., 0., 0., 0., 0., 0., 0., 0., 0., 0., 0., 0., 0., 0., 0.,
       0., 0., 0., 0., 0., 0., 0., 0., 0., 0., 0., 0., 0., 0., 0., 0., 0.,
       0., 0., 0., 0., 0., 0., 0., 0., 0., 0., 0., 0., 0., 0., 0., 0., 0.,
       0., 0., 0., 0., 0., 0., 0., 0., 0., 0., 0., 0., 0., 0., 0., 0., 0.,
       0., 0., 0., 0., 0., 0., 0., 0., 0., 0., 0., 0., 0., 0., 0., 0., 0.,
       0., 0., 0., 0., 0., 0., 0., 0., 0., 0., 0., 0., 0., 0., 0., 0., 0.,
       0., 0., 0., 0., 0., 0., 0., 0., 0., 0., 0., 0., 0., 0., 0., 0., 0.]), 'locations': array([158, 338, 440, 240, 187,  26,  34, 129, 329,  57, 241, 487, 483,
        55,  30, 343,  64, 126, 243, 232, 464, 275,  24, 269, 247, 100,
        42,  20, 416, 220, 207, 461, 119, 375, 354, 394, 240, 456, 406,
       140, 233, 290, 220, 224, 296,  75, 420, 281, 470, 254, 393, 271,
       483,  51,  13, 478, 268,  69, 211, 457, 262, 197, 130, 275, 366,
       217,  84,  43, 178, 235, 215, 395, 389, 464, 206, 437,  37,  92,
       299, 322, 416, 408,  50, 317, 478,  30, 242, 121, 398, 365, 159,
       275, 456,  29,  27,  98,  78, 180, 258, 184, 239, 233, 342, 100,
       204, 231, 177, 292, 363,   1, 449, 143, 456,  87, 472, 285,  14,
       198, 263, 428,  38, 329, 120,  16, 346, 463, 366, 341,  97,  95,
       386, 460, 192, 323, 243,  63])}, {'ts_index': 45, 'loc': 469, 'gap': 0.0655473238118145, 'distances': array([0.35877235, 0.28150885, 0.2546391 , 0.37648297, 0.32955144,
       0.32762662, 0.41165715, 0.35278661, 0.        , 0.38103027,
       0.38420739, 0.39635889, 0.38042648, 0.19162187, 0.22056414,
       0.41076463, 0.37663024, 0.39219258, 0.2173329 , 0.36994819,
       0.35471717, 0.32496334, 0.36475005]), 'delta_distances': array([0., 0., 0., 0., 0., 0., 0., 0., 0., 0., 0., 0., 0., 0., 0., 0., 0.,
       0., 0., 0., 0., 0., 0.]), 'locations': array([394, 397, 354, 353, 343, 117, 291, 202, 469, 482, 141,  34, 132,
         8,  75, 313,  83, 454, 364, 293, 386,  41, 408])}, {'ts_index': 195, 'loc': 3, 'gap': 0.058818081138500844, 'distances': array([0.41440596, 0.47561772, 0.22503575, 0.4635515 , 0.40589793,
       0.35317582, 0.27844218, 0.42991419, 0.31324128, 0.39945972,
       0.3199852 , 0.48426396, 0.47596138, 0.44324428, 0.511004  ,
       0.        , 0.48491979, 0.47631712]), 'delta_distances': array([0., 0., 0., 0., 0., 0., 0., 0., 0., 0., 0., 0., 0., 0., 0., 0., 0.,
       0.]), 'locations': array([486, 258, 107, 171,  82, 148, 424, 405,  79, 483, 174,  60, 304,
       462, 338,   3, 332, 291])}], 'clusters': array([3, 3, 3, 0, 0, 3, 2, 3, 3, 3, 2, 3, 3, 1, 3, 1, 3, 3, 3, 4, 2, 5,
       3, 1, 1, 1, 1, 3, 3, 3, 0, 3, 1, 0, 2, 3, 0, 5, 1, 2, 2, 1, 3, 3,
       3, 4, 3, 3, 0, 2, 2, 1, 3, 3, 3, 3, 3, 3, 1, 3, 3, 1, 3, 3, 1, 2,
       3, 3, 3, 3, 5, 3, 3, 3, 3, 3, 1, 3, 3, 2, 3, 2, 3, 1, 3, 1, 2, 3,
       3, 3, 1, 1, 2, 3, 3, 3, 0, 3, 2, 3, 3, 3, 3, 2, 3, 3, 3, 1, 3, 3,
       1, 3, 2, 1, 2, 1, 3, 3, 3, 3, 3, 3, 3, 3, 1, 2, 5, 3, 3, 1, 2, 3,
       2, 2, 2, 3, 3, 1, 3, 2, 3, 3, 3, 1, 3, 2, 3, 3, 3, 3, 3, 4, 1, 2,
       3, 2, 2, 3, 2, 3, 4, 2, 1, 0, 3, 1, 3, 3, 3, 0, 1, 1, 3, 0, 3, 3,
       3, 3, 3, 1, 3, 3, 3, 4, 3, 1, 1, 3, 3, 3, 3, 1, 3, 3, 0, 5, 0, 3,
       0, 3]), 'time': 1818.3783283233643}
lenSubsequence: 12{'RI': 0.5030653266331658, 'num_clusters': 4, 'uShapelets': [{'ts_index': 141, 'loc': 289, 'gap': 0.05407457487434386, 'distances': array([0.4168212 , 0.73503931, 0.72934742, 0.76334517, 0.75882076,
       0.62682508, 0.77245047, 0.51087857, 0.69753579, 0.77253331,
       0.63439504, 0.67463247, 0.40687635, 0.7158735 , 0.86920112,
       0.54810677, 0.77727222, 0.6983164 , 0.59669147, 0.76965152,
       0.67190669, 0.88172945, 0.62423382, 0.63458058, 0.74064845,
       0.71763517, 0.72353546, 0.5058327 , 0.77059098, 0.70659452,
       0.59051674, 0.74688571, 0.28531908, 0.72683601, 0.72892609,
       0.44442928, 0.66941893, 0.57180186, 0.80674139, 0.67254461,
       0.55310382, 0.80722747, 0.68671608, 0.48875149, 0.65594544,
       0.58619832, 0.62609339, 0.47479446, 0.58451284, 0.68980755,
       0.80471995, 0.76598754, 0.82618505, 0.56549255, 0.65533939,
       0.65659453, 0.5803353 , 0.82669768, 0.60349873, 0.8144696 ,
       0.70768569, 0.73098687, 0.66591618, 0.68094315, 0.813746  ,
       0.81601565, 0.73764564, 0.61303259, 0.6441421 , 0.47245964,
       0.86215617, 0.74134286, 0.74124978, 0.7184009 , 0.77985708,
       0.53849896, 0.36638429, 0.5201087 , 0.89754199, 0.51941774,
       0.82626633, 0.63723812, 0.49182384, 0.74486376, 0.7173309 ,
       0.5695031 , 0.57114373, 0.40268085, 0.69978537, 0.5123977 ,
       0.71151789, 0.566881  , 0.59794592, 0.57195576, 0.44761896,
       0.58073346, 0.65712389, 0.73084284, 0.50301106, 0.72752403,
       0.87272836, 0.58177258, 0.56684283, 0.41244496, 0.6749245 ,
       0.63392028, 0.8207584 , 0.54768382, 0.73012632, 0.59349826,
       0.78683772, 0.51602399, 0.7024208 , 0.47584968, 0.71028552,
       0.72053534, 0.68482602, 0.46941797, 0.72105575, 0.8762344 ,
       0.70194539, 0.57429665, 0.75656141, 0.61801783, 0.64659469,
       0.82646768, 0.69197023, 0.53308103, 0.85811371, 0.77176594,
       0.67308286, 0.65882094, 0.44969882, 0.57720975, 0.5597228 ,
       0.68014532, 0.5317549 , 0.77918034, 0.63850598, 0.68758285,
       0.76235334, 0.        , 0.56018009, 0.58812776, 0.69338008,
       0.7214784 , 0.77169589, 0.66314879, 0.63086578, 0.82969977,
       0.64998706, 0.71032755, 0.68081232, 0.52807532, 0.47059938,
       0.66886768, 0.66691708, 0.74819605, 0.57100465, 0.54780459,
       0.75742122, 0.65742077, 0.54423741, 0.76767383, 0.73274546,
       0.74934754, 0.68839677, 0.7590457 , 0.80306852, 0.77183591,
       0.83230621, 0.61660952, 0.48590165, 0.84999424, 0.81162487,
       0.75162414, 0.68937356, 0.64711614, 0.57338366, 0.7045451 ,
       0.81664458, 0.63491418, 0.63761301, 0.78953502, 0.63039769,
       0.68658421, 0.66782957, 0.73784254, 0.77288302, 0.76313682,
       0.81546453, 0.83971107, 0.67598254, 0.68222065, 0.7817061 ,
       0.78761917, 0.81537229, 0.60426274, 0.74207274, 0.59211972]), 'delta_distances': array([0., 0., 0., 0., 0., 0., 0., 0., 0., 0., 0., 0., 0., 0., 0., 0., 0.,
       0., 0., 0., 0., 0., 0., 0., 0., 0., 0., 0., 0., 0., 0., 0., 0., 0.,
       0., 0., 0., 0., 0., 0., 0., 0., 0., 0., 0., 0., 0., 0., 0., 0., 0.,
       0., 0., 0., 0., 0., 0., 0., 0., 0., 0., 0., 0., 0., 0., 0., 0., 0.,
       0., 0., 0., 0., 0., 0., 0., 0., 0., 0., 0., 0., 0., 0., 0., 0., 0.,
       0., 0., 0., 0., 0., 0., 0., 0., 0., 0., 0., 0., 0., 0., 0., 0., 0.,
       0., 0., 0., 0., 0., 0., 0., 0., 0., 0., 0., 0., 0., 0., 0., 0., 0.,
       0., 0., 0., 0., 0., 0., 0., 0., 0., 0., 0., 0., 0., 0., 0., 0., 0.,
       0., 0., 0., 0., 0., 0., 0., 0., 0., 0., 0., 0., 0., 0., 0., 0., 0.,
       0., 0., 0., 0., 0., 0., 0., 0., 0., 0., 0., 0., 0., 0., 0., 0., 0.,
       0., 0., 0., 0., 0., 0., 0., 0., 0., 0., 0., 0., 0., 0., 0., 0., 0.,
       0., 0., 0., 0., 0., 0., 0., 0., 0., 0., 0., 0., 0.]), 'locations': array([163, 387, 445, 341, 416,  55, 227, 219,   1,  25, 298, 326, 246,
       282, 387, 445, 184,  60, 138, 136, 327, 433, 131, 314, 349, 292,
       124, 248, 237, 199, 212, 108, 417, 236, 431, 252, 484, 307, 465,
       355, 432, 124, 133, 236, 311, 448, 342, 124,  51,  61, 456,  62,
       395,  97, 271, 461,  20,  13, 278, 147, 108, 363, 414, 126, 348,
        97, 301, 425,  22, 211, 465,  14, 381, 392, 236, 292, 456, 298,
       459, 177, 199, 388, 137,  48, 484,  30, 288, 338, 143, 202, 318,
       281, 477, 318, 189, 371,  62,  89, 446,  48, 433, 240, 220, 270,
       149,  20,  57, 120, 442, 442, 417,  42, 218, 245, 369, 386,  81,
        94,  63, 110, 196, 428, 154, 311, 182,  83,  63, 247,  19,  77,
       425, 159,  95, 473, 361,  13, 127,   3, 280, 177,  35, 289, 113,
         2, 260, 405, 313, 185, 413, 486,  28, 113, 194,  95, 347, 265,
       145, 156,   9, 322, 171,  88, 227,   1, 122, 215, 377,   6,  94,
        60,  74, 103, 318,  23, 477,  78,  19, 203, 450, 332,  75, 385,
       334, 228,  21, 430, 307, 111,  87,  74, 429,  97,  74, 197, 364,
       142,  82, 328, 285,  68])}, {'ts_index': 129, 'loc': 34, 'gap': 0.04841832539170321, 'distances': array([0.61241776, 0.7812823 , 0.82829118, 0.83693967, 0.65946263,
       0.70649178, 0.85283137, 0.58807139, 0.718656  , 0.77662799,
       0.67743516, 0.78039453, 0.5824368 , 0.85637681, 0.75048238,
       0.68097869, 0.80527617, 0.83189885, 0.75409311, 0.50384834,
       0.63461408, 0.72045191, 0.66835601, 0.66828726, 0.82744261,
       0.70602668, 0.64924112, 0.89231404, 0.71110675, 0.71993177,
       0.86891673, 0.61758   , 0.80436245, 0.55496379, 0.88234639,
       0.86799152, 0.70610535, 0.58684013, 0.82650699, 0.69787455,
       0.67723121, 0.69587773, 0.5976379 , 0.79521263, 0.50545753,
       0.77448377, 0.58642153, 0.63860852, 0.5628956 , 0.64088613,
       0.80697183, 0.74838253, 0.72044195, 0.81347312, 0.81841249,
       0.77695721, 0.69974942, 0.79909048, 0.64697934, 0.62008365,
       0.81049214, 0.69684226, 0.587977  , 0.60660713, 0.6458332 ,
       0.70751887, 0.49484326, 0.51202801, 0.83106823, 0.69630264,
       0.81373677, 0.78522394, 0.64078224, 0.64250625, 0.66663966,
       0.69993277, 0.59384137, 0.6545001 , 0.5614274 , 0.80775845,
       0.6657518 , 0.7574356 , 0.85724638, 0.75283139, 0.55318845,
       0.57179217, 0.78028698, 0.79579233, 0.64694392, 0.63122553,
       0.80143886, 0.63195916, 0.69083475, 0.74593619, 0.48185367,
       0.86599898, 0.7865372 , 0.58434954, 0.75487516, 0.61171298,
       0.79174066, 0.71388542, 0.75482924, 0.        , 0.5527663 ,
       0.67715611, 0.74186052, 0.75253974, 0.62838536, 0.76714144,
       0.8088679 , 0.71311982, 0.85017425, 0.60069383, 0.7610278 ,
       0.80237842, 0.71176942, 0.75969103, 0.88549256, 0.65417321,
       0.54635097, 0.81698323, 0.58084272, 0.77679658, 0.68815587,
       0.61965947, 0.80426757, 0.64251301, 0.8825788 , 0.73245896,
       0.80150091, 0.61715484, 0.65670818, 0.71209397, 0.60204288,
       0.68464114, 0.52851594, 0.63721103, 0.61377609, 0.73708933,
       0.57148062, 0.58692868, 0.6923425 , 0.70017799, 0.48234355,
       0.74379707, 0.56807269, 0.70791207, 0.61971976, 0.76983867,
       0.65736838, 0.44323344, 0.56526773, 0.67695907, 0.81300454,
       0.75825089, 0.54924284, 0.62552128, 0.53374241, 0.6280877 ,
       0.72519676, 0.69533807, 0.70129873, 0.62742176, 0.8260525 ]), 'delta_distances': array([0., 0., 0., 0., 0., 0., 0., 0., 0., 0., 0., 0., 0., 0., 0., 0., 0.,
       0., 0., 0., 0., 0., 0., 0., 0., 0., 0., 0., 0., 0., 0., 0., 0., 0.,
       0., 0., 0., 0., 0., 0., 0., 0., 0., 0., 0., 0., 0., 0., 0., 0., 0.,
       0., 0., 0., 0., 0., 0., 0., 0., 0., 0., 0., 0., 0., 0., 0., 0., 0.,
       0., 0., 0., 0., 0., 0., 0., 0., 0., 0., 0., 0., 0., 0., 0., 0., 0.,
       0., 0., 0., 0., 0., 0., 0., 0., 0., 0., 0., 0., 0., 0., 0., 0., 0.,
       0., 0., 0., 0., 0., 0., 0., 0., 0., 0., 0., 0., 0., 0., 0., 0., 0.,
       0., 0., 0., 0., 0., 0., 0., 0., 0., 0., 0., 0., 0., 0., 0., 0., 0.,
       0., 0., 0., 0., 0., 0., 0., 0., 0., 0., 0., 0., 0., 0., 0., 0., 0.,
       0., 0., 0., 0., 0., 0., 0., 0., 0., 0., 0., 0.]), 'locations': array([164, 319, 473, 237, 479,  19, 354, 180, 352, 302, 234, 299,  84,
       421,   5, 413, 454, 239, 277,  63,  97, 349, 347,   4, 329, 416,
       373, 254, 388, 116, 265, 431, 425, 180,   5, 452,  49, 227, 403,
        15, 331, 176,  38, 415, 327, 322,   3, 341,  56, 468, 195, 294,
       291, 155, 243, 215, 481, 188, 107, 150,  16, 387, 107, 279,  36,
       353, 213, 282, 440, 147, 370, 231, 343, 406,  75, 279,  97,  40,
       413, 407,  64, 423, 399,  61, 219,  85, 356,  12, 447,  54, 299,
       409, 428, 436, 447, 104, 381, 174, 122, 350,  47, 211, 158,  34,
       251, 216,  79, 124,  10, 146, 474, 236, 241, 338, 388, 167, 122,
       210, 180, 353, 213, 424,  91,  85, 192, 322, 220, 160, 288, 222,
       216, 127, 185,  87, 481, 470, 455, 386, 268, 133, 146, 211,  39,
       371, 208, 354, 303, 107,  53,  68, 347, 252, 285, 173, 313,  20,
        65, 172,  24, 336,  39, 330,  67, 338, 137])}, {'ts_index': 84, 'loc': 210, 'gap': 0.0294939330088394, 'distances': array([0.4875721 , 0.42595354, 0.50583368, 0.55036131, 0.45146388,
       0.46038301, 0.48231167, 0.38038448, 0.50327318, 0.45092287,
       0.46793347, 0.25225222, 0.48725966, 0.5091575 , 0.47025514,
       0.53643462, 0.47579245, 0.45799782, 0.4807506 , 0.        ,
       0.42104893, 0.57624657, 0.5462215 , 0.44306608, 0.41987858,
       0.59934142, 0.59026357, 0.51853755, 0.47340064, 0.4804094 ,
       0.58955757, 0.59184607, 0.40806376, 0.48456559, 0.50745471,
       0.58188062, 0.60666409]), 'delta_distances': array([0., 0., 0., 0., 0., 0., 0., 0., 0., 0., 0., 0., 0., 0., 0., 0., 0.,
       0., 0., 0., 0., 0., 0., 0., 0., 0., 0., 0., 0., 0., 0., 0., 0., 0.,
       0., 0., 0.]), 'locations': array([302, 410, 401, 439, 172,  63, 116, 406, 434, 325,  44, 219, 427,
       376, 246, 120, 427,  74, 253, 210, 424,  42, 439,  39, 363, 466,
        77,  36, 402, 399, 257, 123,   3, 158, 421,  84, 307])}, {'ts_index': 125, 'loc': 457, 'gap': 0.05557733928784825, 'distances': array([0.4986694 , 0.64370348, 0.        , 0.61672889, 0.40090148,
       0.53711334, 0.41006239]), 'delta_distances': array([0., 0., 0., 0., 0., 0., 0.]), 'locations': array([206, 432, 457, 314,  86,  31, 487])}], 'clusters': array([1, 2, 2, 3, 3, 2, 2, 1, 3, 2, 2, 2, 1, 2, 2, 1, 2, 3, 2, 2, 3, 3,
       2, 2, 2, 2, 2, 1, 2, 3, 2, 2, 1, 3, 2, 1, 2, 3, 2, 3, 1, 2, 3, 1,
       3, 2, 2, 1, 3, 2, 2, 2, 2, 3, 2, 2, 2, 2, 2, 2, 3, 2, 2, 3, 3, 2,
       2, 3, 2, 1, 2, 3, 2, 2, 2, 1, 1, 1, 2, 1, 2, 2, 1, 2, 3, 2, 3, 1,
       2, 1, 2, 2, 2, 2, 1, 2, 2, 2, 1, 4, 2, 2, 3, 1, 2, 2, 2, 1, 2, 3,
       2, 1, 2, 1, 3, 2, 2, 1, 2, 2, 0, 2, 2, 2, 2, 4, 2, 1, 2, 2, 2, 2,
       1, 2, 1, 2, 1, 2, 2, 3, 2, 1, 3, 2, 2, 3, 2, 2, 0, 2, 2, 4, 2, 1,
       1, 2, 2, 2, 3, 1, 2, 3, 1, 2, 3, 2, 2, 2, 2, 2, 2, 2, 1, 2, 2, 2,
       2, 2, 2, 2, 2, 2, 2, 2, 2, 2, 2, 2, 2, 4, 2, 2, 2, 2, 2, 2, 2, 2,
       2, 4]), 'time': 1393.8244044780731}
lenSubsequence: 13{'RI': 0.5009547738693467, 'num_clusters': 9, 'uShapelets': [{'ts_index': 91, 'loc': 399, 'gap': 0.040236333059022855, 'distances': array([0.91044124, 0.90697058, 1.02817381, 0.73267504, 0.94977176,
       0.88577772, 0.98220628, 1.02202432, 1.10785011, 0.9255577 ,
       0.90966149, 0.8698967 , 1.03696915, 0.87836052, 1.04582939,
       0.56415555, 0.90338639, 0.80040214, 0.95874514, 0.99158742,
       1.11097118, 1.05375404, 0.97527734, 0.67625502, 0.75737733,
       0.83927133, 0.81845033, 1.02254177, 1.11355841, 0.90679616,
       1.02066736, 0.8547027 , 0.77960717, 0.98478453, 1.01612333,
       1.03472234, 0.98567388, 1.17444711, 0.78456048, 1.00711428,
       1.08041154, 0.6779806 , 1.07724486, 0.79430355, 1.15328637,
       0.9582851 , 0.85538925, 1.01794115, 1.0457402 , 0.90797936,
       0.89533507, 0.82607168, 1.03186491, 1.05534966, 0.78501948,
       1.06378987, 0.9315535 , 1.07131769, 0.85537375, 0.71641956,
       1.04934634, 0.61669474, 0.94791996, 0.77648606, 1.01978167,
       1.08473161, 0.90791789, 1.05978861, 0.89637283, 0.99694221,
       0.9328024 , 1.03068107, 0.98124747, 0.84700546, 0.89232643,
       1.01538797, 0.74868809, 1.05664212, 1.02062229, 0.95373674,
       0.9921171 , 0.8632857 , 0.96560827, 0.62352166, 1.00253132,
       0.8805866 , 1.091795  , 1.01357075, 1.03869285, 0.99126465,
       0.80726515, 0.        , 1.04648509, 1.07238   , 0.99866827,
       0.8847929 , 1.01690102, 0.86955688, 0.87547185, 1.0576637 ,
       0.91550067, 0.9913227 , 1.13000074, 1.14579947, 0.82929347,
       0.83154644, 0.86194944, 0.7460272 , 1.03885152, 0.9870148 ,
       0.89296757, 0.83042233, 1.04780267, 0.79119053, 1.04675784,
       0.87030779, 1.05656654, 1.02834986, 1.07517604, 0.98810556,
       1.05901901, 0.92470833, 0.83203088, 0.99160173, 0.76609114,
       0.76900723, 0.89463379, 0.92326642, 1.04466321, 0.83761999,
       0.64541565, 0.91807272, 1.01250999, 0.8756835 , 1.11414196,
       0.89447187, 1.04701702, 0.90973602, 1.00077499, 1.0194115 ,
       1.03084055, 0.95121733, 0.94861734, 0.70856269, 0.9534495 ,
       0.92483042, 1.04337601, 0.94785303, 0.92877926, 0.99473728,
       0.99002586, 1.04536871, 0.66501255, 0.95851596, 0.94100015,
       0.85714199, 0.95183801, 0.86642467, 0.98681469, 1.00613771,
       0.78819599, 1.06015586, 0.66742692, 0.99766434, 0.94837502,
       0.98070876, 0.8926885 , 0.92337591, 0.82607577, 0.7714433 ,
       0.70988255, 0.90453517, 1.02163141, 0.91939111, 1.04909273,
       0.76029496, 0.92235656, 0.93242819, 1.01917908, 0.68888787,
       1.06264854, 0.70817211, 0.88521894, 0.92056158, 0.86973389,
       0.99578575, 0.77649716, 0.9609585 , 0.94392924, 0.94536798,
       0.91906467, 0.8561727 , 0.91116701, 0.97725415, 0.88276631,
       0.9560939 , 1.10468166, 1.02912624, 0.82502296, 0.9901147 ]), 'delta_distances': array([0., 0., 0., 0., 0., 0., 0., 0., 0., 0., 0., 0., 0., 0., 0., 0., 0.,
       0., 0., 0., 0., 0., 0., 0., 0., 0., 0., 0., 0., 0., 0., 0., 0., 0.,
       0., 0., 0., 0., 0., 0., 0., 0., 0., 0., 0., 0., 0., 0., 0., 0., 0.,
       0., 0., 0., 0., 0., 0., 0., 0., 0., 0., 0., 0., 0., 0., 0., 0., 0.,
       0., 0., 0., 0., 0., 0., 0., 0., 0., 0., 0., 0., 0., 0., 0., 0., 0.,
       0., 0., 0., 0., 0., 0., 0., 0., 0., 0., 0., 0., 0., 0., 0., 0., 0.,
       0., 0., 0., 0., 0., 0., 0., 0., 0., 0., 0., 0., 0., 0., 0., 0., 0.,
       0., 0., 0., 0., 0., 0., 0., 0., 0., 0., 0., 0., 0., 0., 0., 0., 0.,
       0., 0., 0., 0., 0., 0., 0., 0., 0., 0., 0., 0., 0., 0., 0., 0., 0.,
       0., 0., 0., 0., 0., 0., 0., 0., 0., 0., 0., 0., 0., 0., 0., 0., 0.,
       0., 0., 0., 0., 0., 0., 0., 0., 0., 0., 0., 0., 0., 0., 0., 0., 0.,
       0., 0., 0., 0., 0., 0., 0., 0., 0., 0., 0., 0., 0.]), 'locations': array([ 17, 157, 103, 182, 230, 472, 299, 143, 383, 197, 345,   1,  93,
       227, 310,  81,  77, 258, 400, 231, 447, 277, 270,  56, 241, 319,
       340, 191, 393, 422, 423, 404, 297, 192, 381, 259, 231, 205, 230,
       418, 106, 173, 117, 139, 228,  42, 364, 152,  58,   8, 364, 169,
        20, 262, 401,  88, 450, 334,  23, 461, 410, 287, 284, 148, 373,
       358, 474, 181, 467, 430, 143, 277, 461, 100, 272, 361, 232, 339,
        29, 183, 208, 206, 385, 275, 400, 476, 272, 383,   6, 457, 336,
       399,  68,  88,  43,  90,  33, 406, 218,  57, 214, 101, 439, 122,
       331, 212,  78,  66, 130,  69,  49, 393,  47,  26, 484, 355,  51,
       395, 174, 440, 213,  20, 167, 207,  44, 165,  92, 448, 299,  27,
       244, 258, 106, 403, 238, 152, 261,   3, 139, 461, 145, 247, 234,
       331, 322, 339,  77, 442, 398, 317, 262, 417,  84,  53, 219, 323,
       185, 405, 232, 225, 445, 173, 171, 215, 177, 325,   7,  80, 175,
       361,   9, 232, 370, 152, 162, 257, 266,  32, 301, 201, 462, 296,
       434,  46, 336, 340, 245, 278, 166, 114, 377,  58, 165,  17,  84,
       249, 323, 132, 331, 130])}, {'ts_index': 47, 'loc': 125, 'gap': 0.04475621833987864, 'distances': array([0.58056285, 0.62056788, 0.7027334 , 0.76120856, 0.70742571,
       0.70358283, 0.52398355, 0.7123297 , 0.72451445, 0.79306803,
       0.77771176, 0.47137456, 0.51174138, 0.88550463, 0.84592885,
       0.61699253, 0.7638282 , 0.67043143, 0.87632373, 0.66453547,
       0.75728929, 0.50874273, 0.65065949, 0.74816129, 0.71178439,
       0.75655996, 0.60052139, 0.72347954, 0.43065314, 0.73942461,
       0.68575457, 0.63083435, 0.5735746 , 0.69215876, 0.66454058,
       0.79164645, 0.70034814, 0.        , 0.76328875, 0.63488762,
       0.77530815, 0.7507319 , 0.67732653, 0.56689493, 0.64618532,
       0.75369964, 0.71747318, 0.64750998, 0.71291555, 0.73629049,
       0.8171651 , 0.76191031, 0.6678576 , 0.55295624, 0.52109169,
       0.71757489, 0.78081275, 0.74738504, 0.68676792, 0.7697436 ,
       0.7078247 , 0.66304147, 0.85685816, 0.52937518, 0.72898584,
       0.66428576, 0.52168236, 0.62578022, 0.73722985, 0.5045148 ,
       0.60247171, 0.74248149, 0.58508899, 0.79676065, 0.77060812,
       0.72124813, 0.72319363, 0.65445079, 0.70317325, 0.66091555,
       0.74320944, 0.79279834, 0.68710534, 0.56319593, 0.66428309,
       0.68158744, 0.71728977, 0.79304459, 0.62615986, 0.61206613,
       0.729057  , 0.51051247, 0.68085604, 0.63754694, 0.60661228,
       0.77720469, 0.74290106, 0.73866359, 0.87148709, 0.56873119,
       0.67653694, 0.73608905, 0.66545121, 0.7855951 , 0.60513556,
       0.87850739, 0.81832633, 0.70877881, 0.54561082, 0.74118545,
       0.518096  , 0.70812845, 0.5398897 , 0.77321846, 0.70188863,
       0.67541421, 0.79883599, 0.42002246, 0.64742441, 0.75841143,
       0.80608509, 0.82039031, 0.74514837, 0.63003457, 0.79252795,
       0.66475724, 0.50095834, 0.68241009, 0.46597016, 0.76982199,
       0.7408638 , 0.76370403, 0.65987793, 0.55492143, 0.62803545,
       0.47690167, 0.62540795, 0.83681628, 0.74336683, 0.64534392,
       0.74894789, 0.75751348, 0.71757426, 0.64636955, 0.78782758,
       0.6226565 , 0.6323706 , 0.74678702, 0.73989034, 0.82027034,
       0.73242155, 0.72789887, 0.75060837, 0.80236277, 0.77069661,
       0.81476478, 0.63683081, 0.7711798 , 0.66167075, 0.69981219,
       0.77436731, 0.80521511, 0.84213054, 0.64421917, 0.50335221]), 'delta_distances': array([0., 0., 0., 0., 0., 0., 0., 0., 0., 0., 0., 0., 0., 0., 0., 0., 0.,
       0., 0., 0., 0., 0., 0., 0., 0., 0., 0., 0., 0., 0., 0., 0., 0., 0.,
       0., 0., 0., 0., 0., 0., 0., 0., 0., 0., 0., 0., 0., 0., 0., 0., 0.,
       0., 0., 0., 0., 0., 0., 0., 0., 0., 0., 0., 0., 0., 0., 0., 0., 0.,
       0., 0., 0., 0., 0., 0., 0., 0., 0., 0., 0., 0., 0., 0., 0., 0., 0.,
       0., 0., 0., 0., 0., 0., 0., 0., 0., 0., 0., 0., 0., 0., 0., 0., 0.,
       0., 0., 0., 0., 0., 0., 0., 0., 0., 0., 0., 0., 0., 0., 0., 0., 0.,
       0., 0., 0., 0., 0., 0., 0., 0., 0., 0., 0., 0., 0., 0., 0., 0., 0.,
       0., 0., 0., 0., 0., 0., 0., 0., 0., 0., 0., 0., 0., 0., 0., 0., 0.,
       0., 0., 0., 0., 0., 0., 0., 0., 0., 0., 0., 0.]), 'locations': array([164, 388, 187, 193,  56, 325, 220, 181,  26, 401, 327, 247, 258,
       373, 185, 139, 103, 328,  37, 220, 293, 249, 238, 276, 213, 169,
       321, 432, 253,  34, 308, 356, 433,  51, 355, 449, 141, 125,  52,
        62, 457, 485,  98, 439,  21,  67,  98, 109, 471, 349, 462, 302,
        22,  23, 212, 466, 260, 291, 393, 237,  57, 299, 370, 178, 446,
        25, 138,  30, 390, 289, 339, 340, 203, 478, 319,  42, 372,  63,
       368, 109,  49, 434, 476, 221, 271, 150,  21, 192, 460, 443, 210,
        43,  31, 370, 186,  82,  42,  64,  26, 197, 429, 155, 312, 113,
       248, 102,  78, 135,  96, 300, 362,  14, 128, 237, 281, 178, 445,
       290, 114, 153, 406, 357,  31, 414, 106,  29, 114,  96, 348, 384,
       146, 122, 194,  41,   6,   2, 298, 444, 378,  58, 388, 400, 319,
        24, 425,  20, 204, 291, 216, 432, 229, 472, 151, 335,  88,  75,
       329,  98, 161, 198, 365, 410,  83, 329,  69])}, {'ts_index': 46, 'loc': 486, 'gap': 0.032427333976617345, 'distances': array([0.49899217, 0.56736103, 0.52944515, 0.50643459, 0.49919898,
       0.49311971, 0.48651245, 0.55592019, 0.49332631, 0.48462678,
       0.53240102, 0.61773928, 0.50214697, 0.50534174, 0.51953798,
       0.5385051 , 0.5576773 , 0.56881528, 0.4317136 , 0.30553239,
       0.48544203, 0.4968682 , 0.5407697 , 0.56800053, 0.47392777,
       0.60625396, 0.53013788, 0.40709321, 0.        , 0.51236176,
       0.46236237, 0.49036112, 0.50995489, 0.469674  , 0.40953913,
       0.57065683, 0.53112356, 0.51290387, 0.4743408 , 0.52715513,
       0.49889171, 0.51010214, 0.5466006 , 0.46942477, 0.52141229,
       0.53774205, 0.53021203, 0.50324899, 0.48629571, 0.59342419,
       0.49897678, 0.5301475 , 0.61280363, 0.57244832, 0.54971743,
       0.41503012, 0.39141845, 0.44274964, 0.47467075, 0.54795453,
       0.56960959, 0.45579775, 0.59167944, 0.58321406, 0.52693728,
       0.53065855, 0.5183841 , 0.55412681, 0.50266139, 0.49751072,
       0.60249869, 0.52881194, 0.39780646, 0.60520808, 0.5853656 ,
       0.4732323 , 0.5894081 , 0.36336168, 0.50672275, 0.49007101,
       0.35696884, 0.39773746, 0.45000539, 0.55598088, 0.38245567,
       0.47772013, 0.58756267, 0.50890704, 0.3385547 , 0.49097869,
       0.57241223, 0.50301593, 0.55628634, 0.48511542, 0.48393293,
       0.52782382, 0.55414187, 0.57158557, 0.57246499, 0.58080912,
       0.59986951, 0.56598791, 0.60656237, 0.53802045, 0.49242821,
       0.39425889, 0.56077176, 0.53567093, 0.61962244, 0.40537389,
       0.40154152, 0.57782721, 0.48461287, 0.27649122, 0.53848527,
       0.58786083, 0.38500708, 0.50147023, 0.46471273, 0.50634764,
       0.56026931, 0.42559685, 0.37228647, 0.48921538, 0.4930307 ,
       0.41461797, 0.50271935, 0.4196899 , 0.31946922, 0.53879805,
       0.54153285, 0.43312404, 0.49872775, 0.5162802 , 0.55635006,
       0.5792267 ]), 'delta_distances': array([0., 0., 0., 0., 0., 0., 0., 0., 0., 0., 0., 0., 0., 0., 0., 0., 0.,
       0., 0., 0., 0., 0., 0., 0., 0., 0., 0., 0., 0., 0., 0., 0., 0., 0.,
       0., 0., 0., 0., 0., 0., 0., 0., 0., 0., 0., 0., 0., 0., 0., 0., 0.,
       0., 0., 0., 0., 0., 0., 0., 0., 0., 0., 0., 0., 0., 0., 0., 0., 0.,
       0., 0., 0., 0., 0., 0., 0., 0., 0., 0., 0., 0., 0., 0., 0., 0., 0.,
       0., 0., 0., 0., 0., 0., 0., 0., 0., 0., 0., 0., 0., 0., 0., 0., 0.,
       0., 0., 0., 0., 0., 0., 0., 0., 0., 0., 0., 0., 0., 0., 0., 0., 0.,
       0., 0., 0., 0., 0., 0., 0., 0., 0., 0., 0., 0., 0., 0., 0., 0., 0.]), 'locations': array([181,  44, 208, 139,  67, 165, 253,  75, 449, 349,  47, 178,  67,
       445, 468,  13, 308, 360, 385, 417,  17, 350,  88, 199, 158, 140,
       453, 275, 486, 404, 362,  26,  28, 442, 458, 388, 303, 273, 292,
         1, 307, 128, 189, 217, 285, 118, 115, 280,   9, 214,  37, 216,
        93, 391, 296, 153, 262, 280,  11,  98, 114, 414, 416,  65, 222,
       424, 146, 289, 302,  86, 188, 455, 278, 423, 183, 122, 176, 202,
       216, 351,  28, 175, 123, 301, 456, 327, 460, 472, 481,  93, 279,
       157, 130, 471, 167,  52, 288, 317, 406,  56, 325, 369,  61, 269,
       341, 413, 418,  15, 268, 188, 126, 221,  35, 240,  13, 160, 107,
        51, 140, 372, 253, 393, 325, 405, 289,  25,  57,  35, 385, 378,
       123,  85, 179,   2, 221, 140])}, {'ts_index': 103, 'loc': 270, 'gap': 0.023940718652551207, 'distances': array([0.67069807, 0.65008233, 0.6835615 , 0.54452567, 0.71492371,
       0.59963655, 0.71720944, 0.52228622, 0.64288149, 0.76646578,
       0.67069064, 0.53276059, 0.60505575, 0.61449199, 0.73019004,
       0.53390238, 0.63940566, 0.70804918, 0.68168949, 0.66376041,
       0.4574634 , 0.52214203, 0.58886881, 0.55573121, 0.57772576,
       0.62697033, 0.63329571, 0.68585576, 0.70007569, 0.60795771,
       0.67707398, 0.64900168, 0.66308537, 0.51757639, 0.71923483,
       0.71518421, 0.7182143 , 0.55433993, 0.71081934, 0.51055597,
       0.77863885, 0.58350882, 0.69662968, 0.63396719, 0.54971073,
       0.76271107, 0.73367704, 0.56826311, 0.58872565, 0.49117669,
       0.63493546, 0.48712213, 0.57381199, 0.58752376, 0.61458856,
       0.54735929, 0.63809694, 0.72815222, 0.66453049, 0.        ,
       0.50873889, 0.61062907, 0.68900257, 0.61746777, 0.46427095,
       0.67739476, 0.63007312, 0.66514711, 0.53744666, 0.63397075,
       0.78997686, 0.63567243, 0.60656052, 0.67046503, 0.75329382,
       0.53582402, 0.6413536 , 0.70587554, 0.61732145, 0.51880047,
       0.71350099, 0.45969954, 0.60013015, 0.69998692, 0.6050313 ,
       0.62525532, 0.56626741, 0.74593791, 0.59567646, 0.3601955 ,
       0.69952462, 0.64745347, 0.51029637, 0.51989884, 0.6439228 ,
       0.60714738, 0.72790776, 0.49917505, 0.59764058, 0.6606273 ,
       0.50196821, 0.54151852, 0.62660863, 0.67435841, 0.72157861,
       0.62781054, 0.76391448, 0.57717786, 0.70090659, 0.68917677,
       0.69999871, 0.59424292]), 'delta_distances': array([0., 0., 0., 0., 0., 0., 0., 0., 0., 0., 0., 0., 0., 0., 0., 0., 0.,
       0., 0., 0., 0., 0., 0., 0., 0., 0., 0., 0., 0., 0., 0., 0., 0., 0.,
       0., 0., 0., 0., 0., 0., 0., 0., 0., 0., 0., 0., 0., 0., 0., 0., 0.,
       0., 0., 0., 0., 0., 0., 0., 0., 0., 0., 0., 0., 0., 0., 0., 0., 0.,
       0., 0., 0., 0., 0., 0., 0., 0., 0., 0., 0., 0., 0., 0., 0., 0., 0.,
       0., 0., 0., 0., 0., 0., 0., 0., 0., 0., 0., 0., 0., 0., 0., 0., 0.,
       0., 0., 0., 0., 0., 0., 0., 0., 0., 0.]), 'locations': array([387, 445,  66,  55, 227,   1, 107, 298,  62, 387, 205, 397, 370,
       327,  36, 131, 292, 269, 108, 431, 484, 307, 331, 133, 354,  51,
        61, 483, 170,  97, 441, 278,  25, 414, 348, 251, 301, 425, 337,
        14, 294, 392, 350,  56, 298, 284, 385, 388, 484,  30, 318, 189,
       426,  62,  89, 446,  48, 433,  84, 270, 149,  20,  57, 442, 442,
       218, 131, 185,  81,  63, 326, 311,  63,  19, 301, 159,  13, 372,
       196, 223,  35, 113, 152, 475, 356, 185,   8, 105,  28,  95, 265,
       145,   9,  88, 297, 254, 454, 318,  92, 103, 203, 450,  18,  21,
       430, 379,  97,  11, 470, 409, 267, 328])}, {'ts_index': 72, 'loc': 409, 'gap': 0.028160773099962788, 'distances': array([0.54839389, 0.58120499, 0.59492339, 0.63435634, 0.53486207,
       0.38654449, 0.60330308, 0.44764711, 0.        , 0.5704183 ,
       0.55623721, 0.5219867 , 0.51404621, 0.43340723, 0.39007692,
       0.55821872, 0.56303027, 0.60775691, 0.50396581]), 'delta_distances': array([0., 0., 0., 0., 0., 0., 0., 0., 0., 0., 0., 0., 0., 0., 0., 0., 0.,
       0., 0.]), 'locations': array([405, 212, 356,  33, 313, 225, 268, 334, 409,   9,  37,  27, 154,
       201, 375, 439, 299, 476, 225])}, {'ts_index': 168, 'loc': 200, 'gap': 0.026244758799458923, 'distances': array([0.43548421, 0.49286707, 0.47425653, 0.47198281, 0.41274425,
       0.44579998, 0.31337654, 0.35134883, 0.51589891, 0.47590004,
       0.48643904, 0.        , 0.508982  , 0.47994763]), 'delta_distances': array([0., 0., 0., 0., 0., 0., 0., 0., 0., 0., 0., 0., 0., 0.]), 'locations': array([228, 335, 119, 157, 434, 390, 460, 446, 380, 287, 190, 200, 451,
       158])}, {'ts_index': 119, 'loc': 19, 'gap': 0.07720855100253188, 'distances': array([0.61367867, 0.35851824, 0.45657237, 0.60226294, 0.64268478,
       0.54022173, 0.        , 0.52479121, 0.57080791, 0.58996584]), 'delta_distances': array([0., 0., 0., 0., 0., 0., 0., 0., 0., 0.]), 'locations': array([331,  39, 245,  63, 196, 427,  19,  68, 479, 349])}, {'ts_index': 21, 'loc': 246, 'gap': 0.04085298018019995, 'distances': array([0.24939878, 0.        , 0.36223172, 0.33001524, 0.26595455,
       0.33997136, 0.37129792]), 'delta_distances': array([0., 0., 0., 0., 0., 0., 0.]), 'locations': array([207, 246, 105, 393, 209,  10, 239])}, {'ts_index': 100, 'loc': 254, 'gap': 0.1205129974887883, 'distances': array([0.50973049, 0.        , 0.3892175 , 0.5278429 ]), 'delta_distances': array([0., 0., 0., 0.]), 'locations': array([168, 254, 291, 299])}], 'clusters': array([2, 4, 4, 1, 4, 4, 8, 2, 4, 7, 4, 4, 2, 2, 7, 1, 4, 1, 4, 4, 4, 8,
       4, 1, 1, 4, 1, 2, 4, 3, 3, 4, 1, 2, 4, 2, 4, 4, 1, 4, 2, 1, 4, 1,
       4, 3, 3, 2, 4, 4, 4, 1, 4, 4, 1, 2, 3, 4, 4, 1, 4, 1, 4, 1, 6, 5,
       0, 4, 2, 2, 5, 4, 5, 4, 4, 4, 1, 4, 6, 2, 6, 4, 2, 1, 4, 4, 2, 2,
       3, 2, 1, 1, 3, 4, 4, 4, 4, 4, 4, 4, 9, 4, 2, 4, 4, 4, 4, 1, 4, 4,
       3, 2, 4, 1, 4, 4, 4, 3, 4, 7, 2, 3, 3, 4, 1, 1, 4, 3, 4, 5, 1, 4,
       2, 3, 2, 4, 2, 4, 4, 4, 5, 2, 4, 1, 4, 4, 4, 4, 4, 8, 4, 2, 1, 4,
       2, 4, 4, 3, 4, 2, 1, 4, 1, 2, 4, 3, 3, 4, 6, 1, 1, 3, 4, 4, 3, 1,
       4, 4, 4, 1, 4, 1, 3, 3, 4, 9, 1, 3, 4, 3, 3, 0, 4, 3, 4, 4, 4, 4,
       1, 2]), 'time': 1935.616777420044}
lenSubsequence: 14{'RI': 0.49814070351758793, 'num_clusters': 3, 'uShapelets': [{'ts_index': 24, 'loc': 253, 'gap': 0.03971684559313582, 'distances': array([0.84763594, 0.68123734, 0.94212231, 0.94375761, 0.89767069,
       0.75469557, 0.70016809, 0.77257086, 0.91858737, 0.72884142,
       0.72333491, 0.7616354 , 0.8073517 , 0.69208135, 0.70983403,
       0.87256272, 0.66375728, 0.74170342, 0.92982313, 0.87133569,
       0.9254399 , 0.84492844, 0.85039542, 0.56477183, 0.        ,
       0.82376907, 0.5993761 , 0.84882983, 0.83982964, 0.79397213,
       0.80100571, 0.77748119, 0.6100526 , 0.86026236, 0.87102901,
       0.90825741, 0.73106565, 0.81633312, 0.6848536 , 0.87838357,
       0.96318983, 0.47563046, 0.9164868 , 0.74088572, 0.92062911,
       0.78544934, 0.57448852, 0.82760145, 0.90498551, 0.78584896,
       0.67200145, 0.69254788, 0.67425579, 0.87135988, 0.69494203,
       0.83495805, 0.76160158, 0.81641548, 0.64249703, 0.74097896,
       0.90310206, 0.8523262 , 0.729848  , 0.60848449, 0.73260327,
       0.87724051, 0.71710598, 0.85907586, 0.72047067, 0.817549  ,
       0.81850535, 0.69648985, 0.75192512, 0.88818167, 0.80989776,
       0.87232403, 0.56681801, 0.82787301, 0.67805471, 0.78599903,
       0.73741958, 0.73477235, 0.70393235, 0.54694581, 0.85774849,
       0.78664627, 0.87189558, 0.78000085, 0.89074966, 0.83353148,
       0.5585456 , 0.68771163, 0.86071637, 0.75600008, 0.87616791,
       0.63607515, 0.78275257, 0.70725524, 0.73791077, 0.76744704,
       0.77627391, 0.69998455, 0.82526575, 0.77407601, 0.74463363,
       0.75085091, 0.64765083, 0.7223536 , 0.85678928, 0.74175429,
       0.75328342, 0.62858088, 0.8821638 , 0.67265267, 0.91043461,
       0.80732076, 0.83444424, 0.88470303, 0.81078065, 0.70942752,
       0.96204352, 0.69218469, 0.61570445, 0.76295785, 0.74638893,
       0.80936797, 0.75447975, 0.85818494, 0.74555252, 0.74020523,
       0.66765385, 0.82856894, 0.8877299 , 0.65998711, 0.84057079,
       0.79658583, 0.82711446, 0.66434898, 0.82215647, 0.77931877,
       0.90127961, 0.81296483, 0.9068711 , 0.78762944, 0.92714648,
       0.89021499, 0.94422093, 0.85472568, 0.94344537, 0.8612664 ,
       0.87087125, 0.89160323, 0.61229163, 0.77957836, 0.90483188,
       0.77718492, 0.73501505, 0.81107128, 0.91036251, 0.81144725,
       0.87842993, 0.91022   , 0.89702298, 0.75748155, 0.75902675,
       0.59190381, 0.72731958, 0.92818944, 0.79606503, 0.59357029,
       0.82123496, 0.56761187, 0.88375721, 0.82808816, 0.70440686,
       0.77438147, 0.83435985, 0.74918125, 0.7971775 , 0.53960816,
       0.87097185, 0.64711403, 0.84162337, 0.75963993, 0.83399668,
       0.65492225, 0.6556957 , 0.64977048, 0.78203485, 0.64135985,
       0.65726214, 0.64977419, 0.78078672, 0.79800051, 0.7079449 ,
       0.67711659, 0.79071182, 0.81055444, 0.72839599, 0.60810294]), 'delta_distances': array([0., 0., 0., 0., 0., 0., 0., 0., 0., 0., 0., 0., 0., 0., 0., 0., 0.,
       0., 0., 0., 0., 0., 0., 0., 0., 0., 0., 0., 0., 0., 0., 0., 0., 0.,
       0., 0., 0., 0., 0., 0., 0., 0., 0., 0., 0., 0., 0., 0., 0., 0., 0.,
       0., 0., 0., 0., 0., 0., 0., 0., 0., 0., 0., 0., 0., 0., 0., 0., 0.,
       0., 0., 0., 0., 0., 0., 0., 0., 0., 0., 0., 0., 0., 0., 0., 0., 0.,
       0., 0., 0., 0., 0., 0., 0., 0., 0., 0., 0., 0., 0., 0., 0., 0., 0.,
       0., 0., 0., 0., 0., 0., 0., 0., 0., 0., 0., 0., 0., 0., 0., 0., 0.,
       0., 0., 0., 0., 0., 0., 0., 0., 0., 0., 0., 0., 0., 0., 0., 0., 0.,
       0., 0., 0., 0., 0., 0., 0., 0., 0., 0., 0., 0., 0., 0., 0., 0., 0.,
       0., 0., 0., 0., 0., 0., 0., 0., 0., 0., 0., 0., 0., 0., 0., 0., 0.,
       0., 0., 0., 0., 0., 0., 0., 0., 0., 0., 0., 0., 0., 0., 0., 0., 0.,
       0., 0., 0., 0., 0., 0., 0., 0., 0., 0., 0., 0., 0.]), 'locations': array([ 29, 120,  21, 178, 212, 484, 311,  82, 169, 257, 428, 453, 361,
       239, 353,  93,  89, 270,  95, 203, 188, 313, 282,  68, 253, 392,
       352, 203,   9, 436, 421, 378, 459, 476, 393, 294, 121, 351, 436,
        54,  94, 236, 227, 287, 457,  54, 176, 343, 162, 451, 376, 181,
        43, 420, 332,  49, 462, 346,  61, 402, 422, 299, 274, 160, 401,
       370, 104, 193, 479, 116, 155, 289, 108, 112, 284,  13, 361, 121,
       171, 195, 358, 218, 397, 287,  98, 300,  92, 395, 424, 477, 348,
       411, 117, 100, 234, 102,  10, 418, 374,  69,  34, 113, 478, 113,
       306, 224,  90,  78,  22,  81, 282, 468, 323,  38, 439, 414, 128,
       370, 220, 452, 111,  32, 179, 127, 223, 113, 108, 460, 295,  39,
       256, 270, 144, 415, 253, 146, 273,  15, 384, 479, 241,  87, 246,
       164,  29, 163, 127,  83, 197, 358, 274, 429,  96,  65, 270, 335,
       197, 417, 225, 415, 457, 243, 183, 130, 235, 357, 190, 277, 323,
        28, 197, 425,  77, 164, 262, 170, 371, 126,  57, 213, 444, 308,
       446, 329, 422, 352, 257,  29, 122, 246,  98,  70, 127, 352, 286,
       261, 335, 144,  60, 142])}, {'ts_index': 20, 'loc': 486, 'gap': 0.02464324980325261, 'distances': array([0.41151918, 0.389295  , 0.37212636, 0.33701472, 0.37027119,
       0.36358805, 0.39350985, 0.33234971, 0.43035542, 0.356125  ,
       0.33484908, 0.3836108 , 0.35209824, 0.43453399, 0.39509375,
       0.3848259 , 0.32830847, 0.37726901, 0.31269694, 0.30043228,
       0.34681327, 0.36268281, 0.39454458, 0.40155996, 0.38167761,
       0.31265447, 0.36318795, 0.35299231, 0.28791556, 0.37395612,
       0.40978205, 0.3857129 , 0.37734861, 0.32803953]), 'delta_distances': array([0., 0., 0., 0., 0., 0., 0., 0., 0., 0., 0., 0., 0., 0., 0., 0., 0.,
       0., 0., 0., 0., 0., 0., 0., 0., 0., 0., 0., 0., 0., 0., 0., 0., 0.]), 'locations': array([ 26, 100, 164, 243, 203, 357, 484, 409, 392,  60, 247, 166, 366,
       181, 186, 268, 422, 154, 154,  98,  62, 328, 457,   5, 264, 364,
       453, 409,  19, 356, 374, 207, 240, 343])}], 'clusters': array([1, 1, 0, 0, 0, 1, 1, 1, 2, 1, 1, 1, 1, 1, 1, 1, 1, 1, 0, 1, 0, 1,
       1, 1, 1, 1, 1, 1, 1, 1, 1, 1, 1, 1, 1, 0, 1, 1, 1, 2, 0, 1, 0, 1,
       2, 1, 1, 1, 0, 1, 1, 1, 1, 1, 1, 1, 1, 1, 1, 1, 0, 1, 1, 1, 1, 1,
       1, 1, 1, 1, 1, 1, 1, 0, 1, 1, 1, 1, 1, 1, 1, 1, 1, 1, 1, 1, 1, 1,
       0, 1, 1, 1, 1, 1, 1, 1, 1, 1, 1, 1, 1, 1, 1, 1, 1, 1, 1, 1, 1, 1,
       1, 1, 0, 1, 2, 1, 1, 0, 1, 1, 2, 1, 1, 1, 1, 1, 1, 1, 1, 1, 1, 1,
       2, 1, 1, 1, 1, 1, 1, 1, 0, 1, 0, 1, 0, 0, 0, 1, 2, 1, 1, 0, 1, 1,
       0, 1, 1, 1, 2, 1, 0, 0, 0, 1, 1, 1, 1, 0, 1, 1, 1, 1, 2, 1, 1, 1,
       1, 1, 1, 1, 1, 1, 1, 1, 1, 1, 1, 1, 1, 1, 1, 1, 1, 1, 1, 1, 1, 1,
       1, 1]), 'time': 820.6460914611816}
