lenSubsequence: 31{'RI': 0.5734673366834171, 'num_clusters': 4, 'uShapelets': [{'ts_index': 23, 'loc': 2, 'gap': 0.669589383933392, 'distances': array([2.31144158, 3.95155181, 3.36450055, 3.03614681, 4.43969681,
       3.00872152, 4.90928335, 3.59584948, 1.98212232, 3.755451  ,
       4.70633839, 5.91596187, 5.95527248, 4.71254723, 4.15887   ,
       2.43091584, 2.21321165, 3.23103432, 5.72978155, 4.42350032,
       5.26827284, 2.57543855, 2.54194713, 0.        , 3.77691623,
       4.11776181, 2.90427329, 2.43446387, 4.2883869 , 3.63242265,
       4.94525726, 3.47697761, 4.65118745, 4.36008629, 5.36121642,
       3.49220452, 3.84252994, 3.10209719, 5.00308842, 4.63987003,
       2.35472494, 5.11797445, 2.48418468, 3.20524765, 2.79982245,
       2.86338148, 4.34578558, 3.351676  , 2.03567877, 4.58842042,
       3.30904026, 4.43100213, 2.60549471, 5.17486874, 5.51079871,
       3.05058206, 4.14033148, 3.76222319, 3.75443258, 3.715979  ,
       4.09724861, 5.16474826, 3.04759071, 2.19697616, 4.58055887,
       3.46196352, 2.84947965, 3.42532635, 3.47463426, 3.74390071,
       2.80674965, 3.72780229, 3.63779845, 4.70539697, 4.15646565,
       4.54128077, 1.93793342, 2.52705239, 3.42670806, 4.31827465,
       4.40193716, 6.57778129, 5.346049  , 1.90435529, 3.90515255,
       3.59244419, 4.8260141 , 3.38459119, 2.34632223, 3.34209652,
       2.88117735, 4.75845032, 4.19919348, 2.68748297, 4.24629774,
       4.2584819 , 3.04996016, 2.18972226, 4.96321952, 5.15453984,
       3.28682235, 3.06358658, 2.053388  , 2.50350484, 2.87735619,
       4.01091894, 2.43490297, 1.57662461, 2.99369423, 3.64421532,
       2.76526094, 3.27820248, 5.12525087, 1.78169813, 2.63747158,
       4.62874203, 2.39434016, 2.57473894, 2.76466906, 3.25225358,
       4.23368358, 4.34238761, 3.62393626, 4.04800942, 2.24519768,
       2.99405139, 2.86236361, 3.48414342, 2.85755745, 4.45799677,
       2.62513129, 2.03505794, 2.65064055, 1.77621906, 3.35909406,
       4.70793826, 4.01024142, 1.36532474, 4.129672  , 3.24750842,
       2.34456042, 3.40514142, 2.76567706, 2.58250968, 4.51255494,
       3.61511665, 3.71703161, 2.39177361, 3.84307339, 3.14562416,
       2.08200229, 2.61306026, 2.57420113, 3.35316406, 2.52002226,
       2.28148903, 3.18835565, 3.0756161 , 2.21847297, 3.7502571 ,
       3.31921374, 3.20589177, 3.88629594, 2.425697  , 4.29575681,
       3.98021658, 2.70401481, 2.54004045, 2.5039561 , 2.96880887,
       2.73119539, 4.79484361, 2.67728587, 3.74441468, 2.51735558,
       3.66637506, 2.88351555, 3.66466455, 2.42028606, 3.39716742,
       1.71421829, 4.13713719, 2.13695116, 2.73749742, 2.92080548,
       4.17418432, 4.03840326, 2.09084987, 2.03287026, 2.70317374,
       3.89088929, 1.91822381, 2.83087197, 2.88506245, 3.15515352,
       2.34907184, 3.76664568, 2.67169065, 2.24426194, 3.61365529]), 'delta_distances': array([ 6.34136832,  8.26015916,  6.96666   ,  7.4358809 ,  8.95636316,
        8.47934477, 12.25275703,  9.22193542,  5.73065129,  9.23770477,
       10.362918  ,  7.108644  ,  8.5581011 ,  7.61079974,  7.53623787,
        7.25959923,  6.32351065,  7.19917587, 10.41856787,  6.34953265,
        9.25981839,  6.58985968,  6.68821039,  0.        ,  7.3852731 ,
        8.9881029 ,  7.74769387,  7.67135471,  6.84982613,  9.82938206,
        8.53783258,  7.33897194,  9.9058109 ,  7.97375935,  7.83664516,
        6.57548368,  8.56343374,  7.84778123,  7.53464452,  8.40096452,
        6.24727465,  9.96101239,  6.56166477,  8.50448329,  7.13431729,
        8.59674916,  5.93287219,  6.90030161,  5.49054006,  6.17416226,
        8.50785568,  6.65296697,  6.24246903, 10.42811265, 10.94133929,
        7.57574613,  8.95107071,  6.86519723,  8.21706019,  7.58417187,
        7.33172213,  7.21019645,  8.37917574,  5.39662632,  9.89700277,
        7.71204832,  6.1173649 ,  7.08352342,  5.55338303,  9.70401129,
        6.23148394,  8.46346213,  8.19327884,  7.09796135,  8.37778755,
       10.18668516,  5.09434994,  6.5573949 ,  8.41807619,  7.42165077,
       10.93823774,  7.70902419,  6.75813968,  6.38722355,  8.26226271,
        7.50548665,  6.85509794,  6.90930955,  5.65912342,  8.78690787,
        7.41652413,  8.04771542,  7.82716581,  5.51171303,  8.02115761,
        8.51447806,  7.0079431 ,  5.5117331 ,  6.67824845,  8.99745613,
        6.7542649 ,  6.58573206,  6.224472  ,  6.16136439,  8.12899968,
        8.66019187,  5.97229574,  4.54277213,  6.45854665,  6.76079987,
        5.62024587,  6.6504591 ,  7.19588484,  5.63957581,  6.28840381,
        8.84116445,  6.26636832,  6.01758052,  6.4996889 ,  5.95099981,
        7.8906431 ,  9.67916723,  6.29784606,  8.20508148,  6.41859355,
        6.92417961,  6.33116916,  7.67927871,  5.693616  ,  7.72529884,
        6.53367781,  5.50174239,  6.60694665,  4.77982265,  7.81729452,
        9.47980677,  7.33213516,  4.20681123,  7.20991884,  7.14732161,
        7.38481071,  7.72777342,  6.94673503,  6.54597884, 10.80851581,
        7.9228871 ,  7.0426231 ,  6.50959252,  7.98086168,  6.32947613,
        5.40297381,  6.32605335,  6.7521909 ,  6.84774271,  5.89498265,
        6.07685529,  5.99480955,  6.42792239,  6.09016974,  8.78397465,
        7.14050619,  6.53013439,  6.87970071,  5.57056348,  8.29288452,
        7.77546213,  6.55490394,  5.84225503,  6.12885542,  6.517294  ,
        6.15989516,  9.59829026,  6.11275097,  8.86550968,  6.87536477,
        7.66609968,  6.41133961,  7.30878258,  5.14001452,  7.69924761,
        5.10577716,  5.89093458,  5.76628768,  6.21879574,  6.64279381,
       10.15630019,  5.75027303,  5.345368  ,  5.36979065,  7.40871465,
        7.21953613,  5.69894968,  6.87951206,  6.93475923,  7.10145542,
        6.21920052,  7.45607658,  6.22669052,  4.83427929,  6.76935923]), 'locations': array([ 5,  0,  8,  2, 10,  2,  0,  2,  0,  1,  0, 51, 62, 11, 11,  5,  2,
        3,  1, 53, 30,  2,  2,  2,  0,  1,  5,  3, 59,  1,  6,  0, 19,  3,
       49,  4,  3,  2, 59,  8,  3,  0,  0,  0,  4,  6, 59,  0,  1, 52,  3,
       48,  5, 16,  0,  3,  4, 10,  0, 19, 19, 62,  2,  6,  5,  8,  3,  1,
       61,  1,  1,  5,  4, 60,  7,  2,  2,  3,  1, 62,  5, 47, 53,  2,  4,
        1, 64,  8,  4,  2,  0, 42, 17, 63, 16,  1,  0,  8, 53,  8,  7,  0,
        4,  4,  5,  1,  7,  5,  2,  2, 10,  0, 51,  5, 14,  1,  2,  3,  3,
        0,  2,  3,  7,  0,  5,  0,  0,  1,  0,  6,  1,  2,  4,  2,  9,  0,
        2,  2,  7,  3,  7,  3,  3,  9,  1, 10,  1, 11,  2,  1,  0,  3,  5,
        4,  4,  3, 54, 12,  2,  3,  2,  1, 12,  2,  1,  0,  4,  1,  5,  0,
        5,  2,  4,  1,  2,  1,  6,  0,  4,  2,  0, 52,  3,  1,  2,  2, 49,
        2,  0,  0,  8,  1,  3,  1,  4, 11,  0,  3,  3,  1])}, {'ts_index': 6, 'loc': 33, 'gap': 0.3976416591767906, 'distances': array([2.95910877, 0.        , 3.88654339, 1.62723094, 4.36260519,
       2.17426084, 3.31700065, 3.21076239, 3.11874132, 1.13305655,
       2.66002842, 2.5952131 , 2.17984403, 2.18535187, 2.02051871,
       2.40457226, 2.4165581 , 1.88065335, 2.88280039, 1.75977897,
       3.6535649 , 2.14697784, 4.97994094, 3.77651565, 2.75755452,
       2.96876803, 3.54943258, 1.93999987, 2.744684  , 3.09669923,
       2.05230635, 2.202133  , 3.57448497, 3.48846819]), 'delta_distances': array([3.45415832, 0.        , 3.74318123, 3.88586987, 7.84717368,
       3.92916916, 5.69403729, 4.14990039, 5.51277103, 3.15818581,
       6.01282574, 3.64145658, 4.01609039, 4.02823716, 4.02568097,
       4.72363632, 3.662264  , 4.56583587, 5.76013277, 2.77036258,
       5.84059174, 6.41517039, 5.74435355, 5.01370045, 4.89895948,
       5.18599697, 5.91121135, 4.43996213, 5.94858419, 6.28642458,
       4.78711516, 4.93482465, 5.48712219, 6.41295161]), 'locations': array([44, 33, 43, 17, 17, 40, 12, 50, 23, 37, 19,  8, 34, 25, 14,  5, 37,
        9, 21, 44, 20, 23, 36, 39, 28,  5, 13, 32, 14, 25, 21, 14, 18, 19])}, {'ts_index': 10, 'loc': 33, 'gap': 0.6492130287893354, 'distances': array([0.        , 3.70871042, 3.42613755, 3.73795497, 3.62828758,
       2.35312061, 2.99082461, 2.16363684]), 'delta_distances': array([0.        , 3.61409103, 3.16774129, 3.40920671, 4.60341748,
       4.16805832, 4.83119665, 4.74679161]), 'locations': array([33, 47, 61, 52, 46, 39, 38, 39])}, {'ts_index': 81, 'loc': 0, 'gap': 2.1117713394550806, 'distances': array([6.04857768, 3.90733506, 0.        , 6.15901713, 6.69075306]), 'delta_distances': array([9.15827774, 7.70560219, 0.        , 6.83143903, 5.48063845]), 'locations': array([33,  2,  0, 58, 58])}], 'clusters': array([1, 1, 1, 1, 2, 1, 2, 1, 1, 1, 3, 2, 0, 2, 1, 1, 1, 1, 2, 1, 2, 1,
       1, 1, 1, 1, 1, 1, 1, 1, 2, 1, 2, 1, 2, 1, 1, 1, 2, 2, 1, 2, 1, 1,
       1, 1, 1, 1, 1, 2, 1, 2, 1, 2, 2, 1, 1, 1, 1, 1, 1, 2, 1, 1, 2, 1,
       1, 1, 1, 1, 1, 1, 1, 4, 1, 2, 1, 1, 1, 1, 1, 4, 0, 1, 1, 1, 2, 1,
       1, 1, 1, 2, 1, 1, 1, 1, 1, 1, 3, 2, 1, 1, 1, 1, 1, 1, 1, 1, 1, 1,
       1, 1, 2, 1, 1, 2, 1, 1, 1, 1, 1, 1, 1, 1, 1, 1, 1, 1, 1, 2, 1, 1,
       1, 1, 1, 2, 1, 1, 1, 1, 1, 1, 1, 1, 0, 1, 1, 1, 1, 1, 1, 1, 1, 1,
       1, 1, 1, 1, 1, 1, 1, 1, 1, 1, 1, 1, 1, 1, 1, 1, 1, 3, 1, 1, 1, 1,
       1, 1, 1, 1, 1, 1, 1, 1, 1, 1, 1, 1, 1, 1, 1, 1, 1, 1, 1, 1, 1, 1,
       1, 1]), 'time': 28.757000207901}
lenSubsequence: 32{'RI': 0.517286432160804, 'num_clusters': 3, 'uShapelets': [{'ts_index': 199, 'loc': 26, 'gap': 0.7848231708997986, 'distances': array([ 8.25254034,  7.61402622,  8.95591378,  5.93367228,  7.26237   ,
        4.23787591,  8.62240347,  7.61721228,  7.96315091,  8.27583416,
        7.83072559,  8.72932322,  8.83426463,  8.43132434,  9.38163997,
        9.117166  ,  6.78958166,  5.44422788,  7.90380913,  7.25153806,
        9.07633459,  8.58444969,  8.66413066,  8.62956125,  8.61885428,
        7.59752919,  8.29664319,  8.53748269,  7.69047578,  8.03355772,
        7.72198544,  7.31788672,  8.74503891,  7.51170241,  7.46657025,
        8.42636594,  8.27408225,  9.03231369,  9.17349175,  8.12461819,
        8.84801859,  7.66143334,  8.075229  ,  7.53783837,  3.71220234,
        5.87702638,  7.54180594,  9.37612913,  7.60740678,  7.44967834,
        8.23558619,  8.07305866,  8.00321678,  8.8777535 ,  8.25310684,
        7.66100766,  4.80777884,  8.1406825 ,  8.59084478,  8.41302647,
        9.59977853,  7.40393559,  8.17176609,  8.04649888,  7.96928056,
        7.86053809,  6.67399288,  7.54508734,  8.34048641,  8.19667722,
        6.70832516,  6.2024405 ,  8.60062066,  5.34324591,  7.52932984,
        8.38341144,  8.75001481,  6.64444778,  7.62991903,  7.42956269,
        9.22104491,  9.03089444,  9.02538234,  6.81801897,  7.74091975,
        3.88167653,  8.42573888,  9.09527516,  8.171746  ,  7.90545097,
        8.95124591,  6.64368281,  9.16069819,  8.07108822,  9.13493225,
        9.46827744,  8.92642759,  8.72981197,  6.33317197,  8.34950081,
        8.39367706,  8.37873197,  8.36772075,  8.87111675,  5.59505884,
        7.1231425 ,  8.94899306,  7.6284135 ,  6.75677184,  7.37051259,
        8.01621563,  7.26447188,  8.76132156,  8.67569206,  8.45551081,
        8.95038284,  8.97490016,  6.99009722,  8.77905766,  8.92981566,
        7.62005609,  8.13715322,  6.89974644,  7.72496075,  9.38112553,
        7.00574769,  4.91869925,  9.25966625,  5.18923234,  6.85070194,
        7.66897553,  7.80775766,  5.75052275,  8.10739769,  8.0882125 ,
        8.23914659,  5.64531931,  7.78137856,  8.71820541,  7.91787947,
        8.11448025,  8.87829363,  8.37176906,  8.58910022,  7.09986609,
        7.76978813,  4.91107413,  9.22975994,  7.47777409,  7.48097481,
        8.96113659,  7.62993331,  5.47079481,  5.792234  ,  9.0457355 ,
        5.05078756, 10.11904053,  8.69267275,  8.06584431,  8.36731681,
        7.83775413,  8.22108688,  8.52717934,  5.14833222,  7.29459394,
        8.22080247,  8.42822563,  7.99703744,  4.71834025,  8.76981441,
        8.39158138,  8.18113756,  8.82764625,  7.58605456,  7.92495831,
        7.98973397,  9.09322844,  5.7941775 ,  5.99567159,  8.84555863,
        7.48084669,  7.21623797,  6.90280134,  6.43406047,  8.94535922,
        8.36107837,  7.09149691,  7.06863953,  8.43423569,  9.00639575,
        8.42711819,  9.05300634,  4.67034306,  7.78589638,  7.22527138,
        8.13222541,  8.12880453,  7.81669422,  7.49343859,  0.        ]), 'delta_distances': array([11.05511269, 10.59029094,  9.53523606,  9.94840719, 14.58188212,
        9.50895306,  9.56540844, 10.65652769, 12.22825138,  9.321228  ,
       11.36396281, 14.00285919,  8.72918275,  9.72548863, 10.55147181,
       10.694833  ,  9.57912269,  9.73105569, 12.8781365 , 11.94802062,
       13.57405256, 10.81584625,  9.84948925,  9.43105131, 10.4897865 ,
       11.03965944,  9.12191025, 12.36137756, 10.68873794, 12.01501069,
       12.43247881, 11.90137162,  8.91892325, 12.63468863, 10.69905388,
       11.93753   , 10.2597475 , 11.13807169,  9.36935519, 11.85358775,
        9.67717181, 10.81098438, 12.99862613, 10.75620344,  8.99683419,
       12.80893644, 11.79594087,  9.90289144, 12.19464762, 12.42824825,
       13.21265375, 12.2984875 , 13.13313706,  9.78346531, 11.52426394,
       10.35899306,  9.3394145 , 13.35754213,  9.15305431, 11.44160769,
        9.273001  , 11.93758144,  9.85899494, 12.65973531,  9.45241281,
        8.89327756, 11.02264913, 10.11313831, 11.62367812, 10.27623419,
       15.00950519, 11.26227344, 13.247881  , 11.66447119,  9.66673562,
       13.24788738, 11.41839475,  9.30827444, 11.31464838, 10.49521275,
       10.74074025, 10.76662031,  9.96286338, 10.75357656,  9.394785  ,
        9.14322681, 11.68253731,  9.75043838,  9.85901006, 11.140828  ,
       12.07501737, 12.99272506,  9.90856588, 10.41532763,  9.53143925,
       10.41157388, 11.14147488, 11.42395744, 11.49011   ,  9.21710719,
        9.29317631,  9.43247413,  8.97132419, 12.77709794, 13.00798594,
       12.24823619,  8.3649245 ,  9.02172406, 11.67743531, 11.45110394,
       10.40415119, 10.48663394, 12.93105169,  9.38357863,  8.71744238,
       11.5113345 ,  9.26351012, 13.30977644, 10.21239556,  9.99685669,
       12.43479563,  8.468566  , 12.37988681,  9.69567437,  9.63598862,
       13.30877656, 10.42110244,  8.99581638, 11.83102781, 12.716628  ,
        9.8494535 , 12.47790019, 10.92098644, 10.80891381, 10.86329962,
       11.45033194, 11.37702131, 12.32420337,  9.51397581,  7.87879106,
        9.16701413, 10.03796356, 11.55517537,  9.63285806, 12.55577625,
       10.71348938, 10.07516356, 10.32019831, 11.68601263, 10.62128063,
       10.85945456, 12.70986225, 10.43253444, 12.804051  , 10.76754006,
        8.543519  , 12.22119956,  8.19484325, 11.39694119, 10.30320288,
       10.314705  , 13.74844269, 14.59502675,  9.71803569, 11.52094831,
       11.80118644, 10.22931669, 12.99860519, 10.81645919, 14.28378406,
        8.66051988, 12.49812431, 12.877388  , 11.00537325, 10.61753356,
       12.26717675, 12.31645513, 12.45834906, 10.00388094, 11.14715094,
       10.01624106, 12.10848131, 10.85246425, 12.36253738,  8.15356813,
        9.24130863, 10.27846287,  9.69809756, 10.72583231, 12.13698956,
        8.3666325 , 11.48049194,  9.40805519, 10.27729025, 10.59026275,
        9.35135831, 10.80746056, 12.25713113, 10.82537719,  0.        ]), 'locations': array([32, 31, 56, 29, 27, 26, 55, 33, 22, 44, 60, 23, 56, 44, 61, 42, 25,
       43, 22, 27,  6, 60, 60, 31, 21, 26, 41, 24, 19, 37, 22, 30, 47, 23,
       30, 39, 45, 35, 49, 34, 56, 31, 21, 39, 25, 27, 28, 46, 34, 20, 27,
       30, 33, 48, 17, 59, 32, 34, 54, 37, 60, 29, 26, 27, 61, 51, 28, 62,
       31, 28, 27, 31, 24, 22, 34, 21, 26, 44, 34, 31, 37, 37, 46, 27, 63,
       31, 33, 58, 37, 26, 25, 26, 60, 29, 59, 61, 34, 59, 30, 59, 54, 33,
       47, 32, 26, 29, 47, 52, 32, 27, 37, 32, 28, 41, 55, 62, 48, 27, 31,
       63, 23, 51, 28, 62, 41, 28, 24, 45, 20, 23, 24, 32, 26, 32, 29, 19,
       33, 25, 61, 30, 49, 40, 33, 44, 29, 32, 22, 63, 22, 25, 27, 33, 25,
       23, 30, 26, 13, 44, 24, 61, 26, 32, 22, 28, 27, 34, 28, 26, 28, 27,
       45, 20, 33, 31, 30, 28, 25, 26, 25, 38, 32, 24, 26, 32, 48, 56, 36,
       63, 38, 35, 51, 30, 30, 61, 35, 59, 20, 26, 33, 26])}, {'ts_index': 110, 'loc': 12, 'gap': 0.75861717803852, 'distances': array([1.58294878, 3.00109734, 2.51747619, 4.66783653, 3.51977156,
       2.1007895 , 2.97270475, 4.05718831, 3.43666209, 3.71374806,
       3.20509491, 3.16333681, 2.58361337, 2.16783984, 3.93558072,
       3.42826581, 5.18348581, 3.21526209, 2.91813922, 1.70434722,
       1.66404241, 3.01860887, 2.15757847, 2.14832181, 3.81038703,
       4.03980803, 4.1319225 , 3.26791828, 3.06359875, 3.86680475,
       4.80462316, 3.11341716, 2.90266063, 2.71309894, 4.90180112,
       4.12496456, 1.68008766, 2.65528428, 2.34457459, 2.27947584,
       2.92901669, 3.44434216, 2.34207644, 3.58914825, 4.09129894,
       4.66284219, 2.399161  , 3.47818141, 3.80322528, 2.92790716,
       2.15488581, 2.16401759, 2.83642731, 4.12073728, 4.54757041,
       2.78216703, 1.88956366, 3.77733775, 2.41244038, 2.26892416,
       3.09798053, 3.68623428, 3.10841213, 3.37153019, 4.03312803,
       1.98328553, 2.33815166, 2.98048497, 1.87692191, 4.58870375,
       4.13744238, 2.57542428, 4.94163206, 2.35049469, 2.17403337,
       3.09770791, 3.87314359, 3.07982659, 2.48995203, 2.51347019,
       3.46590172, 3.26214384, 2.24088778, 4.27666322, 2.86908081,
       2.25223716, 1.91805231, 2.78421562, 2.64349272, 2.49093147,
       2.27024231, 3.11601447, 0.        , 2.67086487, 3.25597584,
       1.48498828, 1.60432703, 4.07834841, 2.55427166, 1.56674912,
       2.11650569, 4.73967816, 2.07651162, 2.76923634, 4.50334706,
       2.81081625, 2.17837841, 2.48284066, 2.45722378, 2.34393312,
       1.31000859, 2.81107166, 2.84494022, 2.10990584, 1.75356081,
       2.38162094, 2.07162616, 2.17360803, 2.32284625, 2.0297405 ,
       4.03081944, 2.68236709, 1.53172438, 3.31467019, 2.75043266,
       2.24969906, 2.5866635 , 2.53665337, 2.81376487, 1.98185409,
       1.88516394, 3.20739644, 3.37569294, 2.70891372, 4.07280691,
       2.10681522, 2.636361  , 2.5255385 , 2.6527475 , 3.18344941,
       1.82315663, 4.16990209, 1.62843381, 2.62796263, 2.58702275,
       3.23487775, 2.279401  , 2.55557494, 1.94283397, 3.06917228,
       2.38065837, 3.47084234, 3.67930075, 3.97772594, 2.55050363,
       2.48662359, 2.30118775, 2.36257756, 1.73895266, 1.70741219,
       1.72107062, 2.27557881, 3.34108572, 2.05264191, 2.01216122]), 'delta_distances': array([4.54913175, 6.56439569, 6.24656956, 6.08249975, 8.650935  ,
       5.27320375, 6.29316162, 7.23499712, 6.72409631, 7.80193338,
       6.97272494, 6.0796135 , 6.27244494, 4.42177669, 6.77913969,
       6.30791481, 6.23094144, 5.85197531, 6.0238835 , 5.01629606,
       4.67551975, 4.74789519, 5.02727988, 4.77401   , 5.57619913,
       6.87379131, 6.73239738, 5.02766419, 6.65136375, 7.30417731,
       6.302108  , 7.24372781, 5.65207981, 5.87163437, 6.03011869,
       7.06728719, 5.32367662, 4.33594531, 4.44241487, 4.47458712,
       5.16505694, 6.39573669, 6.24139344, 7.40360581, 8.04517619,
       4.96133731, 5.57992687, 7.22630663, 5.90172275, 6.87270569,
       5.38051631, 5.23188175, 4.29026763, 7.58674912, 7.33464444,
       6.47560369, 4.90252644, 4.86925725, 5.07231181, 4.12946675,
       6.45116262, 6.64675119, 7.783014  , 4.57488469, 6.51410294,
       4.04566306, 5.02507594, 6.35533144, 5.27701762, 4.49845556,
       5.31819531, 5.69564319, 7.47131775, 5.81943206, 4.18053781,
       5.94905625, 6.5346905 , 6.11035331, 6.30865038, 4.7326955 ,
       6.60558944, 7.32627081, 5.46634944, 8.09380881, 6.00804525,
       4.58881419, 4.21927987, 5.64366806, 3.4567785 , 5.26069294,
       3.67004331, 6.728515  , 0.        , 4.74142912, 7.28920888,
       4.53042994, 4.52906306, 6.15071606, 6.32284344, 4.18063788,
       5.17824881, 5.94504706, 5.40699219, 6.00992494, 4.83374287,
       4.82489769, 4.33165088, 4.69164706, 5.06045025, 4.60170894,
       2.51717706, 4.253097  , 5.15292225, 4.04389256, 4.98684494,
       4.91895669, 4.75575144, 5.0013265 , 4.094637  , 5.63443975,
       8.15384463, 5.89012475, 4.37895137, 5.29928044, 5.13704344,
       3.60255463, 6.05973513, 3.53171681, 4.88062494, 4.07493231,
       3.71221556, 5.99340706, 5.32361275, 5.28521725, 4.69812844,
       4.44085988, 3.85564519, 4.18391887, 5.72833813, 5.18492425,
       6.17347844, 7.20501313, 3.96547812, 5.18904194, 4.99273481,
       4.82189763, 4.10625988, 5.47654188, 3.97970937, 4.93470675,
       4.48438106, 6.21568663, 6.46918106, 4.59673925, 5.6377415 ,
       4.77700975, 4.73692213, 4.62603662, 4.66266812, 4.064865  ,
       4.71267813, 5.06500412, 4.89321644, 5.17362162, 3.31884556]), 'locations': array([ 7,  0, 10,  9, 20,  8,  4, 11,  1,  3,  3, 17, 20, 12,  1,  1, 43,
        6,  1,  6,  0,  1,  7,  6, 59,  5,  9,  0, 20,  3,  0, 21,  7,  8,
       62, 15,  7,  9,  0,  7,  8, 12,  9,  0,  9, 54, 15, 10,  0,  6, 14,
        2, 17, 23,  0,  5,  8, 33, 14,  1,  9,  6,  6,  7, 12,  6,  7, 11,
        9, 10,  0, 24, 10, 10,  9,  3,  4, 16,  9,  8,  3,  5, 16, 11, 10,
        4, 13, 10,  7, 16,  9,  8, 12,  7,  2,  7, 18,  7, 10,  9,  5,  0,
        4,  8, 42,  7,  0, 12,  8,  9,  8, 11,  0,  8,  7,  9,  9, 21,  7,
       14,  5,  4, 15,  7,  4,  4, 11,  6,  1, 19,  6, 11,  4,  0, 21,  1,
        0,  7,  4,  9, 12,  2, 11,  8,  8,  3,  7,  9,  4,  0,  7,  9,  7,
       56,  6,  3,  2, 16,  5, 14, 15, 15,  0,  6,  7])}], 'clusters': array([2, 2, 2, 1, 0, 1, 2, 2, 2, 0, 2, 2, 2, 2, 2, 2, 1, 1, 0, 2, 0, 2,
       2, 2, 2, 2, 2, 2, 0, 0, 0, 2, 2, 0, 0, 2, 2, 2, 0, 0, 2, 2, 2, 2,
       1, 1, 2, 2, 2, 2, 0, 0, 2, 2, 2, 2, 1, 2, 2, 2, 0, 0, 2, 2, 2, 2,
       1, 2, 2, 2, 1, 1, 2, 1, 2, 0, 2, 1, 2, 2, 2, 0, 0, 1, 2, 1, 0, 2,
       2, 2, 0, 1, 2, 2, 2, 2, 2, 2, 1, 0, 2, 2, 2, 2, 1, 2, 2, 2, 1, 2,
       2, 2, 2, 2, 2, 0, 2, 2, 2, 0, 2, 2, 1, 0, 2, 2, 1, 2, 1, 1, 2, 2,
       1, 2, 2, 2, 1, 2, 2, 2, 2, 2, 2, 2, 0, 2, 1, 2, 2, 2, 2, 2, 1, 1,
       2, 1, 2, 2, 2, 2, 2, 2, 0, 1, 2, 2, 2, 2, 1, 2, 2, 0, 2, 2, 2, 2,
       2, 1, 1, 2, 2, 2, 2, 1, 2, 2, 0, 2, 2, 2, 2, 2, 1, 2, 2, 2, 2, 2,
       2, 1]), 'time': 38.02269983291626}
lenSubsequence: 33{'RI': 0.5233165829145728, 'num_clusters': 5, 'uShapelets': [{'ts_index': 110, 'loc': 32, 'gap': 0.6608282397683265, 'distances': array([2.01547336, 2.48201964, 1.546006  , 2.81564964, 2.88294118,
       3.66284315, 1.82440088, 2.502164  , 2.48146067, 1.95919345,
       4.24350248, 2.37676333, 3.97517088, 1.946426  , 2.74412752,
       1.783407  , 2.58812885, 2.98813158, 3.69619364, 2.64581042,
       3.34630182, 3.27082221, 2.52319609, 1.66577388, 1.95943185,
       2.40870488, 1.80923706, 2.21849209, 2.74325464, 3.58181515,
       3.45792821, 3.68930091, 1.20327536, 2.90534409, 2.75387767,
       2.30615645, 2.08601121, 2.46838248, 3.10762564, 2.10536997,
       1.40392227, 2.13955382, 3.83293561, 3.26715342, 3.79728685,
       4.11795433, 4.83248048, 2.65435173, 2.28775958, 2.58498285,
       3.74418121, 2.64727812, 2.63419145, 1.99930997, 2.51719821,
       2.050321  , 3.18879345, 2.31534291, 3.2757333 , 1.99352185,
       3.01806985, 2.51840527, 2.43469494, 1.91973945, 2.35485479,
       2.34655055, 2.15702621, 2.56001079, 2.95785191, 2.36112836,
       3.79408464, 4.02790848, 1.73433164, 3.93709618, 3.05055739,
       2.67543718, 1.77005067, 3.19379391, 2.6247457 , 2.50549352,
       1.57159776, 3.42395609, 4.29825842, 1.93553748, 2.01328339,
       4.13091697, 3.29498267, 2.15092739, 1.63190715, 3.12119918,
       2.1386097 , 3.77232861, 2.45812521, 2.04724458, 1.88165218,
       3.91749579, 2.30704745, 1.84068361, 3.58159933, 2.2660443 ,
       2.91749958, 2.51040158, 2.07470648, 3.89323545, 3.50895161,
       2.79204939, 2.18037106, 2.60114382, 3.14449606, 2.93772115,
       0.        , 2.33222467, 3.33702236, 1.73864036, 1.56581945,
       3.55859024, 3.60577109, 2.24860482, 2.00109545, 1.96002882,
       2.55487412, 2.04031694, 3.50331367, 3.77079942, 2.71983006,
       2.69004794, 3.58263276, 1.80550712, 4.044029  , 3.69866106,
       2.39134633, 3.11793855, 2.58924688, 1.62094088, 2.69093839,
       3.06581182, 3.26193039, 1.69843979, 1.20869564, 2.49230161,
       2.13031061, 2.07717509, 2.42128597, 1.64951236, 4.14125052,
       2.40758003, 3.74926755, 1.55161861, 2.8714103 , 2.11141255,
       2.62707576, 2.93363597, 3.82457373, 3.06578873, 2.48392885,
       3.76369015, 2.72657276, 1.51125373, 2.63206291, 2.65448424,
       2.87545145, 4.06734736, 2.42495955, 2.34456415, 3.37877688,
       2.22737858, 1.85183291, 2.50252161, 4.13215782, 3.23177388,
       1.66611452, 3.87194888, 1.81659603, 2.63408276, 2.27215221,
       4.04958536, 2.8434243 , 3.63816942, 2.53763706, 2.36531327,
       2.52965964, 3.90879839, 3.12881421, 3.87744248, 1.81522785,
       2.87610379, 2.07814724, 3.48593958, 2.51135658, 3.26562764,
       1.76665133, 1.8381643 , 3.37467376, 1.51695227, 2.07285227,
       1.73716218, 3.00455388, 1.93838024, 2.32940758, 4.42354242]), 'delta_distances': array([ 5.01530885,  6.22112067,  4.85538224,  6.38529418,  6.02348388,
        4.93542994,  4.86135709,  6.61775606,  6.97162667,  4.46069388,
        6.69053648,  6.68903182,  8.22527042,  4.2815943 ,  5.52470709,
        5.38008879,  6.54764127,  6.68102564,  7.86026333,  6.3302897 ,
        7.74378721,  6.93066545,  4.83674424,  4.83341964,  5.64093521,
        6.69424121,  5.04758976,  6.35819145,  6.73979242,  7.18422861,
        8.30237315,  8.27527812,  3.76284436,  6.49769139,  6.46336782,
        4.76123921,  5.61813467,  6.85827321,  6.86550309,  5.16522018,
        3.74124842,  6.01911067,  9.44763442,  7.13045842,  8.19360576,
       10.9396897 ,  8.99738073,  6.64819994,  5.963718  ,  7.59309115,
        7.30243242,  7.17607552,  7.43385164,  4.12351352,  6.76895733,
        6.31111727,  6.20505224,  6.04860976,  6.72023836,  4.48676176,
        5.20916515,  6.89570691,  5.4731603 ,  5.85834473,  5.130302  ,
        5.98550952,  6.21885636,  6.54482642,  7.01949042,  5.45750091,
        8.422278  ,  6.98744406,  4.90867182, 10.53139467,  6.68204461,
        6.46751352,  5.32456109,  5.58853103,  7.20222848,  5.87053436,
        4.96036636,  6.09059394,  9.557724  ,  5.43905861,  4.92661073,
        8.01390879,  6.48886952,  5.65104891,  4.59670679,  6.54099885,
        4.88265897,  8.38648224,  5.44794048,  5.43228473,  4.66458188,
        7.1151777 ,  5.16365461,  4.25718012,  8.07172612,  6.27988024,
        4.47115121,  5.53871048,  4.20153012,  5.20445467,  8.24246261,
        6.44478836,  5.95796206,  5.93247103,  6.36815006,  7.12021879,
        0.        ,  4.92534927,  5.8449943 ,  5.01349727,  4.81482891,
        7.62846558,  6.94449921,  7.72724418,  5.16837006,  5.08461727,
        6.93979115,  5.18874703,  8.60617394,  7.92844697,  7.45188218,
        7.10320206,  7.71915061,  4.58165945,  9.71584812,  8.62862921,
        5.31065103,  7.82694533,  5.8914603 ,  4.41957036,  5.66115939,
        6.81426461,  6.45619655,  4.98279073,  3.60974248,  5.42466618,
        5.44585545,  4.98980558,  5.42681903,  4.65341655,  8.58450848,
        6.51571582,  7.35381612,  5.2108483 ,  7.70000879,  4.58653588,
        6.63057545,  7.40540873,  7.61220006,  6.4233923 ,  6.55077582,
        7.14562733,  6.73967952,  4.34353994,  6.26841315,  7.15744576,
        6.00370782,  5.45909885,  4.80885115,  5.93870606,  7.37666067,
        5.35141655,  4.83871158,  6.89481382,  7.83084588,  7.05798921,
        5.35484582,  7.899078  ,  5.5426983 ,  5.83612352,  5.90523236,
        9.10154727,  7.40822776,  8.49609224,  5.78821776,  5.60144976,
        5.71615788,  7.32847521,  7.29251097,  8.68513679,  4.3969683 ,
        7.05614648,  5.21372121,  4.36038897,  5.75257406,  7.65783915,
        4.65131255,  6.14395521,  7.24054091,  4.58840927,  3.94400085,
        4.01030885,  7.65756133,  5.61174927,  4.87909545,  6.86474297]), 'locations': array([27, 15, 38, 24, 43, 51, 36, 28, 22, 39, 40, 19, 23, 43, 40, 32, 30,
       23, 16, 15,  7, 39, 31, 24, 18, 19, 27, 26, 22, 27, 27, 20, 40, 19,
       23, 41, 27, 27, 14, 36, 27, 25, 18, 20, 25, 29, 28, 36, 30, 15, 28,
       10, 35, 37, 15, 26, 28, 34, 16, 37, 43, 20, 26, 28, 40, 34, 23, 25,
       29, 26, 42, 36, 26, 24, 32, 26, 26, 35, 27, 31, 29, 36, 17, 29, 44,
       26, 34, 36, 27, 26, 21, 11, 42, 29, 41, 21, 34, 36, 21, 31, 45, 21,
       35, 49, 24, 24, 36, 29, 28, 26, 32, 27,  5, 27, 38, 25, 30, 29, 25,
       34, 24, 28, 30, 14, 27, 20, 26, 40, 25, 25, 28, 29, 26, 28, 26, 20,
       14, 25, 38, 26, 29, 38, 24, 34, 20, 24, 17, 35, 27, 21, 27, 31, 27,
       40, 32, 28, 15, 39, 26, 26, 24, 55, 38, 23, 22, 15, 25, 21, 27, 29,
       32, 22, 31, 24, 25, 29, 28, 21, 27, 29, 23, 19, 26, 28, 42, 36, 12,
       44, 21, 22, 42, 25, 25, 34, 35, 38, 20, 26, 28,  5])}, {'ts_index': 42, 'loc': 15, 'gap': 0.45626758243563215, 'distances': array([3.535001  , 2.86275815, 4.2645793 , 4.55274342, 4.20152397,
       0.        , 3.80464812, 4.35740976, 4.20250912, 4.18373509,
       4.86086188, 3.49945267, 4.95424112, 4.35674452, 4.29595033,
       4.70916915, 3.9220563 , 4.88904621, 5.65275879, 3.85237255,
       4.73017442, 3.09123936, 4.86771906, 2.64808267, 4.24115345,
       2.14499464, 3.104386  , 3.20727582, 4.54565921, 4.22898627,
       5.068038  , 4.61998261, 4.4357983 , 5.54697827]), 'delta_distances': array([6.01169279, 5.59181436, 6.84568976, 7.1313017 , 8.96679842,
       0.        , 9.73018903, 8.27726139, 6.83323861, 8.18934903,
       7.01476618, 5.92019061, 8.07789394, 8.10214261, 5.61495606,
       7.56748267, 4.77526121, 7.09133412, 6.49682545, 6.05944297,
       9.05391642, 8.49138655, 8.17999642, 5.328572  , 7.82410048,
       5.62421042, 5.9926343 , 6.66219994, 7.62305273, 8.68067327,
       7.75209097, 9.55133024, 8.30564133, 6.09802855]), 'locations': array([21, 16, 28, 16, 22, 15, 19, 19, 26, 20, 42, 25, 22, 14, 26, 18, 27,
       23, 52, 13, 20, 23, 12, 14, 20, 20, 13, 22, 22, 23, 20, 19, 22, 50])}, {'ts_index': 44, 'loc': 15, 'gap': 0.5402104197078081, 'distances': array([1.41619815, 4.22802985, 3.02288067, 2.89815752, 0.        ,
       2.37356055, 4.09912073, 3.46607476, 4.02909836, 3.78322245,
       2.34702848, 4.17042406, 4.17669291, 3.5291107 , 3.76232336,
       3.75585397, 4.39121985, 2.878696  , 2.16624158, 2.07990794,
       2.80040652, 2.77641948, 2.92132688, 2.64495476, 2.49184552,
       3.65932991, 4.29020203]), 'delta_distances': array([5.07118879, 8.41255848, 7.89286909, 5.17930127, 0.        ,
       5.74103012, 5.79722588, 6.29123861, 8.09451715, 7.78648103,
       7.46711764, 5.93824745, 6.96388709, 7.90944612, 5.77702903,
       5.89215121, 6.81802085, 6.28792709, 7.07343558, 5.2950177 ,
       7.9481803 , 6.83085079, 7.27859327, 6.57276345, 4.68025133,
       7.51669648, 6.26773358]), 'locations': array([16,  6, 12, 20, 15, 17, 49, 50, 17, 21, 12, 45, 21, 16, 55, 55, 54,
       10, 10, 10, 15, 10, 18, 16,  7, 10, 16])}, {'ts_index': 199, 'loc': 39, 'gap': 1.2265600904718585, 'distances': array([7.03428155, 5.3079057 , 7.25570742, 5.06205727, 4.49485091,
       7.48907152, 3.2722547 , 5.64278673, 7.89949173, 7.92789567,
       7.47821224, 5.154202  , 0.        ]), 'delta_distances': array([4.97628539, 4.36662339, 8.67327545, 6.16790745, 3.61149697,
       5.33041412, 2.78259309, 6.08585539, 4.44813552, 4.41664   ,
       3.50204412, 3.08577594, 0.        ]), 'locations': array([37, 47, 39, 40, 44, 33, 44, 39, 46, 45, 55, 45, 39])}], 'clusters': array([1, 1, 1, 1, 1, 3, 1, 1, 1, 1, 2, 1, 0, 1, 1, 1, 1, 1, 3, 1, 1, 1,
       1, 1, 1, 1, 1, 1, 1, 1, 1, 3, 1, 1, 1, 1, 1, 1, 1, 1, 1, 1, 2, 1,
       3, 3, 4, 1, 1, 1, 0, 1, 1, 1, 1, 1, 1, 1, 1, 1, 1, 1, 1, 1, 1, 1,
       1, 1, 1, 1, 4, 4, 1, 3, 1, 1, 1, 1, 1, 1, 1, 1, 0, 1, 1, 4, 1, 1,
       1, 1, 1, 4, 1, 1, 1, 0, 1, 1, 1, 1, 1, 1, 1, 0, 1, 1, 1, 1, 1, 1,
       1, 1, 1, 1, 1, 1, 0, 1, 1, 1, 1, 1, 1, 3, 1, 1, 1, 1, 3, 2, 1, 1,
       1, 1, 1, 1, 1, 1, 1, 1, 1, 1, 1, 1, 3, 1, 2, 1, 1, 1, 1, 1, 3, 1,
       1, 2, 1, 1, 1, 1, 1, 2, 1, 1, 1, 1, 1, 1, 2, 1, 1, 3, 1, 1, 1, 3,
       1, 3, 1, 1, 1, 3, 1, 4, 1, 1, 1, 1, 1, 1, 1, 1, 1, 1, 1, 1, 1, 1,
       1, 4]), 'time': 28.525238275527954}
lenSubsequence: 34{'RI': 0.5241206030150753, 'num_clusters': 3, 'uShapelets': [{'ts_index': 72, 'loc': 1, 'gap': 0.6467276840830918, 'distances': array([3.93208959, 6.20002088, 5.07001741, 5.03004488, 7.03439838,
       4.17796376, 5.82069441, 2.53095903, 4.96460488, 5.230366  ,
       4.45352429, 7.99894797, 8.54080674, 4.94103318, 5.11958547,
       5.08003218, 4.3202545 , 4.98045541, 4.51394241, 5.13891876,
       6.31314888, 5.66294747, 3.84584594, 4.18845109, 5.81696268,
       5.19824518, 4.49811118, 3.72349659, 4.06837721, 5.64782024,
       7.1630195 , 5.93593441, 7.37338947, 4.30884497, 7.43294953,
       5.22106185, 4.42573632, 4.02525732, 6.76769368, 5.60250332,
       4.57853121, 6.35681571, 5.16068432, 4.39053535, 3.69867941,
       3.65807235, 6.80174126, 6.46633809, 4.77725165, 6.76708426,
       5.14346474, 5.66378818, 4.47242832, 5.75459197, 6.50263209,
       3.37377244, 5.76023635, 4.78646868, 5.44806859, 5.52165085,
       5.49935803, 7.36982226, 4.71749785, 4.88924721, 5.79261282,
       4.61319615, 5.20143259, 4.39281503, 4.67917347, 5.68780274,
       4.55818971, 4.60559159, 0.        , 5.50013635, 4.51220926,
       4.64398744, 5.41937812, 4.49875444, 3.71256038, 3.83819591,
       5.78546832, 5.79642091, 7.11778065, 4.71257247, 4.73054268,
       5.23986759, 5.96258465, 5.22388785, 4.72989485, 4.89403371,
       4.96803621, 6.27486359, 5.9980415 , 4.81063915, 5.66133668,
       6.28449121, 5.80309271, 4.85722891, 6.63575294, 7.27694006,
       5.88071279, 4.772208  , 4.56376174, 4.62776544, 4.39732506,
       4.56830935, 4.22213591, 3.66712288, 5.16891415, 4.88564326,
       4.32025347, 4.82427276, 6.61716582, 4.16681712, 4.03439456,
       6.09338824, 4.19770971, 4.09643529, 3.23754585, 7.55536662,
       6.11000894, 4.92088762, 5.60009194, 5.46575891, 5.01986415,
       4.69661359, 5.37240444, 5.19383409, 5.09577274, 5.21580888,
       4.95000806, 4.62954124, 3.75173244, 3.02760356, 5.62321894,
       4.65995574, 3.69766929, 2.78032859, 6.16446812, 4.54639321,
       4.71258782, 3.61011553, 3.67784435, 4.30707953, 6.94746979,
       4.91338335, 5.45371991, 4.70120144, 4.6661815 , 5.60516   ,
       3.75781426, 4.97285553, 4.27745685, 5.478877  , 4.34284632,
       4.11418985, 3.93583609, 4.03045015, 3.8617155 , 4.79734635,
       4.68276785, 4.09318918, 6.23868003, 4.47219221, 6.55305497,
       6.09519291, 3.82329482, 4.38595529, 3.86036476, 5.59354574,
       3.66031521, 6.35844682, 4.60344729, 6.02052971, 4.55582397,
       5.30805903, 4.54695879, 4.77603753, 4.86988494, 4.92219779,
       5.197805  , 4.71450853, 4.19760256, 4.46393994, 5.146713  ,
       5.37946909, 5.64331026, 3.82397582, 4.24678029, 5.00696991,
       4.89082124, 4.25081785, 4.31776909, 5.05578835, 4.64408485,
       4.41244559, 5.01776044, 5.32077029, 4.03298562, 3.01133059]), 'delta_distances': array([ 9.816607  , 10.85988012,  8.90490271, 10.01337041, 14.82938459,
        9.16330571, 12.86046312,  6.87152241,  9.65045041, 12.87910641,
        7.83226547, 11.46465818, 10.92178612,  9.51472647, 10.46170424,
       11.22689818,  9.93660394,  9.09552529, 10.46069994, 10.63024206,
        9.24831659, 11.35649012,  8.56499388,  9.62482947,  8.87043588,
       10.71925129,  9.97965765,  8.52244859,  9.54807618, 10.84337147,
       12.37141671, 12.76592276, 12.19292694,  8.34419618, 10.95157447,
        8.45696641, 10.16384247,  8.03712388,  8.88440429, 10.45076153,
        9.20387018, 11.00791347, 11.16809571,  8.32876529,  8.56885929,
       10.25201347, 10.75995747, 10.50662088,  9.61631788, 10.03906082,
       11.81182712, 10.70719347, 10.65952524, 12.68266324, 11.30563165,
        8.24579129, 12.15978906,  9.22280006,  9.23459659, 10.77853412,
       10.12716171, 15.91463512, 11.91423653,  9.40895988, 10.65293018,
        9.759602  , 10.43487182,  7.90933129, 10.44512453, 11.81764582,
        9.12724129, 10.50490547,  0.        , 13.41761653,  9.37536147,
        8.425262  , 10.41093853,  9.71033671,  8.84656029,  7.74989029,
       11.67886424, 11.40377494, 12.89489476, 10.67142394, 10.678201  ,
       10.09193829, 11.73637982, 10.50258676,  8.46899382, 11.18356659,
        9.65713524, 10.30360035, 10.63479176,  9.50214294,  8.65916718,
       10.42872059, 10.98848359, 10.02203   ,  8.43923241, 12.17653247,
        9.96206318,  8.76741029,  9.03774559,  8.56908082, 10.86250071,
        9.10952024,  9.69476265,  7.68309253,  8.70930412,  9.16115976,
        8.01840824,  9.02008206,  9.23954006, 10.45686253,  9.14099271,
       10.99786906,  9.04952794,  9.58577571,  7.16470594,  8.76562212,
       10.50522235, 10.94135453,  8.73208412,  9.839996  , 10.50638182,
        9.27406224, 10.10222388,  8.62484912,  8.90105859,  8.72101412,
        9.51249776,  9.35005406,  7.25155965,  6.17414724,  9.96253765,
        9.02475876,  7.73102865,  7.51168   , 10.33869829,  8.832865  ,
       11.04813135,  9.13923659,  8.24228824,  9.08629512,  9.61891347,
        8.88858894,  9.32512571,  8.96386847,  8.22149171,  9.57272688,
        7.79188565, 10.33441371,  9.49436635,  9.51113259,  9.13577982,
        8.54185559,  9.22408229,  9.06249994,  9.65675594,  9.85853859,
        8.70356665,  8.16106471, 10.64553688,  9.16125682, 11.27072471,
       10.43720912,  7.84122565,  9.283185  ,  8.80190324, 11.85234835,
        9.14688359,  8.95701576, 10.15631082, 11.87324871,  9.39847929,
       10.52173441,  8.53282053,  8.64840435,  8.42195412,  9.08590888,
        9.67809594, 10.21445818,  8.47105882,  9.96156365,  9.95806082,
       11.34458618,  9.08210106,  8.33976429,  7.54977335,  9.84872676,
        9.26486476,  9.06107706,  9.30281441,  9.39922024,  9.7088    ,
        8.93824547,  9.98679282, 10.14698853,  7.81349253,  7.10683512]), 'locations': array([ 1,  7,  5,  1,  1,  1,  0,  1,  5,  5, 36, 35, 59,  2,  7,  2,  1,
        3,  0,  2, 34,  1,  1,  1,  0,  0,  1,  1,  1,  7,  6,  1,  3,  0,
       48,  8,  0,  5, 45,  4,  1,  9,  1,  5,  1,  4,  7,  0,  0, 42,  2,
        0,  4,  3,  0,  2,  2,  4,  1,  7, 18,  1,  0,  5, 26,  7,  2,  1,
        0,  0,  0,  2,  1,  2,  3,  7,  5,  2,  0,  1,  2,  0,  0,  1,  1,
        2,  9,  5,  6,  7,  5, 38,  8,  0, 14,  6,  5,  6, 42,  5,  8,  2,
        9,  1,  4,  0,  4,  2,  0,  7,  2,  1,  0,  2,  6,  6,  5,  0,  0,
       30,  0,  2,  0,  0,  2,  2,  5,  5,  0,  2,  0,  1,  0,  1,  7,  0,
        1,  5,  8,  7,  6,  2,  4,  8, 41,  6,  0, 16,  5,  0,  7, 10,  4,
        3,  5,  6,  0,  8,  1,  8,  1,  0,  0,  2,  3,  1,  3,  0,  2,  2,
        2, 44,  4,  3,  7,  0,  3,  3,  3,  0,  2,  0,  0,  0,  1,  6,  0,
        1,  2,  5,  6,  0,  4,  9,  3, 10,  1,  8,  2,  0])}, {'ts_index': 165, 'loc': 18, 'gap': 0.3887359844592435, 'distances': array([1.76721479, 1.56612744, 1.78322059, 2.86191532, 1.53945109,
       2.23687832, 1.92506188, 1.48837606, 1.75080444, 1.55180203,
       1.42050871, 2.75204609, 1.394604  , 2.29599271, 1.65675956,
       1.58918953, 2.37320926, 2.00120915, 2.12725268, 1.117138  ,
       2.04392115, 2.42561015, 1.44944538, 2.210965  , 2.65307953,
       1.40014209, 1.49571265, 1.29337688, 2.59251391, 0.95064953,
       2.71158803, 0.        , 2.30495179, 1.65075644]), 'delta_distances': array([4.73361588, 3.704433  , 5.16409629, 5.88251712, 3.72203724,
       6.20898371, 5.68891947, 4.17252459, 5.279064  , 3.37830682,
       5.07753718, 4.43136982, 2.91494918, 5.73903   , 3.76653418,
       4.75483394, 5.17106424, 5.46475765, 4.55818553, 3.36015253,
       3.59817682, 4.95702324, 4.40614382, 4.28422471, 5.13284324,
       3.84365053, 4.31693653, 3.70830953, 4.85402835, 3.50376841,
       5.88818659, 0.        , 4.32584588, 5.522802  ]), 'locations': array([24, 44, 21, 31, 51, 23, 17, 46, 28, 51, 25, 49, 33, 14, 16, 27, 38,
       31, 50, 44, 59, 55, 31, 12, 56, 36, 21, 38, 50, 38, 21, 18, 48, 18])}, {'ts_index': 115, 'loc': 14, 'gap': 0.4063101471772912, 'distances': array([4.28374297, 4.07721218, 3.86707556, 0.        , 3.29246362,
       2.83660121]), 'delta_distances': array([8.48192506, 7.22485041, 4.33018906, 0.        , 8.27423829,
       6.87409288]), 'locations': array([ 5, 10, 47, 14,  7, 10])}], 'clusters': array([1, 2, 1, 1, 2, 1, 1, 1, 1, 1, 1, 2, 0, 1, 1, 1, 1, 1, 1, 1, 2, 1,
       1, 1, 1, 1, 1, 1, 1, 1, 2, 2, 2, 1, 2, 1, 1, 1, 2, 1, 1, 2, 1, 1,
       1, 1, 0, 2, 1, 2, 1, 1, 1, 1, 2, 1, 1, 1, 1, 1, 1, 2, 1, 1, 1, 1,
       1, 1, 1, 1, 1, 1, 1, 1, 1, 1, 1, 1, 1, 1, 1, 1, 2, 1, 1, 1, 2, 1,
       1, 1, 1, 2, 2, 1, 1, 2, 1, 1, 0, 2, 1, 1, 1, 1, 1, 1, 1, 1, 1, 1,
       1, 1, 2, 1, 1, 3, 1, 1, 1, 2, 2, 1, 1, 1, 1, 1, 1, 1, 1, 1, 1, 1,
       1, 1, 1, 1, 1, 1, 2, 1, 1, 1, 1, 1, 3, 1, 1, 1, 1, 1, 1, 1, 1, 1,
       1, 1, 1, 1, 1, 1, 1, 1, 2, 1, 3, 2, 1, 1, 1, 1, 1, 2, 1, 2, 1, 1,
       1, 1, 1, 1, 1, 1, 1, 1, 1, 1, 1, 1, 1, 1, 1, 1, 1, 1, 1, 1, 1, 1,
       1, 1]), 'time': 26.637216091156006}
