lenSubsequence: 6{'RI': 0.5001533180015332, 'num_clusters': 3, 'uShapelets': [{'ts_index': 682, 'loc': 9, 'gap': 0.0882890167746177, 'distances': array([0.34824397, 0.17252021, 0.16746434, ..., 0.18433537, 0.15921422,
       0.39913027]), 'delta_distances': array([0., 0., 0., ..., 0., 0., 0.]), 'locations': array([ 9,  8,  9, ..., 10,  9,  9])}, {'ts_index': 259, 'loc': 12, 'gap': 0.06666539057228366, 'distances': array([0.18797289, 0.07001329, 0.24559814, 0.12609873, 0.11611931,
       0.13042495, 0.11499771, 0.1540147 , 0.17708849, 0.14026829,
       0.12931164, 0.09102716, 0.22069681, 0.18690149, 0.15405663,
       0.20698175, 0.19414571, 0.27405119, 0.15560759, 0.14757446,
       0.14198464, 0.17974279, 0.08819722, 0.08496421, 0.07367025,
       0.08627363, 0.16295091, 0.2174445 , 0.12990306, 0.26220253,
       0.12732755, 0.17396128, 0.23237428, 0.12204075, 0.26403646,
       0.08710211, 0.1205734 , 0.16238894, 0.20579973, 0.10798495,
       0.10222483, 0.10200722, 0.28636142, 0.07739042, 0.18289835,
       0.19140526, 0.0882959 , 0.277341  , 0.11088144, 0.10037527,
       0.        , 0.08722082, 0.16526443, 0.26168397, 0.14365951,
       0.10646896, 0.32780935, 0.09394177, 0.12814358, 0.09288449,
       0.13134645, 0.17593259, 0.1150617 , 0.10472769, 0.17322641,
       0.14119667, 0.30983051, 0.17610303, 0.21140207, 0.07879844,
       0.1160979 , 0.1459116 , 0.20373069, 0.16602   , 0.0972751 ,
       0.16539607, 0.09961314, 0.10215565, 0.21878852, 0.0697374 ,
       0.07596929, 0.17647922, 0.10151081, 0.20128345, 0.21778525,
       0.32569046, 0.28260347, 0.243984  , 0.13034697, 0.17826034,
       0.20248704, 0.19481351, 0.16435995, 0.15975276, 0.17674621,
       0.18752852, 0.36221456, 0.18600478, 0.23738564, 0.21973463,
       0.19585   , 0.05933521, 0.13513635, 0.13062276, 0.19613247,
       0.26885074, 0.13981456, 0.22311955, 0.17391393, 0.10258628,
       0.19602806, 0.26930012, 0.27939588, 0.11663607, 0.07149029,
       0.26177699, 0.1616451 , 0.15366359, 0.18264538, 0.19463334,
       0.19355203, 0.10542177, 0.26179095, 0.10075272, 0.13189695,
       0.12964963, 0.11531985, 0.12843978, 0.09778122, 0.18873946,
       0.24754472, 0.14276389, 0.23249797, 0.08884647, 0.15355084,
       0.28104038, 0.22248521, 0.10434318, 0.19397752, 0.10815357,
       0.08449671, 0.09357365, 0.2880569 , 0.3085637 , 0.29105178,
       0.30456563, 0.1269475 , 0.1011116 , 0.06916767, 0.16968918,
       0.06093941, 0.15039273, 0.11712707, 0.12991482, 0.15408286,
       0.16442661, 0.28911517, 0.29457568, 0.0977717 , 0.13184492,
       0.11703525, 0.16552089, 0.15686583, 0.27915687, 0.13042772,
       0.29052744, 0.20749371, 0.13483735, 0.07657803, 0.2052669 ,
       0.10711585, 0.12582252, 0.26215358, 0.12720642, 0.04869063,
       0.15344643, 0.15022825, 0.16931447, 0.11029141, 0.15403454,
       0.10747183, 0.24211745, 0.14058054, 0.19589091]), 'delta_distances': array([0., 0., 0., 0., 0., 0., 0., 0., 0., 0., 0., 0., 0., 0., 0., 0., 0.,
       0., 0., 0., 0., 0., 0., 0., 0., 0., 0., 0., 0., 0., 0., 0., 0., 0.,
       0., 0., 0., 0., 0., 0., 0., 0., 0., 0., 0., 0., 0., 0., 0., 0., 0.,
       0., 0., 0., 0., 0., 0., 0., 0., 0., 0., 0., 0., 0., 0., 0., 0., 0.,
       0., 0., 0., 0., 0., 0., 0., 0., 0., 0., 0., 0., 0., 0., 0., 0., 0.,
       0., 0., 0., 0., 0., 0., 0., 0., 0., 0., 0., 0., 0., 0., 0., 0., 0.,
       0., 0., 0., 0., 0., 0., 0., 0., 0., 0., 0., 0., 0., 0., 0., 0., 0.,
       0., 0., 0., 0., 0., 0., 0., 0., 0., 0., 0., 0., 0., 0., 0., 0., 0.,
       0., 0., 0., 0., 0., 0., 0., 0., 0., 0., 0., 0., 0., 0., 0., 0., 0.,
       0., 0., 0., 0., 0., 0., 0., 0., 0., 0., 0., 0., 0., 0., 0., 0., 0.,
       0., 0., 0., 0., 0., 0., 0., 0., 0., 0., 0., 0., 0., 0.]), 'locations': array([12, 13,  0,  0, 11, 10, 11, 11,  0, 10,  1, 12, 11, 12, 13, 11, 13,
       12, 12, 12, 13, 12, 12, 13, 13,  1, 14,  0, 12, 13, 13, 11, 11, 11,
       12, 12, 12, 12, 11, 10, 13, 12, 12, 12, 13, 12, 13, 13,  0,  0, 12,
       12,  1, 12, 12, 12, 17, 12, 12, 13, 13, 12, 12, 12,  0, 11, 11, 15,
       10,  9, 11,  0, 12, 12, 12, 10, 12,  1, 12, 12, 12, 11, 13, 13, 13,
        0, 12, 12,  0, 13, 13,  0, 11, 12,  9, 12, 12, 13, 15, 13, 15, 10,
       14, 11, 12, 15, 12, 12, 13, 12, 12, 12,  0, 13, 12, 12, 15,  1,  0,
       10, 13, 14, 12, 13,  2, 11, 12, 13, 12, 15, 15, 13, 13, 12, 11, 10,
       12, 12, 12, 13, 13, 13, 12, 11, 11, 10, 11, 12, 13, 12, 13, 13, 12,
       11, 15, 11, 13, 11, 11,  1, 12,  0, 12, 12, 12, 12, 12, 12, 12, 11,
       12, 13, 13, 12, 11,  1, 11, 13, 10, 11, 13, 10, 12, 11])}], 'clusters': array([2, 1, 1, ..., 1, 1, 2]), 'time': 55.221410274505615}
lenSubsequence: 8{'RI': 0.502353098023531, 'num_clusters': 5, 'uShapelets': [{'ts_index': 870, 'loc': 13, 'gap': 0.06259360703742398, 'distances': array([0.17786674, 0.32145703, 0.30706738, ..., 0.31428749, 0.27663265,
       0.20724129]), 'delta_distances': array([0., 0., 0., ..., 0., 0., 0.]), 'locations': array([15, 15,  3, ..., 13,  4, 13])}, {'ts_index': 812, 'loc': 3, 'gap': 0.041314762762823865, 'distances': array([0.17787276, 0.0847121 , 0.28339206, 0.08431414, 0.13778856,
       0.11657535, 0.14264948, 0.05211271, 0.15093438, 0.16804408,
       0.12536235, 0.15339751, 0.12411801, 0.12860052, 0.27879887,
       0.20647537, 0.09115003, 0.13582152, 0.07050698, 0.21741697,
       0.10129158, 0.11285153, 0.1181088 , 0.07670612, 0.21644168,
       0.1472535 , 0.07815639, 0.15958569, 0.05447089, 0.21414736,
       0.10714418, 0.12931321, 0.04700549, 0.16941074, 0.09710368,
       0.21216827, 0.10725386, 0.22680825, 0.10975313, 0.2162332 ,
       0.12414162, 0.1419967 , 0.32992298, 0.10774993, 0.11466262,
       0.10625897, 0.13209567, 0.11560554, 0.18138448, 0.16110017,
       0.15416028, 0.11037642, 0.12414231, 0.11833955, 0.13161823,
       0.07410339, 0.09373166, 0.22112963, 0.29364309, 0.14490595,
       0.12662864, 0.07928489, 0.10521102, 0.12554357, 0.11515173,
       0.09722662, 0.0892303 , 0.12140383, 0.09339031, 0.1819374 ,
       0.14404052, 0.09635181, 0.19918631, 0.21235226, 0.1034399 ,
       0.19006598, 0.21263051, 0.05774378, 0.19152847, 0.09322503,
       0.09544992, 0.11646586, 0.14941014, 0.20455344, 0.15781476,
       0.09610671, 0.07551914, 0.08999583, 0.05578348, 0.0900754 ,
       0.07604121, 0.09209574, 0.20471646, 0.24810705, 0.06734554,
       0.11874546, 0.07452904, 0.18538604, 0.12742884, 0.102227  ,
       0.11365112, 0.08576239, 0.15115384, 0.14141837, 0.13535272,
       0.19905221, 0.15183796, 0.06990876, 0.15441553, 0.16233593,
       0.11844718, 0.30545614, 0.1121606 , 0.12937953, 0.10129127,
       0.06898109, 0.11914546, 0.14686936, 0.2311884 , 0.11518613,
       0.10384551, 0.12229511, 0.0576475 , 0.08958481, 0.19791093,
       0.09239792, 0.21214599, 0.21764589, 0.14120464, 0.16840479,
       0.06744512, 0.11809021, 0.15898433, 0.11182911, 0.12196875,
       0.12455276, 0.21746846, 0.20447494, 0.19993003, 0.19107263,
       0.15500081, 0.06076877, 0.05366272, 0.13038087, 0.21752001,
       0.17186618, 0.0733161 , 0.09752684, 0.10010182, 0.09516909,
       0.10114501, 0.10350438, 0.06190517, 0.06491052, 0.07609267,
       0.13747193, 0.09532535, 0.06238953, 0.11559858, 0.04881598,
       0.1140655 , 0.13587644, 0.10966668, 0.20125532, 0.08556677,
       0.1171292 , 0.09757681, 0.27828203, 0.10648768, 0.2095267 ,
       0.14016826, 0.07099692, 0.24067525, 0.08628776, 0.08924921,
       0.11032048, 0.14331243, 0.10588046, 0.08911597, 0.29191793,
       0.13677079, 0.16497173, 0.11036261, 0.09931342, 0.07297602,
       0.1454485 , 0.29509734, 0.11201911, 0.12557823, 0.1295687 ,
       0.18250706, 0.05544367, 0.14123811, 0.15547458, 0.06058323,
       0.14449968, 0.14774439, 0.16275725, 0.15709452, 0.21017779,
       0.09946961, 0.19077981, 0.128209  , 0.08646531, 0.05843466,
       0.110214  , 0.26156569, 0.1073953 , 0.19542758, 0.08808661,
       0.0957247 , 0.15261277, 0.21591589, 0.08224696, 0.22446053,
       0.14824489, 0.10165698, 0.16923786, 0.14844101, 0.122842  ,
       0.22783876, 0.15827152, 0.13584677, 0.12426855, 0.10949586,
       0.13595611, 0.22549304, 0.10740163, 0.09855138, 0.07784028,
       0.06752037, 0.10270285, 0.12463227, 0.04437817, 0.14750106,
       0.06036944, 0.15624165, 0.05460497, 0.11652072, 0.14712197,
       0.12874703, 0.08390806, 0.15111668, 0.08337594, 0.11458785,
       0.12819017, 0.22127412, 0.04092142, 0.17698208, 0.14702088,
       0.1730545 , 0.16641143, 0.08009057, 0.10272848, 0.11594658,
       0.13085476, 0.06770571, 0.09143637, 0.05250491, 0.07443884,
       0.10726755, 0.10173802, 0.20044653, 0.1081734 , 0.19736245,
       0.08500037, 0.10813735, 0.148958  , 0.0789253 , 0.0869266 ,
       0.09317851, 0.1817    , 0.10240026, 0.07926449, 0.13479794,
       0.09308397, 0.12188308, 0.11887047, 0.07718778, 0.10651856,
       0.12522012, 0.11437739, 0.06421521, 0.06954293, 0.12847106,
       0.16682799, 0.13870039, 0.09137919, 0.2180876 , 0.09292974,
       0.12669704, 0.13106326, 0.14766103, 0.15148174, 0.07348097,
       0.13812698, 0.23786626, 0.21371092, 0.19320358, 0.15225985,
       0.18362764, 0.11647129, 0.13130386, 0.05113585, 0.08064457,
       0.17824544, 0.09419884, 0.08887421, 0.09842367, 0.05775365,
       0.04458542, 0.11492389, 0.1171336 , 0.05102022, 0.09818143,
       0.13032675, 0.11895929, 0.11852479, 0.09705862, 0.16446984,
       0.38273332, 0.10989619, 0.07743193, 0.17912517, 0.10682192,
       0.17890129, 0.21558087, 0.1120355 , 0.12982958, 0.07251638,
       0.17126843, 0.10915542, 0.13800589, 0.07712247, 0.19363299,
       0.14312385, 0.10992874, 0.10017087, 0.07237327, 0.09703616,
       0.13004879, 0.05355254, 0.11823401, 0.05195807, 0.12368673,
       0.10309022, 0.33497633, 0.20892676, 0.08484646, 0.12351208,
       0.08719984, 0.08626648, 0.16294358, 0.11177572, 0.09588502,
       0.14625005, 0.19003408, 0.20743659, 0.10120979, 0.09967188,
       0.0963536 , 0.10511393, 0.14869374, 0.06092054, 0.07926893,
       0.08870545, 0.11603051, 0.19296822, 0.08720307, 0.1236389 ,
       0.14113867, 0.09661449, 0.26847201, 0.13955997, 0.13476415,
       0.11348788, 0.213578  , 0.12551917, 0.14821116, 0.10880142,
       0.10364249, 0.11175706, 0.16587024, 0.16739493, 0.20423428,
       0.09858554, 0.17897176, 0.08535963, 0.11698564, 0.23199909,
       0.03374167, 0.14397586, 0.13237152, 0.27593359, 0.11658916,
       0.12175757, 0.10551214, 0.0648632 , 0.26056639, 0.08561378,
       0.17398289, 0.08796777, 0.11985082, 0.11336494, 0.07803605,
       0.19495725, 0.15980379, 0.05399826, 0.14896733, 0.20207142,
       0.16551213, 0.07937116, 0.13166108, 0.0931375 , 0.06047456,
       0.08852251, 0.10489742, 0.22268247, 0.07600144, 0.12410253,
       0.10402974, 0.38010365, 0.07737773, 0.09616904, 0.16885779,
       0.05150212, 0.17732337, 0.07991509, 0.09248699, 0.12513792,
       0.1023618 , 0.26544067, 0.09930658, 0.09928392, 0.08193481,
       0.13599713, 0.06648684, 0.27225812, 0.17824584, 0.13612047,
       0.11088099, 0.08257657, 0.19798887, 0.10323933, 0.09737957,
       0.11210166, 0.16380352, 0.15816082, 0.12247276, 0.14203488,
       0.31385123, 0.08785873, 0.13619603, 0.18990224, 0.10484572,
       0.10363721, 0.09040603, 0.12375442, 0.2247159 , 0.17739927,
       0.12646875, 0.11130553, 0.16793828, 0.09769108, 0.1711324 ,
       0.11298894, 0.21254863, 0.09688064, 0.12433416, 0.16244273,
       0.11592973, 0.10483141, 0.07165652, 0.11443694, 0.12335226,
       0.15681044, 0.32822689, 0.04833687, 0.16045034, 0.12269392,
       0.04937073, 0.14414473, 0.10596425, 0.19449116, 0.0795223 ,
       0.18369974, 0.09854052, 0.08835475, 0.15660839, 0.09326223,
       0.15400781, 0.12461792, 0.08970464, 0.09619243, 0.1561201 ,
       0.09960508, 0.10283801, 0.1060493 , 0.15960337, 0.10488513,
       0.13529788, 0.18640782, 0.14722538, 0.13194518, 0.12508141,
       0.20066542, 0.12854328, 0.13344451, 0.07617199, 0.2299893 ,
       0.11421478, 0.09603312, 0.08972223, 0.05887991, 0.09414583,
       0.0974762 , 0.25827048, 0.21071767, 0.08937876, 0.07951651,
       0.06849875, 0.12346254, 0.17585661, 0.16585008, 0.16414642,
       0.10309386, 0.23578731, 0.06330679, 0.14130464, 0.09492448,
       0.13019523, 0.0759528 , 0.16805096, 0.09396176, 0.29163799,
       0.11657676, 0.08342587, 0.1100333 , 0.11406598, 0.17916421,
       0.15206711, 0.12159545, 0.13267706, 0.14694796, 0.10712172,
       0.23811447, 0.16985403, 0.10686148, 0.08416446, 0.18397707,
       0.130056  , 0.08533738, 0.09231493, 0.14531964, 0.17874738,
       0.16315938, 0.08046496, 0.10604259, 0.07283146, 0.1069529 ,
       0.06288618, 0.10046252, 0.11185174, 0.16523019, 0.09066723,
       0.07183869, 0.1318577 , 0.10703643, 0.07157437, 0.09574037,
       0.06311411, 0.09791793, 0.08381313, 0.14146328, 0.1458615 ,
       0.09821055, 0.08913517, 0.15173126, 0.20792205, 0.16618387,
       0.11406741, 0.07633264, 0.23660215, 0.07269285, 0.10519357,
       0.20739037, 0.14621773, 0.06041872, 0.10523753, 0.17008389,
       0.34888655, 0.05138777, 0.10241155, 0.12838565, 0.10400616,
       0.10516928, 0.14301792, 0.25412325, 0.16530252, 0.05609715,
       0.21469644, 0.08228713, 0.23083771, 0.08790593, 0.09425663,
       0.10778009, 0.08331979, 0.11598431, 0.14690452, 0.10567565,
       0.07786336, 0.17316926, 0.15975039, 0.1132037 , 0.11810741,
       0.16791148, 0.0974297 , 0.11689786, 0.121079  , 0.20239812,
       0.29120383, 0.1170468 , 0.16037934, 0.09444832, 0.1718955 ,
       0.10101454, 0.15570866, 0.09318119, 0.28976922, 0.13136424,
       0.06226155, 0.05805318, 0.11651904, 0.12216152, 0.25617398,
       0.08890734, 0.11170196, 0.14131039, 0.10672306, 0.25115962,
       0.10927874, 0.0695892 , 0.16355465, 0.11893374, 0.16770482,
       0.11500985, 0.1160822 , 0.16857528, 0.20850244, 0.10002882,
       0.07024511, 0.15240986, 0.0623502 , 0.05988909, 0.19626696,
       0.0762582 , 0.17584661, 0.20810067, 0.1295488 , 0.13767188,
       0.07399662, 0.12517538, 0.22471381, 0.15397732, 0.1294003 ,
       0.16428106, 0.13066046, 0.16904497, 0.19055093, 0.1661968 ,
       0.06043669, 0.11590978, 0.11223817, 0.11127366, 0.2139472 ,
       0.17317445, 0.14178819, 0.1498068 , 0.        , 0.13239477,
       0.11331166, 0.0738512 , 0.11125211, 0.14814509, 0.08662987,
       0.19626433, 0.14812911, 0.11595628, 0.05859821, 0.10460282,
       0.10997741, 0.09733247, 0.08408636, 0.05028575, 0.13158279,
       0.19640897, 0.1661076 , 0.09901697, 0.18602209, 0.07617917,
       0.11856215, 0.06766473, 0.05822102, 0.14679987, 0.10853355,
       0.22971667, 0.14111   , 0.27119239, 0.10494239, 0.08283559,
       0.1185269 , 0.10986704, 0.09153167, 0.08030907, 0.07897517,
       0.09299866, 0.2425728 , 0.24819221, 0.35429538, 0.10626867,
       0.08570398, 0.18132486, 0.06771309, 0.10583035, 0.19433854,
       0.18330938, 0.13360161, 0.16433664, 0.09520356, 0.1767363 ,
       0.07057299, 0.21876329, 0.15544181, 0.06534643, 0.08588255,
       0.15789173, 0.15065441, 0.1770023 , 0.26090908, 0.18778541,
       0.09763412, 0.12637995, 0.1402017 , 0.11349243, 0.13513812,
       0.14790654, 0.15944494, 0.17771589, 0.31015787, 0.12824494,
       0.23432563, 0.05931787, 0.1056426 , 0.14885453, 0.16338208,
       0.05519582, 0.06457784, 0.08413076, 0.17551157, 0.15032423,
       0.14303354, 0.2157152 , 0.14640398, 0.06591993, 0.12962181,
       0.12312449, 0.19194539, 0.19966789, 0.19150869, 0.09936635,
       0.17078001, 0.0731391 , 0.30982185, 0.11274667, 0.09526607,
       0.10794761, 0.09132762, 0.11312638, 0.10825642, 0.21923945,
       0.10807766, 0.1078119 , 0.05892023, 0.09539073, 0.09504177,
       0.11573448, 0.13133354, 0.18399164, 0.07119812, 0.25031081,
       0.14026849, 0.20353428, 0.0944062 , 0.11706055, 0.24329348,
       0.15374533, 0.130672  , 0.17087459, 0.1843155 , 0.15475464,
       0.2006739 , 0.1989799 , 0.14462759, 0.08060407, 0.14801631,
       0.08971448, 0.09658545, 0.11253951, 0.11319687, 0.20743482,
       0.1323044 , 0.08995424, 0.14654985, 0.08749196, 0.1153011 ,
       0.12721942, 0.12382006, 0.15843093, 0.10480607, 0.10933528,
       0.06919447, 0.11280493, 0.2055127 , 0.13063361, 0.14060405,
       0.20735322, 0.12991542, 0.12189878, 0.13456098, 0.22949779,
       0.11194991, 0.13631105, 0.07488867, 0.18369902, 0.13438273,
       0.22263244, 0.20849539, 0.10172174, 0.08079594, 0.12465878,
       0.20074552, 0.11424398, 0.13158808, 0.16798991, 0.22171991,
       0.11545122, 0.12230444, 0.17190827, 0.17011219, 0.06146315,
       0.22730197, 0.08745481, 0.14222743, 0.11287279, 0.18984895,
       0.13733729, 0.0975933 , 0.14755603, 0.08451414, 0.34602996,
       0.13712397, 0.26579409, 0.07311581, 0.20283225, 0.05567343,
       0.14338775, 0.12355825, 0.22888418, 0.17346744, 0.11607662,
       0.06134712, 0.14564748, 0.11733659, 0.09771643, 0.14454081,
       0.0932629 , 0.07793096, 0.12753443, 0.10704117, 0.09256273,
       0.07471477, 0.12323016, 0.25643274, 0.09371874, 0.29514451,
       0.09095062, 0.13827724, 0.22723962, 0.16636293, 0.10061972,
       0.15914896, 0.09845391, 0.13489649, 0.14895112, 0.20904564,
       0.09162517, 0.141425  , 0.15614356, 0.12721752, 0.09927212,
       0.20074101, 0.09910782, 0.07737823, 0.09184345, 0.09213229,
       0.09031481, 0.10313015, 0.11816216, 0.07379236, 0.13686804,
       0.2190657 ]), 'delta_distances': array([0., 0., 0., 0., 0., 0., 0., 0., 0., 0., 0., 0., 0., 0., 0., 0., 0.,
       0., 0., 0., 0., 0., 0., 0., 0., 0., 0., 0., 0., 0., 0., 0., 0., 0.,
       0., 0., 0., 0., 0., 0., 0., 0., 0., 0., 0., 0., 0., 0., 0., 0., 0.,
       0., 0., 0., 0., 0., 0., 0., 0., 0., 0., 0., 0., 0., 0., 0., 0., 0.,
       0., 0., 0., 0., 0., 0., 0., 0., 0., 0., 0., 0., 0., 0., 0., 0., 0.,
       0., 0., 0., 0., 0., 0., 0., 0., 0., 0., 0., 0., 0., 0., 0., 0., 0.,
       0., 0., 0., 0., 0., 0., 0., 0., 0., 0., 0., 0., 0., 0., 0., 0., 0.,
       0., 0., 0., 0., 0., 0., 0., 0., 0., 0., 0., 0., 0., 0., 0., 0., 0.,
       0., 0., 0., 0., 0., 0., 0., 0., 0., 0., 0., 0., 0., 0., 0., 0., 0.,
       0., 0., 0., 0., 0., 0., 0., 0., 0., 0., 0., 0., 0., 0., 0., 0., 0.,
       0., 0., 0., 0., 0., 0., 0., 0., 0., 0., 0., 0., 0., 0., 0., 0., 0.,
       0., 0., 0., 0., 0., 0., 0., 0., 0., 0., 0., 0., 0., 0., 0., 0., 0.,
       0., 0., 0., 0., 0., 0., 0., 0., 0., 0., 0., 0., 0., 0., 0., 0., 0.,
       0., 0., 0., 0., 0., 0., 0., 0., 0., 0., 0., 0., 0., 0., 0., 0., 0.,
       0., 0., 0., 0., 0., 0., 0., 0., 0., 0., 0., 0., 0., 0., 0., 0., 0.,
       0., 0., 0., 0., 0., 0., 0., 0., 0., 0., 0., 0., 0., 0., 0., 0., 0.,
       0., 0., 0., 0., 0., 0., 0., 0., 0., 0., 0., 0., 0., 0., 0., 0., 0.,
       0., 0., 0., 0., 0., 0., 0., 0., 0., 0., 0., 0., 0., 0., 0., 0., 0.,
       0., 0., 0., 0., 0., 0., 0., 0., 0., 0., 0., 0., 0., 0., 0., 0., 0.,
       0., 0., 0., 0., 0., 0., 0., 0., 0., 0., 0., 0., 0., 0., 0., 0., 0.,
       0., 0., 0., 0., 0., 0., 0., 0., 0., 0., 0., 0., 0., 0., 0., 0., 0.,
       0., 0., 0., 0., 0., 0., 0., 0., 0., 0., 0., 0., 0., 0., 0., 0., 0.,
       0., 0., 0., 0., 0., 0., 0., 0., 0., 0., 0., 0., 0., 0., 0., 0., 0.,
       0., 0., 0., 0., 0., 0., 0., 0., 0., 0., 0., 0., 0., 0., 0., 0., 0.,
       0., 0., 0., 0., 0., 0., 0., 0., 0., 0., 0., 0., 0., 0., 0., 0., 0.,
       0., 0., 0., 0., 0., 0., 0., 0., 0., 0., 0., 0., 0., 0., 0., 0., 0.,
       0., 0., 0., 0., 0., 0., 0., 0., 0., 0., 0., 0., 0., 0., 0., 0., 0.,
       0., 0., 0., 0., 0., 0., 0., 0., 0., 0., 0., 0., 0., 0., 0., 0., 0.,
       0., 0., 0., 0., 0., 0., 0., 0., 0., 0., 0., 0., 0., 0., 0., 0., 0.,
       0., 0., 0., 0., 0., 0., 0., 0., 0., 0., 0., 0., 0., 0., 0., 0., 0.,
       0., 0., 0., 0., 0., 0., 0., 0., 0., 0., 0., 0., 0., 0., 0., 0., 0.,
       0., 0., 0., 0., 0., 0., 0., 0., 0., 0., 0., 0., 0., 0., 0., 0., 0.,
       0., 0., 0., 0., 0., 0., 0., 0., 0., 0., 0., 0., 0., 0., 0., 0., 0.,
       0., 0., 0., 0., 0., 0., 0., 0., 0., 0., 0., 0., 0., 0., 0., 0., 0.,
       0., 0., 0., 0., 0., 0., 0., 0., 0., 0., 0., 0., 0., 0., 0., 0., 0.,
       0., 0., 0., 0., 0., 0., 0., 0., 0., 0., 0., 0., 0., 0., 0., 0., 0.,
       0., 0., 0., 0., 0., 0., 0., 0., 0., 0., 0., 0., 0., 0., 0., 0., 0.,
       0., 0., 0., 0., 0., 0., 0., 0., 0., 0., 0., 0., 0., 0., 0., 0., 0.,
       0., 0., 0., 0., 0., 0., 0., 0., 0., 0., 0., 0., 0., 0., 0., 0., 0.,
       0., 0., 0., 0., 0., 0., 0., 0., 0., 0., 0., 0., 0., 0., 0., 0., 0.,
       0., 0., 0., 0., 0., 0., 0., 0., 0., 0., 0., 0., 0., 0., 0., 0., 0.,
       0., 0., 0., 0., 0., 0., 0., 0., 0., 0., 0., 0., 0., 0., 0., 0., 0.,
       0., 0., 0., 0., 0., 0., 0., 0., 0., 0., 0., 0., 0., 0., 0., 0., 0.,
       0., 0., 0., 0., 0., 0., 0., 0., 0., 0., 0., 0., 0., 0., 0., 0., 0.,
       0., 0., 0., 0., 0., 0., 0., 0., 0., 0., 0., 0., 0., 0., 0., 0., 0.,
       0., 0., 0., 0., 0., 0., 0., 0., 0., 0., 0., 0., 0., 0., 0., 0., 0.,
       0., 0., 0., 0., 0., 0., 0., 0., 0., 0., 0., 0., 0., 0., 0., 0., 0.,
       0., 0., 0., 0., 0., 0., 0., 0., 0., 0., 0., 0., 0., 0., 0., 0., 0.,
       0., 0., 0., 0., 0., 0., 0., 0., 0., 0., 0., 0., 0., 0., 0., 0., 0.,
       0., 0., 0., 0., 0., 0., 0., 0., 0., 0., 0., 0., 0., 0., 0., 0., 0.,
       0., 0., 0., 0., 0., 0., 0., 0., 0., 0., 0., 0., 0., 0., 0., 0., 0.,
       0., 0., 0., 0., 0., 0., 0., 0., 0., 0., 0., 0., 0., 0., 0., 0., 0.,
       0., 0., 0., 0., 0., 0., 0., 0., 0., 0., 0., 0., 0., 0., 0., 0., 0.,
       0., 0., 0., 0., 0., 0., 0., 0., 0., 0.]), 'locations': array([ 3,  3,  5,  3,  3,  4,  5,  3,  4,  6,  3,  5,  3,  4,  3,  3,  3,
        4,  3,  3,  3,  3,  3,  3,  4,  3,  3,  3,  3,  5,  3,  4,  3,  4,
        3,  4,  4,  3,  4,  3,  3,  3, 13,  3,  3,  3,  3,  4,  3,  3,  3,
        3,  4,  4,  3,  3,  3,  4,  5,  3,  3,  3,  3,  3,  3,  3,  3,  4,
        3,  4,  3,  3,  6,  5,  3,  4,  4,  3,  3,  4,  5,  3,  3,  4,  4,
        3,  3,  3,  3,  4,  3,  3,  5,  6,  3,  3,  3,  3,  3,  4,  3,  3,
        3,  3,  4,  5,  4,  3,  4,  5,  3,  6,  3,  3,  3,  3,  4,  3,  4,
        3,  3,  3,  3,  3,  4,  3,  6,  3,  4,  4,  3,  3,  3,  4,  4,  3,
        4,  4,  3,  4,  3,  3,  3,  4,  4,  3,  3,  4,  4,  3,  3,  3,  3,
        3,  3,  3,  3,  3,  3,  3,  3,  3,  3,  5,  3,  3,  3, 14,  3,  4,
        3,  3,  3,  3,  3,  3,  3,  3,  3,  5,  3,  3,  3,  4,  3,  3,  3,
        3,  3,  4,  3,  3,  3,  4,  3,  3,  3,  3,  4,  3,  3,  4,  3,  3,
        3,  4,  3,  4,  3,  3,  3,  4, 15,  3,  3,  4,  4,  4,  4,  4,  4,
        3,  4,  3,  3,  3,  5,  3,  3,  3,  3,  3,  4,  3,  4,  3,  3,  3,
        4,  3,  4,  3,  3,  3,  3,  4,  5,  3,  5,  3,  3,  3,  3,  3,  4,
        4,  3,  3,  3,  3,  3,  4,  5,  3,  4,  3,  3,  4,  3,  3,  3,  3,
        3,  3,  3,  3,  3,  3,  3,  3,  3,  3,  3,  4,  3,  2,  4,  3,  5,
        3,  3,  4,  3,  3,  3,  3,  4,  3,  3,  3,  5,  3,  4,  3,  3,  4,
        3,  3,  3,  3,  3,  4,  4,  4,  3,  4,  3,  3,  4,  3,  5,  3,  3,
        4,  4,  3,  3,  3,  3,  3,  5,  3,  4,  3,  3,  4,  3,  4,  3,  3,
        3,  3,  3,  3,  3,  4,  5,  5,  3,  3,  3,  3,  3,  4,  3,  3,  4,
        4,  4,  3,  3,  3,  3,  3,  3,  3,  3,  4,  3,  3,  3,  3,  5,  4,
        3,  3,  5,  4,  3,  3,  3,  4,  4,  5,  3,  3,  3,  3,  2,  3,  3,
        3,  3,  1,  3,  4,  3,  3,  4,  3,  3,  3,  3,  5,  3,  3,  4,  3,
        3,  3,  4,  3,  3,  3,  3,  3,  3,  3,  3,  3,  3, 15,  3,  3,  3,
        3,  4,  3,  3,  3,  4,  2,  3,  3,  3,  4,  3,  5,  5,  3,  4,  3,
        3,  3,  4,  3,  3,  4,  3,  3,  6,  3,  3,  4,  3,  3,  3,  4,  5,
        3,  3,  4,  3,  3,  3,  4,  3,  3,  4,  3,  3,  3,  3,  3,  5,  3,
        4,  3,  4,  3,  3,  2,  3,  3,  3,  3,  4,  3,  3,  3,  4,  3,  3,
        3,  5,  3,  3,  3,  4,  3,  3,  5,  3,  3,  3,  4,  4,  3,  3,  3,
        4,  3,  3,  3,  3,  4,  3,  3,  3,  3,  3,  4,  6,  5,  3,  3,  4,
        3,  3,  3,  3,  3,  3,  3, 15,  3,  4,  4,  3,  3,  3,  3,  4,  3,
        3,  4,  5,  3,  3,  3,  4,  4,  3,  3,  3,  3,  3,  4,  4,  3,  3,
        3,  4,  4,  3,  3,  3,  3,  3,  3,  4,  4,  3,  4,  3,  4,  3,  3,
        3,  3,  3,  3,  4,  3,  3,  4,  3,  3,  3,  3,  5,  3,  3,  3,  4,
        3,  4,  5,  3,  3,  4,  3,  4,  3,  4,  4,  3,  3,  3,  3,  3,  3,
        3,  3,  4,  3,  3,  4,  4,  5,  4,  3,  4,  3,  3,  3,  3,  3,  2,
        3,  3,  3,  3,  4,  4,  3,  3,  4,  3,  3,  4,  3,  3,  3,  3,  4,
        3,  5,  3,  4,  3,  3,  3,  3,  5,  3,  3,  3,  4,  3,  3,  3,  6,
        3,  3,  4,  4,  5,  3,  4,  3,  3,  3,  4,  4,  3,  4,  3,  3,  3,
        3,  3,  3,  4,  3,  3,  4,  3,  3,  3,  4,  3,  3,  3,  3,  4,  4,
        3,  3,  3,  4,  3,  3,  3,  3,  3,  4,  4,  3,  3,  3,  3,  3,  3,
        3,  3,  4,  3,  3,  3,  3,  4,  3,  3,  4,  3,  3,  3,  3,  4,  3,
        4,  3,  3,  3,  3,  4,  4,  4,  3,  3,  4,  4,  3,  3,  5,  4,  4,
        3,  4,  5,  3,  4,  4,  3,  3,  3,  3,  5,  3,  3,  4,  4,  3,  3,
        4,  3,  3,  4,  3,  4,  3, 14,  4,  4,  3,  3,  4,  3,  4,  3,  4,
        3,  3,  3,  3,  3,  4,  3,  5,  4,  5,  3,  3,  4,  3,  3,  3,  3,
        3,  5,  3,  3,  3,  3,  3,  3,  4,  4,  3,  4,  3,  3,  3,  4,  3,
        3,  3,  4,  4,  3,  3,  4,  3,  3,  4,  4,  3,  4,  4,  4,  4,  3,
        3,  4,  5,  2,  4,  3,  3,  5,  3,  3,  4,  3,  4,  4,  3,  4,  3,
        3,  3,  3,  4,  5,  3,  3,  4,  3, 14,  3,  5,  3,  3,  3,  4,  4,
        3,  3,  3,  3,  3,  4,  3,  3,  3,  3,  4,  3,  4,  3,  3,  5,  3,
        4,  4,  3,  4,  3,  4,  3,  4,  3,  3,  5,  4,  5,  3,  4,  3,  4,
        3,  3,  3,  4,  3,  3,  3,  4,  4,  4])}, {'ts_index': 44, 'loc': 9, 'gap': 0.10199365970723873, 'distances': array([0.32334961, 0.26978212, 0.1719662 , 0.11876072, 0.40018826,
       0.32361303, 0.16233492, 0.15269706, 0.        , 0.45245229,
       0.13146673, 0.15685239, 0.36955469, 0.27272557, 0.17248347,
       0.22416121, 0.12117749, 0.23811493, 0.24995315, 0.37746974,
       0.23613592, 0.28386553, 0.46855908, 0.39645129, 0.32530702,
       0.20231033, 0.13581306, 0.35421074, 0.23930351, 0.1522363 ,
       0.21372536, 0.23950665, 0.47690604, 0.45530445, 0.17040329,
       0.24919257, 0.43814996, 0.18466765, 0.07126776, 0.23413424,
       0.23325412, 0.31466197, 0.3925806 , 0.14670085, 0.20771032,
       0.25223897, 0.39752187, 0.26223576, 0.2076189 , 0.19431816,
       0.36004145, 0.25897176, 0.1423896 , 0.4046134 , 0.16845187,
       0.18053878, 0.37586409, 0.35058888, 0.16197179, 0.16970581,
       0.17795207, 0.32001555, 0.26421514, 0.16020436, 0.25479805,
       0.11826064, 0.39992894, 0.1668241 , 0.13097131, 0.1160169 ,
       0.35606945, 0.08822362, 0.29297587, 0.16023518, 0.45025911,
       0.14890438, 0.32103699, 0.23570609, 0.2422677 , 0.18193968,
       0.23057415, 0.09442606, 0.19468597, 0.16403715, 0.11673715,
       0.25240137, 0.48351949, 0.41364744, 0.16508866, 0.12974404,
       0.22566523, 0.31256104, 0.2986036 , 0.17618203, 0.20471676,
       0.24391562, 0.14324624, 0.11884444, 0.24391286, 0.21615496,
       0.11803125, 0.3353508 , 0.1770815 , 0.37267498, 0.12927635,
       0.14397434, 0.11683529, 0.32075599, 0.19396238, 0.38922326,
       0.19288006, 0.39631157, 0.19352426, 0.22662548, 0.22526301,
       0.18040233, 0.40245227, 0.16585569, 0.24918718, 0.3467967 ,
       0.1780617 , 0.14054581, 0.18230212, 0.15704926, 0.42977583,
       0.11366109, 0.11075021, 0.45182837, 0.11922137, 0.21583819,
       0.20881642, 0.24086433, 0.26440789, 0.11323731, 0.30402793,
       0.24271205, 0.15410923, 0.3844137 , 0.13996026, 0.31615194,
       0.31401281, 0.13885537, 0.27709785, 0.43711324, 0.13067009,
       0.22107723, 0.20818261, 0.15454247, 0.23167259, 0.219993  ,
       0.37641105, 0.29960336, 0.37801372]), 'delta_distances': array([0., 0., 0., 0., 0., 0., 0., 0., 0., 0., 0., 0., 0., 0., 0., 0., 0.,
       0., 0., 0., 0., 0., 0., 0., 0., 0., 0., 0., 0., 0., 0., 0., 0., 0.,
       0., 0., 0., 0., 0., 0., 0., 0., 0., 0., 0., 0., 0., 0., 0., 0., 0.,
       0., 0., 0., 0., 0., 0., 0., 0., 0., 0., 0., 0., 0., 0., 0., 0., 0.,
       0., 0., 0., 0., 0., 0., 0., 0., 0., 0., 0., 0., 0., 0., 0., 0., 0.,
       0., 0., 0., 0., 0., 0., 0., 0., 0., 0., 0., 0., 0., 0., 0., 0., 0.,
       0., 0., 0., 0., 0., 0., 0., 0., 0., 0., 0., 0., 0., 0., 0., 0., 0.,
       0., 0., 0., 0., 0., 0., 0., 0., 0., 0., 0., 0., 0., 0., 0., 0., 0.,
       0., 0., 0., 0., 0., 0., 0., 0., 0., 0., 0., 0., 0., 0., 0., 0., 0.]), 'locations': array([ 9,  8, 10,  9,  8,  9, 10,  9,  9,  9,  9, 10, 10, 11,  9,  9,  9,
        9,  9, 10,  9,  9,  0,  9,  9, 10,  8,  8, 10,  8,  9,  8, 10, 12,
        9, 10,  8,  8,  9, 11,  8,  8,  6, 10, 11, 11,  9,  9,  9, 11, 10,
        9,  9,  9,  9, 10,  0,  9, 10, 10,  9, 10, 10,  9, 10, 10,  7, 10,
        9, 10,  0,  9, 11,  7, 11,  9, 11,  9,  9, 12, 11,  9, 10,  8,  9,
        9,  0,  9, 10, 11,  9, 10, 15, 10,  9, 11, 10,  8, 10, 10,  9, 11,
        9,  9,  8,  9,  8, 15, 10,  7,  9, 10, 10, 10,  8,  9,  8,  8, 10,
        8, 10,  9,  8, 10,  0,  9,  9,  9,  9,  8, 10, 11,  8,  9,  9,  9,
        9, 10, 10, 10,  7,  9, 10,  0,  9, 10,  8,  9, 10,  9, 10,  9,  9])}, {'ts_index': 1027, 'loc': 16, 'gap': 0.07056086432838227, 'distances': array([0.27009963, 0.35645573, 0.47422778, 0.35732776, 0.51831525,
       0.33381919, 0.25439014, 0.36302423, 0.32480905, 0.35308175,
       0.45954422, 0.31944515, 0.52754379, 0.32187369, 0.37280017,
       0.39759097, 0.26103532, 0.44746274, 0.25700316, 0.26261947,
       0.35802224, 0.41862916, 0.34391344, 0.39382723, 0.3547102 ,
       0.16817574, 0.31404346]), 'delta_distances': array([0., 0., 0., 0., 0., 0., 0., 0., 0., 0., 0., 0., 0., 0., 0., 0., 0.,
       0., 0., 0., 0., 0., 0., 0., 0., 0., 0.]), 'locations': array([14, 15, 15, 15, 15,  5, 14, 15, 15, 15, 15, 15, 15, 15, 15, 15, 15,
       15, 15, 13, 15, 14, 13, 15, 15, 15, 15])}], 'clusters': array([1, 2, 2, ..., 2, 2, 4]), 'time': 78.26045846939087}
lenSubsequence: 10{'RI': 0.503666300036663, 'num_clusters': 5, 'uShapelets': [{'ts_index': 565, 'loc': 9, 'gap': 0.08199493418446199, 'distances': array([0.36744361, 0.12273858, 0.10789745, ..., 0.09539413, 0.11617969,
       0.3104643 ]), 'delta_distances': array([0., 0., 0., ..., 0., 0., 0.]), 'locations': array([11,  8,  9, ..., 11,  9, 11])}, {'ts_index': 468, 'loc': 5, 'gap': 0.06139665713234077, 'distances': array([0.22849396, 0.27133078, 0.28569414, 0.28730893, 0.30900828,
       0.25588404, 0.23083823, 0.46385837, 0.44253174, 0.24554122,
       0.33375036, 0.20350565, 0.27462707, 0.14717112, 0.14197007,
       0.32358589, 0.06550313, 0.22220486, 0.19375926, 0.2694707 ,
       0.25579967, 0.25190981, 0.39080905, 0.3114821 , 0.17420758,
       0.12992675, 0.21244333, 0.24164174, 0.24369337, 0.14289622,
       0.14008658, 0.24275825, 0.22264297, 0.41565905, 0.29529429,
       0.32545822, 0.41943487, 0.34593008, 0.24881079, 0.31508415,
       0.21287299, 0.12567641, 0.09858864, 0.27114192, 0.34093696,
       0.25036284, 0.29398741, 0.14874717, 0.40406444, 0.12795312,
       0.2942208 , 0.28110559, 0.22289376, 0.28219704, 0.13597989,
       0.16398665, 0.14793505, 0.33015342, 0.29297008, 0.33383153,
       0.18028192, 0.24891633, 0.11617758, 0.26280927, 0.16087762,
       0.22520599, 0.44102752, 0.39995282, 0.15417772, 0.2251875 ,
       0.30236847, 0.3329764 , 0.3134559 , 0.35601555, 0.27231423,
       0.25288713, 0.25954676, 0.24205332, 0.23688755, 0.        ,
       0.07605485, 0.25562715, 0.2630057 , 0.21910023, 0.24800819,
       0.47101209, 0.25413016, 0.22629547, 0.13454884, 0.2820134 ,
       0.3604913 , 0.18156142, 0.25762797, 0.1773152 , 0.3955997 ,
       0.28744008, 0.17626718, 0.24614248, 0.3031627 , 0.09178813,
       0.27279731, 0.21975384, 0.24799274, 0.27326919, 0.20902031,
       0.46864491, 0.30286535, 0.32663529, 0.22320992, 0.23116003,
       0.22643041, 0.19650346, 0.25841623, 0.40253682, 0.33207273,
       0.34586836, 0.30120199, 0.10610476, 0.40623326, 0.2633465 ,
       0.06751933, 0.26901245, 0.28783141, 0.27378075, 0.21161581,
       0.25014506, 0.25264515, 0.15602557, 0.2786021 , 0.11238261,
       0.27029058, 0.11320411, 0.23518452, 0.18369687, 0.22345528,
       0.29203151, 0.0917036 , 0.08114857, 0.23115631, 0.21372281,
       0.30107311, 0.33901612, 0.23477168, 0.27843726, 0.28785604,
       0.44164267, 0.09768101, 0.28255714, 0.16462096, 0.13032199,
       0.31346383, 0.42809798, 0.25218789, 0.3421522 , 0.15035175,
       0.17718488, 0.1138806 , 0.21059518, 0.27284026, 0.2646857 ,
       0.13297575, 0.29953133, 0.13211624, 0.27289405, 0.23234164,
       0.17373788, 0.1705553 , 0.13027179, 0.15428172, 0.37863044,
       0.41981296, 0.28332421, 0.3332884 , 0.10455817, 0.36735358,
       0.28715001, 0.30491368, 0.28478341, 0.10914408, 0.20191753,
       0.11301518, 0.15915128, 0.337856  , 0.26718159]), 'delta_distances': array([0., 0., 0., 0., 0., 0., 0., 0., 0., 0., 0., 0., 0., 0., 0., 0., 0.,
       0., 0., 0., 0., 0., 0., 0., 0., 0., 0., 0., 0., 0., 0., 0., 0., 0.,
       0., 0., 0., 0., 0., 0., 0., 0., 0., 0., 0., 0., 0., 0., 0., 0., 0.,
       0., 0., 0., 0., 0., 0., 0., 0., 0., 0., 0., 0., 0., 0., 0., 0., 0.,
       0., 0., 0., 0., 0., 0., 0., 0., 0., 0., 0., 0., 0., 0., 0., 0., 0.,
       0., 0., 0., 0., 0., 0., 0., 0., 0., 0., 0., 0., 0., 0., 0., 0., 0.,
       0., 0., 0., 0., 0., 0., 0., 0., 0., 0., 0., 0., 0., 0., 0., 0., 0.,
       0., 0., 0., 0., 0., 0., 0., 0., 0., 0., 0., 0., 0., 0., 0., 0., 0.,
       0., 0., 0., 0., 0., 0., 0., 0., 0., 0., 0., 0., 0., 0., 0., 0., 0.,
       0., 0., 0., 0., 0., 0., 0., 0., 0., 0., 0., 0., 0., 0., 0., 0., 0.,
       0., 0., 0., 0., 0., 0., 0., 0., 0., 0., 0., 0., 0., 0.]), 'locations': array([ 6,  6,  6,  5, 13,  6,  6,  7,  7,  4,  7,  6,  6,  5,  6,  7,  5,
        6,  7,  6,  6,  6,  6,  8,  5,  5,  5,  5,  6,  6,  5,  5,  5, 13,
        6,  6,  8,  6,  6,  6,  5,  5,  5,  5,  7,  6,  6,  5,  5,  5,  6,
        6,  5,  6,  5,  5,  5,  6,  4, 13,  5, 13,  5,  6,  5,  5,  6,  6,
        5,  6,  6,  6,  6,  7,  6,  6,  6,  6,  6,  5,  5,  5,  5,  6,  5,
        1, 13,  7,  5, 13,  6,  5,  5,  5,  7,  7,  5,  6,  6,  5,  7,  6,
        6,  7,  6,  7,  5,  6,  6,  6,  6,  5,  5,  7, 13,  7,  5,  5, 11,
        6,  5, 13,  6,  5,  5,  6,  7,  5,  7,  5,  6,  5,  5,  6,  5,  5,
        5,  5,  6,  6, 13,  7,  6,  5,  6, 11,  5,  6,  6,  5,  6,  6,  6,
        6,  5,  5,  5,  6,  7,  6,  5,  7,  5,  6,  4,  6,  5,  5,  5,  7,
       11,  6,  6,  5,  6, 13,  7,  6,  5,  5,  6,  5,  7,  6])}, {'ts_index': 983, 'loc': 4, 'gap': 0.04869071450851972, 'distances': array([0.13408568, 0.14164907, 0.08904325, 0.09603661, 0.14441447,
       0.10105395, 0.26459206, 0.2436959 , 0.26120404, 0.17116355,
       0.18717348, 0.20590464, 0.15919812, 0.23284931, 0.11993807,
       0.17418952, 0.17980164, 0.1339084 , 0.13418226, 0.18986553,
       0.19122299, 0.21102265, 0.20831985, 0.11714325, 0.17092697,
       0.09991066, 0.28954048, 0.19181543, 0.13083562, 0.11559035,
       0.21082694, 0.15647291, 0.13270147, 0.17226381, 0.14808261,
       0.15248134, 0.16848582, 0.16215286, 0.12352032, 0.2080747 ,
       0.17804575, 0.16639002, 0.28491539, 0.09984323, 0.2453139 ,
       0.14085865, 0.11452895, 0.17746028, 0.30393753, 0.15984339,
       0.13392225, 0.16817072, 0.09094614, 0.24273469, 0.2494539 ,
       0.22224093, 0.13990096, 0.1133948 , 0.10840249, 0.21055018,
       0.18559434, 0.16158586, 0.06697626, 0.19026156, 0.12302792,
       0.12022966, 0.12985292, 0.1769316 , 0.14801861, 0.10306406,
       0.27673055, 0.10866467, 0.1022089 , 0.15336545, 0.18676927,
       0.17119168, 0.18383599, 0.14047349, 0.21558043, 0.15513143,
       0.24620459, 0.14104974, 0.11146201, 0.13636066, 0.10841361,
       0.09273543, 0.13318382, 0.24869612, 0.27338167, 0.12253351,
       0.19649824, 0.10934971, 0.1331308 , 0.12540949, 0.20334557,
       0.20201228, 0.21413918, 0.15669346, 0.18189126, 0.14202475,
       0.27048889, 0.14229582, 0.17280813, 0.15779002, 0.08197225,
       0.31423162, 0.09344811, 0.10332942, 0.26137724, 0.12383614,
       0.15816855, 0.17022379, 0.20534325, 0.34597685, 0.1252438 ,
       0.14121363, 0.11328605, 0.18172262, 0.1618904 , 0.17494391,
       0.11520161, 0.10827978, 0.21686752, 0.18098061, 0.14860448,
       0.12293486, 0.24210903, 0.10197902, 0.13823567, 0.14829363,
       0.16636881, 0.16405094, 0.12555895, 0.        , 0.21845208,
       0.15717557, 0.18707405, 0.14016184, 0.31545871, 0.26867681,
       0.22101113, 0.24512307, 0.09168609, 0.23723155, 0.15972592,
       0.15927715, 0.15179351, 0.17367498, 0.23835119, 0.26414846,
       0.20170763, 0.13021006]), 'delta_distances': array([0., 0., 0., 0., 0., 0., 0., 0., 0., 0., 0., 0., 0., 0., 0., 0., 0.,
       0., 0., 0., 0., 0., 0., 0., 0., 0., 0., 0., 0., 0., 0., 0., 0., 0.,
       0., 0., 0., 0., 0., 0., 0., 0., 0., 0., 0., 0., 0., 0., 0., 0., 0.,
       0., 0., 0., 0., 0., 0., 0., 0., 0., 0., 0., 0., 0., 0., 0., 0., 0.,
       0., 0., 0., 0., 0., 0., 0., 0., 0., 0., 0., 0., 0., 0., 0., 0., 0.,
       0., 0., 0., 0., 0., 0., 0., 0., 0., 0., 0., 0., 0., 0., 0., 0., 0.,
       0., 0., 0., 0., 0., 0., 0., 0., 0., 0., 0., 0., 0., 0., 0., 0., 0.,
       0., 0., 0., 0., 0., 0., 0., 0., 0., 0., 0., 0., 0., 0., 0., 0., 0.,
       0., 0., 0., 0., 0., 0., 0., 0., 0., 0., 0., 0., 0., 0., 0., 0.]), 'locations': array([ 4,  5,  5,  4,  5,  5,  4, 11, 11,  3,  5,  3,  5,  5,  5,  5,  5,
        5,  5,  4,  6,  3,  4,  4,  4,  4,  4,  4,  4,  5,  6,  5,  4,  6,
        3,  3,  5,  4,  5,  4,  5,  4, 13,  4, 13,  5,  3,  5,  3,  4,  4,
        3,  3, 11,  4,  3,  4,  5,  4,  4,  5,  5,  4,  5,  5,  4,  3,  4,
        4,  3, 11,  4,  5,  5,  4,  4,  4,  2,  6,  5, 13,  4,  4,  5,  4,
        4,  5, 13, 11,  4,  5,  4,  4,  4,  3,  3,  4,  3,  4,  4,  5,  5,
        5,  5,  3,  4,  5,  5,  3,  6,  5,  3,  4, 13,  3,  5,  4,  5,  6,
        4,  4,  4,  9,  4,  5,  4, 12,  5,  4,  3,  3,  4,  5,  4,  5,  5,
        3,  4,  3,  4,  6, 11,  4,  4,  5,  6,  5,  4,  3, 13,  5,  4])}, {'ts_index': 1024, 'loc': 4, 'gap': 0.15063420409188127, 'distances': array([0.24668895, 0.39716381, 0.43751038, 0.30086627, 0.17554908,
       0.20545659, 0.16320815, 0.1625813 , 0.41136779, 0.38929491,
       0.13539594, 0.48634079, 0.15890503, 0.16665407, 0.42086804,
       0.37958705, 0.17158147, 0.13415685, 0.15638056, 0.39965446,
       0.13340558, 0.        , 0.43614485, 0.29014267, 0.17025269,
       0.11733444]), 'delta_distances': array([0., 0., 0., 0., 0., 0., 0., 0., 0., 0., 0., 0., 0., 0., 0., 0., 0.,
       0., 0., 0., 0., 0., 0., 0., 0., 0.]), 'locations': array([ 5, 13, 13,  5,  4,  4,  4,  4, 13,  5,  3, 13,  4,  4, 13,  6,  4,
        4,  4, 13,  3,  4,  7,  5,  3,  4])}, {'ts_index': 385, 'loc': 13, 'gap': 0.06615450494423769, 'distances': array([0.17900952, 0.1297192 , 0.16816861, 0.        , 0.17524206,
       0.1991693 , 0.28168339, 0.30928784, 0.20107959]), 'delta_distances': array([0., 0., 0., 0., 0., 0., 0., 0., 0.]), 'locations': array([13, 13, 13, 13, 13, 13, 13, 13, 13])}], 'clusters': array([3, 1, 1, ..., 1, 1, 3]), 'time': 41.15463376045227}
