lenSubsequence: 14{'RI': 0.49971313826735514, 'num_clusters': 10, 'uShapelets': [{'ts_index': 734, 'loc': 24, 'gap': 0.08354848859493363, 'distances': array([0.23381467, 0.23432692, 0.34630343, ..., 0.23869307, 0.36596913,
       0.23980601]), 'delta_distances': array([0., 0., 0., ..., 0., 0., 0.]), 'locations': array([25, 25, 28, ..., 25, 28, 27])}, {'ts_index': 826, 'loc': 18, 'gap': 0.1361966154112506, 'distances': array([0.7436878 , 0.61788329, 0.91199101, 0.57664069, 0.7103459 ,
       0.69214088, 0.47244636, 0.67419359, 0.61507934, 0.94134789,
       0.52326323, 0.76191641, 0.81206237, 0.6388906 , 0.80872876,
       0.53541667, 0.89578321, 0.72644308, 0.88162676, 0.84055506,
       1.05622765, 0.99505527, 0.96956412, 0.53359863, 0.38973504,
       0.80876204, 0.77062859, 0.31541293, 0.48608259, 0.61169692,
       0.66622056, 0.93246425, 0.96988705, 0.98401943, 0.95151633,
       1.02793645, 0.87039209, 0.69167381, 0.85456392, 0.92875921,
       0.92872711, 0.87474279, 0.47265415, 0.81325575, 0.75685969,
       0.74095529, 0.46977974, 0.70631787, 0.77942396, 0.78039962,
       0.88415188, 0.78363235, 0.90556458, 0.64824671, 0.80998512,
       0.95531914, 0.89368517, 0.6880843 , 0.95786989, 0.79611481,
       0.99606464, 0.66048184, 0.93185775, 0.89378318, 0.91427419,
       0.89900793, 1.0155059 , 0.4443195 , 0.96008015, 0.85892931,
       0.23722945, 0.81819975, 0.8522907 , 0.96616463, 0.87168249,
       0.78869606, 0.87326289, 0.79561887, 0.86833505, 0.41720045,
       0.93331142, 0.62263003, 0.95621844, 0.86037371, 0.54600142,
       0.58133144, 0.64746434, 0.7270095 , 0.92437191, 0.67930604,
       0.64795145, 0.93504139, 0.91638611, 0.88704517, 0.69958363,
       0.92641794, 0.63805374, 0.63511079, 0.44842422, 0.36675444,
       1.00121771, 0.69169958, 0.65682874, 1.0084321 , 0.40820379,
       0.60991576, 0.97151072, 1.02096967, 0.56957779, 0.87846274,
       0.5231398 , 0.64591972, 0.49170053, 0.88860428, 0.56117783,
       0.74507802, 0.84493425, 0.63535725, 1.01145119, 0.30979553,
       0.90086163, 0.85815868, 0.22945149, 0.8393804 , 0.86679444,
       0.79242995, 0.85733056, 0.7591198 , 0.67778328, 0.78686552,
       0.94526916, 0.88423145, 0.94348891, 0.        , 0.72839159,
       0.7161213 , 0.45126713, 0.85176567, 0.8820575 , 0.88245059,
       0.52328238, 0.98717831, 0.99662793, 0.7604583 , 0.29711142,
       0.88454722, 0.87869789, 0.91931854, 0.83960686, 0.62877172,
       0.8658438 , 1.00737346, 0.74737162, 0.83683131, 0.38177546,
       0.99420555, 0.76207568, 1.00850218, 0.91794441, 0.12495693,
       0.88186645, 0.64602074, 0.56285138, 0.88996565, 0.72313498,
       0.81370333, 0.60684391, 0.70281504, 0.85771595, 0.69399839,
       0.75819772, 0.81302253, 0.97682024, 0.90223935, 0.73072399,
       0.58072631, 0.53102492, 0.95146131, 0.86389051, 0.55068314,
       1.02676165, 0.49315703, 0.90523887, 0.6194186 , 0.77008612,
       0.93175203, 0.87743185, 0.54362669, 0.61610011, 0.86531606,
       0.54103172, 0.54158236, 0.63842501, 0.8893995 , 0.97611639]), 'delta_distances': array([0., 0., 0., 0., 0., 0., 0., 0., 0., 0., 0., 0., 0., 0., 0., 0., 0.,
       0., 0., 0., 0., 0., 0., 0., 0., 0., 0., 0., 0., 0., 0., 0., 0., 0.,
       0., 0., 0., 0., 0., 0., 0., 0., 0., 0., 0., 0., 0., 0., 0., 0., 0.,
       0., 0., 0., 0., 0., 0., 0., 0., 0., 0., 0., 0., 0., 0., 0., 0., 0.,
       0., 0., 0., 0., 0., 0., 0., 0., 0., 0., 0., 0., 0., 0., 0., 0., 0.,
       0., 0., 0., 0., 0., 0., 0., 0., 0., 0., 0., 0., 0., 0., 0., 0., 0.,
       0., 0., 0., 0., 0., 0., 0., 0., 0., 0., 0., 0., 0., 0., 0., 0., 0.,
       0., 0., 0., 0., 0., 0., 0., 0., 0., 0., 0., 0., 0., 0., 0., 0., 0.,
       0., 0., 0., 0., 0., 0., 0., 0., 0., 0., 0., 0., 0., 0., 0., 0., 0.,
       0., 0., 0., 0., 0., 0., 0., 0., 0., 0., 0., 0., 0., 0., 0., 0., 0.,
       0., 0., 0., 0., 0., 0., 0., 0., 0., 0., 0., 0., 0., 0., 0., 0., 0.,
       0., 0., 0., 0., 0., 0., 0., 0.]), 'locations': array([21, 18, 35, 18, 20, 21, 18, 17, 22, 16, 21, 18, 20, 21, 27, 18, 18,
       19, 16, 17, 13,  2, 23, 19, 21, 17, 21, 19, 20, 18, 20, 22, 25, 18,
       17, 15, 18, 21, 29,  2, 20, 24, 19, 21, 21, 17, 20, 17, 16, 21, 20,
       27, 23, 19, 19, 24, 24, 24, 23, 19, 15, 21, 25, 25, 23,  8, 17, 20,
       23, 20, 20, 18, 20, 17, 17, 18, 21, 26, 25, 19, 19, 19, 22, 19, 17,
       20, 18, 19, 24, 19, 20, 19, 23, 17, 18, 21, 21, 20, 19, 21, 15, 21,
       19, 17, 18, 20, 21, 36, 18, 25, 19, 19, 18, 21, 20, 25, 25, 21, 16,
       19, 19, 25, 19, 19, 19, 18, 24, 19, 17, 23, 26, 29, 25, 18, 18, 21,
       18, 24, 19, 21, 21, 25, 25, 18, 18, 19, 19, 23, 19, 17, 18, 23, 17,
       18, 21, 16, 23, 20, 20, 19, 18, 19, 21, 26, 20, 25, 18, 18, 19, 19,
       20, 18, 18, 20, 16, 18, 21, 25, 18, 22, 18, 18, 24, 21, 17, 21, 18,
       22, 19, 20, 19, 19, 21, 19, 26])}, {'ts_index': 1010, 'loc': 18, 'gap': 0.09696898524870898, 'distances': array([0.40171592, 0.12882043, 0.46515575, 0.28689269, 0.28264375,
       0.33366523, 0.14907706, 0.31471694, 0.41760922, 0.30019525,
       0.293359  , 0.17197266, 0.3166042 , 0.41007972, 0.25165254,
       0.36529531, 0.36124574, 0.53204466, 0.48707297, 0.49176129,
       0.30011819, 0.39508159, 0.10649945, 0.2627316 , 0.42882333,
       0.50004965, 0.41992094, 0.41695469, 0.50089694, 0.36044825,
       0.40355377, 0.4599638 , 0.40813468, 0.47230605, 0.46663836,
       0.50983573, 0.33313119, 0.19620728, 0.19731839, 0.25685551,
       0.32065023, 0.41650604, 0.31368522, 0.43658334, 0.14855032,
       0.31093404, 0.4742116 , 0.40727708, 0.37974882, 0.5137161 ,
       0.3314064 , 0.47401316, 0.37641103, 0.50317564, 0.49251742,
       0.44072724, 0.3812832 , 0.4818901 , 0.4279007 , 0.32154778,
       0.29723006, 0.30010687, 0.41074246, 0.38459435, 0.27248263,
       0.48476518, 0.44458439, 0.51744044, 0.39139911, 0.16223355,
       0.44394761, 0.33145065, 0.26098385, 0.16017769, 0.19410332,
       0.42438838, 0.14170336, 0.18412776, 0.42209687, 0.41562408,
       0.37760326, 0.1704069 , 0.5177725 , 0.34395578, 0.16572164,
       0.46844112, 0.30811149, 0.20060734, 0.472695  , 0.14079131,
       0.49603361, 0.53366368, 0.15197674, 0.39237554, 0.15320504,
       0.4052485 , 0.52702512, 0.42456   , 0.27690436, 0.4815578 ,
       0.41772448, 0.51919463, 0.298222  , 0.34109461, 0.37501522,
       0.47567467, 0.2761849 , 0.22230495, 0.36161039, 0.41989549,
       0.50809307, 0.46966374, 0.24060262, 0.30684492, 0.48879187,
       0.3754997 , 0.37885794, 0.49871299, 0.48343044, 0.23337091,
       0.38507533, 0.37206494, 0.51297851, 0.35486659, 0.23135834,
       0.44007139, 0.53175964, 0.27911456, 0.35943278, 0.47931054,
       0.31957187, 0.48450958, 0.38270491, 0.33811873, 0.27933423,
       0.4593997 , 0.26859051, 0.33025615, 0.27735624, 0.17820845,
       0.5293617 , 0.19764352, 0.21047297, 0.34894118, 0.43230676,
       0.37803597, 0.19824476, 0.        , 0.43089026, 0.30575923,
       0.47604805, 0.40519136, 0.26706768, 0.2677205 , 0.48830325,
       0.3854645 , 0.24443138, 0.3550077 , 0.35739006, 0.40150778,
       0.48523114]), 'delta_distances': array([0., 0., 0., 0., 0., 0., 0., 0., 0., 0., 0., 0., 0., 0., 0., 0., 0.,
       0., 0., 0., 0., 0., 0., 0., 0., 0., 0., 0., 0., 0., 0., 0., 0., 0.,
       0., 0., 0., 0., 0., 0., 0., 0., 0., 0., 0., 0., 0., 0., 0., 0., 0.,
       0., 0., 0., 0., 0., 0., 0., 0., 0., 0., 0., 0., 0., 0., 0., 0., 0.,
       0., 0., 0., 0., 0., 0., 0., 0., 0., 0., 0., 0., 0., 0., 0., 0., 0.,
       0., 0., 0., 0., 0., 0., 0., 0., 0., 0., 0., 0., 0., 0., 0., 0., 0.,
       0., 0., 0., 0., 0., 0., 0., 0., 0., 0., 0., 0., 0., 0., 0., 0., 0.,
       0., 0., 0., 0., 0., 0., 0., 0., 0., 0., 0., 0., 0., 0., 0., 0., 0.,
       0., 0., 0., 0., 0., 0., 0., 0., 0., 0., 0., 0., 0., 0., 0., 0., 0.,
       0., 0., 0., 0., 0., 0., 0., 0.]), 'locations': array([19, 18, 35, 18, 20, 19, 17, 20, 16, 17, 20, 21, 19, 18, 19, 16, 17,
       11,  2, 13, 17, 19, 18, 18, 18, 16, 18, 17, 15, 18, 21, 20,  2, 14,
       17, 15, 18, 17, 17, 16, 16, 20, 19, 18, 19, 19, 17, 19, 24, 10, 19,
       15, 21, 11,  5, 22,  8, 17, 19, 20, 18, 20, 17, 17, 18, 17, 15, 13,
       19, 19, 17, 19, 16, 18, 19, 20, 19, 20, 19, 21, 17, 18, 15, 21, 20,
       15, 20, 19, 17, 20, 20, 36, 18, 17, 17, 17, 13, 18, 21, 16, 17, 16,
       19, 19, 18, 15, 18, 17, 18, 16, 25, 14, 18, 21, 14, 18, 21,  7, 15,
       18, 19, 19, 21, 18, 17, 18, 13, 17, 18, 16, 19, 15, 17, 18, 19, 18,
       20, 20, 18, 18, 15, 19, 20, 18, 18, 20, 16, 18, 18, 18, 18, 17, 17,
       17,  5, 18, 18, 17, 20, 19, 18])}, {'ts_index': 131, 'loc': 19, 'gap': 0.10042787670388231, 'distances': array([0.70300442, 0.35635805, 1.00006798, 0.97751487, 0.91278401,
       0.93978002, 0.69101454, 0.9173481 , 0.9525632 , 0.95960109,
       0.50394905, 0.90064637, 0.96280961, 0.82255653, 0.2712601 ,
       0.        , 0.52688718, 0.86592296, 0.80251222, 0.98869152,
       0.88479558, 0.53292591, 0.60040633, 0.3532862 , 0.5333481 ,
       0.88751486, 0.76628445, 0.82788896, 0.62114107, 0.64874711,
       0.71433281, 0.69386678, 0.84787665, 0.92136727, 0.73050082,
       0.90579616, 0.97198158, 0.86750101, 0.93218861, 0.67927748,
       0.80818831, 0.96194997, 0.74247178, 0.82244786, 0.40092689,
       0.80536474, 0.81038348, 0.74908424, 0.98116219, 0.76140924,
       0.42609704, 0.82961541, 0.91257521, 0.94778392, 0.90650829,
       0.8357027 , 0.69719807, 0.72224141, 0.57620807, 0.82663629,
       0.80701581, 0.75972488, 0.71406944, 0.96751816, 0.96432123,
       0.88137403, 0.90115042, 0.87278094, 0.45523545, 0.63085982,
       0.98615922, 0.6761743 , 0.88875777, 0.56315605, 0.68889356,
       0.50412355, 0.74060956, 0.76776494, 0.6250652 , 0.77285402,
       0.91372263, 0.13374038, 0.88122622, 0.74202844, 0.93068125,
       0.580789  , 1.00147509, 0.86262461, 0.97188744, 0.85051175,
       0.74264822, 0.80948696, 0.70166864, 0.89250662, 0.8072233 ,
       0.91389713, 0.90137253, 0.66590695, 0.65849902, 0.76007701,
       0.7763476 , 0.7798252 , 0.69320698, 0.76991654, 0.54403781,
       0.935006  , 0.96280532, 0.64288941, 0.90892765, 0.50407262,
       0.75207393, 0.76472944, 0.93858401, 0.72551882, 0.87150435,
       0.90173889, 0.83022819, 0.56586313, 0.77201824, 0.72411841,
       0.82387708, 0.78025569, 0.9623316 , 0.6627559 , 0.78288449,
       0.98794491, 0.86149528, 0.63472757, 0.79996161, 0.87420099,
       0.90313405, 0.72957097, 0.6496262 ]), 'delta_distances': array([0., 0., 0., 0., 0., 0., 0., 0., 0., 0., 0., 0., 0., 0., 0., 0., 0.,
       0., 0., 0., 0., 0., 0., 0., 0., 0., 0., 0., 0., 0., 0., 0., 0., 0.,
       0., 0., 0., 0., 0., 0., 0., 0., 0., 0., 0., 0., 0., 0., 0., 0., 0.,
       0., 0., 0., 0., 0., 0., 0., 0., 0., 0., 0., 0., 0., 0., 0., 0., 0.,
       0., 0., 0., 0., 0., 0., 0., 0., 0., 0., 0., 0., 0., 0., 0., 0., 0.,
       0., 0., 0., 0., 0., 0., 0., 0., 0., 0., 0., 0., 0., 0., 0., 0., 0.,
       0., 0., 0., 0., 0., 0., 0., 0., 0., 0., 0., 0., 0., 0., 0., 0., 0.,
       0., 0., 0., 0., 0., 0., 0., 0., 0., 0., 0., 0., 0., 0.]), 'locations': array([17, 19, 43, 19, 18, 51, 20, 19, 50, 58, 19, 20, 19, 18, 20, 19, 18,
       20, 61, 49, 36, 18, 19, 19, 20, 19, 18, 21, 20, 17, 20, 18, 16, 34,
       18, 17, 21, 19, 22, 21, 17, 45, 18, 22, 17, 17, 18, 20, 49, 21, 19,
       18, 59, 20, 19, 18, 20, 20, 19, 17, 20, 20, 19, 18, 50, 21, 17, 20,
       18, 19, 43, 17, 18, 21, 18, 19, 18, 18, 19, 21, 18, 18, 20, 18, 22,
       21,  1, 17, 36, 20, 22, 18, 19, 20, 20, 63, 20, 17, 19, 17, 18, 19,
       20, 17, 19, 19, 19, 17, 18, 17, 21, 19, 36, 20, 19, 19, 20, 16, 21,
       19, 21, 19, 37, 20, 62, 38, 18, 18, 17, 21, 16, 17, 20])}, {'ts_index': 842, 'loc': 25, 'gap': 0.05576644534207431, 'distances': array([0.49720489, 0.46357594, 0.30797919, 0.32052319, 0.43695844,
       0.48208662, 0.46885704, 0.36807528, 0.43291055, 0.46034496,
       0.28690237, 0.32377548, 0.39792069, 0.4361412 , 0.36609964,
       0.2562888 , 0.23419115, 0.49074579, 0.30932571, 0.48194977,
       0.45906913, 0.37575669, 0.49342664, 0.29348841, 0.3680006 ,
       0.31776993, 0.28362321, 0.44243258, 0.35907318, 0.38318732,
       0.36943762, 0.39659293, 0.46804939, 0.34974087, 0.45308341,
       0.47742197, 0.48200384, 0.33230095, 0.23009802, 0.45500085,
       0.35010146, 0.43090439, 0.47901539, 0.4052235 , 0.42270258,
       0.45109029, 0.48476834, 0.43575594, 0.28913144, 0.2457007 ,
       0.37793754, 0.45793053, 0.41294673, 0.47954056, 0.403612  ,
       0.481631  , 0.46705472, 0.41227809, 0.41960332, 0.46469022,
       0.26268212, 0.42996056, 0.4709556 , 0.34921751, 0.49306338,
       0.45109654, 0.33678374, 0.48197765, 0.26991214, 0.2812363 ,
       0.44935398, 0.40660122, 0.38639517, 0.44916293, 0.48634421,
       0.29728692, 0.        , 0.41200356, 0.47465516, 0.48384185,
       0.24418246, 0.43142811, 0.31445306, 0.46127617, 0.3062474 ,
       0.20266572, 0.46662384, 0.41724893, 0.31891053, 0.47480845,
       0.45566616, 0.36374313, 0.39734913, 0.28111449, 0.47713733,
       0.47703545, 0.42804567, 0.32951427, 0.46285326, 0.41103209,
       0.49149251, 0.47960198, 0.43103637, 0.45267203, 0.42620161,
       0.37768219, 0.45393822, 0.47677346, 0.43627821]), 'delta_distances': array([0., 0., 0., 0., 0., 0., 0., 0., 0., 0., 0., 0., 0., 0., 0., 0., 0.,
       0., 0., 0., 0., 0., 0., 0., 0., 0., 0., 0., 0., 0., 0., 0., 0., 0.,
       0., 0., 0., 0., 0., 0., 0., 0., 0., 0., 0., 0., 0., 0., 0., 0., 0.,
       0., 0., 0., 0., 0., 0., 0., 0., 0., 0., 0., 0., 0., 0., 0., 0., 0.,
       0., 0., 0., 0., 0., 0., 0., 0., 0., 0., 0., 0., 0., 0., 0., 0., 0.,
       0., 0., 0., 0., 0., 0., 0., 0., 0., 0., 0., 0., 0., 0., 0., 0., 0.,
       0., 0., 0., 0., 0., 0., 0.]), 'locations': array([16, 63, 24, 23, 19, 35, 16, 26, 23, 25, 24, 23, 25, 12, 24, 25, 24,
       12, 26, 14, 16, 23, 21, 23, 23, 26, 26, 25, 27, 26, 22, 23, 14, 27,
        4, 15, 11, 26, 26, 23, 24, 25, 26,  1, 16, 17, 22, 25, 25, 24, 23,
       19, 27, 32, 25, 10, 10, 23, 23, 13, 23, 26, 14, 25, 16, 27, 24,  9,
       22, 25, 19, 29, 24,  9, 15, 25, 25, 22, 15, 34, 23, 24, 25, 13, 24,
       24, 16, 26, 26, 13, 18, 25, 24, 24, 17, 67, 24, 26, 18, 24, 15, 26,
       25, 23, 22, 26, 24,  5, 25])}, {'ts_index': 99, 'loc': 23, 'gap': 0.05729654009798896, 'distances': array([0.51912394, 0.35816241, 0.47851327, 0.49944991, 0.36893591,
       0.29047967, 0.30527778, 0.        , 0.47802587, 0.48700696,
       0.48659938, 0.49850352, 0.51731967, 0.50231312, 0.41742763,
       0.50957604, 0.49603284, 0.38169724, 0.32839073, 0.490999  ,
       0.456093  , 0.43600717, 0.47992423, 0.38084519, 0.30499739,
       0.49592065, 0.45086746, 0.42915123, 0.36332809, 0.40755283,
       0.41101773, 0.30446527, 0.47308797, 0.50889506, 0.50405057,
       0.43133317, 0.44682758, 0.51528557, 0.32276428, 0.50457289,
       0.50301199, 0.35242959, 0.51705885, 0.48439775, 0.47193308,
       0.32044035, 0.43845794, 0.5000537 , 0.31811149, 0.5080736 ,
       0.3182914 , 0.50373823, 0.46445664, 0.4766385 , 0.51528707,
       0.51347741, 0.50080424, 0.48177121, 0.51933649, 0.52255152,
       0.51602689, 0.50119991, 0.43589804, 0.49156332, 0.35843146,
       0.51182338, 0.43238606, 0.51595088, 0.48732175, 0.48517896,
       0.46822102, 0.48333867, 0.33853265, 0.51194829, 0.48520186,
       0.48884425, 0.1628035 , 0.51162158, 0.36498843, 0.50883979,
       0.46025588, 0.50348397]), 'delta_distances': array([0., 0., 0., 0., 0., 0., 0., 0., 0., 0., 0., 0., 0., 0., 0., 0., 0.,
       0., 0., 0., 0., 0., 0., 0., 0., 0., 0., 0., 0., 0., 0., 0., 0., 0.,
       0., 0., 0., 0., 0., 0., 0., 0., 0., 0., 0., 0., 0., 0., 0., 0., 0.,
       0., 0., 0., 0., 0., 0., 0., 0., 0., 0., 0., 0., 0., 0., 0., 0., 0.,
       0., 0., 0., 0., 0., 0., 0., 0., 0., 0., 0., 0., 0., 0.]), 'locations': array([ 6, 22, 17, 16, 22, 24, 23, 23, 15, 12,  2, 10, 20, 23, 21, 13, 21,
       22, 25, 24, 20, 23, 21, 25, 20, 15, 23, 23, 24, 23, 24, 21, 23, 14,
       20, 23, 20, 20, 24, 23, 22, 25, 15,  1, 21, 21, 24, 12, 23,  7, 25,
        9, 25, 21, 14,  7, 23, 20, 15, 23,  9,  5, 20, 23, 22, 17, 23, 24,
       17, 67, 22, 22, 22,  2, 21, 17, 21,  7, 24,  9, 20, 18])}, {'ts_index': 857, 'loc': 19, 'gap': 0.09293932980926217, 'distances': array([0.11622032, 0.40191308, 0.29793382, 0.32477729, 0.25572341,
       0.4215844 , 0.19273189, 0.13380007, 0.23496391, 0.12788946,
       0.21403551, 0.2352126 , 0.10142586, 0.20164963, 0.36235081,
       0.11001934, 0.26709482, 0.15265405, 0.21476328, 0.38490453,
       0.28783022, 0.22617609, 0.29171417, 0.20965669, 0.23086902,
       0.3683566 , 0.42176473, 0.31566191, 0.29790932, 0.10315634,
       0.26753365, 0.11762199, 0.18834187, 0.28098811, 0.22899589,
       0.26794348, 0.26157755, 0.18385012, 0.14664145, 0.26413952,
       0.20797126, 0.0914305 , 0.        , 0.15526335, 0.22558897,
       0.25236831, 0.16184884, 0.26790951, 0.37662277, 0.18215109,
       0.24662438, 0.41769694, 0.39515248, 0.18597764, 0.1689243 ,
       0.16644994, 0.200942  , 0.39903029, 0.18056069, 0.2650629 ,
       0.09830731, 0.16688769]), 'delta_distances': array([0., 0., 0., 0., 0., 0., 0., 0., 0., 0., 0., 0., 0., 0., 0., 0., 0.,
       0., 0., 0., 0., 0., 0., 0., 0., 0., 0., 0., 0., 0., 0., 0., 0., 0.,
       0., 0., 0., 0., 0., 0., 0., 0., 0., 0., 0., 0., 0., 0., 0., 0., 0.,
       0., 0., 0., 0., 0., 0., 0., 0., 0., 0., 0.]), 'locations': array([17, 46, 19, 20, 17, 46, 18, 17, 20, 18, 16, 18, 21, 17, 14, 18, 16,
       20, 18,  8, 18, 20, 20, 17, 20, 18, 12, 16, 20, 17, 18, 18, 21, 18,
       18, 17, 22, 18, 19, 18, 17, 17, 19, 17, 19, 17, 17, 18, 36, 20, 19,
       12, 16, 19, 19, 19, 18, 38, 17, 16, 17, 20])}, {'ts_index': 955, 'loc': 18, 'gap': 0.10284275819812538, 'distances': array([0.25205914, 0.29332999, 0.15396405, 0.37780204, 0.29821161,
       0.33977212, 0.28779419, 0.11864402, 0.        , 0.24025421,
       0.32617159]), 'delta_distances': array([0., 0., 0., 0., 0., 0., 0., 0., 0., 0., 0.]), 'locations': array([20, 17, 18, 24, 18, 16, 16, 19, 18, 18, 17])}, {'ts_index': 1085, 'loc': 26, 'gap': 0.13043807330837942, 'distances': array([0.37556169, 0.53803171, 0.50272777, 0.54681696, 0.55915898,
       0.2588166 , 0.71369664, 0.        ]), 'delta_distances': array([0., 0., 0., 0., 0., 0., 0., 0.]), 'locations': array([27, 31, 29, 32, 31, 25, 36, 26])}, {'ts_index': 994, 'loc': 63, 'gap': 0.07079165218249478, 'distances': array([0.18814801, 0.12010584, 0.20222887, 0.20222913, 0.        ]), 'delta_distances': array([0., 0., 0., 0., 0.]), 'locations': array([65, 64, 67,  5, 63])}], 'clusters': array([1, 1, 1, ..., 1, 1, 1]), 'time': 670.184711933136}
lenSubsequence: 17{'RI': 0.49977985029820277, 'num_clusters': 8, 'uShapelets': [{'ts_index': 554, 'loc': 19, 'gap': 0.06818530369525289, 'distances': array([0.1396121 , 0.1980203 , 0.29624541, ..., 0.1814016 , 0.27001498,
       0.13606254]), 'delta_distances': array([0., 0., 0., ..., 0., 0., 0.]), 'locations': array([21, 19, 23, ..., 20, 24, 22])}, {'ts_index': 223, 'loc': 27, 'gap': 0.10005123982764696, 'distances': array([0.62980694, 0.59286831, 0.27371157, 0.58429753, 0.60356756,
       0.54776327, 0.61800426, 0.60568153, 0.52153901, 0.30966157,
       0.50102268, 0.56428705, 0.61724044, 0.53987773, 0.37568236,
       0.57980928, 0.50084303, 0.60594056, 0.37623225, 0.56067789,
       0.56871821, 0.31324261, 0.61669786, 0.58758328, 0.45074025,
       0.49034903, 0.60199938, 0.61743659, 0.6095406 , 0.55593382,
       0.3109894 , 0.49681615, 0.34744229, 0.        , 0.43643309,
       0.56773496, 0.4859184 , 0.53557136, 0.27961429, 0.43197956,
       0.2716999 , 0.39636173, 0.39693536, 0.5025415 , 0.56244161,
       0.60322339, 0.48763004, 0.4846355 , 0.26603479, 0.47060981,
       0.60414866, 0.27110935, 0.6110534 , 0.46111034, 0.60762243,
       0.34860986, 0.2886169 , 0.56113299, 0.40539265, 0.31543194,
       0.38435253, 0.45073894, 0.19130755, 0.52589184, 0.59130426,
       0.46523058, 0.53104465, 0.42912033, 0.39238546, 0.59254459,
       0.58162483, 0.51854378, 0.5279223 , 0.50894184, 0.47027997,
       0.45010011, 0.60231669, 0.44553922, 0.61102799, 0.39309157,
       0.48955535, 0.47163222, 0.62728528, 0.59405288, 0.59322409,
       0.36317626, 0.53132059, 0.59028552, 0.62860215, 0.59723885,
       0.46220881, 0.38657637, 0.59840686, 0.50067802, 0.43334631,
       0.53284396, 0.46592663, 0.5881321 , 0.36769574, 0.61981672,
       0.57518018, 0.60440398, 0.40012063, 0.58240601, 0.45450506,
       0.5912397 , 0.57000927, 0.62353827, 0.29985211, 0.40978962,
       0.63109275, 0.41478152, 0.61359463, 0.59844355, 0.56843897,
       0.60223038, 0.48747648, 0.61442694, 0.39343859, 0.55774796,
       0.54627672, 0.54902749, 0.59274265, 0.58144964, 0.61546633,
       0.28917098, 0.61191446, 0.59282849, 0.4969379 , 0.57577616,
       0.47309981, 0.41042126, 0.38006454, 0.62668167, 0.32889419,
       0.61013825, 0.58453802, 0.58781096, 0.60617587, 0.45683402,
       0.54822566, 0.52889266, 0.61832088, 0.36267265, 0.43733824,
       0.52030009, 0.6180798 , 0.41259513, 0.45035513, 0.34569768,
       0.59653357, 0.53177709, 0.62573506, 0.18717618, 0.51550423,
       0.59108872, 0.6108944 , 0.47022581, 0.51594062, 0.3164087 ,
       0.57936339, 0.61983244, 0.58822847, 0.51176864, 0.60920991,
       0.58279076, 0.36925306, 0.57418082, 0.5237001 , 0.48198438,
       0.63055968, 0.46588375, 0.34322163, 0.55713294, 0.57926879,
       0.45756649, 0.22732812, 0.46393292, 0.59681951, 0.56473895,
       0.59390385, 0.31336595, 0.61503136, 0.6197492 , 0.24066259,
       0.61645988, 0.4898287 , 0.52467061, 0.26326888, 0.61120404,
       0.62045934, 0.62837295, 0.56857256, 0.48102183, 0.18469412]), 'delta_distances': array([0., 0., 0., 0., 0., 0., 0., 0., 0., 0., 0., 0., 0., 0., 0., 0., 0.,
       0., 0., 0., 0., 0., 0., 0., 0., 0., 0., 0., 0., 0., 0., 0., 0., 0.,
       0., 0., 0., 0., 0., 0., 0., 0., 0., 0., 0., 0., 0., 0., 0., 0., 0.,
       0., 0., 0., 0., 0., 0., 0., 0., 0., 0., 0., 0., 0., 0., 0., 0., 0.,
       0., 0., 0., 0., 0., 0., 0., 0., 0., 0., 0., 0., 0., 0., 0., 0., 0.,
       0., 0., 0., 0., 0., 0., 0., 0., 0., 0., 0., 0., 0., 0., 0., 0., 0.,
       0., 0., 0., 0., 0., 0., 0., 0., 0., 0., 0., 0., 0., 0., 0., 0., 0.,
       0., 0., 0., 0., 0., 0., 0., 0., 0., 0., 0., 0., 0., 0., 0., 0., 0.,
       0., 0., 0., 0., 0., 0., 0., 0., 0., 0., 0., 0., 0., 0., 0., 0., 0.,
       0., 0., 0., 0., 0., 0., 0., 0., 0., 0., 0., 0., 0., 0., 0., 0., 0.,
       0., 0., 0., 0., 0., 0., 0., 0., 0., 0., 0., 0., 0., 0., 0., 0., 0.,
       0., 0., 0., 0., 0., 0., 0., 0.]), 'locations': array([10, 23, 26, 61, 23, 24,  1,  5, 26, 27, 23, 24, 23, 23, 26, 27, 25,
       12, 27, 25, 26, 25, 64, 13, 27, 25, 64,  6,  8, 24, 25, 26, 26, 27,
       24, 26, 25, 28, 27, 24, 27, 27, 25, 23, 26, 13, 26, 24, 26, 27,  6,
       28,  8, 24,  0, 25, 24, 24, 26, 26, 23, 28, 26,  4, 25, 25, 26, 23,
       26,  9, 26, 27, 26, 25, 27, 26, 13, 24,  3, 24, 24, 27,  9, 21, 19,
       26, 25, 26,  9, 23, 29, 27,  6, 24, 27, 23, 25, 27, 26, 14,  4, 13,
       24,  5, 28, 26,  8, 14, 25, 26,  4, 25,  9, 13,  8, 26, 25, 63, 26,
       25, 24, 25,  4, 25, 11, 25,  9, 29, 28,  4, 26, 24, 29, 14, 26, 12,
       22, 11,  3, 27, 24, 27,  8, 24, 26, 27, 11, 24, 25, 26, 13, 27, 10,
       26, 26, 22,  9, 24, 25, 24,  7,  4, 24, 26,  2, 24, 27, 26, 26, 27,
       20, 27, 23,  6,  0, 26, 25, 28,  2,  4,  6, 27,  6,  6, 27,  8, 25,
       25, 25, 24,  3, 12, 23, 24, 27])}, {'ts_index': 629, 'loc': 26, 'gap': 0.08899711990300735, 'distances': array([0.58086725, 0.37087513, 0.45390803, 0.35194323, 0.41311968,
       0.51644723, 0.19128384, 0.4535473 , 0.58338633, 0.39469227,
       0.31009952, 0.54846699, 0.5405678 , 0.62138197, 0.30416127,
       0.46255175, 0.66707568, 0.51226758, 0.20655604, 0.55806433,
       0.55227972, 0.49577402, 0.2989849 , 0.35435233, 0.51897019,
       0.72904936, 0.56806383, 0.59648933, 0.44510598, 0.6530586 ,
       0.66845107, 0.61343316, 0.56614496, 0.51789299, 0.49514319,
       0.26397178, 0.46993304, 0.5833486 , 0.65364025, 0.33197609,
       0.43854187, 0.57080708, 0.48192805, 0.39767093, 0.54317622,
       0.57704704, 0.37596435, 0.42526747, 0.58746065, 0.48039469,
       0.46813152, 0.62663844, 0.3007271 , 0.43552819, 0.55759156,
       0.5467458 , 0.62425087, 0.68707564, 0.61464375, 0.32205845,
       0.62251436, 0.32614577, 0.51416833, 0.52562672, 0.6227942 ,
       0.31246392, 0.41548751, 0.51894779, 0.48449548, 0.50175809,
       0.45416068, 0.47043087, 0.60833164, 0.64550598, 0.40175017,
       0.58145539, 0.53170331, 0.35241282, 0.72128489, 0.45325459,
       0.35171274, 0.49027802, 0.        , 0.64647219, 0.51491489,
       0.68287739, 0.3152557 , 0.46631775, 0.3463007 , 0.64730926,
       0.47270748, 0.61665851, 0.53661354, 0.33112446, 0.52323967,
       0.35989093, 0.54992949, 0.28542797, 0.61760813, 0.43677596,
       0.48338145, 0.44923023, 0.41275033, 0.70725204, 0.24582984,
       0.24662091, 0.59915166, 0.60933352, 0.45294324, 0.60386445,
       0.61617996, 0.28496452, 0.67944552, 0.4845859 , 0.40163932,
       0.31788921, 0.6090099 , 0.60502674, 0.49354903, 0.41304258,
       0.69967088, 0.64907343, 0.23289919, 0.52916333, 0.47030085,
       0.65789545, 0.47516024, 0.56979445, 0.53782785, 0.4742566 ,
       0.38149038, 0.72324511, 0.49614144, 0.37070715, 0.28916932,
       0.32888365, 0.65123344, 0.4949804 , 0.42920235, 0.34240494,
       0.56234938, 0.61258242, 0.42649327, 0.5763562 , 0.41288566,
       0.38991136, 0.57710809, 0.58238236, 0.46880797, 0.45517449,
       0.25575935, 0.29298765, 0.30537569, 0.42040172, 0.61842358,
       0.56091544, 0.57096381, 0.53715697, 0.25509304, 0.47043832,
       0.5610902 ]), 'delta_distances': array([0., 0., 0., 0., 0., 0., 0., 0., 0., 0., 0., 0., 0., 0., 0., 0., 0.,
       0., 0., 0., 0., 0., 0., 0., 0., 0., 0., 0., 0., 0., 0., 0., 0., 0.,
       0., 0., 0., 0., 0., 0., 0., 0., 0., 0., 0., 0., 0., 0., 0., 0., 0.,
       0., 0., 0., 0., 0., 0., 0., 0., 0., 0., 0., 0., 0., 0., 0., 0., 0.,
       0., 0., 0., 0., 0., 0., 0., 0., 0., 0., 0., 0., 0., 0., 0., 0., 0.,
       0., 0., 0., 0., 0., 0., 0., 0., 0., 0., 0., 0., 0., 0., 0., 0., 0.,
       0., 0., 0., 0., 0., 0., 0., 0., 0., 0., 0., 0., 0., 0., 0., 0., 0.,
       0., 0., 0., 0., 0., 0., 0., 0., 0., 0., 0., 0., 0., 0., 0., 0., 0.,
       0., 0., 0., 0., 0., 0., 0., 0., 0., 0., 0., 0., 0., 0., 0., 0., 0.,
       0., 0., 0., 0., 0., 0., 0., 0.]), 'locations': array([26, 23, 23, 25, 24, 24, 23, 22, 25, 26, 26, 24, 24, 22, 24, 24,  7,
       24, 26, 27, 24, 24, 25, 23, 25, 12, 32, 23, 26, 28, 37, 29, 26, 26,
       22, 25, 22, 25, 28, 24, 23, 24, 29, 26, 27, 27, 25, 21, 24, 25, 25,
       31, 23, 26, 23, 25,  4, 15, 26, 24, 31, 24, 26, 25, 26, 24, 24, 22,
       24, 22, 23, 24, 29, 28, 25, 24, 26, 24, 36, 23, 25, 24, 26, 25, 25,
        8, 26, 23, 25, 25, 23, 30, 22, 23, 22, 26, 24, 25, 30, 26, 23, 26,
       24,  3, 24, 24, 31, 27, 24, 29, 31, 25, 23, 23, 26, 23, 28, 26, 26,
       26, 30, 23, 23, 24, 24,  2, 22, 23, 22, 25, 26, 33, 28, 23, 24, 26,
       36, 23, 26, 25, 23, 23, 23, 27, 24, 25, 25, 28, 21, 23, 26, 23, 27,
       23, 29, 22, 23, 24, 24, 26, 24])}, {'ts_index': 1064, 'loc': 17, 'gap': 0.05278920320824948, 'distances': array([0.55554204, 0.325109  , 0.36267599, 0.42900975, 0.34996084,
       0.44744313, 0.44000087, 0.30777516, 0.44972236, 0.52905056,
       0.4767086 , 0.40597764, 0.53437913, 0.32430815, 0.41468652,
       0.44600191, 0.24109935, 0.35762861, 0.56905666, 0.49393722,
       0.47509476, 0.45494189, 0.5038847 , 0.51472436, 0.49340642,
       0.48804166, 0.47094186, 0.51420143, 0.40899632, 0.47763435,
       0.45177456, 0.38803876, 0.49069335, 0.41070343, 0.45152782,
       0.46877122, 0.46580028, 0.20289939, 0.35102176, 0.52382382,
       0.51143024, 0.46782918, 0.50788911, 0.40088786, 0.38459619,
       0.55316243, 0.52422471, 0.49076558, 0.56358978, 0.48644234,
       0.41123015, 0.39804317, 0.49905082, 0.27267655, 0.44826662,
       0.50197521, 0.34877261, 0.53625166, 0.4714819 , 0.49701569,
       0.51101002, 0.55104201, 0.52775766, 0.44058623, 0.58449898,
       0.49236089, 0.35880768, 0.53586707, 0.37389105, 0.53190006,
       0.31862567, 0.56106269, 0.33620687, 0.4876199 , 0.26818492,
       0.4213075 , 0.49854498, 0.47431329, 0.40557496, 0.48740917,
       0.26391242, 0.42217558, 0.54354686, 0.46181948, 0.51930605,
       0.38280779, 0.47524913, 0.50098305, 0.55304197, 0.30187957,
       0.48090515, 0.4576503 , 0.48622691, 0.45831115, 0.18386788,
       0.5440375 , 0.57468075, 0.57226489, 0.5294076 , 0.35939678,
       0.37323184, 0.52850058, 0.40399284, 0.44820716, 0.34346378,
       0.56068714, 0.42797118, 0.44804847, 0.55850632, 0.31066363,
       0.45689341, 0.54208185, 0.33591487, 0.31809526, 0.41528826,
       0.44837791, 0.4824677 , 0.55786953, 0.51107459, 0.36118159,
       0.3144417 , 0.        , 0.47197331, 0.50452001, 0.49039485,
       0.32818275, 0.3569001 , 0.50574585]), 'delta_distances': array([0., 0., 0., 0., 0., 0., 0., 0., 0., 0., 0., 0., 0., 0., 0., 0., 0.,
       0., 0., 0., 0., 0., 0., 0., 0., 0., 0., 0., 0., 0., 0., 0., 0., 0.,
       0., 0., 0., 0., 0., 0., 0., 0., 0., 0., 0., 0., 0., 0., 0., 0., 0.,
       0., 0., 0., 0., 0., 0., 0., 0., 0., 0., 0., 0., 0., 0., 0., 0., 0.,
       0., 0., 0., 0., 0., 0., 0., 0., 0., 0., 0., 0., 0., 0., 0., 0., 0.,
       0., 0., 0., 0., 0., 0., 0., 0., 0., 0., 0., 0., 0., 0., 0., 0., 0.,
       0., 0., 0., 0., 0., 0., 0., 0., 0., 0., 0., 0., 0., 0., 0., 0., 0.,
       0., 0., 0., 0., 0., 0., 0., 0., 0.]), 'locations': array([20, 17, 16, 18, 20, 16, 18, 20, 26, 17, 15, 18,  1, 18, 16, 20, 18,
       19,  8, 25, 21, 20, 22, 20, 23, 20, 17, 16, 16, 23, 23, 16, 23, 23,
       20, 21,  7, 19, 15, 13, 21, 19, 22, 20, 17, 23,  0, 16,  4, 24, 20,
       18, 22, 18, 16, 18, 16, 14, 22, 18, 15, 13, 24, 22,  7, 17, 18, 13,
       20,  2, 17, 35, 17, 24, 17, 16,  3, 24, 20, 22, 20, 20, 14, 25, 14,
       18, 22, 26, 63, 17, 20, 23, 17, 17, 20, 14, 23, 13, 18, 16, 16, 12,
       16, 16, 20,  7, 22, 18, 21, 16, 20,  9, 16, 17, 21, 18, 19, 12, 24,
       15, 17, 17, 23, 22, 17, 17, 20, 19])}, {'ts_index': 757, 'loc': 24, 'gap': 0.046592349451618886, 'distances': array([0.68688392, 0.53512323, 0.52262998, 0.57578311, 0.55463916,
       0.50392372, 0.39890962, 0.47254647, 0.49208305, 0.49285679,
       0.47690396, 0.43930032, 0.5898681 , 0.3992246 , 0.53769539,
       0.44073615, 0.61204896, 0.65755755, 0.36444377, 0.57635888,
       0.57436116, 0.4815418 , 0.47516343, 0.57738848, 0.50683232,
       0.48776412, 0.58511876, 0.58082635, 0.45743877, 0.30668156,
       0.48111061, 0.45061766, 0.50819525, 0.60065166, 0.52750484,
       0.48637559, 0.53576152, 0.53116482, 0.59108583, 0.34579208,
       0.52245873, 0.41686748, 0.46971609, 0.36340413, 0.58017585,
       0.47131566, 0.61603966, 0.53975434, 0.5535706 , 0.55112584,
       0.53662268, 0.55435975, 0.47906172, 0.28960649, 0.60245321,
       0.49827242, 0.50281949, 0.52747748, 0.26040295, 0.5171016 ,
       0.57121705, 0.2824451 , 0.51036719, 0.53555132, 0.50678311,
       0.5662115 , 0.54689847, 0.51994079, 0.        , 0.47712252,
       0.62208562, 0.50773259, 0.65923636, 0.50701257, 0.48883171,
       0.40454878, 0.35278205, 0.60148471, 0.57391261, 0.58622799,
       0.3264944 , 0.6189697 , 0.47581356, 0.41507641, 0.38757766,
       0.55756883, 0.52789142, 0.62494136, 0.53512262, 0.56339231,
       0.49418389, 0.50828475, 0.58941183, 0.41553218, 0.37411925,
       0.43643536, 0.54561309, 0.50075933, 0.43548121, 0.54911365]), 'delta_distances': array([0., 0., 0., 0., 0., 0., 0., 0., 0., 0., 0., 0., 0., 0., 0., 0., 0.,
       0., 0., 0., 0., 0., 0., 0., 0., 0., 0., 0., 0., 0., 0., 0., 0., 0.,
       0., 0., 0., 0., 0., 0., 0., 0., 0., 0., 0., 0., 0., 0., 0., 0., 0.,
       0., 0., 0., 0., 0., 0., 0., 0., 0., 0., 0., 0., 0., 0., 0., 0., 0.,
       0., 0., 0., 0., 0., 0., 0., 0., 0., 0., 0., 0., 0., 0., 0., 0., 0.,
       0., 0., 0., 0., 0., 0., 0., 0., 0., 0., 0., 0., 0., 0., 0.]), 'locations': array([ 6, 20, 22, 24, 21, 23, 21, 21, 22, 23, 21, 22, 20, 22, 21, 24, 20,
       24, 21, 19, 36, 22, 24, 23, 22, 20, 26, 20, 22, 24, 21, 22, 19, 23,
       22, 23, 24, 21, 23, 22, 20, 20, 24, 23, 25, 21, 20, 21, 25, 23, 22,
       21, 23, 21, 22, 20, 21, 24, 22, 21, 23, 21, 22, 23, 20, 21, 21, 25,
       24, 21, 23, 20,  8, 23, 23, 23, 23, 22, 22, 20, 21, 23, 20, 22, 22,
       20, 21, 20, 22, 20, 22, 23, 23, 22, 22, 24, 21, 21, 20, 20])}, {'ts_index': 1096, 'loc': 28, 'gap': 0.05498508003408725, 'distances': array([0.54108501, 0.53528152, 0.37212987, 0.43503867, 0.29995926,
       0.27889248, 0.3917848 , 0.51191442, 0.41042932, 0.52152728,
       0.44823966, 0.45089933, 0.54386226, 0.4583517 , 0.49834158,
       0.42389337, 0.47585087, 0.23328565, 0.44617664, 0.41569477,
       0.44178218, 0.51419774, 0.39031975, 0.43107778, 0.37921206,
       0.4255214 , 0.3883953 , 0.39365897, 0.37956489, 0.42314814,
       0.48778519, 0.32011097, 0.39374339, 0.41570984, 0.45827583,
       0.47773008, 0.46062336, 0.35856276, 0.40805245, 0.25084661,
       0.42612828, 0.34240884, 0.34661441, 0.37159003, 0.43950725,
       0.4545204 , 0.18334106, 0.43731868, 0.48734168, 0.52657696,
       0.25791706, 0.39941698, 0.4065878 , 0.40472814, 0.33354849,
       0.52129476, 0.52186315, 0.39837582, 0.43947099, 0.52864681,
       0.36660691, 0.56099307, 0.5046573 , 0.39744052, 0.45331593,
       0.23039051, 0.38984167, 0.428963  , 0.51535041, 0.40005978,
       0.44710329, 0.51314518, 0.36847155, 0.52126395, 0.19012272,
       0.48005041, 0.27805821, 0.28171672, 0.3317788 , 0.        ,
       0.52108341, 0.44773581]), 'delta_distances': array([0., 0., 0., 0., 0., 0., 0., 0., 0., 0., 0., 0., 0., 0., 0., 0., 0.,
       0., 0., 0., 0., 0., 0., 0., 0., 0., 0., 0., 0., 0., 0., 0., 0., 0.,
       0., 0., 0., 0., 0., 0., 0., 0., 0., 0., 0., 0., 0., 0., 0., 0., 0.,
       0., 0., 0., 0., 0., 0., 0., 0., 0., 0., 0., 0., 0., 0., 0., 0., 0.,
       0., 0., 0., 0., 0., 0., 0., 0., 0., 0., 0., 0., 0., 0.]), 'locations': array([36, 25, 28, 26, 30, 30, 28,  2, 28, 12, 29, 27, 28, 31, 37, 30, 26,
       28, 28, 27, 29, 11, 27, 28, 27, 29, 30, 31, 26, 29, 27, 30, 31, 28,
       30, 31, 31, 32, 27, 29, 30, 31, 30, 31, 37, 29, 29, 27,  8, 14, 28,
       28, 29, 28, 29,  7,  9, 32, 28, 29, 31, 13, 14, 30, 29, 29, 30, 28,
        0, 31, 28, 24, 29, 12, 29, 29, 30, 31, 28, 28, 27, 27])}, {'ts_index': 639, 'loc': 33, 'gap': 0.04587220413852683, 'distances': array([0.1924587 , 0.21916618, 0.20836849, 0.30307082, 0.13276652,
       0.21395015, 0.21658942, 0.25196293, 0.23817619, 0.22827445,
       0.3908457 , 0.40543945, 0.31456173, 0.25102166, 0.37651111,
       0.38057552, 0.26011012, 0.30625743, 0.34784168, 0.26026242,
       0.35216885, 0.24802114, 0.31919691, 0.15298851, 0.26279524,
       0.2175822 , 0.21579228, 0.19378063, 0.22770186, 0.26228525,
       0.20813825, 0.34143456, 0.28327619, 0.21527733, 0.13207804,
       0.20970087, 0.16820617, 0.26099721, 0.23574543, 0.25121303,
       0.        , 0.32808936, 0.33255945, 0.31819761, 0.3859271 ,
       0.18829301, 0.32975555, 0.17516898, 0.34234874, 0.18403036,
       0.32007763, 0.21598434, 0.24389375, 0.30687121, 0.2858489 ,
       0.19526017, 0.197671  , 0.23957329, 0.32466058, 0.20586639,
       0.19049082, 0.23593577, 0.24160382, 0.28496868, 0.23582094,
       0.32523945, 0.32794841]), 'delta_distances': array([0., 0., 0., 0., 0., 0., 0., 0., 0., 0., 0., 0., 0., 0., 0., 0., 0.,
       0., 0., 0., 0., 0., 0., 0., 0., 0., 0., 0., 0., 0., 0., 0., 0., 0.,
       0., 0., 0., 0., 0., 0., 0., 0., 0., 0., 0., 0., 0., 0., 0., 0., 0.,
       0., 0., 0., 0., 0., 0., 0., 0., 0., 0., 0., 0., 0., 0., 0., 0.]), 'locations': array([38, 34, 35, 37, 36, 34, 36, 35, 34, 40, 37, 35, 37, 38, 35,  4, 35,
       41, 10, 34, 35, 36, 35, 36, 33, 37, 37, 35, 37, 12, 39, 39, 35, 37,
       37, 36, 35, 35, 39, 34, 33, 34, 13, 34, 39, 35, 36, 32, 37, 35, 37,
       36, 34, 35, 37, 38, 39, 38,  4, 35, 37, 33, 36, 37, 35, 32, 34])}], 'clusters': array([1, 1, 1, ..., 1, 1, 1]), 'time': 607.0780982971191}
lenSubsequence: 20{'RI': 0.4996271538720404, 'num_clusters': 5, 'uShapelets': [{'ts_index': 430, 'loc': 19, 'gap': 0.05966456504856471, 'distances': array([0.17051269, 0.17564088, 0.28455958, ..., 0.15777238, 0.25435509,
       0.22309189]), 'delta_distances': array([0., 0., 0., ..., 0., 0., 0.]), 'locations': array([21, 19, 22, ..., 20, 24, 21])}, {'ts_index': 751, 'loc': 20, 'gap': 0.09579229866274691, 'distances': array([0.5633802 , 0.39404519, 0.7006704 , 0.45647611, 0.45431859,
       0.26142019, 0.52556732, 0.48085735, 0.66281559, 0.59319516,
       0.38622064, 0.63306885, 0.54947058, 0.70179777, 0.57939473,
       0.55692339, 0.61403536, 0.34410913, 0.72104837, 0.67942332,
       0.59781415, 0.35269944, 0.18269451, 0.5262978 , 0.50436524,
       0.40693273, 0.34176796, 0.4259747 , 0.45407032, 0.64121284,
       0.55736567, 0.71956004, 0.56104953, 0.69898311, 0.67853537,
       0.61580003, 0.59516367, 0.40360954, 0.61994071, 0.62541833,
       0.55886731, 0.52068712, 0.54021602, 0.56245594, 0.38018723,
       0.51496929, 0.49652217, 0.54490159, 0.48940014, 0.55450672,
       0.48329648, 0.58156643, 0.61911024, 0.58721538, 0.58897694,
       0.5655583 , 0.60158385, 0.61215431, 0.69836393, 0.42639555,
       0.50523039, 0.6301446 , 0.59898479, 0.56617885, 0.62610704,
       0.6086012 , 0.68330364, 0.6024981 , 0.54700492, 0.5539204 ,
       0.52232316, 0.62670956, 0.22099321, 0.27418266, 0.58725372,
       0.6348253 , 0.6693229 , 0.50204397, 0.59022669, 0.56598491,
       0.31530553, 0.52422092, 0.59390962, 0.37145537, 0.52974476,
       0.60774859, 0.54282627, 0.51682067, 0.35805339, 0.54181113,
       0.48755636, 0.594428  , 0.47700996, 0.5680933 , 0.57940412,
       0.39890384, 0.71721045, 0.51508312, 0.53957193, 0.40035185,
       0.3770364 , 0.21280076, 0.62703925, 0.66370574, 0.32451138,
       0.42433505, 0.58210564, 0.66335452, 0.44361285, 0.57268012,
       0.35006736, 0.36826708, 0.53411187, 0.35072013, 0.5664867 ,
       0.43112293, 0.35526184, 0.54191858, 0.44240004, 0.58423849,
       0.59985065, 0.48613282, 0.39801266, 0.71177941, 0.24056458,
       0.61958725, 0.59598447, 0.        , 0.58837425, 0.66601639,
       0.58689235, 0.6136435 , 0.56246528, 0.50198517, 0.61891671,
       0.62408042, 0.2303356 , 0.61694859, 0.55935973, 0.40220649,
       0.38037391, 0.53935752, 0.5840401 , 0.62345302, 0.6369741 ,
       0.65361068, 0.1759584 , 0.54049861, 0.53158523, 0.58910635,
       0.68787332, 0.58777113, 0.49734723, 0.54293837, 0.65363338,
       0.55352955, 0.25261099, 0.69394883, 0.63670014, 0.66118185,
       0.17357004, 0.56412596, 0.509004  , 0.42197714, 0.42468993,
       0.60183967, 0.41985941, 0.53026133, 0.60932901, 0.59698748,
       0.47406803, 0.51883387, 0.50370097, 0.69529843, 0.66154208,
       0.56323615, 0.57652873, 0.50693244, 0.40962435, 0.2882631 ,
       0.62254845, 0.310728  , 0.68713171, 0.39039994, 0.60701752,
       0.57363352, 0.57811404, 0.3910109 , 0.52181666, 0.62934148,
       0.42159274, 0.32535411, 0.3861236 , 0.53098158, 0.61447333]), 'delta_distances': array([0., 0., 0., 0., 0., 0., 0., 0., 0., 0., 0., 0., 0., 0., 0., 0., 0.,
       0., 0., 0., 0., 0., 0., 0., 0., 0., 0., 0., 0., 0., 0., 0., 0., 0.,
       0., 0., 0., 0., 0., 0., 0., 0., 0., 0., 0., 0., 0., 0., 0., 0., 0.,
       0., 0., 0., 0., 0., 0., 0., 0., 0., 0., 0., 0., 0., 0., 0., 0., 0.,
       0., 0., 0., 0., 0., 0., 0., 0., 0., 0., 0., 0., 0., 0., 0., 0., 0.,
       0., 0., 0., 0., 0., 0., 0., 0., 0., 0., 0., 0., 0., 0., 0., 0., 0.,
       0., 0., 0., 0., 0., 0., 0., 0., 0., 0., 0., 0., 0., 0., 0., 0., 0.,
       0., 0., 0., 0., 0., 0., 0., 0., 0., 0., 0., 0., 0., 0., 0., 0., 0.,
       0., 0., 0., 0., 0., 0., 0., 0., 0., 0., 0., 0., 0., 0., 0., 0., 0.,
       0., 0., 0., 0., 0., 0., 0., 0., 0., 0., 0., 0., 0., 0., 0., 0., 0.,
       0., 0., 0., 0., 0., 0., 0., 0., 0., 0., 0., 0., 0., 0., 0., 0., 0.,
       0., 0., 0., 0., 0., 0., 0., 0.]), 'locations': array([22, 19,  2, 19, 21, 19, 18, 23, 34, 25, 22, 18, 21, 12, 20, 23, 21,
       20, 10,  3, 22, 20, 22, 23, 22, 20, 21, 19, 21, 26, 20,  8, 20,  2,
       24, 28, 31, 22, 24, 24, 21, 22, 24, 25, 20, 22, 22, 18, 33, 17, 22,
       24, 24, 20, 25, 20, 24, 20,  8, 22, 23, 25, 25, 25, 23,  9,  9, 24,
       21, 24, 21, 25, 19, 21, 21, 26, 27, 22, 25, 24, 20, 22, 23, 20, 18,
       22, 22, 18, 21, 19, 20, 24, 21, 20, 22, 20, 22, 19, 22, 21, 20, 22,
       21, 25, 19, 21, 21, 22, 19, 26, 21, 19, 18, 22, 22, 19, 21, 26, 22,
       25, 23, 22, 20,  7, 20, 24, 26, 20, 25, 23, 23, 21, 18, 24, 26, 24,
       21, 25, 19, 22, 19, 24, 24, 20, 25, 24, 19, 20, 20, 22, 23, 18, 18,
       19, 23, 18, 22, 24, 21, 25, 20, 23, 20, 19, 22, 27, 21, 21, 19, 19,
       19, 23, 20, 19, 21, 24, 24, 17, 19, 22, 26, 23, 24, 22, 24, 22, 19,
       23, 20, 18, 20, 20, 22, 20, 24])}, {'ts_index': 139, 'loc': 30, 'gap': 0.059153626454318375, 'distances': array([0.60128667, 0.36785595, 0.51376558, 0.55494408, 0.3375943 ,
       0.57692567, 0.33430551, 0.5266756 , 0.44295465, 0.56923448,
       0.25273899, 0.44033593, 0.45898437, 0.456137  , 0.41915185,
       0.53430267, 0.        , 0.41146711, 0.47799913, 0.62407561,
       0.56471654, 0.55667643, 0.35575698, 0.49067237, 0.45637331,
       0.40082495, 0.38309109, 0.29353425, 0.4315511 , 0.45650252,
       0.40136366, 0.51173431, 0.29023532, 0.36434822, 0.40044574,
       0.31039533, 0.35030731, 0.32728546, 0.51796556, 0.47923906,
       0.5380924 , 0.53951516, 0.36477088, 0.34090102, 0.48541872,
       0.45911212, 0.32200252, 0.4614593 , 0.29392561, 0.45602289,
       0.3261441 , 0.42642262, 0.3641347 , 0.38152631, 0.33873386,
       0.39592417, 0.54624582, 0.44737712, 0.36640682, 0.39263967,
       0.46424786, 0.32601064, 0.41527206, 0.40066581, 0.44753976,
       0.22665755, 0.30078247, 0.51293334, 0.43717776, 0.36831733,
       0.38602004, 0.41794362, 0.52158374, 0.36331523, 0.48419359,
       0.36180343, 0.49431855, 0.47953253, 0.34073664, 0.56490514,
       0.49239622, 0.48899475, 0.42284802, 0.40392547, 0.47851575,
       0.40503224, 0.6029504 , 0.28086081, 0.46320738, 0.5747437 ,
       0.33631955, 0.44318451, 0.61069393, 0.35825186, 0.48806226,
       0.43378832, 0.49410626, 0.43183519, 0.38668457, 0.42646627,
       0.33826282, 0.53800043, 0.54114114, 0.46306712, 0.41039052,
       0.49744526, 0.44209555, 0.42345218, 0.42615256, 0.53811953,
       0.47447909, 0.35248272, 0.46439549, 0.36815571, 0.46214437,
       0.43525221, 0.37751214, 0.45242873, 0.39334599, 0.31470974,
       0.36526469, 0.5087355 , 0.48072811, 0.40217179, 0.41939658,
       0.56211187, 0.41398901, 0.47287223, 0.31758672, 0.44964527,
       0.4234169 , 0.35263612, 0.48555721, 0.41329348, 0.5615528 ,
       0.56764995, 0.44627296, 0.37208518, 0.43832041, 0.46907095,
       0.40940681, 0.35394089, 0.56715812, 0.46530441, 0.20964192,
       0.48016061, 0.33267227, 0.29155413, 0.41635836, 0.52133187,
       0.56024245, 0.41453453, 0.40235159, 0.384915  , 0.39943385,
       0.57887495, 0.54568063, 0.54991077, 0.5716265 , 0.5259733 ,
       0.31470255]), 'delta_distances': array([0., 0., 0., 0., 0., 0., 0., 0., 0., 0., 0., 0., 0., 0., 0., 0., 0.,
       0., 0., 0., 0., 0., 0., 0., 0., 0., 0., 0., 0., 0., 0., 0., 0., 0.,
       0., 0., 0., 0., 0., 0., 0., 0., 0., 0., 0., 0., 0., 0., 0., 0., 0.,
       0., 0., 0., 0., 0., 0., 0., 0., 0., 0., 0., 0., 0., 0., 0., 0., 0.,
       0., 0., 0., 0., 0., 0., 0., 0., 0., 0., 0., 0., 0., 0., 0., 0., 0.,
       0., 0., 0., 0., 0., 0., 0., 0., 0., 0., 0., 0., 0., 0., 0., 0., 0.,
       0., 0., 0., 0., 0., 0., 0., 0., 0., 0., 0., 0., 0., 0., 0., 0., 0.,
       0., 0., 0., 0., 0., 0., 0., 0., 0., 0., 0., 0., 0., 0., 0., 0., 0.,
       0., 0., 0., 0., 0., 0., 0., 0., 0., 0., 0., 0., 0., 0., 0., 0., 0.,
       0., 0., 0., 0., 0., 0., 0., 0.]), 'locations': array([29, 31, 25, 28, 31, 27, 32, 28, 31, 33, 31, 32, 31, 30, 32, 31, 30,
       32, 28,  9, 27,  5, 30, 30, 31, 30, 31, 32, 32, 31, 30, 33, 32, 29,
       31, 32, 32, 30, 26, 30, 31, 30, 30, 31, 32, 34, 33, 29, 30, 34, 29,
       29, 31, 31, 32, 34, 31, 33, 31, 30, 31, 32, 28, 31, 31, 32, 32, 31,
       29, 32, 29, 32, 34, 31, 30, 31, 31, 30, 32, 31, 30, 32, 28, 30, 31,
       31, 29, 29, 33, 31, 30, 31, 26, 30, 32, 30, 27, 31, 30, 33, 31, 26,
       30, 32, 30, 34, 33, 31, 29, 31, 32, 34, 30, 31, 32, 30, 32, 32, 29,
       33, 31, 32, 30, 31, 32, 31, 32, 27, 31, 31, 31, 29, 33, 31, 26, 25,
       29, 32, 29, 31, 31, 32, 32, 31, 28, 33, 31, 30, 33, 34, 27, 32, 32,
       30, 30, 27, 32, 33,  7, 29, 32])}, {'ts_index': 625, 'loc': 14, 'gap': 0.0620697531612924, 'distances': array([0.30355795, 0.25186999, 0.19877899, 0.18961696, 0.34717923,
       0.23661385, 0.14311904, 0.19814429, 0.14536311, 0.18444797,
       0.29524221, 0.17307044, 0.        , 0.12496707, 0.13866848,
       0.22857802, 0.33218088, 0.17048825, 0.17767901, 0.20693019,
       0.18101456, 0.14195648, 0.1240569 , 0.2901395 , 0.18958244,
       0.25327361, 0.21282426]), 'delta_distances': array([0., 0., 0., 0., 0., 0., 0., 0., 0., 0., 0., 0., 0., 0., 0., 0., 0.,
       0., 0., 0., 0., 0., 0., 0., 0., 0., 0.]), 'locations': array([13, 14, 14, 14,  5, 11, 12, 12, 11, 10, 16, 14, 14, 14, 12, 15, 10,
       11, 11, 13, 12, 12, 12, 12, 12, 11, 13])}], 'clusters': array([1, 1, 1, ..., 1, 1, 1]), 'time': 516.8915369510651}
