lenSubsequence: 10{'RI': 0.6970854271356783, 'num_clusters': 3, 'uShapelets': [{'ts_index': 110, 'loc': 189, 'gap': 0.04203910194815491, 'distances': array([0.37068331, 0.3347945 , 0.2496264 , 0.28030735, 0.31410649,
       0.32580597, 0.30462019, 0.33743914, 0.34631328, 0.34464679,
       0.37132309, 0.28465235, 0.27025736, 0.30672577, 0.24677076,
       0.27757599, 0.35289416, 0.2772492 , 0.36501055, 0.35002931,
       0.29738151, 0.24446891, 0.32958971, 0.30085201, 0.24201985,
       0.35885765, 0.31921292, 0.33833785, 0.2608073 , 0.3251012 ,
       0.35470913, 0.38903768, 0.28761133, 0.26451297, 0.39172258,
       0.26324492, 0.30211536, 0.31862787, 0.34277411, 0.29668711,
       0.33469401, 0.25690806, 0.36590743, 0.29492235, 0.26540283,
       0.30222614, 0.29120936, 0.30375136, 0.32385049, 0.32643734,
       0.2514415 , 0.33997848, 0.30855325, 0.19518683, 0.33811501,
       0.37762985, 0.3335362 , 0.26081973, 0.36421587, 0.30935399,
       0.31818053, 0.36383844, 0.34887717, 0.28582852, 0.35337191,
       0.27230472, 0.34022775, 0.35688264, 0.27274376, 0.2999718 ,
       0.34710218, 0.33247765, 0.28896303, 0.32087085, 0.3811703 ,
       0.34814201, 0.27192503, 0.32157806, 0.34270118, 0.35247349,
       0.34569919, 0.33911121, 0.38193659, 0.31539705, 0.41400216,
       0.4069869 , 0.31881444, 0.31006823, 0.32693791, 0.34709006,
       0.2220027 , 0.17569846, 0.16767123, 0.25936158, 0.23061934,
       0.21930657, 0.25326731, 0.25121377, 0.23271871, 0.16488178,
       0.24113086, 0.1635798 , 0.24654545, 0.35855438, 0.24841781,
       0.18663229, 0.2000219 , 0.27028613, 0.18580398, 0.17354757,
       0.        , 0.17470907, 0.1860025 , 0.19243438, 0.19248782,
       0.22256514, 0.21356313, 0.20430132, 0.31348411, 0.30910071,
       0.23232296, 0.17922416, 0.18193493, 0.20451707, 0.30206892,
       0.20929458, 0.22991494, 0.2213591 , 0.25046517, 0.28622891,
       0.27156126, 0.21433054, 0.26468058, 0.26490783, 0.21745314,
       0.22550195, 0.29572863, 0.19796831, 0.21304309, 0.33338185,
       0.2335866 , 0.19700914, 0.18588225, 0.20322537, 0.2414226 ,
       0.20474062, 0.19709622, 0.26438973, 0.18956252, 0.18360757,
       0.15783789, 0.22827435, 0.24386478, 0.35799346, 0.25465742,
       0.20761048, 0.16424707, 0.18693074, 0.16798869, 0.21701518,
       0.24126374, 0.16419013, 0.17730595, 0.28631334, 0.30905417,
       0.21882344, 0.17265451, 0.32905569, 0.24223827, 0.20778267,
       0.18133894, 0.18422402, 0.18625528, 0.29869294, 0.21018142,
       0.263033  , 0.28233937, 0.2128285 , 0.24959802, 0.32042472,
       0.33139345, 0.3456713 , 0.33781103, 0.37462185, 0.36074138,
       0.31247429, 0.36519641, 0.24191794, 0.2311681 , 0.29939624,
       0.1952959 , 0.26503983, 0.33130024, 0.20634445, 0.21163277,
       0.24225726, 0.3400105 , 0.28444432, 0.27964418, 0.19481948]), 'delta_distances': array([0., 0., 0., 0., 0., 0., 0., 0., 0., 0., 0., 0., 0., 0., 0., 0., 0.,
       0., 0., 0., 0., 0., 0., 0., 0., 0., 0., 0., 0., 0., 0., 0., 0., 0.,
       0., 0., 0., 0., 0., 0., 0., 0., 0., 0., 0., 0., 0., 0., 0., 0., 0.,
       0., 0., 0., 0., 0., 0., 0., 0., 0., 0., 0., 0., 0., 0., 0., 0., 0.,
       0., 0., 0., 0., 0., 0., 0., 0., 0., 0., 0., 0., 0., 0., 0., 0., 0.,
       0., 0., 0., 0., 0., 0., 0., 0., 0., 0., 0., 0., 0., 0., 0., 0., 0.,
       0., 0., 0., 0., 0., 0., 0., 0., 0., 0., 0., 0., 0., 0., 0., 0., 0.,
       0., 0., 0., 0., 0., 0., 0., 0., 0., 0., 0., 0., 0., 0., 0., 0., 0.,
       0., 0., 0., 0., 0., 0., 0., 0., 0., 0., 0., 0., 0., 0., 0., 0., 0.,
       0., 0., 0., 0., 0., 0., 0., 0., 0., 0., 0., 0., 0., 0., 0., 0., 0.,
       0., 0., 0., 0., 0., 0., 0., 0., 0., 0., 0., 0., 0., 0., 0., 0., 0.,
       0., 0., 0., 0., 0., 0., 0., 0., 0., 0., 0., 0., 0.]), 'locations': array([ 30,  82, 241,  60, 163, 350,  67, 367,  61, 125, 100, 141,   0,
       332,  94, 388, 157,  65, 482, 451, 305, 368,  55, 247,  80, 123,
        88, 351, 217,  45, 216, 125, 199, 255,  61, 187, 143, 384, 473,
        24, 457,  94, 136, 473, 298, 290, 457, 348, 181,  82,  49, 384,
        74, 203, 125, 283,   9,  32, 307, 298, 277, 479, 355, 205, 123,
       202, 276, 156, 147, 342,  78, 202, 101, 234, 337,  15,  26, 427,
       116, 342, 484, 424, 319,  39, 189, 161,  93, 179, 165, 164, 420,
       119, 379, 384,  81, 382,  77,  58, 290, 249, 326, 293, 471, 357,
       444, 239, 288, 110, 164, 352, 189, 420, 435, 163, 211,  23, 355,
       107, 287, 424, 102, 373, 396, 153,  24, 295, 173,  78, 374, 190,
        14, 117, 280, 325, 398, 139, 334, 412, 351, 345,  47,  39,  53,
       201, 163, 288, 223, 300, 428, 382, 361, 311,  28, 473,  48, 270,
       308, 445, 158,  82,  25, 236,  32, 242,  53, 218, 240, 290, 131,
       253, 108,  75, 371,  71, 349, 369, 388, 416, 173, 263, 323, 344,
       422, 168, 319,  89, 177, 248, 438, 261,  86,  71, 352,  34, 184,
       385, 143, 416, 152, 339])}, {'ts_index': 119, 'loc': 408, 'gap': 0.02710832188633655, 'distances': array([0.2451072 , 0.25988684, 0.28305118, 0.20117823, 0.28681341,
       0.26186348, 0.15612303, 0.19508808, 0.21597146, 0.22604185,
       0.23475046, 0.16404027, 0.27546577, 0.29901645, 0.28096254,
       0.18345299, 0.21199613, 0.14813433, 0.28987915, 0.26726006,
       0.22532108, 0.21129406, 0.2985649 , 0.25852743, 0.30710138,
       0.22453434, 0.20304652, 0.20737714, 0.29981323, 0.2411625 ,
       0.26893897, 0.24125109, 0.26747015, 0.18229704, 0.27048981,
       0.25493837, 0.22661834, 0.27883536, 0.25319382, 0.20850938,
       0.28968262, 0.29255326, 0.23633114, 0.24863642, 0.18620792,
       0.27963054, 0.23648657, 0.16520227, 0.23265472, 0.24608866,
       0.23769695, 0.26073414, 0.25359448, 0.26399763, 0.19089429,
       0.30749558, 0.25562416, 0.24484501, 0.27089926, 0.22540526,
       0.20492125, 0.23776985, 0.22449385, 0.25141301, 0.24750057,
       0.18198198, 0.31292373, 0.29976381, 0.23352739, 0.20767564,
       0.2772989 , 0.32758904, 0.20606761, 0.1191476 , 0.        ,
       0.23761791, 0.17001794, 0.14683429, 0.18973829, 0.11731198,
       0.2364941 , 0.22485035, 0.11996841, 0.2169709 , 0.18270317,
       0.09763877, 0.23875251, 0.25451908, 0.29218279, 0.22471607,
       0.23113708, 0.23994883, 0.22223938, 0.26615227, 0.16079331,
       0.19976937, 0.14053363, 0.23353745]), 'delta_distances': array([0., 0., 0., 0., 0., 0., 0., 0., 0., 0., 0., 0., 0., 0., 0., 0., 0.,
       0., 0., 0., 0., 0., 0., 0., 0., 0., 0., 0., 0., 0., 0., 0., 0., 0.,
       0., 0., 0., 0., 0., 0., 0., 0., 0., 0., 0., 0., 0., 0., 0., 0., 0.,
       0., 0., 0., 0., 0., 0., 0., 0., 0., 0., 0., 0., 0., 0., 0., 0., 0.,
       0., 0., 0., 0., 0., 0., 0., 0., 0., 0., 0., 0., 0., 0., 0., 0., 0.,
       0., 0., 0., 0., 0., 0., 0., 0., 0., 0., 0., 0., 0.]), 'locations': array([215, 253, 135, 437, 340, 277, 413, 443, 410, 436, 355, 458, 452,
       112, 101, 380, 388,  96,  20, 225, 296, 364, 376,  49,  74, 427,
       361, 472, 218,  71, 168, 412, 440, 179,  53, 239, 299,  35,  63,
       336, 341,  20,  82,  14, 341, 130,  20, 482, 304, 214, 201, 368,
       326, 177, 173, 229, 446,  26, 442, 135, 280, 180, 303, 195, 294,
       122, 103, 305, 147,   4, 121, 121, 120, 313, 408, 254, 300, 320,
       331, 137,  90,  95, 278,  83, 424, 102, 243, 241,  97, 291, 270,
       399,  65, 326,  20, 123, 400, 139])}], 'clusters': array([0, 0, 1, 0, 0, 0, 0, 2, 0, 0, 0, 0, 1, 2, 1, 1, 0, 1, 0, 0, 2, 1,
       0, 2, 1, 0, 0, 0, 1, 0, 0, 0, 0, 1, 0, 1, 0, 0, 0, 0, 0, 1, 0, 0,
       1, 2, 0, 0, 0, 0, 1, 0, 0, 1, 0, 0, 0, 1, 0, 2, 0, 0, 2, 0, 0, 1,
       0, 0, 1, 0, 0, 0, 0, 0, 0, 0, 1, 0, 0, 0, 0, 0, 0, 2, 0, 0, 0, 0,
       0, 0, 1, 1, 1, 1, 1, 1, 1, 1, 1, 1, 1, 1, 1, 0, 1, 1, 1, 1, 1, 1,
       1, 1, 1, 1, 1, 1, 1, 1, 2, 2, 1, 1, 1, 1, 0, 1, 1, 1, 1, 2, 1, 1,
       1, 1, 1, 1, 2, 1, 1, 0, 1, 1, 1, 1, 1, 1, 1, 1, 1, 1, 1, 1, 1, 2,
       1, 1, 1, 1, 1, 1, 1, 1, 1, 0, 0, 1, 1, 2, 1, 1, 1, 1, 1, 0, 1, 1,
       2, 1, 1, 2, 0, 0, 0, 0, 0, 0, 0, 1, 1, 0, 1, 1, 2, 1, 1, 1, 0, 2,
       0, 1]), 'time': 1180.3920533657074}
lenSubsequence: 12{'RI': 0.6983417085427136, 'num_clusters': 3, 'uShapelets': [{'ts_index': 97, 'loc': 42, 'gap': 0.03842067800175883, 'distances': array([0.20770056, 0.22079135, 0.18325379, 0.2392353 , 0.16306807,
       0.23962578, 0.19847205, 0.18580078, 0.22105398, 0.21838611,
       0.22903719, 0.19480622, 0.2135626 , 0.16728938, 0.20181226,
       0.20406251, 0.2093204 , 0.16931199, 0.23401883, 0.26982821,
       0.14207285, 0.24432495, 0.21265903, 0.14992869, 0.15348398,
       0.22374943, 0.23914649, 0.21924359, 0.2298219 , 0.19268267,
       0.19952048, 0.2063662 , 0.22605652, 0.16402003, 0.2140711 ,
       0.22483219, 0.20731384, 0.21908863, 0.19130404, 0.17884842,
       0.22306999, 0.24348858, 0.18978872, 0.2150582 , 0.21930032,
       0.12873417, 0.21327008, 0.18538254, 0.23161318, 0.19788696,
       0.21426557, 0.18042373, 0.19536945, 0.23364729, 0.16775693,
       0.21495125, 0.17108467, 0.14718578, 0.22837729, 0.12143208,
       0.23697876, 0.24597226, 0.17081563, 0.19233633, 0.21763179,
       0.2131402 , 0.19415769, 0.19986666, 0.1763745 , 0.18594158,
       0.23300297, 0.20605233, 0.21439497, 0.22771117, 0.17882058,
       0.18685692, 0.20682648, 0.1768749 , 0.20665828, 0.19379505,
       0.20056943, 0.22236847, 0.17693788, 0.10023912, 0.2020734 ,
       0.22090364, 0.1878549 , 0.22553019, 0.20114573, 0.1873777 ,
       0.19127133, 0.08154293, 0.22211254, 0.14493277, 0.11061316,
       0.13672049, 0.12942823, 0.        , 0.15264781, 0.16661764,
       0.13323736, 0.11241732, 0.09916572, 0.20002167, 0.11504872,
       0.0936017 , 0.07121759, 0.13127621, 0.19524835, 0.18969211,
       0.16842417, 0.17207815, 0.14660025, 0.16549031, 0.18094041,
       0.21238654, 0.20909866, 0.20773489, 0.08935385, 0.09917938,
       0.11402628, 0.18158062, 0.10873608, 0.22493905, 0.23030926,
       0.14031322, 0.1958258 , 0.17366435, 0.10815896, 0.1316099 ,
       0.14361999, 0.17195784, 0.11580068, 0.17155103, 0.18804024,
       0.2234143 , 0.11816088, 0.1772955 , 0.18432162, 0.19569509,
       0.11757994, 0.13086735, 0.11118881, 0.09201355, 0.23454163,
       0.20772021, 0.07867849, 0.18556676, 0.10721082, 0.17378155,
       0.16254568, 0.18888729, 0.19219783, 0.13356891, 0.18865005,
       0.23387749, 0.12811516, 0.16071818, 0.11936458, 0.11458948,
       0.17698362, 0.12173611, 0.23135354, 0.16934849, 0.16805034,
       0.13490472, 0.2011    , 0.13605424, 0.2264309 , 0.14193976,
       0.1908603 , 0.22275639, 0.11983009, 0.21113396, 0.20542642,
       0.13313514, 0.19487687, 0.20757853, 0.1238566 , 0.08418358,
       0.19922126, 0.20045116, 0.21509212, 0.1905966 , 0.17197608,
       0.20827047, 0.19539652, 0.18234087, 0.21219828, 0.18142794,
       0.20962821, 0.19197835, 0.22850968, 0.22815705, 0.10112942,
       0.22292262, 0.23182042, 0.15890131, 0.19474101, 0.10474155]), 'delta_distances': array([0., 0., 0., 0., 0., 0., 0., 0., 0., 0., 0., 0., 0., 0., 0., 0., 0.,
       0., 0., 0., 0., 0., 0., 0., 0., 0., 0., 0., 0., 0., 0., 0., 0., 0.,
       0., 0., 0., 0., 0., 0., 0., 0., 0., 0., 0., 0., 0., 0., 0., 0., 0.,
       0., 0., 0., 0., 0., 0., 0., 0., 0., 0., 0., 0., 0., 0., 0., 0., 0.,
       0., 0., 0., 0., 0., 0., 0., 0., 0., 0., 0., 0., 0., 0., 0., 0., 0.,
       0., 0., 0., 0., 0., 0., 0., 0., 0., 0., 0., 0., 0., 0., 0., 0., 0.,
       0., 0., 0., 0., 0., 0., 0., 0., 0., 0., 0., 0., 0., 0., 0., 0., 0.,
       0., 0., 0., 0., 0., 0., 0., 0., 0., 0., 0., 0., 0., 0., 0., 0., 0.,
       0., 0., 0., 0., 0., 0., 0., 0., 0., 0., 0., 0., 0., 0., 0., 0., 0.,
       0., 0., 0., 0., 0., 0., 0., 0., 0., 0., 0., 0., 0., 0., 0., 0., 0.,
       0., 0., 0., 0., 0., 0., 0., 0., 0., 0., 0., 0., 0., 0., 0., 0., 0.,
       0., 0., 0., 0., 0., 0., 0., 0., 0., 0., 0., 0., 0.]), 'locations': array([222, 469, 343, 341, 436, 381, 277, 413,   5, 191, 437, 119, 235,
       459, 206, 241, 228,  37, 303, 110,   0,  15, 385,  97, 393, 211,
       410, 160,  48, 263,  21,  48, 127, 187, 191, 102, 412,  61,  88,
        71, 435, 107, 238, 440, 168, 178,  91, 435, 194,  37, 280, 349,
       246, 432, 342, 412,  82,  16, 334, 342, 474,  25, 482, 461, 407,
        58, 402, 486,  33, 326, 260, 101, 228, 448, 115, 440,  43, 282,
       281, 181, 305, 194, 293, 121, 198, 233,  70, 164, 145,  46,  96,
       104, 367, 371,  71, 373,  64,  42, 280, 235, 307, 281, 455, 143,
       430,  42, 277,  99, 158, 341, 177, 413, 423, 147, 233,  11, 337,
         5, 314, 410,  87, 391, 385, 142, 255, 284, 158,  65, 111, 301,
         2, 455, 187, 311, 327, 211, 132, 402, 338, 333,  37,  21,  40,
       190, 363, 446, 212, 364, 415, 372, 350, 276, 180, 138,  34, 343,
       296, 432, 146,  70,  17, 224,  17,  90,  99, 202, 231, 281, 405,
       236, 263, 204, 357, 473, 336, 356, 329,  53, 158, 103, 109, 318,
         1, 296, 271, 282, 135, 270, 425,  15, 332,  58, 396, 470, 170,
       374, 156, 401, 235, 326])}, {'ts_index': 169, 'loc': 252, 'gap': 0.029412775040370598, 'distances': array([0.33088739, 0.3277461 , 0.32166174, 0.31573668, 0.3196693 ,
       0.34780334, 0.29931738, 0.35896427, 0.3983977 , 0.3991282 ,
       0.4169915 , 0.30641634, 0.32023915, 0.28152272, 0.28803121,
       0.35440931, 0.27972423, 0.31244048, 0.3556089 , 0.33697899,
       0.34832571, 0.34802572, 0.372565  , 0.36238918, 0.33165628,
       0.38394184, 0.30107866, 0.34916194, 0.30124799, 0.34451032,
       0.37114472, 0.3856732 , 0.35069991, 0.28004986, 0.39271538,
       0.29729357, 0.28186184, 0.3326169 , 0.331452  , 0.33447861,
       0.36274435, 0.34750279, 0.37312061, 0.36494863, 0.31614459,
       0.35589305, 0.32457934, 0.36423203, 0.36665406, 0.2950512 ,
       0.38929901, 0.36798707, 0.26085142, 0.37457131, 0.39391235,
       0.36669099, 0.32013862, 0.37624456, 0.39091644, 0.35490859,
       0.33895476, 0.32510535, 0.34027593, 0.30215073, 0.30171116,
       0.36585043, 0.31244935, 0.33385818, 0.34881505, 0.35780325,
       0.26128186, 0.36015176, 0.3579961 , 0.32755234, 0.27511219,
       0.32930064, 0.3480793 , 0.37163673, 0.37306067, 0.31632694,
       0.3956754 , 0.41501652, 0.39359643, 0.27972146, 0.32955553,
       0.33875756, 0.40206491, 0.25847667, 0.23349167, 0.19119269,
       0.28470776, 0.20941884, 0.37787101, 0.23193727, 0.20922481,
       0.18605133, 0.26407739, 0.2401981 , 0.20648107, 0.21185682,
       0.30448004, 0.18731343, 0.22021785, 0.22082152, 0.24411346,
       0.30408869, 0.26562119, 0.22996114, 0.29149694, 0.27497396,
       0.23465468, 0.26466167, 0.26188197, 0.25776145, 0.25095509,
       0.26496479, 0.31543932, 0.28935305, 0.24233626, 0.27309723,
       0.23954988, 0.24933195, 0.25714258, 0.29930483, 0.21477409,
       0.23910246, 0.25003164, 0.30526809, 0.22252139, 0.29378195,
       0.33012468, 0.18494736, 0.25071653, 0.        , 0.26370005,
       0.19370887, 0.3296986 , 0.222141  , 0.30429335, 0.21310556,
       0.33770041, 0.33693635, 0.33520391, 0.36457467, 0.38641197,
       0.35770959, 0.3367123 , 0.25911899, 0.29995893, 0.30332015,
       0.30283974, 0.30049708, 0.24720507, 0.22811002, 0.27257193,
       0.32267332, 0.33268129, 0.30658341]), 'delta_distances': array([0., 0., 0., 0., 0., 0., 0., 0., 0., 0., 0., 0., 0., 0., 0., 0., 0.,
       0., 0., 0., 0., 0., 0., 0., 0., 0., 0., 0., 0., 0., 0., 0., 0., 0.,
       0., 0., 0., 0., 0., 0., 0., 0., 0., 0., 0., 0., 0., 0., 0., 0., 0.,
       0., 0., 0., 0., 0., 0., 0., 0., 0., 0., 0., 0., 0., 0., 0., 0., 0.,
       0., 0., 0., 0., 0., 0., 0., 0., 0., 0., 0., 0., 0., 0., 0., 0., 0.,
       0., 0., 0., 0., 0., 0., 0., 0., 0., 0., 0., 0., 0., 0., 0., 0., 0.,
       0., 0., 0., 0., 0., 0., 0., 0., 0., 0., 0., 0., 0., 0., 0., 0., 0.,
       0., 0., 0., 0., 0., 0., 0., 0., 0., 0., 0., 0., 0., 0., 0., 0., 0.,
       0., 0., 0., 0., 0., 0., 0., 0., 0., 0., 0., 0., 0., 0., 0., 0., 0.,
       0., 0., 0., 0., 0.]), 'locations': array([ 25,  81, 240,  59, 164, 263, 377, 365, 192, 126, 101, 141,   0,
       331,  94, 389, 156, 213, 483,  72, 304, 105, 408, 248, 384,  84,
        87, 461, 216, 277, 215, 339, 200, 255, 346, 186,  47, 385, 307,
        50,  36,  93,   5,  92, 297, 364, 287, 258, 349,  50, 385,  73,
       202, 124, 282, 196,  32, 306, 276, 165, 438, 208, 122, 200,   3,
       155, 146, 345,  77,  72, 104, 233, 280,  15,  25, 430, 167, 383,
       416, 423, 318, 246, 160,  88, 179, 169, 163, 421, 378, 387, 293,
       249, 358, 167, 352, 188, 422, 434, 162, 211,  22, 346, 108, 372,
       152, 121, 298, 172,  78,  19, 117, 324, 397, 142, 411, 352, 346,
       162, 288, 299, 383, 362,  90,  28,  49, 269, 445, 393,  27, 243,
       326, 243, 136, 252, 107,  75,  66, 350, 341, 416, 407, 476, 402,
       437, 319, 247, 341, 247, 437, 260,  85,  71, 352,  35, 387, 137,
       416,  55])}], 'clusters': array([0, 0, 0, 0, 0, 0, 0, 0, 0, 0, 0, 0, 0, 0, 0, 0, 0, 0, 0, 0, 0, 0,
       0, 0, 0, 0, 0, 0, 0, 0, 0, 0, 0, 0, 0, 0, 0, 0, 0, 0, 0, 0, 0, 0,
       0, 1, 0, 0, 0, 0, 0, 0, 0, 2, 0, 0, 0, 0, 0, 1, 0, 0, 0, 0, 0, 0,
       0, 0, 0, 0, 0, 0, 2, 0, 0, 0, 0, 0, 0, 0, 0, 0, 0, 1, 0, 0, 0, 0,
       0, 0, 2, 1, 2, 2, 1, 1, 1, 1, 0, 2, 1, 1, 1, 0, 1, 1, 1, 1, 2, 2,
       2, 2, 2, 2, 2, 0, 2, 2, 1, 1, 1, 2, 1, 2, 0, 2, 2, 0, 1, 1, 0, 2,
       1, 2, 2, 2, 1, 2, 2, 0, 1, 1, 1, 1, 0, 2, 1, 0, 1, 2, 2, 2, 0, 1,
       2, 2, 1, 2, 1, 1, 0, 1, 2, 0, 0, 1, 2, 1, 2, 2, 2, 2, 1, 0, 2, 1,
       0, 2, 1, 1, 0, 0, 0, 0, 0, 0, 0, 2, 0, 0, 0, 0, 2, 2, 1, 0, 0, 0,
       0, 1]), 'time': 1617.2768983840942}
lenSubsequence: 13{'RI': 0.5368844221105528, 'num_clusters': 2, 'uShapelets': [{'ts_index': 143, 'loc': 204, 'gap': 0.02757079615644198, 'distances': array([0.22843186, 0.37065183, 0.35788695, 0.32457471, 0.33592843,
       0.34255868, 0.28954796, 0.28181843, 0.36248841, 0.33235131,
       0.334402  , 0.28719359, 0.34900925, 0.30605274, 0.24111856,
       0.33489036, 0.24937982, 0.32611589, 0.33613057, 0.31897724,
       0.35453542, 0.31112405, 0.3616461 , 0.30496036, 0.3424569 ,
       0.38319244, 0.24924624, 0.28524497, 0.36128848, 0.31932928,
       0.35879549, 0.32122182, 0.29724856, 0.26975674, 0.35158752,
       0.24681408, 0.26069855, 0.31006153, 0.36345759, 0.33727586,
       0.35377199, 0.31134867, 0.352099  , 0.3360758 , 0.30214845,
       0.30188621, 0.35538302, 0.28377895, 0.32588026, 0.36588   ,
       0.31422775, 0.39783552, 0.35161962, 0.26781685, 0.35727584,
       0.32560765, 0.38533434, 0.3766448 , 0.32117701, 0.30308651,
       0.33850141, 0.32372619, 0.31979997, 0.33622064, 0.33248435,
       0.37891965, 0.36000818, 0.3459235 , 0.31096059, 0.25631458,
       0.32526856, 0.31952146, 0.30601209, 0.36975701, 0.32556464,
       0.30083628, 0.30409431, 0.30117433, 0.37221222, 0.36754027,
       0.32550384, 0.32456604, 0.35309213, 0.34547993, 0.34636755,
       0.38450459, 0.3258897 , 0.32005352, 0.31718273, 0.38225704,
       0.23997783, 0.24412073, 0.25293424, 0.24411708, 0.27018757,
       0.27047883, 0.26937218, 0.26519546, 0.23770078, 0.22603345,
       0.31984626, 0.20807424, 0.2793695 , 0.35048751, 0.22719931,
       0.26399775, 0.21370639, 0.30815219, 0.23527833, 0.23216038,
       0.17753431, 0.20661849, 0.24274514, 0.26211023, 0.26334842,
       0.35134099, 0.26441376, 0.24843199, 0.30738164, 0.23616733,
       0.29369358, 0.28082484, 0.26038751, 0.25273054, 0.29822381,
       0.29299257, 0.2588699 , 0.26189096, 0.26671766, 0.28478267,
       0.21775967, 0.26960713, 0.29345217, 0.25363291, 0.25934708,
       0.25033167, 0.26125541, 0.30095189, 0.24934627, 0.19506273,
       0.26732415, 0.26495036, 0.2614348 , 0.        , 0.29091233,
       0.25896568, 0.25511523, 0.30163066, 0.25473334, 0.25882105,
       0.22894927, 0.27106058, 0.27930276, 0.32820938, 0.20875553,
       0.25774557, 0.25303557, 0.27675513, 0.20247162, 0.34727758,
       0.27553203, 0.16259659, 0.27190495, 0.26315731, 0.29237215,
       0.26205047, 0.21749567, 0.30762772, 0.22233472, 0.23425167,
       0.27606074, 0.21864283, 0.30004443, 0.30907494, 0.27474588,
       0.25881043, 0.34448094, 0.19309139, 0.26528304, 0.35486229,
       0.33217858, 0.38347559, 0.32621351, 0.35314708, 0.35480383,
       0.31167766, 0.314541  , 0.3105067 , 0.32313182, 0.26507335,
       0.274217  , 0.28353794, 0.24875829, 0.24293596, 0.24226592,
       0.25552872, 0.23001416, 0.28673703, 0.29876086, 0.1888459 ]), 'delta_distances': array([0., 0., 0., 0., 0., 0., 0., 0., 0., 0., 0., 0., 0., 0., 0., 0., 0.,
       0., 0., 0., 0., 0., 0., 0., 0., 0., 0., 0., 0., 0., 0., 0., 0., 0.,
       0., 0., 0., 0., 0., 0., 0., 0., 0., 0., 0., 0., 0., 0., 0., 0., 0.,
       0., 0., 0., 0., 0., 0., 0., 0., 0., 0., 0., 0., 0., 0., 0., 0., 0.,
       0., 0., 0., 0., 0., 0., 0., 0., 0., 0., 0., 0., 0., 0., 0., 0., 0.,
       0., 0., 0., 0., 0., 0., 0., 0., 0., 0., 0., 0., 0., 0., 0., 0., 0.,
       0., 0., 0., 0., 0., 0., 0., 0., 0., 0., 0., 0., 0., 0., 0., 0., 0.,
       0., 0., 0., 0., 0., 0., 0., 0., 0., 0., 0., 0., 0., 0., 0., 0., 0.,
       0., 0., 0., 0., 0., 0., 0., 0., 0., 0., 0., 0., 0., 0., 0., 0., 0.,
       0., 0., 0., 0., 0., 0., 0., 0., 0., 0., 0., 0., 0., 0., 0., 0., 0.,
       0., 0., 0., 0., 0., 0., 0., 0., 0., 0., 0., 0., 0., 0., 0., 0., 0.,
       0., 0., 0., 0., 0., 0., 0., 0., 0., 0., 0., 0., 0.]), 'locations': array([ 25, 278, 397, 178, 270, 310, 378, 365,  37, 128, 218, 138, 415,
       331,  97, 391, 156, 136, 483, 454, 445, 223, 411, 250, 271, 146,
        91, 354, 220, 294, 215, 339, 222, 255, 347, 187,  47, 385, 305,
        22,  30,  93,   9, 111, 401, 190, 363, 351, 266, 447,  26, 447,
       419, 199, 124, 282, 340, 105, 220, 296, 440, 135, 438, 208, 148,
       287,   6, 155, 475, 345,  81,  76, 102, 237, 280,  16,  26, 430,
       118, 341, 416, 248,  46, 142, 187, 159,  88,  76, 170, 374, 425,
       122, 382, 391,  84, 385,  77,  55, 405, 250, 329, 296, 474, 159,
       447,  55, 293, 459, 167, 355, 192, 423, 436, 163, 210, 476, 349,
       109, 329, 427, 105, 373, 396, 154, 125, 298, 173,  78, 377, 191,
        20, 118, 278, 328, 398, 142, 337, 415, 354, 351,  50,  38,  54,
       204, 162, 288, 226, 300, 431, 386, 369, 314,  27, 153,  52, 269,
       307, 445, 163, 163, 388, 239,  33, 247, 391,  56, 243, 296, 136,
       256, 109,  75, 369, 113, 350, 369, 388, 419, 173, 117, 411, 475,
       108, 106,  92, 237, 180, 248, 438, 264,  94,  75, 352,  35, 187,
       390, 138, 419, 154, 342])}], 'clusters': array([1, 0, 0, 1, 1, 1, 1, 1, 0, 1, 1, 1, 0, 1, 1, 1, 1, 1, 1, 1, 0, 1,
       0, 1, 1, 0, 1, 1, 0, 1, 0, 1, 1, 1, 0, 1, 1, 1, 0, 1, 0, 1, 0, 1,
       1, 1, 0, 1, 1, 0, 1, 0, 0, 1, 0, 1, 0, 0, 1, 1, 1, 1, 1, 1, 1, 0,
       0, 1, 1, 1, 1, 1, 1, 0, 1, 1, 1, 1, 0, 0, 1, 1, 0, 1, 1, 0, 1, 1,
       1, 0, 1, 1, 1, 1, 1, 1, 1, 1, 1, 1, 1, 1, 1, 0, 1, 1, 1, 1, 1, 1,
       1, 1, 1, 1, 1, 0, 1, 1, 1, 1, 1, 1, 1, 1, 1, 1, 1, 1, 1, 1, 1, 1,
       1, 1, 1, 1, 1, 1, 1, 1, 1, 1, 1, 1, 1, 1, 1, 1, 1, 1, 1, 1, 1, 1,
       1, 1, 1, 1, 1, 1, 1, 1, 1, 1, 1, 1, 1, 1, 1, 1, 1, 1, 1, 1, 1, 1,
       1, 1, 1, 0, 1, 0, 1, 0, 0, 1, 1, 1, 1, 1, 1, 1, 1, 1, 1, 1, 1, 1,
       1, 1]), 'time': 808.2248909473419}
lenSubsequence: 14{'RI': 0.6139195979899498, 'num_clusters': 4, 'uShapelets': [{'ts_index': 99, 'loc': 251, 'gap': 0.032770902505013216, 'distances': array([0.25431966, 0.26465873, 0.27715641, 0.20678486, 0.2322918 ,
       0.26705674, 0.21726841, 0.21545843, 0.29684165, 0.28548978,
       0.31223786, 0.20283043, 0.24856667, 0.22010861, 0.21222784,
       0.20075336, 0.20236786, 0.23316153, 0.25607151, 0.24538985,
       0.23869556, 0.24472532, 0.24819242, 0.20167407, 0.26567622,
       0.28989024, 0.19970294, 0.21300802, 0.26784012, 0.24109849,
       0.28090327, 0.25638179, 0.21558908, 0.24621512, 0.24614806,
       0.19386693, 0.25246135, 0.19670119, 0.27565982, 0.25256688,
       0.26674134, 0.26932956, 0.22433627, 0.26212611, 0.24295386,
       0.19690426, 0.26805279, 0.24201672, 0.23847671, 0.26940131,
       0.25719465, 0.26543369, 0.28612453, 0.20227965, 0.2893328 ,
       0.24242245, 0.30329924, 0.25461413, 0.28773934, 0.21945824,
       0.2650541 , 0.25843617, 0.21982414, 0.22753731, 0.28734867,
       0.2554761 , 0.26173199, 0.27354876, 0.22804909, 0.20826119,
       0.25300003, 0.23859875, 0.22566287, 0.26761213, 0.30070826,
       0.20824278, 0.17572134, 0.19354767, 0.27129862, 0.25251391,
       0.23714077, 0.29568505, 0.30133854, 0.28291788, 0.25838359,
       0.26201495, 0.20888925, 0.27048793, 0.18609887, 0.29069011,
       0.1282813 , 0.15739175, 0.1355861 , 0.21837734, 0.18292641,
       0.17916053, 0.12446061, 0.19179762, 0.16129717, 0.        ,
       0.25583721, 0.12246155, 0.23248654, 0.24186674, 0.14886413,
       0.1489906 , 0.1291378 , 0.2324316 , 0.14445319, 0.15524801,
       0.13664528, 0.16008827, 0.11465125, 0.15151002, 0.22625664,
       0.25859277, 0.17127511, 0.17012172, 0.20973312, 0.2546036 ,
       0.19776228, 0.18222484, 0.14125704, 0.13328853, 0.2765642 ,
       0.24489771, 0.14916401, 0.14003609, 0.20830115, 0.22261076,
       0.28836464, 0.20390607, 0.24857138, 0.22570229, 0.18210785,
       0.22326706, 0.23697902, 0.17166039, 0.21684859, 0.24555743,
       0.19769501, 0.19230163, 0.1540133 , 0.18623303, 0.24636839,
       0.11518725, 0.17284497, 0.22665419, 0.16590313, 0.1623779 ,
       0.16417422, 0.17415648, 0.20938133, 0.22686536, 0.15045453,
       0.13696264, 0.18641262, 0.21584459, 0.11672674, 0.27666004,
       0.21744009, 0.18035511, 0.17971752, 0.20597813, 0.21644506,
       0.18230827, 0.16099913, 0.26779522, 0.13177276, 0.20310961,
       0.26758111, 0.13221085, 0.24068858, 0.2716016 , 0.17024134,
       0.15983817, 0.27885905, 0.15507722, 0.20306552, 0.26615572,
       0.20742451, 0.24247366, 0.2643301 , 0.27670745, 0.25541816,
       0.26708322, 0.27950214, 0.24138212, 0.2522061 , 0.24078473,
       0.24795164, 0.1724616 , 0.18609158, 0.13957296, 0.12600885,
       0.16456493, 0.18036972, 0.22286354, 0.17317188, 0.19206147]), 'delta_distances': array([0., 0., 0., 0., 0., 0., 0., 0., 0., 0., 0., 0., 0., 0., 0., 0., 0.,
       0., 0., 0., 0., 0., 0., 0., 0., 0., 0., 0., 0., 0., 0., 0., 0., 0.,
       0., 0., 0., 0., 0., 0., 0., 0., 0., 0., 0., 0., 0., 0., 0., 0., 0.,
       0., 0., 0., 0., 0., 0., 0., 0., 0., 0., 0., 0., 0., 0., 0., 0., 0.,
       0., 0., 0., 0., 0., 0., 0., 0., 0., 0., 0., 0., 0., 0., 0., 0., 0.,
       0., 0., 0., 0., 0., 0., 0., 0., 0., 0., 0., 0., 0., 0., 0., 0., 0.,
       0., 0., 0., 0., 0., 0., 0., 0., 0., 0., 0., 0., 0., 0., 0., 0., 0.,
       0., 0., 0., 0., 0., 0., 0., 0., 0., 0., 0., 0., 0., 0., 0., 0., 0.,
       0., 0., 0., 0., 0., 0., 0., 0., 0., 0., 0., 0., 0., 0., 0., 0., 0.,
       0., 0., 0., 0., 0., 0., 0., 0., 0., 0., 0., 0., 0., 0., 0., 0., 0.,
       0., 0., 0., 0., 0., 0., 0., 0., 0., 0., 0., 0., 0., 0., 0., 0., 0.,
       0., 0., 0., 0., 0., 0., 0., 0., 0., 0., 0., 0., 0.]), 'locations': array([ 26, 477, 398,  60,  82, 411, 376, 366, 409, 139, 217, 141,   2,
        73,  96, 391, 157, 403, 484,  75, 147, 224,  54, 248, 386,  87,
        89, 353, 169, 293, 295,   3, 220, 255, 348, 191, 437, 386, 472,
        26,  28,   0,   7, 111, 175, 188,  73, 349, 265, 390,  51, 446,
        75, 205, 350, 417, 341, 106, 308, 295, 441, 133, 437, 207, 324,
       201, 117, 271, 148, 346, 395,  74, 103, 236, 201,  15,  25, 429,
       117, 342, 417, 230, 319, 145, 191, 158,  95, 317, 168, 235, 424,
       121, 381, 392,  83, 386,  78,  58, 292, 251, 327, 295, 473, 163,
       448,  56, 292, 466, 168, 356, 191, 424, 437, 164, 212, 476, 357,
       111, 330, 426, 106, 372, 247, 155,  25, 297, 172,  80, 128, 190,
       180, 120, 278, 327, 400, 141, 338, 414, 353, 352,  49,  37,  55,
       206, 167, 290, 228, 300, 429, 387, 367, 315,  28, 153,  51, 272,
       310, 450, 162, 164, 392, 240,  32, 246, 327, 449, 245, 297, 137,
       254, 105,  76, 368, 123, 349, 371, 388, 418, 175, 124, 410, 118,
       401, 105, 321, 188, 185, 199, 437, 265, 434,  76, 357,  37, 186,
       389, 137, 417, 156, 341])}, {'ts_index': 164, 'loc': 486, 'gap': 0.0252842723700345, 'distances': array([0.36631042, 0.3642522 , 0.28164825, 0.29288165, 0.34931565,
       0.36541289, 0.3678673 , 0.32491891, 0.3604653 , 0.36545436,
       0.32124263, 0.35740631, 0.37065058, 0.37641217, 0.37393874,
       0.34620254, 0.32576295, 0.36522513, 0.22007724, 0.3842708 ,
       0.33967322, 0.33723842, 0.33072548, 0.35907291, 0.28398883,
       0.3563895 , 0.32368485, 0.278916  , 0.36341547, 0.36937344,
       0.37950645, 0.34398202, 0.33433383, 0.37266903, 0.3794948 ,
       0.37447622, 0.32619822, 0.3070411 , 0.28737905, 0.30108553,
       0.3869646 , 0.30644992, 0.2937863 , 0.33344597, 0.30841064,
       0.36104715, 0.32492246, 0.38140669, 0.33085687, 0.26432224,
       0.32019391, 0.28652418, 0.36251473, 0.33299825, 0.35580793,
       0.32402576, 0.33865282, 0.33547661, 0.33958308, 0.31311979,
       0.31323779, 0.35493905, 0.38719109, 0.37528304, 0.3352588 ,
       0.34458086, 0.36377919, 0.31189311, 0.34908662, 0.31615413,
       0.37326502, 0.37044782, 0.37654124, 0.36905351, 0.28497578,
       0.359689  , 0.34459194, 0.39517701, 0.37118297, 0.36659485,
       0.31738651, 0.37044874, 0.36504255, 0.37269422, 0.35737817,
       0.36098476, 0.38409156, 0.32863693, 0.35537632, 0.2872332 ,
       0.3082907 , 0.38090713, 0.37940767, 0.3180678 , 0.33442923,
       0.24507152, 0.35702909, 0.38711896, 0.33649877, 0.40198394,
       0.32837006, 0.35057638, 0.31007398, 0.35573738, 0.35531096,
       0.36895048, 0.31923755, 0.37670453, 0.38555247, 0.34349746,
       0.34469553, 0.27144343, 0.36883167, 0.28999959, 0.37788945,
       0.28250683, 0.29914377, 0.38195446, 0.3626483 , 0.33102015,
       0.27997197, 0.33108839, 0.34173233, 0.30153698, 0.36974174,
       0.33829987, 0.34287474, 0.34298429, 0.37654932, 0.29334161,
       0.33482607, 0.33103275, 0.31163976, 0.3953876 , 0.38102866,
       0.31626701, 0.28444815, 0.39011739, 0.34924762, 0.35416084,
       0.35764301, 0.34881454, 0.35166294, 0.38362138, 0.38101112,
       0.33895179, 0.31422783, 0.3627636 , 0.34475513, 0.35819675,
       0.36094457, 0.34805756, 0.35526794, 0.34371863, 0.38098742,
       0.33358135, 0.301558  , 0.3377627 , 0.3349958 , 0.36467542,
       0.37352127, 0.29790468, 0.35138033, 0.37729283, 0.34660574]), 'delta_distances': array([0., 0., 0., 0., 0., 0., 0., 0., 0., 0., 0., 0., 0., 0., 0., 0., 0.,
       0., 0., 0., 0., 0., 0., 0., 0., 0., 0., 0., 0., 0., 0., 0., 0., 0.,
       0., 0., 0., 0., 0., 0., 0., 0., 0., 0., 0., 0., 0., 0., 0., 0., 0.,
       0., 0., 0., 0., 0., 0., 0., 0., 0., 0., 0., 0., 0., 0., 0., 0., 0.,
       0., 0., 0., 0., 0., 0., 0., 0., 0., 0., 0., 0., 0., 0., 0., 0., 0.,
       0., 0., 0., 0., 0., 0., 0., 0., 0., 0., 0., 0., 0., 0., 0., 0., 0.,
       0., 0., 0., 0., 0., 0., 0., 0., 0., 0., 0., 0., 0., 0., 0., 0., 0.,
       0., 0., 0., 0., 0., 0., 0., 0., 0., 0., 0., 0., 0., 0., 0., 0., 0.,
       0., 0., 0., 0., 0., 0., 0., 0., 0., 0., 0., 0., 0., 0., 0., 0., 0.,
       0., 0., 0., 0., 0., 0., 0., 0., 0., 0., 0., 0.]), 'locations': array([129, 396, 435, 327, 147, 187, 336,  29,  13,  90, 238,  52, 338,
        39, 482, 102,  52, 319,  25, 105, 168, 459, 254, 336, 368, 404,
       293, 238,  68, 478, 402, 261, 187, 188, 284,  50, 327, 317, 121,
       345, 151,  46, 256, 173,  80,  61, 201,  89,   9, 205, 429, 138,
       213,  68, 144, 312, 401, 191,  30, 457,  74, 121, 308, 232, 423,
       427,  28,  70, 334, 276, 361, 188, 331, 382, 353,  46,  76, 401,
       150, 201,  30, 400,  14, 256, 278, 261,  46, 101, 253, 192, 408,
        21, 182, 277,  20,  35, 459, 110, 277, 226, 152,  65,  53, 227,
       260, 234,  96, 337,  32,   4, 428, 149,  12, 273,  93,  16, 204,
       218, 227,  80, 451,  24, 388, 427,  68,   6, 253,  26, 230, 279,
       135, 182, 312, 336, 178, 116, 194, 100, 458, 244, 274,   0, 273,
       360, 216, 172,   2,  48,  74, 147,  65, 219, 426, 292, 441, 341,
       278, 394, 227, 156, 466, 441, 292, 275, 146])}, {'ts_index': 169, 'loc': 249, 'gap': 0.02657862504357067, 'distances': array([0.30711779, 0.32491203, 0.31562318, 0.32384082, 0.29787146,
       0.33083015, 0.34846046, 0.34535937, 0.38512903, 0.26179016,
       0.31508097, 0.30021495, 0.28463113, 0.32799088, 0.29343137,
       0.27898   , 0.31509032, 0.28116726, 0.31345643, 0.34386046,
       0.33694359, 0.3954993 , 0.29663458, 0.30709701, 0.35337069,
       0.36302008, 0.38472898, 0.3467351 , 0.27515509, 0.37210009,
       0.28378429, 0.30867172, 0.31380933, 0.31596845, 0.31513681,
       0.30791574, 0.28062966, 0.33090655, 0.27949534, 0.34804847,
       0.21086672, 0.3682586 , 0.36115931, 0.37614463, 0.32562094,
       0.3342696 , 0.33627879, 0.36807177, 0.34274593, 0.36180287,
       0.30980817, 0.31018243, 0.29895668, 0.3140053 , 0.35270386,
       0.33536471, 0.29592078, 0.32003064, 0.34403094, 0.24999146,
       0.36619422, 0.33936606, 0.348585  , 0.30666734, 0.35063751,
       0.33899314, 0.3487462 , 0.39291641, 0.35096363, 0.33842004,
       0.35769932, 0.36904323, 0.31429834, 0.33617046, 0.3141958 ,
       0.23481894, 0.27029272, 0.24744429, 0.24849051, 0.35314325,
       0.27910089, 0.21761175, 0.30367239, 0.20467775, 0.32011134,
       0.28818056, 0.25390164, 0.20241059, 0.31287164, 0.24126537,
       0.30473298, 0.2804609 , 0.23218786, 0.2708167 , 0.26357528,
       0.23316094, 0.25891786, 0.29436492, 0.2696533 , 0.19613815,
       0.22824297, 0.23630355, 0.22246812, 0.21437614, 0.22802777,
       0.17537565, 0.23533705, 0.27145626, 0.19729267, 0.21961095,
       0.29414141, 0.29587246, 0.19592373, 0.        , 0.22317845,
       0.21163377, 0.29422094, 0.27507904, 0.27293702, 0.21379895,
       0.31021156, 0.28979615, 0.32761325, 0.28997931, 0.3409885 ,
       0.33895558, 0.32733705, 0.29559956, 0.2403593 , 0.31467071,
       0.2588135 , 0.29235852, 0.24493055, 0.27616162, 0.27936227,
       0.17139166]), 'delta_distances': array([0., 0., 0., 0., 0., 0., 0., 0., 0., 0., 0., 0., 0., 0., 0., 0., 0.,
       0., 0., 0., 0., 0., 0., 0., 0., 0., 0., 0., 0., 0., 0., 0., 0., 0.,
       0., 0., 0., 0., 0., 0., 0., 0., 0., 0., 0., 0., 0., 0., 0., 0., 0.,
       0., 0., 0., 0., 0., 0., 0., 0., 0., 0., 0., 0., 0., 0., 0., 0., 0.,
       0., 0., 0., 0., 0., 0., 0., 0., 0., 0., 0., 0., 0., 0., 0., 0., 0.,
       0., 0., 0., 0., 0., 0., 0., 0., 0., 0., 0., 0., 0., 0., 0., 0., 0.,
       0., 0., 0., 0., 0., 0., 0., 0., 0., 0., 0., 0., 0., 0., 0., 0., 0.,
       0., 0., 0., 0., 0., 0., 0., 0., 0., 0., 0., 0., 0., 0., 0., 0., 0.]), 'locations': array([ 22,  78, 161, 310, 374, 364,  57, 123, 100, 138, 415, 328,  94,
       385, 153, 210, 449, 301, 102,  54, 257, 381,  85, 213, 173,  82,
       196, 216, 252,  63, 187,  44,  33, 469, 186, 453, 284, 255,  47,
        70, 199, 345, 282, 193,  28, 303, 296, 433, 476, 435, 201, 119,
       196,   0, 154, 145, 341,  75,  71, 101, 204,  12, 337, 429, 112,
       380,  86, 421, 220, 141, 169, 157,  93, 312, 163,  78, 380,  55,
       322, 152, 107, 208,  20, 343, 219, 420,  96, 369, 118, 296, 373,
       308,  17, 278, 395, 409, 349, 343,  36, 197, 225, 296, 424,  87,
        24, 304, 442, 382, 234,  24, 323, 218, 289, 249, 105, 367, 327,
       347, 338, 169, 261, 404, 474, 399, 201, 318, 244, 176, 244, 260,
        83,  72, 349, 412, 148, 335])}], 'clusters': array([0, 0, 2, 2, 0, 0, 0, 0, 0, 0, 0, 0, 0, 0, 0, 0, 0, 0, 2, 0, 0, 0,
       0, 0, 2, 0, 0, 2, 0, 0, 0, 0, 0, 0, 0, 0, 0, 2, 2, 2, 0, 2, 2, 0,
       2, 0, 0, 0, 0, 2, 0, 2, 0, 3, 0, 0, 0, 0, 0, 0, 0, 0, 0, 0, 0, 0,
       0, 0, 0, 0, 0, 0, 0, 0, 2, 0, 0, 0, 0, 0, 0, 0, 0, 0, 0, 0, 0, 0,
       0, 2, 1, 1, 1, 2, 3, 0, 1, 0, 1, 1, 0, 1, 2, 0, 1, 1, 1, 0, 1, 1,
       1, 1, 1, 1, 3, 0, 3, 0, 2, 0, 0, 3, 1, 1, 0, 3, 1, 1, 0, 0, 3, 2,
       0, 2, 0, 2, 2, 3, 0, 0, 2, 0, 1, 3, 2, 1, 3, 3, 3, 1, 1, 3, 3, 2,
       1, 1, 3, 3, 1, 2, 0, 3, 3, 2, 0, 0, 1, 3, 1, 3, 3, 1, 3, 0, 0, 1,
       0, 1, 3, 0, 0, 0, 0, 0, 0, 0, 0, 3, 2, 0, 0, 0, 3, 1, 1, 1, 2, 0,
       0, 3]), 'time': 1912.9977831840515}
