lenSubsequence: 7{'RI': 0.667286432160804, 'num_clusters': 9, 'uShapelets': [{'ts_index': 14, 'loc': 194, 'gap': 0.025100522038155243, 'distances': array([0.22778416, 0.21884663, 0.22372208, 0.085714  , 0.24432473,
       0.13737544, 0.21518019, 0.18129473, 0.21830428, 0.21567845,
       0.22814814, 0.24822026, 0.24131648, 0.21777047, 0.        ,
       0.23787195, 0.22062681, 0.23324518, 0.21550751, 0.24073252,
       0.24022711, 0.25142549, 0.19834042, 0.2088889 , 0.20080008,
       0.19501513, 0.16725179, 0.17626205, 0.19859954, 0.19091578,
       0.22155261, 0.23033212, 0.24432148, 0.23776248, 0.23391981,
       0.17666229, 0.19198322, 0.11048153, 0.20678725, 0.26090151,
       0.18521268, 0.17038616, 0.2010159 , 0.15789277, 0.21390324,
       0.14464404, 0.20591275, 0.20068601, 0.22429869, 0.15653335,
       0.16554208, 0.20328343, 0.21264381, 0.14534992, 0.16299518,
       0.15418334, 0.19397288, 0.20075705, 0.22201199, 0.21929087,
       0.22685675, 0.21455307, 0.21870292, 0.2313274 , 0.22075711,
       0.2265122 , 0.17485701, 0.20847033, 0.26010557, 0.22324302,
       0.20450285, 0.15395618, 0.10730861, 0.20105752, 0.25572534,
       0.19153807, 0.21379103, 0.1585056 , 0.24853247, 0.17882114,
       0.2333598 , 0.17634272, 0.14130391, 0.23646289, 0.20570256,
       0.20452568, 0.14763509, 0.20491614, 0.23502222, 0.19998214,
       0.22651696, 0.20885655, 0.22955227, 0.19428043, 0.22449529,
       0.16108462, 0.23935632, 0.23095182, 0.25810052, 0.24760196,
       0.21974312, 0.13219793, 0.21402004, 0.20075557, 0.22220795,
       0.21717921, 0.20299508, 0.243729  , 0.22008919, 0.23445808,
       0.21735467, 0.15398282, 0.23867444, 0.14283439, 0.21057252,
       0.19004604, 0.23275638, 0.24327049, 0.22453994, 0.24023824,
       0.22086207, 0.25978837, 0.14389886, 0.23556699, 0.1363715 ,
       0.2208143 , 0.23268539, 0.2106318 , 0.24234297, 0.18704004,
       0.20479455, 0.23614258, 0.22928276, 0.18881574, 0.18904655,
       0.23377591, 0.23400361, 0.18736347, 0.21243518, 0.13514984,
       0.21077628, 0.22865073, 0.14508347, 0.16412149, 0.2157942 ,
       0.18402347, 0.1501745 , 0.19384694, 0.24502218, 0.21694221,
       0.25442882, 0.1229383 , 0.22571115, 0.21495012, 0.22042738,
       0.2487336 , 0.22369622, 0.19662219, 0.18656739, 0.23638417,
       0.22289516, 0.21190848, 0.22293132, 0.24805976, 0.20020415,
       0.16517913, 0.20887144, 0.20571506, 0.14239071, 0.16934216,
       0.19534739, 0.24293452, 0.23556155, 0.18703979, 0.16468981,
       0.23363703, 0.14046349, 0.21036032, 0.24181685, 0.2377377 ,
       0.21651027, 0.22162465, 0.21213568, 0.21926406, 0.25787972,
       0.24686244, 0.24492705, 0.21419719, 0.22134059, 0.20359695,
       0.22068261, 0.23077552, 0.22273943, 0.17088981, 0.19729793,
       0.22550505, 0.17047143, 0.21879087, 0.2464231 , 0.24549937]), 'delta_distances': array([0., 0., 0., 0., 0., 0., 0., 0., 0., 0., 0., 0., 0., 0., 0., 0., 0.,
       0., 0., 0., 0., 0., 0., 0., 0., 0., 0., 0., 0., 0., 0., 0., 0., 0.,
       0., 0., 0., 0., 0., 0., 0., 0., 0., 0., 0., 0., 0., 0., 0., 0., 0.,
       0., 0., 0., 0., 0., 0., 0., 0., 0., 0., 0., 0., 0., 0., 0., 0., 0.,
       0., 0., 0., 0., 0., 0., 0., 0., 0., 0., 0., 0., 0., 0., 0., 0., 0.,
       0., 0., 0., 0., 0., 0., 0., 0., 0., 0., 0., 0., 0., 0., 0., 0., 0.,
       0., 0., 0., 0., 0., 0., 0., 0., 0., 0., 0., 0., 0., 0., 0., 0., 0.,
       0., 0., 0., 0., 0., 0., 0., 0., 0., 0., 0., 0., 0., 0., 0., 0., 0.,
       0., 0., 0., 0., 0., 0., 0., 0., 0., 0., 0., 0., 0., 0., 0., 0., 0.,
       0., 0., 0., 0., 0., 0., 0., 0., 0., 0., 0., 0., 0., 0., 0., 0., 0.,
       0., 0., 0., 0., 0., 0., 0., 0., 0., 0., 0., 0., 0., 0., 0., 0., 0.,
       0., 0., 0., 0., 0., 0., 0., 0., 0., 0., 0., 0., 0.]), 'locations': array([ 46,  73, 151, 139, 163, 105,  98, 148, 168,  29,  77, 163, 134,
       109, 194, 141, 148,  62, 149,  98, 123,  54, 109, 177,  54, 101,
       140, 179, 144,  25,  39, 132,  25,  47,   4,  60, 123,  19,  55,
       186, 142,  74,  77, 180,  10, 139,  72,  70, 179, 133,  40, 154,
        19, 105,  65, 138,  54,  97, 124, 164, 131,  88, 163, 114, 126,
        18, 171, 103,  63, 143, 169,  62, 113,  36, 179,  84,  34, 109,
        52, 149,  13,  28,  92, 234,  16,  15, 130,  24, 139,  15, 139,
        36,  62,  73, 132, 106,  99, 129,  53, 178,  92,  19, 163, 152,
        98,   5, 189, 257, 221, 150,  70,  19,  29,  18, 180,  36, 198,
       152, 111, 222, 183, 184,  76,  84,  11,  76, 166,  92,   2,  93,
       168, 115, 103,  51, 152,  95,  48,   2,  79,  36,  48, 134, 105,
        51, 171, 113,  84,  44, 101, 138,  81, 169,  42, 123,  68, 162,
       183, 171,  58, 185, 140,  19, 145, 120,  98,  28,  30,   7,  80,
       128, 112, 105,  68,  23,  66, 103,  79, 119, 176,  27, 151, 166,
       199,   7, 157,   4, 160, 164, 105, 159,  70,  17,  70, 132, 143,
       193,  63,  73,  71, 108])}, {'ts_index': 172, 'loc': 41, 'gap': 0.023692403274246515, 'distances': array([0.22124149, 0.23135168, 0.24010156, 0.16982104, 0.11042082,
       0.23355087, 0.22580581, 0.22782957, 0.25372208, 0.25804229,
       0.24458902, 0.20695172, 0.25255709, 0.24579613, 0.22391478,
       0.22429782, 0.18821091, 0.23505706, 0.25158872, 0.23877142,
       0.13350372, 0.25159154, 0.24783513, 0.25218646, 0.16827279,
       0.23811968, 0.21836457, 0.2379842 , 0.23061277, 0.22403155,
       0.23551347, 0.1838146 , 0.1714398 , 0.24753457, 0.21227566,
       0.23219629, 0.22415989, 0.1833213 , 0.11615195, 0.19830578,
       0.18012528, 0.20612686, 0.20010482, 0.17346155, 0.23377083,
       0.23917188, 0.23152692, 0.24007736, 0.24803689, 0.22772362,
       0.24727117, 0.22149522, 0.23208171, 0.23857782, 0.23141625,
       0.1597869 , 0.24496258, 0.1155656 , 0.20817081, 0.16373446,
       0.11997977, 0.2064581 , 0.18865058, 0.24415014, 0.23520373,
       0.24102056, 0.19062095, 0.26000574, 0.19618685, 0.1752881 ,
       0.21955098, 0.24146177, 0.22208297, 0.22805563, 0.24969695,
       0.19221423, 0.24200682, 0.23148922, 0.1785655 , 0.17753616,
       0.13291757, 0.21720904, 0.19611157, 0.22931059, 0.19207326,
       0.21379483, 0.26852689, 0.2392472 , 0.19115117, 0.2252085 ,
       0.25342477, 0.23032037, 0.17115997, 0.22178288, 0.21093754,
       0.22572405, 0.20565902, 0.22923356, 0.24480549, 0.1842772 ,
       0.12039026, 0.22848561, 0.15304969, 0.15739842, 0.19526928,
       0.22459972, 0.23042474, 0.19074104, 0.21314513, 0.21638004,
       0.22555682, 0.25924816, 0.21095424, 0.13248216, 0.20878829,
       0.25087838, 0.21796335, 0.23081427, 0.20825501, 0.13616342,
       0.21578263, 0.2493356 , 0.24815502, 0.249907  , 0.2556843 ,
       0.24438845, 0.22939856, 0.20360916, 0.23520314, 0.23435851,
       0.2146634 , 0.19585445, 0.20766451, 0.20725321, 0.25252345,
       0.26027123, 0.2037986 , 0.20778016, 0.23959692, 0.22000349,
       0.        , 0.1488007 , 0.25765833, 0.19662428, 0.21421031,
       0.2087224 , 0.23271931, 0.11268861, 0.19020613, 0.2287386 ,
       0.25496555, 0.2143073 , 0.16493983, 0.22137762, 0.20265525,
       0.21709042, 0.19198327, 0.21358255, 0.14441756, 0.20417282,
       0.2198945 , 0.24225716, 0.22662185, 0.2474183 , 0.24885513]), 'delta_distances': array([0., 0., 0., 0., 0., 0., 0., 0., 0., 0., 0., 0., 0., 0., 0., 0., 0.,
       0., 0., 0., 0., 0., 0., 0., 0., 0., 0., 0., 0., 0., 0., 0., 0., 0.,
       0., 0., 0., 0., 0., 0., 0., 0., 0., 0., 0., 0., 0., 0., 0., 0., 0.,
       0., 0., 0., 0., 0., 0., 0., 0., 0., 0., 0., 0., 0., 0., 0., 0., 0.,
       0., 0., 0., 0., 0., 0., 0., 0., 0., 0., 0., 0., 0., 0., 0., 0., 0.,
       0., 0., 0., 0., 0., 0., 0., 0., 0., 0., 0., 0., 0., 0., 0., 0., 0.,
       0., 0., 0., 0., 0., 0., 0., 0., 0., 0., 0., 0., 0., 0., 0., 0., 0.,
       0., 0., 0., 0., 0., 0., 0., 0., 0., 0., 0., 0., 0., 0., 0., 0., 0.,
       0., 0., 0., 0., 0., 0., 0., 0., 0., 0., 0., 0., 0., 0., 0., 0., 0.,
       0., 0., 0., 0., 0., 0., 0., 0., 0., 0., 0., 0.]), 'locations': array([127,  42, 104,  70,  90, 131,  20,  26,  83, 259, 172,  20,  74,
        45, 105, 126,  47,  24, 223, 110,  77,  61, 151, 137,  91,   2,
       128, 126, 109,  68,   7, 167,  93,  26, 169,  90,   5, 168, 149,
       110, 144, 178,  38, 167,  26, 157,  12,  46,  22, 199,  88,  16,
       174,  19,  57, 168,  99, 165,  99,  89,  75,  31,  13, 156,  24,
       178,  70, 193, 155,  79,  12, 149, 123,  40,  32, 186, 148,  36,
        81,  68,  23, 184,  28,  74, 148, 158, 146, 113,  59,  59, 174,
        79, 177,   9,   0,  76, 115, 129,  97, 111, 139, 108, 135,  61,
        36,  23, 134, 107, 174,  29, 191,  49, 162, 153, 129, 189, 176,
       142, 159,  59, 125, 142,  69, 156, 261, 102, 125, 165,  80,   8,
       194, 143, 185,  83,  13,  84,  72, 186,  89, 182,  41, 198,  50,
       117,  82, 173, 101, 169, 172, 125,  94,  17,  59,  51,  49, 168,
        88,  82,  52, 196, 105, 175, 112,  59, 163])}, {'ts_index': 159, 'loc': 180, 'gap': 0.02740776870452677, 'distances': array([0.26277994, 0.2654527 , 0.21278472, 0.24604876, 0.23878694,
       0.22528567, 0.26379201, 0.16859509, 0.24916911, 0.24982644,
       0.11189597, 0.09782234, 0.11679678, 0.23697882, 0.21876992,
       0.24711609, 0.15810196, 0.20575604, 0.24073403, 0.24267548,
       0.22796197, 0.25363305, 0.20835435, 0.24934278, 0.2399625 ,
       0.19583993, 0.23435483, 0.24106399, 0.24550003, 0.24101146,
       0.25890597, 0.24455467, 0.26073655, 0.20483581, 0.24116217,
       0.21112101, 0.21192323, 0.18394464, 0.20006146, 0.24695532,
       0.22233175, 0.22890729, 0.19023157, 0.25554583, 0.19810955,
       0.22164116, 0.26943494, 0.22260142, 0.26100965, 0.22124052,
       0.22062578, 0.09731007, 0.24806034, 0.25216741, 0.23762919,
       0.18299036, 0.24616779, 0.20147187, 0.19989973, 0.20148623,
       0.19044471, 0.20389371, 0.18604435, 0.25190638, 0.25765516,
       0.1553837 , 0.19343138, 0.25712993, 0.14057213, 0.2747626 ,
       0.14708963, 0.23279488, 0.23797384, 0.26267711, 0.24828426,
       0.22080149, 0.26192658, 0.18546041, 0.1758706 , 0.22971487,
       0.24663078, 0.23494637, 0.24844659, 0.22002731, 0.25181879,
       0.22533216, 0.24902019, 0.26055829, 0.22257798, 0.23186861,
       0.17552055, 0.24323001, 0.2236899 , 0.24389058, 0.19313279,
       0.21753009, 0.23626158, 0.22566987, 0.21788793, 0.21505281,
       0.25443409, 0.18587013, 0.25309043, 0.1741695 , 0.20821961,
       0.22428113, 0.        , 0.17126196, 0.14686571, 0.13987006,
       0.20074658, 0.23577073, 0.2455299 , 0.23870897, 0.13553751,
       0.21108443, 0.27079664, 0.22004127, 0.2200598 , 0.24409998,
       0.10747612, 0.24367301, 0.26158301, 0.25431037, 0.14302135,
       0.21505603, 0.21361476, 0.1155462 , 0.23525745, 0.25423056,
       0.19891367, 0.22673924, 0.18962085, 0.19594455, 0.24266676,
       0.22315187]), 'delta_distances': array([0., 0., 0., 0., 0., 0., 0., 0., 0., 0., 0., 0., 0., 0., 0., 0., 0.,
       0., 0., 0., 0., 0., 0., 0., 0., 0., 0., 0., 0., 0., 0., 0., 0., 0.,
       0., 0., 0., 0., 0., 0., 0., 0., 0., 0., 0., 0., 0., 0., 0., 0., 0.,
       0., 0., 0., 0., 0., 0., 0., 0., 0., 0., 0., 0., 0., 0., 0., 0., 0.,
       0., 0., 0., 0., 0., 0., 0., 0., 0., 0., 0., 0., 0., 0., 0., 0., 0.,
       0., 0., 0., 0., 0., 0., 0., 0., 0., 0., 0., 0., 0., 0., 0., 0., 0.,
       0., 0., 0., 0., 0., 0., 0., 0., 0., 0., 0., 0., 0., 0., 0., 0., 0.,
       0., 0., 0., 0., 0., 0., 0., 0., 0., 0., 0., 0., 0., 0., 0., 0., 0.]), 'locations': array([102,   4, 100,  70,   7,  94,  96, 163, 104,  84, 141,  58,  89,
       156, 156, 165,  89, 101,  57,  94, 224,  53,  35, 153, 219, 181,
        91,  55, 160,  80, 113, 106, 245, 201,  95,  29,   3, 155,  94,
       134,  62, 179,  26,  56,  67,  37, 121,  75,  38,  90, 181,  18,
        61, 104, 243,  49,   2, 145,  69, 199,  73,  23,  47, 119, 163,
       142,  94,  13, 124, 107,  94, 187, 176, 237,  88,  45, 170,  67,
        64,  80,  41,  67, 167,  99, 229, 115, 185, 248,  83,  89, 155,
        79, 171,  17,  59,  92,  57, 161, 155, 159,  68,  52, 138, 152,
       146, 163, 180,  95,  60, 149, 167,  64,  52, 166, 125, 137, 111,
        21, 100,  27, 191,  29, 112, 171,  97, 213, 140,  53, 124,  15,
        21,  13, 182, 140, 112, 125])}, {'ts_index': 107, 'loc': 184, 'gap': 0.020891152605673174, 'distances': array([0.16992971, 0.19396562, 0.16080814, 0.17598639, 0.17635861,
       0.10818165, 0.15501046, 0.17567925, 0.19009816, 0.2016019 ,
       0.19831366, 0.18865615, 0.15426495, 0.15546366, 0.16048946,
       0.09834662, 0.18934704, 0.23742942, 0.14644031, 0.20154465,
       0.17678861, 0.07861499, 0.20032147, 0.17964133, 0.1578955 ,
       0.22997177, 0.15663918, 0.19524993, 0.18209165, 0.11685446,
       0.19101494, 0.17702365, 0.15584319, 0.18674994, 0.1699039 ,
       0.18186161, 0.16374666, 0.17564526, 0.10912839, 0.18179178,
       0.19189219, 0.17435007, 0.14082461, 0.09421881, 0.19051505,
       0.13352651, 0.17612908, 0.17041174, 0.15191818, 0.20339866,
       0.16587216, 0.11657888, 0.15056611, 0.17718067, 0.19309612,
       0.12809553, 0.169787  , 0.09845625, 0.16590455, 0.        ,
       0.14872898, 0.2386856 , 0.22197327, 0.16923867, 0.18106666,
       0.20690782, 0.19842683, 0.19996787, 0.20272434, 0.16332182,
       0.17510458, 0.16732364, 0.21092173, 0.16310814, 0.19315525,
       0.18508462, 0.19293385, 0.1602706 , 0.18776191, 0.19045043,
       0.14934364, 0.21436952, 0.13384938, 0.15869348, 0.16519091,
       0.17602849, 0.16367788, 0.18329085, 0.17401632, 0.15605661,
       0.11884903, 0.15333008, 0.20055187, 0.17442235, 0.16806023,
       0.09938915, 0.17729578, 0.1309321 , 0.1702304 , 0.1302186 ,
       0.17975349, 0.17387866, 0.19004093, 0.21166958, 0.18462046,
       0.11821519, 0.17819437, 0.11403276, 0.12008512, 0.15438879,
       0.15020918, 0.1832753 ]), 'delta_distances': array([0., 0., 0., 0., 0., 0., 0., 0., 0., 0., 0., 0., 0., 0., 0., 0., 0.,
       0., 0., 0., 0., 0., 0., 0., 0., 0., 0., 0., 0., 0., 0., 0., 0., 0.,
       0., 0., 0., 0., 0., 0., 0., 0., 0., 0., 0., 0., 0., 0., 0., 0., 0.,
       0., 0., 0., 0., 0., 0., 0., 0., 0., 0., 0., 0., 0., 0., 0., 0., 0.,
       0., 0., 0., 0., 0., 0., 0., 0., 0., 0., 0., 0., 0., 0., 0., 0., 0.,
       0., 0., 0., 0., 0., 0., 0., 0., 0., 0., 0., 0., 0., 0., 0., 0., 0.,
       0., 0., 0., 0., 0., 0., 0., 0., 0., 0.]), 'locations': array([ 57, 263, 213, 260, 255,  72, 239,  60, 189,  66, 137, 224,  58,
       101, 216, 245, 217, 229, 149, 103, 103, 249, 204, 227, 149, 227,
       191, 221, 255, 254, 248, 245, 225, 204, 227, 217, 116, 246, 251,
       199, 234, 237,   9, 254, 222, 222, 234,  39, 210, 216, 236, 123,
       244, 225, 107, 247, 204, 228, 173, 184, 171, 209, 240, 227, 152,
       237, 236, 229, 252, 132, 214, 181, 210,  52, 231, 248, 170, 257,
       228, 242, 234, 146, 152,  78, 266, 124, 256, 235,  86, 262, 210,
       252,  40, 256,   2, 249, 227, 263, 263, 247, 141,  83, 202, 222,
       266, 217,  71,  48, 255,  87, 154, 120])}, {'ts_index': 69, 'loc': 87, 'gap': 0.020804925834403215, 'distances': array([0.17161218, 0.16314862, 0.18434304, 0.17484485, 0.19873194,
       0.22232212, 0.24035254, 0.23530801, 0.22060373, 0.20291498,
       0.20969793, 0.21698423, 0.16316777, 0.18099135, 0.12350098,
       0.18759423, 0.21681822, 0.1127788 , 0.24373277, 0.14855241,
       0.2398679 , 0.23875402, 0.23062611, 0.22836317, 0.23117319,
       0.18907248, 0.23935141, 0.24978876, 0.16789575, 0.21706789,
       0.22823732, 0.11916374, 0.22690968, 0.22300793, 0.        ,
       0.2159651 , 0.21437332, 0.22918055, 0.23146949, 0.08846767,
       0.15545979, 0.11967054, 0.18303699, 0.2136506 , 0.2328876 ,
       0.24761535, 0.18797935, 0.23845017, 0.23727033, 0.2115187 ,
       0.20109837, 0.22709492, 0.17703253, 0.21425752, 0.23505328,
       0.2426711 , 0.20884535, 0.23686645, 0.23233594, 0.21959063,
       0.2197685 , 0.20357072, 0.12030768, 0.16195453, 0.20788478,
       0.22834645, 0.20523122, 0.23259184, 0.20001786, 0.23189885,
       0.2052247 , 0.2018655 , 0.21263463, 0.24495465, 0.22057662,
       0.22910862, 0.21693646, 0.17416986, 0.14080976, 0.15359609,
       0.19165104, 0.18129943, 0.22192835, 0.23307025, 0.19072815,
       0.25229642, 0.19656817, 0.24833125, 0.18596032, 0.17282255,
       0.16644824, 0.16189519]), 'delta_distances': array([0., 0., 0., 0., 0., 0., 0., 0., 0., 0., 0., 0., 0., 0., 0., 0., 0.,
       0., 0., 0., 0., 0., 0., 0., 0., 0., 0., 0., 0., 0., 0., 0., 0., 0.,
       0., 0., 0., 0., 0., 0., 0., 0., 0., 0., 0., 0., 0., 0., 0., 0., 0.,
       0., 0., 0., 0., 0., 0., 0., 0., 0., 0., 0., 0., 0., 0., 0., 0., 0.,
       0., 0., 0., 0., 0., 0., 0., 0., 0., 0., 0., 0., 0., 0., 0., 0., 0.,
       0., 0., 0., 0., 0., 0., 0.]), 'locations': array([ 64, 172, 104, 192, 232,  47,   4,  63,  71,   1, 144,  43,  84,
        80, 177,   9, 186,  35, 245, 215, 201,  99, 155, 166,  47, 117,
       214,  48,   0, 202, 228, 174, 238,  75,  87,  67,  63,  24, 193,
       195,  12, 141, 104,  52, 161, 197, 162, 256, 208,  44,  79, 129,
         8, 158, 196, 144,  39,  10, 231,  40,   2,  83, 160,  61,  80,
       188, 103,  89,  93, 195,  60,  94,  17, 177,   4, 245,  51, 249,
       131, 148, 168, 168,  97, 116, 109, 190,  92, 227,  86, 103, 232,
        43])}, {'ts_index': 102, 'loc': 262, 'gap': 0.01776097454608347, 'distances': array([0.21658591, 0.2042396 , 0.11184752, 0.12994527, 0.19153569,
       0.13920193, 0.08788499, 0.17448546, 0.18361949, 0.14186998,
       0.21005972, 0.20020916, 0.1751137 , 0.15082481, 0.19769524,
       0.14889857, 0.09169875, 0.22185478, 0.2107124 , 0.12765993,
       0.21252961, 0.16192985, 0.1834874 , 0.17238007, 0.16377998,
       0.14309792, 0.22510034, 0.18219355, 0.17149891, 0.16352592,
       0.19526203, 0.21684474, 0.12969296, 0.19281881, 0.15520402,
       0.        , 0.15912906, 0.15005948, 0.2135285 , 0.12970827,
       0.19009309, 0.16587249, 0.18213505, 0.20531109, 0.18370214,
       0.17285215, 0.13317375, 0.18870034, 0.20980541, 0.15706887,
       0.1430192 , 0.2109451 , 0.15627829, 0.14620564, 0.1272586 ,
       0.12642266, 0.13781218, 0.14832379, 0.21505574, 0.1952525 ,
       0.18947944, 0.20000731, 0.18255838, 0.15571404, 0.1030317 ,
       0.17279816, 0.18990468, 0.18813296, 0.15926012, 0.17321896,
       0.13705153, 0.15767318, 0.15333059, 0.13895054, 0.14316634]), 'delta_distances': array([0., 0., 0., 0., 0., 0., 0., 0., 0., 0., 0., 0., 0., 0., 0., 0., 0.,
       0., 0., 0., 0., 0., 0., 0., 0., 0., 0., 0., 0., 0., 0., 0., 0., 0.,
       0., 0., 0., 0., 0., 0., 0., 0., 0., 0., 0., 0., 0., 0., 0., 0., 0.,
       0., 0., 0., 0., 0., 0., 0., 0., 0., 0., 0., 0., 0., 0., 0., 0., 0.,
       0., 0., 0., 0., 0., 0., 0.]), 'locations': array([246, 248, 252, 267, 187,   3, 201, 160, 267, 104, 149,  18, 255,
       221, 246,  36, 243, 248,   6, 153, 192, 195, 240, 145, 231, 240,
       178, 195, 231, 255, 105, 221, 140, 243,  27, 262, 226,  90, 238,
         7, 230, 190, 113, 201, 196, 162, 126, 250, 240, 237, 194, 244,
       123, 234, 161, 202, 197, 213, 157, 263, 135, 148, 214,  86, 257,
       225, 220, 255, 158,  41, 125, 159, 186, 170, 215])}, {'ts_index': 2, 'loc': 27, 'gap': 0.02139692612482133, 'distances': array([0.20635403, 0.        , 0.2043839 , 0.1782633 , 0.20818205,
       0.15786144, 0.21464823, 0.20033862, 0.21951972, 0.13742674,
       0.1301355 , 0.18333414, 0.22049698]), 'delta_distances': array([0., 0., 0., 0., 0., 0., 0., 0., 0., 0., 0., 0., 0.]), 'locations': array([226,  27, 211, 265,  18, 171,  51, 152, 263, 187,  59,  64, 178])}, {'ts_index': 135, 'loc': 50, 'gap': 0.026159968898977065, 'distances': array([0.24261378, 0.24978894, 0.17312573, 0.26131812, 0.20960054,
       0.2627289 , 0.24463096, 0.        , 0.25681302]), 'delta_distances': array([0., 0., 0., 0., 0., 0., 0., 0., 0.]), 'locations': array([ 79, 166, 187, 128, 188, 136,  73,  50, 159])}, {'ts_index': 0, 'loc': 22, 'gap': 0.04497584076297109, 'distances': array([0.        , 0.23380867, 0.23843347, 0.15222947, 0.17696671,
       0.23343881]), 'delta_distances': array([0., 0., 0., 0., 0., 0.]), 'locations': array([ 22, 236, 182, 155,  39, 176])}], 'clusters': array([9, 5, 7, 1, 2, 1, 2, 6, 6, 4, 6, 3, 6, 6, 1, 3, 3, 3, 6, 6, 6, 3,
       0, 2, 5, 6, 1, 4, 2, 5, 6, 6, 5, 6, 4, 2, 2, 1, 5, 6, 6, 1, 8, 1,
       2, 1, 2, 0, 2, 1, 1, 6, 7, 1, 1, 1, 2, 4, 6, 6, 3, 5, 6, 6, 5, 6,
       8, 4, 2, 5, 2, 1, 1, 6, 2, 2, 6, 1, 4, 4, 6, 3, 1, 4, 6, 5, 1, 2,
       3, 5, 5, 9, 4, 6, 6, 1, 6, 2, 2, 2, 4, 1, 6, 3, 4, 6, 3, 4, 3, 6,
       9, 1, 6, 1, 2, 6, 6, 6, 3, 3, 7, 6, 1, 2, 1, 6, 2, 2, 6, 6, 7, 6,
       6, 5, 5, 8, 3, 2, 6, 1, 6, 6, 1, 1, 6, 6, 1, 2, 4, 6, 0, 1, 6, 6,
       3, 6, 3, 6, 6, 3, 3, 3, 3, 4, 6, 1, 5, 5, 1, 1, 3, 6, 2, 2, 1, 4,
       1, 6, 4, 6, 3, 2, 4, 6, 6, 3, 2, 6, 6, 3, 6, 4, 2, 6, 4, 4, 1, 6,
       5, 5]), 'time': 6451.140845298767}
lenSubsequence: 8{'RI': 0.5629145728643216, 'num_clusters': 5, 'uShapelets': [{'ts_index': 45, 'loc': 85, 'gap': 0.03374462913213422, 'distances': array([0.16439257, 0.09953134, 0.20865983, 0.07808042, 0.17673833,
       0.17864749, 0.13069452, 0.19660784, 0.20172029, 0.06579843,
       0.17660563, 0.08154024, 0.11659827, 0.18817818, 0.1293339 ,
       0.14238343, 0.049612  , 0.10673773, 0.16277539, 0.16479898,
       0.16014375, 0.14600084, 0.10465849, 0.14633181, 0.15867411,
       0.04095031, 0.12110863, 0.14303486, 0.1674339 , 0.15987633,
       0.13400675, 0.22697503, 0.12370369, 0.20684386, 0.08861108,
       0.18490252, 0.09443454, 0.18309183, 0.20899686, 0.19838676,
       0.18322163, 0.20729955, 0.1139859 , 0.18640163, 0.12979098,
       0.        , 0.02287448, 0.14124519, 0.18189027, 0.16604632,
       0.15674196, 0.16234717, 0.18043591, 0.17992625, 0.15930611,
       0.18675155, 0.09565695, 0.20169362, 0.16759952, 0.04349412,
       0.16353568, 0.20601289, 0.17773768, 0.13640178, 0.12442632,
       0.17225175, 0.11145838, 0.16448134, 0.16909463, 0.15127637,
       0.15241202, 0.17364583, 0.1783887 , 0.17093814, 0.09571021,
       0.14779163, 0.06129392, 0.12749414, 0.14810502, 0.13700928,
       0.18817553, 0.12544354, 0.16724403, 0.1640855 , 0.16412092,
       0.16885534, 0.17115787, 0.1851227 , 0.10526506, 0.07432023,
       0.12002166, 0.20098186, 0.03770185, 0.16679317, 0.04302714,
       0.11563259, 0.07859062, 0.13464363, 0.12264388, 0.15667782,
       0.19990721, 0.08487468, 0.1964897 , 0.13061565, 0.08929594,
       0.1678356 , 0.17117256, 0.14608663, 0.08344729, 0.11725589,
       0.02901506, 0.17911625, 0.16837011, 0.09475472, 0.19346289,
       0.1533102 , 0.17590355, 0.1039695 , 0.16615827, 0.11587787,
       0.1676664 , 0.18596603, 0.13609483, 0.11548994, 0.17514025,
       0.12548996, 0.16115965, 0.21686024, 0.15033106, 0.20716146,
       0.14244736, 0.15176907, 0.18681549, 0.1520013 , 0.10395056,
       0.08259068, 0.10272384, 0.15956807, 0.15478903, 0.15796783,
       0.0505452 , 0.10187417, 0.1924581 , 0.15786143, 0.16116889,
       0.21884088, 0.16692754, 0.16423203, 0.13118571, 0.16555652,
       0.10609296, 0.14300416, 0.07491668, 0.15875898, 0.13396637,
       0.11934696, 0.19446764, 0.12632515, 0.07503104, 0.1479401 ,
       0.17139449, 0.164947  , 0.17287055, 0.11277106, 0.16437049,
       0.15318378, 0.1629832 , 0.06788663, 0.11869152, 0.17132652,
       0.1345602 , 0.16320388, 0.10735751, 0.12016138, 0.17988049,
       0.26105031, 0.14351523, 0.16126544, 0.14090214, 0.07911408,
       0.14695123, 0.22266747, 0.14449586, 0.19827882, 0.08197089,
       0.16714667, 0.07856229, 0.17596952, 0.10391107, 0.1107858 ,
       0.14106367, 0.15646204, 0.17954976, 0.10769882, 0.05783118,
       0.14212924, 0.15027212, 0.14740088, 0.19312442, 0.14509337]), 'delta_distances': array([0., 0., 0., 0., 0., 0., 0., 0., 0., 0., 0., 0., 0., 0., 0., 0., 0.,
       0., 0., 0., 0., 0., 0., 0., 0., 0., 0., 0., 0., 0., 0., 0., 0., 0.,
       0., 0., 0., 0., 0., 0., 0., 0., 0., 0., 0., 0., 0., 0., 0., 0., 0.,
       0., 0., 0., 0., 0., 0., 0., 0., 0., 0., 0., 0., 0., 0., 0., 0., 0.,
       0., 0., 0., 0., 0., 0., 0., 0., 0., 0., 0., 0., 0., 0., 0., 0., 0.,
       0., 0., 0., 0., 0., 0., 0., 0., 0., 0., 0., 0., 0., 0., 0., 0., 0.,
       0., 0., 0., 0., 0., 0., 0., 0., 0., 0., 0., 0., 0., 0., 0., 0., 0.,
       0., 0., 0., 0., 0., 0., 0., 0., 0., 0., 0., 0., 0., 0., 0., 0., 0.,
       0., 0., 0., 0., 0., 0., 0., 0., 0., 0., 0., 0., 0., 0., 0., 0., 0.,
       0., 0., 0., 0., 0., 0., 0., 0., 0., 0., 0., 0., 0., 0., 0., 0., 0.,
       0., 0., 0., 0., 0., 0., 0., 0., 0., 0., 0., 0., 0., 0., 0., 0., 0.,
       0., 0., 0., 0., 0., 0., 0., 0., 0., 0., 0., 0., 0.]), 'locations': array([ 96,  20, 161,  56, 172, 151,  64, 129, 137,  65, 116, 134,  16,
       112,  66, 153,  10,  83, 140, 120, 118,  33,  39, 133, 146, 160,
       198,  55,  41, 105,   6, 101,   9, 138, 141, 173, 152,  15,  37,
        53, 155, 168, 218, 153, 177,  85, 151,  79, 125,  94, 183, 129,
       211,  92,  79, 188,  22,  46,  72, 142,  95, 115, 186, 117,  68,
       189,   8,  76,  61,  32,  27,  82, 124, 148, 209,  94,  74,  61,
        54,  97, 161,   9,  83, 150,  14, 105,  74,   0,  91,  41, 149,
       131,  26, 164, 124, 118,  72,  77,  98,  96, 142, 197,  72,  65,
       173,  70, 114, 138,   2, 138, 196,  75, 119,  39,  49,  14,  96,
        86,  67, 173, 140,   8, 195,   6,  33, 194,  72, 159, 204, 198,
        89, 102, 152,  52,  10, 156, 107, 107,  35, 196, 144,  42,  48,
        82,  40,  41, 163, 131,  75, 145,  98, 104, 186,  37,  63, 100,
        83, 148, 193, 180, 111, 144,  93,  86,  83, 145,  61,  19,  79,
       126, 109, 143, 150,  36, 119, 113, 191,  50, 207,  25,  91, 100,
       156,  65, 149,  89,  27,  20,  64, 182,  86,  14, 100, 130,  88,
       183,  10, 112, 161, 207])}, {'ts_index': 7, 'loc': 138, 'gap': 0.03529230403619123, 'distances': array([0.1599632 , 0.20953569, 0.16647021, 0.15281115, 0.12502841,
       0.        , 0.12329419, 0.1316327 , 0.20044902, 0.15029421,
       0.17013233, 0.1658937 , 0.13842425, 0.09034619, 0.14124715,
       0.15192349, 0.14768787, 0.15769426, 0.18926094, 0.14031764,
       0.09895365, 0.19301163, 0.17023628, 0.1974323 , 0.17696551,
       0.13282326, 0.11980843, 0.16456751, 0.18413565, 0.07130054,
       0.13334362, 0.18145633, 0.09705016, 0.15091237, 0.15845915,
       0.16440168, 0.16607287, 0.1955088 , 0.17136439, 0.09533306,
       0.16474356, 0.12252312, 0.06224414, 0.0885765 , 0.15417789,
       0.15451056, 0.18217525, 0.14096269, 0.14754077, 0.12368967,
       0.15905155, 0.07655984, 0.17228264, 0.13422059, 0.17306097,
       0.15060692, 0.10902827, 0.17294813, 0.12154814, 0.19311587,
       0.17975591, 0.16257519, 0.14457298, 0.12651515, 0.16148291,
       0.19332831, 0.14543368, 0.07797514, 0.16105602, 0.08683241,
       0.1178589 , 0.1229964 , 0.04876349, 0.19066455, 0.18723212,
       0.05204655, 0.14452279, 0.07778631, 0.17852436, 0.15422299,
       0.1640382 , 0.11703619, 0.1665453 , 0.19315369, 0.10754816,
       0.07866908, 0.12688921, 0.20233577, 0.17811815, 0.13174826,
       0.07261033, 0.11271939, 0.14592522, 0.17295923, 0.10258786,
       0.15569806, 0.08713994, 0.14641584, 0.13761164, 0.17734006,
       0.17448935, 0.15820461, 0.15142743, 0.0900021 , 0.13996766,
       0.18610217, 0.11285944, 0.1289559 , 0.12478464, 0.13051128,
       0.17394994, 0.13212806, 0.10009274, 0.07630336, 0.12582628,
       0.17412779, 0.08293808, 0.18863704, 0.14238044, 0.15368282,
       0.12549358, 0.14776916, 0.16892809, 0.01501913, 0.19407234,
       0.16563755, 0.12707694, 0.16728479, 0.16948102, 0.09936076,
       0.12781407, 0.18904092, 0.13805446, 0.03442485, 0.16678619,
       0.16113744, 0.04448657, 0.06158924, 0.10604232, 0.16533146,
       0.08655433, 0.20417456, 0.19263687, 0.16180573, 0.18959864,
       0.14489494, 0.14381449, 0.15611975, 0.15570253, 0.07236545,
       0.17873094, 0.04711912, 0.13674684, 0.08296077, 0.11175945,
       0.10465415, 0.16748038, 0.16358652, 0.1611493 , 0.03520918,
       0.11395093, 0.17067506, 0.21249091, 0.13036526, 0.08880068]), 'delta_distances': array([0., 0., 0., 0., 0., 0., 0., 0., 0., 0., 0., 0., 0., 0., 0., 0., 0.,
       0., 0., 0., 0., 0., 0., 0., 0., 0., 0., 0., 0., 0., 0., 0., 0., 0.,
       0., 0., 0., 0., 0., 0., 0., 0., 0., 0., 0., 0., 0., 0., 0., 0., 0.,
       0., 0., 0., 0., 0., 0., 0., 0., 0., 0., 0., 0., 0., 0., 0., 0., 0.,
       0., 0., 0., 0., 0., 0., 0., 0., 0., 0., 0., 0., 0., 0., 0., 0., 0.,
       0., 0., 0., 0., 0., 0., 0., 0., 0., 0., 0., 0., 0., 0., 0., 0., 0.,
       0., 0., 0., 0., 0., 0., 0., 0., 0., 0., 0., 0., 0., 0., 0., 0., 0.,
       0., 0., 0., 0., 0., 0., 0., 0., 0., 0., 0., 0., 0., 0., 0., 0., 0.,
       0., 0., 0., 0., 0., 0., 0., 0., 0., 0., 0., 0., 0., 0., 0., 0., 0.,
       0., 0., 0., 0., 0., 0., 0., 0., 0., 0., 0., 0.]), 'locations': array([ 49,  75,  42, 127, 180, 138, 151, 103, 165,  42,  67,  92, 123,
        57,  62, 135, 196, 160, 122, 140, 168,  86, 169, 154,  91, 168,
        28,  60, 158, 199,   9,   7,  89, 107,  98, 157, 140,  78,  38,
       114,  52, 103,  80, 197,  53,  26,  55,  14,  82, 187, 187, 119,
       114, 178,  16,  20, 127,   7,  18, 124,  17, 145, 200,  45, 149,
         6,  91,  83,  94, 180,  35,  55,  90, 134, 150, 102, 134, 143,
       150,  70, 106,  36, 113, 148, 129,  16, 186,  38,  13,  21, 156,
        84, 150,  91,  75,  90,  78,  38, 104,  63,  85,  19, 177, 115,
        86, 148, 170,  15,   3,  97, 110,  32,   7, 131,  58, 139, 125,
       114,  46, 195,  47, 179,  28,  63, 205, 205,  96, 134, 140, 180,
        85,  41,  48, 157,  58,  82,  75, 177,  16, 125, 143, 158, 171,
       151,  46, 143,  26,  15, 174, 103,  80,  64,  68,  92,  53, 177,
       111,  85,  30, 150,   4,  43, 116,   6, 206])}, {'ts_index': 118, 'loc': 63, 'gap': 0.03404565768043005, 'distances': array([0.0678438 , 0.06864403, 0.1038017 , 0.06129927, 0.05587119,
       0.04495902, 0.13968561, 0.05087091, 0.09181647, 0.0695586 ,
       0.16024613, 0.08529179, 0.04433735, 0.06550531, 0.12357396,
       0.14046214, 0.07463121, 0.0930157 , 0.05973081, 0.06368264,
       0.13807283, 0.02429536, 0.1657678 , 0.06291109, 0.02706222,
       0.04781095, 0.0106457 , 0.07745948, 0.15988421, 0.06436333,
       0.06167391, 0.10597999, 0.17001741, 0.02207097, 0.05292662,
       0.10582648, 0.09791481, 0.09373531, 0.03344421, 0.07565318,
       0.0843491 , 0.10812005, 0.16790506, 0.04546813, 0.04310411,
       0.15025251, 0.07155609, 0.06506729, 0.01364288, 0.06750342,
       0.08787897, 0.03358124, 0.08167741, 0.02022715, 0.01717529,
       0.04279315, 0.05258065, 0.04967737, 0.05126684, 0.09237093,
       0.11355431, 0.03895687, 0.10759718, 0.02593801, 0.14863433,
       0.09328314, 0.08242678, 0.05732997, 0.08596607, 0.12704643,
       0.10556846, 0.09080128, 0.13045349, 0.11303054, 0.1064227 ,
       0.03213196, 0.04518197, 0.02534246, 0.07621476, 0.10885104,
       0.        , 0.05677831, 0.02559909, 0.12157015, 0.05858968,
       0.01174425, 0.12230964, 0.0966473 , 0.13879762, 0.13328898,
       0.0289149 , 0.07605267, 0.13288429, 0.1023123 , 0.01973653,
       0.03141326, 0.08786872, 0.14362723, 0.08889747, 0.02269187,
       0.12354602, 0.14724802, 0.09938099, 0.08433663, 0.13083293,
       0.07659242, 0.04356376, 0.0599153 , 0.05545627, 0.06040177,
       0.02293962, 0.02758864, 0.12150888, 0.06917   , 0.12662211,
       0.13191116, 0.13173172, 0.09003224, 0.02067623, 0.11077636,
       0.0775169 , 0.15375922, 0.04230568, 0.07581179, 0.07942987,
       0.02816653, 0.14507015, 0.02990733, 0.06488589, 0.04166796,
       0.09176961, 0.10965326, 0.07473355, 0.09378349, 0.11091181,
       0.1591514 ]), 'delta_distances': array([0., 0., 0., 0., 0., 0., 0., 0., 0., 0., 0., 0., 0., 0., 0., 0., 0.,
       0., 0., 0., 0., 0., 0., 0., 0., 0., 0., 0., 0., 0., 0., 0., 0., 0.,
       0., 0., 0., 0., 0., 0., 0., 0., 0., 0., 0., 0., 0., 0., 0., 0., 0.,
       0., 0., 0., 0., 0., 0., 0., 0., 0., 0., 0., 0., 0., 0., 0., 0., 0.,
       0., 0., 0., 0., 0., 0., 0., 0., 0., 0., 0., 0., 0., 0., 0., 0., 0.,
       0., 0., 0., 0., 0., 0., 0., 0., 0., 0., 0., 0., 0., 0., 0., 0., 0.,
       0., 0., 0., 0., 0., 0., 0., 0., 0., 0., 0., 0., 0., 0., 0., 0., 0.,
       0., 0., 0., 0., 0., 0., 0., 0., 0., 0., 0., 0., 0., 0., 0., 0., 0.]), 'locations': array([167,  99, 137,  46,  70,  33, 174, 183,  35,  70, 169,  64,  27,
       124, 133,  46, 130, 138,  81, 128,  15, 151, 168, 167,  31,  13,
        92, 114,   6, 120, 119,  41,  81, 106, 132, 160, 128, 134, 164,
        32, 101,  94,  82,  77,   2, 156,  86,  43,  42,  33,  35,  53,
       128,  85,  71, 120, 108, 107, 176, 118,  36,  21,   1,  15, 132,
       104,  18, 168,  70, 144, 154,  49, 150, 152, 144,  99,  79,  23,
       144, 169,  63,  67, 126,  23, 171,   3,  33, 147,  83, 156,  14,
       135, 163, 112, 133, 180,  17,  94,  86, 167, 125, 151, 113, 143,
        84, 111, 126, 150, 148, 153, 147, 116, 163, 163,  99,  75, 191,
       125,  37, 160, 108,  17, 123, 158, 149, 139,  51, 173,  54, 123,
        84, 110,  11, 201,  38,  86])}, {'ts_index': 175, 'loc': 143, 'gap': 0.03440751480795638, 'distances': array([0.06337413, 0.09083691, 0.09181939, 0.09312497, 0.04369608,
       0.05463903, 0.06042635, 0.13304769, 0.02257415, 0.02256597,
       0.08378299, 0.05507685, 0.10444238, 0.14700352, 0.11849568,
       0.10125286, 0.02802928, 0.08277858, 0.06899235, 0.14099913,
       0.        , 0.03722737, 0.04110433]), 'delta_distances': array([0., 0., 0., 0., 0., 0., 0., 0., 0., 0., 0., 0., 0., 0., 0., 0., 0.,
       0., 0., 0., 0., 0., 0.]), 'locations': array([104,  38, 177, 126,  91,   7,  97, 157, 178, 134, 169, 186, 151,
        17, 202,  42,  47, 205,  16,  64, 143,  68, 168])}, {'ts_index': 132, 'loc': 80, 'gap': 0.03401733459811701, 'distances': array([0.04452861, 0.07854595, 0.        , 0.11742897]), 'delta_distances': array([0., 0., 0., 0.]), 'locations': array([181, 171,  80,  81])}], 'clusters': array([3, 1, 3, 1, 3, 3, 3, 2, 3, 1, 4, 1, 3, 3, 3, 4, 1, 3, 2, 3, 3, 3,
       4, 3, 3, 1, 3, 3, 4, 3, 4, 3, 3, 3, 1, 3, 1, 2, 3, 4, 2, 3, 3, 3,
       4, 1, 1, 3, 3, 2, 3, 3, 2, 2, 3, 3, 1, 3, 3, 1, 3, 5, 3, 2, 3, 4,
       3, 3, 3, 3, 3, 3, 3, 3, 1, 3, 1, 3, 3, 3, 3, 2, 3, 2, 3, 3, 2, 3,
       3, 1, 2, 4, 1, 2, 1, 3, 1, 3, 3, 3, 4, 1, 3, 3, 1, 2, 4, 3, 1, 3,
       1, 3, 2, 1, 3, 3, 3, 3, 3, 2, 3, 3, 3, 3, 3, 3, 2, 3, 4, 0, 3, 3,
       5, 3, 3, 1, 1, 3, 2, 3, 1, 1, 4, 2, 3, 3, 3, 4, 3, 3, 2, 4, 1, 3,
       3, 3, 3, 3, 1, 3, 3, 3, 2, 3, 3, 2, 2, 1, 4, 0, 2, 3, 3, 3, 3, 4,
       3, 3, 3, 1, 2, 3, 2, 4, 1, 2, 1, 3, 1, 3, 3, 3, 3, 2, 1, 3, 3, 3,
       4, 2]), 'time': 5600.993963241577}
lenSubsequence: 9{'RI': 0.39824120603015073, 'num_clusters': 4, 'uShapelets': [{'ts_index': 131, 'loc': 69, 'gap': 0.031329196089495526, 'distances': array([0.04470521, 0.08705347, 0.09901386, 0.06472532, 0.12296847,
       0.09379121, 0.01533006, 0.15087459, 0.01568905, 0.0909612 ,
       0.11528825, 0.17495654, 0.02702632, 0.16432482, 0.05501741,
       0.05094426, 0.08561329, 0.07455491, 0.03636623, 0.14084689,
       0.05394784, 0.14383786, 0.07657501, 0.08105325, 0.03826445,
       0.09572006, 0.1101252 , 0.11782881, 0.1421585 , 0.03715619,
       0.17323073, 0.07116978, 0.16624943, 0.05865465, 0.06187677,
       0.07455746, 0.12898222, 0.14561938, 0.10065478, 0.13369866,
       0.06312652, 0.03528042, 0.03709888, 0.12957204, 0.0966578 ,
       0.13595603, 0.1045267 , 0.05386928, 0.03542365, 0.07166445,
       0.09320986, 0.07884755, 0.10527427, 0.03937276, 0.02580769,
       0.14748586, 0.06503642, 0.0895304 , 0.08818871, 0.07848933,
       0.03079021, 0.15230116, 0.00935507, 0.02096213, 0.08749767,
       0.05003001, 0.0739581 , 0.05351557, 0.04186312, 0.13207634,
       0.04457043, 0.05599495, 0.10250078, 0.095018  , 0.03506859,
       0.09529097, 0.06925452, 0.07947384, 0.05422578, 0.06191117,
       0.08204206, 0.07466622, 0.14047491, 0.06357989, 0.03074066,
       0.14924511, 0.07095202, 0.13135583, 0.13618157, 0.02120827,
       0.08730597, 0.16332055, 0.12463913, 0.06067279, 0.08394339,
       0.08625753, 0.08872541, 0.06928991, 0.03853586, 0.02303232,
       0.12835368, 0.08074242, 0.11976875, 0.05055685, 0.04598313,
       0.16743669, 0.10142601, 0.16103041, 0.05374871, 0.12430499,
       0.06400931, 0.10197465, 0.09935776, 0.06585261, 0.08584577,
       0.07372143, 0.01749344, 0.08945875, 0.05168509, 0.13275701,
       0.07201594, 0.06602384, 0.14147854, 0.0401907 , 0.1211289 ,
       0.11999999, 0.05353676, 0.14982069, 0.10507054, 0.10396929,
       0.04792659, 0.        , 0.09983235, 0.11855728, 0.04772406,
       0.07114601, 0.06475871, 0.08383372, 0.09963974, 0.06360288,
       0.08084293, 0.12556911, 0.04286088, 0.06768294, 0.0440328 ,
       0.05383974, 0.09950056, 0.06608096, 0.11755389, 0.09182037,
       0.06813468, 0.05840081, 0.07532866, 0.06986993, 0.04330723,
       0.05829008, 0.15986745, 0.07944964, 0.0879717 , 0.06019133,
       0.10243623, 0.10132602, 0.09224172, 0.03627761, 0.18449334,
       0.08953795, 0.10674259, 0.13211663, 0.13860933, 0.03248757,
       0.06211869, 0.11380703, 0.07472052, 0.06357406, 0.13265846,
       0.03491927, 0.07382444, 0.09531161, 0.05182373, 0.1173826 ,
       0.11519444, 0.07605743, 0.07262161, 0.138478  , 0.05778011,
       0.01321303, 0.04921415, 0.11669509, 0.02564469, 0.12945991,
       0.04792002, 0.08311787, 0.07897955, 0.08373205, 0.1194324 ,
       0.17364293, 0.04927675, 0.09836567, 0.1340748 , 0.1135169 ]), 'delta_distances': array([0., 0., 0., 0., 0., 0., 0., 0., 0., 0., 0., 0., 0., 0., 0., 0., 0.,
       0., 0., 0., 0., 0., 0., 0., 0., 0., 0., 0., 0., 0., 0., 0., 0., 0.,
       0., 0., 0., 0., 0., 0., 0., 0., 0., 0., 0., 0., 0., 0., 0., 0., 0.,
       0., 0., 0., 0., 0., 0., 0., 0., 0., 0., 0., 0., 0., 0., 0., 0., 0.,
       0., 0., 0., 0., 0., 0., 0., 0., 0., 0., 0., 0., 0., 0., 0., 0., 0.,
       0., 0., 0., 0., 0., 0., 0., 0., 0., 0., 0., 0., 0., 0., 0., 0., 0.,
       0., 0., 0., 0., 0., 0., 0., 0., 0., 0., 0., 0., 0., 0., 0., 0., 0.,
       0., 0., 0., 0., 0., 0., 0., 0., 0., 0., 0., 0., 0., 0., 0., 0., 0.,
       0., 0., 0., 0., 0., 0., 0., 0., 0., 0., 0., 0., 0., 0., 0., 0., 0.,
       0., 0., 0., 0., 0., 0., 0., 0., 0., 0., 0., 0., 0., 0., 0., 0., 0.,
       0., 0., 0., 0., 0., 0., 0., 0., 0., 0., 0., 0., 0., 0., 0., 0., 0.,
       0., 0., 0., 0., 0., 0., 0., 0., 0., 0., 0., 0., 0.]), 'locations': array([166, 158,  55,  32,  95, 139, 166,  47, 120, 153, 178, 133, 170,
       112, 149,  84,   9, 147,  48,  44, 116,  22,  45,  19, 143,  46,
        95,  66, 170,  12,  77, 166, 150,  70,  72,  91, 201,   6,  67,
        70,  85, 119,  26, 144, 162, 158, 126, 169, 144, 107, 159, 127,
        73,  50, 133, 157,  68,  31, 100,  93,  91,  22,  81, 196, 163,
       148,  85,   4,  28, 170, 219,  24, 126, 110, 112, 117,  32, 127,
       185,  30, 175,  13, 118, 195, 154, 103,  58, 171, 251,  45,  52,
        33,  70,  30, 172,  83,  84,  12,  33,  69, 196,  45, 154,  85,
       119, 166, 106,  89, 136,  14,  89, 138,  84, 108,  48,  91, 146,
       168,  39,  10,  36, 151, 194, 170, 124,  53, 111,  64,  63, 140,
        13,  69,  96,  73,  42,  75, 150, 179,  33, 144, 163,  23,  47,
       106, 124,  35,   5,  71, 108, 142,  26,  87, 172,  34,  81, 149,
        28,  24,   8,   3, 111,  43, 102, 162,  99,  68,  57,  60,  80,
       126, 162,  82,  36, 157,  79, 168, 122,  47, 148,  28, 165, 138,
         2, 189,  60, 122,  58, 192,  31,   6, 158, 152, 130, 130, 102,
        51, 200,  37,   5,  22])}, {'ts_index': 183, 'loc': 116, 'gap': 0.026672175426404085, 'distances': array([0.07665648, 0.09057325, 0.09734457, 0.02531121, 0.06665709,
       0.01193198, 0.09477903, 0.08035816, 0.03678383, 0.05363822,
       0.06478155, 0.09104391, 0.07652861, 0.07728008, 0.05531199,
       0.08727626, 0.09095297, 0.01996871, 0.0822107 , 0.0943006 ,
       0.0411732 , 0.0791086 , 0.06222943, 0.07795068, 0.07845173,
       0.07262425, 0.0901101 , 0.0849548 , 0.09139398, 0.04828016,
       0.        , 0.08640053, 0.0818627 , 0.08021778]), 'delta_distances': array([0., 0., 0., 0., 0., 0., 0., 0., 0., 0., 0., 0., 0., 0., 0., 0., 0.,
       0., 0., 0., 0., 0., 0., 0., 0., 0., 0., 0., 0., 0., 0., 0., 0., 0.]), 'locations': array([107,  18, 185, 190,   3,  78, 107, 153, 182, 122,  66,  79,  29,
       192, 102,  88,  47, 197,  61, 133,  99,  41, 122,  53, 127, 123,
        90, 170, 102, 175, 116,  89, 174,  50])}, {'ts_index': 119, 'loc': 59, 'gap': 0.0399604050510534, 'distances': array([0.03188022, 0.03791456, 0.03869086, 0.05418627, 0.07182964,
       0.13720709, 0.04144136, 0.0386244 , 0.08055021, 0.06775729,
       0.04745461, 0.04315613, 0.01478413, 0.02510265, 0.03193674,
       0.17168304, 0.0369231 , 0.        , 0.12781831, 0.06374589,
       0.07766053, 0.06910078, 0.03413957, 0.02498789, 0.04231494,
       0.05563297, 0.13920368]), 'delta_distances': array([0., 0., 0., 0., 0., 0., 0., 0., 0., 0., 0., 0., 0., 0., 0., 0., 0.,
       0., 0., 0., 0., 0., 0., 0., 0., 0., 0.]), 'locations': array([117,   9,   5,   2,  67,  42,  52,  21, 143, 138, 186, 104,  92,
        22,  48,  21,  27,  59,  22, 197, 141,  82,  46, 101,  57,  49,
       161])}, {'ts_index': 198, 'loc': 169, 'gap': 0.07790292362175333, 'distances': array([0.08641633, 0.10140385, 0.12824919, 0.01014815, 0.        ]), 'delta_distances': array([0., 0., 0., 0., 0.]), 'locations': array([188, 165,  19,  35, 169])}], 'clusters': array([1, 1, 1, 1, 1, 1, 1, 3, 1, 1, 1, 3, 1, 3, 1, 1, 1, 1, 1, 2, 1, 3,
       1, 1, 1, 1, 1, 1, 2, 1, 3, 1, 0, 1, 1, 1, 1, 2, 1, 3, 1, 1, 1, 3,
       1, 0, 1, 1, 1, 1, 1, 1, 1, 1, 1, 3, 1, 1, 1, 1, 1, 3, 1, 1, 1, 1,
       1, 1, 1, 3, 1, 1, 1, 1, 1, 1, 1, 1, 1, 1, 1, 1, 3, 1, 1, 3, 1, 2,
       3, 1, 1, 0, 1, 1, 1, 1, 1, 1, 1, 1, 1, 1, 1, 1, 1, 2, 1, 3, 1, 1,
       1, 1, 1, 1, 1, 1, 1, 1, 1, 3, 1, 1, 4, 1, 1, 1, 1, 3, 1, 1, 1, 1,
       1, 1, 1, 1, 1, 1, 1, 1, 1, 1, 1, 1, 1, 1, 1, 1, 1, 1, 1, 1, 1, 1,
       1, 1, 3, 1, 1, 1, 1, 1, 1, 1, 3, 1, 1, 3, 3, 1, 1, 1, 1, 1, 2, 1,
       1, 1, 1, 1, 1, 1, 1, 2, 1, 1, 1, 1, 1, 3, 1, 1, 1, 1, 1, 3, 1, 1,
       4, 1]), 'time': 2891.908730983734}
lenSubsequence: 12{'RI': 0.6089447236180905, 'num_clusters': 6, 'uShapelets': [{'ts_index': 82, 'loc': 18, 'gap': 0.044080253585126974, 'distances': array([0.14653562, 0.11117669, 0.14639926, 0.10140646, 0.1555347 ,
       0.1063712 , 0.16093799, 0.13503426, 0.1363472 , 0.07929216,
       0.12916754, 0.08319071, 0.04825355, 0.12394052, 0.14182601,
       0.16027346, 0.04863946, 0.13279172, 0.14194558, 0.13534026,
       0.16773397, 0.15579746, 0.15604969, 0.13069019, 0.09279597,
       0.10395124, 0.11703435, 0.15376368, 0.10774514, 0.13280494,
       0.13809371, 0.14815755, 0.12116941, 0.04363479, 0.11559422,
       0.14587896, 0.10441267, 0.05216432, 0.13797068, 0.12762288,
       0.14505913, 0.12346808, 0.11640801, 0.06019539, 0.05867058,
       0.10438374, 0.12640393, 0.11291193, 0.05540017, 0.07186074,
       0.14868179, 0.11103311, 0.14374445, 0.09563788, 0.04364794,
       0.14163375, 0.14907593, 0.13957965, 0.12544862, 0.14423456,
       0.03853259, 0.12523639, 0.03933335, 0.121335  , 0.15213939,
       0.16317579, 0.16278226, 0.10766915, 0.12234761, 0.15311333,
       0.15429421, 0.05000445, 0.13115263, 0.05577591, 0.162522  ,
       0.03347156, 0.10810815, 0.16618044, 0.07749469, 0.14786493,
       0.09177655, 0.11908904, 0.        , 0.13759251, 0.12802401,
       0.10734219, 0.08485197, 0.17525226, 0.07602158, 0.14359264,
       0.14778417, 0.16957861, 0.15295325, 0.10740386, 0.05710615,
       0.06756181, 0.02960584, 0.13618648, 0.15343701, 0.10869904,
       0.1393269 , 0.15052983, 0.04968556, 0.08988144, 0.15111242,
       0.15469878, 0.14190745, 0.12363998, 0.14784481, 0.14053446,
       0.14727121, 0.1001965 , 0.05103268, 0.1501833 , 0.10511373,
       0.04087668, 0.08039984, 0.14922364, 0.08172618, 0.05233698,
       0.03838822, 0.03407539, 0.08822905, 0.14728919, 0.12363628,
       0.16893246, 0.07855482, 0.15365157, 0.15721969, 0.05592987,
       0.04890236, 0.10063817, 0.09538902, 0.050302  , 0.1614113 ,
       0.15232873, 0.07057813, 0.11671795, 0.14264377, 0.11746242,
       0.16199959, 0.14933949, 0.15199649, 0.15156212, 0.11441772,
       0.06330936, 0.13565236, 0.11290399, 0.13357259, 0.11030525,
       0.11389131, 0.13855037, 0.13493877, 0.132068  , 0.14684159,
       0.10178316, 0.14777906, 0.10432133, 0.13587478, 0.04975513,
       0.06317845, 0.14720275, 0.1326439 , 0.12114039, 0.14927471,
       0.10355323, 0.118132  , 0.10224679, 0.15926636, 0.05318724,
       0.06168719, 0.02260024, 0.10957127, 0.15737774, 0.14022004,
       0.0802073 , 0.11135202, 0.14542885, 0.04629633, 0.14946696,
       0.13428767, 0.15353127, 0.15259887, 0.11661698, 0.11953694,
       0.14762509, 0.13475023, 0.14763951, 0.14557239, 0.08498875,
       0.08810887, 0.15452421, 0.16559529, 0.15272285, 0.15105084,
       0.12853173, 0.12208489, 0.14680681, 0.12801686, 0.08550408]), 'delta_distances': array([0., 0., 0., 0., 0., 0., 0., 0., 0., 0., 0., 0., 0., 0., 0., 0., 0.,
       0., 0., 0., 0., 0., 0., 0., 0., 0., 0., 0., 0., 0., 0., 0., 0., 0.,
       0., 0., 0., 0., 0., 0., 0., 0., 0., 0., 0., 0., 0., 0., 0., 0., 0.,
       0., 0., 0., 0., 0., 0., 0., 0., 0., 0., 0., 0., 0., 0., 0., 0., 0.,
       0., 0., 0., 0., 0., 0., 0., 0., 0., 0., 0., 0., 0., 0., 0., 0., 0.,
       0., 0., 0., 0., 0., 0., 0., 0., 0., 0., 0., 0., 0., 0., 0., 0., 0.,
       0., 0., 0., 0., 0., 0., 0., 0., 0., 0., 0., 0., 0., 0., 0., 0., 0.,
       0., 0., 0., 0., 0., 0., 0., 0., 0., 0., 0., 0., 0., 0., 0., 0., 0.,
       0., 0., 0., 0., 0., 0., 0., 0., 0., 0., 0., 0., 0., 0., 0., 0., 0.,
       0., 0., 0., 0., 0., 0., 0., 0., 0., 0., 0., 0., 0., 0., 0., 0., 0.,
       0., 0., 0., 0., 0., 0., 0., 0., 0., 0., 0., 0., 0., 0., 0., 0., 0.,
       0., 0., 0., 0., 0., 0., 0., 0., 0., 0., 0., 0., 0.]), 'locations': array([ 30,  41, 166, 138, 114, 123, 113, 155,   1, 128, 115, 123, 160,
        28, 126, 207,  13, 107, 252,  61, 222, 191,   4,   0, 164, 166,
        95, 199,  58,  75, 254, 249, 162,  16,  68,  59, 141,  34, 118,
        57, 151,  38,  89,  35, 170, 152, 101,  36, 135,  87,  15,  92,
       123,  92, 173, 243, 167, 238, 123, 110, 104, 150, 112,  81, 210,
       250, 148, 151,  79, 115, 217,  53, 155, 104,   5,  51,  23, 255,
       120, 207, 160, 196,  18, 251,  66, 177, 112,  23,  24, 244, 245,
        15, 132,   6,  74, 119,  34, 169, 131, 129, 209, 217,  55, 210,
       126, 196, 248,  33,  16, 194,  24, 131,  95,  21, 147, 193, 146,
       141, 146, 135, 111, 118,  57, 210,   6,  41,  33,  22, 227,   5,
       165,   2,  89, 114,  89, 146,  13,  55, 123,  56, 109, 119,  36,
       180, 124, 135,   1, 148,  52, 114, 179,  80, 112, 141,  71, 130,
       113,  32, 153, 141,  51,  48, 140, 156, 202,  46, 197,  54,  32,
        67, 146,  18, 167,  41, 156, 107, 192, 183,  70, 178, 119, 175,
       189, 120,  61, 238, 102, 222,  52,  15, 153, 249, 212, 247,  90,
        54,  88, 167, 195, 178])}, {'ts_index': 6, 'loc': 36, 'gap': 0.036506628904041716, 'distances': array([0.16162361, 0.13753303, 0.13608443, 0.13656171, 0.13077741,
       0.1539351 , 0.        , 0.14018058, 0.13266092, 0.16692542,
       0.14920854, 0.17155419, 0.15293667, 0.06233972, 0.11323955,
       0.13013299, 0.16743878, 0.08244468, 0.15093492, 0.15059491,
       0.12221346, 0.11917498, 0.11327374, 0.17288688, 0.16024234,
       0.14151565, 0.15885435, 0.15700779, 0.10648318, 0.15520452,
       0.15776475, 0.11301494, 0.15054773, 0.13751035, 0.10977253,
       0.06784379, 0.16490115, 0.16200036, 0.06724553, 0.14385625,
       0.10842175, 0.13421001, 0.06561915, 0.11353337, 0.15351106,
       0.12026542, 0.15806193, 0.07131374, 0.11570993, 0.14985107,
       0.06508045, 0.15968765, 0.17029055, 0.11021722, 0.13590704,
       0.15178445, 0.14931696, 0.0538692 , 0.07946989, 0.14540407,
       0.1591531 , 0.06796287, 0.10604208, 0.15549109, 0.07663136,
       0.14808616, 0.15029027, 0.09830225, 0.15595597, 0.15529217,
       0.16841234, 0.17027527, 0.1163236 , 0.1400072 , 0.16168384,
       0.16408575, 0.10746029, 0.1732409 , 0.16964985, 0.16027081,
       0.08816767, 0.12460014, 0.15574381, 0.1632469 , 0.08468485,
       0.15460052, 0.15343021, 0.08601271, 0.15664212, 0.07237673,
       0.15949598, 0.13811191, 0.07335898, 0.14625496, 0.11095881,
       0.07840308, 0.13275364, 0.16887506, 0.11408823, 0.04772692,
       0.14745092, 0.15198188, 0.15195102, 0.15796881, 0.1631931 ,
       0.14658277, 0.15537222, 0.14894922, 0.14795363, 0.08361799,
       0.14783287, 0.11063986, 0.07246381, 0.12904306, 0.1565938 ,
       0.16170341, 0.14842076, 0.15566524, 0.11195452, 0.07823284,
       0.1307187 , 0.16030134, 0.0985824 , 0.05890296, 0.13686809,
       0.15484645, 0.12856378, 0.15350028, 0.07247782, 0.17290521,
       0.17105778, 0.09211177, 0.15467212, 0.14456392, 0.14193589,
       0.11791253, 0.15919071, 0.05582287, 0.11830775, 0.15092135,
       0.15448221, 0.13258222, 0.12182663, 0.07469884, 0.1550194 ,
       0.10716399, 0.14352283, 0.150142  , 0.14165541, 0.17636235,
       0.16932768, 0.15694292, 0.14413307, 0.12911351, 0.16003701,
       0.12508783, 0.11658031, 0.14764995, 0.13822931, 0.16954416,
       0.16062907, 0.15797965, 0.1458942 , 0.11953238, 0.1303421 ]), 'delta_distances': array([0., 0., 0., 0., 0., 0., 0., 0., 0., 0., 0., 0., 0., 0., 0., 0., 0.,
       0., 0., 0., 0., 0., 0., 0., 0., 0., 0., 0., 0., 0., 0., 0., 0., 0.,
       0., 0., 0., 0., 0., 0., 0., 0., 0., 0., 0., 0., 0., 0., 0., 0., 0.,
       0., 0., 0., 0., 0., 0., 0., 0., 0., 0., 0., 0., 0., 0., 0., 0., 0.,
       0., 0., 0., 0., 0., 0., 0., 0., 0., 0., 0., 0., 0., 0., 0., 0., 0.,
       0., 0., 0., 0., 0., 0., 0., 0., 0., 0., 0., 0., 0., 0., 0., 0., 0.,
       0., 0., 0., 0., 0., 0., 0., 0., 0., 0., 0., 0., 0., 0., 0., 0., 0.,
       0., 0., 0., 0., 0., 0., 0., 0., 0., 0., 0., 0., 0., 0., 0., 0., 0.,
       0., 0., 0., 0., 0., 0., 0., 0., 0., 0., 0., 0., 0., 0., 0., 0., 0.,
       0., 0., 0., 0., 0., 0., 0., 0., 0., 0., 0., 0.]), 'locations': array([165, 177, 159,  47,  21,  86,  36, 112,  32,  57, 175, 239,  78,
       128,  99,  41,  46,  19,  26, 130,  93,  73, 170, 150, 112,  27,
       171,  23, 208, 157, 129, 152, 132, 147,  53,  88,  79,  95, 162,
        57, 119, 182, 125,  98,  54,  86,  50, 138,  68, 131,   1, 203,
        35,  45,  38,  10, 172, 134, 174, 155, 155, 119, 201, 136, 118,
        36, 150,  84, 125,  13,  13,  92, 200,  86,  13,  86,  19, 225,
        18, 193, 140, 108, 233,  99, 146,  84, 185,  12, 178,  63, 199,
        67, 106,  89, 141,  88, 166, 134, 104, 136,  31, 189, 172,  13,
        83, 147,  57, 105,   0, 181,  33,   8, 163, 164, 207, 148, 119,
        82,  71, 112, 138,  97,  89, 137,  24, 142, 162, 132, 187, 260,
       167, 158, 157,  95,  60,  89, 103, 135,  68,  30,  81, 133,  97,
        13,  41,  15,  95, 173, 101,  61,  59, 123,  77,  48,  31, 149,
        94, 171, 200, 102, 120, 120,  56,   4,  40])}, {'ts_index': 180, 'loc': 263, 'gap': 0.038859950175522705, 'distances': array([0.09335348, 0.10723095, 0.08389924, 0.15793977, 0.10345781,
       0.10665534, 0.06044327, 0.11386845, 0.10110272, 0.12642849,
       0.13563104, 0.09743952, 0.09536071, 0.15177072, 0.15477311,
       0.11907531, 0.15474727, 0.15346806, 0.09693519, 0.13803942,
       0.11419727, 0.14707953, 0.05226213, 0.11870129, 0.11941619,
       0.10735921, 0.11478599, 0.13096679, 0.10930005, 0.13585116,
       0.04546715, 0.10590676, 0.1147752 , 0.03823651, 0.1450657 ,
       0.1259235 , 0.06071708, 0.0692944 , 0.12926472, 0.0702343 ,
       0.06289964, 0.11677274, 0.03684907, 0.10615828, 0.03931967,
       0.11121064, 0.14241109, 0.13547176, 0.09816408, 0.04035445,
       0.0342052 , 0.09934425, 0.07685561, 0.12353195, 0.1060474 ,
       0.07669093, 0.12738686, 0.13160972, 0.13337241, 0.12317281,
       0.09561331, 0.059662  , 0.08154777, 0.12857996, 0.11030594,
       0.12023473, 0.04615422, 0.10156304, 0.09992349, 0.12356332,
       0.13782583, 0.14692263, 0.08189526, 0.13231297, 0.1263411 ,
       0.13477378, 0.1189321 , 0.14098414, 0.12824144, 0.11789934,
       0.12802281, 0.11468722, 0.12330429, 0.12428049, 0.06197212,
       0.12335969, 0.11741245, 0.12548989, 0.11512755, 0.13603681,
       0.12097888, 0.14117352, 0.05521722, 0.08123671, 0.02926967,
       0.0450613 , 0.05304465, 0.11273961, 0.09210498, 0.10205421,
       0.14539693, 0.04979314, 0.03432288, 0.11894392, 0.11894472,
       0.03515393, 0.02798044, 0.12367902, 0.12415935, 0.15278424,
       0.07938915, 0.11114469, 0.07347842, 0.04299047, 0.12793694,
       0.10332608, 0.10415071, 0.12241338, 0.06518923, 0.12518956,
       0.12590685, 0.1295612 , 0.09515706, 0.11124809, 0.11419421,
       0.10719476, 0.09450851, 0.113554  , 0.12131761, 0.13051432,
       0.12024385, 0.12684897, 0.12655057, 0.13051416, 0.1105811 ,
       0.10034807]), 'delta_distances': array([0., 0., 0., 0., 0., 0., 0., 0., 0., 0., 0., 0., 0., 0., 0., 0., 0.,
       0., 0., 0., 0., 0., 0., 0., 0., 0., 0., 0., 0., 0., 0., 0., 0., 0.,
       0., 0., 0., 0., 0., 0., 0., 0., 0., 0., 0., 0., 0., 0., 0., 0., 0.,
       0., 0., 0., 0., 0., 0., 0., 0., 0., 0., 0., 0., 0., 0., 0., 0., 0.,
       0., 0., 0., 0., 0., 0., 0., 0., 0., 0., 0., 0., 0., 0., 0., 0., 0.,
       0., 0., 0., 0., 0., 0., 0., 0., 0., 0., 0., 0., 0., 0., 0., 0., 0.,
       0., 0., 0., 0., 0., 0., 0., 0., 0., 0., 0., 0., 0., 0., 0., 0., 0.,
       0., 0., 0., 0., 0., 0., 0., 0., 0., 0., 0., 0., 0., 0., 0., 0., 0.]), 'locations': array([228, 109, 120,  47,  82, 162, 198,  95,  52, 110,  59, 143, 146,
       234, 169,   5, 157, 198,  54, 217, 212,  22, 201,  39, 196,  10,
       198, 185,  48, 226, 108,   7, 195, 226,  89, 253, 252,  43,  86,
       256, 105,  27, 232,  87, 231, 250, 237, 105, 120, 237,  23,  62,
        54, 195, 255, 228,  73, 196, 172, 116,  59, 117, 223,  35,  80,
       201, 122, 242,  64,  25, 186,  10, 176,  41, 215, 182, 211, 146,
       249,  14, 225, 165, 218,  35, 164,  98,  34, 140,  17, 142, 252,
       236, 200, 195, 135, 213,  41,  94, 214, 211, 136, 244, 162, 249,
       107, 238,  47, 137, 160,  63,  82, 143, 197, 191, 247, 128, 167,
         9, 222,  87,  40, 232,  15, 124,  94, 215, 219, 193, 177, 121,
        47, 207, 261, 151, 115, 187])}, {'ts_index': 28, 'loc': 236, 'gap': 0.040218046362622634, 'distances': array([0.04503158, 0.02178862, 0.08593118, 0.04254022, 0.06006144,
       0.01836489, 0.03321235, 0.03349759, 0.02133898, 0.01804551,
       0.13356046, 0.04632843, 0.05717787, 0.02975885, 0.10138948,
       0.0366423 , 0.04177661, 0.01229783, 0.07088874, 0.03529834,
       0.04909305, 0.        , 0.01704179, 0.06616913, 0.09412559,
       0.05262936, 0.03516322, 0.01997286, 0.12906766, 0.12885115,
       0.01674912, 0.08916892, 0.02769079, 0.10589704, 0.04307507,
       0.03474727, 0.01117975, 0.01527486, 0.02895857, 0.06547472,
       0.11216453, 0.02175146, 0.02391996, 0.03879064, 0.02310664,
       0.05407591, 0.11628825, 0.06029222, 0.07170207, 0.03591857,
       0.0265185 , 0.05706484, 0.06990199, 0.14004472, 0.06405618,
       0.04747527, 0.02395032, 0.15734223, 0.04399947, 0.1256236 ,
       0.02455194, 0.03031174, 0.02511877, 0.04702719, 0.02241804,
       0.1281166 , 0.08470044, 0.13447114, 0.04598146, 0.02042913,
       0.0154763 , 0.08759982, 0.05974175, 0.1379115 , 0.09733636,
       0.10740658, 0.02084147, 0.10139481, 0.06138089, 0.03364766,
       0.01581899, 0.01555333, 0.0686693 , 0.06387086, 0.03900278,
       0.04469056, 0.0672352 , 0.03460117, 0.02296101, 0.02773632,
       0.14513766, 0.07408131, 0.0791427 , 0.0239376 , 0.05183528,
       0.03921581, 0.03710118, 0.04559704, 0.09141687, 0.03986907,
       0.04313815, 0.02051758, 0.07284723, 0.03483078, 0.07201877,
       0.05840496, 0.02983252, 0.01695125, 0.08585941, 0.08785466,
       0.04217692, 0.12136056]), 'delta_distances': array([0., 0., 0., 0., 0., 0., 0., 0., 0., 0., 0., 0., 0., 0., 0., 0., 0.,
       0., 0., 0., 0., 0., 0., 0., 0., 0., 0., 0., 0., 0., 0., 0., 0., 0.,
       0., 0., 0., 0., 0., 0., 0., 0., 0., 0., 0., 0., 0., 0., 0., 0., 0.,
       0., 0., 0., 0., 0., 0., 0., 0., 0., 0., 0., 0., 0., 0., 0., 0., 0.,
       0., 0., 0., 0., 0., 0., 0., 0., 0., 0., 0., 0., 0., 0., 0., 0., 0.,
       0., 0., 0., 0., 0., 0., 0., 0., 0., 0., 0., 0., 0., 0., 0., 0., 0.,
       0., 0., 0., 0., 0., 0., 0., 0., 0., 0.]), 'locations': array([154, 218, 259, 206, 221, 214, 105,  64, 214, 258,   9, 179,  43,
       122,  32, 235,  23, 140,  28, 215, 145, 236, 255,  43, 118, 248,
       199, 214, 122, 196,   7, 130, 244, 221, 227, 220, 224, 182, 177,
       220, 138, 219,  73, 105, 214, 201, 187, 223, 144, 262, 236,  38,
       174, 127,  57,  78, 117, 180, 178,  52, 163, 228, 239, 202,  62,
       240,  20, 258, 147, 230,  44, 209,  29, 194, 249, 167, 220,  11,
       156, 171, 201, 102, 193, 190,  97, 225, 159, 132, 110, 208, 195,
       248, 185, 224,  49,  99, 237,  66,  38, 141, 180, 101, 212, 239,
       165, 156, 133, 104, 201,  66, 253,  65])}, {'ts_index': 138, 'loc': 253, 'gap': 0.0386816467646038, 'distances': array([0.06277902, 0.07521681, 0.11778086, 0.1055644 , 0.0296464 ,
       0.0343652 , 0.07012919, 0.05523586, 0.11999982, 0.0281303 ,
       0.04599584, 0.03520515, 0.03326697, 0.05543229, 0.05051026,
       0.        , 0.06958223, 0.03417651, 0.10178185]), 'delta_distances': array([0., 0., 0., 0., 0., 0., 0., 0., 0., 0., 0., 0., 0., 0., 0., 0., 0.,
       0., 0.]), 'locations': array([ 13, 193, 229, 214,  56, 234,  87,  14, 168,  98,  64, 190, 253,
        21, 172, 253, 182,   8, 104])}, {'ts_index': 93, 'loc': 131, 'gap': 0.039479837928257815, 'distances': array([0.06062091, 0.10974983, 0.        , 0.10010074]), 'delta_distances': array([0., 0., 0., 0.]), 'locations': array([106, 176, 131, 250])}], 'clusters': array([4, 4, 4, 4, 4, 4, 2, 3, 4, 4, 4, 4, 1, 5, 2, 4, 1, 4, 4, 2, 5, 4,
       4, 4, 4, 4, 4, 3, 4, 4, 4, 6, 4, 1, 4, 4, 3, 1, 0, 2, 5, 3, 2, 1,
       1, 4, 4, 3, 1, 1, 2, 3, 4, 5, 1, 3, 2, 4, 3, 2, 1, 4, 1, 3, 4, 4,
       4, 4, 2, 2, 3, 1, 3, 1, 2, 1, 5, 4, 2, 4, 4, 2, 1, 4, 4, 5, 4, 4,
       4, 3, 4, 4, 4, 6, 1, 1, 1, 3, 2, 4, 4, 4, 1, 2, 5, 4, 2, 5, 2, 4,
       4, 2, 1, 4, 4, 1, 2, 4, 5, 1, 1, 1, 4, 2, 5, 4, 4, 4, 3, 1, 1, 4,
       4, 1, 5, 5, 1, 2, 5, 4, 2, 5, 3, 4, 3, 1, 3, 3, 2, 4, 4, 2, 2, 4,
       4, 3, 3, 2, 4, 1, 1, 4, 2, 3, 3, 4, 4, 4, 2, 1, 1, 1, 4, 4, 5, 3,
       4, 2, 1, 4, 4, 4, 3, 4, 4, 4, 4, 4, 4, 4, 4, 4, 4, 4, 4, 4, 4, 4,
       4, 0]), 'time': 7660.230334997177}
lenSubsequence: 13{'RI': 0.6168341708542714, 'num_clusters': 8, 'uShapelets': [{'ts_index': 64, 'loc': 261, 'gap': 0.0370322790204103, 'distances': array([0.09091897, 0.14746771, 0.09480323, 0.07334658, 0.14916021,
       0.14219592, 0.03489825, 0.12589748, 0.09064287, 0.1039879 ,
       0.14284361, 0.05229406, 0.03523918, 0.05282069, 0.08965741,
       0.03208625, 0.11322881, 0.066462  , 0.10172568, 0.13647972,
       0.04729518, 0.02589104, 0.10602221, 0.11568924, 0.13642246,
       0.05647361, 0.14342537, 0.10730751, 0.09137364, 0.14699233,
       0.13959976, 0.14451578, 0.12185657, 0.12919604, 0.04769872,
       0.13804323, 0.14454029, 0.09392372, 0.12547092, 0.13074278,
       0.12908671, 0.07020509, 0.13543483, 0.08731589, 0.07181524,
       0.12495925, 0.06164959, 0.04628571, 0.07830962, 0.10599282,
       0.09685958, 0.13058876, 0.12637897, 0.13121466, 0.1292322 ,
       0.14273762, 0.05513582, 0.13724836, 0.13285203, 0.05035779,
       0.12267109, 0.12172248, 0.12879766, 0.15026435, 0.        ,
       0.14675391, 0.14250666, 0.05118593, 0.13250131, 0.03571442,
       0.14425084, 0.08942165, 0.08663006, 0.14965766, 0.13921559,
       0.11940737, 0.13624686, 0.09905452, 0.10246466, 0.10183355,
       0.09892828, 0.10175964, 0.12091098, 0.05749056, 0.13391033,
       0.09954256, 0.04780928, 0.10177504, 0.11322848, 0.1118756 ,
       0.06240681, 0.1314628 , 0.13770015, 0.13602961, 0.1186617 ,
       0.14739612, 0.10614164, 0.09442683, 0.04864751, 0.14492239,
       0.10723005, 0.11496168, 0.13597526, 0.01419648, 0.13779203,
       0.11193208, 0.11612632, 0.07205899, 0.11604932, 0.1142126 ,
       0.0589957 , 0.14368932, 0.1092824 , 0.11126346, 0.12401571,
       0.14925615, 0.11267151, 0.14483148, 0.13653161, 0.12655415,
       0.12539352, 0.08867292, 0.0433464 , 0.1368563 , 0.14908656,
       0.13613406, 0.13137452, 0.08123921, 0.12725479, 0.07101042,
       0.03185772, 0.0847971 , 0.08169367, 0.10260348, 0.04540475,
       0.15120792, 0.14379833, 0.11429482, 0.14470917, 0.08997212,
       0.1167589 , 0.13489349, 0.12715526, 0.13600075, 0.1393667 ,
       0.09498707, 0.11145237, 0.14560862, 0.02770619, 0.09662662,
       0.08465934, 0.08684296, 0.12664949, 0.10524897, 0.09370217,
       0.11492305, 0.15037742, 0.10493851, 0.06704397, 0.13590608,
       0.15118041, 0.06961706, 0.14463233, 0.14214172, 0.09402889,
       0.14544363, 0.1469002 , 0.12097678, 0.13151405, 0.0738428 ,
       0.11518354, 0.06128252, 0.04599591, 0.11903264, 0.15181039,
       0.08692966, 0.08302796, 0.12513881, 0.01748015, 0.04757175,
       0.04957215, 0.03560385, 0.13072656, 0.1414263 , 0.0645562 ,
       0.09365183, 0.04744759, 0.14384146, 0.11784881, 0.06610482,
       0.12852624, 0.12847821, 0.12133997, 0.08639641, 0.14082085,
       0.14511258, 0.02093902, 0.13621143, 0.07763462, 0.12862405]), 'delta_distances': array([0., 0., 0., 0., 0., 0., 0., 0., 0., 0., 0., 0., 0., 0., 0., 0., 0.,
       0., 0., 0., 0., 0., 0., 0., 0., 0., 0., 0., 0., 0., 0., 0., 0., 0.,
       0., 0., 0., 0., 0., 0., 0., 0., 0., 0., 0., 0., 0., 0., 0., 0., 0.,
       0., 0., 0., 0., 0., 0., 0., 0., 0., 0., 0., 0., 0., 0., 0., 0., 0.,
       0., 0., 0., 0., 0., 0., 0., 0., 0., 0., 0., 0., 0., 0., 0., 0., 0.,
       0., 0., 0., 0., 0., 0., 0., 0., 0., 0., 0., 0., 0., 0., 0., 0., 0.,
       0., 0., 0., 0., 0., 0., 0., 0., 0., 0., 0., 0., 0., 0., 0., 0., 0.,
       0., 0., 0., 0., 0., 0., 0., 0., 0., 0., 0., 0., 0., 0., 0., 0., 0.,
       0., 0., 0., 0., 0., 0., 0., 0., 0., 0., 0., 0., 0., 0., 0., 0., 0.,
       0., 0., 0., 0., 0., 0., 0., 0., 0., 0., 0., 0., 0., 0., 0., 0., 0.,
       0., 0., 0., 0., 0., 0., 0., 0., 0., 0., 0., 0., 0., 0., 0., 0., 0.,
       0., 0., 0., 0., 0., 0., 0., 0., 0., 0., 0., 0., 0.]), 'locations': array([ 77, 244, 209, 253, 199, 247, 247, 232, 124, 189, 244, 225, 253,
       260,  62, 199,  56, 244, 206,  93, 254, 222, 245, 216, 256, 256,
        64, 251,  57, 145,  84, 222, 230, 254, 222, 248,  21, 255, 225,
       252, 256, 226,  73, 226, 215, 184, 224, 240, 236,  29, 261,  76,
       110, 101,  98, 243, 202, 243, 104, 253, 236, 260,  14,   8, 261,
       119, 177, 259, 202, 246, 255, 212, 157, 128, 163, 246, 121,  63,
       257, 211, 241, 239, 234, 252,  38, 245, 249,  68,  67, 242, 244,
       219, 127, 255,  61,  45,  98, 245, 249, 196,  15, 234,  70, 243,
       235, 241, 230, 178, 172, 191,  32, 126,  26, 234, 239,  64, 260,
       131, 139, 256,  12, 235, 255, 260, 110, 258, 241, 235, 124, 227,
       248, 206, 231, 197, 216, 220, 135, 243, 260, 238,  60, 194, 258,
       125,  98, 217, 232, 237, 209, 209, 145, 237,  26, 256, 127, 258,
       232, 250, 226, 250,  26, 240, 220, 162, 238, 136,  65, 222, 167,
       230, 163, 257, 217, 242, 152, 250, 251, 199, 226, 245, 255, 258,
       242, 170, 214, 233, 248, 236, 215, 259, 123,  71, 255, 231, 228,
       158, 257,  48, 235, 186])}, {'ts_index': 107, 'loc': 1, 'gap': 0.043739682698969454, 'distances': array([0.16197523, 0.04019936, 0.15185366, 0.14943997, 0.13748527,
       0.14527567, 0.15961688, 0.16244611, 0.03782315, 0.15917865,
       0.03980589, 0.06732135, 0.08216023, 0.1296731 , 0.15869161,
       0.13690067, 0.13461536, 0.15361681, 0.13851038, 0.16043304,
       0.13382168, 0.11144569, 0.12971336, 0.15831599, 0.11665534,
       0.13688241, 0.13303652, 0.14226985, 0.15231104, 0.09074585,
       0.14506506, 0.14130714, 0.13513203, 0.14697859, 0.10982517,
       0.05833692, 0.08194652, 0.13636553, 0.14237487, 0.13892   ,
       0.0952787 , 0.12590825, 0.11692077, 0.06851448, 0.12303669,
       0.15151044, 0.13505284, 0.10395186, 0.11531945, 0.13256178,
       0.07222142, 0.12275   , 0.13857276, 0.04202341, 0.14985154,
       0.11480112, 0.12871528, 0.04614922, 0.02610836, 0.05943021,
       0.13572841, 0.14549748, 0.14022021, 0.08740617, 0.16168969,
       0.10699506, 0.14351569, 0.13949445, 0.13197718, 0.13781914,
       0.14649318, 0.15795603, 0.16263884, 0.11527743, 0.13279289,
       0.1524385 , 0.135562  , 0.14428317, 0.13607941, 0.12751207,
       0.12538984, 0.1459651 , 0.13216169, 0.14173685, 0.0540467 ,
       0.14296925, 0.        , 0.14055274, 0.16189824, 0.08282673,
       0.13235331, 0.1342919 , 0.1629669 , 0.12027211, 0.1480924 ,
       0.03941441, 0.05525516, 0.03944789, 0.15348147, 0.05576223,
       0.1411172 , 0.12865608, 0.14452625, 0.14517274, 0.05162768,
       0.09432842, 0.1183784 , 0.14630722, 0.07039599, 0.13340884,
       0.13323206, 0.15046805, 0.14411809, 0.12491304, 0.13759265,
       0.09473745, 0.09840707, 0.04391608, 0.08681635, 0.13853216,
       0.12251983, 0.1383012 , 0.11528136, 0.1485698 , 0.14133438,
       0.07827354, 0.11577235, 0.13300813, 0.15273312, 0.14737978,
       0.13568538, 0.13560481, 0.14989069, 0.14195493, 0.14133004,
       0.13849083, 0.13541864, 0.1274887 , 0.14760479, 0.12576614,
       0.05659276, 0.13656703, 0.10636364, 0.04332472, 0.10518388,
       0.14687502, 0.10353435, 0.12646651, 0.13248163, 0.15308261,
       0.14768558, 0.10204095, 0.06715366, 0.14648241, 0.14888702,
       0.14876212, 0.14788184, 0.11220073, 0.13842406, 0.13852446,
       0.14839221, 0.13858532, 0.14358249, 0.13710208, 0.12317955]), 'delta_distances': array([0., 0., 0., 0., 0., 0., 0., 0., 0., 0., 0., 0., 0., 0., 0., 0., 0.,
       0., 0., 0., 0., 0., 0., 0., 0., 0., 0., 0., 0., 0., 0., 0., 0., 0.,
       0., 0., 0., 0., 0., 0., 0., 0., 0., 0., 0., 0., 0., 0., 0., 0., 0.,
       0., 0., 0., 0., 0., 0., 0., 0., 0., 0., 0., 0., 0., 0., 0., 0., 0.,
       0., 0., 0., 0., 0., 0., 0., 0., 0., 0., 0., 0., 0., 0., 0., 0., 0.,
       0., 0., 0., 0., 0., 0., 0., 0., 0., 0., 0., 0., 0., 0., 0., 0., 0.,
       0., 0., 0., 0., 0., 0., 0., 0., 0., 0., 0., 0., 0., 0., 0., 0., 0.,
       0., 0., 0., 0., 0., 0., 0., 0., 0., 0., 0., 0., 0., 0., 0., 0., 0.,
       0., 0., 0., 0., 0., 0., 0., 0., 0., 0., 0., 0., 0., 0., 0., 0., 0.,
       0., 0., 0., 0., 0., 0., 0., 0., 0., 0., 0., 0.]), 'locations': array([249,  30, 138,  37, 193, 182,  29,  46, 129, 136, 103,  35, 146,
        17,  31, 126, 181,   4, 215, 122, 122,  84, 104, 168, 165,  56,
        84, 140, 241, 117, 230, 261,  19,  42, 178, 167,  44, 249, 102,
         8, 130,   1,  49, 170,  54,  90, 247, 151, 229,  24,  84, 140,
        15,  74, 164, 129, 224, 102,   6,  49, 167,  32,  10,  59,  13,
       193, 145, 224, 172, 261,  24, 234, 184, 135, 132,  72,  35, 156,
       127,  84, 119, 252,  86, 127, 102, 163,   1, 218, 138, 118, 189,
        27,  80, 196, 188,  15,  39, 148, 132, 164, 111,  22,  74, 164,
        96,  86,  52,   2,  90,  23,  29, 132,  64, 128,  48, 107,  76,
       132,  69, 225,   4, 134, 151, 243, 181,  78, 173, 129,  68,  53,
       131,  55, 148, 195,  95,  36, 161, 110,   7, 152, 168,  68, 129,
        66,  36, 248,  68, 135,  33,  39, 119,  86, 121, 162, 173,  27,
        10, 129, 225,  27,  64, 250, 129, 243, 150])}, {'ts_index': 78, 'loc': 19, 'gap': 0.03529520705100451, 'distances': array([0.04424346, 0.09650626, 0.12822746, 0.03508665, 0.05959708,
       0.07816817, 0.11036249, 0.11306003, 0.07320536, 0.09355884,
       0.10998855, 0.11398796, 0.09964665, 0.03018671, 0.09719499,
       0.05630705, 0.02090188, 0.12569568, 0.04986676, 0.10865953,
       0.10480075, 0.10314804, 0.03003662, 0.08177617, 0.09173845,
       0.10497256, 0.0239621 , 0.05555856, 0.10421712, 0.11227807,
       0.11034581, 0.0822971 , 0.13024254, 0.12627966, 0.11527696,
       0.10436642, 0.02507436, 0.09881474, 0.0962199 , 0.12031657,
       0.05884286, 0.10455891, 0.05142787, 0.11168337, 0.11651121,
       0.08939232, 0.03009539, 0.12488258, 0.09663698, 0.        ,
       0.11335398, 0.09244202, 0.11325761, 0.09728521, 0.09053476,
       0.08471978, 0.12417288, 0.09391042, 0.07438836, 0.1065243 ,
       0.10427453, 0.09057846, 0.0183838 , 0.09926106, 0.12666607,
       0.0832902 , 0.11289955, 0.10861042, 0.0410921 , 0.11430941,
       0.0409095 , 0.03173894, 0.09588837, 0.05646098, 0.05883238,
       0.11050426, 0.10556554, 0.09906977, 0.08344879, 0.11788774,
       0.07689989, 0.02076318, 0.10787926, 0.08427097, 0.05018084,
       0.12818029, 0.06576024, 0.08139577, 0.11509029, 0.07883734,
       0.01231705, 0.0530626 , 0.095256  , 0.06437065, 0.11458586,
       0.09067198, 0.04079285, 0.05970874, 0.12551633, 0.04665862,
       0.12874432, 0.07547371, 0.11439496, 0.1237904 , 0.12083887,
       0.10217463, 0.05297883, 0.08382764, 0.01312607, 0.11285643,
       0.10808633, 0.09705809, 0.02826227, 0.10127592, 0.0996868 ,
       0.06450407, 0.09798654, 0.10916925, 0.10870043, 0.08423504,
       0.12516491, 0.01630123, 0.11644376, 0.07287632, 0.0064077 ,
       0.04610012, 0.10629651, 0.11347972, 0.12345642, 0.07430162,
       0.01886492, 0.11649341, 0.07890287, 0.06348007, 0.12403765,
       0.12128882]), 'delta_distances': array([0., 0., 0., 0., 0., 0., 0., 0., 0., 0., 0., 0., 0., 0., 0., 0., 0.,
       0., 0., 0., 0., 0., 0., 0., 0., 0., 0., 0., 0., 0., 0., 0., 0., 0.,
       0., 0., 0., 0., 0., 0., 0., 0., 0., 0., 0., 0., 0., 0., 0., 0., 0.,
       0., 0., 0., 0., 0., 0., 0., 0., 0., 0., 0., 0., 0., 0., 0., 0., 0.,
       0., 0., 0., 0., 0., 0., 0., 0., 0., 0., 0., 0., 0., 0., 0., 0., 0.,
       0., 0., 0., 0., 0., 0., 0., 0., 0., 0., 0., 0., 0., 0., 0., 0., 0.,
       0., 0., 0., 0., 0., 0., 0., 0., 0., 0., 0., 0., 0., 0., 0., 0., 0.,
       0., 0., 0., 0., 0., 0., 0., 0., 0., 0., 0., 0., 0., 0., 0., 0., 0.]), 'locations': array([155, 124, 241, 103, 168, 107, 229, 121, 217,   6, 223,   7,  98,
       224, 255, 108, 175, 185,  33,  49,  49, 120, 233, 222, 121,  73,
       213, 183,  99, 260,   2,  56,  18,  41, 217, 109, 242,   6, 118,
       198,  26,  51, 198, 242, 138, 135, 112, 128,  79,  19, 201,  68,
        35, 217, 202, 258, 256, 232,  80, 239,  53, 156, 215, 235, 212,
         1, 104, 137, 191, 206, 217, 141, 160, 212, 212, 237,  51,  96,
       169,  12, 259,  84, 179,  36, 182, 210, 184, 175,  92, 223, 103,
        88, 231,   7, 153, 124,  73, 244, 218, 260, 202, 254,  77, 101,
       221, 106, 201, 226, 215, 106,  39,  56, 206, 130,  18, 141, 228,
       121,  36, 199, 133, 225, 217, 135, 261,  93, 169, 185, 124,  58,
       122, 217,  41,  63, 245, 242])}, {'ts_index': 189, 'loc': 99, 'gap': 0.03802704645062596, 'distances': array([0.10071394, 0.04350155, 0.01883758, 0.12201395, 0.05343916,
       0.02718585, 0.02938942, 0.03147609, 0.057528  , 0.02381712,
       0.03089083, 0.06180933, 0.02860218, 0.06024206, 0.08745542,
       0.05208094, 0.02415938, 0.02469101, 0.0578438 , 0.02202925,
       0.10171642, 0.032728  , 0.05829818, 0.0234547 , 0.0534834 ,
       0.06188366, 0.06609045, 0.02065897, 0.04762293, 0.11243172,
       0.0175515 , 0.09028387, 0.05509171, 0.03132314, 0.059672  ,
       0.02272923, 0.0695054 , 0.06710989, 0.10302756, 0.02118281,
       0.05382815, 0.0560351 , 0.12130562, 0.02781367, 0.05081014,
       0.11523941, 0.03579404, 0.10584323, 0.11448434, 0.08362283,
       0.12560908, 0.04069838, 0.0475584 , 0.08465707, 0.13686657,
       0.05005494, 0.02456503, 0.14526156, 0.03581451, 0.04003822,
       0.02596805, 0.03270854, 0.01966594, 0.02875031, 0.05824516,
       0.04819771, 0.03348039, 0.03640748, 0.01480446, 0.07858353,
       0.0253119 , 0.05019006, 0.03754711, 0.07084496, 0.05842476,
       0.01287351, 0.0289261 , 0.0513841 , 0.08240922, 0.07689911,
       0.10209565, 0.03182634, 0.12017116, 0.02052274, 0.12260059,
       0.05279   , 0.04185744, 0.02646372, 0.06021646, 0.1253583 ,
       0.02867622, 0.10102122, 0.12204433, 0.04220519, 0.12775426,
       0.07452403, 0.05494403, 0.07507444, 0.05935858, 0.03423049,
       0.09173902, 0.08961684, 0.04477998, 0.        , 0.07217509,
       0.03379567, 0.09544926, 0.04367178, 0.017984  , 0.06222129,
       0.14019075, 0.03508688]), 'delta_distances': array([0., 0., 0., 0., 0., 0., 0., 0., 0., 0., 0., 0., 0., 0., 0., 0., 0.,
       0., 0., 0., 0., 0., 0., 0., 0., 0., 0., 0., 0., 0., 0., 0., 0., 0.,
       0., 0., 0., 0., 0., 0., 0., 0., 0., 0., 0., 0., 0., 0., 0., 0., 0.,
       0., 0., 0., 0., 0., 0., 0., 0., 0., 0., 0., 0., 0., 0., 0., 0., 0.,
       0., 0., 0., 0., 0., 0., 0., 0., 0., 0., 0., 0., 0., 0., 0., 0., 0.,
       0., 0., 0., 0., 0., 0., 0., 0., 0., 0., 0., 0., 0., 0., 0., 0., 0.,
       0., 0., 0., 0., 0., 0., 0., 0., 0., 0.]), 'locations': array([ 19, 206, 214,  17, 105, 214, 122,  99,  23, 139,  56,  31, 233,
        13, 212, 127, 215,  91, 129, 232, 171, 120, 253, 258, 205, 141,
        16, 244, 161, 230, 163,  15, 228, 143,  97, 207, 170,  79, 215,
       198, 105,  89,  69, 203, 215,  51, 246, 148,  14, 174, 253, 225,
       213,  85, 154,  76, 115, 111, 201, 164, 240,  39, 240,  18, 255,
       180, 150,  13, 222, 176, 191, 153, 170,  18, 188, 220,  47,  67,
       127,  97,   1, 171,  96, 102, 111,   6, 205,  91, 202,  43,  97,
       122,  10, 225, 191, 106,  78, 210, 197,   5, 210, 240,  99,  99,
       202, 236, 143, 134, 103,  65, 249, 244])}, {'ts_index': 104, 'loc': 211, 'gap': 0.024959284587618397, 'distances': array([0.07988145, 0.1046685 , 0.13583686, 0.08665692, 0.12112826,
       0.10058723, 0.03994849, 0.12613622, 0.04644551, 0.11818647,
       0.        , 0.08943199, 0.09048626, 0.10855671, 0.07171941,
       0.09360357, 0.04754852, 0.12301413, 0.10133077]), 'delta_distances': array([0., 0., 0., 0., 0., 0., 0., 0., 0., 0., 0., 0., 0., 0., 0., 0., 0.,
       0., 0.]), 'locations': array([200, 224, 181, 140, 168,  14,  79,  60, 224, 164, 211, 253,  73,
       209, 125, 175, 257, 118, 239])}, {'ts_index': 154, 'loc': 164, 'gap': 0.03204129694519553, 'distances': array([0.07086969, 0.11565896, 0.1423372 , 0.1329176 , 0.15804537,
       0.15440689, 0.1046022 , 0.13238271, 0.07092062, 0.11692502,
       0.        , 0.07480252, 0.14337555, 0.13732956]), 'delta_distances': array([0., 0., 0., 0., 0., 0., 0., 0., 0., 0., 0., 0., 0., 0.]), 'locations': array([160,   9,  57, 144, 254, 254, 136, 184, 111, 177, 164, 166,  58,
        76])}, {'ts_index': 76, 'loc': 50, 'gap': 0.040478775665329716, 'distances': array([0.04419076, 0.10305164, 0.        , 0.11012457, 0.10846227,
       0.1065189 , 0.05437788, 0.09284526, 0.10744306, 0.094703  ]), 'delta_distances': array([0., 0., 0., 0., 0., 0., 0., 0., 0., 0.]), 'locations': array([259, 233,  50,  45, 222,  92, 139,  98, 108,  31])}, {'ts_index': 57, 'loc': 156, 'gap': 0.04261329311174611, 'distances': array([0.        , 0.05434188, 0.05733419, 0.12206814, 0.07645908,
       0.11638358, 0.05293867]), 'delta_distances': array([0., 0., 0., 0., 0., 0., 0.]), 'locations': array([156,  27, 186,  64, 205,  28, 100])}], 'clusters': array([3, 2, 4, 4, 3, 4, 1, 6, 4, 2, 4, 1, 1, 1, 2, 1, 2, 2, 4, 4, 1, 1,
       4, 4, 4, 1, 3, 4, 4, 3, 4, 3, 4, 4, 1, 4, 3, 4, 4, 4, 3, 7, 4, 4,
       2, 2, 1, 1, 4, 4, 4, 4, 4, 4, 2, 3, 1, 8, 4, 1, 4, 4, 4, 2, 1, 4,
       4, 1, 2, 1, 4, 4, 3, 2, 2, 2, 7, 4, 3, 2, 4, 4, 8, 1, 4, 4, 1, 8,
       4, 5, 1, 0, 4, 5, 4, 3, 4, 4, 1, 7, 4, 4, 3, 1, 5, 2, 3, 2, 3, 4,
       1, 2, 4, 4, 4, 4, 4, 2, 2, 2, 4, 2, 1, 4, 4, 3, 4, 2, 4, 4, 1, 4,
       2, 4, 1, 4, 4, 4, 3, 4, 4, 4, 2, 2, 4, 4, 3, 6, 1, 4, 3, 2, 8, 4,
       6, 4, 4, 4, 4, 5, 3, 4, 6, 5, 3, 4, 2, 0, 4, 2, 4, 1, 1, 4, 4, 4,
       4, 3, 1, 1, 1, 1, 4, 4, 1, 2, 1, 3, 3, 4, 4, 4, 4, 3, 4, 4, 1, 4,
       8, 4]), 'time': 8002.04493522644}
lenSubsequence: 14{'RI': 0.5001005025125628, 'num_clusters': 8, 'uShapelets': [{'ts_index': 14, 'loc': 239, 'gap': 0.026018398166211598, 'distances': array([0.11682804, 0.11588691, 0.11463099, 0.12591736, 0.06408171,
       0.05440884, 0.04453725, 0.13063472, 0.12694581, 0.10432606,
       0.1000862 , 0.01994723, 0.07521262, 0.05306904, 0.        ,
       0.11313636, 0.11750002, 0.13006499, 0.12927037, 0.11341694,
       0.06439878, 0.10630897, 0.12978676, 0.11822435, 0.11032601,
       0.12410719, 0.11692378, 0.11446739, 0.08902815, 0.11573302,
       0.13096918, 0.11293576, 0.07920821, 0.06505411, 0.13162413,
       0.1040531 , 0.11260866, 0.10423606, 0.11602241, 0.10569123,
       0.12608187, 0.09757757, 0.08065477, 0.11613052, 0.05993443,
       0.09167822, 0.06202995, 0.11916617, 0.11267111, 0.13178868,
       0.12439797, 0.10250497, 0.1231071 , 0.14019595, 0.12075988,
       0.11946951, 0.03884717, 0.13993496, 0.10228875, 0.13871087,
       0.11523204, 0.11217012, 0.09326244, 0.11786729, 0.12686272,
       0.10868179, 0.05748932, 0.05610204, 0.11135272, 0.11851247,
       0.06995533, 0.03996298, 0.13055202, 0.10021152, 0.12065723,
       0.11708616, 0.11146688, 0.13319209, 0.07333227, 0.05768412,
       0.07141076, 0.12737723, 0.04969332, 0.11552372, 0.02978789,
       0.08612388, 0.13934231, 0.12997549, 0.1178523 , 0.11418652,
       0.1123076 , 0.13168989, 0.12835454, 0.14191478, 0.1180237 ,
       0.11906186, 0.0899208 , 0.1333188 , 0.1040562 , 0.11339275,
       0.06761814, 0.13593828, 0.06019514, 0.08678991, 0.09473333,
       0.06449054, 0.07866196, 0.07695655, 0.05520925, 0.12322748,
       0.13855815, 0.13657576, 0.14271168, 0.06630928, 0.06481123,
       0.12423089, 0.11614589, 0.07947452, 0.13046186, 0.12577019,
       0.13306546, 0.11963704, 0.04500922, 0.12506919, 0.07815117,
       0.11566773, 0.13094626, 0.0595972 , 0.06565527, 0.10953841,
       0.11755588, 0.10560575, 0.11970707, 0.08274101, 0.08125397,
       0.14137447, 0.10111307, 0.11447671, 0.12376711, 0.09425831,
       0.12466305, 0.09111156, 0.13446943, 0.12812603, 0.1219658 ,
       0.12216534, 0.12540627, 0.12113875, 0.08003998, 0.12515425,
       0.12008686, 0.13720593, 0.08563293, 0.07538678, 0.1235592 ,
       0.10338645, 0.06851107, 0.10198124, 0.10386623, 0.11660633,
       0.11666884, 0.06235653, 0.11837446, 0.08607216, 0.08831515,
       0.14021316, 0.11495041, 0.14082819, 0.13665419, 0.11008569,
       0.13895978, 0.0604364 , 0.10870481, 0.12123892, 0.13246704,
       0.09509628, 0.12287359, 0.10425762, 0.13511623, 0.11351161,
       0.08937193, 0.11482264, 0.09311418, 0.06445939, 0.12013659,
       0.10810427, 0.1013523 , 0.10536055, 0.06977013, 0.1269021 ,
       0.09402026, 0.13297965, 0.08954022, 0.12529466, 0.09017307,
       0.12557428, 0.09601857, 0.12016226, 0.10689974, 0.11342503]), 'delta_distances': array([0., 0., 0., 0., 0., 0., 0., 0., 0., 0., 0., 0., 0., 0., 0., 0., 0.,
       0., 0., 0., 0., 0., 0., 0., 0., 0., 0., 0., 0., 0., 0., 0., 0., 0.,
       0., 0., 0., 0., 0., 0., 0., 0., 0., 0., 0., 0., 0., 0., 0., 0., 0.,
       0., 0., 0., 0., 0., 0., 0., 0., 0., 0., 0., 0., 0., 0., 0., 0., 0.,
       0., 0., 0., 0., 0., 0., 0., 0., 0., 0., 0., 0., 0., 0., 0., 0., 0.,
       0., 0., 0., 0., 0., 0., 0., 0., 0., 0., 0., 0., 0., 0., 0., 0., 0.,
       0., 0., 0., 0., 0., 0., 0., 0., 0., 0., 0., 0., 0., 0., 0., 0., 0.,
       0., 0., 0., 0., 0., 0., 0., 0., 0., 0., 0., 0., 0., 0., 0., 0., 0.,
       0., 0., 0., 0., 0., 0., 0., 0., 0., 0., 0., 0., 0., 0., 0., 0., 0.,
       0., 0., 0., 0., 0., 0., 0., 0., 0., 0., 0., 0., 0., 0., 0., 0., 0.,
       0., 0., 0., 0., 0., 0., 0., 0., 0., 0., 0., 0., 0., 0., 0., 0., 0.,
       0., 0., 0., 0., 0., 0., 0., 0., 0., 0., 0., 0., 0.]), 'locations': array([194, 237, 225, 147, 230, 225, 220,  58,  11, 215, 245, 247, 213,
        43, 239, 204, 159, 248, 206, 134, 253, 187,  97, 207, 256, 259,
       135,  36, 216, 213, 145, 237, 112, 119,   3, 164, 211, 216, 104,
       127, 258, 233, 245, 104, 217, 227, 124, 213, 244, 226,  21, 142,
       239,  22, 205, 101, 256, 103, 182, 156, 206, 211, 179,  55,  33,
       212,  12, 252, 230,  16, 240, 196, 133, 238, 224, 228, 221, 203,
       224, 234, 247, 114, 258, 253, 231, 221, 246, 254, 100, 232, 173,
       249, 236, 197, 252,  46, 248, 243, 248, 142, 257, 140,  84, 236,
       232, 235,  52, 256, 172,  64,   2,  57, 218, 210,  17,  83,  24,
       241, 179,  89, 251, 207, 209,  92, 215, 166, 241, 257, 122, 120,
       203, 192, 246, 244, 201, 178, 242, 221, 138,  65, 174, 253, 118,
        34,  17, 198, 170, 143,  42,  34, 259, 206, 223, 256, 232, 210,
       251, 189, 225, 225, 144,  34, 246, 245, 233, 247, 134, 142, 179,
       222, 195, 253,  48,  64, 103,  79, 255,  36, 238, 236, 243, 238,
       247, 250, 224, 221, 157, 240, 237,   7, 205,  96, 127, 173, 242,
       202, 227, 192, 135, 153])}, {'ts_index': 54, 'loc': 240, 'gap': 0.02507074452820847, 'distances': array([0.09204492, 0.12690066, 0.01906363, 0.08919949, 0.11196944,
       0.08334789, 0.12335093, 0.02164155, 0.04739141, 0.0597659 ,
       0.04481354, 0.05037186, 0.07298758, 0.06243849, 0.12712692,
       0.10276706, 0.09912342, 0.05090908, 0.10818837, 0.11756882,
       0.06175448, 0.05955017, 0.07201115, 0.03972095, 0.03515216,
       0.08317645, 0.10654619, 0.13439794, 0.09932578, 0.02093309,
       0.05746408, 0.05573519, 0.05204082, 0.09600685, 0.13034849,
       0.05972031, 0.07506014, 0.04440696, 0.06478502, 0.05570589,
       0.11489403, 0.04486278, 0.12448872, 0.        , 0.09689519,
       0.12445737, 0.07788859, 0.05431078, 0.03324834, 0.08919708,
       0.05853957, 0.04244036, 0.02783981, 0.07471809, 0.07170483,
       0.06774982, 0.02546282, 0.08186449, 0.05112223, 0.07043326,
       0.09884667, 0.06396771, 0.03959929, 0.07232244, 0.0843481 ,
       0.04503019, 0.10176281, 0.04778797, 0.06197586, 0.10160947,
       0.05148245, 0.05488641, 0.03028687, 0.01984185, 0.11199047,
       0.07254093, 0.11169662, 0.07618154, 0.09377983, 0.0761328 ,
       0.03522205, 0.08308912, 0.06621505, 0.08292875, 0.03421923,
       0.04736634, 0.09688411, 0.06657658, 0.05677256, 0.12767056,
       0.13412185, 0.11283342, 0.13267737, 0.0944643 , 0.12916899,
       0.04631007, 0.02292905, 0.09551574, 0.08816572, 0.09902457,
       0.05150158, 0.07051659, 0.04370838, 0.09294133, 0.09054457,
       0.04894124, 0.03172115, 0.13202589, 0.11821896, 0.12451542,
       0.10969131, 0.07165427, 0.08294555, 0.04268138, 0.09597797,
       0.06292103, 0.0679869 , 0.12713497, 0.13057516, 0.13525892,
       0.11981065, 0.09238076, 0.09896673, 0.05373572, 0.03567952,
       0.06243881, 0.08695576, 0.11577056, 0.13600152, 0.04082933,
       0.09914528, 0.10775177, 0.04182707, 0.11484164, 0.07352822,
       0.04184623, 0.0523041 , 0.09236407, 0.12808997, 0.11838083,
       0.11193272, 0.11217813, 0.04962116, 0.0965232 , 0.08324746,
       0.03581377, 0.09376828, 0.09099688, 0.03641127, 0.06660017,
       0.03909814, 0.10209914, 0.06771125, 0.04820626, 0.07078306,
       0.03802695, 0.04562581, 0.07130776, 0.01965155, 0.10342629,
       0.04860098, 0.05852327, 0.1000438 , 0.08657368, 0.07447988]), 'delta_distances': array([0., 0., 0., 0., 0., 0., 0., 0., 0., 0., 0., 0., 0., 0., 0., 0., 0.,
       0., 0., 0., 0., 0., 0., 0., 0., 0., 0., 0., 0., 0., 0., 0., 0., 0.,
       0., 0., 0., 0., 0., 0., 0., 0., 0., 0., 0., 0., 0., 0., 0., 0., 0.,
       0., 0., 0., 0., 0., 0., 0., 0., 0., 0., 0., 0., 0., 0., 0., 0., 0.,
       0., 0., 0., 0., 0., 0., 0., 0., 0., 0., 0., 0., 0., 0., 0., 0., 0.,
       0., 0., 0., 0., 0., 0., 0., 0., 0., 0., 0., 0., 0., 0., 0., 0., 0.,
       0., 0., 0., 0., 0., 0., 0., 0., 0., 0., 0., 0., 0., 0., 0., 0., 0.,
       0., 0., 0., 0., 0., 0., 0., 0., 0., 0., 0., 0., 0., 0., 0., 0., 0.,
       0., 0., 0., 0., 0., 0., 0., 0., 0., 0., 0., 0., 0., 0., 0., 0., 0.,
       0., 0., 0., 0., 0., 0., 0., 0., 0., 0., 0., 0.]), 'locations': array([ 58,  51,  26,  58,  27,  79,  37, 222, 237, 202, 178,  24, 114,
       123, 252, 174, 249, 224, 138,  50, 141, 105, 178, 202, 212, 205,
       177, 168,  77, 241,  36, 252,  83, 180,  76,  25,   6, 219, 167,
        77, 255, 245, 160, 240, 189, 202, 207, 198,  22,  11, 171,  92,
       135, 182, 219, 164, 204, 257, 152,   8, 251,  17,  41, 237, 123,
         7,  48,  78,  47, 179, 247,  40, 125, 214, 194, 202, 104, 179,
       139, 117,  50,  59,  44, 191, 218,   9,  60,  45, 107, 257, 161,
        66, 227,   5,  51,  43, 190, 112,   6, 229, 139,  48, 222, 213,
       190,  54, 182, 260, 205, 154,   2,  55, 183, 168, 158, 113, 209,
       204, 193, 246, 112,  49, 239, 233,  13, 250, 137, 117, 149, 178,
       223, 151, 183, 116, 147,  82, 217, 127, 234, 209,  55, 252, 158,
       107,   8,  36, 140,  32, 194,  41, 164, 116, 172, 142,  87, 247,
       199, 202, 236, 159, 116, 240,   4, 143,  25])}, {'ts_index': 147, 'loc': 209, 'gap': 0.025285278894350283, 'distances': array([0.09389539, 0.04621336, 0.09931389, 0.09331101, 0.11023242,
       0.08906747, 0.14109137, 0.11184235, 0.11690199, 0.13821811,
       0.03827193, 0.13870395, 0.11841006, 0.13021612, 0.11608853,
       0.11234709, 0.11511499, 0.05348395, 0.        , 0.05853561,
       0.1305498 , 0.08798542, 0.08881389, 0.12602203, 0.1322451 ,
       0.11089718, 0.08623831, 0.12851371]), 'delta_distances': array([0., 0., 0., 0., 0., 0., 0., 0., 0., 0., 0., 0., 0., 0., 0., 0., 0.,
       0., 0., 0., 0., 0., 0., 0., 0., 0., 0., 0.]), 'locations': array([ 91, 194, 221, 240, 240, 231, 105, 255, 259, 163, 244, 247, 217,
        51, 240, 204,  68, 210, 209, 207, 211, 189, 111, 215,  12, 246,
       214,  99])}, {'ts_index': 51, 'loc': 119, 'gap': 0.034825141316419284, 'distances': array([0.08302251, 0.04357694, 0.11962012, 0.07154748, 0.12652549,
       0.        , 0.12805003, 0.13363591, 0.1300467 , 0.11400726,
       0.12743863, 0.08031196, 0.06765874, 0.0392905 , 0.12412352,
       0.10662177, 0.11618437, 0.04799463, 0.1101373 , 0.13602934,
       0.07646581, 0.03880422]), 'delta_distances': array([0., 0., 0., 0., 0., 0., 0., 0., 0., 0., 0., 0., 0., 0., 0., 0., 0.,
       0., 0., 0., 0., 0.]), 'locations': array([ 98,  51, 234,   6, 207, 119, 246, 168, 244, 142, 218, 220, 141,
       248,  92, 189, 229, 220, 123, 235, 206, 240])}, {'ts_index': 95, 'loc': 131, 'gap': 0.030074024457050888, 'distances': array([0.14599275, 0.1312404 , 0.10741179, 0.12803079, 0.12289158,
       0.12919314, 0.        , 0.12188005, 0.14386855, 0.1294352 ,
       0.08672887, 0.11241418, 0.12763184, 0.05116596, 0.07535843,
       0.12916634, 0.12113412]), 'delta_distances': array([0., 0., 0., 0., 0., 0., 0., 0., 0., 0., 0., 0., 0., 0., 0., 0., 0.]), 'locations': array([197, 117, 191,  58,  53,  26, 131,  55, 212,  90,  12, 241,  39,
        64, 170,  28,  66])}, {'ts_index': 118, 'loc': 180, 'gap': 0.02293548467138122, 'distances': array([0.09645854, 0.11185127, 0.11830329, 0.05736203, 0.10695229,
       0.11633715, 0.0528234 , 0.        , 0.06138002, 0.09074851,
       0.07996372, 0.09617675, 0.10868861]), 'delta_distances': array([0., 0., 0., 0., 0., 0., 0., 0., 0., 0., 0., 0., 0.]), 'locations': array([114, 210, 224, 117,  97, 229,  67, 180, 124,  60, 237, 251,  89])}, {'ts_index': 53, 'loc': 107, 'gap': 0.022143747841585154, 'distances': array([0.02924635, 0.06680407, 0.10696693, 0.        , 0.10150805,
       0.09473633, 0.06605244, 0.09974703, 0.07057121]), 'delta_distances': array([0., 0., 0., 0., 0., 0., 0., 0., 0.]), 'locations': array([210,  29, 108, 107, 254, 117,  91,  85, 177])}, {'ts_index': 57, 'loc': 101, 'gap': 0.04179779012050207, 'distances': array([0.1105983 , 0.        , 0.06209823, 0.10389602]), 'delta_distances': array([0., 0., 0., 0.]), 'locations': array([ 15, 101, 225, 203])}], 'clusters': array([2, 7, 2, 2, 1, 1, 1, 2, 2, 3, 2, 1, 1, 1, 1, 2, 2, 2, 2, 2, 1, 2,
       4, 2, 2, 2, 2, 7, 2, 2, 2, 2, 2, 1, 2, 2, 0, 2, 2, 2, 2, 2, 2, 6,
       1, 2, 1, 2, 2, 2, 2, 4, 2, 7, 2, 2, 1, 8, 2, 2, 2, 2, 2, 2, 2, 2,
       1, 1, 2, 2, 1, 1, 2, 2, 2, 2, 2, 2, 1, 1, 1, 2, 1, 2, 1, 2, 2, 2,
       2, 2, 2, 2, 2, 2, 2, 5, 2, 2, 2, 2, 1, 2, 1, 2, 2, 1, 2, 2, 1, 2,
       2, 2, 2, 1, 1, 2, 3, 6, 6, 6, 2, 5, 1, 2, 2, 2, 2, 1, 1, 2, 2, 2,
       2, 2, 2, 2, 2, 4, 8, 3, 2, 2, 2, 2, 2, 2, 2, 3, 3, 7, 5, 2, 2, 2,
       2, 2, 1, 2, 4, 5, 2, 1, 2, 2, 2, 0, 2, 2, 2, 2, 7, 1, 3, 2, 4, 2,
       2, 2, 2, 2, 2, 2, 2, 1, 2, 2, 2, 2, 1, 2, 2, 2, 2, 2, 2, 2, 2, 2,
       2, 2]), 'time': 5789.390675783157}
