lenSubsequence: 21{'RI': 0.501584333281388, 'num_clusters': 3, 'uShapelets': [{'ts_index': 561, 'loc': 24, 'gap': 0.0283144517246261, 'distances': array([0.20604843, 0.18261429, 0.1927014 , 0.23251946, 0.22539978,
       0.25692596, 0.14583348, 0.22777895, 0.22566385, 0.20729295,
       0.19666712, 0.21961886, 0.24847413, 0.18963046, 0.28756738,
       0.16346355, 0.2294089 , 0.19060026, 0.24012714, 0.16309875,
       0.17805315, 0.17509506, 0.19542944, 0.20159785, 0.16503908,
       0.20835224, 0.19304496, 0.27786644, 0.21235098, 0.18209453,
       0.24045146, 0.26651897, 0.23684925, 0.3083931 , 0.2087318 ,
       0.17953886, 0.20857205, 0.22280189, 0.32454085, 0.29494374,
       0.21016075, 0.26611196, 0.27817404, 0.26285169, 0.20713899,
       0.32877043, 0.27325103, 0.25054919, 0.25154663, 0.26114333,
       0.28061211, 0.17683086, 0.10110288, 0.17711743, 0.25513407,
       0.21100437, 0.19439918, 0.15530781, 0.29926561, 0.25446392,
       0.27553528, 0.11456591, 0.19246735, 0.32794215, 0.18033111,
       0.2129315 , 0.1959676 , 0.2084399 , 0.23624679, 0.21703118,
       0.23410467, 0.17277131, 0.1633885 , 0.25635375, 0.23926406,
       0.25959915, 0.22010755, 0.19981471, 0.26074994, 0.25424474,
       0.20001588, 0.29382296, 0.16639693, 0.21022908, 0.18072797,
       0.23711915, 0.29332849, 0.29975377, 0.22377978, 0.15241315,
       0.23023938, 0.22117715, 0.183085  , 0.23998985, 0.23645845,
       0.18962187, 0.24171245, 0.1990414 , 0.28367135, 0.23813322,
       0.20690528, 0.19975858, 0.14997946, 0.21714677, 0.24797304,
       0.2701895 , 0.1939851 , 0.19078445, 0.18166099, 0.20662052,
       0.22297839, 0.24391433, 0.18598976, 0.28095748, 0.22120184,
       0.20488873, 0.22156996, 0.18837895, 0.19918181, 0.17959401,
       0.18568626, 0.27729069, 0.23886081, 0.26292606, 0.27077769,
       0.27720988, 0.20166284, 0.19449289, 0.19435455, 0.25068691,
       0.15932964, 0.29217378, 0.18815237, 0.1972507 , 0.3052064 ,
       0.18083198, 0.22298158, 0.19614877, 0.23246495, 0.20268163,
       0.20240454, 0.2575636 , 0.20986237, 0.26383057, 0.2323366 ,
       0.2862271 , 0.26293343, 0.17371073, 0.19090081, 0.19897404,
       0.1901465 , 0.23434124, 0.18177642, 0.21774588, 0.29038636,
       0.19721165, 0.20215573, 0.24021973, 0.22292555, 0.23482505,
       0.22323059, 0.31333481, 0.19927492, 0.25848775, 0.24967199,
       0.1768426 , 0.19029633, 0.28414289, 0.19641366, 0.21946042,
       0.29812878, 0.1944529 , 0.19444504, 0.19650517, 0.16138003,
       0.22710921, 0.26872847, 0.22141839, 0.23947875, 0.23533829,
       0.26764459, 0.18550643, 0.26849124, 0.18300426, 0.25141756,
       0.23864019, 0.1973651 , 0.23018304, 0.15623446, 0.19245396,
       0.21541289, 0.21093302, 0.26202991, 0.1953316 , 0.26975636,
       0.25928973, 0.15906626, 0.27814719, 0.21460891, 0.33745356,
       0.23630905, 0.18241156, 0.24050093, 0.24695996, 0.2780964 ,
       0.17453726, 0.23569271, 0.24154511, 0.20172361, 0.20057295,
       0.20565283, 0.22733233, 0.2074145 , 0.2251489 , 0.22146643,
       0.25563404, 0.23659144, 0.23111585, 0.2424106 , 0.20970438,
       0.19198283, 0.17925607, 0.28526913, 0.14321272, 0.24576557,
       0.27639494, 0.20246183, 0.28132169, 0.20466532, 0.27793465,
       0.24998723, 0.23163934, 0.22601058, 0.33075112, 0.18231341,
       0.13617578, 0.2405498 , 0.27029209, 0.28370713, 0.17938715,
       0.19608238, 0.28860353, 0.1856627 , 0.25518723, 0.17667018,
       0.20873983, 0.21713321, 0.22056926, 0.28641424, 0.1843636 ,
       0.23930848, 0.20183684, 0.21624389, 0.27027692, 0.24625752,
       0.21845051, 0.21998511, 0.2183002 , 0.28613439, 0.2223926 ,
       0.22448542, 0.22219445, 0.27570674, 0.24740707, 0.18828   ,
       0.22518137, 0.18818842, 0.19361713, 0.24222339, 0.2394138 ,
       0.18306479, 0.18497496, 0.24994241, 0.20220502, 0.13196069,
       0.20483608, 0.24101842, 0.24540247, 0.28325706, 0.2341114 ,
       0.20514788, 0.22008571, 0.15025628, 0.1637499 , 0.21084334,
       0.25776152, 0.22102006, 0.23553031, 0.21049246, 0.25996863,
       0.21665932, 0.23718648, 0.29564179, 0.32371206, 0.15493867,
       0.19031755, 0.24250415, 0.15017847, 0.19006785, 0.23551772,
       0.25480841, 0.2706491 , 0.20916047, 0.29912718, 0.24924944,
       0.17709349, 0.21498421, 0.2672995 , 0.18237773, 0.21340317,
       0.21262842, 0.22767054, 0.22203497, 0.2513555 , 0.21679973,
       0.25588098, 0.21150239, 0.21704209, 0.1426473 , 0.28656331,
       0.19435892, 0.21096692, 0.21315905, 0.17680335, 0.16242172,
       0.1847861 , 0.17274981, 0.22735983, 0.20379373, 0.22320352,
       0.19366113, 0.1913883 , 0.22730039, 0.16674506, 0.2394539 ,
       0.16234545, 0.25492081, 0.14801267, 0.25330393, 0.22817889,
       0.20560027, 0.27482235, 0.19830788, 0.25641066, 0.22627347,
       0.18880104, 0.2233869 , 0.2182706 , 0.19318045, 0.19388055,
       0.22212687, 0.18628319, 0.17355476, 0.15565105, 0.16560451,
       0.22982063, 0.24438322, 0.18597114, 0.19749916, 0.23218184,
       0.24198414, 0.21372049, 0.25589503, 0.20673312, 0.22179802,
       0.26826832, 0.23363685, 0.21894481, 0.23587197, 0.30488514,
       0.26648924, 0.26356471, 0.2226423 , 0.1714666 , 0.18418883,
       0.16971844, 0.23466051, 0.23758679, 0.26736132, 0.30769478,
       0.16343879, 0.1933202 , 0.18551711, 0.23437781, 0.23007584,
       0.28395917, 0.26974881, 0.13727382, 0.26571674, 0.27489369,
       0.23726931, 0.2992242 , 0.23716267, 0.21491441, 0.16580372,
       0.1517028 , 0.24583608, 0.33140238, 0.17614394, 0.24749892,
       0.2331111 , 0.202468  , 0.15579247, 0.20152716, 0.27226264,
       0.18510397, 0.25016931, 0.20746362, 0.22563881, 0.25150367,
       0.18034019, 0.23430485, 0.24015864, 0.26638156, 0.23700862,
       0.29277197, 0.19744402, 0.22480573, 0.21575623, 0.18272205,
       0.23961549, 0.20820315, 0.16945689, 0.2931551 , 0.20868557,
       0.19290042, 0.24663118, 0.28614862, 0.18577703, 0.2062248 ,
       0.19522161, 0.29418272, 0.25990658, 0.18555753, 0.17974406,
       0.18971629, 0.16447994, 0.19328682, 0.21343658, 0.18480703,
       0.13889604, 0.30210021, 0.22877997, 0.21769517, 0.14196128,
       0.16832246, 0.25194099, 0.21896313, 0.24799638, 0.11480727,
       0.17047916, 0.21151644, 0.27450291, 0.20376413, 0.15845795,
       0.33598102, 0.1623956 , 0.29533998, 0.27046049, 0.17237593,
       0.21428996, 0.24440323, 0.22008359, 0.22011193, 0.2417017 ,
       0.2508644 , 0.2498663 , 0.27740854, 0.27972755, 0.21879545,
       0.21244049, 0.18419347, 0.18494831, 0.23072654, 0.20620799,
       0.23950796, 0.2073355 , 0.21469402, 0.18855023, 0.17823712,
       0.18756   , 0.26964409, 0.18834957, 0.20280474, 0.28919807,
       0.27125259, 0.17336933, 0.25222136, 0.24487806, 0.2625136 ,
       0.18718722, 0.21124982, 0.21019983, 0.23140291, 0.19278828,
       0.20324888, 0.29460542, 0.25113588, 0.25990447, 0.28727727,
       0.22986052, 0.2001829 , 0.17118611, 0.31731501, 0.2527738 ,
       0.22074321, 0.17826118, 0.19991868, 0.28677995, 0.29162438,
       0.21470547, 0.15191296, 0.30953781, 0.24111201, 0.16967258,
       0.16596393, 0.17672322, 0.1836264 , 0.25134161, 0.25031319,
       0.20190897, 0.22547073, 0.27657737, 0.21298453, 0.20715076,
       0.14679984, 0.2244276 , 0.18821302, 0.22028339, 0.23877852,
       0.29914958, 0.19902128, 0.26345333, 0.19005892, 0.22951058,
       0.31056616, 0.26606413, 0.27021495, 0.32217117, 0.24852745,
       0.19759636, 0.2632547 , 0.22195692, 0.17977427, 0.2305138 ,
       0.19924209, 0.20197911, 0.19251085, 0.25465563, 0.16628496,
       0.27746733, 0.19569829, 0.27223871, 0.20288548, 0.2461252 ,
       0.18656496, 0.15044377, 0.28012605, 0.18075407, 0.29888271,
       0.20816175, 0.        , 0.35430619, 0.17079041, 0.21138518,
       0.28256184, 0.19680309, 0.17611668, 0.16670522, 0.2853548 ,
       0.29830555, 0.27302703, 0.23950367, 0.20399916, 0.20473849,
       0.2068126 , 0.19447238, 0.24236762, 0.19834572, 0.23108509,
       0.3049758 , 0.24432331, 0.25304262, 0.1487488 , 0.26242988,
       0.26909665, 0.26710801, 0.17019091, 0.24726992, 0.14448941,
       0.18452633, 0.2367238 , 0.20560688, 0.26028483, 0.24883766,
       0.19451826, 0.24795259, 0.23079738, 0.22875796, 0.18266605,
       0.19949285, 0.18884042, 0.28733107, 0.1904225 , 0.24405789,
       0.23778462, 0.21629409, 0.27847496, 0.1871914 , 0.22012386,
       0.26783794, 0.2403334 , 0.28692779, 0.23096333, 0.15684468,
       0.24200779, 0.19183981, 0.22063611, 0.18114823, 0.19627181,
       0.25774135]), 'delta_distances': array([0., 0., 0., 0., 0., 0., 0., 0., 0., 0., 0., 0., 0., 0., 0., 0., 0.,
       0., 0., 0., 0., 0., 0., 0., 0., 0., 0., 0., 0., 0., 0., 0., 0., 0.,
       0., 0., 0., 0., 0., 0., 0., 0., 0., 0., 0., 0., 0., 0., 0., 0., 0.,
       0., 0., 0., 0., 0., 0., 0., 0., 0., 0., 0., 0., 0., 0., 0., 0., 0.,
       0., 0., 0., 0., 0., 0., 0., 0., 0., 0., 0., 0., 0., 0., 0., 0., 0.,
       0., 0., 0., 0., 0., 0., 0., 0., 0., 0., 0., 0., 0., 0., 0., 0., 0.,
       0., 0., 0., 0., 0., 0., 0., 0., 0., 0., 0., 0., 0., 0., 0., 0., 0.,
       0., 0., 0., 0., 0., 0., 0., 0., 0., 0., 0., 0., 0., 0., 0., 0., 0.,
       0., 0., 0., 0., 0., 0., 0., 0., 0., 0., 0., 0., 0., 0., 0., 0., 0.,
       0., 0., 0., 0., 0., 0., 0., 0., 0., 0., 0., 0., 0., 0., 0., 0., 0.,
       0., 0., 0., 0., 0., 0., 0., 0., 0., 0., 0., 0., 0., 0., 0., 0., 0.,
       0., 0., 0., 0., 0., 0., 0., 0., 0., 0., 0., 0., 0., 0., 0., 0., 0.,
       0., 0., 0., 0., 0., 0., 0., 0., 0., 0., 0., 0., 0., 0., 0., 0., 0.,
       0., 0., 0., 0., 0., 0., 0., 0., 0., 0., 0., 0., 0., 0., 0., 0., 0.,
       0., 0., 0., 0., 0., 0., 0., 0., 0., 0., 0., 0., 0., 0., 0., 0., 0.,
       0., 0., 0., 0., 0., 0., 0., 0., 0., 0., 0., 0., 0., 0., 0., 0., 0.,
       0., 0., 0., 0., 0., 0., 0., 0., 0., 0., 0., 0., 0., 0., 0., 0., 0.,
       0., 0., 0., 0., 0., 0., 0., 0., 0., 0., 0., 0., 0., 0., 0., 0., 0.,
       0., 0., 0., 0., 0., 0., 0., 0., 0., 0., 0., 0., 0., 0., 0., 0., 0.,
       0., 0., 0., 0., 0., 0., 0., 0., 0., 0., 0., 0., 0., 0., 0., 0., 0.,
       0., 0., 0., 0., 0., 0., 0., 0., 0., 0., 0., 0., 0., 0., 0., 0., 0.,
       0., 0., 0., 0., 0., 0., 0., 0., 0., 0., 0., 0., 0., 0., 0., 0., 0.,
       0., 0., 0., 0., 0., 0., 0., 0., 0., 0., 0., 0., 0., 0., 0., 0., 0.,
       0., 0., 0., 0., 0., 0., 0., 0., 0., 0., 0., 0., 0., 0., 0., 0., 0.,
       0., 0., 0., 0., 0., 0., 0., 0., 0., 0., 0., 0., 0., 0., 0., 0., 0.,
       0., 0., 0., 0., 0., 0., 0., 0., 0., 0., 0., 0., 0., 0., 0., 0., 0.,
       0., 0., 0., 0., 0., 0., 0., 0., 0., 0., 0., 0., 0., 0., 0., 0., 0.,
       0., 0., 0., 0., 0., 0., 0., 0., 0., 0., 0., 0., 0., 0., 0., 0., 0.,
       0., 0., 0., 0., 0., 0., 0., 0., 0., 0., 0., 0., 0., 0., 0., 0., 0.,
       0., 0., 0., 0., 0., 0., 0., 0., 0., 0., 0., 0., 0., 0., 0., 0., 0.,
       0., 0., 0., 0., 0., 0., 0., 0., 0., 0., 0., 0., 0., 0., 0., 0., 0.,
       0., 0., 0., 0., 0., 0., 0., 0., 0., 0., 0., 0., 0., 0., 0., 0., 0.,
       0., 0., 0., 0., 0., 0., 0., 0., 0., 0., 0., 0., 0., 0., 0., 0., 0.,
       0., 0., 0., 0., 0., 0., 0., 0., 0., 0., 0., 0., 0., 0., 0., 0., 0.,
       0., 0., 0., 0., 0., 0., 0., 0., 0., 0., 0., 0., 0., 0., 0., 0., 0.,
       0., 0., 0., 0., 0., 0., 0., 0., 0., 0., 0., 0., 0., 0., 0., 0., 0.,
       0., 0., 0., 0., 0., 0., 0., 0., 0.]), 'locations': array([21, 21, 25, 21, 15, 27, 17, 18, 21, 24, 24, 23, 16, 21, 20, 22, 25,
       18, 24, 20, 10, 25, 26, 23, 23, 20, 24, 44, 25, 18, 21, 22, 21, 23,
       19, 17, 18, 19, 23, 18, 17, 20, 24, 23, 20, 23, 10, 21, 24, 15, 28,
       21, 23, 25, 24, 19, 24, 20, 18, 23, 25, 18, 22, 16, 21, 20, 22, 20,
       25, 21, 26, 22, 25, 44, 17, 15, 24, 19, 41, 18, 18, 42, 19, 18, 23,
       21, 22, 16, 20, 22, 15, 21, 22, 18, 25, 18, 18, 22, 20, 44, 23, 18,
       24, 18, 23,  6, 18, 18, 20, 19, 24, 18, 22,  5, 24, 25, 20, 25, 19,
       22, 23, 19, 21, 18, 18, 19, 21, 22, 17, 21, 24, 21, 24, 23, 10, 22,
       24, 24, 23, 24, 24, 24, 22, 20, 18, 15, 23, 22, 23, 19, 21,  9, 24,
       23,  4, 21, 23, 20, 20, 21, 18,  3, 25, 19, 23, 21, 17, 20, 18, 18,
       18, 16, 21, 19, 24, 24, 15, 22, 20, 16, 20, 23, 16, 24, 22, 19, 21,
       18, 24, 16, 24, 20, 24, 23, 44, 21, 23, 28, 25, 17, 14, 16, 24, 20,
       19, 21, 24, 14, 21, 23, 19, 22, 16, 25, 20, 16, 19, 16, 20, 21, 23,
       23, 27, 22, 20, 18, 44, 19, 22, 43, 16, 25, 18, 24, 21, 25, 18, 17,
       19, 20, 19, 43, 22, 17, 16, 23, 25, 45, 25, 24, 22, 24, 25, 43, 15,
       23, 16, 16, 10, 24, 24, 19, 22, 25, 26, 21, 22, 26, 17, 15, 23, 16,
       16, 19, 24, 23, 24, 25, 10, 22, 13, 22, 24, 22, 17, 17, 26, 24, 21,
       17, 23, 23, 15, 24, 24, 25, 16, 23, 16, 19, 23, 23, 11,  9, 15, 19,
       22, 23, 24, 18, 18, 25, 20, 17, 19, 20, 21, 22, 21, 18, 23, 22, 24,
       17, 21, 24, 22,  7, 23, 22, 19, 20, 23, 17, 22, 23, 22, 23, 16, 22,
       23, 21, 22, 20, 21, 18, 15, 18, 19, 25, 21, 20, 21, 22, 24, 25, 28,
       20, 16, 18, 22, 21, 17, 24, 23, 23, 28, 23, 24, 17, 10, 23, 20, 21,
       17, 15, 18, 17, 16, 15, 23, 20, 22, 17, 22, 16,  5, 19, 22, 21, 20,
       19, 25, 27, 20, 24, 28,  9, 22, 15, 23, 21, 23, 26, 22, 22, 21, 20,
       23, 17, 20, 25, 20, 25, 23,  9, 26, 23, 17, 22, 22, 21, 22, 15, 19,
       21, 23, 48, 19, 20, 16, 42, 44, 24, 17, 22, 24, 21, 24, 18, 24,  0,
       24, 21, 23, 21, 18, 25, 17, 21, 17, 25, 24, 21, 23, 22, 24, 26, 18,
       24, 20, 20, 23, 17, 19, 15, 21, 24, 16, 18, 20, 24, 24, 19, 26, 23,
       20, 24, 22, 23, 21, 17, 16, 22, 16, 28, 23, 22, 22,  3, 19, 20, 20,
       16, 17, 18,  8,  8, 26, 21, 22, 23, 21, 24, 18,  8, 22, 23, 27, 24,
       22, 22, 22, 17, 22, 21, 22, 25, 22,  4, 23, 22, 18, 23, 23, 20, 16,
       17, 25,  5, 16, 16, 22, 24, 24, 10, 27, 26, 15,  3, 25, 19, 44, 16,
       18, 25, 23, 25, 17, 16, 25, 23, 23, 21, 24, 19, 24,  9, 23, 19, 16,
       24, 16, 27, 22, 22, 15, 18, 20, 18, 25, 44, 20, 21, 19, 25, 21,  8,
       17, 20, 22, 46, 23, 18, 23, 23, 16, 25, 20, 24, 23, 23, 15, 20,  9,
       18, 16, 43, 20, 16, 21, 24, 23, 25, 19, 27, 18, 24, 23, 19, 16, 27,
       45, 22, 21, 25, 17, 21, 24, 16, 24])}, {'ts_index': 508, 'loc': 19, 'gap': 0.030948031287463595, 'distances': array([0.28279935, 0.21835485, 0.20548715, 0.29652232, 0.16458359,
       0.23466799, 0.28169328, 0.23203233, 0.19406421, 0.19126322,
       0.23682585, 0.24205432, 0.25778312, 0.25081518, 0.26446584,
       0.18951662, 0.21681602, 0.18842094, 0.31640303, 0.2082798 ,
       0.20124865, 0.22373711, 0.18560573, 0.23244828, 0.23767541,
       0.18110951, 0.23859069, 0.28835468, 0.1910892 , 0.25511672,
       0.23741817, 0.27737668, 0.21683463, 0.27393485, 0.26863959,
       0.22654911, 0.31995037, 0.18619123, 0.16982583, 0.30988383,
       0.26718688, 0.20713246, 0.32449801, 0.2426501 , 0.25727296,
       0.19388859, 0.16093722, 0.19128873, 0.18656769, 0.27639132,
       0.21973346, 0.28667547, 0.20620422, 0.19285306, 0.26215126,
       0.16612458, 0.23793109, 0.21007166, 0.2253066 , 0.24334806,
       0.30104638, 0.17970307, 0.30514445, 0.22963726, 0.18306445,
       0.2194078 , 0.29441012, 0.21970026, 0.29056924, 0.32331791,
       0.30601748, 0.25312298, 0.22078917, 0.24200752, 0.21589689,
       0.21707999, 0.24548807, 0.21823239, 0.26658854, 0.29317677,
       0.22281369, 0.        , 0.24615458, 0.29851387, 0.26330534,
       0.28276332, 0.20067385, 0.21339191, 0.23711456, 0.25374844,
       0.20729302, 0.21766243, 0.23827477, 0.34722105, 0.30707711,
       0.29623318, 0.24580607, 0.23977309, 0.20647442, 0.16229035,
       0.21949746, 0.29973342, 0.21165056, 0.18247607]), 'delta_distances': array([0., 0., 0., 0., 0., 0., 0., 0., 0., 0., 0., 0., 0., 0., 0., 0., 0.,
       0., 0., 0., 0., 0., 0., 0., 0., 0., 0., 0., 0., 0., 0., 0., 0., 0.,
       0., 0., 0., 0., 0., 0., 0., 0., 0., 0., 0., 0., 0., 0., 0., 0., 0.,
       0., 0., 0., 0., 0., 0., 0., 0., 0., 0., 0., 0., 0., 0., 0., 0., 0.,
       0., 0., 0., 0., 0., 0., 0., 0., 0., 0., 0., 0., 0., 0., 0., 0., 0.,
       0., 0., 0., 0., 0., 0., 0., 0., 0., 0., 0., 0., 0., 0., 0., 0., 0.,
       0., 0.]), 'locations': array([18, 17, 18, 14, 18, 17, 16, 19, 18, 18, 17, 16, 17, 20, 16, 19, 18,
       19, 15, 14, 19, 17, 18, 18, 17, 18, 18, 15, 16,  0, 16, 48, 21, 14,
       18, 20, 17, 17, 18, 17, 14, 19, 17, 19, 14, 17, 18, 20, 18, 34, 18,
        1, 14, 18, 15, 17, 18, 15, 18, 16, 33, 19,  0, 19, 17, 18, 16, 18,
        3, 30, 18, 18, 18, 16, 20, 16, 48, 18, 13, 12, 19, 19, 18, 27, 19,
       16, 18, 18, 19, 15, 17, 18, 19, 16, 13, 35, 22, 16, 16, 19, 19, 15,
       16, 18])}], 'clusters': array([1, 1, 1, 1, 1, 1, 1, 1, 1, 1, 1, 1, 1, 1, 2, 1, 1, 1, 1, 1, 1, 1,
       1, 1, 1, 1, 1, 2, 1, 1, 1, 1, 1, 2, 1, 1, 1, 1, 0, 2, 1, 1, 2, 1,
       1, 2, 2, 1, 1, 1, 2, 1, 1, 1, 1, 1, 1, 1, 2, 1, 2, 1, 1, 2, 1, 1,
       1, 1, 1, 1, 1, 1, 1, 1, 1, 1, 1, 1, 1, 1, 1, 2, 1, 1, 1, 1, 2, 2,
       1, 1, 1, 1, 1, 1, 1, 1, 1, 1, 2, 1, 1, 1, 1, 1, 1, 2, 1, 1, 1, 1,
       1, 1, 1, 2, 1, 1, 1, 1, 1, 1, 1, 0, 1, 1, 2, 2, 1, 1, 1, 1, 1, 2,
       1, 1, 2, 1, 1, 1, 1, 1, 1, 1, 1, 1, 1, 2, 1, 1, 1, 1, 1, 1, 1, 1,
       2, 1, 1, 1, 1, 1, 1, 2, 1, 1, 1, 1, 1, 2, 1, 1, 0, 1, 1, 1, 1, 1,
       2, 1, 1, 1, 2, 1, 2, 1, 1, 1, 1, 1, 1, 1, 1, 1, 1, 1, 2, 1, 1, 2,
       1, 2, 1, 1, 1, 1, 2, 1, 1, 1, 1, 1, 1, 1, 1, 1, 1, 1, 1, 1, 1, 1,
       1, 1, 2, 1, 1, 0, 1, 2, 1, 2, 1, 1, 1, 0, 1, 1, 1, 2, 2, 1, 1, 0,
       1, 1, 1, 1, 1, 1, 2, 1, 1, 1, 1, 2, 1, 1, 1, 1, 2, 1, 1, 1, 2, 1,
       1, 1, 1, 1, 1, 1, 1, 1, 1, 1, 1, 1, 1, 1, 2, 1, 1, 1, 1, 1, 1, 1,
       1, 1, 1, 1, 1, 1, 2, 2, 1, 1, 1, 1, 1, 1, 1, 2, 1, 2, 1, 1, 1, 1,
       1, 1, 1, 1, 1, 1, 1, 1, 1, 1, 1, 2, 1, 1, 1, 1, 1, 1, 1, 1, 1, 1,
       1, 1, 1, 1, 1, 1, 1, 1, 1, 1, 1, 2, 1, 1, 1, 1, 1, 1, 1, 1, 1, 1,
       1, 1, 1, 1, 1, 1, 1, 1, 1, 1, 1, 1, 1, 2, 1, 1, 1, 2, 1, 1, 1, 1,
       1, 1, 1, 1, 2, 2, 1, 1, 1, 1, 1, 2, 2, 1, 1, 0, 1, 2, 1, 1, 1, 1,
       1, 0, 1, 1, 1, 1, 1, 1, 2, 1, 1, 1, 1, 1, 1, 1, 1, 1, 1, 2, 1, 1,
       1, 1, 1, 1, 1, 2, 1, 1, 1, 0, 1, 1, 1, 2, 1, 1, 1, 1, 1, 1, 1, 1,
       1, 0, 1, 1, 1, 1, 1, 1, 1, 1, 1, 1, 0, 1, 1, 0, 1, 2, 2, 1, 1, 1,
       1, 1, 1, 1, 1, 2, 2, 1, 1, 1, 1, 1, 1, 1, 1, 1, 1, 1, 1, 2, 1, 1,
       2, 2, 1, 1, 1, 1, 1, 1, 1, 1, 1, 1, 2, 1, 1, 0, 1, 1, 1, 2, 1, 1,
       1, 1, 2, 2, 1, 1, 0, 1, 1, 1, 1, 1, 1, 1, 1, 1, 2, 1, 1, 1, 1, 1,
       1, 1, 2, 1, 1, 1, 1, 2, 1, 2, 2, 1, 1, 1, 1, 1, 1, 1, 1, 1, 1, 1,
       2, 1, 2, 1, 1, 1, 1, 2, 1, 2, 1, 1, 0, 1, 1, 0, 1, 1, 1, 0, 2, 2,
       1, 1, 1, 1, 1, 1, 1, 1, 2, 1, 1, 1, 1, 2, 1, 1, 1, 1, 1, 1, 1, 1,
       1, 1, 1, 1, 1, 1, 1, 1, 2, 1, 1, 1, 1, 0, 1, 1, 2, 1, 2, 1, 1, 1,
       1, 1, 1, 1, 1]), 'time': 105.17063021659851}
lenSubsequence: 23{'RI': 0.49910134538465534, 'num_clusters': 3, 'uShapelets': [{'ts_index': 118, 'loc': 20, 'gap': 0.02676125106577193, 'distances': array([0.23092591, 0.21318645, 0.17979956, 0.23483524, 0.26836426,
       0.29873575, 0.22211072, 0.22921133, 0.30982684, 0.24750156,
       0.26259283, 0.24749905, 0.29538546, 0.21725634, 0.24101936,
       0.22695685, 0.2768147 , 0.20445726, 0.27206878, 0.22765272,
       0.23962276, 0.28512696, 0.23455423, 0.25062174, 0.23029418,
       0.27263419, 0.22543009, 0.30700205, 0.28108736, 0.21588215,
       0.23601791, 0.32225611, 0.30102119, 0.33829776, 0.19804884,
       0.20847684, 0.21019448, 0.24601979, 0.30222182, 0.32724524,
       0.27687353, 0.28382139, 0.32546238, 0.25554349, 0.25828428,
       0.36305113, 0.30835911, 0.24415833, 0.26909718, 0.27134305,
       0.29651164, 0.17043546, 0.17331302, 0.22794371, 0.23591735,
       0.22120707, 0.16609901, 0.2160737 , 0.34041024, 0.27005197,
       0.26383593, 0.21177214, 0.2013505 , 0.33810738, 0.19769457,
       0.23604673, 0.23614104, 0.2646127 , 0.31283341, 0.23054938,
       0.22444431, 0.19922728, 0.23431907, 0.30059851, 0.26284129,
       0.3120033 , 0.24294684, 0.2420886 , 0.25548743, 0.28964825,
       0.23259024, 0.26266287, 0.22259533, 0.20274429, 0.21610411,
       0.22979573, 0.28059976, 0.35463202, 0.23706512, 0.18216213,
       0.29118305, 0.24835231, 0.22667048, 0.22410581, 0.22853704,
       0.20512837, 0.25056321, 0.22380188, 0.29125393, 0.24864963,
       0.2269489 , 0.20858202, 0.215659  , 0.2502338 , 0.25569871,
       0.28128128, 0.26065893, 0.1791843 , 0.232017  , 0.25004711,
       0.25387333, 0.25487514, 0.21198961, 0.31103124, 0.2263548 ,
       0.26081183, 0.28088914, 0.23571419, 0.        , 0.22092588,
       0.21435154, 0.29692821, 0.28318753, 0.27706227, 0.27698687,
       0.27417244, 0.24950875, 0.22629698, 0.25884622, 0.27021072,
       0.19448921, 0.29731028, 0.20500192, 0.21776946, 0.31321583,
       0.2171978 , 0.22837021, 0.24760401, 0.26711206, 0.18910169,
       0.22556121, 0.27584781, 0.25079005, 0.29534613, 0.21510644,
       0.30168544, 0.27909712, 0.26242241, 0.24266996, 0.17950467,
       0.18380117, 0.2918167 , 0.26598812, 0.22979991, 0.312127  ,
       0.23757578, 0.306316  , 0.28285396, 0.2369834 , 0.24130368,
       0.26246351, 0.33486118, 0.23927597, 0.26008688, 0.21373077,
       0.22557408, 0.22173322, 0.34721465, 0.20673478, 0.22441299,
       0.33829431, 0.19460582, 0.21375438, 0.23662781, 0.179945  ,
       0.28292068, 0.29732734, 0.24786497, 0.24532675, 0.25260422,
       0.31314967, 0.26520639, 0.31918284, 0.20329714, 0.25487458,
       0.24652802, 0.18500483, 0.29363781, 0.20250811, 0.289219  ,
       0.23311524, 0.24023324, 0.30342354, 0.27884064, 0.33018576,
       0.27341047, 0.22205629, 0.28828168, 0.21824286, 0.34315632,
       0.29793873, 0.2255924 , 0.29530465, 0.26983326, 0.30667178,
       0.25044269, 0.27232434, 0.31006019, 0.22892045, 0.23340828,
       0.21377011, 0.23742674, 0.22866395, 0.2705525 , 0.26212169,
       0.31918157, 0.25728081, 0.25541841, 0.2255652 , 0.25732548,
       0.20691008, 0.21518841, 0.31706097, 0.20464034, 0.28498489,
       0.29735946, 0.25092984, 0.30546552, 0.24181057, 0.27471373,
       0.28279723, 0.21447035, 0.27224587, 0.3166171 , 0.23391104,
       0.1876864 , 0.27597939, 0.2890715 , 0.33839039, 0.22171574,
       0.23525275, 0.31577619, 0.24413932, 0.34111628, 0.24133249,
       0.25093571, 0.25767997, 0.24768372, 0.301527  , 0.21649524,
       0.30147382, 0.1859292 , 0.24922279, 0.29600082, 0.3228748 ,
       0.24351787, 0.28974487, 0.23312296, 0.30305023, 0.24475459,
       0.20935977, 0.26663876, 0.31989408, 0.26846848, 0.26545809,
       0.29784477, 0.25083201, 0.23999724, 0.25062356, 0.30978032,
       0.22195189, 0.26133005, 0.30593086, 0.21603585, 0.18538134,
       0.24580054, 0.28277097, 0.2484647 , 0.31792472, 0.20759332,
       0.23971585, 0.21645814, 0.25447018, 0.18690131, 0.24962779,
       0.29183388, 0.23282232, 0.28202998, 0.26122048, 0.2909968 ,
       0.25607574, 0.26686453, 0.31257767, 0.32406597, 0.21509074,
       0.20295288, 0.27383179, 0.19718794, 0.23277604, 0.27532426,
       0.2940021 , 0.27903312, 0.23729156, 0.31196   , 0.2609601 ,
       0.22891708, 0.24983151, 0.30040272, 0.25423183, 0.26037305,
       0.22973579, 0.27017237, 0.26798625, 0.21703304, 0.23282394,
       0.29737988, 0.26128804, 0.27988723, 0.2281981 , 0.27521971,
       0.20764147, 0.25470344, 0.19293695, 0.18057401, 0.19730271,
       0.21619477, 0.24635459, 0.25597765, 0.2207715 , 0.22978786,
       0.27207614, 0.26107839, 0.25336317, 0.23777882, 0.23547176,
       0.21430835, 0.28878616, 0.20713077, 0.31739526, 0.25830479,
       0.23642367, 0.27070589, 0.20316418, 0.24250671, 0.28850944,
       0.27151419, 0.28097519, 0.22188249, 0.19654177, 0.21930414,
       0.23725938, 0.21260969, 0.23298364, 0.19094718, 0.23098182,
       0.25239731, 0.24893812, 0.21450486, 0.25616333, 0.23851575,
       0.23071047, 0.26126882, 0.29024998, 0.28669239, 0.20924942,
       0.28343267, 0.20913365, 0.2392434 , 0.23681227, 0.25263481,
       0.28863787, 0.28418963, 0.23873771, 0.21714285, 0.21848059,
       0.21012618, 0.23088689, 0.27841061, 0.27662495, 0.31205701,
       0.19031292, 0.22804988, 0.23874777, 0.32855846, 0.25288789,
       0.29442745, 0.27868475, 0.22198927, 0.2738418 , 0.27907406,
       0.24082458, 0.33249072, 0.32370893, 0.25721047, 0.17991698,
       0.23534198, 0.27396513, 0.32351337, 0.1951427 , 0.32998849,
       0.25548497, 0.2142438 , 0.20719763, 0.2437292 , 0.28368207,
       0.23147466, 0.27386311, 0.22181384, 0.24741408, 0.24906699,
       0.19769595, 0.28313925, 0.3022763 , 0.27265803, 0.22862923,
       0.29826822, 0.24902716, 0.23011307, 0.21366938, 0.26473461,
       0.26358526, 0.24586526, 0.22555704, 0.32843844, 0.27538647,
       0.18980692, 0.26700979, 0.30632964, 0.2564564 , 0.24876817,
       0.21114856, 0.36122518, 0.29476088, 0.22848886, 0.22646989,
       0.18958332, 0.18482825, 0.19780023, 0.26460484, 0.23244102,
       0.21044632, 0.30679043, 0.25258551, 0.274519  , 0.17501692,
       0.16278396, 0.26446178, 0.22890107, 0.29529517, 0.21370016,
       0.19750368, 0.24839531, 0.2742744 , 0.23192147, 0.1744818 ,
       0.36564457, 0.20390748, 0.33050569, 0.31489503, 0.20062481,
       0.22742418, 0.31283589, 0.24689738, 0.27318764, 0.3063304 ,
       0.30697929, 0.2553884 , 0.27959868, 0.31580721, 0.26696846,
       0.27127419, 0.25711346, 0.21824377, 0.28080499, 0.27107874,
       0.27851525, 0.2737313 , 0.27898041, 0.24366436, 0.22306485,
       0.19989589, 0.31394797, 0.22747327, 0.1943184 , 0.34076396,
       0.2969142 , 0.20342457, 0.28597763, 0.24180576, 0.26548406,
       0.22677615, 0.21009885, 0.25770536, 0.20837092, 0.2750198 ,
       0.2552956 , 0.29003879, 0.25514512, 0.29028018, 0.33298371,
       0.24182076, 0.19608301, 0.21172816, 0.35058826, 0.24003096,
       0.23880297, 0.22689372, 0.24265568, 0.31973014, 0.30245437,
       0.24688978, 0.20436617, 0.27972734, 0.27565802, 0.22571107,
       0.20296672, 0.21972691, 0.23382827, 0.27053885, 0.26334249,
       0.2312941 , 0.25461372, 0.37306284, 0.22315382, 0.20872344,
       0.20734106, 0.27598825, 0.2290955 , 0.23593023, 0.26318737,
       0.26293866, 0.26997217, 0.29915324, 0.23898239, 0.26374767,
       0.33578736, 0.27357029, 0.30934361, 0.30644638, 0.28776148,
       0.2234033 , 0.30623039, 0.29240104, 0.22272227, 0.23405284,
       0.20066611, 0.25923119, 0.24760124, 0.25388401, 0.20723222,
       0.3062603 , 0.27051886, 0.2946509 , 0.25549956, 0.27788825,
       0.23465184, 0.1803719 , 0.26360218, 0.23884902, 0.3281887 ,
       0.25742867, 0.19810702, 0.37411359, 0.22412544, 0.22911152,
       0.2749505 , 0.21158583, 0.25479493, 0.17869309, 0.28868462,
       0.31566526, 0.29220797, 0.28896467, 0.23626073, 0.26724396,
       0.27927441, 0.24762027, 0.27788148, 0.22769354, 0.2836203 ,
       0.32075282, 0.2987168 , 0.25547065, 0.19973308, 0.26679853,
       0.29205225, 0.32123012, 0.18688789, 0.27950099, 0.16686934,
       0.22499935, 0.27277999, 0.24158487, 0.24066217, 0.28954664,
       0.23325797, 0.2195497 , 0.26995334, 0.21896499, 0.21702554,
       0.21515455, 0.23813513, 0.30632043, 0.25159875, 0.25935097,
       0.25398417, 0.25852874, 0.28282573, 0.24558331, 0.21450827,
       0.33413164, 0.24868782, 0.3113793 , 0.24807315, 0.21301207,
       0.24776884, 0.23107578, 0.18349751, 0.20812518, 0.22340667,
       0.28550186]), 'delta_distances': array([0., 0., 0., 0., 0., 0., 0., 0., 0., 0., 0., 0., 0., 0., 0., 0., 0.,
       0., 0., 0., 0., 0., 0., 0., 0., 0., 0., 0., 0., 0., 0., 0., 0., 0.,
       0., 0., 0., 0., 0., 0., 0., 0., 0., 0., 0., 0., 0., 0., 0., 0., 0.,
       0., 0., 0., 0., 0., 0., 0., 0., 0., 0., 0., 0., 0., 0., 0., 0., 0.,
       0., 0., 0., 0., 0., 0., 0., 0., 0., 0., 0., 0., 0., 0., 0., 0., 0.,
       0., 0., 0., 0., 0., 0., 0., 0., 0., 0., 0., 0., 0., 0., 0., 0., 0.,
       0., 0., 0., 0., 0., 0., 0., 0., 0., 0., 0., 0., 0., 0., 0., 0., 0.,
       0., 0., 0., 0., 0., 0., 0., 0., 0., 0., 0., 0., 0., 0., 0., 0., 0.,
       0., 0., 0., 0., 0., 0., 0., 0., 0., 0., 0., 0., 0., 0., 0., 0., 0.,
       0., 0., 0., 0., 0., 0., 0., 0., 0., 0., 0., 0., 0., 0., 0., 0., 0.,
       0., 0., 0., 0., 0., 0., 0., 0., 0., 0., 0., 0., 0., 0., 0., 0., 0.,
       0., 0., 0., 0., 0., 0., 0., 0., 0., 0., 0., 0., 0., 0., 0., 0., 0.,
       0., 0., 0., 0., 0., 0., 0., 0., 0., 0., 0., 0., 0., 0., 0., 0., 0.,
       0., 0., 0., 0., 0., 0., 0., 0., 0., 0., 0., 0., 0., 0., 0., 0., 0.,
       0., 0., 0., 0., 0., 0., 0., 0., 0., 0., 0., 0., 0., 0., 0., 0., 0.,
       0., 0., 0., 0., 0., 0., 0., 0., 0., 0., 0., 0., 0., 0., 0., 0., 0.,
       0., 0., 0., 0., 0., 0., 0., 0., 0., 0., 0., 0., 0., 0., 0., 0., 0.,
       0., 0., 0., 0., 0., 0., 0., 0., 0., 0., 0., 0., 0., 0., 0., 0., 0.,
       0., 0., 0., 0., 0., 0., 0., 0., 0., 0., 0., 0., 0., 0., 0., 0., 0.,
       0., 0., 0., 0., 0., 0., 0., 0., 0., 0., 0., 0., 0., 0., 0., 0., 0.,
       0., 0., 0., 0., 0., 0., 0., 0., 0., 0., 0., 0., 0., 0., 0., 0., 0.,
       0., 0., 0., 0., 0., 0., 0., 0., 0., 0., 0., 0., 0., 0., 0., 0., 0.,
       0., 0., 0., 0., 0., 0., 0., 0., 0., 0., 0., 0., 0., 0., 0., 0., 0.,
       0., 0., 0., 0., 0., 0., 0., 0., 0., 0., 0., 0., 0., 0., 0., 0., 0.,
       0., 0., 0., 0., 0., 0., 0., 0., 0., 0., 0., 0., 0., 0., 0., 0., 0.,
       0., 0., 0., 0., 0., 0., 0., 0., 0., 0., 0., 0., 0., 0., 0., 0., 0.,
       0., 0., 0., 0., 0., 0., 0., 0., 0., 0., 0., 0., 0., 0., 0., 0., 0.,
       0., 0., 0., 0., 0., 0., 0., 0., 0., 0., 0., 0., 0., 0., 0., 0., 0.,
       0., 0., 0., 0., 0., 0., 0., 0., 0., 0., 0., 0., 0., 0., 0., 0., 0.,
       0., 0., 0., 0., 0., 0., 0., 0., 0., 0., 0., 0., 0., 0., 0., 0., 0.,
       0., 0., 0., 0., 0., 0., 0., 0., 0., 0., 0., 0., 0., 0., 0., 0., 0.,
       0., 0., 0., 0., 0., 0., 0., 0., 0., 0., 0., 0., 0., 0., 0., 0., 0.,
       0., 0., 0., 0., 0., 0., 0., 0., 0., 0., 0., 0., 0., 0., 0., 0., 0.,
       0., 0., 0., 0., 0., 0., 0., 0., 0., 0., 0., 0., 0., 0., 0., 0., 0.,
       0., 0., 0., 0., 0., 0., 0., 0., 0., 0., 0., 0., 0., 0., 0., 0., 0.,
       0., 0., 0., 0., 0., 0., 0., 0., 0., 0., 0., 0., 0., 0., 0., 0., 0.,
       0., 0., 0., 0., 0., 0., 0., 0., 0.]), 'locations': array([22, 19, 20, 20,  4, 24, 16, 21, 18, 21, 24, 22,  5, 20, 22, 23, 22,
       18, 22, 22, 10, 25, 23, 22, 20, 18, 22, 14, 23, 21, 24,  6, 18, 45,
       19, 22, 19, 18, 21, 17, 15, 17, 18, 25, 19, 24, 21, 21, 46, 16, 26,
       21, 21, 22, 22, 16, 22, 22, 17, 20, 22, 17, 22, 22, 21, 20, 18, 21,
       22, 21, 24, 20, 23, 44, 18,  8, 16, 22, 20, 15, 17, 23, 21, 17, 23,
       21, 22, 15, 18, 21, 22, 22, 21, 18, 23, 19, 19, 21, 45, 24, 20, 19,
       22, 19, 23,  7, 18, 21, 16, 22, 21, 21, 23,  6, 21, 23, 19, 22, 20,
       19, 21, 19, 19, 19, 18, 22, 22, 20, 21, 21, 21, 24, 22, 23,  6, 20,
       22, 19, 21, 23, 20, 21, 21, 19, 17, 11, 23, 20, 23, 21, 20,  9, 24,
       21, 14, 20, 22, 21, 19, 19, 16,  6, 23, 26, 21, 19, 18, 18, 15, 17,
        0, 18, 21, 22, 21, 20,  4, 21, 20, 16, 18, 20, 11, 21, 20, 16, 21,
       15, 21, 17, 21, 21, 25, 21, 24, 19, 22, 25, 22, 25, 15, 17, 21, 18,
       22, 17, 15, 17, 20, 21, 19, 20, 16, 23, 20, 15, 17, 23, 21, 22, 22,
       18, 23, 21, 18, 18, 45, 16, 20, 23,  5, 23, 16, 21, 19, 23, 18, 14,
       19, 23, 14, 43, 20, 11, 18, 20, 17, 45, 22, 19, 46, 20, 23, 18, 13,
       22, 18, 19,  8, 21, 21, 15, 22, 22, 21,  7, 21, 22, 16, 11, 18, 12,
       22, 14, 21, 19, 22, 21,  6, 23, 16, 17, 21, 20, 15, 16, 24, 20, 16,
       26, 21, 21, 45, 22, 25, 22, 12, 20, 22, 24, 16, 20, 10,  5, 23, 16,
       21, 20, 20, 19, 19, 25, 18, 20, 17, 19, 20, 23, 18, 18, 20, 19, 24,
       20, 22, 22, 18, 22, 24, 22, 17, 23, 19, 17, 21, 20, 23, 24, 22, 20,
       23, 21, 21, 20, 18, 16, 16, 21, 20, 19, 21, 22, 19, 19, 22, 17, 21,
       21, 17, 16, 22, 22, 15, 18, 21, 23, 24, 20, 20,  5, 12, 21, 18, 19,
       20, 22, 24, 20, 17, 19, 21, 21, 22, 18, 19, 17,  5, 21, 21, 21, 22,
       44, 26, 24, 21, 27, 24,  6, 20, 11, 21, 19, 21, 27, 23, 20, 20, 19,
       26, 17, 20, 23, 22, 19, 22,  6, 23, 21, 22, 18, 22, 20, 19, 45, 20,
       20, 19, 19, 18, 19, 17, 45, 46, 22, 16, 20, 20, 22, 22, 16, 22, 16,
       22, 20, 20, 20, 16, 21, 15, 19, 18, 22, 24, 18, 24, 13, 23, 22, 23,
       21, 19, 22, 20, 22, 16, 13, 21, 22, 23, 19, 22, 21, 20, 14, 22, 21,
       18, 21, 20, 21, 21, 15, 19, 21, 15, 24, 19, 23, 21,  4, 21, 19, 20,
       17, 15, 21, 22, 19, 27, 15, 20, 20, 21, 23, 18, 20, 22, 19, 23, 46,
       18, 20, 20, 14, 20, 23, 15, 25, 22,  6, 21, 20, 16, 21, 20, 19, 15,
       17, 23,  6, 15, 17, 21, 22, 20, 11, 24, 24,  7,  5, 20, 18, 26, 17,
       22, 22, 17, 25, 23, 17, 23, 20, 20, 17, 21, 22, 20,  6, 20, 26, 15,
       20,  5, 24, 21, 20, 23, 15, 20, 20, 22, 20, 17, 20, 16, 23, 16, 16,
       19, 18, 23, 42, 21, 21, 14, 22,  6, 22, 17, 20, 22, 23, 23, 21,  5,
       17, 19, 44, 20, 23, 17, 20, 21, 21, 17, 27, 20, 19, 19, 20, 46, 24,
       45, 19, 20, 22, 17, 21, 19, 17, 39])}, {'ts_index': 550, 'loc': 13, 'gap': 0.0306521019056068, 'distances': array([0.19150772, 0.16416509, 0.25667542, 0.15446949, 0.22378216,
       0.18086118, 0.20590563, 0.30549139, 0.21428091, 0.18557046,
       0.30045734, 0.26169312, 0.22267896, 0.15780687, 0.27448773,
       0.18217086, 0.303131  , 0.24356911, 0.20491832, 0.19688974,
       0.31944618, 0.25405038, 0.24931723, 0.21904944, 0.20909431,
       0.20808389, 0.27775033, 0.28832455, 0.30057861, 0.23016228,
       0.24653727, 0.22998204, 0.23878631, 0.29221527, 0.28798505,
       0.19755903, 0.22452767, 0.22112845, 0.28445935, 0.26823515,
       0.25056822, 0.19114826, 0.28416124, 0.19148924, 0.31072866,
       0.25205581, 0.2468535 , 0.15880084, 0.28432156, 0.24837428,
       0.22312422, 0.22578358, 0.22687169, 0.21446682, 0.22146283,
       0.23602949, 0.21978775, 0.30698634, 0.32828946, 0.18614076,
       0.27999235, 0.30842229, 0.25274107, 0.17879223, 0.21331765,
       0.23127073, 0.32102941, 0.19311468, 0.20802412, 0.20543349,
       0.23516092, 0.25720172, 0.2596429 , 0.29985769, 0.26904073,
       0.24314317, 0.27158152, 0.23113791, 0.15967925, 0.20701728,
       0.24213268, 0.18534651, 0.26201681, 0.16566529, 0.30504912,
       0.24603885, 0.2168592 , 0.25053306, 0.28459087, 0.21980192,
       0.18250302, 0.20201354, 0.21422971, 0.28355012, 0.        ,
       0.24927521, 0.31687618, 0.234311  , 0.23407236, 0.2247025 ,
       0.18837896, 0.15221152, 0.17638369, 0.17481934]), 'delta_distances': array([0., 0., 0., 0., 0., 0., 0., 0., 0., 0., 0., 0., 0., 0., 0., 0., 0.,
       0., 0., 0., 0., 0., 0., 0., 0., 0., 0., 0., 0., 0., 0., 0., 0., 0.,
       0., 0., 0., 0., 0., 0., 0., 0., 0., 0., 0., 0., 0., 0., 0., 0., 0.,
       0., 0., 0., 0., 0., 0., 0., 0., 0., 0., 0., 0., 0., 0., 0., 0., 0.,
       0., 0., 0., 0., 0., 0., 0., 0., 0., 0., 0., 0., 0., 0., 0., 0., 0.,
       0., 0., 0., 0., 0., 0., 0., 0., 0., 0., 0., 0., 0., 0., 0., 0., 0.,
       0., 0.]), 'locations': array([12, 12, 13, 14, 14, 14, 14, 13, 15, 13, 14, 15, 14, 14, 12, 12, 33,
       13, 13, 14, 14, 13, 13, 12, 12, 16, 13, 16, 13, 13, 14, 14, 13, 12,
       11, 10, 12, 12, 15, 16, 17, 13, 14, 15, 46, 11, 12, 14,  9, 12, 15,
       13, 14, 13, 14, 17, 13, 14, 13, 10, 24, 17, 12, 13, 15, 13, 13, 13,
       11, 13, 13, 13, 15, 16, 13, 14, 16, 14, 15, 13, 17, 15, 12, 15, 12,
       14, 14, 13, 14, 12, 13, 14, 14, 13, 13, 15, 46, 17, 13, 14, 13, 14,
       13, 13])}], 'clusters': array([1, 1, 1, 1, 1, 2, 1, 1, 2, 1, 1, 1, 2, 1, 1, 1, 1, 1, 1, 1, 1, 1,
       1, 1, 1, 1, 1, 2, 1, 1, 1, 2, 2, 2, 1, 1, 1, 1, 0, 2, 1, 1, 2, 1,
       1, 0, 2, 1, 1, 1, 2, 1, 1, 1, 1, 1, 1, 1, 2, 1, 1, 1, 1, 2, 1, 1,
       1, 1, 2, 1, 1, 1, 1, 0, 1, 2, 1, 1, 1, 1, 1, 1, 1, 1, 1, 1, 1, 2,
       1, 1, 1, 1, 1, 1, 1, 1, 1, 1, 1, 1, 1, 1, 1, 1, 1, 1, 1, 1, 1, 1,
       1, 1, 1, 2, 1, 1, 1, 1, 1, 1, 1, 0, 1, 1, 1, 1, 1, 1, 1, 1, 1, 2,
       1, 1, 2, 1, 1, 1, 1, 1, 1, 1, 1, 1, 1, 2, 1, 1, 1, 1, 1, 1, 1, 1,
       2, 1, 2, 1, 1, 1, 1, 2, 1, 1, 1, 1, 1, 0, 1, 1, 0, 1, 1, 1, 1, 1,
       2, 1, 1, 1, 2, 1, 2, 1, 1, 1, 1, 1, 1, 1, 1, 1, 2, 1, 0, 1, 1, 1,
       1, 0, 2, 1, 1, 1, 2, 1, 1, 2, 1, 1, 1, 1, 1, 1, 1, 0, 1, 1, 1, 1,
       1, 1, 2, 1, 1, 2, 1, 2, 1, 1, 1, 1, 1, 2, 1, 1, 1, 1, 2, 1, 1, 0,
       1, 2, 1, 1, 1, 1, 2, 1, 2, 1, 1, 2, 2, 1, 1, 1, 2, 1, 1, 1, 2, 1,
       1, 2, 1, 1, 1, 2, 1, 1, 2, 1, 1, 1, 1, 1, 2, 1, 1, 1, 1, 1, 1, 1,
       1, 1, 1, 1, 1, 1, 2, 0, 1, 1, 1, 1, 1, 1, 1, 1, 1, 0, 1, 1, 1, 2,
       1, 1, 1, 1, 1, 1, 1, 2, 1, 1, 1, 1, 1, 1, 1, 1, 1, 1, 1, 1, 1, 1,
       1, 1, 1, 1, 1, 1, 1, 1, 0, 1, 1, 1, 1, 1, 1, 1, 1, 1, 1, 1, 1, 1,
       1, 1, 1, 1, 1, 1, 1, 1, 1, 1, 1, 1, 1, 1, 1, 1, 1, 1, 1, 1, 1, 1,
       1, 1, 1, 1, 1, 2, 1, 1, 1, 2, 1, 1, 1, 1, 1, 1, 1, 2, 2, 1, 1, 1,
       1, 0, 1, 2, 1, 1, 1, 1, 1, 1, 1, 1, 1, 1, 1, 1, 2, 1, 1, 2, 1, 1,
       1, 1, 1, 1, 1, 2, 1, 1, 1, 2, 1, 1, 1, 2, 1, 1, 1, 1, 1, 1, 1, 1,
       1, 0, 1, 1, 1, 1, 1, 1, 1, 1, 1, 1, 1, 1, 1, 2, 1, 2, 2, 1, 1, 2,
       1, 1, 2, 2, 1, 1, 2, 1, 1, 1, 1, 1, 1, 1, 1, 1, 1, 1, 1, 2, 1, 1,
       2, 2, 1, 1, 1, 1, 1, 1, 1, 1, 1, 1, 1, 1, 1, 0, 1, 1, 1, 2, 1, 1,
       1, 1, 2, 2, 1, 1, 1, 1, 1, 1, 1, 1, 1, 1, 1, 1, 0, 1, 1, 1, 1, 1,
       1, 1, 1, 1, 2, 1, 1, 2, 1, 2, 2, 1, 1, 2, 1, 1, 1, 1, 1, 1, 1, 1,
       2, 1, 1, 1, 1, 1, 1, 1, 1, 2, 1, 1, 0, 1, 1, 1, 1, 1, 1, 1, 2, 1,
       1, 1, 1, 1, 1, 1, 1, 1, 2, 2, 1, 1, 1, 1, 2, 1, 1, 1, 1, 1, 1, 1,
       1, 1, 1, 1, 1, 1, 1, 1, 2, 1, 1, 1, 1, 1, 1, 1, 2, 1, 2, 1, 1, 1,
       1, 1, 1, 1, 1]), 'time': 98.02156066894531}
lenSubsequence: 25{'RI': 0.4992571814451197, 'num_clusters': 3, 'uShapelets': [{'ts_index': 357, 'loc': 19, 'gap': 0.024786202693537984, 'distances': array([0.248702  , 0.24682152, 0.22733622, 0.21343743, 0.27828835,
       0.29246646, 0.22853496, 0.27863471, 0.27825463, 0.21632609,
       0.26887714, 0.26747062, 0.26910755, 0.20529155, 0.28611576,
       0.26231187, 0.27082199, 0.21106553, 0.26234449, 0.19756874,
       0.27034576, 0.26688183, 0.23822206, 0.26978292, 0.26078398,
       0.30487127, 0.26968675, 0.31468774, 0.26842991, 0.23874791,
       0.25991204, 0.30566126, 0.24512339, 0.29705661, 0.26363308,
       0.2012813 , 0.24070613, 0.23689612, 0.32598234, 0.34141843,
       0.27500511, 0.29374113, 0.3110271 , 0.19415058, 0.31074441,
       0.3036419 , 0.23322972, 0.24610761, 0.30593626, 0.29397252,
       0.2897166 , 0.2065412 , 0.21144416, 0.2447516 , 0.27304652,
       0.25950446, 0.21654535, 0.24088007, 0.33679533, 0.26413458,
       0.27040398, 0.25746451, 0.21983494, 0.33051498, 0.23150202,
       0.26128842, 0.29206809, 0.20793785, 0.29059642, 0.20755884,
       0.25636216, 0.18942019, 0.24483135, 0.30838775, 0.2258092 ,
       0.28213057, 0.25011661, 0.26898405, 0.2442619 , 0.34062088,
       0.23128458, 0.24428765, 0.26150959, 0.22588712, 0.26922134,
       0.20855094, 0.28512872, 0.32730425, 0.20706983, 0.20199666,
       0.25718436, 0.26413492, 0.25952537, 0.27484156, 0.26837916,
       0.24193707, 0.31041016, 0.18450747, 0.29272345, 0.2315169 ,
       0.21998184, 0.26814776, 0.25825328, 0.27205659, 0.23423171,
       0.29885155, 0.26916991, 0.22088601, 0.20847448, 0.23426217,
       0.26703031, 0.27898503, 0.23051665, 0.32520036, 0.21493092,
       0.2930908 , 0.29182903, 0.21283332, 0.21866062, 0.22869272,
       0.22069405, 0.28705695, 0.32609768, 0.27343524, 0.23497945,
       0.25416801, 0.25522126, 0.28208679, 0.23685247, 0.21301567,
       0.21977374, 0.31043898, 0.2436514 , 0.23494978, 0.28255867,
       0.21585368, 0.20654768, 0.30931153, 0.29146136, 0.20328231,
       0.25304762, 0.24770976, 0.24221679, 0.31892376, 0.20267017,
       0.32078807, 0.25645824, 0.24871909, 0.27091398, 0.20727579,
       0.19898494, 0.3116434 , 0.22111749, 0.26488281, 0.31341201,
       0.22325515, 0.31528047, 0.28155696, 0.24551934, 0.23343539,
       0.31290109, 0.31344492, 0.2579331 , 0.2463028 , 0.27273661,
       0.19528405, 0.25249617, 0.33913121, 0.25230705, 0.24329283,
       0.34407002, 0.24528811, 0.24488167, 0.27582925, 0.25648096,
       0.3203831 , 0.33941062, 0.24282037, 0.21935586, 0.24826854,
       0.30743408, 0.25555781, 0.28982305, 0.2055715 , 0.21187766,
       0.27929257, 0.24813313, 0.28671364, 0.1717376 , 0.23650335,
       0.20980344, 0.18764284, 0.29656317, 0.2725813 , 0.32336277,
       0.26602948, 0.240497  , 0.2840627 , 0.19503413, 0.28628395,
       0.32202568, 0.24283001, 0.29188601, 0.32191473, 0.26296291,
       0.26241254, 0.27672515, 0.28578783, 0.21019207, 0.22172488,
       0.20866799, 0.25545065, 0.27468971, 0.23589801, 0.2667056 ,
       0.29809718, 0.28582281, 0.26377591, 0.27503615, 0.261052  ,
       0.20938127, 0.25939961, 0.3057053 , 0.22745562, 0.23464922,
       0.3663921 , 0.27703198, 0.3058698 , 0.24136222, 0.26278918,
       0.28444043, 0.25159013, 0.27355528, 0.37159857, 0.277562  ,
       0.24621908, 0.27046227, 0.30701021, 0.26518892, 0.22629029,
       0.26334716, 0.35014802, 0.26595581, 0.33523819, 0.25286386,
       0.25235769, 0.26945927, 0.26491381, 0.22281711, 0.25404248,
       0.26237438, 0.21762953, 0.26869889, 0.2780564 , 0.33375617,
       0.26410418, 0.30646838, 0.26201023, 0.28909642, 0.20041057,
       0.1996154 , 0.26375683, 0.32630177, 0.30804681, 0.24054055,
       0.31956173, 0.23928127, 0.22602039, 0.28941168, 0.28253197,
       0.23273921, 0.30532956, 0.29574551, 0.22540052, 0.21280361,
       0.27436404, 0.28410565, 0.26404469, 0.27081634, 0.21419926,
       0.20416178, 0.29070848, 0.26791632, 0.29080036, 0.30715633,
       0.30004622, 0.23856542, 0.23228217, 0.25388478, 0.28779661,
       0.23659149, 0.23278902, 0.32396924, 0.31581465, 0.19915665,
       0.24869869, 0.29759864, 0.21986132, 0.24713955, 0.28443131,
       0.29362877, 0.30857527, 0.26371981, 0.33712293, 0.25439243,
       0.24384274, 0.27568841, 0.31770016, 0.22962847, 0.26886378,
       0.28557493, 0.25747132, 0.270297  , 0.25275963, 0.25670878,
       0.30038177, 0.25631743, 0.29442872, 0.29429634, 0.26873169,
       0.25716478, 0.24954772, 0.2202259 , 0.23909564, 0.21137907,
       0.25721954, 0.26369057, 0.21890853, 0.26193716, 0.1720564 ,
       0.34456146, 0.29043106, 0.28271548, 0.21675068, 0.23826524,
       0.21954218, 0.26449787, 0.2265667 , 0.30582293, 0.22012885,
       0.2586126 , 0.26807058, 0.23233115, 0.31844743, 0.31228843,
       0.29233713, 0.28042183, 0.24114892, 0.25406883, 0.23616384,
       0.21701277, 0.20861109, 0.26045563, 0.17540078, 0.24218217,
       0.28701427, 0.24784785, 0.        , 0.20812675, 0.23438863,
       0.22436181, 0.2133829 , 0.31670649, 0.30302664, 0.23991511,
       0.26592097, 0.25034602, 0.2535501 , 0.26917653, 0.35132444,
       0.30723171, 0.24324547, 0.23963584, 0.2326747 , 0.2152015 ,
       0.22598544, 0.25227904, 0.29005368, 0.33901402, 0.29345481,
       0.19489036, 0.21565224, 0.25226493, 0.31418376, 0.2766525 ,
       0.31458382, 0.2862933 , 0.23515156, 0.30131814, 0.28555507,
       0.23841224, 0.32985146, 0.26999672, 0.26714929, 0.21765209,
       0.26955047, 0.28857893, 0.3467161 , 0.20976876, 0.35321977,
       0.2860445 , 0.26385807, 0.21948199, 0.2022509 , 0.26533258,
       0.21708602, 0.25381428, 0.25831229, 0.21192542, 0.2857217 ,
       0.18517395, 0.2689413 , 0.28105096, 0.31827197, 0.24039043,
       0.29044724, 0.23247412, 0.25884912, 0.23095479, 0.21774531,
       0.28478149, 0.27553709, 0.21571412, 0.34069264, 0.2706131 ,
       0.20838033, 0.24078074, 0.31805225, 0.27880998, 0.21672334,
       0.23997786, 0.30144245, 0.32575356, 0.23152686, 0.22624339,
       0.23775654, 0.19514131, 0.22955473, 0.21447811, 0.26454672,
       0.23745848, 0.33262721, 0.25948293, 0.26683938, 0.22727927,
       0.20266352, 0.27582348, 0.19726913, 0.26821011, 0.21730787,
       0.2474814 , 0.25231813, 0.33297541, 0.27572694, 0.18174452,
       0.35538835, 0.23385741, 0.33880796, 0.30458197, 0.24494963,
       0.27154937, 0.31956218, 0.24787327, 0.28166878, 0.30597703,
       0.31390091, 0.27029092, 0.25009946, 0.2535608 , 0.24305576,
       0.25605879, 0.25997913, 0.2532124 , 0.23080864, 0.26575039,
       0.27797272, 0.27051526, 0.24182849, 0.28002597, 0.20497378,
       0.25917998, 0.31854957, 0.23863323, 0.19876904, 0.35090248,
       0.28358004, 0.24657734, 0.2903154 , 0.2875742 , 0.27476247,
       0.23593375, 0.21058295, 0.25707057, 0.21787766, 0.28284913,
       0.19365564, 0.32302246, 0.26311292, 0.32190129, 0.32168143,
       0.22467176, 0.23449327, 0.23463812, 0.32188744, 0.29919561,
       0.21263256, 0.25200672, 0.24034446, 0.3124889 , 0.31042999,
       0.25520228, 0.19944304, 0.32324234, 0.32335912, 0.22328208,
       0.24430114, 0.20295711, 0.20756695, 0.26747027, 0.29923627,
       0.22742159, 0.25791208, 0.41457687, 0.22293714, 0.2188463 ,
       0.22348238, 0.30345864, 0.23277957, 0.27136054, 0.27010768,
       0.35116994, 0.27265675, 0.29245352, 0.21857211, 0.29364947,
       0.33566039, 0.23744723, 0.28616845, 0.33826943, 0.27495409,
       0.24799058, 0.29263202, 0.25953078, 0.27289829, 0.26464264,
       0.22218075, 0.26255934, 0.30010936, 0.26723806, 0.24617198,
       0.28865318, 0.27649131, 0.28936142, 0.30071544, 0.29413511,
       0.2192651 , 0.20309811, 0.308269  , 0.21792378, 0.30717405,
       0.27523013, 0.21472647, 0.40362858, 0.2688532 , 0.20603744,
       0.26775864, 0.21385032, 0.26281335, 0.23351264, 0.2239836 ,
       0.2897779 , 0.30417774, 0.2563767 , 0.24604483, 0.28951875,
       0.27723271, 0.2622317 , 0.24503951, 0.21465097, 0.29109523,
       0.27782738, 0.31066448, 0.23247597, 0.26537476, 0.22642181,
       0.2417622 , 0.33030703, 0.241478  , 0.30039974, 0.21158062,
       0.24295431, 0.24704287, 0.28987158, 0.25624565, 0.26654517,
       0.23277369, 0.26588731, 0.25167996, 0.23106495, 0.23106643,
       0.26468841, 0.22191897, 0.26743291, 0.2272622 , 0.28647096,
       0.22633028, 0.23555723, 0.29753519, 0.24969481, 0.22227364,
       0.34156525, 0.24322297, 0.25834868, 0.25405632, 0.25704133,
       0.27608586, 0.23581007, 0.20259585, 0.22630094, 0.23247134,
       0.26039167]), 'delta_distances': array([0., 0., 0., 0., 0., 0., 0., 0., 0., 0., 0., 0., 0., 0., 0., 0., 0.,
       0., 0., 0., 0., 0., 0., 0., 0., 0., 0., 0., 0., 0., 0., 0., 0., 0.,
       0., 0., 0., 0., 0., 0., 0., 0., 0., 0., 0., 0., 0., 0., 0., 0., 0.,
       0., 0., 0., 0., 0., 0., 0., 0., 0., 0., 0., 0., 0., 0., 0., 0., 0.,
       0., 0., 0., 0., 0., 0., 0., 0., 0., 0., 0., 0., 0., 0., 0., 0., 0.,
       0., 0., 0., 0., 0., 0., 0., 0., 0., 0., 0., 0., 0., 0., 0., 0., 0.,
       0., 0., 0., 0., 0., 0., 0., 0., 0., 0., 0., 0., 0., 0., 0., 0., 0.,
       0., 0., 0., 0., 0., 0., 0., 0., 0., 0., 0., 0., 0., 0., 0., 0., 0.,
       0., 0., 0., 0., 0., 0., 0., 0., 0., 0., 0., 0., 0., 0., 0., 0., 0.,
       0., 0., 0., 0., 0., 0., 0., 0., 0., 0., 0., 0., 0., 0., 0., 0., 0.,
       0., 0., 0., 0., 0., 0., 0., 0., 0., 0., 0., 0., 0., 0., 0., 0., 0.,
       0., 0., 0., 0., 0., 0., 0., 0., 0., 0., 0., 0., 0., 0., 0., 0., 0.,
       0., 0., 0., 0., 0., 0., 0., 0., 0., 0., 0., 0., 0., 0., 0., 0., 0.,
       0., 0., 0., 0., 0., 0., 0., 0., 0., 0., 0., 0., 0., 0., 0., 0., 0.,
       0., 0., 0., 0., 0., 0., 0., 0., 0., 0., 0., 0., 0., 0., 0., 0., 0.,
       0., 0., 0., 0., 0., 0., 0., 0., 0., 0., 0., 0., 0., 0., 0., 0., 0.,
       0., 0., 0., 0., 0., 0., 0., 0., 0., 0., 0., 0., 0., 0., 0., 0., 0.,
       0., 0., 0., 0., 0., 0., 0., 0., 0., 0., 0., 0., 0., 0., 0., 0., 0.,
       0., 0., 0., 0., 0., 0., 0., 0., 0., 0., 0., 0., 0., 0., 0., 0., 0.,
       0., 0., 0., 0., 0., 0., 0., 0., 0., 0., 0., 0., 0., 0., 0., 0., 0.,
       0., 0., 0., 0., 0., 0., 0., 0., 0., 0., 0., 0., 0., 0., 0., 0., 0.,
       0., 0., 0., 0., 0., 0., 0., 0., 0., 0., 0., 0., 0., 0., 0., 0., 0.,
       0., 0., 0., 0., 0., 0., 0., 0., 0., 0., 0., 0., 0., 0., 0., 0., 0.,
       0., 0., 0., 0., 0., 0., 0., 0., 0., 0., 0., 0., 0., 0., 0., 0., 0.,
       0., 0., 0., 0., 0., 0., 0., 0., 0., 0., 0., 0., 0., 0., 0., 0., 0.,
       0., 0., 0., 0., 0., 0., 0., 0., 0., 0., 0., 0., 0., 0., 0., 0., 0.,
       0., 0., 0., 0., 0., 0., 0., 0., 0., 0., 0., 0., 0., 0., 0., 0., 0.,
       0., 0., 0., 0., 0., 0., 0., 0., 0., 0., 0., 0., 0., 0., 0., 0., 0.,
       0., 0., 0., 0., 0., 0., 0., 0., 0., 0., 0., 0., 0., 0., 0., 0., 0.,
       0., 0., 0., 0., 0., 0., 0., 0., 0., 0., 0., 0., 0., 0., 0., 0., 0.,
       0., 0., 0., 0., 0., 0., 0., 0., 0., 0., 0., 0., 0., 0., 0., 0., 0.,
       0., 0., 0., 0., 0., 0., 0., 0., 0., 0., 0., 0., 0., 0., 0., 0., 0.,
       0., 0., 0., 0., 0., 0., 0., 0., 0., 0., 0., 0., 0., 0., 0., 0., 0.,
       0., 0., 0., 0., 0., 0., 0., 0., 0., 0., 0., 0., 0., 0., 0., 0., 0.,
       0., 0., 0., 0., 0., 0., 0., 0., 0., 0., 0., 0., 0., 0., 0., 0., 0.,
       0., 0., 0., 0., 0., 0., 0., 0., 0., 0., 0., 0., 0., 0., 0., 0., 0.,
       0., 0., 0., 0., 0., 0., 0., 0., 0.]), 'locations': array([20, 17, 20, 18, 16, 22, 14, 15, 17, 19, 20, 19, 18, 19, 20, 20, 20,
       16, 20, 20, 20, 18, 22, 20, 18, 16, 19, 40, 20, 15, 18, 18, 17, 18,
       17, 16, 18, 16, 17, 20, 19, 15, 20, 19, 17, 18, 19, 19, 19, 21, 24,
       16, 19, 16, 16, 15, 16, 16,  5, 18, 19, 19, 20, 17, 16, 18, 18, 20,
       18, 19, 22, 18, 17, 19, 20, 26, 15, 17, 18, 14, 15, 17, 14, 15, 17,
       19, 21, 20, 18, 19, 20, 20, 20, 17, 21, 20, 17, 20, 19, 18, 19, 18,
       20, 21, 20, 19, 12, 19, 15, 17, 19, 15, 19,  3, 15, 22, 16, 20, 18,
       18, 18, 14, 17, 19, 17, 20, 20, 18, 21, 20, 20, 18, 17, 21, 19, 15,
       21, 18, 16, 18, 15, 19, 20, 17, 16, 36, 17, 19, 18, 19, 19, 19, 22,
       19, 20, 20, 18, 19, 21, 17, 19,  2, 20, 20, 18, 18, 16, 16, 14, 19,
        0, 16, 19, 17, 19, 15,  5, 19, 18, 20, 16, 18, 18, 19, 18, 15, 17,
       18, 20, 15, 21, 19, 21, 19, 39, 18, 20, 20, 21, 19, 13, 15, 18, 17,
       17, 15, 19, 20, 20, 19, 17, 19, 17, 21, 14, 39, 15, 19, 19, 18, 21,
       17, 18, 19, 16, 25, 19, 19, 18, 21, 20, 21, 18, 37, 17, 21, 16, 14,
       17, 16, 20, 40, 16, 17, 15, 18, 22, 43, 22, 19, 19, 18, 21, 13, 16,
       17, 18, 19, 16, 19, 19, 20, 18, 20, 19,  4, 20, 21, 14, 22, 19, 22,
       19, 16, 19, 17, 20, 19, 22, 18, 15, 17, 18, 22, 17, 18, 20, 19, 18,
       22, 20, 20,  4, 20, 22, 18, 11, 17, 19, 20, 19, 19, 10,  4, 20, 21,
       16, 18, 19, 17, 17, 20, 15, 15, 15, 15, 16, 18, 20, 14, 19, 17, 19,
       18, 22,  2, 18, 20, 19, 21, 15, 16, 14, 16, 16, 20, 17, 17, 18, 18,
       20, 20, 19, 16, 21, 20, 18, 16, 18, 20, 19, 16, 17, 19, 16, 21, 19,
       19, 15, 14, 17, 20, 16, 21, 20, 20, 20, 19, 18,  1, 18, 19, 16, 17,
       14, 20, 20, 15, 15, 21, 19, 19, 19, 16, 15, 16,  0, 18, 16, 15, 19,
       19, 20, 17, 17, 21, 22, 20, 19, 20, 16, 17, 19, 22, 21, 19, 18, 17,
       20, 15, 18, 21, 15, 15, 20,  5, 17, 19, 17, 18, 21, 22, 16, 19, 20,
       19, 19, 20, 20, 17, 17, 18, 44, 22, 21, 18, 19, 20, 20, 13, 21, 19,
       19, 21, 19, 15, 14, 19, 15, 17, 16, 18, 19, 15, 18, 18, 19, 23, 21,
       18, 17, 19, 22, 19,  4, 18, 18, 20, 21, 17, 21, 20, 20, 19, 21, 19,
       18, 18, 16, 17, 20,  6, 18, 16, 13, 18, 18, 17, 15,  3, 14, 18, 17,
       15, 17, 19, 19, 17, 15, 17, 19, 19, 20, 18, 17, 19, 18, 21, 17, 21,
       18, 21, 18, 18, 19, 17, 21, 20, 21,  4, 20, 19, 13, 19, 18, 16, 14,
       14, 20,  0, 15, 19, 19, 18, 15, 18, 18, 21, 19, 15, 17, 20, 20, 15,
       20, 20, 18, 19, 21, 15, 16, 19, 18, 16, 18, 16, 19,  4, 20, 20, 20,
       21,  4, 19, 17, 14, 22, 17, 18, 18, 20, 15, 15, 18, 21, 17, 15, 15,
       18, 18, 18, 44, 20, 16, 19, 20, 19, 21, 16, 20, 19, 19, 21, 16, 21,
       20, 17, 43, 18, 22, 16, 19, 19, 20, 21, 21, 19, 19, 17, 18, 17, 22,
       19, 17, 15, 18, 16, 20, 17, 22, 18])}, {'ts_index': 122, 'loc': 45, 'gap': 0.01949091860181751, 'distances': array([0.25041947, 0.28973431, 0.29624691, 0.23398373, 0.27879393,
       0.25123979, 0.26071531, 0.25279459, 0.24158059, 0.25699422,
       0.24657291, 0.25800636, 0.22914045, 0.25011046, 0.27193477,
       0.25063985, 0.22941221, 0.27623222, 0.231017  , 0.28394677,
       0.26726379, 0.23728518, 0.28231778, 0.21055258, 0.21960234,
       0.28844064, 0.25358378, 0.31153881, 0.24775187, 0.29426031,
       0.22046891, 0.28962561, 0.29945712, 0.26062285, 0.24270555,
       0.27367509, 0.23180365, 0.1861767 , 0.25341709, 0.30386793,
       0.2401247 , 0.30281705, 0.2364793 , 0.24017564, 0.27932603,
       0.23448582, 0.25142487, 0.25865849, 0.25330638, 0.23702621,
       0.29107182, 0.24495079, 0.23025545, 0.2156272 , 0.26043706,
       0.23689294, 0.27276306, 0.27752308, 0.2735753 , 0.25164181,
       0.22224648, 0.26655802, 0.2136848 , 0.26027064, 0.23881652,
       0.24133219, 0.27308018, 0.21781863, 0.22097777, 0.24321944,
       0.27063203, 0.21964567, 0.26618874, 0.28894721, 0.24005519,
       0.3357449 , 0.2477223 , 0.27229342, 0.24014364, 0.22718566,
       0.25618226, 0.25558663, 0.2466948 , 0.29383925, 0.28316417,
       0.27451652, 0.2106873 , 0.22832793, 0.24988403, 0.27700826,
       0.30663884, 0.32546089, 0.22416977, 0.29810898, 0.22446262,
       0.18202413, 0.27452943, 0.29980764, 0.24636875, 0.26625443,
       0.23417347, 0.24398328, 0.2156709 , 0.29048669]), 'delta_distances': array([0., 0., 0., 0., 0., 0., 0., 0., 0., 0., 0., 0., 0., 0., 0., 0., 0.,
       0., 0., 0., 0., 0., 0., 0., 0., 0., 0., 0., 0., 0., 0., 0., 0., 0.,
       0., 0., 0., 0., 0., 0., 0., 0., 0., 0., 0., 0., 0., 0., 0., 0., 0.,
       0., 0., 0., 0., 0., 0., 0., 0., 0., 0., 0., 0., 0., 0., 0., 0., 0.,
       0., 0., 0., 0., 0., 0., 0., 0., 0., 0., 0., 0., 0., 0., 0., 0., 0.,
       0., 0., 0., 0., 0., 0., 0., 0., 0., 0., 0., 0., 0., 0., 0., 0., 0.,
       0., 0.]), 'locations': array([44,  9, 25,  6, 11,  9, 11, 12, 44, 10, 44,  8,  8, 12,  7, 32, 12,
       44, 10, 10,  7, 44,  8, 12, 43, 44, 14, 11, 10, 44,  9, 28,  9,  4,
       10, 13,  7, 10,  3, 44,  7,  5, 11, 44, 44, 11,  6,  6,  6, 10, 10,
       44,  7,  7, 44,  9, 10,  5,  6, 44, 44,  5, 11, 10, 43,  9,  4,  5,
        8,  6,  6, 44, 44, 13, 11, 11,  7,  8, 10,  9, 11, 11, 10, 44,  6,
       10, 10, 44,  7, 44, 10, 44, 10, 44, 12, 44, 10, 44, 11, 44,  6,  7,
       11, 43])}], 'clusters': array([1, 1, 1, 1, 1, 1, 1, 1, 1, 1, 1, 1, 1, 1, 1, 1, 1, 1, 1, 1, 1, 1,
       1, 1, 1, 2, 1, 0, 1, 1, 1, 0, 1, 1, 1, 1, 1, 1, 2, 2, 1, 1, 2, 1,
       2, 2, 1, 1, 2, 1, 1, 1, 1, 1, 1, 1, 1, 1, 2, 1, 1, 1, 1, 2, 1, 1,
       1, 1, 1, 1, 1, 1, 1, 2, 1, 1, 1, 1, 1, 2, 1, 1, 1, 1, 1, 1, 1, 2,
       1, 1, 1, 1, 1, 1, 1, 1, 2, 1, 1, 1, 1, 1, 1, 1, 1, 1, 1, 1, 1, 1,
       1, 1, 1, 2, 1, 1, 1, 1, 1, 1, 1, 1, 2, 1, 1, 1, 1, 1, 1, 1, 1, 2,
       1, 1, 1, 1, 1, 2, 1, 1, 1, 1, 1, 2, 1, 2, 1, 1, 1, 1, 1, 2, 1, 1,
       2, 1, 2, 1, 1, 1, 2, 0, 1, 1, 1, 1, 1, 2, 1, 1, 0, 1, 1, 1, 1, 2,
       0, 1, 1, 1, 2, 1, 1, 1, 1, 1, 1, 1, 1, 1, 1, 1, 1, 1, 0, 1, 1, 1,
       1, 1, 0, 1, 1, 2, 1, 1, 1, 1, 1, 1, 1, 1, 1, 1, 1, 1, 1, 1, 1, 1,
       1, 1, 2, 1, 1, 2, 1, 2, 1, 1, 1, 1, 1, 2, 1, 1, 1, 2, 1, 1, 1, 0,
       1, 2, 1, 1, 1, 1, 1, 1, 1, 1, 1, 1, 0, 1, 2, 1, 1, 1, 1, 1, 2, 2,
       1, 2, 1, 1, 1, 1, 1, 2, 1, 1, 1, 1, 1, 1, 1, 1, 1, 1, 1, 1, 2, 1,
       1, 1, 1, 1, 1, 1, 2, 2, 1, 1, 1, 1, 1, 1, 1, 0, 1, 2, 1, 1, 1, 2,
       1, 1, 1, 1, 1, 1, 1, 1, 1, 1, 1, 1, 1, 1, 1, 1, 1, 1, 1, 1, 1, 1,
       2, 1, 1, 1, 1, 1, 1, 1, 2, 1, 1, 1, 1, 2, 2, 1, 1, 1, 1, 1, 1, 1,
       1, 1, 1, 1, 1, 1, 1, 1, 1, 1, 2, 2, 1, 1, 1, 1, 1, 2, 2, 1, 1, 1,
       1, 1, 1, 1, 2, 1, 1, 1, 1, 2, 1, 2, 1, 1, 2, 1, 1, 2, 1, 1, 1, 1,
       1, 2, 1, 2, 1, 1, 1, 1, 1, 1, 1, 1, 1, 1, 1, 1, 1, 2, 1, 1, 1, 1,
       1, 1, 1, 1, 1, 2, 1, 1, 1, 2, 1, 1, 1, 2, 2, 1, 1, 1, 1, 1, 1, 1,
       1, 0, 1, 1, 1, 1, 1, 1, 1, 1, 1, 1, 2, 1, 1, 0, 1, 2, 2, 1, 1, 2,
       1, 1, 2, 2, 1, 1, 1, 1, 1, 1, 1, 1, 1, 1, 1, 1, 1, 1, 1, 2, 1, 1,
       2, 1, 1, 1, 1, 1, 1, 1, 1, 1, 1, 1, 0, 1, 2, 2, 1, 1, 1, 2, 1, 1,
       1, 1, 2, 2, 1, 1, 2, 0, 1, 1, 1, 1, 1, 1, 1, 1, 0, 1, 1, 1, 2, 1,
       1, 1, 0, 1, 1, 1, 1, 2, 1, 1, 2, 1, 1, 1, 1, 1, 1, 1, 1, 1, 1, 1,
       1, 1, 1, 2, 1, 1, 1, 0, 1, 2, 1, 1, 2, 1, 1, 1, 1, 1, 1, 1, 1, 2,
       1, 1, 1, 1, 1, 1, 1, 1, 1, 2, 1, 1, 1, 1, 2, 1, 1, 1, 1, 1, 1, 1,
       1, 1, 1, 1, 1, 1, 1, 1, 1, 1, 1, 1, 1, 1, 1, 1, 0, 1, 1, 1, 1, 1,
       1, 1, 1, 1, 1]), 'time': 90.9969744682312}
lenSubsequence: 27{'RI': 0.4997922185860475, 'num_clusters': 4, 'uShapelets': [{'ts_index': 112, 'loc': 19, 'gap': 0.023712857582532942, 'distances': array([0.19087321, 0.21160294, 0.17232861, 0.27149373, 0.24757262,
       0.25896491, 0.1967465 , 0.1995385 , 0.27029815, 0.21557514,
       0.26578328, 0.24924337, 0.26637676, 0.22004767, 0.26516483,
       0.2121909 , 0.22110953, 0.20998631, 0.24639696, 0.21349418,
       0.24409607, 0.26762415, 0.21445841, 0.23287843, 0.2295283 ,
       0.2728432 , 0.1914482 , 0.27344737, 0.25931744, 0.20890099,
       0.22100525, 0.30674176, 0.26068578, 0.31230255, 0.17821808,
       0.18680788, 0.19645243, 0.20358043, 0.262157  , 0.32168881,
       0.25229682, 0.25089527, 0.28869478, 0.22806154, 0.26305896,
       0.29613393, 0.2551477 , 0.28305616, 0.29433308, 0.25749558,
       0.30371997, 0.16259318, 0.1805341 , 0.20169678, 0.2257291 ,
       0.2163501 , 0.19432672, 0.24302854, 0.30316579, 0.23639798,
       0.27131877, 0.21360067, 0.17229655, 0.33719627, 0.17862713,
       0.18240963, 0.2349685 , 0.24803319, 0.26968814, 0.21398566,
       0.2346632 , 0.1713306 , 0.24132679, 0.26840477, 0.22529956,
       0.26258413, 0.22849648, 0.20528619, 0.26673643, 0.28036993,
       0.22206385, 0.24911917, 0.21476512, 0.24641372, 0.19402213,
       0.2152141 , 0.25169232, 0.31277372, 0.21775579, 0.1985102 ,
       0.26143011, 0.20199187, 0.2056875 , 0.2184898 , 0.25666898,
       0.25732796, 0.28541   , 0.17691349, 0.30884196, 0.23298653,
       0.17952874, 0.18626925, 0.22909027, 0.21896366, 0.23815187,
       0.26011525, 0.21719037, 0.19180282, 0.20839847, 0.24254607,
       0.2685747 , 0.25625848, 0.        , 0.26845832, 0.23976133,
       0.27776164, 0.26583488, 0.17725522, 0.1954411 , 0.20399055,
       0.19864256, 0.24552102, 0.2674645 , 0.22560636, 0.25616052,
       0.26770374, 0.22535427, 0.22103743, 0.22930585, 0.23086808,
       0.19964477, 0.29867027, 0.21973209, 0.18833255, 0.29956654,
       0.19848966, 0.19186486, 0.22960295, 0.24221534, 0.18432591,
       0.20405103, 0.21815812, 0.1993968 , 0.21223416, 0.21199819,
       0.26246391, 0.24306558, 0.24071708, 0.18866711, 0.18739994,
       0.13675971, 0.24504282, 0.26365381, 0.20742463, 0.29138377,
       0.22698998, 0.25238854, 0.27607696, 0.21449858, 0.22618861,
       0.28372397, 0.30636398, 0.21351753, 0.20997176, 0.23164708,
       0.21140552, 0.24615415, 0.31517582, 0.21201351, 0.25249769,
       0.30879044, 0.21019604, 0.24687291, 0.20974449, 0.19536814,
       0.27371953, 0.29057409, 0.23478783, 0.17754185, 0.242283  ,
       0.28899288, 0.25280002, 0.28844664, 0.18239437, 0.27691107,
       0.22982644, 0.219233  , 0.27365257, 0.18808993, 0.26493866,
       0.22632466, 0.22303794, 0.29689529, 0.26962283, 0.30551047,
       0.27489895, 0.23361094, 0.22862301, 0.18771209, 0.28058875,
       0.28513625, 0.26221115, 0.24967057, 0.24125327, 0.26952708,
       0.24406701, 0.25650264, 0.29202209, 0.19710848, 0.20733675,
       0.17156388, 0.18012181, 0.21546126, 0.25710538, 0.208629  ,
       0.31848253, 0.23437538, 0.21395614, 0.23760944, 0.21111361,
       0.1889173 , 0.20198713, 0.26487976, 0.204131  , 0.31070224,
       0.30052434, 0.2958733 , 0.2879854 , 0.20938182, 0.24914019,
       0.26035241, 0.21303836, 0.25278903, 0.30734591, 0.26016012,
       0.20840478, 0.26075011, 0.28449346, 0.29973298, 0.23504329,
       0.21836514, 0.33255027, 0.22990394, 0.29266474, 0.2111086 ,
       0.20953273, 0.24715925, 0.25495748, 0.21253947, 0.20866431,
       0.27593227, 0.16538537, 0.22082989, 0.28419644, 0.28126389,
       0.24886844, 0.24986493, 0.22972076, 0.27309521, 0.2368807 ,
       0.18999891, 0.26118599, 0.29265505, 0.2733768 , 0.25980298,
       0.27262197, 0.21992106, 0.20097599, 0.26076882, 0.26056266,
       0.21198321, 0.22208967, 0.26292462, 0.2150366 , 0.17094349,
       0.24360916, 0.24321418, 0.23397627, 0.28279595, 0.1684223 ,
       0.23267433, 0.20723546, 0.25327872, 0.24660215, 0.25607821,
       0.24368062, 0.22153931, 0.24319587, 0.232041  , 0.23491476,
       0.26758657, 0.22479711, 0.27848075, 0.32002468, 0.19722859,
       0.19581288, 0.2265167 , 0.17543374, 0.23838529, 0.26062608,
       0.27333672, 0.28163592, 0.25010858, 0.30349379, 0.24752457,
       0.21760647, 0.2487922 , 0.28654375, 0.20969987, 0.22380349,
       0.22765944, 0.24305495, 0.23420732, 0.21920388, 0.24698432,
       0.30076854, 0.21903298, 0.28660029, 0.22422151, 0.24648168,
       0.20680243, 0.26126791, 0.18170088, 0.21170699, 0.20501279,
       0.24480639, 0.23624401, 0.23686798, 0.20762711, 0.24576159,
       0.2588588 , 0.22805963, 0.25503043, 0.25203615, 0.22961594,
       0.19778595, 0.28172368, 0.2112909 , 0.24243122, 0.25557365,
       0.18879709, 0.26199497, 0.21468793, 0.21489289, 0.27316156,
       0.24788029, 0.23592143, 0.18600331, 0.20474037, 0.21178558,
       0.20822884, 0.17396347, 0.19090407, 0.20527684, 0.23224576,
       0.25838544, 0.23013484, 0.21523272, 0.22487354, 0.26239855,
       0.19600182, 0.23825445, 0.25230537, 0.27290537, 0.22235525,
       0.22846754, 0.19866223, 0.15547388, 0.23049398, 0.31333792,
       0.26709356, 0.27290125, 0.24453877, 0.22415321, 0.2318583 ,
       0.18395156, 0.19945801, 0.26322786, 0.28092939, 0.31439442,
       0.17165657, 0.19197018, 0.22915935, 0.29775909, 0.22262711,
       0.28073785, 0.22554992, 0.22253149, 0.22338245, 0.25296991,
       0.25490892, 0.28982275, 0.30962206, 0.24891987, 0.16764272,
       0.23366218, 0.28879693, 0.32032448, 0.21111296, 0.27556269,
       0.19975813, 0.18295435, 0.20454903, 0.24328086, 0.28607773,
       0.20144336, 0.26773791, 0.22515163, 0.24370456, 0.22950222,
       0.19254488, 0.25775338, 0.29869892, 0.22655201, 0.19203552,
       0.26489169, 0.23117703, 0.2085896 , 0.17812124, 0.22323153,
       0.25765996, 0.24613547, 0.19135038, 0.28608513, 0.24415362,
       0.21006079, 0.23881534, 0.27945897, 0.26261029, 0.22863481,
       0.21589961, 0.28347473, 0.32126888, 0.20674102, 0.19844097,
       0.18548632, 0.14548313, 0.20912024, 0.23091151, 0.1953139 ,
       0.20568462, 0.26445743, 0.22427002, 0.28550295, 0.19353231,
       0.20243655, 0.27427983, 0.20696008, 0.25630334, 0.17257728,
       0.21579788, 0.21851142, 0.23379489, 0.22587302, 0.18928603,
       0.33643044, 0.2019937 , 0.29747543, 0.28633254, 0.17582103,
       0.25980315, 0.30316607, 0.19782002, 0.23864702, 0.27028541,
       0.28902785, 0.22873024, 0.26165   , 0.31385413, 0.22457546,
       0.2742195 , 0.21823673, 0.20169399, 0.23937257, 0.21119011,
       0.2548164 , 0.25289979, 0.25568677, 0.24550938, 0.20941596,
       0.18969371, 0.25127237, 0.19590899, 0.17647359, 0.30853451,
       0.30324968, 0.20553714, 0.27506104, 0.23881566, 0.25084048,
       0.21284818, 0.18706569, 0.22938176, 0.18888638, 0.27646116,
       0.25655099, 0.27889915, 0.2344878 , 0.28339778, 0.30529241,
       0.18570747, 0.1850984 , 0.19490865, 0.28700912, 0.25193499,
       0.20364725, 0.19702699, 0.22261174, 0.30201834, 0.27580792,
       0.23328057, 0.17710201, 0.30162723, 0.27243796, 0.19913286,
       0.19166155, 0.20571509, 0.1938344 , 0.23383814, 0.26750216,
       0.18255999, 0.23837561, 0.35741316, 0.21262316, 0.17829038,
       0.19809292, 0.28397447, 0.16658354, 0.21391169, 0.25780586,
       0.25377805, 0.25400829, 0.27545107, 0.1800005 , 0.25581491,
       0.30307119, 0.26880594, 0.28691062, 0.30294387, 0.27126917,
       0.15458749, 0.24571537, 0.26961635, 0.21406154, 0.1937813 ,
       0.20067137, 0.21778296, 0.19399087, 0.24200828, 0.20901281,
       0.23536101, 0.25295103, 0.26175168, 0.24312779, 0.240037  ,
       0.21636822, 0.19577498, 0.24968274, 0.21487989, 0.30186146,
       0.25574943, 0.19647797, 0.36428128, 0.19544725, 0.21203628,
       0.23219013, 0.193873  , 0.21693719, 0.15155551, 0.27346961,
       0.25127088, 0.23449377, 0.25799554, 0.22948034, 0.24891066,
       0.25926051, 0.23399674, 0.25212547, 0.19868136, 0.25543964,
       0.29459681, 0.29276267, 0.23842421, 0.22011101, 0.25716059,
       0.27851293, 0.27029539, 0.21590413, 0.26582627, 0.18961914,
       0.18215656, 0.22149613, 0.25486936, 0.22159986, 0.2445877 ,
       0.25358262, 0.24037375, 0.25709755, 0.2027234 , 0.19070255,
       0.21965752, 0.19799425, 0.29761354, 0.24465364, 0.25630331,
       0.24061229, 0.23917463, 0.26887959, 0.26214382, 0.20599692,
       0.33539116, 0.21315195, 0.28457003, 0.21326059, 0.20417982,
       0.20721005, 0.20793509, 0.22559202, 0.19535565, 0.21819249,
       0.26213154]), 'delta_distances': array([0., 0., 0., 0., 0., 0., 0., 0., 0., 0., 0., 0., 0., 0., 0., 0., 0.,
       0., 0., 0., 0., 0., 0., 0., 0., 0., 0., 0., 0., 0., 0., 0., 0., 0.,
       0., 0., 0., 0., 0., 0., 0., 0., 0., 0., 0., 0., 0., 0., 0., 0., 0.,
       0., 0., 0., 0., 0., 0., 0., 0., 0., 0., 0., 0., 0., 0., 0., 0., 0.,
       0., 0., 0., 0., 0., 0., 0., 0., 0., 0., 0., 0., 0., 0., 0., 0., 0.,
       0., 0., 0., 0., 0., 0., 0., 0., 0., 0., 0., 0., 0., 0., 0., 0., 0.,
       0., 0., 0., 0., 0., 0., 0., 0., 0., 0., 0., 0., 0., 0., 0., 0., 0.,
       0., 0., 0., 0., 0., 0., 0., 0., 0., 0., 0., 0., 0., 0., 0., 0., 0.,
       0., 0., 0., 0., 0., 0., 0., 0., 0., 0., 0., 0., 0., 0., 0., 0., 0.,
       0., 0., 0., 0., 0., 0., 0., 0., 0., 0., 0., 0., 0., 0., 0., 0., 0.,
       0., 0., 0., 0., 0., 0., 0., 0., 0., 0., 0., 0., 0., 0., 0., 0., 0.,
       0., 0., 0., 0., 0., 0., 0., 0., 0., 0., 0., 0., 0., 0., 0., 0., 0.,
       0., 0., 0., 0., 0., 0., 0., 0., 0., 0., 0., 0., 0., 0., 0., 0., 0.,
       0., 0., 0., 0., 0., 0., 0., 0., 0., 0., 0., 0., 0., 0., 0., 0., 0.,
       0., 0., 0., 0., 0., 0., 0., 0., 0., 0., 0., 0., 0., 0., 0., 0., 0.,
       0., 0., 0., 0., 0., 0., 0., 0., 0., 0., 0., 0., 0., 0., 0., 0., 0.,
       0., 0., 0., 0., 0., 0., 0., 0., 0., 0., 0., 0., 0., 0., 0., 0., 0.,
       0., 0., 0., 0., 0., 0., 0., 0., 0., 0., 0., 0., 0., 0., 0., 0., 0.,
       0., 0., 0., 0., 0., 0., 0., 0., 0., 0., 0., 0., 0., 0., 0., 0., 0.,
       0., 0., 0., 0., 0., 0., 0., 0., 0., 0., 0., 0., 0., 0., 0., 0., 0.,
       0., 0., 0., 0., 0., 0., 0., 0., 0., 0., 0., 0., 0., 0., 0., 0., 0.,
       0., 0., 0., 0., 0., 0., 0., 0., 0., 0., 0., 0., 0., 0., 0., 0., 0.,
       0., 0., 0., 0., 0., 0., 0., 0., 0., 0., 0., 0., 0., 0., 0., 0., 0.,
       0., 0., 0., 0., 0., 0., 0., 0., 0., 0., 0., 0., 0., 0., 0., 0., 0.,
       0., 0., 0., 0., 0., 0., 0., 0., 0., 0., 0., 0., 0., 0., 0., 0., 0.,
       0., 0., 0., 0., 0., 0., 0., 0., 0., 0., 0., 0., 0., 0., 0., 0., 0.,
       0., 0., 0., 0., 0., 0., 0., 0., 0., 0., 0., 0., 0., 0., 0., 0., 0.,
       0., 0., 0., 0., 0., 0., 0., 0., 0., 0., 0., 0., 0., 0., 0., 0., 0.,
       0., 0., 0., 0., 0., 0., 0., 0., 0., 0., 0., 0., 0., 0., 0., 0., 0.,
       0., 0., 0., 0., 0., 0., 0., 0., 0., 0., 0., 0., 0., 0., 0., 0., 0.,
       0., 0., 0., 0., 0., 0., 0., 0., 0., 0., 0., 0., 0., 0., 0., 0., 0.,
       0., 0., 0., 0., 0., 0., 0., 0., 0., 0., 0., 0., 0., 0., 0., 0., 0.,
       0., 0., 0., 0., 0., 0., 0., 0., 0., 0., 0., 0., 0., 0., 0., 0., 0.,
       0., 0., 0., 0., 0., 0., 0., 0., 0., 0., 0., 0., 0., 0., 0., 0., 0.,
       0., 0., 0., 0., 0., 0., 0., 0., 0., 0., 0., 0., 0., 0., 0., 0., 0.,
       0., 0., 0., 0., 0., 0., 0., 0., 0., 0., 0., 0., 0., 0., 0., 0., 0.,
       0., 0., 0., 0., 0., 0., 0., 0., 0.]), 'locations': array([16, 19, 20, 18,  9,  7, 14, 17, 15, 18, 21, 19,  6, 15, 17, 16, 19,
       18, 18, 14,  6,  1, 22,  5, 17, 11, 15,  4, 18, 15, 18, 17, 16, 25,
       19, 18, 19, 15, 17, 10, 10, 14,  3, 20, 16, 17, 19, 18, 42, 19, 20,
       15, 17, 19, 16, 13, 16, 15,  3, 17, 21, 15, 19, 18, 15, 17, 15, 19,
        4, 10, 21, 17, 19, 20, 19,  9, 15, 19, 18,  9, 18, 20, 16, 15, 18,
       18, 19,  9, 17, 19, 21, 21, 19, 17, 19, 19, 17, 16, 40, 19, 18, 20,
       16, 20, 22,  5, 12, 18, 14, 16, 18, 18, 19,  4, 18, 18,  8, 19, 16,
       17, 17, 13, 15, 20,  5, 19, 19, 16, 13, 20, 18, 20, 18, 17,  5, 16,
       21, 14, 16, 17, 16, 18, 19, 15, 16,  7, 17, 19, 17, 20, 18,  9, 18,
       18,  8, 18, 17, 16, 20, 18, 12,  4, 19, 22, 17, 17, 14, 14, 19, 10,
       14, 15, 16, 19, 18, 18,  5, 20, 20, 19, 10, 17, 10, 18, 20, 19, 17,
       13, 17,  8, 17, 18, 23,  5, 42, 18, 17, 22, 19, 21,  5, 15, 18, 14,
       19, 15, 19, 20, 20, 20, 17, 19, 17, 20, 14, 19, 13, 20, 19, 18, 20,
       17, 19, 18, 13, 19, 42, 20, 17, 20, 10, 20, 17, 17, 15, 17, 21, 14,
        4, 16, 14, 42, 16,  9, 18, 20, 19, 41, 22, 18, 19, 18, 20, 19, 18,
       17, 18, 15, 17, 18, 18, 21, 17, 19, 19, 15, 19, 20,  1, 22, 17,  9,
       18, 15, 18, 17, 18, 18, 22, 20, 14, 16, 16, 20, 19, 19, 20, 19, 17,
       21, 20, 20,  6, 17, 22, 19, 10, 16, 20, 21, 17,  2,  6, 16, 20, 13,
       17, 16, 17, 20, 17, 20, 15, 17, 13, 18, 17, 19, 15, 16, 17, 17, 20,
       14, 20, 19, 17, 21, 20, 15, 13, 20,  5, 10, 16, 18, 19, 17, 19, 16,
       20, 18, 15, 18, 15, 17, 20, 16, 18, 17, 19, 19, 15, 18, 18, 16, 22,
       19, 15, 15, 19, 19,  5,  7,  8, 20, 22, 20, 18,  4, 11, 18, 14, 12,
       14, 19, 20, 17,  7, 20, 18, 19, 18, 16, 16,  7,  2, 16, 18, 15, 18,
        5,  6, 17, 18, 18, 24, 16, 17,  7, 16, 16, 20, 20, 21, 19, 16, 14,
       20, 20, 17, 20, 10, 16, 20,  5, 20, 17, 19, 16, 20, 16, 16, 42, 16,
       16, 22, 16, 21, 14, 20, 20, 20, 19, 21, 19, 18, 15, 10, 12, 18, 19,
       18, 21, 17, 19,  6, 19, 14, 15, 21, 19, 17, 14, 20, 16, 18, 17, 20,
       18, 22, 16, 20, 19, 11, 19, 18, 19,  6, 17, 20, 20, 17, 20, 20, 14,
       14, 18, 18, 17, 18,  6, 20, 16, 11, 18, 17, 25, 17, 40, 14, 18, 17,
       16, 16, 21, 21, 16, 14, 15, 20, 20, 18, 21, 18, 20, 18, 21,  5, 21,
       20, 20, 13, 12, 19, 16, 19, 19, 16,  4, 20, 19, 10, 17, 20, 17, 12,
       15,  5,  4, 18, 22, 16, 18, 14,  6, 18, 20,  6, 15, 19, 19, 36, 10,
       19, 19, 20, 19, 20, 17, 16, 18, 17, 16, 18, 16, 19,  3, 20, 23, 10,
       18, 10, 20, 18, 19, 21, 12, 17, 19, 19, 17, 14, 18, 12, 19, 15, 16,
       18, 11, 16, 25, 20, 18, 19, 19, 10, 19, 16, 19, 19, 19, 18, 17,  3,
       20, 13,  5, 17, 19, 18, 18,  5, 19, 21, 20, 17, 15, 17, 18, 10, 21,
       21, 19, 18, 19, 19, 21, 18, 20, 18])}, {'ts_index': 200, 'loc': 19, 'gap': 0.01817030802835573, 'distances': array([0.24187378, 0.22275162, 0.35234363, 0.31686327, 0.28379705,
       0.3089177 , 0.23659287, 0.18901213, 0.23960658, 0.28752538,
       0.27676759, 0.32064088, 0.23997463, 0.2468278 , 0.31623015,
       0.22180633, 0.30912439, 0.24971943, 0.28625044, 0.30037303,
       0.26727984, 0.31993794, 0.26536782, 0.2211084 , 0.27720629,
       0.26643182, 0.27298176, 0.25636693, 0.25906911, 0.24901437,
       0.27589429, 0.        , 0.26216124, 0.2868669 , 0.27430614,
       0.30628667, 0.27206244, 0.27751883, 0.30179693, 0.33669282,
       0.34439047, 0.36037746, 0.31079538, 0.28190446, 0.3366333 ,
       0.29736285, 0.2244716 , 0.22644555, 0.28668848, 0.27633924,
       0.27442567, 0.29930167, 0.26766467, 0.24142977, 0.2254088 ,
       0.25348186, 0.18360086, 0.17835415, 0.25182599, 0.33353915,
       0.2785426 , 0.233731  , 0.25868407, 0.21557352, 0.29234545,
       0.28436497, 0.33400792, 0.26031322, 0.249716  , 0.31056492,
       0.31805805, 0.29800437, 0.2980589 , 0.34072617, 0.28748544,
       0.24013787, 0.22643496, 0.25428904, 0.22434766, 0.31489715,
       0.22094469, 0.26055358, 0.28398265, 0.21673222, 0.26861425,
       0.31687658, 0.25069319, 0.27113957, 0.25481476, 0.22176381,
       0.3281223 , 0.23469177, 0.27455268, 0.32732656, 0.27474118,
       0.28004055, 0.27143405, 0.31564937, 0.24104656, 0.21485537,
       0.25999672, 0.3056678 , 0.2395562 , 0.26431946]), 'delta_distances': array([0., 0., 0., 0., 0., 0., 0., 0., 0., 0., 0., 0., 0., 0., 0., 0., 0.,
       0., 0., 0., 0., 0., 0., 0., 0., 0., 0., 0., 0., 0., 0., 0., 0., 0.,
       0., 0., 0., 0., 0., 0., 0., 0., 0., 0., 0., 0., 0., 0., 0., 0., 0.,
       0., 0., 0., 0., 0., 0., 0., 0., 0., 0., 0., 0., 0., 0., 0., 0., 0.,
       0., 0., 0., 0., 0., 0., 0., 0., 0., 0., 0., 0., 0., 0., 0., 0., 0.,
       0., 0., 0., 0., 0., 0., 0., 0., 0., 0., 0., 0., 0., 0., 0., 0., 0.,
       0., 0.]), 'locations': array([25, 17, 21, 19, 17, 17, 25, 18, 20, 16, 25, 18, 34, 24, 15, 18, 19,
       16, 15, 19, 20, 13,  8, 20, 25, 26, 33, 20, 33, 25, 19, 19, 17, 18,
       14, 31, 18, 20, 29,  6,  9, 19, 18, 16,  9, 38, 17, 19, 25, 33, 15,
       10, 16, 34, 33, 13, 20, 20, 16, 16, 21, 20, 33, 19,  0, 17, 17, 27,
       17, 30, 14, 17, 21, 33, 21, 19, 32, 16, 19,  9, 18, 32, 34, 15, 33,
        9, 17, 22, 17, 32, 19, 20, 31, 14, 20, 18, 20, 19, 16, 19, 18, 20,
       17, 17])}, {'ts_index': 238, 'loc': 13, 'gap': 0.015317604339007806, 'distances': array([0.2177605 , 0.23237162, 0.21722034, 0.26937194, 0.22348285,
       0.20898951, 0.        , 0.28172641, 0.23495968, 0.16682281,
       0.20439289, 0.19904596, 0.29640316, 0.22920536, 0.23804378,
       0.29534512, 0.1805781 , 0.27266391]), 'delta_distances': array([0., 0., 0., 0., 0., 0., 0., 0., 0., 0., 0., 0., 0., 0., 0., 0., 0.,
       0.]), 'locations': array([12, 11, 11, 13, 13,  9, 13, 12, 10, 13, 12, 13, 10, 10, 10, 10, 13,
       13])}, {'ts_index': 522, 'loc': 37, 'gap': 0.02811490211899703, 'distances': array([0.39515738, 0.38957595, 0.35088596, 0.        , 0.33073835]), 'delta_distances': array([0., 0., 0., 0., 0.]), 'locations': array([ 3, 11, 40, 37, 34])}], 'clusters': array([1, 1, 1, 1, 1, 1, 1, 1, 1, 1, 1, 1, 1, 1, 1, 1, 1, 1, 1, 1, 1, 1,
       1, 1, 1, 1, 1, 1, 1, 1, 1, 2, 1, 2, 1, 1, 1, 1, 1, 3, 1, 1, 3, 1,
       1, 2, 1, 2, 2, 1, 2, 1, 1, 1, 1, 1, 1, 1, 2, 1, 1, 1, 1, 2, 1, 1,
       1, 1, 1, 1, 1, 1, 1, 1, 1, 1, 1, 1, 1, 2, 1, 1, 1, 1, 1, 1, 1, 3,
       1, 1, 1, 1, 1, 1, 1, 1, 2, 1, 2, 1, 1, 1, 1, 1, 1, 1, 1, 1, 1, 1,
       1, 1, 1, 1, 1, 0, 1, 1, 1, 1, 1, 1, 1, 1, 1, 1, 1, 1, 1, 1, 1, 2,
       1, 1, 2, 1, 1, 1, 1, 1, 1, 1, 1, 1, 1, 1, 1, 1, 1, 1, 1, 1, 1, 1,
       2, 1, 1, 2, 1, 1, 2, 2, 1, 1, 1, 1, 1, 3, 1, 1, 2, 1, 1, 1, 1, 1,
       2, 1, 1, 1, 2, 1, 2, 1, 2, 1, 1, 1, 1, 1, 1, 1, 2, 1, 2, 2, 1, 1,
       1, 2, 2, 1, 1, 1, 1, 1, 1, 2, 1, 1, 1, 1, 1, 1, 1, 2, 1, 1, 1, 1,
       1, 1, 1, 1, 2, 2, 2, 2, 1, 1, 1, 1, 1, 2, 1, 1, 1, 3, 3, 1, 1, 0,
       1, 2, 1, 1, 1, 1, 1, 1, 2, 1, 1, 3, 2, 1, 1, 1, 1, 1, 1, 1, 2, 1,
       1, 1, 1, 1, 1, 1, 1, 1, 1, 1, 1, 1, 1, 1, 2, 1, 1, 1, 1, 1, 1, 1,
       1, 1, 1, 1, 1, 1, 2, 2, 1, 1, 1, 1, 1, 1, 1, 2, 1, 2, 1, 1, 1, 2,
       1, 1, 1, 1, 1, 1, 1, 2, 1, 2, 1, 1, 1, 1, 1, 1, 1, 1, 1, 1, 1, 1,
       1, 1, 1, 1, 1, 1, 2, 1, 1, 1, 1, 1, 1, 1, 1, 1, 1, 1, 1, 1, 1, 1,
       1, 1, 1, 1, 1, 1, 1, 1, 1, 1, 1, 1, 1, 1, 1, 1, 1, 2, 1, 1, 1, 1,
       1, 1, 1, 1, 2, 2, 1, 1, 1, 3, 1, 2, 1, 1, 1, 1, 1, 2, 2, 1, 1, 1,
       2, 2, 1, 2, 1, 1, 1, 1, 3, 1, 1, 1, 1, 1, 1, 1, 2, 1, 1, 1, 1, 1,
       1, 1, 1, 1, 1, 2, 1, 1, 1, 2, 1, 1, 1, 3, 2, 1, 1, 1, 1, 1, 1, 1,
       1, 1, 1, 2, 1, 1, 1, 1, 1, 1, 1, 1, 1, 1, 1, 0, 1, 2, 2, 1, 1, 2,
       1, 1, 1, 2, 1, 1, 2, 1, 1, 1, 1, 1, 1, 1, 1, 1, 1, 1, 1, 1, 1, 1,
       3, 2, 1, 2, 1, 1, 1, 1, 1, 1, 2, 1, 2, 1, 2, 3, 1, 1, 1, 2, 1, 1,
       1, 1, 2, 2, 1, 1, 2, 1, 1, 1, 1, 1, 1, 1, 1, 1, 4, 1, 1, 1, 2, 1,
       1, 1, 1, 1, 2, 1, 1, 3, 1, 2, 2, 1, 1, 1, 1, 1, 1, 1, 1, 1, 1, 1,
       1, 1, 1, 1, 1, 1, 1, 1, 1, 2, 1, 1, 4, 1, 1, 1, 1, 1, 1, 1, 1, 1,
       1, 1, 1, 1, 1, 1, 1, 1, 2, 2, 1, 1, 1, 2, 1, 1, 1, 1, 1, 1, 1, 1,
       1, 1, 1, 1, 1, 1, 1, 1, 2, 1, 1, 1, 1, 1, 1, 1, 2, 1, 2, 1, 1, 1,
       1, 1, 1, 1, 1]), 'time': 84.19319295883179}
lenSubsequence: 29{'RI': 0.4980520492441951, 'num_clusters': 3, 'uShapelets': [{'ts_index': 340, 'loc': 30, 'gap': 0.024349210397122678, 'distances': array([0.24986611, 0.30227888, 0.18688093, 0.26275163, 0.27071341,
       0.28362164, 0.20238739, 0.28389961, 0.27364241, 0.24315687,
       0.2994207 , 0.21505442, 0.25455095, 0.22182468, 0.27826765,
       0.2242261 , 0.24607774, 0.23298382, 0.2478983 , 0.25334254,
       0.22969992, 0.23681073, 0.2616847 , 0.21267094, 0.2188232 ,
       0.25502297, 0.21907536, 0.30074372, 0.23085197, 0.17266676,
       0.21687598, 0.2747341 , 0.29568087, 0.29139876, 0.17481185,
       0.210984  , 0.27360064, 0.22296159, 0.32208317, 0.33498912,
       0.25587983, 0.24779295, 0.31483544, 0.21284569, 0.25109904,
       0.30959585, 0.27658539, 0.24325206, 0.27059736, 0.24147654,
       0.28080747, 0.24542065, 0.22796221, 0.24944561, 0.24240312,
       0.23516213, 0.23825307, 0.27630186, 0.31207074, 0.31276765,
       0.21374804, 0.2432332 , 0.30120042, 0.3057862 , 0.21227132,
       0.2054853 , 0.25024247, 0.25851437, 0.28468284, 0.19162166,
       0.27271005, 0.23842781, 0.20249131, 0.23544741, 0.2791783 ,
       0.27395905, 0.23174185, 0.22174953, 0.226777  , 0.27717982,
       0.32185479, 0.26953048, 0.25741764, 0.21890012, 0.22676215,
       0.23508191, 0.26659589, 0.33684564, 0.20572833, 0.21776631,
       0.27777724, 0.20748786, 0.2192954 , 0.19191662, 0.2543817 ,
       0.31330723, 0.29867937, 0.26237367, 0.26963192, 0.19480945,
       0.22999342, 0.18291516, 0.26413801, 0.20329402, 0.22288314,
       0.27966518, 0.2448894 , 0.22677816, 0.241667  , 0.18790676,
       0.23948556, 0.27858168, 0.19901261, 0.2824487 , 0.2502492 ,
       0.26348974, 0.22521595, 0.22961734, 0.2214118 , 0.22110138,
       0.21150726, 0.33045812, 0.31391018, 0.33638684, 0.31427935,
       0.2781712 , 0.26171655, 0.25761362, 0.26819932, 0.22909407,
       0.24553003, 0.24497536, 0.24645984, 0.26972698, 0.26677355,
       0.18331053, 0.23213133, 0.25469997, 0.28265677, 0.22018865,
       0.25340478, 0.23889607, 0.2711836 , 0.29939002, 0.31210476,
       0.26721429, 0.28572466, 0.20017338, 0.16475186, 0.22766693,
       0.23835187, 0.25412762, 0.22620945, 0.31642062, 0.29897781,
       0.24795174, 0.23183163, 0.2216791 , 0.22070399, 0.21165769,
       0.29469033, 0.28428165, 0.30572541, 0.268053  , 0.25936122,
       0.18919368, 0.2821868 , 0.34650457, 0.30108438, 0.21145682,
       0.29227083, 0.28154393, 0.20293463, 0.26502808, 0.21532165,
       0.33179038, 0.28486693, 0.17620241, 0.24795904, 0.19878065,
       0.31011116, 0.24980443, 0.23153778, 0.19267624, 0.23614142,
       0.24885396, 0.20216322, 0.29902074, 0.22845884, 0.26935967,
       0.2356169 , 0.22453262, 0.27554031, 0.26619498, 0.26378357,
       0.22038211, 0.28779877, 0.22363053, 0.18353181, 0.2623511 ,
       0.27524873, 0.26407286, 0.22854877, 0.22858951, 0.2600955 ,
       0.22597318, 0.22337113, 0.24734013, 0.17526457, 0.2102353 ,
       0.2193119 , 0.22655558, 0.27472172, 0.24518989, 0.22899681,
       0.2674144 , 0.22554601, 0.2686974 , 0.26149322, 0.2204198 ,
       0.2136679 , 0.2085567 , 0.26842692, 0.18981297, 0.30132222,
       0.25711179, 0.26379048, 0.26091552, 0.19770168, 0.24281213,
       0.28093501, 0.22871594, 0.26165896, 0.27738002, 0.28299225,
       0.20084186, 0.26250359, 0.30421235, 0.33238999, 0.23331138,
       0.28808404, 0.31355454, 0.28679682, 0.26877366, 0.26247134,
       0.23372067, 0.26010478, 0.27458969, 0.25179584, 0.24289613,
       0.30072177, 0.21273628, 0.28080643, 0.2638177 , 0.30081837,
       0.28760926, 0.24163751, 0.30669321, 0.32934077, 0.2882242 ,
       0.23944292, 0.30628688, 0.27090564, 0.22828432, 0.22050658,
       0.30101036, 0.20302173, 0.16191781, 0.27814025, 0.28656065,
       0.25307889, 0.25664858, 0.24110863, 0.25262824, 0.21836677,
       0.21693139, 0.26360959, 0.22133857, 0.23561889, 0.1938942 ,
       0.280092  , 0.22355323, 0.23784262, 0.25855868, 0.25289099,
       0.26154345, 0.22151227, 0.25118419, 0.21086246, 0.24150429,
       0.23317584, 0.2281118 , 0.30280886, 0.29098071, 0.21868338,
       0.20962218, 0.33461059, 0.32400022, 0.23566045, 0.27020309,
       0.25327203, 0.26599223, 0.24921691, 0.32329365, 0.2249781 ,
       0.26447708, 0.22820283, 0.23734592, 0.27858772, 0.2735454 ,
       0.23492181, 0.27151702, 0.24894332, 0.24075394, 0.33172906,
       0.27107195, 0.24869342, 0.2400615 , 0.21424748, 0.31403201,
       0.17704349, 0.19559715, 0.20120657, 0.25786971, 0.1963192 ,
       0.23441579, 0.23406353, 0.20182799, 0.20533498, 0.26201923,
       0.33551842, 0.25638678, 0.24682451, 0.2868044 , 0.26457603,
       0.26029493, 0.30083334, 0.23542541, 0.282172  , 0.23370057,
       0.        , 0.28801701, 0.25303597, 0.22702608, 0.29328587,
       0.24658973, 0.24906575, 0.32291351, 0.21066731, 0.20832701,
       0.16260963, 0.22179592, 0.22602118, 0.20965873, 0.24477243,
       0.25487258, 0.27213721, 0.21815284, 0.20194448, 0.29649361,
       0.21973092, 0.19928206, 0.28884018, 0.27328057, 0.27553137,
       0.22119792, 0.19553324, 0.21215437, 0.22692057, 0.29285299,
       0.27336139, 0.22769058, 0.29844736, 0.3028497 , 0.24750683,
       0.21503918, 0.19710825, 0.30303844, 0.24466542, 0.28187473,
       0.28730704, 0.19095375, 0.29467763, 0.34268911, 0.27530821,
       0.33913229, 0.26870594, 0.19866479, 0.23077072, 0.26262985,
       0.23209223, 0.29501073, 0.25300706, 0.26093398, 0.19636745,
       0.25833342, 0.28251012, 0.31748546, 0.28212935, 0.32406997,
       0.24137956, 0.28977584, 0.22943315, 0.25202414, 0.22942397,
       0.21164156, 0.25005191, 0.36042388, 0.23813121, 0.21921697,
       0.25594827, 0.24289704, 0.28672971, 0.24273162, 0.24443345,
       0.24860995, 0.20372943, 0.22122366, 0.22956659, 0.18986301,
       0.30973229, 0.25100759, 0.15918486, 0.28643436, 0.30888143,
       0.2271968 , 0.291129  , 0.30013   , 0.28449212, 0.34725545,
       0.25353591, 0.25356104, 0.23993462, 0.28650447, 0.20460178,
       0.18150059, 0.14086534, 0.27737059, 0.26380494, 0.25393193,
       0.20713973, 0.23431793, 0.18560812, 0.3212615 , 0.2075751 ,
       0.18171123, 0.31073672, 0.29447463, 0.2656043 , 0.22909699,
       0.20305165, 0.21895164, 0.29397844, 0.24811087, 0.18940152,
       0.30154917, 0.19695209, 0.27869476, 0.25622238, 0.23794714,
       0.28691052, 0.24443176, 0.21900262, 0.20685266, 0.28145916,
       0.30332789, 0.20110909, 0.22081185, 0.26933726, 0.26474802,
       0.27613487, 0.24715794, 0.21699838, 0.21950873, 0.22476092,
       0.25868907, 0.25575242, 0.22980238, 0.22834323, 0.1685263 ,
       0.21431206, 0.31208145, 0.23295677, 0.26701431, 0.34945678,
       0.28347185, 0.22227834, 0.27702893, 0.22422118, 0.25849356,
       0.25114254, 0.24096331, 0.22683971, 0.21573729, 0.22518643,
       0.22686905, 0.30552221, 0.32456236, 0.29238081, 0.32875615,
       0.23481717, 0.2052374 , 0.22228488, 0.25991786, 0.25913662,
       0.28526757, 0.22491964, 0.20444158, 0.25920121, 0.28602628,
       0.30342446, 0.26818865, 0.28091589, 0.27776231, 0.21889473,
       0.21408248, 0.28650886, 0.27718893, 0.29811167, 0.24661407,
       0.216813  , 0.22070095, 0.33086786, 0.29617897, 0.22548576,
       0.19482156, 0.27984732, 0.225698  , 0.24806906, 0.3007291 ,
       0.28694462, 0.25669722, 0.28998988, 0.26079392, 0.23848827,
       0.29328391, 0.30080526, 0.24402702, 0.29950757, 0.24036229,
       0.19190309, 0.27977539, 0.27557727, 0.23446351, 0.21856743,
       0.23616703, 0.28376396, 0.22028812, 0.24172427, 0.19287318,
       0.30713487, 0.23863727, 0.25884675, 0.23603675, 0.20457306,
       0.24394095, 0.22493466, 0.25616985, 0.17464078, 0.31199857,
       0.22655084, 0.20157613, 0.29110965, 0.23284998, 0.22003209,
       0.27826382, 0.27740555, 0.2867227 , 0.21682215, 0.1689458 ,
       0.18317193, 0.30087506, 0.26623773, 0.19761567, 0.25882305,
       0.22184114, 0.34892769, 0.25723409, 0.24971853, 0.27108656,
       0.30797245, 0.2986142 , 0.20038464, 0.25572609, 0.22646608,
       0.29699854, 0.31329588, 0.22636724, 0.24486263, 0.19311019,
       0.16349473, 0.23822844, 0.25483585, 0.29605722, 0.25032332,
       0.20662044, 0.26275128, 0.27340658, 0.25821863, 0.26659559,
       0.24957713, 0.17548002, 0.2960301 , 0.23629179, 0.25484547,
       0.29217964, 0.18848915, 0.27489452, 0.20568413, 0.21041809,
       0.31279296, 0.25989625, 0.25641074, 0.20833185, 0.20209255,
       0.24583847, 0.25972901, 0.23039952, 0.20912832, 0.24367583,
       0.30743124]), 'delta_distances': array([0., 0., 0., 0., 0., 0., 0., 0., 0., 0., 0., 0., 0., 0., 0., 0., 0.,
       0., 0., 0., 0., 0., 0., 0., 0., 0., 0., 0., 0., 0., 0., 0., 0., 0.,
       0., 0., 0., 0., 0., 0., 0., 0., 0., 0., 0., 0., 0., 0., 0., 0., 0.,
       0., 0., 0., 0., 0., 0., 0., 0., 0., 0., 0., 0., 0., 0., 0., 0., 0.,
       0., 0., 0., 0., 0., 0., 0., 0., 0., 0., 0., 0., 0., 0., 0., 0., 0.,
       0., 0., 0., 0., 0., 0., 0., 0., 0., 0., 0., 0., 0., 0., 0., 0., 0.,
       0., 0., 0., 0., 0., 0., 0., 0., 0., 0., 0., 0., 0., 0., 0., 0., 0.,
       0., 0., 0., 0., 0., 0., 0., 0., 0., 0., 0., 0., 0., 0., 0., 0., 0.,
       0., 0., 0., 0., 0., 0., 0., 0., 0., 0., 0., 0., 0., 0., 0., 0., 0.,
       0., 0., 0., 0., 0., 0., 0., 0., 0., 0., 0., 0., 0., 0., 0., 0., 0.,
       0., 0., 0., 0., 0., 0., 0., 0., 0., 0., 0., 0., 0., 0., 0., 0., 0.,
       0., 0., 0., 0., 0., 0., 0., 0., 0., 0., 0., 0., 0., 0., 0., 0., 0.,
       0., 0., 0., 0., 0., 0., 0., 0., 0., 0., 0., 0., 0., 0., 0., 0., 0.,
       0., 0., 0., 0., 0., 0., 0., 0., 0., 0., 0., 0., 0., 0., 0., 0., 0.,
       0., 0., 0., 0., 0., 0., 0., 0., 0., 0., 0., 0., 0., 0., 0., 0., 0.,
       0., 0., 0., 0., 0., 0., 0., 0., 0., 0., 0., 0., 0., 0., 0., 0., 0.,
       0., 0., 0., 0., 0., 0., 0., 0., 0., 0., 0., 0., 0., 0., 0., 0., 0.,
       0., 0., 0., 0., 0., 0., 0., 0., 0., 0., 0., 0., 0., 0., 0., 0., 0.,
       0., 0., 0., 0., 0., 0., 0., 0., 0., 0., 0., 0., 0., 0., 0., 0., 0.,
       0., 0., 0., 0., 0., 0., 0., 0., 0., 0., 0., 0., 0., 0., 0., 0., 0.,
       0., 0., 0., 0., 0., 0., 0., 0., 0., 0., 0., 0., 0., 0., 0., 0., 0.,
       0., 0., 0., 0., 0., 0., 0., 0., 0., 0., 0., 0., 0., 0., 0., 0., 0.,
       0., 0., 0., 0., 0., 0., 0., 0., 0., 0., 0., 0., 0., 0., 0., 0., 0.,
       0., 0., 0., 0., 0., 0., 0., 0., 0., 0., 0., 0., 0., 0., 0., 0., 0.,
       0., 0., 0., 0., 0., 0., 0., 0., 0., 0., 0., 0., 0., 0., 0., 0., 0.,
       0., 0., 0., 0., 0., 0., 0., 0., 0., 0., 0., 0., 0., 0., 0., 0., 0.,
       0., 0., 0., 0., 0., 0., 0., 0., 0., 0., 0., 0., 0., 0., 0., 0., 0.,
       0., 0., 0., 0., 0., 0., 0., 0., 0., 0., 0., 0., 0., 0., 0., 0., 0.,
       0., 0., 0., 0., 0., 0., 0., 0., 0., 0., 0., 0., 0., 0., 0., 0., 0.,
       0., 0., 0., 0., 0., 0., 0., 0., 0., 0., 0., 0., 0., 0., 0., 0., 0.,
       0., 0., 0., 0., 0., 0., 0., 0., 0., 0., 0., 0., 0., 0., 0., 0., 0.,
       0., 0., 0., 0., 0., 0., 0., 0., 0., 0., 0., 0., 0., 0., 0., 0., 0.,
       0., 0., 0., 0., 0., 0., 0., 0., 0., 0., 0., 0., 0., 0., 0., 0., 0.,
       0., 0., 0., 0., 0., 0., 0., 0., 0., 0., 0., 0., 0., 0., 0., 0., 0.,
       0., 0., 0., 0., 0., 0., 0., 0., 0., 0., 0., 0., 0., 0., 0., 0., 0.,
       0., 0., 0., 0., 0., 0., 0., 0., 0., 0., 0., 0., 0., 0., 0., 0., 0.,
       0., 0., 0., 0., 0., 0., 0., 0., 0.]), 'locations': array([30, 30, 29, 26, 25, 16, 31, 24,  9, 28, 21, 29, 29, 27, 27, 26, 28,
       30, 29, 30, 14, 31, 31, 27, 27, 26, 26, 30, 27, 25, 28,  9,  9, 16,
       27, 27, 26, 26, 27, 25, 27, 24, 11, 29, 24, 10, 29, 28, 28, 29, 19,
       28, 26, 29, 26, 30, 28, 27, 22, 27, 29, 28, 27, 14, 27, 27, 23, 30,
       28, 28, 32, 28, 27, 29, 30, 16, 25, 28, 27, 19, 28, 29, 23, 25, 25,
       29, 29, 31, 27, 29, 28, 30, 27, 29, 28, 29, 22, 30, 20, 28, 29, 29,
       25, 30, 30, 25, 30, 28, 24, 27, 28, 29, 29, 13, 29, 32, 24, 28, 27,
       27, 27, 27, 23, 28,  8, 30, 30, 24, 31, 29, 30, 28, 27, 31, 28, 25,
       29, 23, 25, 28, 30, 28, 30, 10,  5, 28, 32, 29, 28, 29, 29, 28, 32,
       29, 11, 29, 27, 29, 30, 27, 20, 12, 29, 31, 27, 27, 22, 10, 29, 28,
        9, 28, 27, 30, 26, 10, 10, 29, 29, 29,  7, 27, 27, 28, 28, 29, 27,
        8, 29, 25, 31, 29, 29, 13, 27, 28, 27, 29, 29, 29, 12, 23, 28, 23,
       27, 25, 29, 14, 28, 29, 27, 28, 26, 29, 24, 29, 27, 29, 26, 26, 31,
       26, 28, 28,  7, 26, 29, 29, 27, 29, 15, 29, 27, 25, 25, 29, 32, 30,
       26, 26, 28, 28, 35, 27, 25, 30, 14, 31, 32, 28, 29, 28, 25, 27, 29,
        9, 26, 28,  9, 34, 27, 28, 10, 26, 29, 15, 29, 30, 24, 17, 22, 17,
       26, 24, 32, 27, 27, 28, 14, 30, 23, 28, 25, 25, 27, 26, 29, 29, 27,
       30, 30, 29, 12, 26, 30, 29, 29, 36, 29, 16, 29, 17, 18,  8, 30, 22,
       28, 27, 27, 31, 29, 28, 26, 29,  9, 27, 26, 29, 25, 32, 29, 27, 29,
       28, 30, 27, 26, 29, 28, 30, 16, 27, 24,  6, 28, 29, 32, 29, 30, 26,
       30, 28, 29, 28, 36, 22, 29, 24, 25, 31, 29, 27, 27, 29, 27, 23, 17,
       28, 25, 25, 29, 29, 10, 26, 30, 30, 30, 27, 26, 22, 28, 29, 24, 27,
       32, 29, 29, 28, 21, 11, 29, 29, 13, 11, 29, 17, 12, 29, 25, 28, 29,
       13, 11, 26, 26, 27, 20, 11, 28, 15, 27, 29, 29, 32, 28, 28, 10,  9,
       30, 30, 29, 30, 28, 24, 30, 14, 27, 27, 29, 28, 26, 27, 26, 19, 29,
       29, 29, 30, 35, 27, 31, 27, 29, 29, 30, 26, 28, 29, 14, 30, 28, 30,
       29, 19, 27, 29,  6, 27, 28, 27, 30, 27, 32, 29, 29, 27, 28, 24, 30,
       28, 32, 21, 30, 27, 20, 29, 28, 29, 31, 31, 29, 30, 28, 28, 30, 29,
       28, 28, 28, 27, 29, 27, 28, 26,  7, 20, 28, 27, 29, 12, 30, 28, 27,
       30, 27, 29, 15, 11, 33,  4, 29, 29, 29, 28, 27, 11, 28, 31, 26, 31,
       30, 30, 25, 19, 27, 30, 28, 30, 30, 11, 29, 28, 21, 32, 30, 26, 22,
       29, 29, 10, 27, 32, 21, 30, 24, 10, 28, 28, 14,  9, 29, 29, 12, 23,
       30, 29, 28, 27, 30, 28, 27, 27, 28, 23, 27, 26, 28, 10, 30,  9, 30,
       29, 30, 28, 29, 29, 30, 26, 27, 29, 29, 28, 30, 27, 22, 26,  8, 24,
       26, 27, 10, 17, 30, 29, 28, 13, 29, 27, 24, 27, 30, 29, 20,  9, 12,
       29, 28, 17, 28, 30, 28, 27, 29, 29, 29, 31, 28, 26, 27, 27, 10, 31,
       30, 27, 27, 30, 26, 29, 29, 32, 28])}, {'ts_index': 250, 'loc': 1, 'gap': 0.020066009263237095, 'distances': array([0.20036461, 0.19179143, 0.24332276, 0.25626717, 0.25313585,
       0.19404431, 0.2581241 , 0.20550395, 0.28269092, 0.18714813,
       0.27279828, 0.2052042 , 0.25710331, 0.30484398, 0.20234226,
       0.3360448 , 0.2559864 , 0.27370919, 0.2486907 , 0.23360518,
       0.19868682, 0.31906336, 0.22865925, 0.28134206, 0.24164269,
       0.2644175 , 0.18406576, 0.28743497, 0.27360107, 0.30438074,
       0.22896618, 0.2121492 , 0.23415293, 0.30677408, 0.30444235,
       0.22755782, 0.23478415, 0.        , 0.27603949, 0.35410745,
       0.25444538, 0.20875809, 0.25305477, 0.23368915, 0.26736345,
       0.17811786, 0.27116244, 0.29234797, 0.2237792 , 0.16787301,
       0.24115658, 0.20996815, 0.22705855, 0.2399177 , 0.29363046,
       0.20801909, 0.24333133, 0.26530851, 0.23430644, 0.19857293,
       0.24532251, 0.22196506, 0.28350287, 0.22546617, 0.18247043,
       0.22492569, 0.30691775, 0.25966051, 0.23087158, 0.25233298,
       0.18553909, 0.30768748, 0.22166926, 0.21869932, 0.29758489,
       0.25489745, 0.21294912, 0.23203305, 0.25434319, 0.26411826,
       0.23362272, 0.29227527, 0.25551893, 0.27596297, 0.36015046,
       0.24929531, 0.18105186, 0.22439348, 0.21423894, 0.25803044,
       0.19105896, 0.25588455, 0.32062092, 0.27014921, 0.27852221,
       0.21739032, 0.21757533, 0.24193964, 0.23376458, 0.3032699 ,
       0.23860223, 0.22863435, 0.27265117, 0.24104303]), 'delta_distances': array([0., 0., 0., 0., 0., 0., 0., 0., 0., 0., 0., 0., 0., 0., 0., 0., 0.,
       0., 0., 0., 0., 0., 0., 0., 0., 0., 0., 0., 0., 0., 0., 0., 0., 0.,
       0., 0., 0., 0., 0., 0., 0., 0., 0., 0., 0., 0., 0., 0., 0., 0., 0.,
       0., 0., 0., 0., 0., 0., 0., 0., 0., 0., 0., 0., 0., 0., 0., 0., 0.,
       0., 0., 0., 0., 0., 0., 0., 0., 0., 0., 0., 0., 0., 0., 0., 0., 0.,
       0., 0., 0., 0., 0., 0., 0., 0., 0., 0., 0., 0., 0., 0., 0., 0., 0.,
       0., 0.]), 'locations': array([ 0,  0,  0,  1,  0,  2,  1,  1, 38,  2, 40,  0,  0, 17,  2, 40,  0,
        0, 37,  0,  0, 38,  1,  4,  0,  0,  0,  6,  1,  1,  2,  2,  0,  2,
       40,  1, 40,  1, 39, 13,  0,  1,  1,  1,  2,  1,  1,  1,  0,  1, 38,
        0,  3,  1, 36,  1,  2,  3,  2,  0,  0,  1,  0,  1,  3,  1,  0,  1,
        0,  1,  0, 40,  1, 39, 37,  2,  2,  0, 38,  1, 39,  3,  1, 36, 34,
        1,  3,  0,  0,  0,  0,  2,  0, 39,  0,  0, 24, 40,  2,  1,  1,  0,
        0,  3])}], 'clusters': array([1, 2, 1, 1, 1, 1, 1, 1, 1, 1, 2, 1, 1, 1, 1, 1, 1, 1, 1, 1, 1, 1,
       1, 1, 1, 1, 1, 2, 1, 1, 1, 1, 2, 2, 1, 1, 1, 1, 2, 2, 1, 1, 2, 1,
       1, 2, 1, 1, 1, 1, 1, 1, 1, 1, 1, 1, 1, 1, 2, 2, 1, 1, 2, 2, 1, 1,
       1, 1, 1, 1, 1, 1, 1, 1, 1, 1, 1, 1, 1, 1, 0, 1, 1, 1, 1, 1, 1, 2,
       1, 1, 1, 1, 1, 1, 1, 0, 2, 1, 1, 1, 1, 1, 1, 1, 1, 1, 1, 1, 1, 1,
       1, 1, 1, 1, 1, 1, 1, 1, 1, 1, 1, 2, 2, 2, 2, 1, 1, 1, 1, 1, 1, 1,
       1, 1, 1, 1, 1, 1, 1, 1, 1, 1, 1, 0, 2, 1, 1, 1, 1, 1, 1, 1, 1, 2,
       2, 1, 1, 1, 1, 1, 2, 1, 2, 1, 1, 1, 1, 0, 2, 1, 0, 1, 1, 1, 1, 2,
       1, 1, 1, 1, 2, 1, 1, 1, 1, 1, 1, 2, 1, 1, 1, 1, 1, 1, 1, 1, 1, 1,
       1, 1, 1, 1, 1, 1, 1, 1, 1, 1, 1, 1, 1, 1, 1, 1, 1, 1, 1, 1, 1, 1,
       1, 1, 1, 1, 0, 1, 1, 1, 1, 1, 1, 1, 1, 1, 1, 1, 1, 0, 2, 1, 1, 2,
       1, 1, 1, 1, 1, 1, 1, 1, 2, 1, 1, 1, 2, 1, 1, 0, 2, 1, 1, 2, 1, 1,
       1, 2, 1, 1, 1, 1, 1, 1, 1, 1, 1, 1, 1, 1, 1, 1, 1, 1, 1, 1, 1, 1,
       1, 1, 1, 1, 1, 1, 2, 1, 1, 1, 2, 2, 1, 1, 1, 1, 1, 2, 1, 1, 1, 1,
       1, 1, 1, 1, 1, 1, 0, 1, 1, 1, 1, 2, 1, 1, 1, 1, 1, 1, 1, 1, 1, 1,
       2, 1, 1, 1, 1, 1, 2, 1, 1, 1, 1, 1, 1, 1, 2, 1, 1, 2, 1, 1, 1, 1,
       1, 1, 1, 1, 1, 1, 1, 2, 1, 1, 1, 1, 1, 1, 1, 1, 1, 0, 1, 1, 2, 2,
       1, 1, 1, 2, 1, 1, 1, 1, 2, 2, 1, 2, 1, 1, 1, 1, 1, 2, 1, 1, 1, 1,
       1, 0, 1, 2, 1, 1, 1, 1, 1, 1, 1, 2, 1, 1, 1, 1, 1, 1, 1, 1, 1, 1,
       1, 1, 2, 1, 1, 1, 0, 1, 2, 2, 1, 2, 1, 1, 1, 1, 1, 1, 1, 1, 1, 1,
       1, 1, 1, 2, 1, 1, 0, 2, 1, 1, 1, 1, 2, 1, 1, 0, 1, 1, 1, 1, 1, 1,
       1, 1, 1, 2, 1, 1, 1, 1, 1, 1, 1, 1, 1, 1, 1, 1, 1, 1, 1, 2, 1, 1,
       2, 1, 1, 1, 1, 1, 1, 1, 1, 1, 1, 1, 2, 2, 2, 0, 1, 1, 1, 1, 1, 1,
       1, 1, 1, 1, 2, 1, 1, 1, 1, 1, 1, 1, 2, 1, 1, 1, 0, 2, 1, 1, 1, 1,
       1, 2, 1, 1, 1, 1, 1, 2, 2, 1, 2, 1, 1, 1, 1, 1, 1, 1, 1, 1, 1, 1,
       2, 1, 1, 1, 1, 1, 1, 1, 1, 2, 1, 1, 0, 1, 1, 1, 1, 1, 1, 1, 1, 2,
       1, 1, 1, 1, 2, 1, 1, 1, 2, 2, 1, 1, 1, 2, 2, 1, 1, 1, 1, 1, 1, 0,
       1, 1, 1, 1, 1, 1, 1, 1, 2, 1, 1, 2, 1, 1, 1, 1, 2, 1, 1, 1, 1, 1,
       1, 1, 1, 1, 2]), 'time': 77.77739524841309}
