lenSubsequence: 4{'RI': 0.3893825472772841, 'num_clusters': 2, 'uShapelets': [{'ts_index': 102, 'loc': 47, 'gap': 0.09969357120684691, 'distances': array([0.08805475, 0.2622915 , 0.0802965 , 0.019002  , 0.0695735 ,
       0.00821025, 0.1645345 , 0.0670315 , 0.0064125 , 0.1311215 ,
       0.11174025, 0.13882925, 0.0854145 , 0.00538875, 0.0619685 ,
       0.03277125, 0.0309195 , 0.0213605 , 0.10090275, 0.24798825,
       0.07699875, 0.00959925, 0.266391  , 0.16108525, 0.026215  ,
       0.12640375, 0.18688925, 0.2135505 , 0.13994775, 0.0295665 ,
       0.02729775, 0.1099875 , 0.009317  , 0.33769675, 0.01672525,
       0.10054675, 0.0619925 , 0.00379575, 0.070877  , 0.1367405 ,
       0.02684325, 0.09734575, 0.09543175, 0.07988725, 0.04336825,
       0.15179825, 0.1228315 , 0.1818825 , 0.12665425, 0.1564815 ,
       0.04479275, 0.29050625, 0.1028405 , 0.0301455 , 0.05304375,
       0.09086125, 0.1195335 , 0.2863985 , 0.00851   , 0.077438  ,
       0.01170075, 0.25087775, 0.0125235 , 0.02543625, 0.00620525,
       0.2300735 , 0.0311735 , 0.15389775, 0.18449825, 0.26087175,
       0.08494075, 0.219231  , 0.07996525, 0.1748705 , 0.2056305 ,
       0.10914375, 0.0288855 , 0.2804565 , 0.0232005 , 0.05742125,
       0.069445  , 0.308487  , 0.21619175, 0.00807825, 0.1219495 ,
       0.13765075, 0.1848595 , 0.31492175, 0.30015425, 0.0197745 ,
       0.1027035 , 0.2220875 , 0.1815835 , 0.24809725, 0.045779  ,
       0.0246665 , 0.16614625, 0.19313025, 0.1032495 , 0.0475425 ,
       0.020789  , 0.1653305 , 0.        , 0.00928975, 0.32559425,
       0.2102695 , 0.00572975, 0.1581705 , 0.010511  , 0.0704955 ,
       0.0861995 , 0.09040075, 0.2889085 , 0.14994425, 0.19334125,
       0.1036235 , 0.3502405 , 0.09663175, 0.3317475 , 0.03575825,
       0.10729425, 0.23043775, 0.01499125, 0.019563  , 0.3206655 ,
       0.24169425, 0.14140575, 0.22247375, 0.37353   , 0.0580855 ,
       0.06541275, 0.21759075, 0.094265  , 0.11091625, 0.297069  ,
       0.15583925, 0.315709  , 0.25500925, 0.1023255 , 0.12357225,
       0.32822875, 0.08144925, 0.2849605 , 0.3020445 , 0.01517025,
       0.0825225 , 0.15721825, 0.03218775, 0.0103765 , 0.0289335 ,
       0.03069425, 0.0016575 , 0.1945215 , 0.20323525, 0.29510875,
       0.2765125 , 0.10266375, 0.3224715 , 0.02213625, 0.144806  ,
       0.251573  , 0.35305875, 0.01285875, 0.08375875, 0.0211135 ,
       0.2338975 , 0.20698525, 0.0070045 , 0.089997  , 0.1585575 ,
       0.259137  , 0.017526  , 0.0483475 , 0.24988075, 0.10618875,
       0.0898185 , 0.1910135 , 0.140425  , 0.36595225, 0.09861875,
       0.07845775, 0.0244675 , 0.11162925, 0.16002775, 0.00528525,
       0.14808225, 0.137925  , 0.250461  , 0.25161825, 0.01303675,
       0.0117575 , 0.153761  , 0.01278975, 0.1698305 , 0.00531275,
       0.030229  , 0.31415125, 0.0171875 , 0.1136675 , 0.15138375,
       0.1389325 , 0.12398575, 0.34590375, 0.098798  , 0.029551  ,
       0.232779  , 0.27132175, 0.01039875, 0.10719575, 0.018871  ]), 'delta_distances': array([0.030591 , 0.0550755, 0.0566105, 0.016361 , 0.0289305, 0.0190235,
       0.0837505, 0.032608 , 0.0149905, 0.0589485, 0.037003 , 0.0725245,
       0.045705 , 0.0117765, 0.0468835, 0.0201535, 0.035625 , 0.0210265,
       0.0403415, 0.074596 , 0.0302875, 0.015363 , 0.084364 , 0.063053 ,
       0.022974 , 0.053329 , 0.043224 , 0.0525455, 0.0718515, 0.0309375,
       0.029818 , 0.04591  , 0.0155075, 0.053424 , 0.019528 , 0.0373285,
       0.0418685, 0.0163515, 0.029536 , 0.049657 , 0.029537 , 0.031351 ,
       0.037477 , 0.047802 , 0.0221025, 0.048454 , 0.088706 , 0.049078 ,
       0.038556 , 0.062739 , 0.0237145, 0.05543  , 0.036398 , 0.0222325,
       0.03603  , 0.039139 , 0.074304 , 0.061397 , 0.011713 , 0.033255 ,
       0.0116095, 0.0645015, 0.007687 , 0.050075 , 0.005132 , 0.060733 ,
       0.0487365, 0.069814 , 0.1114645, 0.0937905, 0.036763 , 0.0439565,
       0.025743 , 0.048165 , 0.0542705, 0.0547475, 0.0161425, 0.068526 ,
       0.0343225, 0.0226815, 0.039339 , 0.0621585, 0.1203095, 0.009766 ,
       0.050463 , 0.062747 , 0.0672125, 0.1228135, 0.0757985, 0.0182175,
       0.047699 , 0.093049 , 0.05471  , 0.085903 , 0.0225825, 0.019432 ,
       0.0651745, 0.0570505, 0.029041 , 0.0275335, 0.01282  , 0.105989 ,
       0.       , 0.013177 , 0.128347 , 0.0893005, 0.014431 , 0.0486875,
       0.0111405, 0.029245 , 0.0340755, 0.042506 , 0.066325 , 0.040653 ,
       0.053246 , 0.0272565, 0.0792585, 0.027246 , 0.05594  , 0.014841 ,
       0.0311055, 0.049991 , 0.02513  , 0.0305765, 0.1110115, 0.062031 ,
       0.028725 , 0.0669805, 0.083601 , 0.0263665, 0.0570425, 0.0902185,
       0.0261015, 0.0407185, 0.077695 , 0.0605125, 0.042937 , 0.0781665,
       0.0359775, 0.0424365, 0.071637 , 0.0295615, 0.0446435, 0.0436535,
       0.021416 , 0.026833 , 0.047633 , 0.0377385, 0.012263 , 0.022372 ,
       0.0238535, 0.005832 , 0.074367 , 0.057509 , 0.058427 , 0.0472245,
       0.044586 , 0.0498285, 0.029659 , 0.050061 , 0.0512715, 0.046975 ,
       0.025073 , 0.0421165, 0.0323315, 0.0498445, 0.044052 , 0.013214 ,
       0.043527 , 0.0458755, 0.074984 , 0.014609 , 0.0576665, 0.043548 ,
       0.0507935, 0.0581895, 0.0813395, 0.0436475, 0.0583205, 0.0270435,
       0.0319875, 0.025175 , 0.037162 , 0.0352645, 0.0110745, 0.0500935,
       0.03855  , 0.056705 , 0.079241 , 0.015181 , 0.0065825, 0.036446 ,
       0.0102735, 0.041841 , 0.0060605, 0.018943 , 0.0640215, 0.0123285,
       0.0427785, 0.0405335, 0.081299 , 0.052786 , 0.065266 , 0.03958  ,
       0.013741 , 0.051266 , 0.0844385, 0.015981 , 0.0432375, 0.028625 ]), 'locations': array([ 22,  20,  27,  13,  23,  48, 111,  23,  46, 109,  24,  29,  25,
        48,  28,  23,  47,  49,  22,  46,  22,  48, 112,  23,  25,  23,
       117,  23, 111,  26,  26, 116,  49,  20,  22,  28,  32,  47,  24,
        23,  48,  22,  21,  24,  23, 117,  28, 120,  22, 111,  22,  21,
        22,  23,  30,  24, 111, 116,  24,  27,  47,  22,  13,  47,  23,
        23,  47,  27,  97, 111, 109,  23,  28,  22, 118,  27, 116,  44,
        25,  23,  22,  21,  45, 116,  26,  27,  23,  46,  22,  49, 110,
        23,  23, 110,  25,  23,  24,  24,  27,  22,  22,  26,  47,  23,
        46,  30,  48,  22,  13,  21,  24,  23, 117, 119, 115,  22,  21,
        23,  21,  47, 115,  23,  47,  49,  45,  21,  22,  21,  45,  22,
        94, 111,  22,  24,  22,  28,  21,  23,  22,  23,  21,  22,  22,
        21,  48,  22,  24,  25,  47,  24,  23,  48,  27,  23,  21,  22,
        27,  23,  25,  26,  22,  21,  49,  28,  47,  20,  20,  24,  28,
       116,  22, 116,  47,  21,  27,  29,  25, 116, 119, 116,  28,  24,
        23,  22,  46,  23,  25,  22, 117,  26,  23,  23,  48,  22,  48,
        13,  21,  24, 116,  25, 111, 117,  21,  23,  24,  22,  22,  49,
        22,  48])}], 'clusters': array([1, 0, 1, 1, 1, 1, 1, 1, 1, 1, 1, 1, 1, 1, 1, 1, 1, 1, 1, 1, 1, 1,
       0, 1, 1, 1, 1, 1, 1, 1, 1, 1, 1, 0, 1, 1, 1, 1, 1, 1, 1, 1, 1, 1,
       1, 1, 1, 1, 1, 1, 1, 0, 1, 1, 1, 1, 1, 0, 1, 1, 1, 0, 1, 1, 1, 1,
       1, 1, 1, 0, 1, 1, 1, 1, 1, 1, 1, 0, 1, 1, 1, 0, 1, 1, 1, 1, 1, 0,
       0, 1, 1, 1, 1, 1, 1, 1, 1, 1, 1, 1, 1, 1, 1, 1, 0, 1, 1, 1, 1, 1,
       1, 1, 0, 1, 1, 1, 0, 1, 0, 1, 1, 1, 1, 1, 0, 1, 1, 1, 0, 1, 1, 1,
       1, 1, 0, 1, 0, 0, 1, 1, 0, 1, 0, 0, 1, 1, 1, 1, 1, 1, 1, 1, 1, 1,
       0, 0, 1, 0, 1, 1, 0, 0, 1, 1, 1, 1, 1, 1, 1, 1, 0, 1, 1, 0, 1, 1,
       1, 1, 0, 1, 1, 1, 1, 1, 1, 1, 1, 0, 0, 1, 1, 1, 1, 1, 1, 1, 0, 1,
       1, 1, 1, 1, 0, 1, 1, 1, 0, 1, 1, 1]), 'time': 116.22912955284119}
lenSubsequence: 5{'RI': 0.633401686033265, 'num_clusters': 3, 'uShapelets': [{'ts_index': 95, 'loc': 70, 'gap': 0.07948673313676147, 'distances': array([0.0416422, 0.0882928, 0.1172766, 0.0186574, 0.2130612, 0.2427598,
       0.050617 , 0.1596548, 0.1854402, 0.0368188, 0.222353 , 0.0893742,
       0.0624186, 0.25773  , 0.1519814, 0.00371  , 0.1954196, 0.340489 ,
       0.0516534, 0.0594006, 0.2144942, 0.2837606, 0.1329998, 0.2272676,
       0.0556842, 0.0452872, 0.0355532, 0.1483062, 0.069258 , 0.0055044,
       0.0111854, 0.0463624, 0.2954778, 0.0244804, 0.0102756, 0.100891 ,
       0.1626024, 0.1713284, 0.2629742, 0.0604324, 0.2162328, 0.1987208,
       0.1894294, 0.0476094, 0.0052446, 0.0313904, 0.0778582, 0.1319002,
       0.0445212, 0.0464142, 0.4127108, 0.0467662, 0.0543076, 0.009831 ,
       0.1474062, 0.0672318, 0.051746 , 0.1688616, 0.0040418, 0.2414408,
       0.3093388, 0.158194 , 0.0088446, 0.236507 , 0.01865  , 0.1717138,
       0.2206966, 0.0488578, 0.0588592, 0.07847  , 0.0628474, 0.1606278,
       0.1568732, 0.1625948, 0.1973926, 0.1109058, 0.004365 , 0.043204 ,
       0.2659922, 0.2686542, 0.1983644, 0.0324734, 0.0606034, 0.0206704,
       0.090831 , 0.0659478, 0.1606934, 0.0454446, 0.1718836, 0.2692086,
       0.0620566, 0.0423012, 0.1784516, 0.1094084, 0.1718888, 0.       ,
       0.1824242, 0.2075826, 0.0883438, 0.0287462, 0.0072024, 0.046776 ,
       0.2104206, 0.0139484, 0.0363062, 0.194137 , 0.2574552, 0.0720246,
       0.0068706, 0.2295054, 0.0455246, 0.079183 , 0.1217476, 0.22055  ,
       0.0599758, 0.0563704, 0.0603126, 0.0576222, 0.0527884, 0.2625428,
       0.0679818, 0.1611358, 0.1905192, 0.272786 , 0.0340778, 0.0473074,
       0.04989  , 0.034616 , 0.049897 , 0.0136038, 0.3065704, 0.114741 ,
       0.1728234, 0.031255 , 0.0683638, 0.0425038, 0.0327802, 0.1904782,
       0.1835932, 0.0584508, 0.0514102, 0.1864718, 0.1700552, 0.1014458,
       0.2585194, 0.1633462, 0.2468042, 0.0197442, 0.2015954, 0.015562 ,
       0.0184814, 0.2286428, 0.220455 , 0.0361466, 0.0327766, 0.049478 ,
       0.070491 , 0.0874494, 0.0010048, 0.0510782, 0.1646992, 0.0555926,
       0.3295332, 0.0853296, 0.2611276, 0.0870148, 0.1376438, 0.0041864,
       0.1670558, 0.0347524, 0.0656768, 0.0133956, 0.2499144, 0.0347222,
       0.1183158, 0.1670666, 0.1842204, 0.0461748, 0.088367 , 0.0643558,
       0.0939088, 0.0560748, 0.2458728, 0.227387 , 0.24824  , 0.0569398,
       0.0957524, 0.1564796, 0.1083514, 0.014461 , 0.011077 , 0.1520716,
       0.2875966, 0.1785566, 0.2536828, 0.0074374, 0.0462778, 0.0034428,
       0.0539108, 0.1805164, 0.0409302, 0.2047132, 0.0380162, 0.0503762,
       0.0837028, 0.149442 , 0.0836092, 0.2612416, 0.211477 , 0.2297628]), 'delta_distances': array([0.028974 , 0.0419392, 0.0577956, 0.0249668, 0.0720324, 0.0499744,
       0.0285776, 0.055402 , 0.0564912, 0.0253784, 0.0632916, 0.0711472,
       0.0333492, 0.0663416, 0.0486152, 0.0105888, 0.04997  , 0.067568 ,
       0.0466664, 0.0340996, 0.0571424, 0.0520824, 0.0532552, 0.0617116,
       0.1056056, 0.0276864, 0.0232892, 0.042896 , 0.0471056, 0.0112256,
       0.0140008, 0.035564 , 0.070328 , 0.0227844, 0.0153548, 0.043564 ,
       0.0461788, 0.0485184, 0.0437084, 0.0342628, 0.0525652, 0.0912932,
       0.039202 , 0.032196 , 0.0253464, 0.02427  , 0.0465324, 0.0457424,
       0.0297556, 0.0280628, 0.0699404, 0.0247084, 0.03544  , 0.0250308,
       0.0458728, 0.0415024, 0.042682 , 0.0622192, 0.0094788, 0.0731292,
       0.0721112, 0.0376908, 0.0122208, 0.065538 , 0.02364  , 0.03903  ,
       0.0590884, 0.0336948, 0.0460856, 0.0355116, 0.0350224, 0.0530676,
       0.0536544, 0.0590148, 0.0596884, 0.058808 , 0.0108828, 0.02021  ,
       0.0556416, 0.0755052, 0.0475612, 0.0307388, 0.029694 , 0.037604 ,
       0.0457084, 0.0412988, 0.0574516, 0.0273464, 0.0618496, 0.0617908,
       0.0255228, 0.0289208, 0.0643596, 0.0369248, 0.060462 , 0.       ,
       0.045854 , 0.0760732, 0.0359936, 0.0472384, 0.011434 , 0.0333184,
       0.061052 , 0.026858 , 0.0242968, 0.0500644, 0.0671696, 0.0375084,
       0.0105484, 0.0518152, 0.0222748, 0.0432096, 0.0408552, 0.083126 ,
       0.0429244, 0.041308 , 0.0421576, 0.0453344, 0.034114 , 0.0763272,
       0.0393016, 0.0604372, 0.0580148, 0.0474972, 0.0182716, 0.0299892,
       0.0300236, 0.0216688, 0.0259576, 0.0229828, 0.0689828, 0.047284 ,
       0.0393308, 0.0225736, 0.0406844, 0.024712 , 0.0272048, 0.0555496,
       0.0578052, 0.0339972, 0.03269  , 0.0599356, 0.06008  , 0.0348364,
       0.0696236, 0.0488068, 0.0735908, 0.0229616, 0.0817448, 0.0290144,
       0.0427956, 0.0693924, 0.058184 , 0.0296356, 0.0181184, 0.0336032,
       0.0358148, 0.0394864, 0.0039968, 0.0294916, 0.0357504, 0.0316524,
       0.073478 , 0.0379828, 0.0528712, 0.0315912, 0.0629108, 0.0108168,
       0.0729976, 0.019784 , 0.0286164, 0.0182012, 0.0726296, 0.0211916,
       0.0474376, 0.064352 , 0.0574268, 0.037904 , 0.0579176, 0.0419896,
       0.0430776, 0.0584016, 0.0714204, 0.0705596, 0.060392 , 0.0413784,
       0.052964 , 0.0501388, 0.0482688, 0.0234892, 0.0189388, 0.0533284,
       0.0628896, 0.0499964, 0.0544432, 0.0129996, 0.0230768, 0.0166148,
       0.02677  , 0.046832 , 0.022122 , 0.0646324, 0.0244976, 0.0300412,
       0.0363456, 0.0545108, 0.0439068, 0.0547972, 0.0540172, 0.0503136]), 'locations': array([138, 138, 138,  59, 138, 138, 138, 138, 138, 138, 138, 138, 138,
       138, 138,  70, 138, 138, 138, 138, 138, 138, 138, 138,  72, 138,
       138, 138, 138,  73,  73, 138, 138, 138,  69, 138, 138, 138,   0,
       138, 138, 138, 138, 138,  71, 138, 138, 138, 138, 138,   0, 138,
       138,  71, 138, 138, 138, 138,  71, 138, 138,   0,  60, 138,  70,
       138, 138, 138, 138, 138, 138, 138, 138, 138, 138, 138,  67, 138,
       138, 138, 138, 138, 138,  69, 138, 138, 138, 138, 138, 138, 138,
       138, 138, 138, 138,  70,   0, 138, 138,  70,  70, 138, 138,  68,
       138, 138, 138, 138,  60, 138, 138, 138, 138, 138, 138, 138, 138,
       138, 138, 138, 138, 138, 138, 138, 138, 138, 138, 138, 138,  70,
       138, 138, 138, 138, 138, 138, 138,   0, 138, 138, 138, 138, 138,
       138, 138, 138, 138,  73, 138,  71,  70, 138, 138, 138, 138, 138,
       138, 138,  71, 138, 138, 138, 138, 138,   0, 138, 138,  70, 138,
       138, 138,  68, 138, 138, 138, 138, 138, 138, 138, 138, 138,  70,
       138,   0, 138, 138, 138, 138, 138,  73,  69,   0, 138, 138, 138,
        62, 138,  72, 138,   0, 138, 138, 138, 138, 138, 138, 138, 138,
       138, 138])}, {'ts_index': 21, 'loc': 48, 'gap': 0.0621954519796237, 'distances': array([0.042449 , 0.0042732, 0.048121 , 0.015714 , 0.0799006, 0.0135504,
       0.042007 , 0.0162006, 0.0171156, 0.0556278, 0.       , 0.195618 ,
       0.1149026, 0.1518644, 0.002823 , 0.0426506, 0.0083806, 0.0491944,
       0.0208094, 0.0617468, 0.0655886, 0.1265028, 0.0302724, 0.0321116,
       0.211007 , 0.053262 , 0.0180556, 0.1836094, 0.0405812, 0.1632004,
       0.0336678, 0.1596488, 0.0587646, 0.121791 , 0.1495664, 0.016483 ,
       0.0345904, 0.0490266, 0.1341266, 0.22274  , 0.0228536, 0.1273506,
       0.0238676, 0.1157126, 0.135839 , 0.0101436, 0.1596854, 0.014086 ,
       0.0472076, 0.1038196, 0.031426 , 0.1717404, 0.005831 , 0.0052292,
       0.049978 , 0.062174 , 0.183991 , 0.0716556, 0.0512932, 0.2134598,
       0.0031198, 0.0516834, 0.1111394, 0.030967 , 0.0041994, 0.141031 ,
       0.1881392, 0.0093374, 0.0353308, 0.1522606, 0.0625956, 0.0448122,
       0.0631118, 0.132903 , 0.074838 , 0.117001 , 0.0190562, 0.179355 ,
       0.1126212, 0.009836 , 0.1299036, 0.0120862, 0.1128284, 0.085254 ,
       0.1738492, 0.0234596, 0.0757526, 0.0081402]), 'delta_distances': array([0.0297032, 0.0092084, 0.0341948, 0.0268452, 0.0214856, 0.026178 ,
       0.0383004, 0.0332724, 0.0152844, 0.0187976, 0.       , 0.0920608,
       0.0320644, 0.0577844, 0.011042 , 0.0491808, 0.0287028, 0.0238932,
       0.0191624, 0.0266092, 0.0208844, 0.0499784, 0.0263172, 0.0350628,
       0.0501348, 0.0261612, 0.0212096, 0.0459384, 0.0235064, 0.049294 ,
       0.0156624, 0.0533736, 0.0536276, 0.0385164, 0.0406104, 0.0071024,
       0.0269748, 0.0160084, 0.0372756, 0.0607336, 0.0294384, 0.0350032,
       0.0201756, 0.0526768, 0.0376456, 0.0233836, 0.0497644, 0.02834  ,
       0.0193168, 0.0395276, 0.0446012, 0.0519612, 0.0189528, 0.00938  ,
       0.0505004, 0.0332684, 0.0437436, 0.0294088, 0.0259388, 0.0526232,
       0.0054228, 0.0301076, 0.0418652, 0.064918 , 0.0115348, 0.0580424,
       0.0365332, 0.0058192, 0.0228552, 0.050524 , 0.0370216, 0.0190844,
       0.0229884, 0.0559752, 0.0365244, 0.0394764, 0.03912  , 0.0360968,
       0.023784 , 0.017374 , 0.0589472, 0.0172512, 0.0353192, 0.030786 ,
       0.038808 , 0.018042 , 0.0301612, 0.0126512]), 'locations': array([ 23,  48,  24,  47,  24,  48,  28,  48,  49,  22,  48, 112,  23,
        23,  49,  33,  47,  24,  48,  23,  21, 120,  23,  31, 116,  27,
        47,  22,  95,  23,  48,  23,  29,  22,  21,  25,  24,  22,  23,
        22,  50,  23,  26,  24,  24,  47,  21,  48,  21, 119,  48,  23,
        47,  50,  94,  23,  23,  22,  23,  22,  48,  23,  24,  47,  48,
        27,  22,  49,  47, 119,  28,  47,  29,  25,  23,  22,  46,  22,
        23,  49,  22,  49,  25, 118,  22,  49,  22,  48])}], 'clusters': array([1, 1, 1, 1, 2, 2, 1, 2, 2, 1, 2, 1, 1, 2, 2, 1, 2, 2, 1, 1, 2, 2,
       0, 2, 1, 1, 1, 0, 1, 1, 1, 1, 2, 1, 1, 1, 2, 2, 2, 1, 2, 2, 2, 1,
       1, 1, 1, 2, 1, 1, 2, 1, 1, 1, 2, 1, 1, 0, 1, 2, 2, 0, 1, 2, 1, 0,
       2, 1, 1, 1, 1, 0, 2, 2, 2, 1, 1, 1, 2, 2, 2, 1, 1, 1, 1, 1, 2, 1,
       0, 2, 1, 1, 2, 1, 2, 1, 2, 2, 1, 1, 1, 1, 2, 1, 1, 0, 2, 1, 1, 2,
       1, 1, 1, 2, 1, 1, 1, 1, 1, 2, 1, 0, 2, 2, 1, 1, 1, 1, 1, 1, 2, 1,
       2, 1, 1, 1, 1, 0, 2, 1, 1, 2, 0, 1, 2, 2, 2, 1, 2, 1, 1, 2, 2, 1,
       1, 1, 1, 1, 1, 1, 0, 1, 2, 1, 2, 1, 0, 1, 2, 1, 1, 1, 2, 1, 1, 2,
       2, 1, 1, 1, 1, 1, 2, 2, 2, 1, 1, 0, 1, 1, 1, 2, 2, 2, 2, 1, 1, 1,
       1, 2, 1, 2, 1, 1, 1, 0, 1, 2, 2, 2]), 'time': 132.35933661460876}
lenSubsequence: 6{'RI': 0.39193438140806564, 'num_clusters': 2, 'uShapelets': [{'ts_index': 37, 'loc': 45, 'gap': 0.08547694273437288, 'distances': array([0.058196  , 0.18866483, 0.054911  , 0.0246415 , 0.0458515 ,
       0.00488883, 0.11360667, 0.05045833, 0.01677   , 0.08618217,
       0.08683583, 0.09575133, 0.05841483, 0.0191205 , 0.04311283,
       0.03855833, 0.03066483, 0.0144525 , 0.06527333, 0.22455633,
       0.05460367, 0.00452633, 0.19235133, 0.11480517, 0.01850583,
       0.08243733, 0.13098717, 0.14914017, 0.0938825 , 0.01845933,
       0.01868283, 0.08029167, 0.00366183, 0.26750133, 0.01281067,
       0.06970633, 0.057985  , 0.        , 0.04779367, 0.0910755 ,
       0.01704183, 0.06276917, 0.07356333, 0.05410983, 0.03989267,
       0.1029955 , 0.08444267, 0.1306625 , 0.08275783, 0.10504217,
       0.032596  , 0.2323045 , 0.06841983, 0.02461433, 0.04579783,
       0.05913733, 0.094002  , 0.20956883, 0.00862783, 0.05594867,
       0.0301    , 0.1857895 , 0.00853633, 0.03662083, 0.010685  ,
       0.16721017, 0.039856  , 0.10395583, 0.14180383, 0.20261633,
       0.06639683, 0.1519195 , 0.05868833, 0.12632617, 0.15881917,
       0.0747145 , 0.02845133, 0.23614033, 0.02183167, 0.04219833,
       0.054124  , 0.2558835 , 0.21791967, 0.007374  , 0.08329683,
       0.09856983, 0.13320517, 0.26607333, 0.221083  , 0.01992217,
       0.07420833, 0.178476  , 0.13233583, 0.1824245 , 0.03136367,
       0.02078017, 0.117147  , 0.13733   , 0.06851217, 0.04112633,
       0.01360917, 0.12542583, 0.00332583, 0.008586  , 0.284832  ,
       0.1556095 , 0.008954  , 0.11297017, 0.012101  , 0.04731233,
       0.05611583, 0.058762  , 0.22818783, 0.123437  , 0.129554  ,
       0.07145483, 0.2866925 , 0.063451  , 0.25728933, 0.029794  ,
       0.07337667, 0.16710717, 0.0103605 , 0.013093  , 0.28097967,
       0.171733  , 0.09497367, 0.184466  , 0.3131645 , 0.03791583,
       0.07317367, 0.16871967, 0.06581033, 0.0779055 , 0.23234833,
       0.12248467, 0.28485233, 0.18386867, 0.07411817, 0.08064367,
       0.2597025 , 0.05423183, 0.2120815 , 0.2167935 , 0.006503  ,
       0.0543765 , 0.10544   , 0.02727667, 0.02166533, 0.017338  ,
       0.01908533, 0.0025545 , 0.13540917, 0.138756  , 0.25929367,
       0.2209115 , 0.0682145 , 0.251633  , 0.015121  , 0.10016383,
       0.18793233, 0.289397  , 0.03009967, 0.05805017, 0.03441117,
       0.19171833, 0.14960917, 0.01303517, 0.0660375 , 0.1072275 ,
       0.2143515 , 0.011214  , 0.044127  , 0.1883785 , 0.07591767,
       0.0682545 , 0.13165867, 0.094165  , 0.28275583, 0.06714333,
       0.05716417, 0.02199167, 0.077862  , 0.11613333, 0.013832  ,
       0.09828717, 0.13358067, 0.174191  , 0.188704  , 0.01262967,
       0.01220617, 0.1080735 , 0.01702583, 0.12596283, 0.01395667,
       0.02140217, 0.25390233, 0.01527283, 0.08090283, 0.10398333,
       0.094665  , 0.08770183, 0.27835333, 0.06402517, 0.018583  ,
       0.17237867, 0.21831717, 0.009132  , 0.07822033, 0.008666  ]), 'delta_distances': array([0.053038  , 0.101589  , 0.07274933, 0.028615  , 0.04795233,
       0.01552733, 0.10352067, 0.05320133, 0.038716  , 0.07457367,
       0.07146467, 0.087623  , 0.05631233, 0.03992567, 0.05959167,
       0.045807  , 0.06106467, 0.031693  , 0.06243967, 0.12089967,
       0.05982867, 0.015092  , 0.13548267, 0.08784233, 0.03024567,
       0.07315033, 0.085969  , 0.08703767, 0.07045933, 0.03831667,
       0.037826  , 0.062697  , 0.01215267, 0.11640767, 0.02589833,
       0.05847267, 0.06889667, 0.        , 0.04907033, 0.07512667,
       0.032707  , 0.05446167, 0.06776667, 0.05968367, 0.04662167,
       0.077473  , 0.10454833, 0.08483967, 0.06397833, 0.091611  ,
       0.042779  , 0.11449733, 0.05692767, 0.03667133, 0.07108967,
       0.05685267, 0.08788333, 0.107535  , 0.020101  , 0.05543633,
       0.03981733, 0.10427133, 0.01722733, 0.07845233, 0.02106933,
       0.09649467, 0.07456133, 0.09183933, 0.14601367, 0.135238  ,
       0.075353  , 0.07991167, 0.05121333, 0.08234833, 0.10176133,
       0.084276  , 0.04485267, 0.138677  , 0.03950567, 0.04437367,
       0.05878333, 0.11550433, 0.145725  , 0.021354  , 0.07705533,
       0.08752067, 0.098024  , 0.15351233, 0.11949467, 0.02655433,
       0.06967133, 0.12467133, 0.08529867, 0.13052467, 0.04184133,
       0.03333833, 0.091027  , 0.08903467, 0.060576  , 0.04975667,
       0.02268   , 0.122438  , 0.015389  , 0.02134467, 0.17089367,
       0.11950133, 0.027144  , 0.07492033, 0.01983333, 0.047886  ,
       0.053603  , 0.05836133, 0.11797733, 0.07876967, 0.08027333,
       0.05435033, 0.13315633, 0.05173033, 0.11909833, 0.046956  ,
       0.05920833, 0.09182633, 0.02821867, 0.03204633, 0.15095   ,
       0.09460533, 0.06010133, 0.10429433, 0.13197733, 0.04082833,
       0.07635767, 0.13415833, 0.05333967, 0.06737733, 0.12273467,
       0.105099  , 0.11820133, 0.11493433, 0.06847333, 0.06412733,
       0.13424033, 0.05731533, 0.100742  , 0.094473  , 0.023615  ,
       0.06059733, 0.084392  , 0.046844  , 0.039467  , 0.02820233,
       0.03328167, 0.01454267, 0.10317333, 0.089098  , 0.12457733,
       0.10004367, 0.06391067, 0.111315  , 0.03458333, 0.08185   ,
       0.09793067, 0.13588767, 0.05419167, 0.06193467, 0.06206533,
       0.095457  , 0.09380633, 0.025871  , 0.06958933, 0.07859567,
       0.10980433, 0.02622033, 0.07217867, 0.10109367, 0.07142867,
       0.07316233, 0.10641733, 0.06987633, 0.118822  , 0.06021067,
       0.05232133, 0.03949633, 0.06168633, 0.06905267, 0.03291867,
       0.07381933, 0.08445233, 0.100138  , 0.11593533, 0.02509233,
       0.02265067, 0.069987  , 0.03313033, 0.07856767, 0.031787  ,
       0.03097267, 0.11644633, 0.02957133, 0.07765067, 0.076022  ,
       0.09716133, 0.07131733, 0.12425267, 0.05852767, 0.027161  ,
       0.098098  , 0.12497967, 0.03118433, 0.06740767, 0.026509  ]), 'locations': array([ 20,  19,  25,  12,  21,  46, 108,  21,  45, 107,  23,  24,  22,
        46,  26,  21,  46,  47,  20,  45,  21,  46, 110,  21,  23,  21,
       115,  21,  25,  24,  24, 115,  47,  19,  20,  26,  30,  45,  22,
        21,  46,  21,  20,  22,  21, 115,  26, 118,  20, 109,  20,  20,
        21,  21,  29,  22, 109, 115,  22,  25,  46,  21,  12,  45,  21,
        21,  46,  25,  95, 110, 107,  21,  26,  20,  20,  26, 114,  43,
        23,  22,  21,  20,  44, 114,  24,  25,  21,  45,  21,  48, 108,
        21,  21, 108,  23,  21,  22,  22,  26,  20,  21,  24,  45,  21,
        44,  28,  46, 115, 106,  19,  22,  21, 116, 118, 114,  21,  19,
        21,  20,  46, 113,  21,  45,  48,  43,  20,  20,  20,  19,  21,
        46, 109,  21,  20,  20,  26,  19,  21,  21,  21,  20,  21,  20,
        20,  46,  21,  23,  23,  45,  22,  22,  46,  25,  21,  20,  21,
        25,  21,  23,  25,  21, 116,  47,  26,  45,  19,  19,  22,  26,
       114,  21, 114,  45,  20,  25,  26,  23, 114, 117, 114,  25,  22,
        21,  21,  45,  21,  23,  21, 115,  24,  21,  22,  46,  20,  46,
        12,  20,  23, 114,  23, 109, 116,  20,  21,  22,  21,  20,  47,
        20,  46])}], 'clusters': array([1, 0, 1, 1, 1, 1, 1, 1, 1, 1, 1, 1, 1, 1, 1, 1, 1, 1, 1, 0, 1, 1,
       0, 1, 1, 1, 1, 1, 1, 1, 1, 1, 1, 0, 1, 1, 1, 1, 1, 1, 1, 1, 1, 1,
       1, 1, 1, 1, 1, 1, 1, 0, 1, 1, 1, 1, 1, 0, 1, 1, 1, 1, 1, 1, 1, 1,
       1, 1, 1, 0, 1, 1, 1, 1, 1, 1, 1, 0, 1, 1, 1, 0, 0, 1, 1, 1, 1, 0,
       0, 1, 1, 1, 1, 1, 1, 1, 1, 1, 1, 1, 1, 1, 1, 1, 0, 1, 1, 1, 1, 1,
       1, 1, 0, 1, 1, 1, 0, 1, 0, 1, 1, 1, 1, 1, 0, 1, 1, 1, 0, 1, 1, 1,
       1, 1, 0, 1, 0, 1, 1, 1, 0, 1, 0, 0, 1, 1, 1, 1, 1, 1, 1, 1, 1, 1,
       0, 0, 1, 0, 1, 1, 0, 0, 1, 1, 1, 0, 1, 1, 1, 1, 0, 1, 1, 0, 1, 1,
       1, 1, 0, 1, 1, 1, 1, 1, 1, 1, 1, 1, 0, 1, 1, 1, 1, 1, 1, 1, 0, 1,
       1, 1, 1, 1, 0, 1, 1, 1, 0, 1, 1, 1]), 'time': 112.28897857666016}
lenSubsequence: 8{'RI': 0.40305308726361355, 'num_clusters': 2, 'uShapelets': [{'ts_index': 103, 'loc': 69, 'gap': 0.17125495175854766, 'distances': array([0.20474962, 0.36692487, 0.173021  , 0.0065435 , 0.3818945 ,
       0.442781  , 0.17737737, 0.56271837, 0.704547  , 0.2449535 ,
       0.4458245 , 0.15053337, 0.11400312, 0.55540287, 0.096365  ,
       0.01790288, 0.50659287, 0.5594195 , 0.20372262, 0.18689487,
       0.33409087, 0.5497895 , 0.23380325, 0.2853425 , 0.06165713,
       0.140585  , 0.178327  , 0.27233537, 0.15469137, 0.01432825,
       0.0103815 , 0.14043625, 0.57308187, 0.16036225, 0.01248288,
       0.17366812, 0.12127775, 0.58631225, 0.329265  , 0.15057912,
       0.46884537, 0.4109345 , 0.33630062, 0.1260925 , 0.00966325,
       0.2349475 , 0.17662487, 0.57072963, 0.18703575, 0.16122738,
       0.56298662, 0.14969312, 0.1618045 , 0.01882313, 0.15543275,
       0.12066687, 0.23187937, 0.30453387, 0.01527625, 0.43350687,
       0.5449675 , 0.16864862, 0.01741038, 0.55823088, 0.018309  ,
       0.23700888, 0.488211  , 0.156374  , 0.14800925, 0.33097312,
       0.21072975, 0.25628575, 0.208059  , 0.50572188, 0.40587362,
       0.227812  , 0.00944475, 0.18432725, 0.3958755 , 0.39084387,
       0.41328175, 0.18834825, 0.2665735 , 0.02633625, 0.18530587,
       0.12770537, 0.28466537, 0.216896  , 0.248125  , 0.471399  ,
       0.24884562, 0.12073737, 0.27736113, 0.28839712, 0.39380125,
       0.02055912, 0.1737645 , 0.23909275, 0.14518512, 0.04817325,
       0.01042138, 0.13283512, 0.57697087, 0.        , 0.17953162,
       0.26037637, 0.42028987, 0.118334  , 0.01576288, 0.42313925,
       0.1331905 , 0.14173012, 0.29359988, 0.39654475, 0.1931805 ,
       0.17923925, 0.162294  , 0.14694325, 0.115904  , 0.52461575,
       0.15280875, 0.28700075, 0.62208925, 0.47740475, 0.17980612,
       0.140547  , 0.1688865 , 0.17588275, 0.1071975 , 0.01230562,
       0.47569625, 0.28224813, 0.3982115 , 0.19261225, 0.11817975,
       0.16176875, 0.13256   , 0.21235938, 0.41294262, 0.125635  ,
       0.1183365 , 0.51828363, 0.28735387, 0.31046262, 0.65859738,
       0.355036  , 0.35247375, 0.00746925, 0.53957012, 0.03162938,
       0.02325463, 0.49194937, 0.37107275, 0.169087  , 0.138141  ,
       0.12182412, 0.18508712, 0.104737  , 0.03388638, 0.14791075,
       0.25206575, 0.13449675, 0.51793787, 0.16898775, 0.32248212,
       0.340502  , 0.42038287, 0.02679675, 0.20219537, 0.19998212,
       0.11895437, 0.02008863, 0.47589087, 0.15675288, 0.16128487,
       0.20416875, 0.30569825, 0.1724235 , 0.10737562, 0.14668787,
       0.20571025, 0.03808438, 0.444363  , 0.25587562, 0.45971875,
       0.1503755 , 0.17396225, 0.2952935 , 0.30062013, 0.00880463,
       0.019428  , 0.15834237, 0.61362487, 0.40071912, 0.56366537,
       0.01626888, 0.1414345 , 0.027436  , 0.14420412, 0.1831685 ,
       0.16906612, 0.35895325, 0.14505037, 0.16754875, 0.19853688,
       0.2619955 , 0.1302515 , 0.5005065 , 0.41641925, 0.565413  ]), 'delta_distances': array([0.0785435 , 0.0911805 , 0.0726865 , 0.01843375, 0.10047775,
       0.1088975 , 0.08138725, 0.10370975, 0.1162605 , 0.08016975,
       0.09651425, 0.06575825, 0.05236375, 0.10485375, 0.06017275,
       0.0269405 , 0.10141   , 0.102103  , 0.06832075, 0.0764135 ,
       0.101035  , 0.142888  , 0.07010675, 0.08786025, 0.09042375,
       0.06730425, 0.07399525, 0.0658685 , 0.073474  , 0.021866  ,
       0.0241365 , 0.06733375, 0.09638825, 0.07335825, 0.04277975,
       0.07643575, 0.0705745 , 0.12906375, 0.07873525, 0.0732625 ,
       0.10537   , 0.08060575, 0.106458  , 0.0620405 , 0.01792125,
       0.0897015 , 0.06704275, 0.11063175, 0.0783155 , 0.0758915 ,
       0.1237815 , 0.08091825, 0.05959275, 0.04252125, 0.055397  ,
       0.0641575 , 0.0785325 , 0.0787015 , 0.020733  , 0.09835   ,
       0.1308035 , 0.06653575, 0.02618875, 0.11502225, 0.03686125,
       0.06808625, 0.11165125, 0.06473575, 0.07706825, 0.06824375,
       0.06400775, 0.09212475, 0.09320825, 0.195944  , 0.08939575,
       0.06809725, 0.0210655 , 0.069666  , 0.10987175, 0.10021425,
       0.11854375, 0.08077175, 0.0651495 , 0.0411025 , 0.06938425,
       0.086612  , 0.06425575, 0.08173175, 0.07259375, 0.1009235 ,
       0.0807325 , 0.07108325, 0.06755025, 0.082665  , 0.10238475,
       0.031135  , 0.06217   , 0.06960075, 0.0768295 , 0.074821  ,
       0.024468  , 0.07232   , 0.12986525, 0.        , 0.0682095 ,
       0.07352525, 0.14424275, 0.06286875, 0.0275145 , 0.13081225,
       0.064726  , 0.063771  , 0.073726  , 0.1612    , 0.08255325,
       0.093991  , 0.064901  , 0.0702205 , 0.0720725 , 0.12326775,
       0.07507025, 0.08238675, 0.1348275 , 0.12004475, 0.0836445 ,
       0.068371  , 0.07392   , 0.079863  , 0.05337075, 0.0285725 ,
       0.10740925, 0.0980435 , 0.09212225, 0.071657  , 0.0554875 ,
       0.06770025, 0.06998475, 0.06182075, 0.1205595 , 0.060323  ,
       0.06134775, 0.1212965 , 0.07730125, 0.07194375, 0.13537675,
       0.077972  , 0.100467  , 0.02198425, 0.1138475 , 0.03886225,
       0.048595  , 0.1032475 , 0.10290575, 0.07355675, 0.065241  ,
       0.07320025, 0.0735025 , 0.0461505 , 0.04960325, 0.069532  ,
       0.07621425, 0.0771055 , 0.1160285 , 0.06299625, 0.08394475,
       0.09475425, 0.10963375, 0.036411  , 0.0831195 , 0.0699595 ,
       0.0612    , 0.040693  , 0.10176475, 0.066465  , 0.070635  ,
       0.07175475, 0.088073  , 0.069721  , 0.0527445 , 0.07116025,
       0.07979   , 0.0713795 , 0.10752175, 0.0837375 , 0.12667375,
       0.0806235 , 0.06935725, 0.081679  , 0.09004025, 0.02588675,
       0.035112  , 0.0770905 , 0.09778975, 0.0847075 , 0.11803525,
       0.028793  , 0.0647015 , 0.04010375, 0.07403375, 0.06509075,
       0.06282725, 0.1139485 , 0.06037175, 0.06811575, 0.08195025,
       0.06940675, 0.06343275, 0.114758  , 0.10677625, 0.1394455 ]), 'locations': array([ 0,  0,  0, 60,  0,  0,  0,  0,  0,  0,  0,  0,  0,  0,  0, 71,  0,
        0,  0,  0,  0,  0,  0,  0, 73,  0,  0,  0,  0, 74, 73,  0,  0,  0,
       70,  0,  0,  0,  0,  0,  0,  0,  0,  0, 72,  0,  0,  0,  0,  0,  0,
        0,  0, 71,  0,  0,  0,  0, 72,  0,  0,  0, 60,  0, 70,  0,  0,  0,
        0,  0,  0,  0,  0, 72,  0,  0, 68,  0,  0,  0,  0,  0,  0, 69,  0,
        0,  0,  0,  0,  0,  0,  0,  0,  0,  0, 71,  0,  0,  0, 70, 70,  0,
        0, 69,  0,  0,  0,  0, 60,  0,  0,  0,  0, 71,  0,  0,  0,  0,  0,
        0,  0,  0,  0,  0,  0,  0,  0,  0,  0, 71,  0,  0,  0,  0,  0,  0,
        0,  0,  0,  0,  0,  0,  0,  0,  0,  0,  0, 73,  0, 72, 71,  0,  0,
        0,  0,  0,  0,  0, 71,  0,  0,  0,  0,  0,  0,  0,  0, 71,  0,  0,
        0, 69,  0,  0,  0,  0,  0,  0,  0,  0,  0, 71,  0,  0,  0,  0,  0,
        0,  0, 73, 70,  0,  0,  0,  0, 62,  0, 72,  0,  0,  0,  0,  0,  0,
        0,  0,  0,  0,  0,  0])}], 'clusters': array([1, 1, 1, 1, 1, 0, 1, 0, 0, 1, 0, 1, 1, 0, 1, 1, 0, 0, 1, 1, 1, 0,
       1, 1, 1, 1, 1, 1, 1, 1, 1, 1, 0, 1, 1, 1, 1, 0, 1, 1, 0, 1, 1, 1,
       1, 1, 1, 0, 1, 1, 0, 1, 1, 1, 1, 1, 1, 1, 1, 0, 0, 1, 1, 0, 1, 1,
       0, 1, 1, 1, 1, 1, 1, 0, 1, 1, 1, 1, 1, 1, 1, 1, 1, 1, 1, 1, 1, 1,
       1, 0, 1, 1, 1, 1, 1, 1, 1, 1, 1, 1, 1, 1, 0, 1, 1, 1, 1, 1, 1, 1,
       1, 1, 1, 1, 1, 1, 1, 1, 1, 0, 1, 1, 0, 0, 1, 1, 1, 1, 1, 1, 0, 1,
       1, 1, 1, 1, 1, 1, 1, 1, 1, 0, 1, 1, 0, 1, 1, 1, 0, 1, 1, 0, 1, 1,
       1, 1, 1, 1, 1, 1, 1, 1, 0, 1, 1, 1, 1, 1, 1, 1, 1, 1, 0, 1, 1, 1,
       1, 1, 1, 1, 1, 1, 0, 1, 0, 1, 1, 1, 1, 1, 1, 1, 0, 1, 0, 1, 1, 1,
       1, 1, 1, 1, 1, 1, 1, 1, 1, 0, 1, 0]), 'time': 109.36003804206848}
lenSubsequence: 10{'RI': 0.4150375939849624, 'num_clusters': 3, 'uShapelets': [{'ts_index': 156, 'loc': 133, 'gap': 0.089945303283871, 'distances': array([0.0062045, 0.0082363, 0.0171046, 0.0123558, 0.0994449, 0.1998269,
       0.0027814, 0.0661939, 0.1447594, 0.0100037, 0.1057012, 0.0258266,
       0.007232 , 0.2057116, 0.0340298, 0.0125854, 0.1761542, 0.303935 ,
       0.0063304, 0.0204471, 0.0976872, 0.2044724, 0.0183558, 0.0412844,
       0.0355067, 0.0074033, 0.0077975, 0.0295978, 0.0067808, 0.0043056,
       0.0096355, 0.0026868, 0.2473681, 0.0206311, 0.012415 , 0.0173941,
       0.0460319, 0.1354912, 0.2567501, 0.0140494, 0.1883984, 0.0998972,
       0.0758966, 0.0080909, 0.0108427, 0.013984 , 0.0052528, 0.0584653,
       0.0066878, 0.0043426, 0.201507 , 0.0137408, 0.0051357, 0.0055036,
       0.0327825, 0.0088961, 0.005109 , 0.0258893, 0.0147638, 0.1108789,
       0.2223966, 0.1200579, 0.0138635, 0.1696886, 0.0112043, 0.0445065,
       0.1962018, 0.0064959, 0.0185662, 0.0077795, 0.002557 , 0.0315441,
       0.0372103, 0.0671188, 0.0829205, 0.0181676, 0.0042556, 0.02181  ,
       0.1330355, 0.1261322, 0.0938452, 0.0147381, 0.0390396, 0.0283428,
       0.0045152, 0.0043048, 0.0388126, 0.0201936, 0.0395057, 0.1953654,
       0.0029617, 0.0164079, 0.0462323, 0.0136208, 0.0534304, 0.0152285,
       0.080419 , 0.0549174, 0.0181114, 0.0214695, 0.0038738, 0.0052033,
       0.1158225, 0.0200739, 0.0186109, 0.063842 , 0.1853115, 0.0047574,
       0.0318731, 0.1144469, 0.0104055, 0.0057148, 0.0127684, 0.0991522,
       0.013243 , 0.0070611, 0.0064944, 0.0038629, 0.0099165, 0.2072417,
       0.0038261, 0.031296 , 0.1209748, 0.1875925, 0.0241   , 0.0088487,
       0.0062654, 0.012663 , 0.0098657, 0.018462 , 0.2493387, 0.0112276,
       0.0833352, 0.01101  , 0.010989 , 0.003964 , 0.013522 , 0.0593934,
       0.086494 , 0.0029524, 0.0102015, 0.079925 , 0.0387231, 0.0104859,
       0.1922888, 0.0706126, 0.0776568, 0.0143943, 0.1634735, 0.0051742,
       0.0096721, 0.1839687, 0.0635959, 0.0060461, 0.0181857, 0.0122789,
       0.       , 0.0384893, 0.0075084, 0.0030026, 0.0388408, 0.0156749,
       0.3092861, 0.0120116, 0.3376969, 0.0336475, 0.0549165, 0.0145431,
       0.0305912, 0.0154701, 0.0215748, 0.0124915, 0.2186378, 0.0067921,
       0.0201459, 0.0294524, 0.0419733, 0.0201122, 0.027949 , 0.0050631,
       0.0127545, 0.0417855, 0.1126387, 0.1292519, 0.2235186, 0.0032496,
       0.0366437, 0.0332749, 0.0166666, 0.0305019, 0.0105534, 0.1495468,
       0.2362636, 0.0661686, 0.1999073, 0.0038184, 0.0106088, 0.0110822,
       0.0027322, 0.0854648, 0.0034341, 0.0874593, 0.0132956, 0.0041301,
       0.010616 , 0.0235095, 0.0127622, 0.216983 , 0.0933115, 0.1740489]), 'delta_distances': array([0.007911 , 0.0103156, 0.014015 , 0.0154348, 0.03318  , 0.0300916,
       0.0052664, 0.0244254, 0.035898 , 0.0100562, 0.0325904, 0.0254172,
       0.007525 , 0.0400244, 0.018072 , 0.0173062, 0.0294562, 0.0441696,
       0.010569 , 0.0097992, 0.0237666, 0.0361036, 0.0143298, 0.0199034,
       0.046772 , 0.0110638, 0.0074294, 0.0152114, 0.008887 , 0.0078532,
       0.0133394, 0.0052428, 0.0432882, 0.0183258, 0.019389 , 0.012504 ,
       0.019865 , 0.0246082, 0.0445766, 0.0130084, 0.0284868, 0.030915 ,
       0.0207078, 0.0106668, 0.0232804, 0.0138772, 0.0078306, 0.0156672,
       0.0077062, 0.0070096, 0.0410756, 0.0107002, 0.007191 , 0.0068496,
       0.0163428, 0.0105172, 0.0108368, 0.017103 , 0.0169342, 0.0350272,
       0.038822 , 0.0373754, 0.0120236, 0.032015 , 0.0145412, 0.0192204,
       0.0309208, 0.0083624, 0.0128044, 0.0091418, 0.005107 , 0.0235068,
       0.0187534, 0.0310254, 0.029152 , 0.0141484, 0.0100858, 0.012887 ,
       0.0331394, 0.0337644, 0.0239916, 0.0151086, 0.0248076, 0.032745 ,
       0.0061992, 0.0052074, 0.0229422, 0.014514 , 0.0215986, 0.0362104,
       0.0043678, 0.0128092, 0.023152 , 0.0097798, 0.0227362, 0.0148412,
       0.0325556, 0.027416 , 0.010459 , 0.0312006, 0.0074082, 0.0079528,
       0.0306744, 0.0308194, 0.0156482, 0.0194192, 0.0380756, 0.0065392,
       0.0300756, 0.0318008, 0.0096078, 0.0079798, 0.0103294, 0.0334738,
       0.0116436, 0.007217 , 0.00979  , 0.0080198, 0.0117434, 0.038784 ,
       0.0066454, 0.0210098, 0.0283214, 0.031517 , 0.0119468, 0.008628 ,
       0.0066876, 0.0081998, 0.0088054, 0.0223814, 0.033087 , 0.008143 ,
       0.0167324, 0.0117552, 0.0098294, 0.0052632, 0.0132654, 0.0234508,
       0.022307 , 0.0054826, 0.009443 , 0.0257762, 0.0201696, 0.0108318,
       0.0418836, 0.0165054, 0.0310756, 0.0271936, 0.0378404, 0.0111534,
       0.0177136, 0.0341308, 0.0212862, 0.008125 , 0.0148794, 0.0106082,
       0.       , 0.0135378, 0.0149764, 0.0045682, 0.0161064, 0.0139402,
       0.0444576, 0.0090988, 0.0482114, 0.0121232, 0.0201602, 0.0183772,
       0.0225778, 0.0117336, 0.0140394, 0.0158856, 0.0374406, 0.006544 ,
       0.0148048, 0.0210704, 0.0207648, 0.020004 , 0.0170902, 0.0072004,
       0.0078962, 0.0366674, 0.033167 , 0.0355914, 0.0429784, 0.0074598,
       0.0168766, 0.0223278, 0.0114706, 0.034627 , 0.00944  , 0.0307436,
       0.0372714, 0.017424 , 0.030483 , 0.0059066, 0.0079748, 0.0213436,
       0.0040524, 0.0276472, 0.0045768, 0.0274018, 0.0116356, 0.0059526,
       0.0090244, 0.0169512, 0.007903 , 0.0346482, 0.0259552, 0.0322232]), 'locations': array([133, 133, 133,  52, 133, 133, 133, 133, 133, 133, 133, 133, 133,
       133, 133,  64, 133, 133, 133, 132, 133, 133, 133, 133,  66, 133,
       133, 133, 133,  67,  66, 133, 133, 133,  63, 133, 133, 133, 133,
       133, 133, 133, 133, 133,  65, 133, 133, 133, 133, 133, 133, 133,
       133,  64, 133, 133, 133, 133,  65, 133, 133, 133,  53, 133,  63,
       133, 133, 133, 133, 133, 133, 133, 133, 133, 133, 133,  61, 132,
       133, 133, 133, 133, 132,  63, 133, 133, 133, 133, 133, 133, 133,
       133, 133, 133, 133,  63, 133, 133, 133,  63,  63, 133, 133,  62,
       133, 133, 133, 133,  53, 133, 133, 133, 133, 133, 133, 133, 133,
       133, 133, 133, 133, 133, 133, 133, 132, 133, 133, 133, 133,  64,
       133, 133, 133, 133, 133, 133, 133, 133, 133, 133, 133, 133, 133,
       133, 133, 133, 133,  66, 133,  65,  64, 133, 133, 133, 133, 133,
       133, 133,  65, 133, 133, 133, 133, 133, 133, 133, 133,  63, 133,
       133, 133,  62, 133, 133, 133, 133, 133, 133, 133, 133, 133,  64,
       133, 133, 133, 133, 133, 133, 133,  67,  63, 133, 133, 133, 133,
        55, 133,  66, 133, 133, 133, 133, 133, 133, 133, 133, 133, 133,
       133, 133])}, {'ts_index': 194, 'loc': 105, 'gap': 0.07594335751807751, 'distances': array([0.0183804, 0.0091305, 0.0076655, 0.0215432, 0.0159968, 0.0074486,
       0.0086561, 0.0223502, 0.1140542, 0.0114605, 0.1184782, 0.0148987,
       0.1021326, 0.0070494, 0.0022407, 0.1146798, 0.1278671, 0.0404267,
       0.0157288, 0.0038651, 0.0153293, 0.0168827, 0.0139214, 0.0333114,
       0.0029828, 0.0139946, 0.0061607, 0.0114005, 0.0089688, 0.225954 ,
       0.0129331, 0.163953 , 0.0195637, 0.       , 0.0162492, 0.0135107]), 'delta_distances': array([0.0127746, 0.0152428, 0.0118328, 0.0294532, 0.0231074, 0.0164034,
       0.0172786, 0.0304762, 0.0828704, 0.0226294, 0.0541598, 0.02171  ,
       0.0466492, 0.0174842, 0.007862 , 0.0644096, 0.090864 , 0.0268704,
       0.0259838, 0.0134808, 0.0247424, 0.0285772, 0.0235316, 0.029832 ,
       0.0107048, 0.016618 , 0.013485 , 0.0215248, 0.0161202, 0.0893182,
       0.0164012, 0.0893536, 0.0223406, 0.       , 0.0282202, 0.014539 ]), 'locations': array([105, 106, 105, 106, 103, 105, 106, 105,  70, 106,  43, 105,  70,
       105, 105,  47,  70, 105, 106, 105, 106, 105, 105, 104, 106, 106,
       105, 106, 105,  69, 106,  45, 104, 105, 106, 104])}], 'clusters': array([1, 1, 1, 1, 1, 2, 1, 1, 2, 1, 1, 1, 1, 2, 1, 1, 2, 2, 1, 1, 1, 2,
       1, 1, 1, 1, 1, 1, 1, 1, 1, 1, 2, 1, 1, 1, 1, 2, 0, 1, 2, 1, 1, 1,
       1, 1, 1, 1, 1, 1, 0, 1, 1, 1, 1, 1, 1, 1, 1, 1, 2, 0, 1, 2, 1, 1,
       2, 1, 1, 1, 1, 1, 1, 1, 1, 1, 1, 1, 0, 0, 1, 1, 1, 1, 1, 1, 1, 1,
       1, 2, 1, 1, 1, 1, 1, 1, 1, 1, 1, 1, 1, 1, 1, 1, 1, 1, 2, 1, 1, 1,
       1, 1, 1, 1, 1, 1, 1, 1, 1, 2, 1, 1, 2, 2, 1, 1, 1, 1, 1, 1, 2, 1,
       1, 1, 1, 1, 1, 1, 1, 1, 1, 1, 1, 1, 2, 1, 1, 1, 2, 1, 1, 2, 1, 1,
       1, 1, 1, 1, 1, 1, 1, 1, 2, 1, 2, 1, 1, 1, 1, 1, 1, 1, 2, 1, 1, 1,
       1, 1, 1, 1, 1, 1, 1, 0, 2, 1, 1, 1, 1, 1, 1, 0, 2, 1, 2, 1, 1, 1,
       1, 1, 1, 1, 1, 1, 1, 1, 1, 2, 1, 2]), 'time': 108.36412906646729}
lenSubsequence: 12{'RI': 0.6268398268398269, 'num_clusters': 2, 'uShapelets': [{'ts_index': 138, 'loc': 70, 'gap': 0.30091089901375423, 'distances': array([0.40565808, 0.07224717, 0.47125267, 0.27742042, 0.08150258,
       0.07244808, 0.47462692, 0.03880475, 0.08954525, 0.42338267,
       0.02204025, 0.53927325, 0.49695225, 0.07314292, 0.51077608,
       0.51790333, 0.07340258, 0.06500175, 0.35022742, 0.65294975,
       0.01970108, 0.04805208, 0.06471758, 0.03732175, 0.4437445 ,
       0.48220433, 0.44993625, 0.0372775 , 0.5832505 , 0.41938725,
       0.44982333, 0.4826285 , 0.03394225, 0.63953008, 0.43290633,
       0.45438217, 0.52514525, 0.0833605 , 0.02347725, 0.42065575,
       0.10752033, 0.03254125, 0.04846642, 0.45329208, 0.40010758,
       0.37623283, 0.57796883, 0.02479633, 0.377616  , 0.56425983,
       0.026682  , 0.63046242, 0.42536792, 0.36082125, 0.47923333,
       0.43866592, 0.350765  , 0.02465892, 0.43494217, 0.01950683,
       0.09181333, 0.08918958, 0.277914  , 0.06673183, 0.42000817,
       0.0278855 , 0.07641283, 0.54807775, 0.57075483, 0.07032058,
       0.38315683, 0.06232992, 0.38465475, 0.024525  , 0.04616983,
       0.369341  , 0.4837065 , 0.67501983, 0.02329742, 0.012372  ,
       0.02733317, 0.65488225, 0.55889333, 0.4424185 , 0.48360508,
       0.60274208, 0.066539  , 0.58604992, 0.03146858, 0.07803892,
       0.36001667, 0.65150875, 0.02811175, 0.02743667, 0.06321808,
       0.42912458, 0.02548042, 0.0525055 , 0.53135758, 0.39102092,
       0.35820158, 0.58730283, 0.087424  , 0.45046475, 0.62773858,
       0.13240983, 0.14421342, 0.450047  , 0.30339517, 0.25220992,
       0.49171942, 0.48058475, 0.06163675, 0.04323692, 0.37888367,
       0.41230567, 0.534032  , 0.46816742, 0.61889883, 0.06555258,
       0.42799217, 0.034816  , 0.08550175, 0.06958192, 0.655882  ,
       0.4306145 , 0.40698717, 0.63346558, 0.59778167, 0.51606733,
       0.07456692, 0.04647067, 0.0259605 , 0.35099242, 0.61653708,
       0.5609795 , 0.59342167, 0.031174  , 0.        , 0.40870208,
       0.61499058, 0.03813858, 0.02573142, 0.03194725, 0.07802567,
       0.04279225, 0.04397158, 0.43562492, 0.04777892, 0.39689875,
       0.40847292, 0.07503558, 0.02648617, 0.57359267, 0.58887025,
       0.62361042, 0.48905042, 0.36289775, 0.40792983, 0.54824508,
       0.02100292, 0.61246217, 0.09206783, 0.4167035 , 0.06110792,
       0.00728883, 0.01871   , 0.41337725, 0.377575  , 0.387772  ,
       0.61494517, 0.45531558, 0.08052808, 0.63857467, 0.49903   ,
       0.25893625, 0.02108467, 0.41874233, 0.64511917, 0.45826758,
       0.47932725, 0.45134042, 0.02740092, 0.02592458, 0.09424908,
       0.50638558, 0.5990275 , 0.04454217, 0.03339333, 0.4387495 ,
       0.41236242, 0.01611575, 0.08777542, 0.01911042, 0.05411575,
       0.25494575, 0.62837808, 0.46154375, 0.40877667, 0.03260225,
       0.50206083, 0.0156565 , 0.6071865 , 0.419924  , 0.42262442,
       0.03214133, 0.582125  , 0.04829558, 0.029704  , 0.06571867]), 'delta_distances': array([0.1063495 , 0.08438467, 0.15569233, 0.0799455 , 0.08356667,
       0.06852567, 0.17792933, 0.036649  , 0.06745233, 0.12836133,
       0.035553  , 0.14772117, 0.11842483, 0.0557115 , 0.16656983,
       0.11184517, 0.056479  , 0.0649465 , 0.10923633, 0.1313385 ,
       0.03665717, 0.04437383, 0.0549595 , 0.03629183, 0.14447183,
       0.14556817, 0.12964433, 0.03618233, 0.13957717, 0.110645  ,
       0.13711383, 0.11694467, 0.04957933, 0.13620483, 0.1121375 ,
       0.16919483, 0.135005  , 0.06942333, 0.03706417, 0.10867867,
       0.07334117, 0.0420415 , 0.06102833, 0.12209983, 0.09393833,
       0.11845617, 0.1228455 , 0.0357225 , 0.11012117, 0.15105833,
       0.042244  , 0.15361733, 0.131137  , 0.09318067, 0.15632533,
       0.13616233, 0.130188  , 0.02903483, 0.11579083, 0.02708717,
       0.072246  , 0.06812767, 0.08718617, 0.0534585 , 0.0901825 ,
       0.05028233, 0.05542483, 0.15553917, 0.142972  , 0.07891217,
       0.13949617, 0.0517845 , 0.12343033, 0.03566667, 0.05307217,
       0.119032  , 0.14592983, 0.146743  , 0.03528   , 0.02085567,
       0.03218333, 0.1563285 , 0.144536  , 0.137629  , 0.1512525 ,
       0.1570735 , 0.065569  , 0.146211  , 0.02946833, 0.0620535 ,
       0.11827067, 0.13870133, 0.040124  , 0.03555183, 0.055124  ,
       0.1408665 , 0.03280367, 0.06306917, 0.12312683, 0.10367733,
       0.09520817, 0.21052317, 0.068337  , 0.09679117, 0.12315533,
       0.11017117, 0.08778167, 0.14283283, 0.07494117, 0.0968935 ,
       0.11956367, 0.15185667, 0.05137633, 0.04322   , 0.1167525 ,
       0.11630683, 0.14872467, 0.1487695 , 0.138762  , 0.04995367,
       0.11704917, 0.04612717, 0.06423517, 0.0517895 , 0.13289983,
       0.12133183, 0.11115667, 0.14848717, 0.11899483, 0.16473617,
       0.06768217, 0.0447155 , 0.0359695 , 0.118216  , 0.12913867,
       0.10725933, 0.13075717, 0.04091533, 0.        , 0.11391367,
       0.12822883, 0.04472533, 0.04062633, 0.04370867, 0.05321367,
       0.05566833, 0.04544117, 0.11560833, 0.04084183, 0.09481767,
       0.096022  , 0.068671  , 0.03232967, 0.105328  , 0.14474833,
       0.153535  , 0.16152783, 0.09658967, 0.1664525 , 0.18141967,
       0.02814183, 0.13141167, 0.057509  , 0.14153317, 0.03696583,
       0.01369583, 0.02605283, 0.101477  , 0.1257545 , 0.11242633,
       0.12731917, 0.12210083, 0.05285417, 0.13329733, 0.18611867,
       0.11804133, 0.02433383, 0.11428583, 0.14147317, 0.1291915 ,
       0.16763267, 0.10348733, 0.03536717, 0.03595633, 0.07186417,
       0.17022533, 0.14902533, 0.05190167, 0.042515  , 0.12977083,
       0.15033433, 0.02804417, 0.08435917, 0.0249355 , 0.04950033,
       0.06634867, 0.1241285 , 0.15012883, 0.1191115 , 0.03153667,
       0.16939517, 0.0263355 , 0.1259685 , 0.120055  , 0.1072635 ,
       0.03691883, 0.171951  , 0.046659  , 0.032522  , 0.05027717]), 'locations': array([ 54,  70,  45, 129,  69,  29,  41,  72,  28,  39,  72,  42,  82,
        29,  47,   3,  29,  30,  53,   2,  70,  29,  70,  68,  77,  53,
        52,  68,   2,   0,  79,  53,  29,   3,   2,  45,   2,  28,  70,
        53,  29,  69,  69,  55,   3,  52,   2,  71,  54,   2,  68,   2,
        54,   2,  47,  56,  42,  65,  77,  77,  29,  70, 129,  28,   3,
        68,  29,  42,  81,  69,  40,  69,  46,  70,  67,  46,  73,   3,
        71,  70,  69,   3,  55,  75,  42,   2,  68,  81,  68,  30,  42,
         3,  68,  68,  75,  75,  70,  72,   2,   1,   2,  42,  28,   3,
         3,  68,  29,  53, 128,  71,  55,  54,  68,  69,  52,  53,  55,
        55,   3,  29,  52,  71,  28,  30,   3,  53,  53,   2,   3,  76,
        29,  68,  70,  56,   3,   2,   3,  68,  70,  54,   3,  68,  65,
        68,  29,  72,  69,  78,  28,   2,   3,  29,  79,   2,   3,   2,
        43,   4,  76,  43,  68,   2,  31,  44,  29,  70,  69,   3,  45,
        52,   3,   2,  28,   2,  44,  48,  74,  52,   4,  53,  45,   3,
        71,  69,  28,  53,  80,  67,  66,  78,  74,  73,  29,  70,  29,
       128,   3,  77,  54,  71,  42,  61,   3,  54,  55,  68,  55,  30,
        70,  29])}], 'clusters': array([0, 1, 0, 0, 1, 1, 0, 1, 1, 0, 1, 0, 0, 1, 0, 0, 1, 1, 0, 0, 1, 1,
       1, 1, 0, 0, 0, 1, 0, 0, 0, 0, 1, 0, 0, 0, 0, 1, 1, 0, 1, 1, 1, 0,
       0, 0, 0, 1, 0, 0, 1, 0, 0, 0, 0, 0, 0, 1, 0, 1, 1, 1, 0, 1, 0, 1,
       1, 0, 0, 1, 0, 1, 0, 1, 1, 0, 0, 0, 1, 1, 1, 0, 0, 0, 0, 0, 1, 0,
       1, 1, 0, 0, 1, 1, 1, 0, 1, 1, 0, 0, 0, 0, 1, 0, 0, 1, 1, 0, 0, 0,
       0, 0, 1, 1, 0, 0, 0, 0, 0, 1, 0, 1, 1, 1, 0, 0, 0, 0, 0, 0, 1, 1,
       1, 0, 0, 0, 0, 1, 1, 0, 0, 1, 1, 1, 1, 1, 1, 0, 1, 0, 0, 1, 1, 0,
       0, 0, 0, 0, 0, 0, 1, 0, 1, 0, 1, 1, 1, 0, 0, 0, 0, 0, 1, 0, 0, 0,
       1, 0, 0, 0, 0, 0, 1, 1, 1, 0, 0, 1, 1, 0, 0, 1, 1, 1, 1, 0, 0, 0,
       0, 1, 0, 1, 0, 0, 0, 1, 0, 1, 1, 1]), 'time': 136.43189144134521}
lenSubsequence: 13{'RI': 0.7508771929824561, 'num_clusters': 3, 'uShapelets': [{'ts_index': 103, 'loc': 67, 'gap': 0.2624054418609647, 'distances': array([0.72854854, 0.83464562, 0.61233477, 0.01620177, 0.96893177,
       1.26576562, 0.64001792, 1.05505085, 1.26788338, 0.77217415,
       0.65905969, 0.58622031, 0.49531646, 1.21990569, 0.44404877,
       0.01208438, 1.22217962, 1.08303808, 0.72045354, 0.68322631,
       0.87787923, 1.08510677, 0.69895692, 0.72845892, 0.04740031,
       0.55464477, 0.66840392, 0.74246123, 0.59883915, 0.00989723,
       0.00712946, 0.56369646, 1.00679323, 0.634987  , 0.01385446,
       0.56718838, 0.47306092, 1.26673115, 0.84633423, 0.61424369,
       1.29731177, 0.940906  , 0.86441692, 0.52325377, 0.00862431,
       0.78697615, 0.60752469, 0.94191246, 0.68583085, 0.58803062,
       0.70202146, 0.60694269, 0.58698208, 0.01632062, 0.52033877,
       0.50791   , 0.71945069, 0.80172315, 0.01301546, 0.62308377,
       1.27231215, 0.67103977, 0.01352269, 1.22607969, 0.01543254,
       0.64958385, 1.263003  , 0.63473523, 0.57083946, 0.90352823,
       0.69944123, 0.71179746, 0.66573562, 0.59143154, 0.52912062,
       0.65213046, 0.00798438, 0.665415  , 0.74074992, 0.89458677,
       0.96394923, 0.68734969, 0.88266662, 0.02952146, 0.63469515,
       0.54277331, 0.66671992, 0.70210323, 0.67631931, 1.20258185,
       0.73421238, 0.58543385, 0.72912662, 0.76865331, 1.03517023,
       0.01498669, 0.57527331, 0.59472692, 0.52630131, 0.03373592,
       0.01002162, 0.54809292, 1.30691562, 0.        , 0.64465985,
       0.79094715, 1.24060623, 0.541375  , 0.01748931, 0.99761138,
       0.54244385, 0.54595915, 0.79671992, 0.54606669, 0.724159  ,
       0.61150877, 0.61792715, 0.59034846, 0.54114569, 1.21032569,
       0.59356746, 0.70837015, 1.28232877, 1.22822246, 0.65983685,
       0.57745515, 0.62984331, 0.68337615, 0.48844808, 0.010518  ,
       1.25974592, 0.81112354, 0.92627062, 0.66287531, 0.55846062,
       0.58041554, 0.51930285, 0.61951608, 0.772375  , 0.56454769,
       0.552695  , 1.06547138, 0.72149315, 0.79739554, 1.22339123,
       0.94401008, 0.58622746, 0.01035292, 1.10158846, 0.02271708,
       0.01954069, 1.29222346, 0.737498  , 0.588853  , 0.554306  ,
       0.57069062, 0.65470131, 0.33116808, 0.02444285, 0.57772792,
       0.68079623, 0.57258908, 1.01866238, 0.62558562, 1.14240146,
       0.81755185, 0.75517508, 0.02112846, 0.62492708, 0.72898077,
       0.55230431, 0.01674523, 1.26938862, 0.64115115, 0.61863846,
       0.57234077, 0.72046285, 0.64224615, 0.501516  , 0.55985915,
       0.67190231, 0.03347223, 0.54575938, 0.69981223, 1.23912415,
       0.56942385, 0.71771792, 0.78744092, 0.78228792, 0.01442177,
       0.01590808, 0.58287208, 1.24218962, 0.65926646, 1.10116838,
       0.01496   , 0.59650292, 0.02201608, 0.59008623, 0.55921754,
       0.61596646, 0.854861  , 0.59016669, 0.617423  , 0.60647285,
       0.72535508, 0.55431631, 1.03315438, 0.86318223, 1.21698877]), 'delta_distances': array([0.12121231, 0.28571723, 0.11486108, 0.02153185, 0.12426292,
       0.28020615, 0.11924169, 0.26704292, 0.25776308, 0.13109169,
       0.22636354, 0.10491215, 0.09021554, 0.241358  , 0.09312554,
       0.02087185, 0.26370815, 0.27622431, 0.11418892, 0.12547323,
       0.25310785, 0.23995415, 0.11016985, 0.10876231, 0.07581569,
       0.10779477, 0.11160123, 0.10222754, 0.09803185, 0.01712569,
       0.01630523, 0.10613492, 0.30536892, 0.117566  , 0.03629046,
       0.10472169, 0.11252846, 0.283604  , 0.12310738, 0.11095231,
       0.15307923, 0.12251338, 0.15095538, 0.10748154, 0.01911846,
       0.11928923, 0.11748969, 0.294356  , 0.10615662, 0.11358831,
       0.20696554, 0.12612554, 0.10665046, 0.03784431, 0.08827615,
       0.10696185, 0.12837369, 0.23811862, 0.02010246, 0.16599738,
       0.25287031, 0.10684015, 0.02176585, 0.25842462, 0.03218985,
       0.11380354, 0.24964062, 0.10977185, 0.10286585, 0.11801723,
       0.097388  , 0.14052769, 0.12591031, 0.18590246, 0.18486062,
       0.10430892, 0.01998462, 0.10810877, 0.20996677, 0.21618477,
       0.14978123, 0.12005031, 0.12191646, 0.04066062, 0.10349462,
       0.11367862, 0.10783308, 0.12375508, 0.19333   , 0.28313062,
       0.12518354, 0.11025815, 0.107864  , 0.23530446, 0.14145692,
       0.02337031, 0.102358  , 0.11725092, 0.10998646, 0.05491815,
       0.02439708, 0.11710738, 0.29444185, 0.        , 0.09779062,
       0.10815323, 0.200352  , 0.10298938, 0.02047862, 0.18650938,
       0.10446954, 0.09808369, 0.12390738, 0.17209092, 0.12522538,
       0.13821277, 0.10146692, 0.12690215, 0.12530492, 0.23697092,
       0.09210754, 0.11650646, 0.28053923, 0.23640092, 0.11848031,
       0.10929031, 0.11016754, 0.11482954, 0.08757523, 0.02076923,
       0.28323785, 0.13937754, 0.14223554, 0.10075862, 0.09938308,
       0.10625877, 0.09469631, 0.10814308, 0.21273154, 0.11908923,
       0.10135892, 0.30352954, 0.11749615, 0.22953877, 0.26338431,
       0.126302  , 0.11531662, 0.02469738, 0.24435738, 0.03203677,
       0.03780046, 0.28534708, 0.17617031, 0.11238923, 0.105376  ,
       0.11057631, 0.12218077, 0.07884631, 0.03864338, 0.10725231,
       0.11148138, 0.10560354, 0.163532  , 0.11648   , 0.13835138,
       0.19146154, 0.19331723, 0.03101769, 0.13690169, 0.11741   ,
       0.10161108, 0.03223446, 0.23956185, 0.10741262, 0.11512215,
       0.10753585, 0.13274108, 0.122822  , 0.11658015, 0.11561831,
       0.12285708, 0.05706538, 0.18932754, 0.24616246, 0.18417877,
       0.11551169, 0.10603277, 0.12406492, 0.13363369, 0.03182815,
       0.02925431, 0.11778015, 0.26773477, 0.18466908, 0.26196892,
       0.03109708, 0.09939123, 0.03509231, 0.103002  , 0.10246354,
       0.08848477, 0.20063231, 0.09999108, 0.10621231, 0.11867923,
       0.10625031, 0.09662923, 0.23785369, 0.22679738, 0.23647446]), 'locations': array([ 0, 69,  0, 58,  0, 29,  0, 72, 27,  0, 72,  0,  0, 29,  0, 69, 29,
       30,  0,  0, 70, 29,  0,  0, 70,  0,  0,  0,  0, 72, 71,  0, 29,  0,
       68,  0,  0, 28,  0,  0,  0,  0,  0,  0, 70,  0,  0, 71,  0,  0, 68,
        0,  0, 69,  0,  0,  0, 66, 70, 77, 29,  0, 58, 28, 68,  0, 29,  0,
        0,  0,  0,  0,  0, 70, 68,  0, 66,  0, 72, 70,  0,  0,  0, 67,  0,
        0,  0,  0, 68, 30,  0,  0,  0, 67,  0, 69,  0,  0,  0, 68, 68,  0,
       28, 67,  0,  0,  0,  0, 59,  0,  0,  0,  0, 69,  0,  0,  0,  0,  0,
       29,  0,  0, 28, 30,  0,  0,  0,  0,  0, 69, 29,  0,  0,  0,  0,  0,
        0,  0, 70,  0,  0, 68,  0, 67, 29,  0,  0, 71, 28, 70, 69, 29, 79,
        0,  0,  0,  0,  0, 70,  0,  0,  0,  0,  0,  0, 70, 69, 69,  0,  0,
        0, 67, 28,  0,  0,  0,  0,  0,  0,  0,  0, 69, 71, 69,  0,  0,  0,
        0,  0, 71, 68,  0, 30, 70, 29, 60,  0, 71,  0,  0,  0, 61,  0,  0,
        0,  0,  0, 30, 70, 29])}, {'ts_index': 59, 'loc': 76, 'gap': 0.34045645339859437, 'distances': array([0.47514723, 0.10782369, 0.52838269, 0.12298915, 0.12153623,
       0.54411654, 0.06466854, 0.12621146, 0.47979185, 0.02124531,
       0.53378062, 0.11079869, 0.11700023, 0.10756192, 0.42140708,
       0.67085192, 0.04436315, 0.09345792, 0.12548608, 0.05907946,
       0.55144069, 0.50323138, 0.06777177, 0.61872031, 0.55720785,
       0.05945092, 0.67572108, 0.52222131, 0.12671838, 0.05953977,
       0.48916608, 0.15963746, 0.06632677, 0.06378077, 0.51229515,
       0.45868715, 0.65259192, 0.05336969, 0.43885677, 0.62725877,
       0.02646531, 0.67852246, 0.48221654, 0.54871331, 0.40639131,
       0.03582223, 0.        , 0.13176292, 0.10954546, 0.11280923,
       0.05601208, 0.12440085, 0.62518954, 0.66026723, 0.12763277,
       0.43707877, 0.08632838, 0.441229  , 0.01635931, 0.02320146,
       0.42091731, 0.70119662, 0.01238346, 0.03842246, 0.057279  ,
       0.65131362, 0.65476346, 0.55892077, 0.66041008, 0.09084731,
       0.66789454, 0.041077  , 0.12081823, 0.41204308, 0.684685  ,
       0.04770169, 0.04116354, 0.11997446, 0.02770869, 0.10831731,
       0.652416  , 0.63921469, 0.13710623, 0.67487662, 0.17885085,
       0.20514331, 0.51495308, 0.32907831, 0.55682869, 0.54525608,
       0.10926554, 0.01386485, 0.45527015, 0.46174346, 0.62705392,
       0.53262585, 0.66361531, 0.11107938, 0.49524223, 0.07241185,
       0.14265646, 0.11410685, 0.68542969, 0.49437808, 0.46352923,
       0.67232362, 0.12487177, 0.09380123, 0.05886638, 0.40816623,
       0.66477538, 0.61183062, 0.69672238, 0.03850046, 0.01809008,
       0.46346969, 0.64786162, 0.06697531, 0.03097808, 0.062499  ,
       0.11467777, 0.08107338, 0.06257431, 0.07807862, 0.13189315,
       0.04925815, 0.62532523, 0.72216031, 0.67216662, 0.57094838,
       0.62319992, 0.05005723, 0.65908   , 0.14310815, 0.47450623,
       0.11598015, 0.03006915, 0.02503138, 0.44273046, 0.44829931,
       0.71081692, 0.127681  , 0.670263  , 0.57069869, 0.30897154,
       0.03720031, 0.48006854, 0.52477008, 0.54786946, 0.01557223,
       0.01919746, 0.15805815, 0.57555362, 0.66615692, 0.07142954,
       0.05938569, 0.01706631, 0.117052  , 0.01745669, 0.09014815,
       0.67633131, 0.47174638, 0.04135185, 0.57986754, 0.04113585,
       0.68542877, 0.48110915, 0.48504308, 0.04294177, 0.64643592,
       0.06474315, 0.04470423, 0.11907577]), 'delta_distances': array([0.10492446, 0.09347077, 0.14682323, 0.06590892, 0.06603385,
       0.13656446, 0.04800985, 0.09389754, 0.11856477, 0.02149769,
       0.086038  , 0.07646615, 0.07709738, 0.05415215, 0.12451585,
       0.08906769, 0.03251031, 0.06962446, 0.06574908, 0.05468508,
       0.12931662, 0.12748015, 0.04558246, 0.09150446, 0.12843338,
       0.04119154, 0.08936108, 0.14882892, 0.06287369, 0.03743231,
       0.12415938, 0.08189015, 0.06018262, 0.04721462, 0.11093077,
       0.15088938, 0.09438338, 0.05137015, 0.10803677, 0.09672938,
       0.03530708, 0.09627631, 0.13793708, 0.13692031, 0.12058015,
       0.04078554, 0.        , 0.06920446, 0.05345692, 0.06852062,
       0.05191046, 0.06444692, 0.19134277, 0.13801062, 0.09246754,
       0.13749415, 0.05963554, 0.12914769, 0.01595662, 0.03135554,
       0.11348985, 0.11679262, 0.02846   , 0.03548892, 0.05548569,
       0.079114  , 0.12776892, 0.14705769, 0.10738015, 0.07482631,
       0.11512338, 0.03418585, 0.06841615, 0.13300846, 0.10200662,
       0.03797262, 0.03881015, 0.05958554, 0.03225323, 0.05374615,
       0.08958692, 0.09843062, 0.06276723, 0.08644   , 0.09326338,
       0.08824385, 0.126142  , 0.14448369, 0.12382077, 0.10523708,
       0.07306477, 0.02364292, 0.1098    , 0.11030508, 0.16401062,
       0.12128277, 0.12207123, 0.06465323, 0.12268892, 0.06523523,
       0.06531815, 0.06567815, 0.08441092, 0.12563308, 0.09875738,
       0.08844923, 0.06652446, 0.06040154, 0.05315985, 0.10106769,
       0.08683185, 0.09094954, 0.09637538, 0.03525277, 0.02250246,
       0.10387754, 0.10843062, 0.04560523, 0.03006446, 0.05291677,
       0.05969831, 0.05906354, 0.05036708, 0.05572338, 0.07244969,
       0.03409477, 0.08723062, 0.09266908, 0.08297215, 0.17056508,
       0.14479569, 0.04079615, 0.09470554, 0.06993862, 0.14789123,
       0.06836123, 0.02576708, 0.02925385, 0.14280646, 0.09908246,
       0.08860738, 0.08016   , 0.11003892, 0.15181431, 0.09659538,
       0.03329092, 0.10108723, 0.123196  , 0.130918  , 0.025762  ,
       0.02261123, 0.08564323, 0.12638   , 0.11756385, 0.05418385,
       0.03278738, 0.03195292, 0.07359538, 0.02233215, 0.05461969,
       0.08676938, 0.12137308, 0.04460877, 0.15165615, 0.03441815,
       0.08871046, 0.12705985, 0.10775754, 0.04172415, 0.09780308,
       0.04103169, 0.03656508, 0.06684323]), 'locations': array([ 53,  68,  44,  68,  28,  40,  70,  26,  38,  71, 130,  28,  28,
        28,  52, 128,  69,  27,  69,  67,  52,  51,  66, 129,  52,  28,
       128,  44,  27,  69,  52,  28,  67,  67,  54,  51, 129,  69,  53,
       130,  67, 128,  52,  47,  41,  64,  76,  28,  69,  27,  67,  28,
        41,  79,  67,  39,  67,  44,  68,  66,  45, 128,  70,  69,  68,
       128,  54,  41, 129,  67,  80,  67,  29,  40, 129,  66,  66,  74,
        68,  70, 130, 129,  27, 128,  66,  28,  52,  70,  54,  53,  67,
        67,  51,  52,  54,  54, 129,  28,  51,  69,  26,  29, 128,  52,
        52, 128,  28,  67,  69,  55, 129, 129, 129,  66,  69,  53, 129,
        67,  64,  66,  27,  71,  67,  27,  28,  77, 129, 128, 129,  42,
        42,  67, 128,  30,  43,  28,  69,  67,  44,  51, 129,  27, 129,
        43,  46,  73,  52,  52,  44,  69,  67,  27,  79,  79,  65,  64,
        71,  28,  69,  28, 129,  53,  70,  41,  60, 129,  53,  54,  67,
       129,  28,  68,  28])}], 'clusters': array([0, 2, 0, 1, 2, 2, 0, 2, 2, 0, 2, 0, 1, 2, 1, 1, 2, 2, 0, 0, 2, 2,
       2, 2, 1, 0, 0, 2, 0, 1, 1, 0, 2, 0, 1, 0, 1, 2, 2, 0, 2, 2, 2, 0,
       1, 0, 0, 2, 0, 0, 2, 0, 0, 1, 0, 1, 0, 2, 1, 2, 2, 2, 1, 2, 1, 2,
       2, 0, 0, 2, 0, 2, 0, 2, 2, 0, 1, 0, 2, 2, 2, 0, 0, 1, 0, 0, 2, 0,
       2, 2, 0, 0, 2, 2, 2, 1, 2, 2, 0, 1, 1, 0, 2, 1, 0, 2, 2, 0, 1, 0,
       0, 0, 2, 2, 0, 0, 0, 0, 0, 2, 0, 2, 2, 2, 0, 0, 0, 0, 1, 1, 2, 2,
       2, 0, 0, 0, 0, 2, 2, 0, 0, 2, 2, 2, 2, 2, 2, 1, 2, 1, 1, 2, 2, 0,
       0, 0, 0, 1, 1, 0, 2, 0, 2, 0, 2, 2, 2, 1, 0, 0, 0, 1, 2, 0, 0, 0,
       2, 0, 1, 0, 0, 1, 2, 2, 2, 0, 0, 2, 2, 1, 1, 2, 2, 2, 2, 1, 0, 1,
       0, 2, 0, 2, 0, 0, 0, 2, 0, 2, 2, 2]), 'time': 185.40111446380615}
