lenSubsequence: 13{'RI': 0.4985929648241206, 'num_clusters': 7, 'uShapelets': [{'ts_index': 64, 'loc': 96, 'gap': 0.03018004165230534, 'distances': array([0.13757624, 0.13514544, 0.1172636 , 0.0391652 , 0.11318025,
       0.12315444, 0.11562966, 0.11835483, 0.07784083, 0.09137121,
       0.08341498, 0.05099912, 0.13034555, 0.11055262, 0.13023882,
       0.13271757, 0.05762263, 0.11141574, 0.08050722, 0.13104006,
       0.12534631, 0.11413782, 0.11597725, 0.10894217, 0.09333661,
       0.04797001, 0.11147392, 0.07146137, 0.09832917, 0.10972663,
       0.09384414, 0.11391585, 0.14539561, 0.1185237 , 0.04688377,
       0.1332464 , 0.05106828, 0.13906074, 0.11144391, 0.13310822,
       0.08167804, 0.12173148, 0.0364958 , 0.13538224, 0.12366259,
       0.1263458 , 0.13804065, 0.11631178, 0.04401797, 0.10922058,
       0.10827113, 0.12189316, 0.08345674, 0.14459222, 0.10252755,
       0.11786707, 0.1091991 , 0.15613683, 0.12406638, 0.08774361,
       0.09270591, 0.06816313, 0.11309146, 0.13913445, 0.        ,
       0.10886582, 0.13140893, 0.11494504, 0.13750864, 0.11675502,
       0.09621494, 0.06548024, 0.1462257 , 0.12942991, 0.15237527,
       0.07075674, 0.12871947, 0.13704495, 0.09420822, 0.15239799,
       0.08730012, 0.10095538, 0.11256222, 0.11033625, 0.11937586,
       0.14588859, 0.06892004, 0.11807162, 0.07686789, 0.09864713,
       0.0942197 , 0.06009505, 0.13186326, 0.0644597 , 0.09966035,
       0.10126317, 0.10668889, 0.10368306, 0.1476622 , 0.10810091,
       0.1048455 , 0.12054409, 0.13482885, 0.11996267, 0.13443339,
       0.13583905, 0.12878535, 0.11239588, 0.11572546, 0.13799585,
       0.12935546, 0.07371182, 0.11933438, 0.12307726, 0.10142587,
       0.09185821, 0.09188228, 0.10486618, 0.12696004, 0.13842896,
       0.10890017, 0.08905206, 0.09422635, 0.07058572, 0.1067463 ,
       0.05431653, 0.06603128, 0.08469583, 0.13274134, 0.07958379,
       0.06879235, 0.14223099, 0.02446919, 0.1282349 , 0.12687914,
       0.15374667, 0.06960255, 0.12421566, 0.10256107, 0.12516442,
       0.06746071, 0.0997978 , 0.14335227, 0.09141754, 0.04901739,
       0.13581652, 0.11129345, 0.11312602, 0.04700732, 0.14826699,
       0.13008236, 0.09096068, 0.13091046, 0.12708559, 0.13593141,
       0.0951342 , 0.12257469, 0.04211341, 0.10165864, 0.10803069,
       0.11395949, 0.05150261, 0.13638529, 0.03569637, 0.1185741 ,
       0.05715121, 0.10010731, 0.14205656, 0.08907787, 0.10760446,
       0.03586344, 0.1436538 , 0.15118784, 0.11527863, 0.11311775,
       0.13611092, 0.11770656, 0.11413329, 0.12473124, 0.11525097,
       0.03066073, 0.08377478, 0.05652537, 0.10928902, 0.14436641,
       0.10219515, 0.13196831, 0.09537025, 0.03171235, 0.1235449 ,
       0.11779594, 0.13021793, 0.05179241, 0.10866353, 0.05799988,
       0.09838722, 0.0386184 , 0.0745745 , 0.07084996, 0.13223756]), 'delta_distances': array([0., 0., 0., 0., 0., 0., 0., 0., 0., 0., 0., 0., 0., 0., 0., 0., 0.,
       0., 0., 0., 0., 0., 0., 0., 0., 0., 0., 0., 0., 0., 0., 0., 0., 0.,
       0., 0., 0., 0., 0., 0., 0., 0., 0., 0., 0., 0., 0., 0., 0., 0., 0.,
       0., 0., 0., 0., 0., 0., 0., 0., 0., 0., 0., 0., 0., 0., 0., 0., 0.,
       0., 0., 0., 0., 0., 0., 0., 0., 0., 0., 0., 0., 0., 0., 0., 0., 0.,
       0., 0., 0., 0., 0., 0., 0., 0., 0., 0., 0., 0., 0., 0., 0., 0., 0.,
       0., 0., 0., 0., 0., 0., 0., 0., 0., 0., 0., 0., 0., 0., 0., 0., 0.,
       0., 0., 0., 0., 0., 0., 0., 0., 0., 0., 0., 0., 0., 0., 0., 0., 0.,
       0., 0., 0., 0., 0., 0., 0., 0., 0., 0., 0., 0., 0., 0., 0., 0., 0.,
       0., 0., 0., 0., 0., 0., 0., 0., 0., 0., 0., 0., 0., 0., 0., 0., 0.,
       0., 0., 0., 0., 0., 0., 0., 0., 0., 0., 0., 0., 0., 0., 0., 0., 0.,
       0., 0., 0., 0., 0., 0., 0., 0., 0., 0., 0., 0., 0.]), 'locations': array([ 73, 294, 104, 325, 149,  46, 359,  30, 415, 434, 419, 368, 428,
       466, 241, 479, 170, 478, 141,  38, 416, 474, 417,  73, 422,  73,
       192, 405, 235,  34, 298, 234, 237,  33,  81, 358, 354, 256, 385,
       100, 237, 126, 463, 358, 126, 304, 240, 332, 168, 369, 355, 216,
        57, 104, 469, 183,  31, 459, 304, 209,  95, 422, 247, 278,  96,
       196, 368, 340, 344, 470, 471,  54, 332,  59, 208, 173,  56, 193,
       447, 277,  26, 416, 268, 234, 202, 209, 118, 276, 220,  55, 283,
        46, 304, 231, 472, 183,   1, 352, 333,  76,  59, 437, 103, 371,
       376, 165, 428, 161, 444, 288, 182,  52, 307, 137, 254,  24, 426,
       266, 431,  61, 313, 248, 202, 286, 379, 226, 455, 177, 266, 391,
       195,  54, 200, 483, 160, 127, 403,  84, 230, 104, 300, 395, 196,
       445,  31, 106, 103, 186, 370, 124,   9, 132, 230,  55, 361, 359,
        45,  65, 453, 343, 276, 325, 247, 456,  11, 107, 289, 224, 184,
       462, 240, 307, 170, 366,   3, 329, 166,  34, 382, 147, 402,   0,
       311,  30, 149,  90, 316,  89, 148,  31, 203, 245, 372, 299, 254,
       396, 424, 217,  50,  59])}, {'ts_index': 24, 'loc': 229, 'gap': 0.032391459560654576, 'distances': array([0.14941397, 0.02168698, 0.03143642, 0.13577495, 0.02865025,
       0.09186763, 0.07391255, 0.11127171, 0.10806955, 0.0318452 ,
       0.08041266, 0.03417298, 0.13965646, 0.02367597, 0.06008197,
       0.04872256, 0.10424524, 0.05511617, 0.1089636 , 0.10912923,
       0.11991282, 0.        , 0.12523922, 0.06742912, 0.0853693 ,
       0.11718317, 0.12033305, 0.10278924, 0.10420318, 0.13141807,
       0.13093369, 0.05491086, 0.11239788, 0.08432232, 0.03126517,
       0.03692488, 0.08173366, 0.08857386, 0.03558202, 0.09973649,
       0.08205818, 0.13575098, 0.10630145, 0.13277823, 0.06737565,
       0.1222016 , 0.08256252, 0.12062233, 0.12631642, 0.14271234,
       0.1069807 , 0.08087877, 0.09220738, 0.04274283, 0.12849276,
       0.06076561, 0.05031186, 0.12444483, 0.02284469, 0.12382568,
       0.135266  , 0.07860024, 0.1224159 , 0.11133407, 0.12317318,
       0.02952291, 0.03048228, 0.03521565, 0.09707249, 0.08897281,
       0.05462146, 0.09756827, 0.11833227, 0.08543692, 0.04011717,
       0.03893457, 0.05438304, 0.03225743, 0.12251959, 0.1118908 ,
       0.05140742, 0.07034539, 0.11138027, 0.10171736, 0.03519744,
       0.12068883, 0.04277369, 0.07195457, 0.12332074, 0.0857628 ,
       0.11842427, 0.1171585 , 0.08106374, 0.11740993, 0.08064454,
       0.05292483, 0.1124676 , 0.12160017, 0.1074161 , 0.08479242,
       0.10891471, 0.12123605, 0.08728927, 0.12889826, 0.10140812,
       0.04074433, 0.01947047, 0.13316635, 0.11090576, 0.09589678,
       0.15023966, 0.03029088, 0.11525643, 0.10018266, 0.04433789,
       0.03690339, 0.08014281, 0.10251809, 0.07635072, 0.05292264,
       0.07467943, 0.11438504, 0.08488082, 0.10836378, 0.08834733,
       0.09947978, 0.02808567, 0.09668038, 0.03361228, 0.02438641,
       0.14168752, 0.09739489, 0.07286745, 0.05184186, 0.07613245,
       0.13004083, 0.06213431, 0.05273713, 0.1063077 , 0.08751548,
       0.10923624, 0.04907978, 0.10979547, 0.12347356, 0.06762846,
       0.0940094 , 0.12403026, 0.07782389, 0.10133929, 0.11441322,
       0.11766789, 0.14778292, 0.04308107, 0.04584331, 0.12223747,
       0.07261627, 0.06595208, 0.07955584, 0.03660514, 0.1196023 ,
       0.02988827, 0.0430201 , 0.06378785, 0.08653819, 0.02952979]), 'delta_distances': array([0., 0., 0., 0., 0., 0., 0., 0., 0., 0., 0., 0., 0., 0., 0., 0., 0.,
       0., 0., 0., 0., 0., 0., 0., 0., 0., 0., 0., 0., 0., 0., 0., 0., 0.,
       0., 0., 0., 0., 0., 0., 0., 0., 0., 0., 0., 0., 0., 0., 0., 0., 0.,
       0., 0., 0., 0., 0., 0., 0., 0., 0., 0., 0., 0., 0., 0., 0., 0., 0.,
       0., 0., 0., 0., 0., 0., 0., 0., 0., 0., 0., 0., 0., 0., 0., 0., 0.,
       0., 0., 0., 0., 0., 0., 0., 0., 0., 0., 0., 0., 0., 0., 0., 0., 0.,
       0., 0., 0., 0., 0., 0., 0., 0., 0., 0., 0., 0., 0., 0., 0., 0., 0.,
       0., 0., 0., 0., 0., 0., 0., 0., 0., 0., 0., 0., 0., 0., 0., 0., 0.,
       0., 0., 0., 0., 0., 0., 0., 0., 0., 0., 0., 0., 0., 0., 0., 0., 0.,
       0., 0., 0., 0., 0., 0., 0., 0., 0., 0., 0., 0.]), 'locations': array([275, 362, 266, 134,  90, 239,  12, 369, 115, 353,  62, 259, 254,
       466, 235, 310,  14,  43,  29, 161, 271, 229,  56,  71, 485, 178,
       438,  52, 438, 166, 180,  65,  94, 234, 384, 292, 459, 149, 206,
       470, 263, 434, 202, 278, 154, 219, 217,  72, 242, 383, 285, 369,
       459, 177, 421, 214, 276, 455, 189, 194, 141,  33,  64, 106, 256,
       230, 438, 163, 306,  37,  31, 480, 245,  33,  42, 198, 324, 446,
       151, 323,  33,  29, 197,  13, 423,   3, 213, 350, 208, 236, 257,
       430,  82, 180,  97, 353, 296, 251, 340,  15, 362, 265,  40, 381,
        27,  12,  52, 150, 246, 228, 415,  53,  92,   2,  19, 300, 220,
       336, 317, 444, 369, 366, 397, 187, 382, 325, 354, 142, 191, 482,
       316,  62, 162,  76, 337, 463,  94, 278, 201, 136,   0, 151, 150,
       446, 159, 301, 262, 303, 236, 270, 407,  13, 396, 369, 435, 406,
       208,  85, 291,  14, 181, 313, 156, 222, 168])}, {'ts_index': 92, 'loc': 18, 'gap': 0.0332985655095403, 'distances': array([0.12905535, 0.11518856, 0.12192267, 0.03855413, 0.06309341,
       0.12064362, 0.06646362, 0.10543834, 0.12619812, 0.1222298 ,
       0.13157858, 0.1052811 , 0.03917848, 0.05176313, 0.11122504,
       0.11201068, 0.12549507, 0.12971687, 0.14559273, 0.07541817,
       0.09960304, 0.05807518, 0.11290469, 0.12465793, 0.12095838,
       0.10782677, 0.12913851, 0.11576788, 0.07265983, 0.12034376,
       0.10682405, 0.12570229, 0.09592923, 0.10341323, 0.1350582 ,
       0.10263787, 0.1276361 , 0.10837012, 0.11244161, 0.09783904,
       0.07083811, 0.11400672, 0.12748132, 0.14064061, 0.0931562 ,
       0.10698877, 0.04742441, 0.10401529, 0.13850361, 0.12052816,
       0.13389543, 0.12891191, 0.04687504, 0.04974916, 0.        ,
       0.11889811, 0.12408248, 0.08684291, 0.14442012, 0.07961937,
       0.11731845, 0.04179601, 0.12533317, 0.14221377, 0.05274661,
       0.12895711, 0.08858523, 0.10433359, 0.09764315, 0.14551129,
       0.12994342, 0.12733053, 0.11133361, 0.07024224, 0.04739339,
       0.07989995, 0.09339056, 0.06618155, 0.06974075, 0.12770491,
       0.05556942, 0.10588051, 0.10985368, 0.07847251, 0.11652399,
       0.11107075, 0.04395761, 0.13391299, 0.13286367, 0.06686236,
       0.12228352, 0.13330953, 0.10040969, 0.11386549, 0.14933844,
       0.11413865, 0.13897682, 0.05613779, 0.13508823, 0.11625485,
       0.1196495 , 0.13016952, 0.1287569 , 0.12550517, 0.11309467,
       0.1087183 , 0.13561201, 0.14306123, 0.13817771, 0.10157507,
       0.09913066, 0.10527474, 0.13260285, 0.11952353, 0.05360335,
       0.04923874, 0.10756331, 0.13237588, 0.13149663]), 'delta_distances': array([0., 0., 0., 0., 0., 0., 0., 0., 0., 0., 0., 0., 0., 0., 0., 0., 0.,
       0., 0., 0., 0., 0., 0., 0., 0., 0., 0., 0., 0., 0., 0., 0., 0., 0.,
       0., 0., 0., 0., 0., 0., 0., 0., 0., 0., 0., 0., 0., 0., 0., 0., 0.,
       0., 0., 0., 0., 0., 0., 0., 0., 0., 0., 0., 0., 0., 0., 0., 0., 0.,
       0., 0., 0., 0., 0., 0., 0., 0., 0., 0., 0., 0., 0., 0., 0., 0., 0.,
       0., 0., 0., 0., 0., 0., 0., 0., 0., 0., 0., 0., 0., 0., 0., 0., 0.,
       0., 0., 0., 0., 0., 0., 0., 0., 0., 0., 0., 0., 0., 0., 0., 0., 0.]), 'locations': array([244, 121, 384, 380, 257, 158, 221,  22,  91, 234, 376, 329, 384,
       327, 176, 171,  13, 233,  90,  51, 344,  22, 123, 121, 324, 349,
       293, 300, 280,  39, 241,  93, 118, 393,   7,  82, 401, 401, 434,
       202, 130, 182,  65,  10, 222, 157,   7,  71, 372,  94, 117, 305,
       345, 214,  18, 277, 481, 160, 225, 289, 259, 255, 329, 283, 243,
        43,  69,  30, 182, 169,  57,  61, 229, 159, 202, 319, 185, 238,
        75, 121, 310, 446, 243, 385, 438, 252, 335,  81, 164, 170, 115,
       167,  72,  21, 325,  53, 216,  62, 360, 232, 121, 168, 338, 114,
       309, 181, 214, 473, 400,   0,  87,  14, 161, 244, 156,  94, 413,
       305,  24])}, {'ts_index': 22, 'loc': 126, 'gap': 0.03468564070886489, 'distances': array([0.10025273, 0.02790744, 0.0358524 , 0.07118318, 0.11757085,
       0.09644092, 0.12496924, 0.02356946, 0.        , 0.03725928,
       0.0984896 , 0.11125743, 0.13132465, 0.12894708, 0.13471817,
       0.12241479, 0.07109544, 0.09330211, 0.09074343, 0.06754173,
       0.03453175, 0.05331911, 0.13293533, 0.11132548, 0.08315001,
       0.1161301 , 0.08633328, 0.04080121, 0.14590593, 0.08503969,
       0.11460765, 0.1174301 , 0.07150812, 0.03779892, 0.1390041 ,
       0.14584073, 0.08764476, 0.10747844, 0.02351134, 0.10949723,
       0.10099975, 0.03616989, 0.10125581, 0.10416071, 0.04630861,
       0.08897391, 0.13033857, 0.0868247 , 0.12786551, 0.13038586,
       0.06034984, 0.12558532, 0.05631721, 0.07609101, 0.08006609,
       0.09542845, 0.03133758, 0.08400497, 0.04554269, 0.12124093,
       0.11986131, 0.08485691, 0.1119149 , 0.12087345, 0.083323  ,
       0.04169589, 0.11148948, 0.13922529, 0.12718903, 0.12173899,
       0.03218338, 0.08695998, 0.06343209, 0.09699441, 0.00849708,
       0.06721556, 0.09999251, 0.06674188, 0.05680186, 0.00847731,
       0.11069461, 0.13839627, 0.05275224, 0.12564438, 0.08370777,
       0.03370582, 0.12365022, 0.14032973, 0.09117874, 0.08339862,
       0.04123909, 0.08252009, 0.10499172, 0.12880341, 0.11936761,
       0.08964533, 0.11011984, 0.10861594]), 'delta_distances': array([0., 0., 0., 0., 0., 0., 0., 0., 0., 0., 0., 0., 0., 0., 0., 0., 0.,
       0., 0., 0., 0., 0., 0., 0., 0., 0., 0., 0., 0., 0., 0., 0., 0., 0.,
       0., 0., 0., 0., 0., 0., 0., 0., 0., 0., 0., 0., 0., 0., 0., 0., 0.,
       0., 0., 0., 0., 0., 0., 0., 0., 0., 0., 0., 0., 0., 0., 0., 0., 0.,
       0., 0., 0., 0., 0., 0., 0., 0., 0., 0., 0., 0., 0., 0., 0., 0., 0.,
       0., 0., 0., 0., 0., 0., 0., 0., 0., 0., 0., 0., 0.]), 'locations': array([369, 376,  98, 194, 285, 334, 250, 104, 126, 356, 149,  88, 486,
        19,  86, 254, 358, 445, 451, 320,  69, 376, 396, 357, 317, 171,
       205, 346, 442, 139,  17, 336,  55, 143, 167,  14, 403, 373,  75,
       444, 284, 420,  82, 259, 119, 413,  48,  40, 287, 417, 184, 443,
       475, 365, 430, 332,  92, 428, 228,  26,  58,   6, 187, 112,  82,
       115, 291, 445, 296, 186, 223, 434, 372, 287,  88,  46, 463, 431,
        19,  48, 249,  45, 386, 286,  69, 486, 268, 309, 126,  75, 445,
       401, 420, 395, 217,  35, 250,  14])}, {'ts_index': 116, 'loc': 325, 'gap': 0.029712156909087017, 'distances': array([0.07548781, 0.10043217, 0.10549135, 0.03625169, 0.05042471,
       0.04891538, 0.13164008, 0.11675433, 0.08154858, 0.06367144,
       0.0512323 , 0.09356607, 0.08892593, 0.03522148, 0.05399983,
       0.08906122, 0.03599898, 0.05857973, 0.02063999, 0.04280227,
       0.05744551, 0.05933128, 0.06405764, 0.05163122, 0.06086146,
       0.12012432, 0.07094948, 0.05664058, 0.05101188, 0.06050784,
       0.04288404, 0.07192257, 0.12243141, 0.13000669, 0.06019548,
       0.10299248, 0.043121  , 0.09769502, 0.05779394, 0.04057145,
       0.11202675, 0.11279282, 0.09691081, 0.07493617, 0.05544622,
       0.02849986, 0.05174542, 0.06897768, 0.        , 0.05100718,
       0.09605245, 0.10771397, 0.1006693 , 0.08818644, 0.13777857,
       0.13118782, 0.05186233, 0.02682542, 0.07394278, 0.07187719,
       0.03968425, 0.09628558, 0.13645571, 0.12991231, 0.06887057,
       0.03252763, 0.12581862, 0.01479038, 0.04273666, 0.08820865,
       0.05386804, 0.08094297, 0.0694771 , 0.06839444, 0.07080113,
       0.08165927, 0.12272168, 0.04727206, 0.07710221]), 'delta_distances': array([0., 0., 0., 0., 0., 0., 0., 0., 0., 0., 0., 0., 0., 0., 0., 0., 0.,
       0., 0., 0., 0., 0., 0., 0., 0., 0., 0., 0., 0., 0., 0., 0., 0., 0.,
       0., 0., 0., 0., 0., 0., 0., 0., 0., 0., 0., 0., 0., 0., 0., 0., 0.,
       0., 0., 0., 0., 0., 0., 0., 0., 0., 0., 0., 0., 0., 0., 0., 0., 0.,
       0., 0., 0., 0., 0., 0., 0., 0., 0., 0., 0.]), 'locations': array([433, 215, 365, 162, 112, 108, 240,  36, 226, 249, 280, 274, 115,
       100, 237, 132, 142, 257, 358, 155,  84, 344, 239, 258, 117, 288,
       190, 248, 386, 448, 409,   4, 385, 121, 171, 101, 428, 154, 155,
       293, 324, 364, 456, 249, 297, 100, 407, 346, 325, 273, 247, 479,
       457, 295,   1,  52, 316, 159,  11, 360, 170, 116, 418, 367, 221,
       286, 458, 288, 465, 299, 416, 102, 342, 191, 276, 388, 157, 241,
       377])}, {'ts_index': 105, 'loc': 81, 'gap': 0.031093087283653703, 'distances': array([0.07313982, 0.13986611, 0.13547437, 0.11317601, 0.10462173,
       0.11909065, 0.        , 0.07756394, 0.11691829, 0.09013272,
       0.03285649, 0.05008941, 0.13652561, 0.13930861]), 'delta_distances': array([0., 0., 0., 0., 0., 0., 0., 0., 0., 0., 0., 0., 0., 0.]), 'locations': array([142, 188, 262,  89, 287, 438,  81,  62, 305, 420, 454, 131,  63,
       355])}, {'ts_index': 81, 'loc': 398, 'gap': 0.047561073205904636, 'distances': array([0.03277021, 0.02712397, 0.03279593, 0.        , 0.05822545,
       0.07392038, 0.06728294, 0.0502431 , 0.11310355, 0.11851855]), 'delta_distances': array([0., 0., 0., 0., 0., 0., 0., 0., 0., 0.]), 'locations': array([206, 246, 213, 398, 314, 234, 411, 445, 384, 234])}], 'clusters': array([5, 2, 2, 1, 4, 2, 4, 3, 3, 5, 2, 1, 3, 2, 5, 2, 1, 5, 2, 5, 2, 4,
       4, 3, 2, 1, 3, 4, 5, 6, 7, 5, 5, 5, 1, 3, 1, 2, 5, 5, 2, 2, 1, 5,
       5, 2, 4, 5, 1, 5, 5, 5, 5, 5, 4, 5, 5, 5, 5, 7, 4, 1, 2, 5, 1, 5,
       2, 5, 2, 5, 4, 1, 5, 3, 5, 1, 4, 2, 2, 2, 7, 7, 2, 4, 3, 3, 1, 2,
       2, 2, 2, 1, 3, 1, 5, 2, 5, 5, 5, 2, 5, 2, 5, 3, 7, 6, 3, 5, 5, 5,
       2, 4, 5, 4, 5, 5, 5, 3, 5, 5, 2, 2, 3, 1, 3, 1, 1, 7, 3, 2, 1, 4,
       1, 5, 2, 2, 1, 5, 7, 7, 1, 2, 3, 4, 1, 5, 3, 5, 1, 5, 2, 4, 2, 2,
       5, 5, 5, 1, 2, 6, 3, 1, 4, 1, 2, 1, 6, 5, 5, 2, 1, 0, 5, 4, 5, 5,
       5, 5, 4, 5, 1, 5, 1, 2, 2, 5, 5, 3, 1, 3, 2, 0, 1, 2, 1, 2, 1, 5,
       5, 2]), 'time': 27093.821213245392}
lenSubsequence: 14{'RI': 0.5037185929648241, 'num_clusters': 12, 'uShapelets': [{'ts_index': 2, 'loc': 427, 'gap': 0.026107998682207575, 'distances': array([0.13699904, 0.07457265, 0.        , 0.06575151, 0.11184447,
       0.05571082, 0.0906627 , 0.11900153, 0.10261634, 0.04258961,
       0.09672244, 0.13012701, 0.1151442 , 0.12579777, 0.04086932,
       0.07723768, 0.07425783, 0.11323991, 0.09361823, 0.10665345,
       0.06158225, 0.14555363, 0.08485063, 0.03665547, 0.10612208,
       0.09824452, 0.06884642, 0.07456454, 0.11286516, 0.06434147,
       0.11014921, 0.13381607, 0.12580918, 0.12786149, 0.1199821 ,
       0.09111404, 0.11664546, 0.06572133, 0.11023062, 0.11926497,
       0.09177253, 0.10660096, 0.10785251, 0.11623603, 0.03571906,
       0.12761507, 0.1089939 , 0.04552489, 0.11388407, 0.10488814,
       0.12593292, 0.07648504, 0.05009278, 0.05260263, 0.10910057,
       0.10281507, 0.04469596, 0.109645  , 0.05161044, 0.08812175,
       0.06545913, 0.04628637, 0.09288986, 0.12617437, 0.12481111,
       0.09319971, 0.0908806 , 0.09690888, 0.08511633, 0.06552039,
       0.10149301, 0.12737644, 0.09984418, 0.10963118, 0.0889984 ,
       0.10038579, 0.09063603, 0.08760763, 0.10468678, 0.0891324 ,
       0.09156463, 0.10486583, 0.11373067, 0.09489339, 0.06465861,
       0.14540954, 0.08812682, 0.10505244, 0.13100261, 0.0705566 ,
       0.09859592, 0.03765863, 0.04710032, 0.10473921, 0.11498922,
       0.05919249, 0.14266384, 0.10281514, 0.07599571, 0.10995856,
       0.09902205, 0.10380609, 0.11695807, 0.08997296, 0.10952332,
       0.10338756, 0.09270791, 0.07162366, 0.11519185, 0.08694066,
       0.06691686, 0.03726329, 0.04917831, 0.0569463 , 0.12578678,
       0.12898887, 0.10029775, 0.10132883, 0.07037343, 0.09496585,
       0.11497159, 0.1116641 , 0.12723483, 0.11082739, 0.11537332,
       0.11212358, 0.09442519, 0.08755469, 0.10450295, 0.12685259,
       0.10268153, 0.07409819, 0.11457178, 0.11585581, 0.10068372,
       0.08637946, 0.11803394, 0.09428934, 0.10900176, 0.12638247,
       0.12677944, 0.1009933 , 0.12518907, 0.0999627 , 0.08026656,
       0.1238555 , 0.12375875, 0.04170108, 0.12667458, 0.08002729,
       0.07860691, 0.05186244, 0.12370542, 0.12451499, 0.12625332,
       0.03598502, 0.081399  , 0.12651694, 0.04159247, 0.11704575,
       0.12456292, 0.0634946 , 0.09404188, 0.10217885, 0.12838021,
       0.12450087, 0.12512369, 0.11144492, 0.08136306, 0.09011085,
       0.12446557, 0.1032135 , 0.05707591, 0.13548013, 0.10846235,
       0.03971607, 0.09900266, 0.10457368, 0.11899914, 0.1170015 ,
       0.09747202, 0.11316932, 0.13061114, 0.10541301, 0.10926117,
       0.10894075, 0.11429033, 0.09554157, 0.1295129 , 0.08159463,
       0.09867597, 0.08808549, 0.11255532, 0.11660958, 0.10400132,
       0.05442653, 0.10164071, 0.10630974, 0.1143106 , 0.1123765 ]), 'delta_distances': array([0., 0., 0., 0., 0., 0., 0., 0., 0., 0., 0., 0., 0., 0., 0., 0., 0.,
       0., 0., 0., 0., 0., 0., 0., 0., 0., 0., 0., 0., 0., 0., 0., 0., 0.,
       0., 0., 0., 0., 0., 0., 0., 0., 0., 0., 0., 0., 0., 0., 0., 0., 0.,
       0., 0., 0., 0., 0., 0., 0., 0., 0., 0., 0., 0., 0., 0., 0., 0., 0.,
       0., 0., 0., 0., 0., 0., 0., 0., 0., 0., 0., 0., 0., 0., 0., 0., 0.,
       0., 0., 0., 0., 0., 0., 0., 0., 0., 0., 0., 0., 0., 0., 0., 0., 0.,
       0., 0., 0., 0., 0., 0., 0., 0., 0., 0., 0., 0., 0., 0., 0., 0., 0.,
       0., 0., 0., 0., 0., 0., 0., 0., 0., 0., 0., 0., 0., 0., 0., 0., 0.,
       0., 0., 0., 0., 0., 0., 0., 0., 0., 0., 0., 0., 0., 0., 0., 0., 0.,
       0., 0., 0., 0., 0., 0., 0., 0., 0., 0., 0., 0., 0., 0., 0., 0., 0.,
       0., 0., 0., 0., 0., 0., 0., 0., 0., 0., 0., 0., 0., 0., 0., 0., 0.,
       0., 0., 0., 0., 0., 0., 0., 0., 0., 0., 0., 0., 0.]), 'locations': array([465, 313, 427, 225, 411, 114,  75,  12, 299, 225, 264, 420, 301,
       254, 225, 419, 338,  97,  99,  13, 159, 281, 397, 413, 256, 347,
       441,  71, 303, 227, 124, 314, 227,  43, 459,  40, 403,  33, 294,
       469, 347, 162, 445, 409,  45,  33, 274, 392,  98,  86,  84, 184,
        25, 182, 138, 373, 217, 197,  62,   1, 182, 382,  11,  44,  27,
        45, 468, 138, 188, 296, 341, 132, 360, 386, 216, 407, 462, 329,
       371,  69, 260, 448,  31, 468, 445, 362, 196, 307, 323,  26, 156,
       452, 109, 181,  24, 152, 273, 382,  16, 421, 136, 193, 189, 210,
       235, 160, 200, 207, 136, 100, 244,  38, 170,  66, 324, 102, 254,
       262, 228, 302, 199, 284, 365, 121, 320, 172, 261, 338,  54,  73,
       361, 328, 158, 211, 471, 276, 396,  62, 307,  99, 124, 323, 323,
       348, 135, 178, 459, 199, 388, 151,  30, 221, 140, 461, 441, 187,
       476,  56, 238, 298, 463, 477, 113, 180, 412, 414,  45, 138, 275,
       199, 216, 374, 431, 319, 300,  29,  64,  56, 352, 392, 448,  29,
       431, 357, 260, 126, 378,  84,  34,   1, 258, 367,  44, 379,   5,
       277, 306, 128, 404, 327])}, {'ts_index': 55, 'loc': 486, 'gap': 0.021715095238634352, 'distances': array([0.1160158 , 0.12962933, 0.12983486, 0.11723157, 0.08211188,
       0.09316046, 0.12684939, 0.08896071, 0.1378594 , 0.08729166,
       0.123946  , 0.07404082, 0.13939399, 0.13097637, 0.09745294,
       0.13268805, 0.06657468, 0.11207909, 0.11111547, 0.14146762,
       0.07162418, 0.08828221, 0.1227809 , 0.10083815, 0.08458741,
       0.11680806, 0.08716617, 0.11558256, 0.13692836, 0.13232646,
       0.13383417, 0.12346203, 0.13447939, 0.07001213, 0.1242953 ,
       0.13653281, 0.1410418 , 0.107926  , 0.14039209, 0.13331975,
       0.14125809, 0.10167553, 0.14091196, 0.12474793, 0.14106688,
       0.14577602, 0.11505723, 0.10555383, 0.08268941, 0.13750995,
       0.09558699, 0.11571514, 0.08828694, 0.12719561, 0.08615089,
       0.13705146, 0.11175807, 0.04528324, 0.1443545 , 0.13094357,
       0.10894703, 0.11074762, 0.12138593, 0.10700515, 0.07713824,
       0.0801769 , 0.06144266, 0.08810467, 0.12575968, 0.11486541,
       0.13056229, 0.12802999, 0.12550551, 0.11404733, 0.12261089,
       0.11181983, 0.10193438, 0.14080548, 0.13525304, 0.13288343,
       0.14685582, 0.08763516, 0.13380412, 0.12207317, 0.12816674,
       0.12569312, 0.1204422 , 0.12246109, 0.1379383 , 0.13597226,
       0.12842973, 0.13736433, 0.10446844, 0.14192119, 0.10381341,
       0.13530647, 0.13637714, 0.13988727, 0.13158661, 0.11193185,
       0.14126881, 0.13754863, 0.10996359, 0.06847719, 0.14431997,
       0.12767875, 0.1522481 , 0.14548178, 0.13740765, 0.14160752,
       0.05783829, 0.08441652, 0.1416032 , 0.13763956, 0.05902023,
       0.13451561, 0.12560054, 0.1352174 , 0.13363078, 0.12598102,
       0.11384778, 0.10045604, 0.11300177, 0.14889905, 0.12726267,
       0.13338101, 0.12759438, 0.11655741, 0.13580573, 0.13570357,
       0.12268757, 0.08096933, 0.13326483, 0.11635277, 0.14027523,
       0.13316548, 0.13308986, 0.09468164, 0.1234705 , 0.11580093,
       0.1028712 , 0.11832772, 0.09956762, 0.12642442, 0.13273945,
       0.11586058, 0.11538566, 0.08969686, 0.13301789, 0.11799233,
       0.14370254, 0.1250909 , 0.13104307, 0.11465727, 0.08652308,
       0.13909332, 0.08272274, 0.11729636, 0.09176242, 0.13801753,
       0.09234651, 0.11051746, 0.1014113 , 0.11569048, 0.14092632]), 'delta_distances': array([0., 0., 0., 0., 0., 0., 0., 0., 0., 0., 0., 0., 0., 0., 0., 0., 0.,
       0., 0., 0., 0., 0., 0., 0., 0., 0., 0., 0., 0., 0., 0., 0., 0., 0.,
       0., 0., 0., 0., 0., 0., 0., 0., 0., 0., 0., 0., 0., 0., 0., 0., 0.,
       0., 0., 0., 0., 0., 0., 0., 0., 0., 0., 0., 0., 0., 0., 0., 0., 0.,
       0., 0., 0., 0., 0., 0., 0., 0., 0., 0., 0., 0., 0., 0., 0., 0., 0.,
       0., 0., 0., 0., 0., 0., 0., 0., 0., 0., 0., 0., 0., 0., 0., 0., 0.,
       0., 0., 0., 0., 0., 0., 0., 0., 0., 0., 0., 0., 0., 0., 0., 0., 0.,
       0., 0., 0., 0., 0., 0., 0., 0., 0., 0., 0., 0., 0., 0., 0., 0., 0.,
       0., 0., 0., 0., 0., 0., 0., 0., 0., 0., 0., 0., 0., 0., 0., 0., 0.,
       0., 0., 0., 0., 0., 0., 0., 0., 0., 0., 0., 0.]), 'locations': array([210, 216, 296, 106,   0,  83, 416, 367, 166, 132, 262, 347, 318,
       265, 446, 275,  39, 339, 315, 293, 422, 287,  78,  95,  87, 284,
         7, 353, 201, 205, 418, 131, 239, 221, 261, 333,  82, 292, 274,
       218, 461, 192, 223, 374, 400, 428, 124, 425, 396, 198, 427,  17,
        69, 303, 378, 158, 342, 403, 218, 243, 379, 218, 117, 337, 236,
       262, 163, 464, 335,  75, 352, 421,  45, 205, 376,  51,  53, 478,
       365, 298, 140, 267, 215,  63, 146, 422, 227,  58,  23,  41, 424,
        33, 276, 157, 351, 454,  59, 137, 134, 238, 256, 401, 367, 313,
       332, 411,  26, 275, 228,  92,  53, 168, 189, 197, 399, 199, 141,
       262, 485, 404, 129,  61, 391, 310, 181,  56,  80,  64, 385,  64,
       257, 484, 307, 128, 470, 416, 147,   3,  69, 390, 330, 197, 394,
        51, 382,  50, 396, 221, 375, 264, 191, 180, 289,  53, 291, 445,
        65, 352, 215,  68, 415,  51, 148, 368, 433])}, {'ts_index': 36, 'loc': 421, 'gap': 0.023336324402143158, 'distances': array([0.13601434, 0.09061573, 0.12337618, 0.08969351, 0.09277993,
       0.12708501, 0.0737692 , 0.10162792, 0.06634766, 0.03451742,
       0.13062588, 0.12814455, 0.09341423, 0.11579818, 0.04455083,
       0.03554076, 0.1309687 , 0.12234633, 0.        , 0.05327085,
       0.10641496, 0.12839679, 0.08911997, 0.03948125, 0.09210436,
       0.12124482, 0.13414772, 0.09231126, 0.042823  , 0.10184285,
       0.08881301, 0.11632576, 0.11011934, 0.10926252, 0.13335289,
       0.10795289, 0.06101636, 0.1043325 , 0.08856906, 0.12972604,
       0.12406887, 0.05863041, 0.09928399, 0.08370585, 0.10529285,
       0.0963862 , 0.10389053, 0.10983294, 0.10282373, 0.11520361,
       0.12654477, 0.12434701, 0.1151408 , 0.12472455, 0.10077124,
       0.10469999, 0.10044538, 0.1035595 , 0.13430008, 0.10237319,
       0.13130117, 0.09110679, 0.10728177, 0.13812968, 0.11029065,
       0.10875131, 0.12291228, 0.1097686 , 0.13496551, 0.13427849,
       0.11079881, 0.12395105, 0.06780424, 0.10595646, 0.05455206,
       0.10151694, 0.11385004, 0.09834431, 0.0709751 , 0.08546607,
       0.09178172, 0.11592371, 0.06295973, 0.13658157, 0.08858465,
       0.08629906, 0.07158842, 0.10195452, 0.13609367, 0.06928875,
       0.11382407, 0.10216495, 0.10652383, 0.08227177, 0.12165453,
       0.07548428, 0.10411565, 0.10469348, 0.10531894, 0.12356148,
       0.03728858, 0.13498173, 0.10128042, 0.11485171, 0.13470736,
       0.03723191, 0.1333245 , 0.10260916, 0.07455243, 0.08390256,
       0.12567878, 0.09916867, 0.12429939, 0.12500108, 0.09219013,
       0.09493513, 0.10234631, 0.09964755, 0.05298678, 0.08948504,
       0.12905678, 0.11919393, 0.12438457, 0.0855597 , 0.09043675,
       0.13996607, 0.09914858, 0.10386062, 0.11815717, 0.12369994,
       0.09518558, 0.07788359, 0.08928443, 0.11901985, 0.0367772 ,
       0.05561403]), 'delta_distances': array([0., 0., 0., 0., 0., 0., 0., 0., 0., 0., 0., 0., 0., 0., 0., 0., 0.,
       0., 0., 0., 0., 0., 0., 0., 0., 0., 0., 0., 0., 0., 0., 0., 0., 0.,
       0., 0., 0., 0., 0., 0., 0., 0., 0., 0., 0., 0., 0., 0., 0., 0., 0.,
       0., 0., 0., 0., 0., 0., 0., 0., 0., 0., 0., 0., 0., 0., 0., 0., 0.,
       0., 0., 0., 0., 0., 0., 0., 0., 0., 0., 0., 0., 0., 0., 0., 0., 0.,
       0., 0., 0., 0., 0., 0., 0., 0., 0., 0., 0., 0., 0., 0., 0., 0., 0.,
       0., 0., 0., 0., 0., 0., 0., 0., 0., 0., 0., 0., 0., 0., 0., 0., 0.,
       0., 0., 0., 0., 0., 0., 0., 0., 0., 0., 0., 0., 0., 0., 0., 0., 0.]), 'locations': array([  3, 245, 397, 295,  77, 400, 420, 194, 237, 133, 482, 121, 272,
       190, 461, 314, 347, 255, 421, 468,  49, 430, 345, 268,  82, 438,
        45, 370, 183, 263, 219, 294, 375, 108, 370, 321, 109, 408,  59,
       280, 341, 424, 484, 311, 384, 204, 288, 266, 392, 237,  58, 376,
       173, 169,  80, 264, 474, 241, 405,  15, 187, 384, 210, 278,  47,
       216,  23, 402, 186, 172,  52, 356, 451,  81, 427, 284,  33, 239,
       305, 172, 198, 130,   1,  71, 173, 103, 453, 471, 464, 268, 432,
       234, 290, 468, 123, 191,   6,  35,  83, 420, 357, 316, 419, 460,
        56, 364, 463, 438, 134, 289, 409,   0,  67,  62, 436,   8, 362,
       121, 210,  55, 273, 268, 239, 212, 357, 175, 328, 414,  84, 132,
       365, 119, 176,  42, 462, 189])}, {'ts_index': 167, 'loc': 156, 'gap': 0.025251190090795766, 'distances': array([0.02327451, 0.02723875, 0.08412716, 0.10960731, 0.11421183,
       0.06638899, 0.13187807, 0.01898344, 0.07520866, 0.08991104,
       0.02354234, 0.10119633, 0.05744665, 0.07521878, 0.08211554,
       0.10074434, 0.04841208, 0.0213513 , 0.09772473, 0.12226   ,
       0.1104628 , 0.10729957, 0.08349037, 0.12778764, 0.10817569,
       0.13667073, 0.07704852, 0.13017825, 0.04611676, 0.04427845,
       0.0392389 , 0.09307461, 0.04676402, 0.09908825, 0.05664388,
       0.06157999, 0.09786283, 0.1374831 , 0.06521995, 0.1261968 ,
       0.11631922, 0.11502121, 0.05557524, 0.11124528, 0.08310309,
       0.10502646, 0.10167929, 0.08890602, 0.10815595, 0.12592596,
       0.0988343 , 0.12857127, 0.06024565, 0.04876426, 0.08300333,
       0.08739401, 0.0526259 , 0.11443778, 0.06773151, 0.11539883,
       0.04654423, 0.09643978, 0.10455094, 0.09321204, 0.07777408,
       0.07063966, 0.04140881, 0.11593014, 0.11437061, 0.10947118,
       0.1033326 , 0.08400104, 0.11196816, 0.09981942, 0.09217119,
       0.12355997, 0.12133692, 0.09345521, 0.11230413, 0.07279947,
       0.12608849, 0.11052987, 0.05524054, 0.06272234, 0.11357543,
       0.05303167, 0.10647998, 0.11912162, 0.08905829, 0.08197854,
       0.        , 0.13178524, 0.09615214, 0.0751225 , 0.05019248,
       0.05538598, 0.10082454, 0.10670696, 0.10985967, 0.12395054,
       0.07337972, 0.09581632, 0.07213225, 0.07502739, 0.09417472,
       0.10061853, 0.1089176 , 0.126183  , 0.10351708, 0.11268816,
       0.03236463, 0.11437486]), 'delta_distances': array([0., 0., 0., 0., 0., 0., 0., 0., 0., 0., 0., 0., 0., 0., 0., 0., 0.,
       0., 0., 0., 0., 0., 0., 0., 0., 0., 0., 0., 0., 0., 0., 0., 0., 0.,
       0., 0., 0., 0., 0., 0., 0., 0., 0., 0., 0., 0., 0., 0., 0., 0., 0.,
       0., 0., 0., 0., 0., 0., 0., 0., 0., 0., 0., 0., 0., 0., 0., 0., 0.,
       0., 0., 0., 0., 0., 0., 0., 0., 0., 0., 0., 0., 0., 0., 0., 0., 0.,
       0., 0., 0., 0., 0., 0., 0., 0., 0., 0., 0., 0., 0., 0., 0., 0., 0.,
       0., 0., 0., 0., 0., 0., 0., 0., 0., 0.]), 'locations': array([182,  66, 237, 411,  84, 438, 195,  25, 418, 381,  14, 169,  66,
        26, 164, 380, 191, 283, 234, 128, 272,   2, 196, 437, 264,   7,
       155, 448, 216,  41, 432, 442, 287, 131, 165, 462, 399, 189, 140,
       313, 410, 421,  78, 389,  19,   1, 481, 350, 260, 368, 125,  34,
       466, 363,  31,  99, 222,  55, 416, 391, 420,  23, 354, 253, 323,
       157, 457, 274, 475, 122, 207, 324, 403,  71, 111,  52, 198, 179,
       224, 167, 310, 439, 156, 275, 277, 172, 252, 108, 231, 414, 156,
       294, 461,  91, 322, 334, 152,  77, 399,  52,  88,  96, 167,   0,
       154, 339,  94, 474, 196, 420, 347,  74])}, {'ts_index': 54, 'loc': 58, 'gap': 0.024530470652849884, 'distances': array([0.08943368, 0.08012684, 0.1177733 , 0.04357662, 0.08089261,
       0.09016163, 0.10452779, 0.07980011, 0.10112895, 0.10494043,
       0.09675356, 0.08763009, 0.05531953, 0.10279538, 0.        ,
       0.0589802 , 0.05024029, 0.09024257, 0.04451916, 0.12701971,
       0.11121076, 0.04523226, 0.1303559 , 0.0890596 , 0.0931473 ,
       0.04722677, 0.07217452, 0.07217246, 0.13145117, 0.1127799 ,
       0.09462635, 0.11843657, 0.11808104, 0.04546132, 0.12390239,
       0.07673214, 0.12468251, 0.07887813, 0.10617716, 0.12550868,
       0.08321518, 0.11299671, 0.08972514, 0.12224532, 0.07539096,
       0.08236473, 0.03521899, 0.04583691, 0.07875958, 0.08362337,
       0.13528729, 0.12098338, 0.13487763, 0.03908142, 0.06676528,
       0.12539613, 0.09132224, 0.09546461, 0.0970408 , 0.14536449,
       0.13626565, 0.09272597, 0.0544669 , 0.06231631, 0.08994848,
       0.11847137, 0.13007906, 0.09270706, 0.0991154 , 0.04885987,
       0.10376616, 0.04015496, 0.11494357, 0.07662478, 0.10308347,
       0.12132239, 0.07558889, 0.10188851, 0.1328003 , 0.10477292,
       0.11443542, 0.07234993, 0.11333617, 0.11948534, 0.04686598,
       0.08301569, 0.08566715, 0.0926853 , 0.07517351]), 'delta_distances': array([0., 0., 0., 0., 0., 0., 0., 0., 0., 0., 0., 0., 0., 0., 0., 0., 0.,
       0., 0., 0., 0., 0., 0., 0., 0., 0., 0., 0., 0., 0., 0., 0., 0., 0.,
       0., 0., 0., 0., 0., 0., 0., 0., 0., 0., 0., 0., 0., 0., 0., 0., 0.,
       0., 0., 0., 0., 0., 0., 0., 0., 0., 0., 0., 0., 0., 0., 0., 0., 0.,
       0., 0., 0., 0., 0., 0., 0., 0., 0., 0., 0., 0., 0., 0., 0., 0., 0.,
       0., 0., 0., 0.]), 'locations': array([459, 326, 469, 364,  63, 140, 325, 266, 108,   6, 392, 284, 141,
       370,  58, 344, 256, 150, 475, 225, 232,   6, 278, 228, 131, 298,
       343, 345, 153, 203,  51, 100, 120, 154,  42,  28, 144,  12, 318,
       177, 300, 281, 353, 268, 326,  19, 240, 200, 463, 213,  14, 386,
       404,  16,  96, 439,   5, 366, 193, 274, 380, 263,  17, 352,  59,
       281, 116, 286, 207, 125, 442, 285, 341, 395, 443,  83,  52, 412,
        81, 343, 284, 378, 252,  83, 406, 355, 349, 275, 214])}, {'ts_index': 182, 'loc': 120, 'gap': 0.021434956006764636, 'distances': array([0.10881575, 0.10490024, 0.08912921, 0.10173807, 0.12383511,
       0.09895194, 0.07822233, 0.13126015, 0.12060334, 0.12189759,
       0.12124968, 0.1421476 , 0.11903841, 0.08258471, 0.11861695,
       0.06714048, 0.1288023 , 0.13032648, 0.13189608, 0.14465062,
       0.10393287, 0.0936064 , 0.12884046, 0.1276589 , 0.10581321,
       0.12333819, 0.07551364, 0.10884275, 0.07263444, 0.08365404,
       0.13456065, 0.11623518, 0.11231975, 0.13011664, 0.06210526,
       0.07287231, 0.07090174, 0.10644436, 0.11837302, 0.11228759,
       0.1234639 , 0.10694411, 0.11988631, 0.12325824, 0.04941485,
       0.12442136, 0.04556436, 0.14402673, 0.05836495, 0.05548482,
       0.11106459, 0.13409192, 0.12332972, 0.13003031, 0.13595734,
       0.12987866, 0.13035887, 0.12494147, 0.10022039, 0.10940774,
       0.11684934, 0.09128148, 0.12963887, 0.09269932, 0.        ,
       0.13314075, 0.12096483, 0.08927601, 0.10376853, 0.13290357,
       0.07595851, 0.11074816, 0.13668809]), 'delta_distances': array([0., 0., 0., 0., 0., 0., 0., 0., 0., 0., 0., 0., 0., 0., 0., 0., 0.,
       0., 0., 0., 0., 0., 0., 0., 0., 0., 0., 0., 0., 0., 0., 0., 0., 0.,
       0., 0., 0., 0., 0., 0., 0., 0., 0., 0., 0., 0., 0., 0., 0., 0., 0.,
       0., 0., 0., 0., 0., 0., 0., 0., 0., 0., 0., 0., 0., 0., 0., 0., 0.,
       0., 0., 0., 0., 0.]), 'locations': array([ 26, 337,  96, 147, 200,  96,  76,  23, 408, 221, 387, 357, 397,
        33, 338, 241, 111,  23,  40,  30,  85, 286, 170, 365, 230, 174,
       429, 422, 170,  34, 466, 425, 251,   2, 297, 201, 310, 268, 427,
       111, 104, 275, 343,  69, 158, 104, 404, 241, 266, 179,  21, 388,
       147, 201,  61, 232, 414, 315, 428, 406, 299, 405, 121, 291, 120,
       319, 480, 254, 367,  78, 143, 356, 272])}, {'ts_index': 6, 'loc': 183, 'gap': 0.032847884427956484, 'distances': array([0.12918699, 0.        , 0.06166804, 0.11632792, 0.03852743,
       0.11496844, 0.10025398, 0.03502406, 0.11584455, 0.06777003,
       0.12010241, 0.0669172 , 0.10319966, 0.09417676, 0.03253179,
       0.10954609, 0.04328954, 0.11230745, 0.13525596, 0.12442056,
       0.10365838, 0.02729945, 0.06290841, 0.10496394, 0.11568412,
       0.12517326, 0.10910823, 0.12477454, 0.068513  , 0.10893745,
       0.11197045, 0.10090841, 0.10889759, 0.066401  , 0.08157922,
       0.07833448, 0.04253746, 0.08352224, 0.09315403, 0.12009661,
       0.12740213, 0.10246052, 0.08458549, 0.12035217, 0.04314007,
       0.12066237, 0.12399512, 0.04304053, 0.04736126, 0.12048631,
       0.12886886, 0.09845959, 0.12017694, 0.08635521, 0.11282965,
       0.07785505, 0.08779377, 0.12532744, 0.09776081]), 'delta_distances': array([0., 0., 0., 0., 0., 0., 0., 0., 0., 0., 0., 0., 0., 0., 0., 0., 0.,
       0., 0., 0., 0., 0., 0., 0., 0., 0., 0., 0., 0., 0., 0., 0., 0., 0.,
       0., 0., 0., 0., 0., 0., 0., 0., 0., 0., 0., 0., 0., 0., 0., 0., 0.,
       0., 0., 0., 0., 0., 0., 0., 0.]), 'locations': array([319, 183, 457, 417, 207, 424, 213, 481, 145, 273, 125,   0, 472,
       172, 145, 283, 241, 300, 379, 335,  27, 481, 418, 147, 407, 151,
       375, 423, 322, 399, 397, 179, 225, 329, 196, 333, 128, 308, 153,
        29, 241, 459, 118,  98, 222, 191, 454, 241,  79,  87, 394, 368,
       355, 186, 413, 191, 409, 209, 130])}, {'ts_index': 101, 'loc': 245, 'gap': 0.023824216548015573, 'distances': array([0.09136292, 0.07177923, 0.10089129, 0.1171959 , 0.10409302,
       0.07622755, 0.12241902, 0.12645098, 0.11088649, 0.09267983,
       0.09846304, 0.1275677 , 0.09059288, 0.04201858, 0.11522479,
       0.11558651, 0.        , 0.08611495, 0.06169511, 0.10482638,
       0.05480491, 0.09983836, 0.03697141, 0.09535294, 0.1246016 ,
       0.10254017, 0.12203235, 0.06293617, 0.10093976, 0.05491083,
       0.0799441 , 0.10472245, 0.10730131, 0.1199189 , 0.11295374,
       0.10185328, 0.11817486, 0.10052275, 0.11486457, 0.06414453,
       0.0397024 , 0.1156807 , 0.0586167 , 0.07221467, 0.11330169,
       0.11190563, 0.11549649, 0.08888878]), 'delta_distances': array([0., 0., 0., 0., 0., 0., 0., 0., 0., 0., 0., 0., 0., 0., 0., 0., 0.,
       0., 0., 0., 0., 0., 0., 0., 0., 0., 0., 0., 0., 0., 0., 0., 0., 0.,
       0., 0., 0., 0., 0., 0., 0., 0., 0., 0., 0., 0., 0., 0.]), 'locations': array([472,  61, 378,  97,  84, 288, 371, 149, 133, 200,  99, 151, 370,
        49, 348, 113, 245, 370, 427, 283, 103, 352, 229, 214, 476, 204,
       215, 155, 261, 443, 310, 152, 171, 196,  78, 203, 336, 453, 213,
       271,  78, 340, 236, 276, 390, 105, 159, 215])}, {'ts_index': 131, 'loc': 286, 'gap': 0.02968392130654994, 'distances': array([0.09497275, 0.0756601 , 0.12056248, 0.12925183, 0.04618785,
       0.13148969, 0.1109741 , 0.06822346, 0.13690127, 0.11218929,
       0.10810798, 0.12291895, 0.04653229, 0.05881374, 0.10290071,
       0.123027  , 0.1382246 , 0.0815672 , 0.11945652, 0.13105809,
       0.06089311, 0.        , 0.11215803, 0.05592613, 0.13051147,
       0.12593375, 0.09931818, 0.11957348, 0.12309149, 0.10294595,
       0.12956415, 0.10764272, 0.13443167, 0.10083995, 0.13191412,
       0.1025584 , 0.05906326, 0.09438687]), 'delta_distances': array([0., 0., 0., 0., 0., 0., 0., 0., 0., 0., 0., 0., 0., 0., 0., 0., 0.,
       0., 0., 0., 0., 0., 0., 0., 0., 0., 0., 0., 0., 0., 0., 0., 0., 0.,
       0., 0., 0., 0.]), 'locations': array([233, 226, 365, 361,  93, 300, 433,  34, 119, 259,  32, 361, 408,
       440, 245, 187, 193, 381, 389,  29, 331, 286, 240, 251, 354, 217,
       166,  57, 373, 241, 319, 154, 444, 427, 288, 131, 189, 403])}, {'ts_index': 107, 'loc': 419, 'gap': 0.02811868100880141, 'distances': array([0.09180888, 0.11162828, 0.03055785, 0.05499616, 0.07258097,
       0.08131879, 0.12079769, 0.04320708, 0.05767739, 0.11823624,
       0.11056989, 0.11852725, 0.        , 0.11760947, 0.04176511,
       0.07214677, 0.12294307, 0.09453521, 0.08407779, 0.12693338,
       0.05655048, 0.09813572, 0.08327714, 0.03497232, 0.07375161,
       0.03359334, 0.05284292, 0.07118748, 0.12463717, 0.06417167]), 'delta_distances': array([0., 0., 0., 0., 0., 0., 0., 0., 0., 0., 0., 0., 0., 0., 0., 0., 0.,
       0., 0., 0., 0., 0., 0., 0., 0., 0., 0., 0., 0., 0.]), 'locations': array([237, 391, 382, 449,  19, 272, 395, 383, 291, 450, 347, 173, 419,
       147, 359, 274, 115, 355, 306, 415, 356,  14, 248,  91, 399,  91,
       144, 339, 324, 432])}, {'ts_index': 99, 'loc': 42, 'gap': 0.05311123610897737, 'distances': array([0.034378  , 0.09643089, 0.09524382, 0.        , 0.0458819 ,
       0.11566144, 0.12080391, 0.11051357, 0.11917396]), 'delta_distances': array([0., 0., 0., 0., 0., 0., 0., 0., 0.]), 'locations': array([234, 146, 231,  42, 376, 154, 409, 117,  52])}, {'ts_index': 89, 'loc': 107, 'gap': 0.04099241411145266, 'distances': array([0.06314445, 0.        , 0.10880325, 0.06019958, 0.12532407,
       0.12020019]), 'delta_distances': array([0., 0., 0., 0., 0., 0.]), 'locations': array([322, 107, 325, 231, 460,  54])}], 'clusters': array([ 4,  4,  1,  1, 10,  1,  7,  2,  7,  1,  5,  2,  3,  2,  1, 11,  2,
        3,  3,  4,  1,  7,  2,  1, 10,  4,  1,  3,  2,  1,  2,  3,  6,  2,
        4,  2,  3,  1,  3, 10,  7,  9,  3,  2,  1,  4,  4,  1, 10,  5,  3,
       10,  1,  1,  5,  5,  1,  5,  1,  9,  1,  1,  5,  6,  3, 12,  2,  4,
        4,  1,  4,  2,  3,  2,  5,  4,  2,  6,  4, 10,  7,  5, 10,  2,  1,
        2,  2,  2,  7, 12,  9,  1,  1,  4,  8,  1,  9,  7,  5, 11,  6,  8,
        6, 11,  2,  8,  4, 10,  8,  4,  1,  1,  1,  1,  0,  6,  6,  4,  3,
        6,  3,  5,  5,  8,  3, 10,  4, 10,  3,  9,  2,  9,  5,  3,  8, 12,
        3,  2,  2,  6,  7,  2,  6,  8,  6,  3,  6,  1,  5,  9, 10,  1,  3,
        4, 10,  1,  0,  4,  1,  3, 10,  1, 10,  2,  3,  5,  7,  4,  5, 10,
       10,  4,  1,  4,  7,  1,  3,  7, 10,  8,  8,  2,  6, 10,  8, 10, 10,
        5,  2,  0,  2,  6,  2,  9,  2,  1,  4, 10,  3,  3]), 'time': 34413.53401970863}
lenSubsequence: 15{'RI': 0.50321608040201, 'num_clusters': 15, 'uShapelets': [{'ts_index': 171, 'loc': 418, 'gap': 0.02679794121882599, 'distances': array([0.11755156, 0.11854386, 0.08991549, 0.13068364, 0.12230307,
       0.05146623, 0.12547975, 0.05613508, 0.11675131, 0.06200268,
       0.08869896, 0.02922258, 0.1117745 , 0.11156459, 0.11815911,
       0.11293269, 0.04037157, 0.09968034, 0.09422487, 0.11875171,
       0.11067466, 0.11473287, 0.11157125, 0.12605381, 0.09887921,
       0.12502391, 0.09416353, 0.13087035, 0.0997544 , 0.06776817,
       0.13746126, 0.03479816, 0.11532172, 0.05875725, 0.08491667,
       0.12268788, 0.1271164 , 0.11987564, 0.12156658, 0.09009796,
       0.12499231, 0.10974745, 0.12003006, 0.11250503, 0.09373557,
       0.12655209, 0.11496462, 0.10902468, 0.11769553, 0.12075829,
       0.11815596, 0.1130662 , 0.13249097, 0.11316314, 0.06723265,
       0.07199901, 0.11353498, 0.02963182, 0.10750707, 0.09748452,
       0.06507053, 0.07711513, 0.10224357, 0.13368731, 0.13264514,
       0.1210722 , 0.12840392, 0.13213962, 0.08130059, 0.11805006,
       0.03154375, 0.12920709, 0.10834655, 0.09247812, 0.12219075,
       0.11753237, 0.13232584, 0.08878295, 0.13473782, 0.11609135,
       0.08019277, 0.12496775, 0.10519575, 0.1146486 , 0.04660609,
       0.13642485, 0.11878998, 0.12566611, 0.11077877, 0.13504399,
       0.10982085, 0.13306095, 0.12223891, 0.11844814, 0.12204659,
       0.11579318, 0.08762406, 0.11788527, 0.07179734, 0.13561102,
       0.03871808, 0.11288998, 0.11478042, 0.10176793, 0.08307743,
       0.12417132, 0.07058513, 0.11293754, 0.13467105, 0.09765543,
       0.09030261, 0.13620391, 0.12444688, 0.07030301, 0.05783879,
       0.09174449, 0.08999601, 0.09836639, 0.02960229, 0.06855298,
       0.07307112, 0.12684627, 0.1020245 , 0.12144353, 0.10095977,
       0.13297566, 0.09323276, 0.10696431, 0.1222083 , 0.1321749 ,
       0.10381313, 0.11931777, 0.11768593, 0.12121111, 0.04966492,
       0.12211883, 0.10287846, 0.1190165 , 0.08443791, 0.07849157,
       0.11424371, 0.07959523, 0.1132436 , 0.08657321, 0.12397623,
       0.11330974, 0.10769035, 0.12628201, 0.10802919, 0.1089584 ,
       0.11409158, 0.05887317, 0.09833654, 0.08986292, 0.10928327,
       0.0950761 , 0.04217531, 0.06626017, 0.12822165, 0.12621324,
       0.12149003, 0.11875498, 0.13547176, 0.1346892 , 0.04955025,
       0.12982833, 0.10885581, 0.12345637, 0.10981406, 0.05063827,
       0.1360645 , 0.        , 0.12677603, 0.03819409, 0.12231185,
       0.10780003, 0.1137375 , 0.12341445, 0.12063301, 0.10866614,
       0.12156966, 0.11380464, 0.10596041, 0.12755247, 0.10140463,
       0.09742037, 0.12656179, 0.12111892, 0.1112001 , 0.0903991 ,
       0.09825008, 0.08792301, 0.09272935, 0.09812702, 0.09972935,
       0.10703989, 0.06791397, 0.06251457, 0.11363495, 0.08876153]), 'delta_distances': array([0., 0., 0., 0., 0., 0., 0., 0., 0., 0., 0., 0., 0., 0., 0., 0., 0.,
       0., 0., 0., 0., 0., 0., 0., 0., 0., 0., 0., 0., 0., 0., 0., 0., 0.,
       0., 0., 0., 0., 0., 0., 0., 0., 0., 0., 0., 0., 0., 0., 0., 0., 0.,
       0., 0., 0., 0., 0., 0., 0., 0., 0., 0., 0., 0., 0., 0., 0., 0., 0.,
       0., 0., 0., 0., 0., 0., 0., 0., 0., 0., 0., 0., 0., 0., 0., 0., 0.,
       0., 0., 0., 0., 0., 0., 0., 0., 0., 0., 0., 0., 0., 0., 0., 0., 0.,
       0., 0., 0., 0., 0., 0., 0., 0., 0., 0., 0., 0., 0., 0., 0., 0., 0.,
       0., 0., 0., 0., 0., 0., 0., 0., 0., 0., 0., 0., 0., 0., 0., 0., 0.,
       0., 0., 0., 0., 0., 0., 0., 0., 0., 0., 0., 0., 0., 0., 0., 0., 0.,
       0., 0., 0., 0., 0., 0., 0., 0., 0., 0., 0., 0., 0., 0., 0., 0., 0.,
       0., 0., 0., 0., 0., 0., 0., 0., 0., 0., 0., 0., 0., 0., 0., 0., 0.,
       0., 0., 0., 0., 0., 0., 0., 0., 0., 0., 0., 0., 0.]), 'locations': array([239, 386, 142, 390, 463, 479, 191, 169, 125, 145,  80,  89,  52,
       385, 194, 332, 114, 310,  26, 477, 329, 453, 364, 406, 158, 369,
        78, 238,  42,  48, 305,  71, 245, 335, 390, 423, 364, 326, 381,
       481, 458, 428, 142, 149,  82,  71, 146,  28, 161, 287, 287, 356,
        77, 398,  54,  58,  34, 183, 133, 269, 340, 140, 192, 184, 400,
       235, 367,   0, 393, 164, 270, 191, 167, 448, 410,  24, 183, 246,
       248, 108, 322, 126,  17,  36, 144, 145, 274,  22,  72, 474, 195,
       156, 169, 477, 345, 430, 397, 286,  44, 305, 156,   0,  35, 329,
       243, 454,  60, 282,  56, 272, 200, 270, 305, 440, 389, 320, 319,
       327, 274, 307, 135, 365,  66, 108, 335, 289,  46, 255, 174, 391,
       129,  80, 413, 412, 368, 127, 431, 172, 214, 239, 342, 168, 324,
        55, 367,  53, 135, 145, 379, 457,  97, 450, 257, 213, 290, 182,
        36, 313, 105, 244, 375,  29, 246,  55,  32, 251, 256, 395, 448,
       291, 360, 418, 439, 402, 456, 297, 330, 298, 303, 282, 377,  40,
       277, 221, 480,  93, 226, 360, 372, 195, 186, 225, 151, 359, 371,
       202, 376, 239, 355, 132])}, {'ts_index': 44, 'loc': 461, 'gap': 0.026669886509242992, 'distances': array([0.11627543, 0.0664273 , 0.03068642, 0.0978758 , 0.11944058,
       0.02152417, 0.03285548, 0.09434271, 0.10414647, 0.08344973,
       0.08828633, 0.04741118, 0.11459098, 0.06468434, 0.10873017,
       0.02625251, 0.0254222 , 0.1202332 , 0.12781861, 0.10321625,
       0.12008503, 0.09130338, 0.04546037, 0.11566042, 0.0507621 ,
       0.09809975, 0.10527326, 0.08442224, 0.09625204, 0.06681892,
       0.10812387, 0.08964051, 0.0183481 , 0.09031375, 0.10491162,
       0.12398366, 0.        , 0.084649  , 0.04875863, 0.02863282,
       0.07560325, 0.08938342, 0.09459784, 0.11866414, 0.04213943,
       0.10560074, 0.04891302, 0.10024509, 0.08121079, 0.07851497,
       0.07303262, 0.08197289, 0.11147259, 0.10248463, 0.11121818,
       0.0620531 , 0.05837394, 0.1159911 , 0.12072598, 0.1035464 ,
       0.0719799 , 0.02818487, 0.09036114, 0.09455618, 0.0623501 ,
       0.04990225, 0.08259299, 0.03529612, 0.08243811, 0.02705091,
       0.09894897, 0.1086803 , 0.09799611, 0.06523536, 0.11358702,
       0.07660732, 0.0295181 , 0.08303515, 0.05695081, 0.09269999,
       0.04195693, 0.12662818, 0.02472962, 0.05122026, 0.08831597,
       0.07525511, 0.05605308, 0.07424541, 0.13448464, 0.11108009,
       0.11592404, 0.09128591, 0.07984768, 0.03476344, 0.04416711,
       0.10632483, 0.12098851, 0.07150244, 0.09430847, 0.05857908,
       0.1197097 , 0.11844139, 0.11787756, 0.05788369, 0.07287317,
       0.05534565, 0.08500853, 0.08974811, 0.08419044, 0.08816604,
       0.10252069, 0.08235537, 0.10173692, 0.06903049, 0.08055898,
       0.06304575, 0.07112346, 0.08077994, 0.1286239 , 0.07863003,
       0.0381945 , 0.08886379, 0.11067278, 0.05882601, 0.11736345,
       0.08778363, 0.04183034, 0.12535678, 0.08562268, 0.11998011,
       0.09040599, 0.12492242, 0.11055558, 0.10557165, 0.09255718,
       0.10829618, 0.05794243, 0.08433292, 0.08632194, 0.06082641,
       0.06568062, 0.02896077, 0.07916534, 0.06548986, 0.07249141,
       0.11449712, 0.13399143, 0.08219715, 0.13458327, 0.01927068,
       0.11619837, 0.10547864, 0.07334342, 0.09017592, 0.08642796,
       0.09708686, 0.09058551, 0.06943135, 0.10872684, 0.07650567,
       0.08661405, 0.11499307, 0.02340323, 0.11222029, 0.06027644]), 'delta_distances': array([0., 0., 0., 0., 0., 0., 0., 0., 0., 0., 0., 0., 0., 0., 0., 0., 0.,
       0., 0., 0., 0., 0., 0., 0., 0., 0., 0., 0., 0., 0., 0., 0., 0., 0.,
       0., 0., 0., 0., 0., 0., 0., 0., 0., 0., 0., 0., 0., 0., 0., 0., 0.,
       0., 0., 0., 0., 0., 0., 0., 0., 0., 0., 0., 0., 0., 0., 0., 0., 0.,
       0., 0., 0., 0., 0., 0., 0., 0., 0., 0., 0., 0., 0., 0., 0., 0., 0.,
       0., 0., 0., 0., 0., 0., 0., 0., 0., 0., 0., 0., 0., 0., 0., 0., 0.,
       0., 0., 0., 0., 0., 0., 0., 0., 0., 0., 0., 0., 0., 0., 0., 0., 0.,
       0., 0., 0., 0., 0., 0., 0., 0., 0., 0., 0., 0., 0., 0., 0., 0., 0.,
       0., 0., 0., 0., 0., 0., 0., 0., 0., 0., 0., 0., 0., 0., 0., 0., 0.,
       0., 0., 0., 0., 0., 0., 0., 0., 0., 0., 0., 0.]), 'locations': array([209, 151,  94, 121, 391, 184, 453, 269, 196, 253, 449, 466, 281,
        99,  15, 157, 207, 397, 127, 255, 420, 148,  71, 466, 120,  61,
       460,  66, 403,  34, 291, 209, 480, 307, 246, 465, 461, 119, 338,
       401, 341,  87, 154, 459, 258, 162, 221, 382,   2, 241, 364, 355,
        47, 409, 421, 188, 134,  34, 255, 351, 260, 365,  64,   8,  23,
       172, 282, 344,   7, 107, 169,  85, 449, 273, 129, 179, 452, 110,
       220, 304, 152, 480, 481, 378, 331, 191, 450, 279, 348, 374, 267,
        76, 243,  36, 181, 102, 114, 175, 325, 307,  36,   8,  14, 159,
       341,  39, 359, 293, 170, 163,  84, 332, 395, 100,  77, 128, 247,
       309, 295, 168, 273, 431, 234, 150,  29,  39, 300, 312,  68, 150,
       230, 217, 199,  98, 180, 415, 223, 404, 208, 296,  26, 240,  30,
        63, 238, 416, 484, 165, 237, 224, 110, 131, 188, 191,  82, 189,
       222, 474, 442, 146, 461, 350, 275, 281, 383])}, {'ts_index': 39, 'loc': 46, 'gap': 0.023902818805549716, 'distances': array([0.08726803, 0.08324569, 0.09928653, 0.12896128, 0.1243455 ,
       0.06798156, 0.07651567, 0.10771734, 0.12659876, 0.10493977,
       0.05445401, 0.11700028, 0.11353124, 0.122225  , 0.13801253,
       0.08226275, 0.13914189, 0.04180249, 0.05413274, 0.10857166,
       0.11534657, 0.06972595, 0.08699766, 0.        , 0.10900085,
       0.12073848, 0.10028984, 0.11120825, 0.13347989, 0.12310847,
       0.06728297, 0.09347339, 0.10240273, 0.12461866, 0.08654808,
       0.11955389, 0.11292056, 0.12036755, 0.10190176, 0.11928835,
       0.12796268, 0.1247435 , 0.05853439, 0.11570331, 0.12161264,
       0.11766106, 0.12047841, 0.11789359, 0.05824573, 0.11398907,
       0.12368129, 0.10218863, 0.10960257, 0.06678407, 0.12740309,
       0.11153961, 0.11230531, 0.1240818 , 0.13268355, 0.05140854,
       0.1243466 , 0.05340117, 0.13649649, 0.12661543, 0.10622633,
       0.0682378 , 0.04384894, 0.12795379, 0.11975624, 0.09259517,
       0.11325189, 0.0919133 , 0.1211483 , 0.08724581, 0.08441173,
       0.12648844, 0.12402129, 0.12832709, 0.0823125 , 0.12914017,
       0.11610569, 0.09967987, 0.13517726, 0.1179248 , 0.08352363,
       0.12895713, 0.0709672 , 0.13287296, 0.12324521, 0.07064861,
       0.06164148, 0.11537497, 0.08251812, 0.12770353, 0.1079151 ,
       0.09000616, 0.04601149, 0.07072321, 0.12048972, 0.11760926,
       0.06614554, 0.11455112, 0.12228754, 0.11903429, 0.0993453 ,
       0.11596092, 0.10765473, 0.10080643, 0.11762849, 0.06485497,
       0.13158685, 0.12388863, 0.10178388, 0.08000723, 0.06352867,
       0.13132571, 0.12133405, 0.09089546, 0.11147876, 0.11355313,
       0.11439025, 0.10042045, 0.10072789, 0.13352842, 0.0742605 ,
       0.12891823, 0.12739757, 0.10202969, 0.10042091, 0.11930124,
       0.12706382, 0.06952532, 0.06892432, 0.12161265, 0.11274697,
       0.12138423]), 'delta_distances': array([0., 0., 0., 0., 0., 0., 0., 0., 0., 0., 0., 0., 0., 0., 0., 0., 0.,
       0., 0., 0., 0., 0., 0., 0., 0., 0., 0., 0., 0., 0., 0., 0., 0., 0.,
       0., 0., 0., 0., 0., 0., 0., 0., 0., 0., 0., 0., 0., 0., 0., 0., 0.,
       0., 0., 0., 0., 0., 0., 0., 0., 0., 0., 0., 0., 0., 0., 0., 0., 0.,
       0., 0., 0., 0., 0., 0., 0., 0., 0., 0., 0., 0., 0., 0., 0., 0., 0.,
       0., 0., 0., 0., 0., 0., 0., 0., 0., 0., 0., 0., 0., 0., 0., 0., 0.,
       0., 0., 0., 0., 0., 0., 0., 0., 0., 0., 0., 0., 0., 0., 0., 0., 0.,
       0., 0., 0., 0., 0., 0., 0., 0., 0., 0., 0., 0., 0., 0., 0., 0., 0.]), 'locations': array([107, 231, 373, 369, 104,  84,  79,  27, 231,  65, 356, 113,  54,
       479, 303, 371,  17,  87, 317,  74, 388, 309, 402,  46, 103,  80,
       193, 169, 457, 312, 166,   3, 209,  95, 403, 187, 465, 103, 370,
        62,  52, 237, 457, 323,  52, 354, 193, 224, 449, 247, 317, 140,
       107, 284, 388, 249, 216, 152, 232,  11, 168, 183, 452, 231, 341,
       284, 240, 351,  46, 384,  19, 410, 218, 467, 298, 454,  96, 320,
        72, 156,  79, 133,  65, 416,  40, 126,  29, 460, 356, 381, 371,
        63,  30, 463, 289, 163,  49,  85, 180,  13,  21, 245, 407, 435,
       211, 148, 100,  89, 344, 222, 439,   4, 473, 113, 324, 319,   6,
       210, 328, 152, 195,  44,   1,  76,  48, 276,  32, 136, 208, 348,
       329,  98, 201,   2, 150, 456])}, {'ts_index': 63, 'loc': 45, 'gap': 0.029960995293650095, 'distances': array([0.11832496, 0.05129925, 0.12235295, 0.12348646, 0.08338185,
       0.1276407 , 0.13212222, 0.12440174, 0.12388884, 0.1136987 ,
       0.11654411, 0.13393547, 0.06786848, 0.12995066, 0.12305972,
       0.1078439 , 0.11872554, 0.12598186, 0.11918432, 0.09901672,
       0.10822372, 0.13237245, 0.12232281, 0.11495592, 0.12510769,
       0.04621176, 0.11866017, 0.13616454, 0.11082591, 0.        ,
       0.1244832 , 0.11728734, 0.11579138, 0.11713511, 0.06305577,
       0.11743284, 0.11473496, 0.11610812, 0.09725796, 0.1241217 ,
       0.10231494, 0.10095231, 0.12829206, 0.09005595, 0.11384019,
       0.13555325, 0.0656501 , 0.13450228, 0.06075251, 0.10805377,
       0.03922716, 0.04109223, 0.13774942, 0.10898961, 0.10437025,
       0.12563949, 0.12455776, 0.10314083, 0.12527876, 0.12638623,
       0.12185022, 0.06396415, 0.12822877, 0.11919668, 0.12329087,
       0.13375867, 0.10946598, 0.09124673, 0.08641864, 0.10091218,
       0.11418872, 0.12376619, 0.06306583, 0.09009716, 0.10029052,
       0.11875499, 0.09889987, 0.12323459, 0.1351268 , 0.11508988,
       0.03228183, 0.11957268, 0.11283781, 0.13001586, 0.08646535,
       0.04286482, 0.12797042, 0.12779949, 0.10623539, 0.13349863,
       0.11252928, 0.11465785, 0.09127622, 0.10293094, 0.03732504,
       0.10440069, 0.1110677 , 0.13386304, 0.10984355, 0.09247126,
       0.12354068, 0.11887061, 0.08872131, 0.12990653, 0.12469422,
       0.09756497, 0.05465815, 0.06682089, 0.13329181, 0.02702641,
       0.13198674]), 'delta_distances': array([0., 0., 0., 0., 0., 0., 0., 0., 0., 0., 0., 0., 0., 0., 0., 0., 0.,
       0., 0., 0., 0., 0., 0., 0., 0., 0., 0., 0., 0., 0., 0., 0., 0., 0.,
       0., 0., 0., 0., 0., 0., 0., 0., 0., 0., 0., 0., 0., 0., 0., 0., 0.,
       0., 0., 0., 0., 0., 0., 0., 0., 0., 0., 0., 0., 0., 0., 0., 0., 0.,
       0., 0., 0., 0., 0., 0., 0., 0., 0., 0., 0., 0., 0., 0., 0., 0., 0.,
       0., 0., 0., 0., 0., 0., 0., 0., 0., 0., 0., 0., 0., 0., 0., 0., 0.,
       0., 0., 0., 0., 0., 0., 0., 0., 0.]), 'locations': array([120, 460, 222, 479,  56,  60,   8, 122, 329, 365, 208, 307, 139,
       187, 442, 369, 128, 226, 152,  41, 225,  11, 270, 469, 376, 139,
       186,  99,  38,  45, 358, 390, 276, 251, 125, 104, 218, 222, 380,
       457, 432, 483, 468, 427, 374,  15, 337, 143, 307, 293, 334, 194,
       189, 378, 231, 443, 482,  17, 154, 446, 222, 302, 387, 228,  82,
       190, 325, 164, 177, 354,  58, 160, 351, 468, 122, 284, 164, 299,
       369, 257, 286, 444, 316, 219, 149, 115,   8, 346, 466,  10,  33,
       228, 170,  27, 112, 315, 269, 359, 416, 318, 369, 452,  15, 433,
       138,   0, 247,  47,  51, 336, 279])}, {'ts_index': 131, 'loc': 169, 'gap': 0.025816920682215513, 'distances': array([0.10256838, 0.11652419, 0.10907539, 0.10853439, 0.02927274,
       0.06140643, 0.11348584, 0.10639248, 0.02504007, 0.10160603,
       0.04879243, 0.11110418, 0.08332041, 0.11405353, 0.08883229,
       0.07570424, 0.0863975 , 0.1327732 , 0.1000641 , 0.09047808,
       0.0776873 , 0.11572508, 0.0706896 , 0.12642431, 0.0907648 ,
       0.04495974, 0.08227542, 0.04391614, 0.12099446, 0.10504667,
       0.05434827, 0.04256923, 0.11052872, 0.07417078, 0.10480463,
       0.0896202 , 0.10101622, 0.06014016, 0.10527265, 0.10953707,
       0.094358  , 0.10946666, 0.08127784, 0.07892036, 0.09007998,
       0.04317852, 0.090627  , 0.11504719, 0.11729818, 0.10566075,
       0.08729581, 0.12014474, 0.11835783, 0.11596204, 0.0875447 ,
       0.12454971, 0.10158252, 0.10996645, 0.        , 0.06187732,
       0.12595373, 0.05000364, 0.10947664, 0.09221429, 0.11038077,
       0.03087476, 0.09320065, 0.07770442, 0.07391361, 0.02470636,
       0.04916203, 0.08185242, 0.06685545, 0.10141229, 0.05819477,
       0.09438635, 0.12273331, 0.10367405, 0.04876451, 0.10118389,
       0.10740408, 0.07253314, 0.12176769, 0.12139899, 0.06968468,
       0.10702919, 0.1043896 , 0.10913014, 0.08063483, 0.08774673,
       0.10562475]), 'delta_distances': array([0., 0., 0., 0., 0., 0., 0., 0., 0., 0., 0., 0., 0., 0., 0., 0., 0.,
       0., 0., 0., 0., 0., 0., 0., 0., 0., 0., 0., 0., 0., 0., 0., 0., 0.,
       0., 0., 0., 0., 0., 0., 0., 0., 0., 0., 0., 0., 0., 0., 0., 0., 0.,
       0., 0., 0., 0., 0., 0., 0., 0., 0., 0., 0., 0., 0., 0., 0., 0., 0.,
       0., 0., 0., 0., 0., 0., 0., 0., 0., 0., 0., 0., 0., 0., 0., 0., 0.,
       0., 0., 0., 0., 0., 0.]), 'locations': array([177,  36, 145, 254, 225,  96, 252, 396, 413, 312, 440, 105,  68,
       116, 142, 364, 393, 413, 382, 103,  56, 425, 390, 465,  10, 393,
       215, 467, 258, 152, 176, 453, 429, 259, 289, 259, 478,  14,  55,
       275, 381, 264, 407, 208, 136, 102, 138, 364, 251, 212, 261,  38,
       412, 476,  43,  96, 363, 363, 169, 167, 280,  29, 374, 349, 314,
       165, 153, 440, 187, 236, 477, 113, 473, 200,  99, 272, 355,  29,
        80, 450, 481, 448,  50, 380,  88, 439, 205, 217, 168,  48, 388])}, {'ts_index': 128, 'loc': 290, 'gap': 0.028991972099597522, 'distances': array([0.07725507, 0.10886659, 0.07967785, 0.08248466, 0.09867206,
       0.12616003, 0.09208516, 0.11050471, 0.09781076, 0.10124855,
       0.10188751, 0.10934944, 0.11625807, 0.09911804, 0.12929933,
       0.11612964, 0.12404628, 0.08149778, 0.10284778, 0.10193835,
       0.13080569, 0.06139495, 0.09823565, 0.09230225, 0.10986526,
       0.02346727, 0.10944037, 0.12004221, 0.05069069, 0.06234251,
       0.1224036 , 0.03961239, 0.12165552, 0.09408314, 0.11209944,
       0.11791037, 0.10642991, 0.08643607, 0.054664  , 0.11320118,
       0.08266978, 0.0962705 , 0.05801123, 0.03656943, 0.12755006,
       0.10606805, 0.        , 0.08578426, 0.04251822, 0.08546893,
       0.04884975, 0.08934857, 0.10560888, 0.09525676, 0.10732019,
       0.08144118, 0.10177536, 0.11554129, 0.09705993, 0.0927364 ,
       0.03284965, 0.11798778, 0.0983366 , 0.06912486, 0.09640803,
       0.082489  , 0.05034128, 0.10893479, 0.04372513, 0.12791822,
       0.11770065, 0.09759511, 0.09193345, 0.10190407]), 'delta_distances': array([0., 0., 0., 0., 0., 0., 0., 0., 0., 0., 0., 0., 0., 0., 0., 0., 0.,
       0., 0., 0., 0., 0., 0., 0., 0., 0., 0., 0., 0., 0., 0., 0., 0., 0.,
       0., 0., 0., 0., 0., 0., 0., 0., 0., 0., 0., 0., 0., 0., 0., 0., 0.,
       0., 0., 0., 0., 0., 0., 0., 0., 0., 0., 0., 0., 0., 0., 0., 0., 0.,
       0., 0., 0., 0., 0., 0.]), 'locations': array([222, 196, 329, 278, 484, 187, 392, 149,   8, 281, 356, 244, 226,
       298, 329, 253, 481, 429, 333, 121, 204, 306, 220, 253, 442, 346,
       305, 254, 389,  69, 170, 261,  67, 105, 423, 456, 459, 477, 228,
       280, 464, 138,  88, 155,  17,  14, 290, 404, 209, 381, 148, 220,
       319,  63, 185, 249, 141, 242, 419, 408, 483,   1, 152,  83, 179,
       135, 136, 321, 315, 174, 140, 242,  34, 435])}, {'ts_index': 181, 'loc': 260, 'gap': 0.018976554547548583, 'distances': array([0.11138587, 0.07281463, 0.06937829, 0.08569417, 0.04762601,
       0.10893063, 0.1156809 , 0.10418382, 0.11816152, 0.09526169,
       0.10905072, 0.11470512, 0.05941661, 0.07605164, 0.09089704,
       0.11722048, 0.11681906, 0.10506869, 0.1055463 , 0.09958125,
       0.10918855, 0.06690993, 0.08923154, 0.10486684, 0.04849706,
       0.09309655, 0.1286523 , 0.0746491 , 0.12089676, 0.10324827,
       0.09679032, 0.12293803, 0.04002405, 0.10903036, 0.08309427,
       0.09307426, 0.09562659, 0.12190551, 0.04995963, 0.07522007,
       0.08909996, 0.10802949, 0.04814796, 0.09911214, 0.10364744,
       0.12254943, 0.10377629, 0.11777875, 0.1080238 , 0.12842659,
       0.11294675, 0.09991994, 0.11258817, 0.        , 0.10905395,
       0.12041056, 0.10451738, 0.10500628, 0.07913387, 0.11617028]), 'delta_distances': array([0., 0., 0., 0., 0., 0., 0., 0., 0., 0., 0., 0., 0., 0., 0., 0., 0.,
       0., 0., 0., 0., 0., 0., 0., 0., 0., 0., 0., 0., 0., 0., 0., 0., 0.,
       0., 0., 0., 0., 0., 0., 0., 0., 0., 0., 0., 0., 0., 0., 0., 0., 0.,
       0., 0., 0., 0., 0., 0., 0., 0., 0.]), 'locations': array([ 53, 214, 263, 144, 480, 308, 199, 252, 201, 387, 173, 245,  68,
       349, 195,  24, 226,  71, 230, 139, 457, 290, 411, 203, 114, 219,
       163, 326, 138,  93,  55, 389, 409,  82, 361, 329, 220, 315, 448,
       189, 144, 441, 385, 123, 141, 124,  85, 144, 410, 367, 372, 107,
       404, 260, 151, 194, 403, 207, 215,  43])}, {'ts_index': 41, 'loc': 84, 'gap': 0.026820360706502955, 'distances': array([0.10842217, 0.1053621 , 0.09050919, 0.11734466, 0.09281071,
       0.1076895 , 0.09363985, 0.04582828, 0.        , 0.10581815,
       0.10513256, 0.11560673, 0.04927123, 0.10993754, 0.0843712 ,
       0.1087467 , 0.10764471, 0.08746421, 0.07096213, 0.08746976,
       0.1210646 , 0.10577841, 0.12372967, 0.11845381, 0.09492566,
       0.05603275, 0.10410779, 0.11008652, 0.10825011, 0.07561234,
       0.10098746, 0.08840364, 0.11349168, 0.02330353, 0.11140589,
       0.09007203, 0.11930865, 0.11679995, 0.0974958 , 0.10893011,
       0.10703902, 0.09689638, 0.03911482, 0.05532134, 0.04343438,
       0.12203085, 0.11835297, 0.08277504]), 'delta_distances': array([0., 0., 0., 0., 0., 0., 0., 0., 0., 0., 0., 0., 0., 0., 0., 0., 0.,
       0., 0., 0., 0., 0., 0., 0., 0., 0., 0., 0., 0., 0., 0., 0., 0., 0.,
       0., 0., 0., 0., 0., 0., 0., 0., 0., 0., 0., 0., 0., 0.]), 'locations': array([167, 155, 354,  17,  27, 158, 460, 273,  84, 360, 428, 172, 129,
       464, 417, 147, 190, 280, 444, 136,  53, 110, 127, 100, 271, 209,
       241, 335,  54, 184, 124,  23, 408, 367, 390, 370, 133, 396, 149,
       279, 226, 398, 377, 214, 426, 266, 162,  27])}, {'ts_index': 126, 'loc': 344, 'gap': 0.019739214385161352, 'distances': array([0.07823484, 0.07829141, 0.05630037, 0.09980551, 0.11565536,
       0.09255002, 0.10571371, 0.07618142, 0.04292085, 0.0451834 ,
       0.09998443, 0.09728731, 0.11653349, 0.03637659, 0.1217561 ,
       0.09544735, 0.11242226, 0.08288335, 0.09683166, 0.09514085,
       0.12953283, 0.06915831, 0.05378116, 0.        , 0.11058134,
       0.07848117, 0.11418501, 0.07271251, 0.06484512, 0.12836853,
       0.10419648, 0.0774742 , 0.11812493, 0.09317685, 0.05035086,
       0.10490643, 0.12089265, 0.0846102 ]), 'delta_distances': array([0., 0., 0., 0., 0., 0., 0., 0., 0., 0., 0., 0., 0., 0., 0., 0., 0.,
       0., 0., 0., 0., 0., 0., 0., 0., 0., 0., 0., 0., 0., 0., 0., 0., 0.,
       0., 0., 0., 0.]), 'locations': array([ 72, 318, 176,  31, 118, 398, 149, 338, 315, 288, 272, 262, 430,
       461, 339, 208, 368, 372, 414, 103, 326, 258, 462, 344, 103,  22,
       468, 203, 168, 191, 422, 317,  99, 309, 261, 102, 138, 112])}, {'ts_index': 143, 'loc': 272, 'gap': 0.021028076389042027, 'distances': array([0.07845262, 0.05150728, 0.09971592, 0.08794255, 0.10710931,
       0.11131842, 0.12512035, 0.1096355 , 0.1083306 , 0.12654356,
       0.10739846, 0.09417962, 0.07920012, 0.09818115, 0.03661989,
       0.1131057 , 0.11178521, 0.05168133, 0.        , 0.1045516 ,
       0.11796877, 0.10421497, 0.07420119, 0.12073703, 0.11803401,
       0.08668462, 0.06412809, 0.06234803, 0.12096384, 0.10055858]), 'delta_distances': array([0., 0., 0., 0., 0., 0., 0., 0., 0., 0., 0., 0., 0., 0., 0., 0., 0.,
       0., 0., 0., 0., 0., 0., 0., 0., 0., 0., 0., 0., 0.]), 'locations': array([251, 429, 281, 282, 291, 335, 131, 240, 375, 111, 344, 421,  60,
         1, 234, 362, 453, 343, 272, 222, 122, 232, 481, 483, 384,  12,
       372,  78, 175, 430])}, {'ts_index': 103, 'loc': 216, 'gap': 0.022348445286852536, 'distances': array([0.08965977, 0.1201774 , 0.03778896, 0.10868321, 0.10439285,
       0.03141402, 0.10163319, 0.06373339, 0.11559903, 0.0723983 ,
       0.06656638, 0.04867902, 0.        , 0.10343411, 0.08385152,
       0.11662462, 0.09244955, 0.06658285, 0.08605849, 0.08334465,
       0.12027962, 0.10797288, 0.12341841]), 'delta_distances': array([0., 0., 0., 0., 0., 0., 0., 0., 0., 0., 0., 0., 0., 0., 0., 0., 0.,
       0., 0., 0., 0., 0., 0.]), 'locations': array([444, 352, 335, 123, 378, 307, 364, 394,   6, 108, 295, 390, 216,
        65, 447, 306, 205, 268, 438, 449,  56, 474,  98])}, {'ts_index': 178, 'loc': 310, 'gap': 0.029310680518599398, 'distances': array([0.03459352, 0.09271284, 0.09944477, 0.08048978, 0.09145309,
       0.08593508, 0.09746647, 0.10366823, 0.08495034, 0.10407318,
       0.05836584, 0.09799228, 0.08305394, 0.10044151, 0.03490573,
       0.        , 0.07507826, 0.04435336]), 'delta_distances': array([0., 0., 0., 0., 0., 0., 0., 0., 0., 0., 0., 0., 0., 0., 0., 0., 0.,
       0.]), 'locations': array([322, 332, 215, 230, 476, 193, 395, 385, 281,  76, 233, 283, 246,
       444, 137, 310, 176, 477])}, {'ts_index': 108, 'loc': 210, 'gap': 0.019332878881661575, 'distances': array([0.10848216, 0.10418493, 0.10787188, 0.1104926 , 0.11885156,
       0.13732534, 0.04144865, 0.        , 0.0824285 , 0.11408093,
       0.11158858, 0.08214288, 0.11365081]), 'delta_distances': array([0., 0., 0., 0., 0., 0., 0., 0., 0., 0., 0., 0., 0.]), 'locations': array([484, 292, 455, 475, 394, 346, 384, 210,   5, 222, 303, 421, 339])}, {'ts_index': 154, 'loc': 341, 'gap': 0.050203370802663884, 'distances': array([0.11734524, 0.06548644, 0.11534495, 0.12908808, 0.11237912,
       0.10816887, 0.        , 0.03362283, 0.1160402 ]), 'delta_distances': array([0., 0., 0., 0., 0., 0., 0., 0., 0.]), 'locations': array([424,  39, 397, 102, 230, 136, 341, 332, 473])}, {'ts_index': 51, 'loc': 353, 'gap': 0.032136417585997196, 'distances': array([0.09058462, 0.13646125, 0.        , 0.08091221, 0.07176866,
       0.12868994]), 'delta_distances': array([0., 0., 0., 0., 0., 0.]), 'locations': array([325, 228, 353, 397, 299, 152])}], 'clusters': array([12,  4,  2,  7,  7,  1,  2,  1,  2,  1,  4,  1,  3, 10,  5,  2,  1,
        5,  7,  3,  2,  2,  9,  5, 15,  4,  5,  2, 11,  1,  2,  1,  3,  1,
        3, 14,  0,  3,  8,  3,  2,  8,  7, 11,  2,  9,  2,  2,  9,  8,  3,
       15,  2,  4,  1,  1,  2,  1, 11, 15,  1,  1,  9,  4,  5,  6,  5,  7,
        4,  3,  1, 15,  5,  5,  8,  2,  6,  3,  7,  2, 13,  2,  6,  2,  1,
        5,  3,  6, 11,  4,  6,  2,  4,  3,  7,  2,  3,  2,  1,  2,  1,  4,
        4, 11,  3,  3,  1, 10, 13,  5, 13,  2,  2,  1,  1,  7,  6,  8,  1,
        1,  1, 10,  4,  9,  6,  6,  9,  8,  6,  4,  7,  5,  6,  3,  1,  4,
        7,  3,  3,  1,  5,  1,  6, 10, 12,  5,  2,  3,  3,  7,  4,  1,  3,
        2, 14,  8,  1,  1,  5,  4,  4,  5, 14,  9,  1,  3, 10,  5, 13,  1,
        6,  1,  3,  1,  2, 12,  4,  5, 12, 10,  9,  7,  2,  6,  8,  3,  6,
        8,  8, 10,  4,  4,  3,  3,  0,  2,  1,  1,  4, 12]), 'time': 36438.372321367264}
