lenSubsequence: 14{'RI': 0.503546856306733, 'num_clusters': 4, 'uShapelets': [{'ts_index': 1021, 'loc': 67, 'gap': 0.04249016591533318, 'distances': array([0.03171911, 0.02195752, 0.04637612, ..., 0.01739253, 0.10478783,
       0.04003946]), 'delta_distances': array([0., 0., 0., ..., 0., 0., 0.]), 'locations': array([66, 65, 67, ..., 65, 67, 67])}, {'ts_index': 666, 'loc': 12, 'gap': 0.0259434214818781, 'distances': array([0.03877618, 0.10704596, 0.03523717, 0.02427174, 0.0277611 ,
       0.04923118, 0.03401485, 0.04703201, 0.02281212, 0.06115746,
       0.02267674, 0.04277975, 0.03929636, 0.03749741, 0.02491823,
       0.09230194, 0.02786886, 0.03483767, 0.12193715, 0.01584346,
       0.15282248, 0.02452675, 0.02775402, 0.04358015, 0.09676289,
       0.03139357, 0.06859036, 0.04597132, 0.01435252, 0.0176869 ,
       0.06283129, 0.05262517, 0.02743359, 0.09301226, 0.03180585,
       0.04740285, 0.00668802, 0.01947303, 0.02372106, 0.01303058,
       0.06290019, 0.10381049, 0.03817962, 0.04474098, 0.06394728,
       0.08632786, 0.02554028, 0.05248843, 0.03279482, 0.02244256,
       0.05481583, 0.04254511, 0.01908092, 0.09226415, 0.03941194,
       0.03518015, 0.03468848, 0.02908652, 0.04087974, 0.0315913 ,
       0.11830868, 0.02437819, 0.05795098, 0.0564165 , 0.02010432,
       0.04667107, 0.05077562, 0.02308757, 0.0561752 , 0.04612284,
       0.04671456, 0.09312631, 0.03841635, 0.02651232, 0.03128107,
       0.02624813, 0.02741062, 0.05748806, 0.10261646, 0.03416489,
       0.03549159, 0.02451405, 0.06535301, 0.02739051, 0.01912472,
       0.07072042, 0.16284991, 0.06984662, 0.01474736, 0.01925858,
       0.07927931, 0.09748642, 0.08432287, 0.06983662, 0.01572483,
       0.06342604, 0.02486463, 0.0361185 , 0.0537102 , 0.02667319,
       0.03151797, 0.03146945, 0.03692629, 0.02768196, 0.03220597,
       0.03439833, 0.04219331, 0.02123208, 0.10489587, 0.01691591,
       0.03159631, 0.        , 0.04984128, 0.07323578, 0.01878734,
       0.02846785, 0.02901741, 0.0325237 , 0.04684397, 0.03156812,
       0.06047465, 0.03144001, 0.02495731, 0.01731668, 0.0971173 ,
       0.09242018, 0.02755477, 0.10797834, 0.04111743, 0.01722199,
       0.0742102 , 0.028941  , 0.02017007, 0.01162202, 0.07440207,
       0.04991304, 0.02299834, 0.04473014, 0.02136455, 0.03126663,
       0.01624509, 0.02812753, 0.02897395, 0.01696455, 0.04591324,
       0.0675894 , 0.07486771, 0.02103811, 0.02100243, 0.11899065,
       0.02404991, 0.08202775, 0.02063445, 0.05328054, 0.02437055,
       0.04817353, 0.02478067, 0.02801421, 0.06647725, 0.093891  ,
       0.04567867, 0.08063637, 0.0255021 , 0.02876657, 0.02980113,
       0.11703185, 0.01472901, 0.03099761, 0.05875581, 0.02211484,
       0.05938494, 0.01933855, 0.02270541, 0.02079651, 0.0304923 ,
       0.07218238, 0.04363888, 0.04906826, 0.05105659, 0.03840174,
       0.02885741, 0.03284309, 0.04945948, 0.02445216, 0.04461039,
       0.06053073, 0.0644856 , 0.04732697, 0.06119703, 0.06894681,
       0.13549245, 0.01902509, 0.06708691, 0.10564175, 0.02303469]), 'delta_distances': array([0., 0., 0., 0., 0., 0., 0., 0., 0., 0., 0., 0., 0., 0., 0., 0., 0.,
       0., 0., 0., 0., 0., 0., 0., 0., 0., 0., 0., 0., 0., 0., 0., 0., 0.,
       0., 0., 0., 0., 0., 0., 0., 0., 0., 0., 0., 0., 0., 0., 0., 0., 0.,
       0., 0., 0., 0., 0., 0., 0., 0., 0., 0., 0., 0., 0., 0., 0., 0., 0.,
       0., 0., 0., 0., 0., 0., 0., 0., 0., 0., 0., 0., 0., 0., 0., 0., 0.,
       0., 0., 0., 0., 0., 0., 0., 0., 0., 0., 0., 0., 0., 0., 0., 0., 0.,
       0., 0., 0., 0., 0., 0., 0., 0., 0., 0., 0., 0., 0., 0., 0., 0., 0.,
       0., 0., 0., 0., 0., 0., 0., 0., 0., 0., 0., 0., 0., 0., 0., 0., 0.,
       0., 0., 0., 0., 0., 0., 0., 0., 0., 0., 0., 0., 0., 0., 0., 0., 0.,
       0., 0., 0., 0., 0., 0., 0., 0., 0., 0., 0., 0., 0., 0., 0., 0., 0.,
       0., 0., 0., 0., 0., 0., 0., 0., 0., 0., 0., 0., 0., 0., 0., 0., 0.,
       0., 0., 0., 0., 0., 0., 0., 0.]), 'locations': array([10,  8,  7,  9,  8,  9, 10,  9, 10,  7,  8,  7,  8, 10, 11, 10,  9,
        8,  4,  9, 19,  8,  9,  4,  7,  8,  6,  9, 12, 12,  8,  7,  7,  6,
        9,  9, 12,  9,  9, 11,  9,  6,  8,  8,  9,  9,  9,  8,  7,  9,  9,
       10,  8,  8,  8,  8,  9, 17,  7,  6,  6,  9,  9,  6, 10,  9, 10,  8,
        9,  7,  9,  6,  9, 10, 10, 10,  8,  9,  5,  8,  8, 10,  6,  9, 10,
        8, 16,  4, 10, 11,  9, 10,  5,  9,  9,  9,  9,  9,  8, 10,  8,  8,
        8, 10,  9, 10,  9, 10,  9,  9,  8, 12, 10,  6,  8,  9,  7,  7,  9,
        7,  7, 10, 10, 10,  8,  8,  9,  6, 10,  8,  6, 10,  9, 10, 11,  7,
       10,  8,  9,  7, 11, 10,  9, 10,  7,  8,  6, 10,  8, 19, 10,  7,  9,
        9, 11, 10,  9,  9,  8,  9,  7,  8,  8, 10,  8,  5, 10,  9,  6, 10,
        9,  8,  9, 10,  8,  9,  8,  6,  9,  8,  8,  7,  7,  9, 10,  6,  6,
        8,  5, 10, 19,  8,  7, 16,  9])}, {'ts_index': 793, 'loc': 68, 'gap': 0.03298875505848388, 'distances': array([0.03358814, 0.02857821, 0.04977782, 0.09015146, 0.06502241,
       0.02314771, 0.03875249, 0.08938766, 0.10011042, 0.04250852,
       0.08704245, 0.02616539, 0.04858739, 0.05389938, 0.03836765,
       0.03303747, 0.04829348, 0.02257459, 0.0223893 , 0.05999787,
       0.10092794, 0.0662498 , 0.02808996, 0.03591572, 0.0275    ,
       0.09026817, 0.05173327, 0.09156772, 0.06813421, 0.04082066,
       0.03632984, 0.04814074, 0.02512621]), 'delta_distances': array([0., 0., 0., 0., 0., 0., 0., 0., 0., 0., 0., 0., 0., 0., 0., 0., 0.,
       0., 0., 0., 0., 0., 0., 0., 0., 0., 0., 0., 0., 0., 0., 0., 0.]), 'locations': array([67, 67, 67, 67, 67, 67, 67, 67, 67, 67, 67, 67, 67, 67, 67, 67, 67,
       67, 67, 67, 67, 67, 67, 67, 67, 67, 67, 67, 67, 67, 67, 67, 67])}], 'clusters': array([1, 1, 1, ..., 1, 1, 1]), 'time': 569.1245789527893}
lenSubsequence: 17{'RI': 0.506341349154462, 'num_clusters': 4, 'uShapelets': [{'ts_index': 505, 'loc': 65, 'gap': 0.03749693978125396, 'distances': array([0.03903295, 0.05180203, 0.11171793, ..., 0.03864701, 0.12655186,
       0.09489887]), 'delta_distances': array([0., 0., 0., ..., 0., 0., 0.]), 'locations': array([64, 64, 64, ..., 64,  9, 64])}, {'ts_index': 1046, 'loc': 64, 'gap': 0.0300246973106129, 'distances': array([0.05553346, 0.04863404, 0.08234357, 0.12147448, 0.06481437,
       0.13694738, 0.12387654, 0.13159405, 0.04427462, 0.13923096,
       0.05960298, 0.09507558, 0.07134581, 0.068358  , 0.13351993,
       0.06873848, 0.03351222, 0.15202357, 0.09733096, 0.03537823,
       0.10038326, 0.02593477, 0.15577959, 0.09304971, 0.0644221 ,
       0.10445101, 0.12428156, 0.05516311, 0.06088244, 0.05886484,
       0.0340699 , 0.15153955, 0.03724282, 0.06891778, 0.11292353,
       0.06502549, 0.04815341, 0.05028927, 0.03994144, 0.05951029,
       0.03202751, 0.05469573, 0.11075477, 0.15423041, 0.07150716,
       0.02753865, 0.04650163, 0.04820239, 0.12900676, 0.05853586,
       0.14022204, 0.09068862, 0.07127011, 0.10217027, 0.05397334,
       0.03219829, 0.08820345, 0.05456433, 0.04624697, 0.0691991 ,
       0.06275415, 0.05156489, 0.10443975, 0.04472287, 0.07710724,
       0.07923732, 0.12264992, 0.08031665, 0.12896085, 0.0990471 ,
       0.10599213, 0.12558373, 0.11527227, 0.07584358, 0.02379148,
       0.12373077, 0.14430661, 0.12569413, 0.11535986, 0.17432348,
       0.10519581, 0.0875368 , 0.04340945, 0.10019965, 0.04601309,
       0.1504317 , 0.11850467, 0.11425044, 0.09242124, 0.15812395,
       0.05278513, 0.06697035, 0.03849401, 0.09183877, 0.12821389,
       0.05725539, 0.10241545, 0.0875715 , 0.11227812, 0.0758278 ,
       0.11290168, 0.13561736, 0.09567625, 0.09684804, 0.07182095,
       0.06244956, 0.04155677, 0.08246297, 0.12024283, 0.03489624,
       0.07262481, 0.02771069, 0.10463497, 0.07338709, 0.08071632,
       0.04558641, 0.07411662, 0.12657978, 0.09087047, 0.0233833 ,
       0.10605891, 0.07841015, 0.14880499, 0.13713023, 0.09863418,
       0.09887924, 0.11027434, 0.03361357, 0.11779654, 0.02140239,
       0.02416917, 0.08861495, 0.1056354 , 0.1115982 , 0.06137197,
       0.11464368, 0.06881418, 0.0359053 , 0.02883871, 0.03360219,
       0.04247662, 0.08639877, 0.09175507, 0.09546194, 0.05641682,
       0.04486585, 0.12947628, 0.10844433, 0.06516431, 0.06487259,
       0.04259339, 0.07074583, 0.06522853, 0.02636292, 0.05324741,
       0.05544179, 0.03948693, 0.05500934, 0.05956108, 0.11911617,
       0.11378273, 0.02649293, 0.03304228, 0.02935671, 0.01875318,
       0.05499824, 0.08172394, 0.0226161 , 0.16360316, 0.09528204,
       0.03462528, 0.07603209, 0.03121235, 0.04525755, 0.033897  ,
       0.0806936 , 0.05148067, 0.03745932, 0.03818454, 0.10254623,
       0.05494275, 0.04237699, 0.06441681, 0.07541342, 0.16975894,
       0.10395085, 0.02881747, 0.06444423, 0.11134854, 0.04851422,
       0.05790787, 0.13626458, 0.12398683, 0.03805073, 0.14354544,
       0.05279853, 0.06733724, 0.05568743, 0.03611084, 0.0802514 ,
       0.03318169, 0.11866979, 0.14689822, 0.13319011, 0.14237686,
       0.14380535, 0.02792798, 0.15087233, 0.06395276, 0.03336176,
       0.03674456, 0.08321829, 0.06511231, 0.17429443, 0.09808816,
       0.04059182, 0.06083505, 0.13014155, 0.10490327, 0.0878578 ,
       0.04690405, 0.05837168, 0.10831196, 0.08672366, 0.04738822,
       0.07229053, 0.11584729, 0.06116281, 0.13281272, 0.03493107,
       0.0732716 , 0.10002669, 0.07696908, 0.08117577, 0.10955299,
       0.12177562, 0.09869624, 0.03816954, 0.10174294, 0.12851642,
       0.10216428, 0.13858608, 0.13546631, 0.10151643, 0.03780468,
       0.07765031, 0.05965567, 0.10246113, 0.03397628, 0.10027581,
       0.18482394, 0.071563  , 0.09851938, 0.12791931, 0.07440746,
       0.03193197, 0.13844548, 0.05611934, 0.03130059, 0.16799212,
       0.13186068, 0.12647472, 0.12248572, 0.05835087, 0.04307144,
       0.13320487, 0.02450662, 0.03539686, 0.09762541, 0.07582675,
       0.06010967, 0.11918035, 0.06693585, 0.0793488 , 0.0475754 ,
       0.0817839 , 0.03650013, 0.17418778, 0.11073484, 0.05340558,
       0.11564429, 0.06396087, 0.10535179, 0.05183411, 0.0679439 ,
       0.10048584, 0.04105516, 0.07899233, 0.07029111, 0.07619182,
       0.02924819, 0.05998515, 0.09381021, 0.03737364, 0.0630724 ,
       0.14255849, 0.04491503, 0.10729207, 0.06886776, 0.12387829,
       0.02193416, 0.04758878, 0.16061969, 0.06417186, 0.07217369,
       0.10400105, 0.09008278, 0.12950855, 0.08679258, 0.11466266,
       0.09679678, 0.06182174, 0.062302  , 0.11128442, 0.03617628,
       0.03656634, 0.1529469 , 0.03604116, 0.0921298 , 0.1320444 ,
       0.03720406, 0.03646058, 0.06842962, 0.09443159, 0.06219723,
       0.09008971, 0.06923434, 0.05715447, 0.12758354, 0.094595  ,
       0.07227839, 0.17612684, 0.05720681, 0.03485759, 0.1193227 ,
       0.16704288, 0.02799642, 0.07924189, 0.0687374 , 0.08238247,
       0.03019412, 0.0886988 , 0.0577435 , 0.07075192, 0.11944171,
       0.06675457, 0.07719608, 0.0421452 , 0.05862024, 0.04487611,
       0.09221543, 0.03166493, 0.07614839, 0.03101283, 0.11109203,
       0.1708366 , 0.1561703 , 0.06469615, 0.05280849, 0.0351471 ,
       0.04863006, 0.05999997, 0.04332492, 0.14477595, 0.039139  ,
       0.03531612, 0.04084641, 0.06567889, 0.08541501, 0.02980873,
       0.03630346, 0.15546833, 0.11360773, 0.10824098, 0.09883608,
       0.03787815, 0.03463712, 0.10499339, 0.13795255, 0.04414889,
       0.10119071, 0.08378831, 0.03409421, 0.14175143, 0.01924249,
       0.14261244, 0.08507928, 0.05667204, 0.03807246, 0.05774514,
       0.08371853, 0.06585044, 0.14280553, 0.05740465, 0.10332694,
       0.06968543, 0.05721694, 0.1200845 , 0.08867688, 0.14544902,
       0.02147985, 0.07452749, 0.08068742, 0.06814885, 0.04071294,
       0.04956618, 0.08519934, 0.06845927, 0.08446469, 0.14116333,
       0.09116582, 0.06638493, 0.11234772, 0.10707083, 0.06086408,
       0.1396734 , 0.02507691, 0.04935785, 0.04476343, 0.07712716,
       0.10739438, 0.06009174, 0.06484354, 0.07838467, 0.03412733,
       0.08797969, 0.13039978, 0.10215434, 0.06331574, 0.04975184,
       0.12841093, 0.12730657, 0.0643431 , 0.10417635, 0.0429742 ,
       0.07077038, 0.03114038, 0.12499356, 0.04818089, 0.08935432,
       0.13010008, 0.04747697, 0.1393721 , 0.07836504, 0.11169502,
       0.07838175, 0.07289512, 0.08777302, 0.04403592, 0.09923636,
       0.19116315, 0.11242748, 0.07514809, 0.10760128, 0.12410832,
       0.05202498, 0.1605568 , 0.13565404, 0.07094752, 0.0578185 ,
       0.0816625 , 0.03614901, 0.07720706, 0.15899459, 0.09939173,
       0.0403802 , 0.02870787, 0.1093288 , 0.12326521, 0.04894892,
       0.11270424, 0.05734649, 0.03438616, 0.07979671, 0.10068033,
       0.11968088, 0.05289151, 0.04925915, 0.1505646 , 0.07769949,
       0.0867594 , 0.01831992, 0.10118907, 0.13125221, 0.11547768,
       0.03449487, 0.06871079, 0.14666934, 0.11799053, 0.09594431,
       0.09262123, 0.07270698, 0.10373245, 0.028603  , 0.06217505,
       0.06816853, 0.0595797 , 0.02198049, 0.095238  , 0.04567366,
       0.13090995, 0.08825931, 0.03223519, 0.16323654, 0.04573105,
       0.08710227, 0.04185438, 0.02903089, 0.07824306, 0.1140298 ,
       0.13752456, 0.07261521, 0.0589085 , 0.1093362 , 0.1174696 ,
       0.13487373, 0.05068674, 0.06741682, 0.08118197, 0.04524998,
       0.07586516, 0.02621629, 0.0448743 , 0.09301272, 0.17867478,
       0.08936949, 0.11464535, 0.04766358, 0.09704718, 0.12745993,
       0.02723307, 0.09020918, 0.07031949, 0.04374675, 0.06644388,
       0.02986672, 0.0511503 , 0.0834743 , 0.06435652, 0.09892724,
       0.11805645, 0.10531263, 0.06657589, 0.0248017 , 0.10507621,
       0.08280454, 0.11437536, 0.02717692, 0.1366773 , 0.08877324,
       0.01650763, 0.03206384, 0.06566748, 0.12277723, 0.02979823,
       0.02500595, 0.13783853, 0.09291859, 0.04269822, 0.11525235,
       0.03464012, 0.05586207, 0.0867163 , 0.04786089, 0.03521221,
       0.11498655, 0.03838351, 0.12334096, 0.03442991, 0.07926097,
       0.03625353, 0.11413854, 0.06200968, 0.11730577, 0.03734873,
       0.08531034, 0.06960862, 0.09650362, 0.08850244, 0.03691658,
       0.02551518, 0.09555791, 0.02956179, 0.04439431, 0.11609501,
       0.05015136, 0.0529535 , 0.02930923, 0.02600366, 0.1240763 ,
       0.02665232, 0.10504599, 0.07377104, 0.09578284, 0.13469146,
       0.0463741 , 0.0351007 , 0.08000526, 0.07113628, 0.12166114,
       0.12156604, 0.04831246, 0.10465286, 0.09265847, 0.11310601,
       0.11901169, 0.06026266, 0.1554379 , 0.09158221, 0.06606676,
       0.07305129, 0.11355789, 0.08752439, 0.15402962, 0.03006987,
       0.02061947, 0.10927235, 0.03240589, 0.0497309 , 0.07791   ,
       0.02911913, 0.0748787 , 0.09347227, 0.09350725, 0.04813231,
       0.10504433, 0.15136129, 0.11147045, 0.01542243, 0.02878617,
       0.04689977, 0.14987772, 0.01692851, 0.03083616, 0.09643344,
       0.03270884, 0.08635146, 0.09520475, 0.04094574, 0.09626247,
       0.15288915, 0.1879721 , 0.03836196, 0.0571991 , 0.14715038,
       0.04577181, 0.15855948, 0.06922662, 0.04993037, 0.0523503 ,
       0.17052472, 0.09673123, 0.05491469, 0.10223314, 0.06326544,
       0.07640302, 0.09716214, 0.08194747, 0.06075733, 0.01943101,
       0.12490686, 0.07854862, 0.12479546, 0.06766519, 0.0822912 ,
       0.08597227, 0.06737241, 0.03446125, 0.08325857, 0.13355131,
       0.03440065, 0.09164895, 0.06391046, 0.08082158, 0.12599429,
       0.06123484, 0.02230645, 0.10421587, 0.12812718, 0.12922019,
       0.08188928, 0.12134347, 0.04778962, 0.04701119, 0.05258271,
       0.08072582, 0.09758678, 0.12077147, 0.1361848 , 0.03844832,
       0.07519969, 0.06309262, 0.10771549, 0.14985946, 0.10162696,
       0.04905963, 0.05013356, 0.06974452, 0.05070609, 0.05517453,
       0.04211173, 0.14014503, 0.03917952, 0.11962229, 0.099612  ,
       0.04861045, 0.06782128, 0.04829838, 0.04735981, 0.03781401,
       0.1373556 , 0.06043281, 0.09003811, 0.07713678, 0.02151985,
       0.08528087, 0.07569701, 0.06425493, 0.10912637, 0.08671229,
       0.07762268, 0.05640643, 0.11757318, 0.04616722, 0.15096236,
       0.05669133, 0.10965637, 0.11414181, 0.09902158, 0.09289673,
       0.12941734, 0.08502357, 0.05972251, 0.12225944, 0.04956245,
       0.07352878, 0.04444732, 0.1375935 , 0.05327814, 0.07404478,
       0.13760971, 0.1605869 , 0.03447741, 0.06801338, 0.06041606,
       0.04563944, 0.05648594, 0.05920044, 0.0390776 , 0.05082292,
       0.12505564, 0.01921892, 0.02659845, 0.02903661, 0.04042418,
       0.04700254, 0.0224578 , 0.03389328, 0.02612665, 0.05177968,
       0.08042405, 0.05192319, 0.07615823, 0.08485512, 0.0388217 ,
       0.12552056, 0.0914558 , 0.07608998, 0.14495147, 0.06512663,
       0.06338095, 0.05154912, 0.03882487, 0.06677637, 0.09327032,
       0.10382961, 0.04001661, 0.17457063, 0.11993372, 0.01880827,
       0.10885165, 0.02985797, 0.14582803, 0.05367759, 0.06963891,
       0.14408767, 0.05030595, 0.13986509, 0.12824259, 0.14751628,
       0.12555619, 0.13851105, 0.07394965, 0.06432073, 0.07833035,
       0.08045558, 0.04853804, 0.03142944, 0.09752155, 0.03613211,
       0.05342563, 0.05962405, 0.06372177, 0.04848151, 0.04295946,
       0.15740663, 0.17963836, 0.09177014, 0.14045336, 0.09227925,
       0.03504347, 0.10490756, 0.08008804, 0.15918298, 0.05012017,
       0.14367969, 0.11962304, 0.1177506 , 0.1352471 , 0.05585498,
       0.04480554, 0.05756366, 0.04372955, 0.12332549, 0.06970836,
       0.08973529, 0.06053073, 0.02959584, 0.05301221, 0.16475896,
       0.05084643, 0.12770348, 0.08460625, 0.08953759, 0.1040336 ,
       0.12994755, 0.07142938, 0.13005697, 0.05307995, 0.06916136,
       0.12618032, 0.10076414, 0.07543975, 0.13292582, 0.03221656,
       0.04749697, 0.03102259, 0.08779269, 0.06626577, 0.02295686,
       0.08203628, 0.05584565, 0.14304603, 0.06220026, 0.02065686,
       0.04674432, 0.13336   , 0.04360379, 0.0393899 , 0.04317543,
       0.05358646, 0.12625614, 0.0433367 , 0.08931097, 0.06008555,
       0.03742679, 0.13561277, 0.12185578, 0.        , 0.09540074,
       0.09621909, 0.0415417 , 0.04104057, 0.07629933, 0.097223  ,
       0.10762256, 0.08713252, 0.02815559, 0.05541823, 0.10243536,
       0.0870595 , 0.04461023, 0.02878731, 0.11447302, 0.06583063,
       0.02842638, 0.11460483, 0.10556482, 0.04668743, 0.08771117,
       0.14894962, 0.07352866, 0.11891118, 0.07583444, 0.09473746,
       0.05902518, 0.03349539, 0.14584539, 0.09698263, 0.02032351,
       0.09130012, 0.02530875, 0.05105987, 0.15542629, 0.0810642 ,
       0.0344606 , 0.09215809, 0.05123192, 0.03790851, 0.04162059,
       0.11784322, 0.13142561, 0.06634358, 0.07206312, 0.02428521,
       0.02961366, 0.10538959, 0.11602177, 0.12713126, 0.03399399,
       0.11615662, 0.1213053 , 0.09087539, 0.11227607, 0.12337234,
       0.07574477, 0.06577591, 0.03165127, 0.10027402, 0.15382963,
       0.09251462, 0.05257086, 0.03103101, 0.06751985, 0.04559894,
       0.09934516, 0.03448328, 0.07029552, 0.09182072, 0.14619   ,
       0.02953574, 0.17130198, 0.0819008 , 0.06620305, 0.07186459,
       0.06336419, 0.08796521, 0.14095281, 0.08890032, 0.04169099,
       0.07299552, 0.05852507, 0.12551265, 0.12446485, 0.12202552,
       0.03562375, 0.13075648, 0.06098777, 0.07644626, 0.09767597,
       0.0419359 , 0.02615862, 0.03076161, 0.09915074, 0.11339749,
       0.05826529]), 'delta_distances': array([0., 0., 0., 0., 0., 0., 0., 0., 0., 0., 0., 0., 0., 0., 0., 0., 0.,
       0., 0., 0., 0., 0., 0., 0., 0., 0., 0., 0., 0., 0., 0., 0., 0., 0.,
       0., 0., 0., 0., 0., 0., 0., 0., 0., 0., 0., 0., 0., 0., 0., 0., 0.,
       0., 0., 0., 0., 0., 0., 0., 0., 0., 0., 0., 0., 0., 0., 0., 0., 0.,
       0., 0., 0., 0., 0., 0., 0., 0., 0., 0., 0., 0., 0., 0., 0., 0., 0.,
       0., 0., 0., 0., 0., 0., 0., 0., 0., 0., 0., 0., 0., 0., 0., 0., 0.,
       0., 0., 0., 0., 0., 0., 0., 0., 0., 0., 0., 0., 0., 0., 0., 0., 0.,
       0., 0., 0., 0., 0., 0., 0., 0., 0., 0., 0., 0., 0., 0., 0., 0., 0.,
       0., 0., 0., 0., 0., 0., 0., 0., 0., 0., 0., 0., 0., 0., 0., 0., 0.,
       0., 0., 0., 0., 0., 0., 0., 0., 0., 0., 0., 0., 0., 0., 0., 0., 0.,
       0., 0., 0., 0., 0., 0., 0., 0., 0., 0., 0., 0., 0., 0., 0., 0., 0.,
       0., 0., 0., 0., 0., 0., 0., 0., 0., 0., 0., 0., 0., 0., 0., 0., 0.,
       0., 0., 0., 0., 0., 0., 0., 0., 0., 0., 0., 0., 0., 0., 0., 0., 0.,
       0., 0., 0., 0., 0., 0., 0., 0., 0., 0., 0., 0., 0., 0., 0., 0., 0.,
       0., 0., 0., 0., 0., 0., 0., 0., 0., 0., 0., 0., 0., 0., 0., 0., 0.,
       0., 0., 0., 0., 0., 0., 0., 0., 0., 0., 0., 0., 0., 0., 0., 0., 0.,
       0., 0., 0., 0., 0., 0., 0., 0., 0., 0., 0., 0., 0., 0., 0., 0., 0.,
       0., 0., 0., 0., 0., 0., 0., 0., 0., 0., 0., 0., 0., 0., 0., 0., 0.,
       0., 0., 0., 0., 0., 0., 0., 0., 0., 0., 0., 0., 0., 0., 0., 0., 0.,
       0., 0., 0., 0., 0., 0., 0., 0., 0., 0., 0., 0., 0., 0., 0., 0., 0.,
       0., 0., 0., 0., 0., 0., 0., 0., 0., 0., 0., 0., 0., 0., 0., 0., 0.,
       0., 0., 0., 0., 0., 0., 0., 0., 0., 0., 0., 0., 0., 0., 0., 0., 0.,
       0., 0., 0., 0., 0., 0., 0., 0., 0., 0., 0., 0., 0., 0., 0., 0., 0.,
       0., 0., 0., 0., 0., 0., 0., 0., 0., 0., 0., 0., 0., 0., 0., 0., 0.,
       0., 0., 0., 0., 0., 0., 0., 0., 0., 0., 0., 0., 0., 0., 0., 0., 0.,
       0., 0., 0., 0., 0., 0., 0., 0., 0., 0., 0., 0., 0., 0., 0., 0., 0.,
       0., 0., 0., 0., 0., 0., 0., 0., 0., 0., 0., 0., 0., 0., 0., 0., 0.,
       0., 0., 0., 0., 0., 0., 0., 0., 0., 0., 0., 0., 0., 0., 0., 0., 0.,
       0., 0., 0., 0., 0., 0., 0., 0., 0., 0., 0., 0., 0., 0., 0., 0., 0.,
       0., 0., 0., 0., 0., 0., 0., 0., 0., 0., 0., 0., 0., 0., 0., 0., 0.,
       0., 0., 0., 0., 0., 0., 0., 0., 0., 0., 0., 0., 0., 0., 0., 0., 0.,
       0., 0., 0., 0., 0., 0., 0., 0., 0., 0., 0., 0., 0., 0., 0., 0., 0.,
       0., 0., 0., 0., 0., 0., 0., 0., 0., 0., 0., 0., 0., 0., 0., 0., 0.,
       0., 0., 0., 0., 0., 0., 0., 0., 0., 0., 0., 0., 0., 0., 0., 0., 0.,
       0., 0., 0., 0., 0., 0., 0., 0., 0., 0., 0., 0., 0., 0., 0., 0., 0.,
       0., 0., 0., 0., 0., 0., 0., 0., 0., 0., 0., 0., 0., 0., 0., 0., 0.,
       0., 0., 0., 0., 0., 0., 0., 0., 0., 0., 0., 0., 0., 0., 0., 0., 0.,
       0., 0., 0., 0., 0., 0., 0., 0., 0., 0., 0., 0., 0., 0., 0., 0., 0.,
       0., 0., 0., 0., 0., 0., 0., 0., 0., 0., 0., 0., 0., 0., 0., 0., 0.,
       0., 0., 0., 0., 0., 0., 0., 0., 0., 0., 0., 0., 0., 0., 0., 0., 0.,
       0., 0., 0., 0., 0., 0., 0., 0., 0., 0., 0., 0., 0., 0., 0., 0., 0.,
       0., 0., 0., 0., 0., 0., 0., 0., 0., 0., 0., 0., 0., 0., 0., 0., 0.,
       0., 0., 0., 0., 0., 0., 0., 0., 0., 0., 0., 0., 0., 0., 0., 0., 0.,
       0., 0., 0., 0., 0., 0., 0., 0., 0., 0., 0., 0., 0., 0., 0., 0., 0.,
       0., 0., 0., 0., 0., 0., 0., 0., 0., 0., 0., 0., 0., 0., 0., 0., 0.,
       0., 0., 0., 0., 0., 0., 0., 0., 0., 0., 0., 0., 0., 0., 0., 0., 0.,
       0., 0., 0., 0., 0., 0., 0., 0., 0., 0., 0., 0., 0., 0., 0., 0., 0.,
       0., 0., 0., 0., 0., 0., 0., 0., 0., 0., 0., 0., 0., 0., 0., 0., 0.,
       0., 0., 0., 0., 0., 0., 0., 0., 0., 0., 0., 0., 0., 0., 0., 0., 0.,
       0., 0., 0., 0., 0., 0., 0., 0., 0., 0., 0., 0., 0., 0., 0., 0., 0.,
       0., 0., 0., 0., 0., 0., 0., 0., 0., 0., 0., 0., 0., 0., 0., 0., 0.,
       0., 0., 0., 0., 0., 0., 0., 0., 0., 0., 0., 0., 0., 0., 0., 0., 0.,
       0., 0., 0., 0., 0., 0., 0., 0., 0., 0., 0., 0., 0., 0., 0., 0., 0.,
       0., 0., 0., 0., 0., 0., 0., 0., 0., 0., 0., 0., 0., 0., 0., 0., 0.,
       0., 0., 0., 0., 0., 0., 0., 0., 0., 0., 0., 0., 0., 0., 0., 0., 0.,
       0., 0., 0., 0., 0., 0., 0., 0., 0., 0., 0., 0., 0., 0., 0., 0., 0.,
       0., 0., 0., 0., 0., 0., 0., 0., 0., 0., 0., 0., 0., 0.]), 'locations': array([64, 64, 64, 64, 64, 64, 64, 64, 64, 64, 64, 64, 64, 64, 64, 64, 64,
       64, 64, 64, 64, 63, 64, 64, 64, 64, 64, 64, 64, 64, 64, 64, 64, 64,
       64, 64, 64, 64, 64, 64, 64, 64, 64, 64, 64, 64, 64, 64, 64, 64, 64,
       64, 64, 64, 64, 64, 64, 64, 64, 64, 64, 64, 64, 64, 64, 64, 64, 64,
       64, 64, 64, 64, 64, 64, 64, 64, 64, 64, 64, 64, 64, 64, 64, 64, 64,
       64, 64, 64, 64, 64, 64, 64, 64, 64, 64, 64, 64, 64, 64, 64, 64, 64,
       64, 64, 64, 64, 64, 64, 64, 64, 64, 64, 64, 64, 64, 64, 64, 64, 64,
       64, 64, 64, 64, 64, 64, 64, 64, 64, 64, 64, 64, 64, 64, 64, 64, 64,
       64, 64, 64, 64, 64, 64, 64, 64, 64, 64, 64, 64, 64, 64, 64, 64, 64,
       64, 64, 64, 64, 64, 64, 64, 64, 64, 64, 63, 64, 64, 64, 64, 64, 64,
       64, 64, 64, 62, 64, 64, 64, 64, 64, 64, 64, 64, 64, 64, 64, 64, 63,
       64, 64, 64, 64, 64, 64, 64, 64, 64, 64, 64, 64, 64, 64, 64, 64, 64,
       64, 64, 64, 64, 64, 64, 64, 64, 64, 64, 64, 64, 64, 64, 64, 64, 64,
       64, 64, 64, 64, 64, 64, 64, 64, 64, 64, 64, 64, 64, 64, 64, 64, 64,
       64, 64, 64, 64, 64, 64, 64, 63, 64, 64, 63, 64, 64, 64, 64, 64, 64,
       64, 64, 64, 64, 64, 64, 64, 64, 64, 63, 64, 64, 64, 64, 64, 64, 64,
       64, 64, 64, 64, 64, 64, 64, 64, 64, 64, 64, 64, 64, 64, 64, 64, 64,
       64, 64, 64, 64, 64, 64, 64, 64, 64, 64, 64, 64, 64, 64, 64, 64, 64,
       64, 64, 64, 64, 64, 64, 64, 64, 64, 64, 64, 64, 64, 64, 64, 64, 64,
       64, 64, 64, 64, 64, 64, 64, 64, 64, 64, 64, 64, 64, 64, 64, 64, 64,
       64, 64, 64, 64, 64, 64,  7, 64, 64, 64, 64, 64, 64, 64, 64, 64, 64,
       64, 64, 64, 64, 64, 64, 64, 64, 64, 64, 64, 64, 64, 64, 64, 64, 64,
       64, 64, 64, 64, 64, 64, 64, 64, 64, 64, 64, 64, 64, 64, 63, 64, 64,
       64, 64, 64, 64, 64, 64, 64, 64, 64, 64, 64, 64, 64, 64, 64, 64, 64,
       64, 64, 64, 64, 64, 64, 63, 64, 64, 64, 64, 64, 64, 64, 64, 64, 64,
       64, 64, 64, 64, 64, 64, 64, 64, 64, 64, 64, 64, 64, 64, 64, 64, 64,
       64, 64, 64, 64, 64, 64, 64, 64, 64, 64, 64, 64, 64, 62, 64, 64, 64,
       64, 64, 64, 64, 64, 64, 64, 64, 64, 64, 64, 64, 64, 63, 64, 64, 64,
       64, 64, 64, 64, 64, 64, 64, 64, 64, 64, 64, 64, 64, 64, 64, 64, 64,
       64, 64, 64, 64, 64, 64, 64, 64, 64, 64, 64, 62, 63, 64, 64, 64, 64,
       64, 64, 64, 64, 64, 64, 64, 64, 64, 61, 64, 64, 64, 64, 64, 64, 64,
       64, 64, 64, 64, 64, 64, 64, 64, 63, 64, 64, 64, 64, 64, 64, 64, 64,
       64, 64, 64, 64, 64, 64, 64, 64, 64, 64, 64, 64, 64, 64, 64, 64, 62,
       64, 64, 64, 64, 64, 64, 64, 64, 64, 64, 64, 64, 64, 64, 64, 64, 64,
       64, 64, 64, 64, 64, 64, 64, 64, 64, 64, 64, 64, 64, 64, 64, 64, 64,
       64, 64, 64, 64, 64, 64, 64, 64, 64, 64, 64, 64, 64, 64, 64, 64, 64,
       64, 64, 64, 64, 64, 64, 64, 64, 64, 64, 64, 64, 64, 64, 64, 64, 64,
       64, 64, 64, 64, 64, 64, 64, 64, 64, 64, 64, 64, 64, 64, 64, 64, 64,
       64, 64, 64, 64, 64, 64, 64, 64, 64, 64, 64, 64, 64, 64, 64, 64, 64,
       64, 64, 64, 64, 64, 64, 64, 64, 64, 64, 64, 64, 64, 64, 64, 64, 64,
       64, 64, 64, 64, 64, 64, 64, 64, 64, 64, 64, 64, 64, 64, 64, 64, 64,
       64, 64, 64, 64, 64, 64,  0, 64, 64, 64, 64, 64, 64, 64, 64, 64, 64,
       64, 64, 64, 64, 64, 64, 64, 64, 64, 64, 64, 64, 64, 64, 64, 64, 64,
       64, 64, 64, 63, 64, 64, 64, 64, 64, 64, 64, 64, 64, 64, 64, 64, 64,
       63, 64, 64, 64, 64, 64, 64, 63, 64, 64, 64, 64, 64, 64, 64, 64, 64,
       64, 64, 64, 64, 64, 64, 64, 64, 64, 64, 64, 64, 64, 64, 64, 64, 64,
       64, 64, 64, 64, 64, 64, 64, 64, 64, 64, 64, 64, 64, 64, 64, 64, 64,
       64, 64, 64, 64, 64, 64, 64, 64, 64, 64, 64, 63,  6, 64, 64, 64, 64,
       64, 64, 64, 64, 64, 64, 64, 64, 64, 64, 64, 64, 64, 64, 64, 64, 64,
       64, 64, 64, 64, 64, 64, 64, 64, 64, 64, 64, 64, 64, 64, 64, 64, 64,
       64, 64, 64, 64, 64, 64, 64, 62, 64, 64, 64, 64, 64, 64, 64, 64, 64,
       64, 64, 64, 64, 64, 64, 64, 64, 64, 64, 64, 64, 64, 64, 64, 64, 64,
       64, 64, 64, 64, 64, 64, 64, 64, 64, 64, 64, 64, 64, 64, 64, 64, 64,
       63, 64, 64, 64, 64, 64, 64, 64, 64, 64, 64, 64, 64, 64, 63, 64, 64,
       64, 63, 64, 64, 64, 64, 64, 64, 64, 64, 64, 64, 64, 64, 64, 64, 64,
       64, 64, 64, 64, 64, 64, 64, 64, 64, 64, 64, 64, 64, 64, 64, 64, 64,
       64, 64, 64, 64, 64, 64, 64, 64, 64, 64, 64, 64, 64, 64])}, {'ts_index': 150, 'loc': 10, 'gap': 0.020118023580327236, 'distances': array([0.03009616, 0.08939926, 0.02716087, 0.01939652, 0.02549666,
       0.04100637, 0.02651154, 0.03639466, 0.01261405, 0.01527737,
       0.03519019, 0.03065028, 0.02239493, 0.07655138, 0.02698064,
       0.10248539, 0.00919455, 0.13593271, 0.01997533, 0.08011037,
       0.02652693, 0.0559894 , 0.03785279, 0.00873762, 0.        ,
       0.04161427, 0.02225163, 0.03752346, 0.01894857, 0.02233978,
       0.01650752, 0.05220836, 0.08660837, 0.03075796, 0.03702305,
       0.05285853, 0.07164962, 0.02274288, 0.0246158 , 0.04361192,
       0.03483014, 0.00996204, 0.07617643, 0.03033783, 0.02575329,
       0.02699334, 0.02768027, 0.03105777, 0.09875165, 0.04594246,
       0.04458047, 0.02169743, 0.03743326, 0.04138422, 0.04468119,
       0.03707143, 0.03582802, 0.07672156, 0.02827895, 0.02414819,
       0.01748415, 0.02053691, 0.04622568, 0.02648568, 0.02644489,
       0.01463217, 0.05375904, 0.01052678, 0.05881673, 0.14852177,
       0.05668959, 0.0113444 , 0.021126  , 0.06822109, 0.08133975,
       0.06842711, 0.05790713, 0.01185903, 0.05384754, 0.02029898,
       0.02688274, 0.04252075, 0.01807951, 0.02721242, 0.02262382,
       0.03133798, 0.02482241, 0.02376092, 0.0257299 , 0.03351785,
       0.01322889, 0.01105256, 0.02218606, 0.01888263, 0.00761555,
       0.02429924, 0.02538227, 0.04993754, 0.02226204, 0.01544865,
       0.00984868, 0.08036879, 0.07617484, 0.01777133, 0.08959971,
       0.03155086, 0.01011765, 0.05986805, 0.02085126, 0.02395952,
       0.01129289, 0.06201283, 0.03990178, 0.01289806, 0.03754356,
       0.01405131, 0.00946474, 0.01979724, 0.01111967, 0.03837738,
       0.05696739, 0.06235194, 0.02369274, 0.02039786, 0.10444114,
       0.06822827, 0.01452929, 0.04356874, 0.02436672, 0.03803081,
       0.02485021, 0.02343688, 0.05471967, 0.07893383, 0.03511642,
       0.06790977, 0.01822571, 0.09822386, 0.01019091, 0.02258594,
       0.04675272, 0.01243196, 0.04905565, 0.01232111, 0.01950982,
       0.01291093, 0.02515674, 0.06062988, 0.03420703, 0.04080034,
       0.03248151, 0.02053135, 0.03944941, 0.03471132, 0.05124556,
       0.03738826, 0.04898538, 0.05670802, 0.11789848, 0.00937474,
       0.05650811, 0.01709368]), 'delta_distances': array([0., 0., 0., 0., 0., 0., 0., 0., 0., 0., 0., 0., 0., 0., 0., 0., 0.,
       0., 0., 0., 0., 0., 0., 0., 0., 0., 0., 0., 0., 0., 0., 0., 0., 0.,
       0., 0., 0., 0., 0., 0., 0., 0., 0., 0., 0., 0., 0., 0., 0., 0., 0.,
       0., 0., 0., 0., 0., 0., 0., 0., 0., 0., 0., 0., 0., 0., 0., 0., 0.,
       0., 0., 0., 0., 0., 0., 0., 0., 0., 0., 0., 0., 0., 0., 0., 0., 0.,
       0., 0., 0., 0., 0., 0., 0., 0., 0., 0., 0., 0., 0., 0., 0., 0., 0.,
       0., 0., 0., 0., 0., 0., 0., 0., 0., 0., 0., 0., 0., 0., 0., 0., 0.,
       0., 0., 0., 0., 0., 0., 0., 0., 0., 0., 0., 0., 0., 0., 0., 0., 0.,
       0., 0., 0., 0., 0., 0., 0., 0., 0., 0., 0., 0., 0., 0., 0., 0., 0.,
       0., 0., 0., 0., 0., 0., 0., 0., 0.]), 'locations': array([ 9,  8,  7,  8,  8,  9,  9,  7, 10,  8,  6,  7, 10,  9,  8,  4,  9,
       16,  7,  6,  6,  5,  7, 10, 10,  6,  9,  8, 12,  9,  8,  8,  6,  7,
        8,  8,  8,  7,  6,  8,  9,  8,  7,  8,  7,  8, 18,  6,  5,  8,  5,
        9,  9,  8,  8,  6,  8,  6,  9,  9,  9,  8,  7,  7,  7,  9,  5,  9,
        8, 13,  3,  8, 12,  8,  9,  4,  8,  7,  9,  7,  8,  7,  9,  7,  7,
        8,  8,  8,  9,  8,  9,  8,  7, 10,  7,  6,  7,  5,  9,  9,  9,  7,
        8,  9,  5,  9,  8,  5,  9,  8,  9, 10,  6, 10,  7,  7, 10,  8,  9,
        6,  7,  6,  9,  7, 17,  7,  8,  8, 12,  9,  7,  8,  7,  9,  6,  7,
        8,  4,  9,  9,  5,  9,  8,  7,  7,  9,  6,  8,  7,  7,  7,  8,  6,
        9,  5,  7,  5,  9, 16,  8,  7,  9])}], 'clusters': array([1, 1, 2, ..., 1, 2, 2]), 'time': 867.2786769866943}
lenSubsequence: 20{'RI': 0.5069565823278348, 'num_clusters': 5, 'uShapelets': [{'ts_index': 435, 'loc': 61, 'gap': 0.03243461352163102, 'distances': array([0.05572136, 0.064483  , 0.11670977, ..., 0.05339019, 0.1325123 ,
       0.1040805 ]), 'delta_distances': array([0., 0., 0., ..., 0., 0., 0.]), 'locations': array([61, 61, 61, ..., 61,  7, 61])}, {'ts_index': 758, 'loc': 61, 'gap': 0.025788342267635253, 'distances': array([0.04920328, 0.04350316, 0.07045422, 0.11068951, 0.05570128,
       0.12165716, 0.10733994, 0.11456583, 0.04123739, 0.12281754,
       0.05194639, 0.08218467, 0.06325676, 0.06155759, 0.121093  ,
       0.06018291, 0.0286909 , 0.13112013, 0.08489633, 0.03292199,
       0.09160115, 0.02790757, 0.13479022, 0.08114884, 0.055648  ,
       0.09043419, 0.10730886, 0.04968518, 0.05166454, 0.05043855,
       0.0289265 , 0.13303282, 0.0297563 , 0.05911808, 0.09736032,
       0.05791094, 0.04551069, 0.04391739, 0.03369332, 0.05905004,
       0.02663142, 0.05067556, 0.0954407 , 0.13460613, 0.06279988,
       0.02116944, 0.03889229, 0.04262922, 0.11239338, 0.05329932,
       0.12298323, 0.08328603, 0.0627332 , 0.09067344, 0.04997387,
       0.03427944, 0.07945736, 0.04714571, 0.0436484 , 0.06098078,
       0.05400419, 0.04365813, 0.091275  , 0.03940834, 0.06687503,
       0.06841895, 0.10530878, 0.07078397, 0.11731625, 0.0859187 ,
       0.0956788 , 0.10835005, 0.09928916, 0.06511743, 0.01707718,
       0.10687067, 0.12384295, 0.11020758, 0.10167797, 0.14997957,
       0.09318698, 0.0770543 , 0.04024621, 0.08652426, 0.04413159,
       0.13039898, 0.1021716 , 0.09901082, 0.08014758, 0.13589271,
       0.04588725, 0.05808203, 0.03488431, 0.07984183, 0.11224043,
       0.04783688, 0.09026613, 0.07648879, 0.10046786, 0.06640397,
       0.09827474, 0.11655556, 0.0828372 , 0.08378207, 0.06310063,
       0.05566772, 0.03476579, 0.07135494, 0.10893661, 0.03087973,
       0.07414349, 0.02308197, 0.09036916, 0.06338969, 0.06993647,
       0.04586535, 0.06453979, 0.10945541, 0.07861779, 0.01917961,
       0.09276985, 0.07514203, 0.13212334, 0.12149585, 0.08440775,
       0.08474897, 0.0985685 , 0.02957444, 0.10154012, 0.01617359,
       0.02037548, 0.07734682, 0.09940982, 0.09588973, 0.05296489,
       0.10062239, 0.06229749, 0.03172507, 0.03102281, 0.03411902,
       0.03744469, 0.07643551, 0.08419099, 0.08301861, 0.04861731,
       0.03940057, 0.1111171 , 0.09456963, 0.05714199, 0.05562205,
       0.03691277, 0.06307553, 0.05738064, 0.0201979 , 0.0457044 ,
       0.05023545, 0.03109027, 0.04669826, 0.05151194, 0.10538272,
       0.09844464, 0.02389817, 0.02514483, 0.02417726, 0.01036762,
       0.04774654, 0.07149357, 0.01394408, 0.14245782, 0.08637747,
       0.02995   , 0.0654197 , 0.02633709, 0.03824261, 0.0262429 ,
       0.07894878, 0.04827955, 0.03175264, 0.03166228, 0.0888389 ,
       0.04832709, 0.03736753, 0.0553754 , 0.06609675, 0.14710234,
       0.08966988, 0.02870684, 0.05575666, 0.09608724, 0.04201982,
       0.05409034, 0.12113564, 0.11147645, 0.03152547, 0.12468917,
       0.04742781, 0.05965911, 0.05675846, 0.03143306, 0.06918513,
       0.02661982, 0.10529518, 0.12606739, 0.11500177, 0.12751298,
       0.12710938, 0.02233148, 0.12958204, 0.05463399, 0.02789467,
       0.04514009, 0.07222292, 0.05598886, 0.15150864, 0.09313441,
       0.03429727, 0.05245007, 0.11910956, 0.09066311, 0.08462297,
       0.04114693, 0.04954574, 0.0934909 , 0.07759074, 0.04085248,
       0.06286969, 0.09974278, 0.05289123, 0.11466804, 0.02991417,
       0.07154923, 0.08739697, 0.06629657, 0.07335619, 0.09378954,
       0.10841829, 0.08834127, 0.03302579, 0.08813843, 0.11211923,
       0.08954562, 0.11956149, 0.11800392, 0.08772027, 0.0318365 ,
       0.07645092, 0.06011805, 0.03591636, 0.08969699, 0.03103087,
       0.08845728, 0.16008728, 0.06159903, 0.09390429, 0.11127122,
       0.06652896, 0.02413333, 0.12026818, 0.04814764, 0.02169239,
       0.14521743, 0.12223513, 0.10870475, 0.10753628, 0.05576688,
       0.04409328, 0.11505406, 0.02030419, 0.02855959, 0.09758938,
       0.06746516, 0.05258826, 0.10562558, 0.05811949, 0.06846565,
       0.03987427, 0.07333314, 0.03093715, 0.15122363, 0.0996814 ,
       0.04598127, 0.10780071, 0.05520285, 0.09107616, 0.04398096,
       0.05845458, 0.08694294, 0.03565063, 0.03295285, 0.07049175,
       0.05963149, 0.06688324, 0.02568531, 0.05264948, 0.08100594,
       0.03218183, 0.05421907, 0.1240397 , 0.04086365, 0.09850184,
       0.06133494, 0.11001328, 0.01896787, 0.04230473, 0.14217235,
       0.06072386, 0.06755995, 0.09189063, 0.07924208, 0.11133875,
       0.07606737, 0.09974385, 0.0834882 , 0.05543196, 0.05649757,
       0.09646122, 0.03088495, 0.03015187, 0.1338732 , 0.029066  ,
       0.0809025 , 0.11578022, 0.03081716, 0.03091743, 0.0595919 ,
       0.08962926, 0.05808145, 0.07897269, 0.06045306, 0.05329636,
       0.11352562, 0.08125843, 0.06189364, 0.15202511, 0.05054795,
       0.02992708, 0.10781061, 0.14533332, 0.02350489, 0.06660203,
       0.05922998, 0.07161594, 0.0240727 , 0.07826807, 0.05461866,
       0.07098746, 0.10347553, 0.06792799, 0.07304879, 0.03885042,
       0.05233338, 0.03962058, 0.07981228, 0.02939753, 0.06619787,
       0.02600928, 0.09630243, 0.14829899, 0.13686425, 0.05631214,
       0.0480862 , 0.03278063, 0.04439868, 0.0533279 , 0.03845254,
       0.12633911, 0.03247091, 0.02899396, 0.0333954 , 0.06588735,
       0.07441406, 0.02396628, 0.03076743, 0.13612697, 0.09805127,
       0.09828207, 0.08463556, 0.03272679, 0.02869377, 0.0991787 ,
       0.11905012, 0.03759804, 0.08735505, 0.07340611, 0.02702721,
       0.1229727 , 0.01301883, 0.12497876, 0.07442918, 0.05029269,
       0.05043746, 0.07220585, 0.05732781, 0.12296843, 0.05267791,
       0.09002908, 0.06618939, 0.05006755, 0.10366529, 0.0782508 ,
       0.12707457, 0.0193224 , 0.0682474 , 0.06919308, 0.06072695,
       0.03454153, 0.04845898, 0.07721039, 0.06910389, 0.07369734,
       0.12199013, 0.07869633, 0.05722008, 0.10203027, 0.09236954,
       0.05231699, 0.12019296, 0.02186172, 0.04394414, 0.03893931,
       0.06727908, 0.09459576, 0.05220529, 0.05681899, 0.06870688,
       0.03383693, 0.07559798, 0.11325621, 0.08817972, 0.05611929,
       0.04925756, 0.11246714, 0.11797192, 0.05488611, 0.09517846,
       0.03686251, 0.06142591, 0.02585102, 0.10831928, 0.04348391,
       0.07725545, 0.11235403, 0.04083384, 0.12079797, 0.06794413,
       0.09632249, 0.07762791, 0.07712832, 0.07864339, 0.03778022,
       0.08712779, 0.1648089 , 0.0989764 , 0.06829918, 0.09687644,
       0.10851183, 0.04383286, 0.13812493, 0.12057077, 0.06250034,
       0.05068491, 0.07037702, 0.03087309, 0.06755677, 0.13830804,
       0.08593233, 0.03426835, 0.02589865, 0.09415012, 0.10768893,
       0.04300715, 0.09682924, 0.05061472, 0.03363547, 0.06968533,
       0.08786824, 0.1060274 , 0.04618338, 0.04660856, 0.13054358,
       0.06898009, 0.07596035, 0.01401838, 0.08887203, 0.1151511 ,
       0.10851738, 0.03463214, 0.06192348, 0.12808052, 0.1075586 ,
       0.08213048, 0.07999822, 0.06490932, 0.09357391, 0.02623257,
       0.05662747, 0.0594308 , 0.05199175, 0.01320871, 0.08221819,
       0.04150232, 0.11273161, 0.08974003, 0.03441039, 0.1460865 ,
       0.03812719, 0.08898505, 0.03851406, 0.02187041, 0.06941376,
       0.10091873, 0.11897711, 0.06236437, 0.05314019, 0.09428067,
       0.10652341, 0.11651327, 0.04323364, 0.05900481, 0.07026034,
       0.0389917 , 0.06518232, 0.02086876, 0.03805361, 0.08015716,
       0.15437798, 0.0846849 , 0.1024089 , 0.04275529, 0.08335019,
       0.11090009, 0.02388106, 0.07731876, 0.06132063, 0.03997684,
       0.0664702 , 0.03497882, 0.04306643, 0.07201916, 0.05533778,
       0.08812745, 0.1024903 , 0.09166122, 0.05820172, 0.02246347,
       0.10321187, 0.0750464 , 0.10054961, 0.0187584 , 0.11999219,
       0.07806499, 0.00942006, 0.02459131, 0.0571121 , 0.10668367,
       0.03020319, 0.01720378, 0.12347108, 0.08088232, 0.03873425,
       0.0990831 , 0.05200212, 0.07500428, 0.04118707, 0.03290783,
       0.09971298, 0.03252503, 0.10645628, 0.02841791, 0.06871224,
       0.0304649 , 0.1028206 , 0.05330314, 0.10104603, 0.03202924,
       0.07452728, 0.05998581, 0.08388756, 0.07930515, 0.03235777,
       0.0185883 , 0.08192478, 0.02760063, 0.04159459, 0.10598269,
       0.04288132, 0.04490395, 0.02596859, 0.01731264, 0.10852622,
       0.02674276, 0.10062144, 0.06430941, 0.08414349, 0.11627981,
       0.04012976, 0.03218392, 0.07200276, 0.06987618, 0.10715959,
       0.10860409, 0.04175326, 0.09357179, 0.07943721, 0.09951338,
       0.10266276, 0.05537025, 0.13357253, 0.08060014, 0.05793192,
       0.06364851, 0.10403921, 0.0762421 , 0.13377374, 0.02440717,
       0.01088876, 0.0954999 , 0.02621908, 0.04346648, 0.06756445,
       0.02353492, 0.06418314, 0.08051997, 0.08011768, 0.04146291,
       0.09077859, 0.13225673, 0.09671113, 0.01449069, 0.02271079,
       0.04249179, 0.1320238 , 0.        , 0.02455631, 0.09357358,
       0.03030408, 0.08265759, 0.08359844, 0.03409589, 0.08329043,
       0.13227315, 0.16206276, 0.03525837, 0.05064573, 0.12820565,
       0.04125491, 0.13659531, 0.06004769, 0.04411114, 0.04538056,
       0.14827622, 0.08936712, 0.04838941, 0.09059939, 0.06302317,
       0.06796451, 0.08391105, 0.07671137, 0.05932607, 0.01827963,
       0.11006021, 0.06803617, 0.10711573, 0.06161017, 0.07076966,
       0.07628971, 0.06187239, 0.03335345, 0.07211397, 0.11564648,
       0.0312121 , 0.08138899, 0.05452834, 0.07099831, 0.11167982,
       0.06522041, 0.01562234, 0.09047772, 0.11227548, 0.11151212,
       0.0714591 , 0.11402376, 0.04034089, 0.03960502, 0.04412938,
       0.07055285, 0.08445346, 0.11314228, 0.11753787, 0.0336826 ,
       0.0648415 , 0.05715943, 0.0931379 , 0.13143642, 0.0885352 ,
       0.04215887, 0.0435409 , 0.06182556, 0.04293809, 0.04866228,
       0.03558925, 0.12252572, 0.03258508, 0.12835057, 0.08613852,
       0.04436795, 0.05791738, 0.0450842 , 0.04042314, 0.03162507,
       0.11978814, 0.05350182, 0.07776733, 0.06841175, 0.0157875 ,
       0.07436463, 0.06514919, 0.05540695, 0.09537146, 0.08212687,
       0.06770223, 0.0496366 , 0.10125585, 0.0431513 , 0.13261072,
       0.05073596, 0.09582543, 0.10010456, 0.08826466, 0.08382464,
       0.11271577, 0.07470761, 0.05424332, 0.11283695, 0.0437024 ,
       0.06384154, 0.03713001, 0.12085089, 0.04446448, 0.07022209,
       0.1186911 , 0.13770767, 0.0297101 , 0.05892966, 0.05149483,
       0.03904558, 0.04804912, 0.05093847, 0.03879456, 0.04451031,
       0.1074774 , 0.01422243, 0.02509826, 0.02222566, 0.03302242,
       0.04018554, 0.02102659, 0.02973046, 0.01954974, 0.04675962,
       0.07145122, 0.04905013, 0.07296381, 0.07343613, 0.03125076,
       0.11236178, 0.07898413, 0.06662875, 0.12908261, 0.05543388,
       0.05619984, 0.04368744, 0.03428035, 0.06726359, 0.08176764,
       0.09323865, 0.0368405 , 0.15038451, 0.10469524, 0.01366949,
       0.09348684, 0.02573315, 0.12587622, 0.04782716, 0.06128305,
       0.12516361, 0.04223133, 0.12317571, 0.116951  , 0.12698504,
       0.11283225, 0.12381508, 0.06745498, 0.05572295, 0.06785105,
       0.06940724, 0.04244929, 0.02651542, 0.08463547, 0.05295685,
       0.05245374, 0.05466697, 0.04085991, 0.0392515 , 0.13492796,
       0.15453757, 0.08077269, 0.12337438, 0.08032789, 0.03235108,
       0.10393366, 0.06971641, 0.13681662, 0.04468856, 0.12498225,
       0.10454046, 0.10096678, 0.1167333 , 0.0493812 , 0.03890906,
       0.05401979, 0.03860266, 0.10742286, 0.05993021, 0.07727024,
       0.05317267, 0.02699069, 0.04669826, 0.14294028, 0.04836   ,
       0.11084917, 0.07285916, 0.08031345, 0.09025292, 0.11335355,
       0.06152546, 0.11234994, 0.0459334 , 0.06070432, 0.10910611,
       0.08697432, 0.06713993, 0.119199  , 0.02840792, 0.04018523,
       0.02605384, 0.07727645, 0.05730133, 0.01966653, 0.07166978,
       0.05349175, 0.12456773, 0.05350839, 0.01342516, 0.04154826,
       0.1170152 , 0.03747489, 0.03401933, 0.03899468, 0.04692912,
       0.10906836, 0.03637685, 0.0756632 , 0.05128691, 0.03199859,
       0.04376411, 0.11708813, 0.1051595 , 0.0147483 , 0.08231356,
       0.08360875, 0.03593703, 0.03749907, 0.06635349, 0.08509803,
       0.0943533 , 0.07553138, 0.02120973, 0.04840679, 0.09019985,
       0.07537614, 0.03905954, 0.02683361, 0.1028434 , 0.0567106 ,
       0.02414948, 0.09981594, 0.09118999, 0.03887419, 0.0795078 ,
       0.13140857, 0.06354013, 0.10706235, 0.06686041, 0.08182312,
       0.05070964, 0.02506297, 0.1275397 , 0.08394668, 0.01517951,
       0.08084164, 0.02148627, 0.04307859, 0.13450039, 0.06999946,
       0.03282575, 0.07994077, 0.0439591 , 0.03233872, 0.04057604,
       0.10420444, 0.11337953, 0.05731064, 0.06262256, 0.02025494,
       0.02834369, 0.0948588 , 0.10007462, 0.10974105, 0.02741441,
       0.10467813, 0.10532442, 0.07848234, 0.10084443, 0.10645581,
       0.06541978, 0.05665177, 0.02794486, 0.08685822, 0.13569701,
       0.08129357, 0.05295215, 0.02885555, 0.05817547, 0.04289834,
       0.09687306, 0.02862874, 0.05899953, 0.08162987, 0.12663376,
       0.02696521, 0.14735561, 0.07317775, 0.05709091, 0.06412457,
       0.05637222, 0.08128227, 0.12126848, 0.08924679, 0.0348373 ,
       0.06468908, 0.05266828, 0.11030156, 0.10747468, 0.10530572,
       0.02950724, 0.1134022 , 0.0532883 , 0.06632138, 0.0864238 ,
       0.03506979, 0.02001805, 0.02532746, 0.08517679, 0.10375463,
       0.05560569]), 'delta_distances': array([0., 0., 0., 0., 0., 0., 0., 0., 0., 0., 0., 0., 0., 0., 0., 0., 0.,
       0., 0., 0., 0., 0., 0., 0., 0., 0., 0., 0., 0., 0., 0., 0., 0., 0.,
       0., 0., 0., 0., 0., 0., 0., 0., 0., 0., 0., 0., 0., 0., 0., 0., 0.,
       0., 0., 0., 0., 0., 0., 0., 0., 0., 0., 0., 0., 0., 0., 0., 0., 0.,
       0., 0., 0., 0., 0., 0., 0., 0., 0., 0., 0., 0., 0., 0., 0., 0., 0.,
       0., 0., 0., 0., 0., 0., 0., 0., 0., 0., 0., 0., 0., 0., 0., 0., 0.,
       0., 0., 0., 0., 0., 0., 0., 0., 0., 0., 0., 0., 0., 0., 0., 0., 0.,
       0., 0., 0., 0., 0., 0., 0., 0., 0., 0., 0., 0., 0., 0., 0., 0., 0.,
       0., 0., 0., 0., 0., 0., 0., 0., 0., 0., 0., 0., 0., 0., 0., 0., 0.,
       0., 0., 0., 0., 0., 0., 0., 0., 0., 0., 0., 0., 0., 0., 0., 0., 0.,
       0., 0., 0., 0., 0., 0., 0., 0., 0., 0., 0., 0., 0., 0., 0., 0., 0.,
       0., 0., 0., 0., 0., 0., 0., 0., 0., 0., 0., 0., 0., 0., 0., 0., 0.,
       0., 0., 0., 0., 0., 0., 0., 0., 0., 0., 0., 0., 0., 0., 0., 0., 0.,
       0., 0., 0., 0., 0., 0., 0., 0., 0., 0., 0., 0., 0., 0., 0., 0., 0.,
       0., 0., 0., 0., 0., 0., 0., 0., 0., 0., 0., 0., 0., 0., 0., 0., 0.,
       0., 0., 0., 0., 0., 0., 0., 0., 0., 0., 0., 0., 0., 0., 0., 0., 0.,
       0., 0., 0., 0., 0., 0., 0., 0., 0., 0., 0., 0., 0., 0., 0., 0., 0.,
       0., 0., 0., 0., 0., 0., 0., 0., 0., 0., 0., 0., 0., 0., 0., 0., 0.,
       0., 0., 0., 0., 0., 0., 0., 0., 0., 0., 0., 0., 0., 0., 0., 0., 0.,
       0., 0., 0., 0., 0., 0., 0., 0., 0., 0., 0., 0., 0., 0., 0., 0., 0.,
       0., 0., 0., 0., 0., 0., 0., 0., 0., 0., 0., 0., 0., 0., 0., 0., 0.,
       0., 0., 0., 0., 0., 0., 0., 0., 0., 0., 0., 0., 0., 0., 0., 0., 0.,
       0., 0., 0., 0., 0., 0., 0., 0., 0., 0., 0., 0., 0., 0., 0., 0., 0.,
       0., 0., 0., 0., 0., 0., 0., 0., 0., 0., 0., 0., 0., 0., 0., 0., 0.,
       0., 0., 0., 0., 0., 0., 0., 0., 0., 0., 0., 0., 0., 0., 0., 0., 0.,
       0., 0., 0., 0., 0., 0., 0., 0., 0., 0., 0., 0., 0., 0., 0., 0., 0.,
       0., 0., 0., 0., 0., 0., 0., 0., 0., 0., 0., 0., 0., 0., 0., 0., 0.,
       0., 0., 0., 0., 0., 0., 0., 0., 0., 0., 0., 0., 0., 0., 0., 0., 0.,
       0., 0., 0., 0., 0., 0., 0., 0., 0., 0., 0., 0., 0., 0., 0., 0., 0.,
       0., 0., 0., 0., 0., 0., 0., 0., 0., 0., 0., 0., 0., 0., 0., 0., 0.,
       0., 0., 0., 0., 0., 0., 0., 0., 0., 0., 0., 0., 0., 0., 0., 0., 0.,
       0., 0., 0., 0., 0., 0., 0., 0., 0., 0., 0., 0., 0., 0., 0., 0., 0.,
       0., 0., 0., 0., 0., 0., 0., 0., 0., 0., 0., 0., 0., 0., 0., 0., 0.,
       0., 0., 0., 0., 0., 0., 0., 0., 0., 0., 0., 0., 0., 0., 0., 0., 0.,
       0., 0., 0., 0., 0., 0., 0., 0., 0., 0., 0., 0., 0., 0., 0., 0., 0.,
       0., 0., 0., 0., 0., 0., 0., 0., 0., 0., 0., 0., 0., 0., 0., 0., 0.,
       0., 0., 0., 0., 0., 0., 0., 0., 0., 0., 0., 0., 0., 0., 0., 0., 0.,
       0., 0., 0., 0., 0., 0., 0., 0., 0., 0., 0., 0., 0., 0., 0., 0., 0.,
       0., 0., 0., 0., 0., 0., 0., 0., 0., 0., 0., 0., 0., 0., 0., 0., 0.,
       0., 0., 0., 0., 0., 0., 0., 0., 0., 0., 0., 0., 0., 0., 0., 0., 0.,
       0., 0., 0., 0., 0., 0., 0., 0., 0., 0., 0., 0., 0., 0., 0., 0., 0.,
       0., 0., 0., 0., 0., 0., 0., 0., 0., 0., 0., 0., 0., 0., 0., 0., 0.,
       0., 0., 0., 0., 0., 0., 0., 0., 0., 0., 0., 0., 0., 0., 0., 0., 0.,
       0., 0., 0., 0., 0., 0., 0., 0., 0., 0., 0., 0., 0., 0., 0., 0., 0.,
       0., 0., 0., 0., 0., 0., 0., 0., 0., 0., 0., 0., 0., 0., 0., 0., 0.,
       0., 0., 0., 0., 0., 0., 0., 0., 0., 0., 0., 0., 0., 0., 0., 0., 0.,
       0., 0., 0., 0., 0., 0., 0., 0., 0., 0., 0., 0., 0., 0., 0., 0., 0.,
       0., 0., 0., 0., 0., 0., 0., 0., 0., 0., 0., 0., 0., 0., 0., 0., 0.,
       0., 0., 0., 0., 0., 0., 0., 0., 0., 0., 0., 0., 0., 0., 0., 0., 0.,
       0., 0., 0., 0., 0., 0., 0., 0., 0., 0., 0., 0., 0., 0., 0., 0., 0.,
       0., 0., 0., 0., 0., 0., 0., 0., 0., 0., 0., 0., 0., 0., 0., 0., 0.,
       0., 0., 0., 0., 0., 0., 0., 0., 0., 0., 0., 0., 0., 0., 0., 0., 0.,
       0., 0., 0., 0., 0., 0., 0., 0., 0., 0., 0., 0., 0., 0., 0., 0., 0.,
       0., 0., 0., 0., 0., 0., 0., 0., 0., 0., 0., 0., 0., 0., 0., 0., 0.,
       0., 0., 0., 0., 0., 0., 0., 0., 0., 0., 0., 0., 0., 0., 0., 0., 0.,
       0., 0., 0., 0., 0., 0., 0., 0., 0., 0., 0., 0., 0., 0., 0., 0., 0.,
       0., 0., 0., 0., 0., 0., 0., 0., 0., 0., 0., 0., 0., 0.]), 'locations': array([61, 61, 61, 61, 61, 61, 61, 61, 61, 61, 61, 61, 61, 61, 61, 61, 61,
       61, 61, 61, 61, 60, 61, 61, 61, 61, 61, 61, 61, 61, 61, 61, 61, 61,
       61, 61, 61, 61, 61, 61, 61, 61, 61, 61, 61, 61, 61, 61, 61, 61, 61,
       61, 61, 61, 61, 61, 61, 61, 61, 61, 61, 61, 61, 61, 61, 61, 61, 61,
       61, 61, 61, 61, 61, 61, 61, 61, 61, 61, 61, 61, 61, 61, 61, 61, 61,
       61, 61, 61, 61, 61, 61, 61, 61, 61, 61, 61, 61, 61, 61, 61, 61, 61,
       61, 61, 61, 61, 61, 61, 61, 61, 61, 61, 61, 61, 61, 61, 61, 61, 61,
       61, 61, 61, 61, 61, 61, 61, 61, 61, 61, 61, 61, 61, 61, 61, 61, 61,
       61, 61, 61, 61, 61, 61, 61, 61, 61, 61, 61, 61, 61, 61, 61, 61, 61,
       61, 61, 61, 61, 61, 61, 61, 61, 61, 61, 61, 61, 61, 61, 61, 61, 61,
       61, 61, 61, 59, 61, 61, 61, 61, 61, 61, 61, 61, 61, 61, 61, 61, 60,
       61, 61, 61, 61, 61, 61, 61, 61, 61, 61, 61, 61, 61, 61, 61, 61, 61,
       61, 61, 61, 61, 61, 61, 61, 61, 61, 61, 61, 61, 61, 61, 61, 61, 61,
       61, 61, 61, 61, 61, 61, 61, 61, 61, 61, 61, 61, 61, 61, 61, 61, 61,
       61, 61, 61, 61, 61, 61, 61, 61, 61, 61, 61, 60, 61, 61, 61, 61, 61,
       61, 61, 61, 61, 61, 61, 61, 61, 61, 61, 60, 61, 61, 61, 61, 61, 61,
       61, 61, 61, 61, 61, 61, 61, 61, 61, 61, 61, 61, 61, 61, 61, 61, 61,
       61, 61, 61, 61, 61, 61, 61, 61, 61, 61, 61, 61, 61, 61, 61, 61, 61,
       61, 61, 61, 61, 61, 61, 61, 61, 61, 61, 61, 61, 61, 61, 61, 61, 61,
       61, 61, 61, 61, 61, 61, 61, 61, 61, 61, 61, 61, 61, 61, 61, 61, 61,
       61, 61, 61, 61, 61, 61, 61, 61,  4, 61, 61, 61, 61, 61, 61, 61, 61,
       61, 61, 61, 61, 61, 61, 61, 61, 61, 61, 61, 61, 61, 61, 61, 61, 61,
       61, 61, 61, 61, 61, 61, 61, 61, 61, 61, 61, 61, 61, 61, 61, 61, 61,
       61, 61, 61, 61, 61, 61, 61, 61, 61, 61, 61, 61, 61, 61, 61, 61, 61,
       61, 61, 61, 61, 61, 61, 61, 60, 61, 61, 61, 61, 61, 61, 61, 61, 61,
       61, 61, 61, 61, 61, 61, 61, 61, 61, 61, 61, 61, 61, 61, 61, 61, 61,
       61, 61, 61, 61, 61, 61, 61, 61, 61, 61, 61, 61, 61, 61, 59, 61, 61,
       61, 61, 61, 61, 61, 61, 61, 61, 61, 61, 61, 61, 61, 61, 60, 61, 61,
       61, 61, 61, 61, 61, 61, 61, 61, 61, 61, 61, 61, 61, 61, 61, 61, 61,
       61, 61, 61, 61, 61, 61, 61, 61, 61, 61, 61, 61, 60, 61, 61, 61, 61,
       61, 61, 61, 61, 61, 61, 61, 61, 61, 61, 58, 61, 61, 61, 61, 61, 61,
       61, 61, 61, 61, 61, 61, 61, 61, 61, 60, 61, 61, 61, 61, 61, 61, 61,
       61, 61, 61, 61, 61, 61, 61, 61, 61, 61, 61, 61, 61, 61, 61, 61, 61,
       61, 61, 61, 61, 61, 61, 61, 61, 61, 61, 61, 61, 61, 61, 61, 61, 61,
       61, 61, 61, 61, 61, 61, 61, 61, 61, 61, 61, 61, 61, 61, 61, 61, 61,
       61, 61, 61, 61, 61, 61, 61, 61, 61, 61, 61, 61, 61, 61, 61, 61, 61,
       61, 61, 61, 61, 61, 61, 61, 61, 61, 61, 61, 61, 61, 61, 61, 61, 61,
       61, 61, 61, 61, 61, 61, 61, 61, 61, 61, 61, 61, 61, 61, 61, 61, 61,
       61, 61, 61, 61, 61, 61, 61, 61, 61, 61, 61, 61, 61, 61, 61, 61, 61,
       61, 61, 61, 61, 61, 61, 61, 61, 61, 61, 61, 61, 61, 61, 61, 61, 61,
       61, 61, 61, 61, 61, 61, 61, 61, 61, 61, 61, 61, 61, 61, 61, 61, 61,
       61, 61, 61, 61, 61, 61,  0, 61, 61, 61, 61, 61, 61, 61, 61, 61, 61,
       61, 61, 61, 61, 61, 61, 61, 61, 61, 61, 61, 61, 61, 61, 61, 61, 61,
       61, 61, 61, 60, 61, 61, 61, 61, 61, 61, 61, 61, 61, 61, 61, 61, 61,
       60, 61, 61, 61, 61, 61, 61, 60, 61, 61, 61, 61, 61, 61, 61, 61, 61,
       61, 61, 61, 61, 61, 61, 61, 61, 61, 61, 61, 61, 61, 61, 61, 61, 61,
       61, 61, 61, 61, 61, 61, 61, 61, 61, 61, 61, 61, 61, 61, 61, 61, 61,
       61, 61, 61, 61, 61, 61, 61, 61, 61, 61, 60, 61, 61, 61, 61, 61, 61,
       61, 61, 61, 61, 61, 61, 61, 61, 61, 61, 61, 60, 61, 61, 61, 61, 61,
       61, 61, 61, 61, 61, 61, 61, 61, 61, 61, 61, 61, 61, 61, 61, 61, 61,
       61, 61, 61, 61, 61, 61, 59, 61, 61, 61, 61, 61, 61, 61, 61, 61, 61,
       61, 61, 61, 61, 61, 61, 61, 61, 61, 61, 61, 61, 61, 61, 61, 61, 61,
       61, 61, 61, 61, 61, 61, 61, 61, 61, 61, 61, 61, 61, 61, 61, 61, 61,
       61, 61, 61, 61, 61, 61, 61, 61, 61, 61, 61, 61, 61, 61, 61, 61, 61,
       61, 61, 61, 61, 61, 61, 61, 61, 61, 61, 61, 61, 61, 61, 61, 61, 61,
       61, 61, 61, 61, 61, 61, 61, 61, 61, 61, 61, 61, 61, 61, 61, 61, 61,
       61, 61, 61, 61, 61, 61, 61, 61, 61, 61, 61, 61, 61, 61])}, {'ts_index': 113, 'loc': 58, 'gap': 0.0183061967152248, 'distances': array([0.0783694 , 0.05074818, 0.03865382, 0.0587496 , 0.07341645,
       0.01941552, 0.0232846 , 0.04580772, 0.03434854, 0.0450535 ,
       0.04336626, 0.07795649, 0.02202987, 0.0129771 , 0.03928941,
       0.01544199, 0.02685312, 0.        , 0.04316778, 0.01608035,
       0.07529173, 0.05238592, 0.05432983, 0.04559888, 0.01567091,
       0.03721922, 0.01807222, 0.05683082, 0.07309295, 0.03268138,
       0.01027485, 0.01038352, 0.0634447 , 0.04895577, 0.00840208,
       0.03077747, 0.07432306, 0.02218423, 0.0609664 , 0.04303661,
       0.01644521, 0.03583019, 0.02155638, 0.02841641, 0.02931736,
       0.01887651, 0.0982166 , 0.0151991 , 0.01478665, 0.02994917,
       0.10317112, 0.03466612, 0.05465833, 0.05422804, 0.01601281,
       0.03795507, 0.04208922, 0.0550973 , 0.01716479, 0.07220656,
       0.02704593, 0.03028209, 0.0353523 , 0.02868846, 0.03978187,
       0.01668847, 0.02841989, 0.03783983, 0.01314411, 0.03778237,
       0.03350959, 0.01589898, 0.02812917, 0.04488591, 0.08733902,
       0.01644293, 0.02410456, 0.02920569, 0.00634389, 0.04277718,
       0.01592741, 0.054926  , 0.02667803, 0.02953549, 0.04644335,
       0.09801661, 0.02610934, 0.03446023, 0.06469103, 0.02350931,
       0.0227218 , 0.01416007, 0.04126842, 0.03850815, 0.06865209,
       0.04927849, 0.01732296, 0.0663099 , 0.00940465, 0.02998937,
       0.04281238, 0.04180302, 0.02435252, 0.01206306, 0.03658893,
       0.01478073, 0.02510767, 0.0478304 , 0.02397128, 0.0676779 ,
       0.04085884, 0.01150391, 0.10099822, 0.09628851, 0.01812271,
       0.03709589, 0.04018996, 0.03792146, 0.03705162, 0.04909781,
       0.03484297, 0.08539467, 0.04163727, 0.01537287, 0.00715524,
       0.07438715, 0.05234766, 0.01764533, 0.0198539 , 0.03006601,
       0.04218489, 0.07160492, 0.01389586, 0.05888648, 0.06779629,
       0.01003058, 0.01624538, 0.03449094, 0.01493653, 0.0306469 ,
       0.01031455, 0.02708039, 0.03801999, 0.03351604, 0.01607133,
       0.03021941, 0.0632886 , 0.03420603, 0.05340616, 0.01344888,
       0.02325527, 0.05231959, 0.05246175, 0.02138159, 0.0174699 ,
       0.01908317, 0.04717062, 0.03027862, 0.00996067, 0.01068293,
       0.04349716, 0.02937439]), 'delta_distances': array([0., 0., 0., 0., 0., 0., 0., 0., 0., 0., 0., 0., 0., 0., 0., 0., 0.,
       0., 0., 0., 0., 0., 0., 0., 0., 0., 0., 0., 0., 0., 0., 0., 0., 0.,
       0., 0., 0., 0., 0., 0., 0., 0., 0., 0., 0., 0., 0., 0., 0., 0., 0.,
       0., 0., 0., 0., 0., 0., 0., 0., 0., 0., 0., 0., 0., 0., 0., 0., 0.,
       0., 0., 0., 0., 0., 0., 0., 0., 0., 0., 0., 0., 0., 0., 0., 0., 0.,
       0., 0., 0., 0., 0., 0., 0., 0., 0., 0., 0., 0., 0., 0., 0., 0., 0.,
       0., 0., 0., 0., 0., 0., 0., 0., 0., 0., 0., 0., 0., 0., 0., 0., 0.,
       0., 0., 0., 0., 0., 0., 0., 0., 0., 0., 0., 0., 0., 0., 0., 0., 0.,
       0., 0., 0., 0., 0., 0., 0., 0., 0., 0., 0., 0., 0., 0., 0., 0., 0.,
       0., 0., 0., 0., 0., 0., 0., 0., 0.]), 'locations': array([59, 59, 58, 59, 59, 58, 59, 60, 59, 58, 59, 59, 57, 57, 58, 58, 59,
       58, 58, 57, 59, 58, 60, 59, 57, 60, 59, 59, 59, 59, 58, 57, 60, 59,
       58, 61, 59, 58, 58, 58, 58, 58, 61, 58, 58, 59, 60, 57, 56, 61, 58,
       58, 58, 60, 57, 59, 58, 58, 59, 58, 59, 60, 60, 58, 60, 58, 58, 59,
       57, 59, 58, 56, 58, 58, 59, 56, 57, 58, 60, 58, 58, 59, 59, 59, 58,
       59, 59, 58, 61, 58, 58, 60, 58, 59, 59, 58, 58, 58, 58, 59, 59, 59,
       59, 60, 59, 58, 60, 58, 58, 59, 58, 56, 59, 59, 58, 59, 59, 61, 58,
       60, 58, 59, 59, 58, 58, 59, 59, 59, 58, 59, 59, 59, 58, 58, 59, 58,
       59, 58, 58, 58, 57, 60, 57, 58, 57, 58, 59, 59, 59, 56, 58, 60, 59,
       59, 57, 57, 60, 58, 59, 57, 58, 58])}, {'ts_index': 310, 'loc': 0, 'gap': 0.02982956303248796, 'distances': array([0.01609852, 0.05757267, 0.0252788 , 0.03215758, 0.01903044,
       0.04649422, 0.02730435, 0.05862924, 0.04668289, 0.04237597,
       0.        , 0.01316871, 0.06730288, 0.08316662, 0.01650788,
       0.01897538, 0.0473924 , 0.04720948, 0.0818106 , 0.08848103,
       0.01471691, 0.01353569, 0.03281646, 0.02724206, 0.07923691,
       0.09009985, 0.04920582, 0.04451657]), 'delta_distances': array([0., 0., 0., 0., 0., 0., 0., 0., 0., 0., 0., 0., 0., 0., 0., 0., 0.,
       0., 0., 0., 0., 0., 0., 0., 0., 0., 0., 0.]), 'locations': array([0, 0, 0, 0, 0, 0, 0, 0, 0, 0, 0, 0, 0, 0, 0, 0, 0, 0, 1, 0, 0, 0,
       0, 0, 0, 0, 0, 0])}], 'clusters': array([1, 1, 2, ..., 1, 2, 2]), 'time': 782.8364515304565}
