lenSubsequence: 13{'RI': 0.4991457286432161, 'num_clusters': 9, 'uShapelets': [{'ts_index': 46, 'loc': 408, 'gap': 0.032322657041786, 'distances': array([0.05413359, 0.07261022, 0.13681119, 0.13317587, 0.12467136,
       0.10083786, 0.0412419 , 0.08236017, 0.0604651 , 0.10894951,
       0.10159541, 0.10352016, 0.05630286, 0.10702067, 0.15608879,
       0.12714203, 0.11844284, 0.03837199, 0.06752291, 0.15537897,
       0.14947711, 0.09007173, 0.07252578, 0.15181207, 0.0790488 ,
       0.08566628, 0.12020936, 0.05091053, 0.09515007, 0.11804817,
       0.15097236, 0.09922485, 0.13674513, 0.0740886 , 0.10466342,
       0.04451331, 0.12189408, 0.11467679, 0.102519  , 0.08782524,
       0.08467646, 0.02769167, 0.0760257 , 0.1224149 , 0.14857834,
       0.04072022, 0.        , 0.11919605, 0.08259422, 0.06616434,
       0.13307356, 0.09190213, 0.06020917, 0.10554627, 0.12803308,
       0.07922978, 0.10216341, 0.0717482 , 0.12041395, 0.12768952,
       0.03903986, 0.10699656, 0.12040859, 0.11730413, 0.12475384,
       0.0940379 , 0.04028926, 0.15152338, 0.12683506, 0.14360465,
       0.08774085, 0.11080207, 0.04310702, 0.0692489 , 0.03266801,
       0.14491066, 0.12164172, 0.09762616, 0.12397378, 0.11556583,
       0.08226637, 0.12430623, 0.10270833, 0.14240081, 0.13769997,
       0.11865455, 0.10349193, 0.10640779, 0.04652244, 0.12907884,
       0.1432246 , 0.0641309 , 0.14313788, 0.09676121, 0.12161396,
       0.07201679, 0.12993306, 0.04514956, 0.09408044, 0.14018985,
       0.08902754, 0.13534217, 0.12252664, 0.11252448, 0.11918878,
       0.12604478, 0.08275283, 0.12886166, 0.04020339, 0.04775408,
       0.0493717 , 0.09998136, 0.13826856, 0.04232207, 0.11739386,
       0.03605705, 0.13830165, 0.11655172, 0.03957122, 0.07850507,
       0.1286657 , 0.12515256, 0.05170807, 0.13393241, 0.09812775,
       0.14346759, 0.14344667, 0.12580712, 0.11928582, 0.04160884,
       0.12226575, 0.04310606, 0.04580946, 0.13111255, 0.09328018,
       0.12264202, 0.08415558, 0.14830179, 0.11156185, 0.11726219,
       0.12095378, 0.12652593, 0.01610585, 0.08775822, 0.14248332,
       0.10413243, 0.12064303, 0.13293407, 0.09868382, 0.08622479,
       0.15132407, 0.09704134, 0.13109226, 0.11677419, 0.10254667,
       0.12215035, 0.10364749, 0.06557483, 0.15316247, 0.05022089,
       0.14967479, 0.05170318, 0.15039885, 0.13456281, 0.14980957,
       0.09650267, 0.07572979, 0.10887326, 0.10018685, 0.08090652,
       0.06267185, 0.13086459, 0.10326548, 0.06055617, 0.07920158,
       0.05862223, 0.12373362, 0.05059435, 0.10810519, 0.0781944 ,
       0.14184787, 0.10218879, 0.12911212, 0.04893742, 0.14158631,
       0.12345098, 0.12496792, 0.1459723 , 0.10191738, 0.12987993,
       0.12073711, 0.05874129, 0.12564798, 0.07533049, 0.14050154,
       0.08983503, 0.06128644, 0.06882363, 0.13611667, 0.11572942]), 'delta_distances': array([0., 0., 0., 0., 0., 0., 0., 0., 0., 0., 0., 0., 0., 0., 0., 0., 0.,
       0., 0., 0., 0., 0., 0., 0., 0., 0., 0., 0., 0., 0., 0., 0., 0., 0.,
       0., 0., 0., 0., 0., 0., 0., 0., 0., 0., 0., 0., 0., 0., 0., 0., 0.,
       0., 0., 0., 0., 0., 0., 0., 0., 0., 0., 0., 0., 0., 0., 0., 0., 0.,
       0., 0., 0., 0., 0., 0., 0., 0., 0., 0., 0., 0., 0., 0., 0., 0., 0.,
       0., 0., 0., 0., 0., 0., 0., 0., 0., 0., 0., 0., 0., 0., 0., 0., 0.,
       0., 0., 0., 0., 0., 0., 0., 0., 0., 0., 0., 0., 0., 0., 0., 0., 0.,
       0., 0., 0., 0., 0., 0., 0., 0., 0., 0., 0., 0., 0., 0., 0., 0., 0.,
       0., 0., 0., 0., 0., 0., 0., 0., 0., 0., 0., 0., 0., 0., 0., 0., 0.,
       0., 0., 0., 0., 0., 0., 0., 0., 0., 0., 0., 0., 0., 0., 0., 0., 0.,
       0., 0., 0., 0., 0., 0., 0., 0., 0., 0., 0., 0., 0., 0., 0., 0., 0.,
       0., 0., 0., 0., 0., 0., 0., 0., 0., 0., 0., 0., 0.]), 'locations': array([173,  12, 307, 347,  91,  84, 208, 266,  69, 165, 461, 247,  57,
       190, 320, 461,   8, 312, 268, 199, 115, 239,   8, 231, 141, 342,
       308,  76, 282, 209,  15, 134, 107, 168,  19, 178, 235, 165, 414,
       379, 242, 445, 290, 466, 351, 215, 408,  74, 322, 446,  35, 381,
       449, 249, 375, 139, 299,  75, 250, 301,  69, 455,  92, 449, 153,
       270, 252, 160, 200, 156, 391, 249, 336, 262,  98, 389, 421, 104,
       342, 124, 150, 106, 190, 125, 285,  29, 223, 141, 445, 257, 193,
        55, 409, 295, 404, 134, 397, 343, 111, 280,  92, 218, 319, 466,
       356, 112, 417, 237, 207,  26, 138,  97, 261, 278, 273, 187, 395,
       334, 171,  93, 211, 116, 452, 280, 394, 328, 303, 311,  13, 422,
        86, 386, 461,  62, 431, 386, 278,  40, 299, 115, 371, 337,  26,
       254, 278, 238, 431, 121,  53, 439, 246, 463, 273, 388, 191, 324,
       364,  27, 405, 242, 344, 204, 330, 182, 209,  68, 301, 416, 103,
       317,   6,   0, 291, 137,  46,  45, 438,  89,   1,  24,   1, 194,
       249,  44, 348,  61, 486, 394, 399,  97, 457, 426, 332, 308, 377,
       152,  30,  35, 353, 129])}, {'ts_index': 15, 'loc': 289, 'gap': 0.02977884511785621, 'distances': array([0.1543747 , 0.14922379, 0.13290738, 0.06829673, 0.11774857,
       0.04620043, 0.06727337, 0.13965814, 0.10862739, 0.04442711,
       0.13172576, 0.        , 0.14098745, 0.15131813, 0.13512483,
       0.12476273, 0.13672143, 0.05959698, 0.06965848, 0.08452617,
       0.07235717, 0.10733866, 0.11324155, 0.11068478, 0.08408824,
       0.12996469, 0.13703866, 0.1071201 , 0.13888863, 0.07528963,
       0.06673779, 0.12114973, 0.04083482, 0.13203257, 0.11472779,
       0.10390385, 0.10521466, 0.14576997, 0.02764298, 0.12688086,
       0.08421183, 0.09347578, 0.14571932, 0.07907581, 0.09895592,
       0.12453341, 0.07698049, 0.07522092, 0.14833633, 0.1257874 ,
       0.12307759, 0.12659322, 0.13002928, 0.15124811, 0.05824429,
       0.12191655, 0.12967348, 0.13596405, 0.10405444, 0.11207421,
       0.1268323 , 0.14058343, 0.04777798, 0.14025241, 0.09018077,
       0.02030196, 0.0638757 , 0.11752742, 0.06000658, 0.11846645,
       0.13459769, 0.09161891, 0.13810396, 0.13528055, 0.14853408,
       0.13883885, 0.14375096, 0.06254244, 0.07736716, 0.07322003,
       0.09808704, 0.06062781, 0.12881206, 0.11374397, 0.09929685,
       0.04252442, 0.09571964, 0.13706322, 0.09217707, 0.13872878,
       0.11364721, 0.1237066 , 0.07653453, 0.12064514, 0.13623354,
       0.1317228 , 0.09668893, 0.02398177, 0.15097754, 0.05791153,
       0.13994886, 0.08296811, 0.03031547, 0.08414889, 0.14037274,
       0.06809271, 0.04658131, 0.14664584, 0.1349682 , 0.10874571,
       0.1052035 , 0.05820333, 0.13129292, 0.03807368, 0.16116279,
       0.13021773, 0.13828752, 0.06245974, 0.09641265, 0.14619722,
       0.03895192, 0.07111153, 0.13234011, 0.08861239, 0.13845256,
       0.11456671, 0.07790738, 0.0849776 , 0.13996083, 0.13629622,
       0.07255482, 0.1328634 , 0.13836873, 0.1475653 , 0.12352594,
       0.1333919 , 0.13909084, 0.14498984, 0.04139631, 0.10720062,
       0.04557843, 0.09846767, 0.0661418 , 0.09719439, 0.11229242,
       0.13166482, 0.12605795, 0.13371408, 0.07234365, 0.08866897,
       0.14127466, 0.04220844, 0.09541668, 0.11621131, 0.13872658,
       0.16122557, 0.09380529, 0.12545994, 0.13176481, 0.15672932,
       0.06880499, 0.0599642 , 0.11436347, 0.15304689, 0.13314626]), 'delta_distances': array([0., 0., 0., 0., 0., 0., 0., 0., 0., 0., 0., 0., 0., 0., 0., 0., 0.,
       0., 0., 0., 0., 0., 0., 0., 0., 0., 0., 0., 0., 0., 0., 0., 0., 0.,
       0., 0., 0., 0., 0., 0., 0., 0., 0., 0., 0., 0., 0., 0., 0., 0., 0.,
       0., 0., 0., 0., 0., 0., 0., 0., 0., 0., 0., 0., 0., 0., 0., 0., 0.,
       0., 0., 0., 0., 0., 0., 0., 0., 0., 0., 0., 0., 0., 0., 0., 0., 0.,
       0., 0., 0., 0., 0., 0., 0., 0., 0., 0., 0., 0., 0., 0., 0., 0., 0.,
       0., 0., 0., 0., 0., 0., 0., 0., 0., 0., 0., 0., 0., 0., 0., 0., 0.,
       0., 0., 0., 0., 0., 0., 0., 0., 0., 0., 0., 0., 0., 0., 0., 0., 0.,
       0., 0., 0., 0., 0., 0., 0., 0., 0., 0., 0., 0., 0., 0., 0., 0., 0.,
       0., 0., 0., 0., 0., 0., 0., 0., 0., 0., 0., 0.]), 'locations': array([323, 184, 409,  18, 473,   4,  75, 446, 250, 317, 167, 289, 448,
       378,  81, 464, 200, 114, 334,  28, 192,  21, 324, 167, 330, 461,
       167, 393, 258, 429, 247, 212, 105, 452, 463, 441, 347, 373,  33,
       313, 338, 244, 309,  34, 209, 320, 228,  21,  75, 158, 117,   3,
        83, 218, 294, 237,   0, 285, 115, 429, 429, 109, 128, 231,  82,
        37, 416, 263, 431, 268,  99,  12, 182, 452, 274, 181, 443, 189,
       192, 402, 121, 382, 359,  12, 252,  68, 371, 177, 362,  62, 302,
       385, 470, 426, 304, 138, 360,  32, 437,  90, 432, 154, 143, 403,
       291, 412, 139, 240, 437, 480, 338, 425,  52, 407, 357, 397, 253,
       138, 100, 209, 371,  27, 466, 429, 146,  55,  80, 336, 180, 103,
        38, 230, 104,  47, 103, 129, 360, 303, 482,  84, 390,   8, 213,
       312, 245, 356, 195, 402, 329, 246, 248, 453,  91, 281, 205, 359,
        23, 386, 260, 297, 356, 452, 342, 167, 158])}, {'ts_index': 124, 'loc': 267, 'gap': 0.03108529641029148, 'distances': array([0.12741929, 0.07484092, 0.11409892, 0.11446308, 0.13996048,
       0.03709309, 0.12454925, 0.13118272, 0.13554769, 0.12799771,
       0.05118348, 0.0273155 , 0.13200499, 0.05435272, 0.14483463,
       0.05818741, 0.06751591, 0.11542026, 0.13549688, 0.08718564,
       0.08951035, 0.12065381, 0.10793659, 0.11107579, 0.11349354,
       0.12050859, 0.06810518, 0.13182074, 0.13065108, 0.10826553,
       0.11364575, 0.07019923, 0.03329382, 0.07706263, 0.13417988,
       0.1276355 , 0.10862608, 0.03136255, 0.13727173, 0.13498289,
       0.1050902 , 0.12833172, 0.05676318, 0.13364958, 0.13054028,
       0.14171668, 0.11672561, 0.11903565, 0.07780513, 0.10287341,
       0.10218079, 0.0690519 , 0.13086541, 0.06650928, 0.12500526,
       0.11564019, 0.12464497, 0.04139372, 0.1069767 , 0.12230095,
       0.0733018 , 0.05681234, 0.07317929, 0.10344093, 0.06424902,
       0.12327464, 0.10928282, 0.11255094, 0.10384856, 0.04971817,
       0.12166751, 0.12940064, 0.13515925, 0.12215414, 0.11011585,
       0.13297659, 0.11396313, 0.09332061, 0.12348611, 0.12280791,
       0.06332156, 0.10887545, 0.        , 0.14414991, 0.12487961,
       0.12319024, 0.11771552, 0.11165872, 0.13398034, 0.10513116,
       0.15196524, 0.05865746, 0.12222612, 0.11707399, 0.09302351,
       0.13764097, 0.13524092, 0.09175633, 0.13112203, 0.15078106,
       0.06332192, 0.13237681, 0.12070388, 0.12930627, 0.10651952,
       0.12918572, 0.09171495, 0.12427084, 0.12030013, 0.12770313,
       0.13226217, 0.12932648, 0.13237143, 0.13653773, 0.10070077,
       0.10361216, 0.11844926, 0.11846722, 0.12981226, 0.11226665,
       0.14687898, 0.10966427, 0.0744903 , 0.08997617, 0.1244783 ,
       0.08504431, 0.15737431, 0.07899774, 0.15219492, 0.12870182,
       0.12411596, 0.14287599, 0.12460845, 0.06124163, 0.13048554,
       0.14064375]), 'delta_distances': array([0., 0., 0., 0., 0., 0., 0., 0., 0., 0., 0., 0., 0., 0., 0., 0., 0.,
       0., 0., 0., 0., 0., 0., 0., 0., 0., 0., 0., 0., 0., 0., 0., 0., 0.,
       0., 0., 0., 0., 0., 0., 0., 0., 0., 0., 0., 0., 0., 0., 0., 0., 0.,
       0., 0., 0., 0., 0., 0., 0., 0., 0., 0., 0., 0., 0., 0., 0., 0., 0.,
       0., 0., 0., 0., 0., 0., 0., 0., 0., 0., 0., 0., 0., 0., 0., 0., 0.,
       0., 0., 0., 0., 0., 0., 0., 0., 0., 0., 0., 0., 0., 0., 0., 0., 0.,
       0., 0., 0., 0., 0., 0., 0., 0., 0., 0., 0., 0., 0., 0., 0., 0., 0.,
       0., 0., 0., 0., 0., 0., 0., 0., 0., 0., 0., 0., 0., 0., 0., 0., 0.]), 'locations': array([465, 408, 245, 383, 145, 327,  72, 486, 333,   4, 162, 355, 153,
        85, 237, 256, 424,  65,  74, 448, 434, 149, 468,  99, 349, 417,
       183, 166, 458, 315, 195, 110, 134, 460, 443,  74,  99, 486, 357,
       296, 391,  52,  65, 242, 280,  67, 438, 335, 194, 203, 103, 266,
       373,  66, 233,  35, 112, 224, 322, 341, 397,   7, 392,   3,  39,
       124, 210, 460, 372,  69, 330,  86, 323, 230, 337, 306, 384, 161,
       144, 219, 251,  47, 267, 187, 368, 272, 439, 188, 211, 240,  18,
       263, 446, 151,  94, 144, 478, 470, 190, 477, 444, 110,  16,  90,
       149, 408, 123, 149, 270, 345, 116, 149, 464, 424, 451, 146, 302,
       180, 405, 413,  50, 131, 385, 475, 241, 312, 368, 427, 304, 283,
       321, 341, 418, 264, 165, 239])}, {'ts_index': 158, 'loc': 396, 'gap': 0.03439055757867121, 'distances': array([0.12156082, 0.1251908 , 0.12552069, 0.1490737 , 0.03759935,
       0.13533254, 0.13284228, 0.12176094, 0.03880294, 0.04781134,
       0.11529707, 0.05020155, 0.09405717, 0.05586624, 0.14457838,
       0.10569174, 0.06432355, 0.142944  , 0.12015596, 0.11846234,
       0.13389788, 0.10112757, 0.15342108, 0.12268458, 0.13274284,
       0.14415052, 0.11034913, 0.04947217, 0.12668409, 0.14246121,
       0.12482644, 0.15211747, 0.13905974, 0.13729002, 0.14489632,
       0.11001932, 0.15368491, 0.09113905, 0.15109736, 0.06660622,
       0.11983159, 0.14422697, 0.09662558, 0.14911301, 0.12940293,
       0.05630171, 0.11983508, 0.10412478, 0.09627474, 0.12253051,
       0.1154239 , 0.1563047 , 0.10499659, 0.12648573, 0.06857505,
       0.05118003, 0.11558262, 0.07718712, 0.14558447, 0.06830034,
       0.11503265, 0.05712218, 0.12232162, 0.14173736, 0.03208384,
       0.13446865, 0.12877756, 0.08892438, 0.08543528, 0.12910595,
       0.09317771, 0.1536358 , 0.04599263, 0.16577524, 0.14278985,
       0.1387205 , 0.12354573, 0.13658381, 0.13757349, 0.05454412,
       0.13198592, 0.10051017, 0.1574939 , 0.        , 0.10417865,
       0.13952366, 0.13447911, 0.11582042, 0.12566913, 0.09508287,
       0.05531719, 0.12787058, 0.08698576, 0.05879225, 0.14908712,
       0.0937732 , 0.0924719 , 0.11864129, 0.07033581, 0.06152657,
       0.09119274, 0.15047097, 0.13176229, 0.08392968, 0.11286301,
       0.05533108, 0.09159208, 0.08709496, 0.10704523, 0.12149356,
       0.10578062, 0.09227494]), 'delta_distances': array([0., 0., 0., 0., 0., 0., 0., 0., 0., 0., 0., 0., 0., 0., 0., 0., 0.,
       0., 0., 0., 0., 0., 0., 0., 0., 0., 0., 0., 0., 0., 0., 0., 0., 0.,
       0., 0., 0., 0., 0., 0., 0., 0., 0., 0., 0., 0., 0., 0., 0., 0., 0.,
       0., 0., 0., 0., 0., 0., 0., 0., 0., 0., 0., 0., 0., 0., 0., 0., 0.,
       0., 0., 0., 0., 0., 0., 0., 0., 0., 0., 0., 0., 0., 0., 0., 0., 0.,
       0., 0., 0., 0., 0., 0., 0., 0., 0., 0., 0., 0., 0., 0., 0., 0., 0.,
       0., 0., 0., 0., 0., 0., 0., 0., 0., 0.]), 'locations': array([437, 148, 201, 279,   9, 437, 349,  12, 282, 240, 142, 107,  63,
       252, 246, 370, 174, 452, 232, 383,  19,  72, 206,  71, 247, 325,
       209, 235, 112, 168,  42, 279, 195, 155, 340, 271,  20, 315, 199,
       263, 202,   2, 438,  35, 246, 155, 122, 135, 217,  26, 404, 431,
       243, 135, 160, 163,  70,  42,  30, 466, 327, 270, 336, 243, 450,
       138, 107, 384, 279, 281, 473, 135, 199,  38,  94, 306, 245, 465,
       285, 439, 370, 405, 319, 396, 403, 307, 355, 397, 100, 445, 337,
       316, 307, 223, 465,  18, 207,  18, 483, 266, 341, 108, 138,  20,
       369, 165, 125, 183,  81, 296, 234, 105])}, {'ts_index': 34, 'loc': 316, 'gap': 0.03252777144073313, 'distances': array([0.01713214, 0.11917915, 0.09035847, 0.12219729, 0.02866291,
       0.13316609, 0.12568249, 0.09680771, 0.04979872, 0.08668604,
       0.06148287, 0.        , 0.13167338, 0.09086415, 0.14330545,
       0.1303973 , 0.06669594, 0.1212836 , 0.09218249, 0.10821952,
       0.12990401, 0.10786763, 0.08932101, 0.12753131, 0.13777316,
       0.0994777 , 0.08194426, 0.07434398, 0.08068984, 0.12006714,
       0.03999939, 0.05224386, 0.02975282, 0.11547914, 0.06736374,
       0.11098077, 0.10390706, 0.09491791, 0.11578086, 0.13475125,
       0.10767183, 0.08015507, 0.10704824, 0.1085566 , 0.07894561,
       0.14073499, 0.15528248, 0.12927481, 0.10861763, 0.1127155 ,
       0.08771089, 0.12507721, 0.05055898, 0.13618472, 0.0719755 ,
       0.08899637, 0.11105565, 0.10727746, 0.15046244, 0.13195947,
       0.05801014, 0.12117701, 0.14285115, 0.12442105, 0.05712155,
       0.11523623, 0.10454182, 0.1542069 , 0.15306166, 0.10635667,
       0.08553131, 0.09093594, 0.14084974, 0.07864526, 0.06400692,
       0.03590651, 0.05071715, 0.11901281, 0.13022891, 0.12768297,
       0.12915244, 0.03690364, 0.09905233, 0.14716949, 0.10449143,
       0.04093934, 0.11948128, 0.03766615, 0.12064878, 0.14123692]), 'delta_distances': array([0., 0., 0., 0., 0., 0., 0., 0., 0., 0., 0., 0., 0., 0., 0., 0., 0.,
       0., 0., 0., 0., 0., 0., 0., 0., 0., 0., 0., 0., 0., 0., 0., 0., 0.,
       0., 0., 0., 0., 0., 0., 0., 0., 0., 0., 0., 0., 0., 0., 0., 0., 0.,
       0., 0., 0., 0., 0., 0., 0., 0., 0., 0., 0., 0., 0., 0., 0., 0., 0.,
       0., 0., 0., 0., 0., 0., 0., 0., 0., 0., 0., 0., 0., 0., 0., 0., 0.,
       0., 0., 0., 0., 0.]), 'locations': array([222,  12,  98, 278, 309, 130, 143,  67, 445, 484,  53, 316, 349,
       125,  52,  43, 207,  91, 338, 322, 293,  76, 160,  40, 225, 484,
       195, 143, 270, 318, 459, 441, 271, 128, 186, 315, 407, 421, 473,
       111, 434, 476, 435,  43, 108, 297, 162, 109, 401, 233, 385, 184,
       113, 421, 121, 215, 226, 131,  35, 128, 457, 441, 221, 385, 322,
       137, 140, 114, 463, 359, 209, 158,  23, 319, 238, 453, 457, 146,
       212, 348, 486, 139, 293, 109, 278, 309,  80, 344, 387, 151])}, {'ts_index': 92, 'loc': 308, 'gap': 0.02769450021265446, 'distances': array([0.1331438 , 0.12302051, 0.12358534, 0.14356177, 0.13184075,
       0.11648777, 0.14432424, 0.06594692, 0.14052163, 0.08671967,
       0.05536811, 0.12275128, 0.1137866 , 0.13452472, 0.13258975,
       0.11501044, 0.10128478, 0.12285367, 0.05450871, 0.09812804,
       0.15126565, 0.07212564, 0.06290691, 0.06003498, 0.09843769,
       0.08445266, 0.08671461, 0.09562174, 0.13019439, 0.        ,
       0.06560408, 0.03431438, 0.08047031, 0.09817064, 0.13562004,
       0.10093107, 0.13757886, 0.15434631, 0.12933746, 0.10718962,
       0.03396688, 0.137752  , 0.08609723, 0.11859672, 0.10850492,
       0.13040456, 0.08287285, 0.05788381, 0.06555786, 0.09883086,
       0.12385043, 0.13416802, 0.1208158 , 0.04388274, 0.11497816,
       0.12593631, 0.05365755, 0.09249611, 0.14504366, 0.11029018,
       0.14098918, 0.12050555, 0.10619037, 0.06549356, 0.10464818,
       0.15298044, 0.02706521, 0.11898408, 0.08161516, 0.1312365 ,
       0.11973677, 0.11190928, 0.08262348]), 'delta_distances': array([0., 0., 0., 0., 0., 0., 0., 0., 0., 0., 0., 0., 0., 0., 0., 0., 0.,
       0., 0., 0., 0., 0., 0., 0., 0., 0., 0., 0., 0., 0., 0., 0., 0., 0.,
       0., 0., 0., 0., 0., 0., 0., 0., 0., 0., 0., 0., 0., 0., 0., 0., 0.,
       0., 0., 0., 0., 0., 0., 0., 0., 0., 0., 0., 0., 0., 0., 0., 0., 0.,
       0., 0., 0., 0., 0.]), 'locations': array([ 40, 282, 126, 143, 346, 242, 326,  22, 361,  71, 158, 443, 108,
       378,  65, 278, 483, 388, 365, 379,  98, 286, 152, 125,  62, 349,
       357, 329, 380, 308, 205, 323, 327, 232, 347, 135, 336, 206, 352,
       166, 461,  16, 105, 334, 429, 233, 326, 388, 460, 338, 259, 184,
       165, 339,   0, 266, 482, 269,  49,  17, 226, 460, 404,  41,  68,
       275, 217,  15, 456, 459,  12, 429, 106])}, {'ts_index': 199, 'loc': 457, 'gap': 0.032801019866145836, 'distances': array([0.11023508, 0.11220177, 0.11961048, 0.10754086, 0.10810191,
       0.0893049 , 0.03894934, 0.11066117, 0.10978565, 0.10562122,
       0.14006447, 0.11487748, 0.12468202, 0.06549384, 0.12858926,
       0.1406517 , 0.11198316, 0.1135594 , 0.11265939, 0.12354691,
       0.10146209, 0.05726908, 0.13523391, 0.09868144, 0.12006586,
       0.05169521, 0.1170354 , 0.04935238, 0.12444098, 0.10365381,
       0.03739222, 0.12358789, 0.12533993, 0.1258763 , 0.07524965,
       0.11035328, 0.14129082, 0.07292166, 0.05517473, 0.11302419,
       0.06340255, 0.12582879, 0.10294649, 0.12792024, 0.11676473,
       0.14450107, 0.12901701, 0.14161155, 0.09052025, 0.08234649,
       0.09046874, 0.10798952, 0.13361566, 0.04748562, 0.05751499,
       0.1361353 , 0.09501437, 0.        ]), 'delta_distances': array([0., 0., 0., 0., 0., 0., 0., 0., 0., 0., 0., 0., 0., 0., 0., 0., 0.,
       0., 0., 0., 0., 0., 0., 0., 0., 0., 0., 0., 0., 0., 0., 0., 0., 0.,
       0., 0., 0., 0., 0., 0., 0., 0., 0., 0., 0., 0., 0., 0., 0., 0., 0.,
       0., 0., 0., 0., 0., 0., 0.]), 'locations': array([419, 148, 420, 461, 247,  52, 328, 172, 356,   9, 163, 238, 329,
       360, 241, 386, 330, 404, 328, 268, 245, 315, 134,  41, 152, 396,
        39,  33, 146,   9, 462, 406, 266, 432, 402, 401, 259, 213,  49,
        41,  35,  76,   2, 347,  65, 310, 222, 293,  38, 162,  63, 387,
       383, 305, 110, 326, 278, 457])}, {'ts_index': 3, 'loc': 461, 'gap': 0.028726691135792695, 'distances': array([0.12764115, 0.        , 0.14272449, 0.05946008, 0.07857275,
       0.08508595, 0.07443066, 0.04949156, 0.09070825, 0.05602759,
       0.08517424, 0.07069508, 0.093757  , 0.05230821, 0.09659906,
       0.06867927, 0.14555039, 0.12377311, 0.09347021, 0.13264748,
       0.06878538, 0.09133988, 0.0819255 , 0.074051  , 0.15413234,
       0.08435334, 0.08027243, 0.07031539, 0.13426393, 0.05704875,
       0.07314864, 0.09416913, 0.1157517 , 0.04586674, 0.1376849 ,
       0.08701911, 0.14572062, 0.06505656, 0.12037268, 0.05713594,
       0.1136246 , 0.10504471, 0.08750815, 0.06799518, 0.11399039,
       0.07039172, 0.1023735 ]), 'delta_distances': array([0., 0., 0., 0., 0., 0., 0., 0., 0., 0., 0., 0., 0., 0., 0., 0., 0.,
       0., 0., 0., 0., 0., 0., 0., 0., 0., 0., 0., 0., 0., 0., 0., 0., 0.,
       0., 0., 0., 0., 0., 0., 0., 0., 0., 0., 0., 0., 0.]), 'locations': array([170, 461,   5, 347, 458, 431, 425, 246, 440,  68, 464, 113, 136,
       203, 181, 187,   6, 481, 419, 395,  54, 131, 200, 110, 161, 279,
       117, 387, 104, 468, 276, 270,  94, 423,  94, 288, 299, 200, 261,
       183, 348, 308, 302, 279, 449, 321, 383])}, {'ts_index': 4, 'loc': 29, 'gap': 0.03580562272414223, 'distances': array([0.06060956, 0.        , 0.07023009, 0.06367931, 0.12862677,
       0.09790039, 0.08146978, 0.14037581]), 'delta_distances': array([0., 0., 0., 0., 0., 0., 0., 0.]), 'locations': array([303,  29, 157, 394, 376, 133, 142,  48])}], 'clusters': array([1, 5, 9, 8, 9, 4, 1, 2, 1, 2, 3, 5, 1, 2, 8, 2, 8, 1, 4, 3, 3, 4,
       2, 3, 8, 3, 3, 1, 4, 5, 4, 7, 5, 4, 5, 1, 6, 2, 8, 2, 3, 1, 8, 6,
       8, 1, 1, 8, 2, 3, 3, 8, 1, 8, 7, 4, 3, 8, 8, 6, 1, 8, 3, 8, 9, 6,
       1, 2, 6, 8, 5, 5, 1, 4, 1, 3, 5, 2, 3, 8, 2, 2, 7, 2, 9, 3, 8, 4,
       1, 3, 3, 3, 6, 2, 3, 6, 6, 1, 2, 8, 7, 3, 2, 8, 7, 8, 4, 4, 1, 1,
       1, 0, 7, 1, 8, 1, 4, 6, 1, 3, 2, 4, 1, 2, 3, 8, 2, 8, 4, 1, 9, 1,
       1, 2, 5, 8, 8, 8, 2, 3, 2, 6, 1, 6, 4, 2, 7, 8, 2, 5, 7, 8, 3, 6,
       4, 5, 9, 8, 4, 1, 6, 1, 0, 8, 8, 8, 8, 4, 2, 8, 2, 5, 2, 1, 4, 1,
       5, 1, 5, 6, 8, 4, 4, 1, 8, 2, 6, 5, 8, 7, 4, 1, 7, 5, 8, 5, 2, 3,
       8, 7]), 'time': 32713.439714431763}
lenSubsequence: 14{'RI': 0.4991959798994975, 'num_clusters': 7, 'uShapelets': [{'ts_index': 141, 'loc': 304, 'gap': 0.02202263353455046, 'distances': array([0.09667811, 0.12510392, 0.12932488, 0.08592116, 0.08906678,
       0.1267978 , 0.10452395, 0.06454375, 0.07476402, 0.11325954,
       0.10289777, 0.09739462, 0.12322222, 0.09442329, 0.09299431,
       0.0936269 , 0.11760991, 0.11206911, 0.08321425, 0.11477582,
       0.10615834, 0.10299158, 0.1183869 , 0.10468539, 0.05925467,
       0.13487354, 0.10707808, 0.1205574 , 0.06106242, 0.11530904,
       0.09431295, 0.1347822 , 0.06549169, 0.04900444, 0.11810562,
       0.09280266, 0.08275276, 0.09177884, 0.13200418, 0.10185631,
       0.09455626, 0.10051717, 0.06055664, 0.0890112 , 0.12131156,
       0.1036088 , 0.09237081, 0.12279173, 0.12039066, 0.04193923,
       0.12442637, 0.08792229, 0.11420198, 0.1247144 , 0.06064079,
       0.12967272, 0.06070217, 0.09832001, 0.12882224, 0.12204361,
       0.12415607, 0.11427182, 0.1095215 , 0.07320451, 0.04729011,
       0.1288789 , 0.12610185, 0.13301291, 0.07865405, 0.11160278,
       0.08231413, 0.11609729, 0.07410626, 0.04932836, 0.11538637,
       0.07212838, 0.11179331, 0.0994168 , 0.05043356, 0.07739462,
       0.13731504, 0.12945921, 0.10067896, 0.13624174, 0.06013023,
       0.13008632, 0.13260475, 0.0930444 , 0.11761286, 0.11581245,
       0.12577979, 0.07748333, 0.11145277, 0.1183739 , 0.13166738,
       0.04482251, 0.08888941, 0.13161866, 0.11555644, 0.10425546,
       0.10347317, 0.10118339, 0.10766131, 0.03390312, 0.0419107 ,
       0.12284434, 0.09455965, 0.12320579, 0.08618009, 0.09494697,
       0.13141099, 0.11906206, 0.09755538, 0.12262468, 0.0563626 ,
       0.08205903, 0.13258824, 0.11328106, 0.13202962, 0.10197579,
       0.07908942, 0.093227  , 0.11448016, 0.11922293, 0.07173017,
       0.12308715, 0.0387439 , 0.12121885, 0.13448803, 0.05342404,
       0.12432832, 0.136331  , 0.08680051, 0.06456454, 0.13098706,
       0.10283735, 0.10922928, 0.11221517, 0.08840197, 0.11873095,
       0.11321286, 0.        , 0.12366507, 0.12240894, 0.12285679,
       0.10191041, 0.14122274, 0.09649403, 0.13745271, 0.11159201,
       0.10137478, 0.13765499, 0.1288327 , 0.13681649, 0.10804121,
       0.12099354, 0.09541812, 0.11510325, 0.05916971, 0.09828517,
       0.10506969, 0.07614721, 0.12043948, 0.08959246, 0.0842752 ,
       0.13187908, 0.13451478, 0.07763939, 0.12749424, 0.09639002,
       0.09982273, 0.05340834, 0.10537083, 0.14187158, 0.11791362,
       0.11438599, 0.13331582, 0.13188098, 0.07713194, 0.1329736 ,
       0.08664461, 0.11612608, 0.11555248, 0.08662143, 0.10198138,
       0.12044675, 0.09944609, 0.08472573, 0.13556296, 0.04644453,
       0.12466336, 0.12537703, 0.10760347, 0.12787687, 0.11037273,
       0.09038403, 0.11201697, 0.13954341, 0.10206588, 0.06756927]), 'delta_distances': array([0., 0., 0., 0., 0., 0., 0., 0., 0., 0., 0., 0., 0., 0., 0., 0., 0.,
       0., 0., 0., 0., 0., 0., 0., 0., 0., 0., 0., 0., 0., 0., 0., 0., 0.,
       0., 0., 0., 0., 0., 0., 0., 0., 0., 0., 0., 0., 0., 0., 0., 0., 0.,
       0., 0., 0., 0., 0., 0., 0., 0., 0., 0., 0., 0., 0., 0., 0., 0., 0.,
       0., 0., 0., 0., 0., 0., 0., 0., 0., 0., 0., 0., 0., 0., 0., 0., 0.,
       0., 0., 0., 0., 0., 0., 0., 0., 0., 0., 0., 0., 0., 0., 0., 0., 0.,
       0., 0., 0., 0., 0., 0., 0., 0., 0., 0., 0., 0., 0., 0., 0., 0., 0.,
       0., 0., 0., 0., 0., 0., 0., 0., 0., 0., 0., 0., 0., 0., 0., 0., 0.,
       0., 0., 0., 0., 0., 0., 0., 0., 0., 0., 0., 0., 0., 0., 0., 0., 0.,
       0., 0., 0., 0., 0., 0., 0., 0., 0., 0., 0., 0., 0., 0., 0., 0., 0.,
       0., 0., 0., 0., 0., 0., 0., 0., 0., 0., 0., 0., 0., 0., 0., 0., 0.,
       0., 0., 0., 0., 0., 0., 0., 0., 0., 0., 0., 0., 0.]), 'locations': array([397, 449, 131, 421, 122, 324, 422,  32,  67, 345,  15, 191,  85,
       232, 278, 338, 415, 323, 195, 477, 311, 452,  90, 402, 449, 243,
       173, 322, 275,  51, 396, 364, 239, 427, 436, 387,  79, 485,  88,
       225, 268, 426,  19, 196, 149, 101,  99, 477, 321,  65, 385, 476,
       196, 283, 436, 131, 331, 246, 457, 410, 387,  47, 324,  93, 449,
       314, 150, 280, 163, 239, 419, 231, 408,  67, 153, 318, 433, 161,
        16, 111, 341, 237,  52, 404, 301,  89,  57, 436, 262, 172, 377,
       418, 156,  31, 259, 296, 212, 345,  43, 110, 215, 261,  17, 264,
       470, 265, 153, 180, 250, 310, 141, 396, 317, 354,   2, 281, 201,
       350, 423, 478, 400,  89, 230, 268, 150, 435,  39,  41, 297, 105,
       242, 176, 218, 106, 351, 294, 432, 284, 387, 417, 377, 304, 293,
       307, 477, 233, 251,  20, 208, 443,  65, 166, 266, 454, 362, 170,
       421, 135, 103, 414, 451, 367, 254, 355,  73, 408, 154, 341,  63,
       313, 442, 105, 460, 397, 244,  92, 369, 274, 464, 208, 291, 247,
       404, 449, 277, 296, 441, 360,  13,  18, 187, 204, 288, 292, 396,
       457, 400,  30,  64, 474])}, {'ts_index': 170, 'loc': 455, 'gap': 0.02127475595431849, 'distances': array([0.06392573, 0.08409356, 0.05438296, 0.09480964, 0.07779823,
       0.07468164, 0.06782353, 0.05893409, 0.08447292, 0.07354202,
       0.07277181, 0.04721407, 0.08033607, 0.0456191 , 0.06811432,
       0.13160368, 0.07540014, 0.11375223, 0.12495173, 0.10438701,
       0.09276676, 0.07159043, 0.0749264 , 0.07416902, 0.06454875,
       0.09432161, 0.08632004, 0.1165978 , 0.06776818, 0.07451791,
       0.08863174, 0.08034498, 0.0886298 , 0.07743262, 0.08211547,
       0.07970182, 0.07191421, 0.13403014, 0.08448091, 0.12212966,
       0.1144729 , 0.07162599, 0.06538137, 0.12983243, 0.09085118,
       0.06131021, 0.10471066, 0.06923697, 0.1140322 , 0.07330861,
       0.07848181, 0.05689951, 0.07273202, 0.0942644 , 0.07997035,
       0.06739287, 0.07881616, 0.04721367, 0.08520137, 0.13622599,
       0.07171207, 0.11652013, 0.12116071, 0.05439441, 0.08638887,
       0.08566947, 0.09802641, 0.05443066, 0.10573762, 0.13080296,
       0.07630298, 0.10929105, 0.06198952, 0.11675768, 0.05858747,
       0.08233105, 0.1136    , 0.1058645 , 0.08234716, 0.13059826,
       0.11246717, 0.09789533, 0.05630186, 0.08282934, 0.05410669,
       0.05523556, 0.11964123, 0.09497039, 0.14253908, 0.0963082 ,
       0.12801118, 0.09085326, 0.07560623, 0.08862607, 0.08804788,
       0.08910933, 0.09320127, 0.12489308, 0.08784749, 0.11010576,
       0.06492654, 0.0965322 , 0.07651667, 0.13404541, 0.07816053,
       0.12066402, 0.0932028 , 0.09829143, 0.05690088, 0.08462587,
       0.08319705, 0.07912852, 0.08888036, 0.0616699 , 0.09932665,
       0.07468472, 0.11154991, 0.12020892, 0.07643727, 0.10056116,
       0.05250722, 0.07369043, 0.10648508, 0.0645796 , 0.11805259,
       0.07069207, 0.1232314 , 0.11290886, 0.09904249, 0.09304617,
       0.11749414, 0.07305208, 0.12837958, 0.12960157, 0.08601579,
       0.13148091, 0.13838815, 0.08651784, 0.093864  , 0.        ,
       0.06064979, 0.09463795, 0.0492869 , 0.07110554, 0.06939999,
       0.11076841, 0.13249715, 0.09734471, 0.09220568, 0.07570201,
       0.10911881, 0.06822022, 0.07392663, 0.04707711, 0.12043966,
       0.0602246 , 0.06025542, 0.08923256, 0.08219576, 0.13621258,
       0.08645737, 0.09981456, 0.06304922, 0.06033748, 0.08556801]), 'delta_distances': array([0., 0., 0., 0., 0., 0., 0., 0., 0., 0., 0., 0., 0., 0., 0., 0., 0.,
       0., 0., 0., 0., 0., 0., 0., 0., 0., 0., 0., 0., 0., 0., 0., 0., 0.,
       0., 0., 0., 0., 0., 0., 0., 0., 0., 0., 0., 0., 0., 0., 0., 0., 0.,
       0., 0., 0., 0., 0., 0., 0., 0., 0., 0., 0., 0., 0., 0., 0., 0., 0.,
       0., 0., 0., 0., 0., 0., 0., 0., 0., 0., 0., 0., 0., 0., 0., 0., 0.,
       0., 0., 0., 0., 0., 0., 0., 0., 0., 0., 0., 0., 0., 0., 0., 0., 0.,
       0., 0., 0., 0., 0., 0., 0., 0., 0., 0., 0., 0., 0., 0., 0., 0., 0.,
       0., 0., 0., 0., 0., 0., 0., 0., 0., 0., 0., 0., 0., 0., 0., 0., 0.,
       0., 0., 0., 0., 0., 0., 0., 0., 0., 0., 0., 0., 0., 0., 0., 0., 0.,
       0., 0., 0., 0., 0., 0., 0., 0., 0., 0., 0., 0.]), 'locations': array([130, 294, 200, 293, 459,  15,  85, 212, 319, 184, 470, 315, 415,
       287, 483,   1, 363, 222, 248,  57, 214, 168, 129, 101, 313, 344,
        52, 151, 363, 395, 195, 145, 453, 104, 127, 131, 359, 307, 318,
       389, 366,  33, 342,  85, 193, 296, 209, 474,  82,  65,   1, 314,
       163,  19, 255,   8, 297, 330, 162,  62,   6, 242, 189,  36, 255,
       263, 430, 165, 141, 405, 348, 430,  20, 248, 348, 266,  52,  76,
       191, 128, 354, 171, 398, 415,  61,  37, 245, 260, 255, 389, 107,
       431, 410, 431,  68, 382, 176, 437, 234, 459, 111, 368, 257,   8,
       221, 428,  20, 125, 439,  16, 110, 423, 188, 409, 262,  61, 184,
       448, 103, 142, 370, 183, 168, 146,  35,  10,  81, 364, 283,  90,
       390,  66, 367, 349, 170, 128, 293, 353, 341, 455, 211,  91,  98,
       329, 167,  37, 100, 288, 351, 284, 416,  48, 279,  93, 378, 172,
       309,  96, 384, 424, 141, 251,  46, 447,  94])}, {'ts_index': 92, 'loc': 74, 'gap': 0.021620326762441314, 'distances': array([0.11737314, 0.05497212, 0.13359297, 0.06557918, 0.12684999,
       0.06189472, 0.12850556, 0.10362437, 0.09381569, 0.        ,
       0.13506779, 0.13366561, 0.11522587, 0.1114435 , 0.10096613,
       0.13141281, 0.09099878, 0.07515711, 0.07467282, 0.12202429,
       0.09585872, 0.10433738, 0.0877206 , 0.10250996, 0.12646982,
       0.12844314, 0.05679232, 0.0516748 ]), 'delta_distances': array([0., 0., 0., 0., 0., 0., 0., 0., 0., 0., 0., 0., 0., 0., 0., 0., 0.,
       0., 0., 0., 0., 0., 0., 0., 0., 0., 0., 0.]), 'locations': array([472,  61, 294, 477, 294, 281, 387, 243,  96,  74, 206,  23, 282,
       209, 205,  99, 367, 345, 211, 410, 270, 160,   4, 140, 339, 485,
       323,  97])}, {'ts_index': 162, 'loc': 204, 'gap': 0.024308523872859478, 'distances': array([0.11692912, 0.08222531, 0.06854463, 0.09662863, 0.12123399,
       0.05667891, 0.13748369, 0.12759692, 0.10247542, 0.11120336,
       0.11499847, 0.13009611, 0.12368071, 0.13477522, 0.05348636,
       0.1105245 , 0.06861669, 0.        , 0.12268069, 0.1122626 ,
       0.06101366, 0.08922414]), 'delta_distances': array([0., 0., 0., 0., 0., 0., 0., 0., 0., 0., 0., 0., 0., 0., 0., 0., 0.,
       0., 0., 0., 0., 0.]), 'locations': array([ 52, 200,  17,  27, 195, 107, 303,  86, 333, 410,  29, 194, 309,
       129, 450, 178, 419, 204, 481, 163, 141, 274])}, {'ts_index': 154, 'loc': 273, 'gap': 0.02685166215719338, 'distances': array([0.09173217, 0.109692  , 0.11792028, 0.12066823, 0.12169826,
       0.07111752, 0.13714812, 0.10866723, 0.12188977, 0.0715097 ,
       0.0531338 , 0.12869474, 0.        , 0.12001589, 0.10217352,
       0.11796908]), 'delta_distances': array([0., 0., 0., 0., 0., 0., 0., 0., 0., 0., 0., 0., 0., 0., 0., 0.]), 'locations': array([392, 284, 219, 134, 210, 162,  73, 417, 255, 285,  17, 190, 273,
       317,  57, 121])}, {'ts_index': 77, 'loc': 75, 'gap': 0.028476644301545062, 'distances': array([0.07770094, 0.1346888 , 0.13180051, 0.        , 0.06054297,
       0.09046785, 0.09395961, 0.13486543, 0.14081206, 0.10385519,
       0.07056196, 0.13184247]), 'delta_distances': array([0., 0., 0., 0., 0., 0., 0., 0., 0., 0., 0., 0.]), 'locations': array([231, 438,  21,  75, 180, 238, 165, 421, 241, 326, 183,  35])}, {'ts_index': 31, 'loc': 358, 'gap': 0.04719326370401638, 'distances': array([0.        , 0.10717955, 0.11985016, 0.05792224, 0.10663383]), 'delta_distances': array([0., 0., 0., 0., 0.]), 'locations': array([358, 428, 330, 400, 188])}], 'clusters': array([2, 2, 2, 2, 2, 2, 2, 1, 1, 2, 2, 2, 2, 2, 2, 2, 2, 6, 2, 2, 3, 2,
       2, 2, 1, 2, 2, 2, 1, 2, 2, 7, 1, 1, 2, 2, 2, 2, 2, 2, 2, 2, 1, 2,
       3, 2, 4, 2, 2, 1, 2, 3, 2, 2, 1, 2, 1, 2, 2, 2, 2, 2, 2, 1, 1, 2,
       2, 2, 2, 2, 2, 0, 1, 1, 2, 1, 2, 6, 1, 1, 2, 2, 2, 2, 1, 2, 2, 4,
       2, 2, 2, 1, 3, 2, 2, 1, 2, 2, 2, 6, 2, 2, 2, 1, 1, 2, 2, 2, 5, 2,
       6, 2, 6, 2, 1, 2, 2, 2, 2, 2, 0, 2, 2, 2, 1, 2, 1, 2, 5, 1, 2, 5,
       2, 1, 2, 2, 2, 2, 2, 2, 2, 1, 2, 2, 2, 7, 2, 2, 2, 2, 2, 2, 4, 2,
       5, 2, 2, 2, 1, 4, 2, 1, 4, 6, 2, 6, 4, 1, 2, 2, 2, 1, 2, 2, 2, 2,
       2, 2, 1, 0, 2, 2, 2, 2, 2, 2, 2, 3, 2, 1, 2, 2, 2, 3, 2, 2, 2, 2,
       2, 1]), 'time': 19984.116055965424}
lenSubsequence: 15{'RI': 0.5010552763819095, 'num_clusters': 12, 'uShapelets': [{'ts_index': 141, 'loc': 219, 'gap': 0.022989028206087864, 'distances': array([0.1235952 , 0.09855451, 0.13227481, 0.11321463, 0.11961125,
       0.1262637 , 0.12528754, 0.06000813, 0.07909821, 0.1287642 ,
       0.10679608, 0.09455113, 0.10329395, 0.03594771, 0.12870975,
       0.04797633, 0.04149256, 0.09146597, 0.11672221, 0.11901079,
       0.12758448, 0.12603312, 0.1067051 , 0.12977735, 0.10094404,
       0.11099222, 0.056751  , 0.06922827, 0.11882644, 0.10580373,
       0.08188601, 0.12983877, 0.1079512 , 0.11445588, 0.12290269,
       0.07513428, 0.09383031, 0.11061689, 0.10234498, 0.10191622,
       0.11299639, 0.05605647, 0.13300813, 0.12793463, 0.05925607,
       0.11084625, 0.12522965, 0.13461668, 0.07679745, 0.10441587,
       0.13588728, 0.11579744, 0.11147753, 0.09588741, 0.11039101,
       0.08068276, 0.08149238, 0.12074255, 0.12393188, 0.12766075,
       0.11376067, 0.10911593, 0.11068234, 0.11367456, 0.09760964,
       0.12897542, 0.12577083, 0.09342834, 0.05847896, 0.09339277,
       0.04850993, 0.1132303 , 0.13112471, 0.10922628, 0.12295528,
       0.08256694, 0.10991169, 0.1234948 , 0.13209467, 0.10123428,
       0.06734909, 0.11710642, 0.10505305, 0.06927677, 0.1198663 ,
       0.12383628, 0.07368815, 0.12697278, 0.13099194, 0.13055479,
       0.05681779, 0.13381858, 0.13429313, 0.05581253, 0.07585486,
       0.10066504, 0.10536071, 0.09850385, 0.12202755, 0.12916509,
       0.102291  , 0.07502619, 0.06060648, 0.10715509, 0.08299614,
       0.11876275, 0.11683843, 0.08940177, 0.09118482, 0.10826046,
       0.05476262, 0.09573415, 0.12045013, 0.10044971, 0.06145203,
       0.09989894, 0.11272867, 0.11406508, 0.13875981, 0.06031569,
       0.11047213, 0.11325574, 0.12226078, 0.12900138, 0.10268644,
       0.12671085, 0.09434852, 0.1017377 , 0.09396913, 0.12779986,
       0.0641573 , 0.10195936, 0.12263093, 0.09234807, 0.10241648,
       0.12680572, 0.13639812, 0.11315175, 0.05101233, 0.121311  ,
       0.11880184, 0.        , 0.09177353, 0.10050441, 0.10219024,
       0.13290678, 0.09545727, 0.12973952, 0.11264335, 0.11042486,
       0.12452426, 0.12546383, 0.1397894 , 0.08438215, 0.0685198 ,
       0.13081623, 0.06837672, 0.07738093, 0.0711708 , 0.12099029,
       0.12853433, 0.10945509, 0.10406517, 0.12306848, 0.11995716,
       0.10003569, 0.12679361, 0.08585911, 0.11117755, 0.05548702,
       0.07764321, 0.10114934, 0.12221347, 0.09222055, 0.1312232 ,
       0.10443109, 0.11701914, 0.11332621, 0.12507759, 0.13188226,
       0.09100576, 0.09842837, 0.12216639, 0.0644655 , 0.13621717,
       0.12574791, 0.10463175, 0.11642701, 0.05979367, 0.12035989,
       0.12319032, 0.12292917, 0.11169817, 0.08238702, 0.10647172,
       0.11939369, 0.06935045, 0.09529523, 0.0838695 , 0.10520062]), 'delta_distances': array([0., 0., 0., 0., 0., 0., 0., 0., 0., 0., 0., 0., 0., 0., 0., 0., 0.,
       0., 0., 0., 0., 0., 0., 0., 0., 0., 0., 0., 0., 0., 0., 0., 0., 0.,
       0., 0., 0., 0., 0., 0., 0., 0., 0., 0., 0., 0., 0., 0., 0., 0., 0.,
       0., 0., 0., 0., 0., 0., 0., 0., 0., 0., 0., 0., 0., 0., 0., 0., 0.,
       0., 0., 0., 0., 0., 0., 0., 0., 0., 0., 0., 0., 0., 0., 0., 0., 0.,
       0., 0., 0., 0., 0., 0., 0., 0., 0., 0., 0., 0., 0., 0., 0., 0., 0.,
       0., 0., 0., 0., 0., 0., 0., 0., 0., 0., 0., 0., 0., 0., 0., 0., 0.,
       0., 0., 0., 0., 0., 0., 0., 0., 0., 0., 0., 0., 0., 0., 0., 0., 0.,
       0., 0., 0., 0., 0., 0., 0., 0., 0., 0., 0., 0., 0., 0., 0., 0., 0.,
       0., 0., 0., 0., 0., 0., 0., 0., 0., 0., 0., 0., 0., 0., 0., 0., 0.,
       0., 0., 0., 0., 0., 0., 0., 0., 0., 0., 0., 0., 0., 0., 0., 0., 0.,
       0., 0., 0., 0., 0., 0., 0., 0., 0., 0., 0., 0., 0.]), 'locations': array([ 54,  34,   6, 394,  33, 193, 264, 421, 258,  33,  47, 384,  14,
       182, 319, 249, 188, 194, 448, 179, 129, 204,  61, 282, 203, 455,
       230, 482, 141, 145, 152, 111, 186,  71, 366, 166, 258, 171, 102,
       353, 457,  19, 344,  74, 222, 146, 136, 173, 279, 476, 340, 132,
       125, 365, 222, 455, 364, 310, 348, 327, 287, 225, 312,  20, 437,
       378, 112, 180, 116, 286, 219, 243, 185, 365, 102, 156, 348, 346,
       107, 190, 100, 204, 187,  22, 250, 193, 359, 110, 103, 469,   4,
       391, 169, 276, 414, 323, 217,  95, 325, 184, 101, 393,  86, 325,
       296, 314, 481, 265,  58, 153,  32, 466, 260, 237,  47, 428,  82,
       164, 102, 185, 135, 156, 138,   7, 173, 379, 330, 446,  76, 418,
        78, 306, 320, 282, 245, 244,  43, 307, 154, 280, 206, 219,  76,
       339,  90,  52,  34, 128, 392, 268, 461, 168, 322,  79, 110, 439,
       340, 412, 115, 368, 316, 380, 193, 359, 403, 463, 171, 127, 163,
       481,  31,  42, 243, 268,  36, 257, 413, 396,  22, 378, 142,  22,
       294, 241,  84,   8, 435, 180, 317, 193,  22, 427, 261, 190, 368,
       268, 394,  51, 435, 154])}, {'ts_index': 106, 'loc': 154, 'gap': 0.022521034321368094, 'distances': array([0.0495171 , 0.1165312 , 0.12562097, 0.09877501, 0.1321327 ,
       0.12779225, 0.05229227, 0.08563797, 0.12355629, 0.05355998,
       0.11235847, 0.12368866, 0.09625452, 0.11303878, 0.05913627,
       0.11154459, 0.12087014, 0.06362769, 0.11902992, 0.0957874 ,
       0.1070235 , 0.04866743, 0.08096995, 0.06151215, 0.04305894,
       0.11465289, 0.08277894, 0.08740978, 0.10373279, 0.10814385,
       0.07894885, 0.12300159, 0.12244114, 0.12302425, 0.061197  ,
       0.12284696, 0.12179707, 0.08225944, 0.1043789 , 0.11154907,
       0.09693026, 0.09613737, 0.12657204, 0.13137767, 0.1195879 ,
       0.07375247, 0.05898698, 0.09482325, 0.09792263, 0.1219486 ,
       0.10760209, 0.10087294, 0.06796687, 0.11669452, 0.10675429,
       0.12205609, 0.109521  , 0.12379431, 0.08561948, 0.13755008,
       0.07716171, 0.05783022, 0.11418501, 0.08634357, 0.09758576,
       0.0572432 , 0.11226797, 0.12525474, 0.13502281, 0.12254192,
       0.11496896, 0.09938871, 0.08893813, 0.03099764, 0.1082785 ,
       0.05436394, 0.05735105, 0.11404837, 0.12741524, 0.11875552,
       0.1271547 , 0.05816877, 0.07922128, 0.0587972 , 0.11971408,
       0.1293538 , 0.        , 0.10787034, 0.06032466, 0.11570699,
       0.13013942, 0.12627798, 0.11627327, 0.1268099 , 0.09282707,
       0.10175403, 0.0738679 , 0.07209736, 0.111732  , 0.09197076,
       0.12219774, 0.10263683, 0.09760532, 0.07037612, 0.07291735,
       0.12685098, 0.05281155, 0.1245298 , 0.08758599, 0.11363881,
       0.09151356, 0.13593541, 0.10789337, 0.12097502, 0.11276414,
       0.06515381, 0.06970792, 0.11280955, 0.12649129, 0.10537326,
       0.13554688, 0.11630324, 0.13329388, 0.1232589 , 0.09879325,
       0.06324968, 0.10765227, 0.11617755, 0.10537263, 0.12085168,
       0.13122697, 0.1055113 , 0.11016087, 0.08511243, 0.04706253,
       0.12419173, 0.05723362, 0.06212378, 0.06046873, 0.08003503,
       0.11870119, 0.11812268, 0.07553018, 0.09419522, 0.08679946,
       0.12261896, 0.12507054, 0.11325823, 0.09974221, 0.10366123,
       0.12714468, 0.0723703 , 0.06152722, 0.09560504, 0.06353971,
       0.06659562, 0.10801613, 0.09666294, 0.13170909, 0.12430945,
       0.07732624, 0.10778606, 0.08400097, 0.09464391, 0.07116967]), 'delta_distances': array([0., 0., 0., 0., 0., 0., 0., 0., 0., 0., 0., 0., 0., 0., 0., 0., 0.,
       0., 0., 0., 0., 0., 0., 0., 0., 0., 0., 0., 0., 0., 0., 0., 0., 0.,
       0., 0., 0., 0., 0., 0., 0., 0., 0., 0., 0., 0., 0., 0., 0., 0., 0.,
       0., 0., 0., 0., 0., 0., 0., 0., 0., 0., 0., 0., 0., 0., 0., 0., 0.,
       0., 0., 0., 0., 0., 0., 0., 0., 0., 0., 0., 0., 0., 0., 0., 0., 0.,
       0., 0., 0., 0., 0., 0., 0., 0., 0., 0., 0., 0., 0., 0., 0., 0., 0.,
       0., 0., 0., 0., 0., 0., 0., 0., 0., 0., 0., 0., 0., 0., 0., 0., 0.,
       0., 0., 0., 0., 0., 0., 0., 0., 0., 0., 0., 0., 0., 0., 0., 0., 0.,
       0., 0., 0., 0., 0., 0., 0., 0., 0., 0., 0., 0., 0., 0., 0., 0., 0.,
       0., 0., 0., 0., 0., 0., 0., 0., 0., 0., 0., 0.]), 'locations': array([318, 306, 350, 455, 133, 394, 399,  14, 344, 361, 312,  64, 349,
       307, 417, 341, 414, 188, 210, 405,  46, 429, 275,  59, 274, 459,
       259, 278, 200, 269, 479, 182, 376, 312,  20, 191, 334, 143, 458,
       272, 253,  14, 122, 264,  49, 349, 424,  63, 101, 424, 236, 257,
       110,  43, 260, 460,  35, 140, 276, 341,  29,  81,  50, 318, 187,
       471,  71,  14, 142, 186, 295,  85, 435, 262, 262, 332, 144, 295,
       290, 337, 253, 110, 459, 263, 304,  25, 154, 450, 474, 280, 324,
       291, 417, 441, 394,  73, 481, 452,  89, 216,  68, 405,  32,  43,
       289,  95, 109,  76, 308, 427, 270,  88, 136, 219, 195, 154,  87,
       175, 347, 235, 445,  60,  71, 243,  96,  16, 362, 216, 189, 249,
       431, 313,  40,  53, 367, 247, 355, 343, 408, 107, 275, 133, 227,
        47, 239, 353, 198, 344, 291, 214, 134, 300, 298,   6, 260,  19,
       113, 273, 125, 291, 447, 336, 243,  63, 365])}, {'ts_index': 125, 'loc': 221, 'gap': 0.02498984989935081, 'distances': array([0.11990335, 0.10308614, 0.03732973, 0.08144446, 0.06495048,
       0.08261238, 0.04173732, 0.10905487, 0.12410567, 0.08009554,
       0.1259874 , 0.11097401, 0.10101086, 0.09240684, 0.07258812,
       0.09341105, 0.06449871, 0.08297205, 0.12010999, 0.03724317,
       0.11391181, 0.1143211 , 0.04687218, 0.08531778, 0.04357609,
       0.04285195, 0.09988551, 0.08046061, 0.1185002 , 0.04173155,
       0.05233634, 0.1221726 , 0.07285682, 0.07549978, 0.06840871,
       0.03418722, 0.09081539, 0.06842734, 0.07956069, 0.1023228 ,
       0.04743983, 0.08064037, 0.1112923 , 0.07870236, 0.08861625,
       0.03967984, 0.11472532, 0.07022547, 0.10709713, 0.04527915,
       0.06752132, 0.10675417, 0.10525111, 0.0849401 , 0.02950756,
       0.0799653 , 0.02335815, 0.05772024, 0.08659421, 0.11048218,
       0.11839753, 0.07985741, 0.07019958, 0.0628183 , 0.09825914,
       0.09748273, 0.12887619, 0.04626269, 0.11555967, 0.07642895,
       0.06284541, 0.09358322, 0.12575745, 0.09730795, 0.11832068,
       0.10686875, 0.06079266, 0.08121431, 0.10385268, 0.        ,
       0.0736619 , 0.03545528, 0.11329989, 0.08255409, 0.10510836,
       0.12537644, 0.03228085, 0.10337476, 0.13013443, 0.10492642,
       0.08055917, 0.08530623, 0.05508938, 0.08712893, 0.11644019,
       0.04472646, 0.10702191, 0.06269726, 0.09566037, 0.0804834 ,
       0.07520726, 0.11255738, 0.08836377, 0.0554349 , 0.10275088,
       0.13307807, 0.1177216 , 0.11298509, 0.10756337, 0.07208708,
       0.09923628, 0.05590202, 0.07902696, 0.09785709, 0.12417024,
       0.10030396, 0.09319815, 0.042645  , 0.10326517, 0.08649064,
       0.10898949, 0.09183768, 0.12366061, 0.11118493, 0.04284766,
       0.11393463, 0.11366098]), 'delta_distances': array([0., 0., 0., 0., 0., 0., 0., 0., 0., 0., 0., 0., 0., 0., 0., 0., 0.,
       0., 0., 0., 0., 0., 0., 0., 0., 0., 0., 0., 0., 0., 0., 0., 0., 0.,
       0., 0., 0., 0., 0., 0., 0., 0., 0., 0., 0., 0., 0., 0., 0., 0., 0.,
       0., 0., 0., 0., 0., 0., 0., 0., 0., 0., 0., 0., 0., 0., 0., 0., 0.,
       0., 0., 0., 0., 0., 0., 0., 0., 0., 0., 0., 0., 0., 0., 0., 0., 0.,
       0., 0., 0., 0., 0., 0., 0., 0., 0., 0., 0., 0., 0., 0., 0., 0., 0.,
       0., 0., 0., 0., 0., 0., 0., 0., 0., 0., 0., 0., 0., 0., 0., 0., 0.,
       0., 0., 0., 0., 0., 0., 0., 0.]), 'locations': array([232,  93, 285, 243, 180, 301, 224, 195,  37, 450, 342, 435,   5,
       150,  20, 433, 370, 358,  13, 406, 158, 263,  32,  60, 326,  88,
       142,   2,  60, 248, 435, 469, 344, 283, 420,  94, 379, 283, 104,
       407, 392, 365, 391,  41, 377, 119, 299, 133, 199, 324, 407, 464,
       176,  31, 383, 282, 356, 170, 307, 356, 153, 273, 326, 172, 314,
       279, 307, 350,  71, 177, 149, 253,  87, 255, 347, 324, 309, 422,
       410, 221,  54, 295, 417, 388,  41, 374, 393, 105, 164, 352, 411,
       401, 371, 354,  92, 222,  54, 211, 311, 114, 189, 414,  57, 464,
        14, 447,  60, 462, 314, 109, 453, 279, 447,  65, 187, 170, 206,
       428,  16, 254, 282,  89, 139, 130, 277, 203, 441])}, {'ts_index': 179, 'loc': 334, 'gap': 0.020092014826445487, 'distances': array([0.11134778, 0.13547654, 0.1176265 , 0.10295904, 0.08147074,
       0.08405453, 0.10961113, 0.06859545, 0.07384359, 0.08628993,
       0.05760512, 0.10996751, 0.10461189, 0.09956584, 0.10596579,
       0.11313791, 0.09126379, 0.08884746, 0.11095704, 0.10123986,
       0.12572228, 0.12838081, 0.09318143, 0.07670513, 0.10490186,
       0.06637226, 0.1051518 , 0.07034786, 0.09640127, 0.14039671,
       0.04827649, 0.09807062, 0.04903192, 0.10918313, 0.06681307,
       0.1226153 , 0.101304  , 0.10897814, 0.13776973, 0.10082571,
       0.10188451, 0.12575509, 0.10052899, 0.11488091, 0.11182289,
       0.04862602, 0.1085797 , 0.11215026, 0.11742034, 0.11654132,
       0.12791024, 0.12727762, 0.05206181, 0.11140287, 0.11932742,
       0.10924635, 0.07609204, 0.1038081 , 0.06569701, 0.06359878,
       0.08112801, 0.07994759, 0.11196562, 0.12596452, 0.10214943,
       0.09292697, 0.11550741, 0.10953224, 0.0986895 , 0.10503208,
       0.11170247, 0.04170296, 0.07288989, 0.0925195 , 0.12004734,
       0.13094258, 0.10823201, 0.09363502, 0.05214072, 0.12758479,
       0.10908287, 0.13619377, 0.11490592, 0.0993225 , 0.11522843,
       0.08437184, 0.13328331, 0.11082624, 0.08937168, 0.04873716,
       0.1104248 , 0.1096245 , 0.12931862, 0.        , 0.10558756,
       0.09717485, 0.11232647, 0.06553362, 0.11360163, 0.06912193,
       0.08196232, 0.13630689, 0.11581002, 0.12037525]), 'delta_distances': array([0., 0., 0., 0., 0., 0., 0., 0., 0., 0., 0., 0., 0., 0., 0., 0., 0.,
       0., 0., 0., 0., 0., 0., 0., 0., 0., 0., 0., 0., 0., 0., 0., 0., 0.,
       0., 0., 0., 0., 0., 0., 0., 0., 0., 0., 0., 0., 0., 0., 0., 0., 0.,
       0., 0., 0., 0., 0., 0., 0., 0., 0., 0., 0., 0., 0., 0., 0., 0., 0.,
       0., 0., 0., 0., 0., 0., 0., 0., 0., 0., 0., 0., 0., 0., 0., 0., 0.,
       0., 0., 0., 0., 0., 0., 0., 0., 0., 0., 0., 0., 0., 0., 0., 0., 0.,
       0., 0.]), 'locations': array([408, 368, 272, 377, 137,  49,  40, 130, 256,  62, 469, 240, 177,
       407, 460, 409, 149, 476, 343,  39,  16,  72, 301,   7, 245, 389,
       250, 428, 112, 116,  28, 310, 478, 334, 392, 477, 345,  21, 131,
       120, 210, 398, 272, 410, 140,  74, 481, 442, 298, 113, 375, 365,
       287, 136, 314, 288, 350, 188, 467, 383, 150, 142, 282, 171, 441,
       296, 126, 284, 454, 130, 290,  50,  47, 134, 256, 336, 180, 398,
       286, 117, 285, 344, 187, 301,  67, 476, 330, 220,  37,   9, 185,
       100, 356, 334, 209, 394, 263,  10, 332, 481, 194, 120, 301, 191])}, {'ts_index': 28, 'loc': 57, 'gap': 0.02056472121199198, 'distances': array([0.06508601, 0.10319358, 0.08063111, 0.09756289, 0.11629257,
       0.09826813, 0.07534395, 0.07493647, 0.09600876, 0.04420317,
       0.12423487, 0.        , 0.05489115, 0.07237688, 0.07583249,
       0.06858219, 0.11368119, 0.10381502, 0.10022532, 0.0877925 ,
       0.08885178, 0.11780956, 0.06809251, 0.05413566, 0.12593404,
       0.10524893, 0.08699838, 0.11200683, 0.03580649, 0.09183876,
       0.11157281, 0.10858108, 0.10941286, 0.10996331, 0.11777774,
       0.07130658, 0.05663124, 0.0958119 , 0.12039728, 0.09808737,
       0.08825215, 0.0593807 , 0.12060605, 0.09938112, 0.05664158,
       0.08989717, 0.11644562, 0.08201913, 0.11118691, 0.04044832,
       0.12553333, 0.05725391, 0.04996962, 0.08501868, 0.10486731,
       0.09712851, 0.05730883, 0.0417416 , 0.07737574, 0.11247748,
       0.09576243, 0.12158579, 0.0933194 , 0.13132935, 0.09558116,
       0.081566  , 0.12782908, 0.0487834 , 0.10326714, 0.040449  ,
       0.07978613, 0.13545035, 0.05254838, 0.10657893, 0.10455466,
       0.10145327, 0.07208832, 0.09252853, 0.10090864, 0.06633256,
       0.05190068, 0.11359199, 0.10197994, 0.08625924, 0.10342384]), 'delta_distances': array([0., 0., 0., 0., 0., 0., 0., 0., 0., 0., 0., 0., 0., 0., 0., 0., 0.,
       0., 0., 0., 0., 0., 0., 0., 0., 0., 0., 0., 0., 0., 0., 0., 0., 0.,
       0., 0., 0., 0., 0., 0., 0., 0., 0., 0., 0., 0., 0., 0., 0., 0., 0.,
       0., 0., 0., 0., 0., 0., 0., 0., 0., 0., 0., 0., 0., 0., 0., 0., 0.,
       0., 0., 0., 0., 0., 0., 0., 0., 0., 0., 0., 0., 0., 0., 0., 0., 0.]), 'locations': array([421, 266, 247, 448,  53, 111, 221, 437, 144,  23, 424,  57, 474,
       236, 304, 402, 187, 193, 139, 198, 424, 222,  42, 123, 224, 227,
       321,   6,   7, 339, 364,  67, 363, 171, 396,  15, 127, 150, 250,
       273, 425, 315,  20,  97, 138, 398, 191, 382,  52,  27, 178, 437,
       471, 104,  85,  99,  16,  60, 319, 196, 425,  37,  55, 227, 462,
       261, 120, 396, 152, 294, 367, 441, 158, 108, 109,  12, 263, 415,
       333, 263, 286, 267, 481, 108, 465])}, {'ts_index': 193, 'loc': 251, 'gap': 0.027586800815573062, 'distances': array([0.10245482, 0.0988139 , 0.11903238, 0.06855145, 0.12045204,
       0.10293495, 0.09609701, 0.12189894, 0.10514796, 0.10290482,
       0.09529786, 0.05679383, 0.01862561, 0.09513288, 0.12614602,
       0.12750967, 0.04635956, 0.06201455, 0.11047705, 0.09597201,
       0.11014379, 0.04172569, 0.11408466, 0.08720571, 0.04709749,
       0.07344505, 0.0352581 , 0.02260352, 0.10331477, 0.0974834 ,
       0.10784679, 0.11075422, 0.11975805, 0.12314873, 0.12888804,
       0.10646579, 0.10671823, 0.03675026, 0.10368257, 0.08730079,
       0.08690118, 0.07026293, 0.06619558, 0.09877622, 0.11018404,
       0.06595715, 0.07739563, 0.09344802, 0.10831563, 0.10509652,
       0.12127056, 0.1287165 , 0.05954355, 0.09245998, 0.0962509 ,
       0.1058011 , 0.12014889, 0.03584874, 0.11351474, 0.10576755,
       0.08938802, 0.11630461, 0.06116094, 0.09391906, 0.        ,
       0.09004514, 0.07346517, 0.10336778]), 'delta_distances': array([0., 0., 0., 0., 0., 0., 0., 0., 0., 0., 0., 0., 0., 0., 0., 0., 0.,
       0., 0., 0., 0., 0., 0., 0., 0., 0., 0., 0., 0., 0., 0., 0., 0., 0.,
       0., 0., 0., 0., 0., 0., 0., 0., 0., 0., 0., 0., 0., 0., 0., 0., 0.,
       0., 0., 0., 0., 0., 0., 0., 0., 0., 0., 0., 0., 0., 0., 0., 0., 0.]), 'locations': array([206,  61, 238, 479, 240, 173, 436, 398,  13, 359, 266, 438, 186,
       447, 396, 213,  47, 377, 354, 483, 197,   1, 148, 239,  80, 390,
       186, 326, 111, 450,   4, 291, 132, 282, 107, 383, 293,  53, 244,
       279,  66, 374, 219, 111, 342, 437, 425, 290, 253, 466, 305, 343,
       239, 309, 406, 406, 436, 453, 432, 325, 384, 306,  37, 225, 251,
       392, 381, 376])}, {'ts_index': 152, 'loc': 428, 'gap': 0.02461870867472797, 'distances': array([0.07625458, 0.07500619, 0.03926538, 0.07076296, 0.09274862,
       0.11036375, 0.03332304, 0.08532194, 0.04156313, 0.11112676,
       0.10743013, 0.090976  , 0.09639287, 0.11097896, 0.10515043,
       0.0986499 , 0.10695884, 0.07382676, 0.08846649, 0.1052383 ,
       0.09700447, 0.11420524, 0.08775049, 0.03995036, 0.07805236,
       0.03462853, 0.09638146, 0.04978303, 0.07433336, 0.05536944,
       0.10835514, 0.09377808, 0.08377273, 0.06275187, 0.08279657,
       0.09103651, 0.04706731, 0.09311594, 0.05190076, 0.10909473,
       0.09471892, 0.        , 0.11364472, 0.09490711, 0.07625842,
       0.09604941, 0.06903795, 0.09531066, 0.10339454, 0.07707825,
       0.09117668, 0.10933735, 0.02700778, 0.0570097 , 0.04638588]), 'delta_distances': array([0., 0., 0., 0., 0., 0., 0., 0., 0., 0., 0., 0., 0., 0., 0., 0., 0.,
       0., 0., 0., 0., 0., 0., 0., 0., 0., 0., 0., 0., 0., 0., 0., 0., 0.,
       0., 0., 0., 0., 0., 0., 0., 0., 0., 0., 0., 0., 0., 0., 0., 0., 0.,
       0., 0., 0., 0.]), 'locations': array([ 83, 208, 102, 313, 392, 119, 479, 461, 420,   8, 205, 217, 296,
       421, 424, 232, 146, 137, 174, 476, 153, 388,  80, 422,  58, 413,
       321, 459, 196, 247, 234, 119, 129, 430, 432, 334, 361,  35, 362,
       316, 111, 428, 253, 353,  84,  52,  96, 381, 474, 415,  91, 133,
       206, 356, 131])}, {'ts_index': 96, 'loc': 254, 'gap': 0.022965161888445107, 'distances': array([0.07138115, 0.13028289, 0.11821868, 0.1258692 , 0.06243182,
       0.07985549, 0.12349705, 0.12618334, 0.11511616, 0.11098012,
       0.07931848, 0.06873967, 0.07282037, 0.08785064, 0.08421382,
       0.08445616, 0.1257972 , 0.12095657, 0.08791333, 0.05636771,
       0.        , 0.1031927 , 0.07180881, 0.11582782, 0.07999744,
       0.0617626 , 0.07536107, 0.07283518, 0.12548759, 0.07100549,
       0.07897421, 0.12483606, 0.08499793, 0.113086  , 0.07719727,
       0.12362687, 0.0984058 , 0.11851529, 0.08036095, 0.06911535,
       0.12802685, 0.06366147, 0.09205834, 0.11611094]), 'delta_distances': array([0., 0., 0., 0., 0., 0., 0., 0., 0., 0., 0., 0., 0., 0., 0., 0., 0.,
       0., 0., 0., 0., 0., 0., 0., 0., 0., 0., 0., 0., 0., 0., 0., 0., 0.,
       0., 0., 0., 0., 0., 0., 0., 0., 0., 0.]), 'locations': array([216, 223,  87, 356, 147, 413, 479, 319, 204, 314, 196, 311,  17,
       410,  91, 304, 106, 433, 126, 172, 254, 266, 130, 395, 292, 303,
       371,  47, 208, 299, 352,  99, 431, 136, 125, 304, 467, 254, 273,
       158,  74,  73, 250,  42])}, {'ts_index': 38, 'loc': 441, 'gap': 0.022326964295706603, 'distances': array([0.07876256, 0.13827662, 0.10362965, 0.08272046, 0.12535473,
       0.        , 0.12360352, 0.06582855, 0.12718574, 0.12140902,
       0.08835516, 0.11657458, 0.12589905, 0.06391905, 0.10787026,
       0.11126441, 0.04944963]), 'delta_distances': array([0., 0., 0., 0., 0., 0., 0., 0., 0., 0., 0., 0., 0., 0., 0., 0., 0.]), 'locations': array([145, 148,  13, 372, 256, 441, 198, 103,  50, 196, 274,  76, 189,
        57, 132, 477, 383])}, {'ts_index': 172, 'loc': 158, 'gap': 0.016559536098547614, 'distances': array([0.06772057, 0.12148269, 0.10575081, 0.09620107, 0.10840393,
       0.09897587, 0.1197891 , 0.0974971 , 0.10816481, 0.07526678,
       0.11844963, 0.        , 0.06574677]), 'delta_distances': array([0., 0., 0., 0., 0., 0., 0., 0., 0., 0., 0., 0., 0.]), 'locations': array([154, 219,  84, 246,  19, 206, 481,  66,  91, 240, 323, 158, 354])}, {'ts_index': 32, 'loc': 357, 'gap': 0.026519083321482687, 'distances': array([0.05306206, 0.10229642, 0.10807284, 0.        , 0.09528736,
       0.12277608, 0.10901109, 0.11084988, 0.07347616]), 'delta_distances': array([0., 0., 0., 0., 0., 0., 0., 0., 0.]), 'locations': array([106, 121, 400, 357, 160,   5, 380, 416, 278])}, {'ts_index': 113, 'loc': 94, 'gap': 0.02754036048462058, 'distances': array([0.12204881, 0.12081201, 0.12374624, 0.09062229, 0.        ,
       0.07235933]), 'delta_distances': array([0., 0., 0., 0., 0., 0.]), 'locations': array([ 85,  61, 264, 294,  94, 316])}], 'clusters': array([ 2,  8, 10,  3,  7, 11,  2,  1,  0,  3,  2,  8,  7,  1,  4,  1,  1,
        4,  2,  8,  4,  2,  7,  5,  0,  2,  1,  1,  5,  2,  2,  5, 11,  3,
        6,  1,  6,  3,  9,  3,  3,  1,  2,  0,  1,  8,  6,  3,  1,  3,  6,
        8,  4,  8,  3,  2,  2,  4,  5,  8,  4,  3,  2,  6,  4,  8,  4,  3,
        1,  8,  1,  5,  6,  2,  3,  9,  6,  2,  6, 12,  1,  3,  8,  1,  3,
        8,  1,  5,  2,  4,  1,  2,  2,  1,  1,  7,  8,  7,  8,  2,  5,  1,
        1,  2,  7,  4,  2,  3,  2,  8,  1,  5,  6, 12,  1,  8,  4,  4,  2,
        1,  2,  8,  5,  8,  5,  3,  2,  2,  5,  2,  1,  3,  8, 12,  8,  5,
        3,  5,  1,  7,  2,  1,  2,  4,  4,  8,  3,  7, 10,  3,  8,  2,  7,
        4,  1, 11,  1,  1,  1,  6,  8,  5,  3,  9,  2,  5,  2,  2,  2,  1,
        1,  8, 10,  5,  6,  4,  8,  8, 10,  4,  8,  6,  3,  1,  2,  2,  8,
        2,  1,  2,  4,  5,  4,  6,  7,  3,  1,  9,  7,  2]), 'time': 33923.01617884636}
