lenSubsequence: 10{'RI': 0.8743718592964824, 'num_clusters': 3, 'uShapelets': [{'ts_index': 107, 'loc': 50, 'gap': 0.4871701814095925, 'distances': array([0.74369494, 0.07258719, 0.72561498, 0.58202398, 0.06357421,
       0.72616631, 0.5914733 , 0.57117822, 0.59201393, 0.80232975,
       0.72740788, 0.5896368 , 0.72870442, 0.72657   , 0.71280065,
       0.80605197, 0.63926111, 0.73440178, 0.06587739, 0.04669872,
       0.71999201, 0.79857155, 0.80010597, 0.11432891, 0.58423229,
       0.71218753, 0.7251361 , 0.79868029, 0.74001099, 0.79385274,
       0.72295442, 0.57383254, 0.60890618, 0.5971547 , 0.07262004,
       0.80237522, 0.7121637 , 0.06821019, 0.58858648, 0.79778848,
       0.73407237, 0.80790478, 0.61211015, 0.57365742, 0.7970002 ,
       0.58793493, 0.02916813, 0.79606619, 0.80086545, 0.73232018,
       0.57469704, 0.80099214, 0.59096546, 0.17808009, 0.71669554,
       0.06169951, 0.72388172, 0.09972808, 0.73573538, 0.73271817,
       0.74238578, 0.05506006, 0.72547855, 0.57950363, 0.80171928,
       0.05540884, 0.59081364, 0.16375063, 0.58961391, 0.03506679,
       0.04817396, 0.58456932, 0.73638421, 0.79159874, 0.03266741,
       0.57510782, 0.58649719, 0.79978468, 0.72641896, 0.59781588,
       0.61246259, 0.12564927, 0.80283881, 0.05916139, 0.56381469,
       0.59180925, 0.80881639, 0.06423714, 0.04301488, 0.05511316,
       0.70999805, 0.06496784, 0.04451225, 0.59270188, 0.71584202,
       0.73288041, 0.60141319, 0.5822871 , 0.72175983, 0.79734327,
       0.16538159, 0.59679929, 0.80076084, 0.72618827, 0.24696563,
       0.81062063, 0.79822149, 0.        , 0.16746591, 0.80304434,
       0.78792078, 0.79669168, 0.79303719, 0.72829483, 0.79986426,
       0.06072989, 0.73069167, 0.6005306 , 0.80065134, 0.81062423,
       0.81031155, 0.80186955, 0.71426151, 0.60009244, 0.02968434,
       0.58191159, 0.8073876 , 0.81000387, 0.57708414, 0.80169386,
       0.05880969, 0.15143854, 0.78470923, 0.81062614, 0.58143972,
       0.05965409, 0.13287125, 0.58873702, 0.05355502, 0.17792889,
       0.7199234 , 0.73422228, 0.74242799, 0.71698198, 0.73788664,
       0.02491706, 0.79491501, 0.79626796, 0.80629186, 0.61679437,
       0.80114793, 0.74218323, 0.55502431, 0.05187495, 0.80185456,
       0.60218227, 0.5917504 , 0.57781075, 0.61171321, 0.06324737,
       0.71859123, 0.60124902, 0.79637762, 0.72458947, 0.73152623,
       0.60531158, 0.6028174 , 0.03585945, 0.78208778, 0.80658378,
       0.5950514 , 0.70644698, 0.58836853, 0.03867984, 0.73820951,
       0.80025373, 0.03884173, 0.19708331, 0.7245846 , 0.73590751,
       0.13447438, 0.7261202 , 0.0730024 , 0.72829732, 0.73360008,
       0.72486855, 0.80129223, 0.04504309, 0.58970723, 0.0680308 ,
       0.79277222, 0.80978522, 0.78579338, 0.0604106 , 0.73357488,
       0.05777197, 0.59402272, 0.80215907, 0.06708905, 0.58525531]), 'delta_distances': array([0., 0., 0., 0., 0., 0., 0., 0., 0., 0., 0., 0., 0., 0., 0., 0., 0.,
       0., 0., 0., 0., 0., 0., 0., 0., 0., 0., 0., 0., 0., 0., 0., 0., 0.,
       0., 0., 0., 0., 0., 0., 0., 0., 0., 0., 0., 0., 0., 0., 0., 0., 0.,
       0., 0., 0., 0., 0., 0., 0., 0., 0., 0., 0., 0., 0., 0., 0., 0., 0.,
       0., 0., 0., 0., 0., 0., 0., 0., 0., 0., 0., 0., 0., 0., 0., 0., 0.,
       0., 0., 0., 0., 0., 0., 0., 0., 0., 0., 0., 0., 0., 0., 0., 0., 0.,
       0., 0., 0., 0., 0., 0., 0., 0., 0., 0., 0., 0., 0., 0., 0., 0., 0.,
       0., 0., 0., 0., 0., 0., 0., 0., 0., 0., 0., 0., 0., 0., 0., 0., 0.,
       0., 0., 0., 0., 0., 0., 0., 0., 0., 0., 0., 0., 0., 0., 0., 0., 0.,
       0., 0., 0., 0., 0., 0., 0., 0., 0., 0., 0., 0., 0., 0., 0., 0., 0.,
       0., 0., 0., 0., 0., 0., 0., 0., 0., 0., 0., 0., 0., 0., 0., 0., 0.,
       0., 0., 0., 0., 0., 0., 0., 0., 0., 0., 0., 0., 0.]), 'locations': array([210,  90, 159,  56,  80, 173,  73,  67,  60, 122, 189,  53, 158,
       183, 175, 150,  57, 206,  99,  91, 169, 128, 150,  77,  80, 152,
       185, 120, 176,  99, 174,  71,  73,  83,  60, 141, 149,  74, 109,
       120, 180, 142,  87,  65, 161,  73,  50,  87,  68, 178,  72, 108,
       113, 104, 147,  74, 164,  90, 198, 194, 221,  87, 175, 102, 141,
        64,  91,  89,  79,  59,  72,  61, 193,  91,  48, 114,  88, 125,
       178,  65,  78, 101, 173,  98,  89,  87, 187,  96,  83,  64, 163,
        54,  59,  88, 165, 201,  89,  94, 157, 115,  52, 103, 109, 174,
        63, 145, 142,  50, 116, 126, 122, 105,  97, 199,  88,  98, 198,
        91, 118, 100, 120, 126, 150,  52,  90, 100, 125, 111,  98, 116,
        94,  51, 111, 159,  74, 108,  60,  85,  49,  50, 158, 198, 205,
       173, 185,  85, 137,  95, 122,  48,  95, 198,  69,  61, 124,  69,
        50,  64,  69,  82, 200,  85, 121, 176, 200,  74,  92,  86, 115,
       110,  67, 184,  71,  55, 167, 121,  65,  82, 170, 204,  47, 185,
        95, 184, 197, 187, 122,  89, 103,  73,  95, 105, 114, 107, 161,
        93,  94, 183,  94,  72])}, {'ts_index': 137, 'loc': 85, 'gap': 0.3736533856660049, 'distances': array([0.45704113, 0.43637178, 0.04600424, 0.45057278, 0.0473056 ,
       0.05337883, 0.04020833, 0.4706314 , 0.47064456, 0.07071718,
       0.45481286, 0.47334405, 0.44241093, 0.52953008, 0.07453529,
       0.45283571, 0.46028998, 0.4984723 , 0.49310121, 0.0432702 ,
       0.42411896, 0.47394196, 0.49113348, 0.46053699, 0.50387798,
       0.45786103, 0.06026807, 0.10629102, 0.03996774, 0.46032178,
       0.412779  , 0.05332635, 0.47645963, 0.48638039, 0.4504118 ,
       0.0830932 , 0.09488208, 0.47527811, 0.09261425, 0.5066817 ,
       0.48880263, 0.48270917, 0.05495043, 0.50088803, 0.07549152,
       0.44407544, 0.45641544, 0.4778543 , 0.47794528, 0.43682974,
       0.4647534 , 0.05059012, 0.48374965, 0.03223445, 0.05681531,
       0.04477086, 0.49180145, 0.51876298, 0.05053207, 0.05510073,
       0.51327727, 0.46617583, 0.03752213, 0.06052619, 0.4964783 ,
       0.04551703, 0.0377959 , 0.5093635 , 0.46648377, 0.06922947,
       0.46262055, 0.47461258, 0.03547055, 0.08223618, 0.45035113,
       0.45930765, 0.03680149, 0.50101942, 0.46060661, 0.45749498,
       0.46963344, 0.46682936, 0.5179215 , 0.49202183, 0.51225518,
       0.47836475, 0.48556809, 0.46906103, 0.0327081 , 0.49703992,
       0.48172324, 0.47210723, 0.48780115, 0.43552484, 0.05077618,
       0.06881686, 0.49995734, 0.49782226, 0.0397477 , 0.46434593,
       0.50500649, 0.45474576, 0.05320197, 0.        , 0.45042703,
       0.46886979, 0.47953388, 0.47134646, 0.46467788, 0.49888811,
       0.51537834, 0.46777265, 0.0595692 , 0.48506905, 0.48226266,
       0.06654615, 0.5064276 , 0.01727223, 0.04972293, 0.09183551,
       0.042496  , 0.46416696, 0.11145622, 0.50810889, 0.46251261,
       0.47423542, 0.04440101, 0.12600921, 0.51070414, 0.50306057,
       0.02702388, 0.4838947 , 0.0397277 , 0.43811987, 0.4971492 ,
       0.46402854, 0.46058941, 0.48172539, 0.48564144, 0.48944576,
       0.46220512, 0.47674907, 0.03516191, 0.51207302, 0.48768932,
       0.50463003, 0.43123713, 0.06052859, 0.46177659, 0.05462673]), 'delta_distances': array([0., 0., 0., 0., 0., 0., 0., 0., 0., 0., 0., 0., 0., 0., 0., 0., 0.,
       0., 0., 0., 0., 0., 0., 0., 0., 0., 0., 0., 0., 0., 0., 0., 0., 0.,
       0., 0., 0., 0., 0., 0., 0., 0., 0., 0., 0., 0., 0., 0., 0., 0., 0.,
       0., 0., 0., 0., 0., 0., 0., 0., 0., 0., 0., 0., 0., 0., 0., 0., 0.,
       0., 0., 0., 0., 0., 0., 0., 0., 0., 0., 0., 0., 0., 0., 0., 0., 0.,
       0., 0., 0., 0., 0., 0., 0., 0., 0., 0., 0., 0., 0., 0., 0., 0., 0.,
       0., 0., 0., 0., 0., 0., 0., 0., 0., 0., 0., 0., 0., 0., 0., 0., 0.,
       0., 0., 0., 0., 0., 0., 0., 0., 0., 0., 0., 0., 0., 0., 0., 0., 0.,
       0., 0., 0., 0., 0., 0., 0., 0., 0., 0., 0., 0., 0., 0.]), 'locations': array([ 51, 161,  56, 176,  73,  67,  60,  12, 191,  53, 160, 184, 178,
        70,  57,  90, 172,  66,  81,  80, 154, 188,  72, 180,  68, 176,
        71,  72,  83,  64, 149, 109,  54,  83,  44,  87,  65,  26,  73,
        68,  53, 179,  72,  66, 114, 149, 166,  30, 196,  36, 177, 102,
        79,  91,  79,  61, 195,  65, 114,  88,  75, 180,  65,  78,  25,
        89,  87,  65, 164,  88, 167,   8,  89,  94, 160,  47, 103,  61,
       177,   4,  63,  21,  65,  68, 116, 202,  55,  13,  91,  74,  73,
        81,  40, 150,  52, 100,  68,  64,  98,  58,  58,  30,  74,  85,
       160,  84,  26, 176, 187,  72,  68,  37,  48,  61, 202,  69,  55,
        69,  50,  64,  69,  22,  84,  72, 178,  90,  74,  92,  71,  55,
        67, 186,  71, 171,  52, 173,  30, 188, 185,  13,  85,  57, 103,
        67,  83,  72, 165,  94,  22,  72])}], 'clusters': array([0, 1, 0, 2, 1, 0, 2, 2, 2, 0, 0, 2, 0, 0, 0, 0, 2, 0, 1, 1, 0, 0,
       0, 1, 2, 0, 0, 0, 0, 0, 0, 2, 2, 2, 1, 0, 0, 1, 2, 0, 0, 0, 2, 2,
       0, 2, 1, 0, 0, 0, 2, 0, 2, 1, 0, 1, 0, 1, 0, 0, 0, 1, 0, 2, 0, 1,
       2, 1, 2, 1, 1, 2, 0, 0, 1, 2, 2, 0, 0, 2, 2, 1, 0, 1, 2, 2, 0, 1,
       1, 1, 0, 1, 1, 2, 0, 0, 2, 2, 0, 0, 1, 2, 0, 0, 1, 0, 0, 1, 1, 0,
       0, 0, 0, 0, 0, 1, 0, 2, 0, 0, 0, 0, 0, 2, 1, 2, 0, 0, 2, 0, 1, 1,
       0, 0, 2, 1, 1, 2, 1, 1, 0, 0, 0, 0, 0, 1, 0, 0, 0, 2, 0, 0, 2, 1,
       0, 2, 2, 2, 2, 1, 0, 2, 0, 0, 0, 2, 2, 1, 0, 0, 2, 0, 2, 1, 0, 0,
       1, 1, 0, 0, 1, 0, 1, 0, 0, 0, 0, 1, 2, 1, 0, 0, 0, 1, 0, 1, 2, 0,
       1, 2]), 'time': 463.06259536743164}
lenSubsequence: 11{'RI': 0.8743718592964824, 'num_clusters': 3, 'uShapelets': [{'ts_index': 145, 'loc': 85, 'gap': 0.4526667955554824, 'distances': array([0.71556758, 0.06626026, 0.68807792, 0.53666448, 0.06283982,
       0.6897066 , 0.54324456, 0.52649395, 0.54504269, 0.77305041,
       0.69613002, 0.54191225, 0.69428448, 0.69369095, 0.67681376,
       0.77382742, 0.58927611, 0.70797482, 0.06187771, 0.04497869,
       0.68790336, 0.76462088, 0.76693453, 0.11404298, 0.53760787,
       0.67418507, 0.69321426, 0.76763595, 0.7058889 , 0.76193668,
       0.68933326, 0.52868475, 0.5606905 , 0.54996594, 0.07474773,
       0.77221786, 0.67843633, 0.06769029, 0.54202004, 0.77264745,
       0.70433051, 0.78401608, 0.56296144, 0.52722294, 0.7713386 ,
       0.54130527, 0.02896564, 0.7660941 , 0.76932527, 0.70039312,
       0.52923035, 0.7650314 , 0.54571475, 0.15916557, 0.68126858,
       0.06358933, 0.68981519, 0.08896921, 0.70621456, 0.70120092,
       0.71383903, 0.0497869 , 0.69248203, 0.53379294, 0.77209718,
       0.04836184, 0.54465569, 0.14511258, 0.54335241, 0.03675696,
       0.04249618, 0.53832187, 0.70439168, 0.75615652, 0.0399388 ,
       0.52958545, 0.53974181, 0.77615689, 0.69329756, 0.55023229,
       0.56438144, 0.11766004, 0.77488706, 0.0523105 , 0.51942528,
       0.54531016, 0.77057612, 0.06566878, 0.04594103, 0.0654832 ,
       0.68163097, 0.06283311, 0.04767174, 0.54605776, 0.68279215,
       0.70395419, 0.55381193, 0.53694853, 0.68665242, 0.7720697 ,
       0.147958  , 0.54894072, 0.7660314 , 0.69199479, 0.21881916,
       0.78428227, 0.77053693, 0.02752459, 0.16447075, 0.77658178,
       0.75771176, 0.76627238, 0.76091263, 0.69656091, 0.75990726,
       0.05532855, 0.70065866, 0.55270001, 0.76951438, 0.77906843,
       0.78249893, 0.7729042 , 0.67753882, 0.55170636, 0.03756504,
       0.53627945, 0.77410132, 0.77960312, 0.53201298, 0.77471347,
       0.05786655, 0.13462025, 0.75830413, 0.78417008, 0.53575964,
       0.0609059 , 0.12603322, 0.54230033, 0.05668224, 0.16035709,
       0.68476724, 0.70514944, 0.71103836, 0.68365316, 0.70268894,
       0.        , 0.76501416, 0.76416498, 0.77510174, 0.56859736,
       0.76579329, 0.70889307, 0.51126115, 0.04687895, 0.76876812,
       0.55492215, 0.54454303, 0.53299413, 0.56303028, 0.05153872,
       0.69097519, 0.55369009, 0.76556257, 0.69011165, 0.70254915,
       0.55719725, 0.55405917, 0.04095351, 0.75240926, 0.77218313,
       0.55059597, 0.67855917, 0.54159471, 0.0338453 , 0.69990705,
       0.77195418, 0.04821688, 0.19053786, 0.68944562, 0.70613259,
       0.12542401, 0.69573182, 0.07689969, 0.69805409, 0.70432878,
       0.69584573, 0.77530134, 0.05060061, 0.54256976, 0.06229946,
       0.76640518, 0.77888603, 0.75786423, 0.06449954, 0.69568645,
       0.06584756, 0.54687142, 0.7787682 , 0.06649371, 0.53935653]), 'delta_distances': array([0., 0., 0., 0., 0., 0., 0., 0., 0., 0., 0., 0., 0., 0., 0., 0., 0.,
       0., 0., 0., 0., 0., 0., 0., 0., 0., 0., 0., 0., 0., 0., 0., 0., 0.,
       0., 0., 0., 0., 0., 0., 0., 0., 0., 0., 0., 0., 0., 0., 0., 0., 0.,
       0., 0., 0., 0., 0., 0., 0., 0., 0., 0., 0., 0., 0., 0., 0., 0., 0.,
       0., 0., 0., 0., 0., 0., 0., 0., 0., 0., 0., 0., 0., 0., 0., 0., 0.,
       0., 0., 0., 0., 0., 0., 0., 0., 0., 0., 0., 0., 0., 0., 0., 0., 0.,
       0., 0., 0., 0., 0., 0., 0., 0., 0., 0., 0., 0., 0., 0., 0., 0., 0.,
       0., 0., 0., 0., 0., 0., 0., 0., 0., 0., 0., 0., 0., 0., 0., 0., 0.,
       0., 0., 0., 0., 0., 0., 0., 0., 0., 0., 0., 0., 0., 0., 0., 0., 0.,
       0., 0., 0., 0., 0., 0., 0., 0., 0., 0., 0., 0., 0., 0., 0., 0., 0.,
       0., 0., 0., 0., 0., 0., 0., 0., 0., 0., 0., 0., 0., 0., 0., 0., 0.,
       0., 0., 0., 0., 0., 0., 0., 0., 0., 0., 0., 0., 0.]), 'locations': array([211,  90, 159,  56,  80, 173,  73,  67,  60, 122, 189,  53, 159,
       182, 175, 137,  57, 206,  99,  91, 169, 128, 117,  77,  80, 152,
       185, 119, 176,  99, 174,  71,  73,  83,  60, 140, 148,  74, 109,
       120, 180, 163,  87,  65, 160,  73,  50,  87,  67, 177,  72,  67,
       114, 104, 146,  74, 164,  90, 198, 194, 221,  87, 175, 102, 141,
        64,  91,  89,  79,  59,  72,  61, 192,  91,  48, 114,  88, 168,
       178,  65,  78, 101, 173,  98,  89,  87, 141,  96,  83,  64, 163,
        54,  59,  88, 165, 200,  89,  94, 158, 116,  52, 103, 124, 174,
        63, 144, 142,  50, 116, 125, 122, 104, 136, 199,  89,  98, 198,
        91, 118, 156, 121, 125, 149,  52,  90, 100, 125, 169,  98, 116,
        94,  51, 110, 159,  74, 108,  60,  85,  49,  50, 158, 197, 206,
       173, 185,  85, 137,  94, 122,  48,  96, 199,  69,  61, 123,  69,
        50,  64,  69,  82, 200,  85, 121, 176, 200,  74,  92,  86, 114,
       110,  67, 184,  71,  55, 168, 121,  65,  82, 170, 204,  47, 185,
        95, 184, 198, 186, 123,  89, 103,  73,  96, 105, 114, 107, 161,
        93,  94, 183,  94,  72])}, {'ts_index': 137, 'loc': 85, 'gap': 0.3616526234560532, 'distances': array([0.42180896, 0.44796652, 0.0419295 , 0.46480716, 0.0450336 ,
       0.04925721, 0.03702758, 0.43360888, 0.47489253, 0.06461155,
       0.46514736, 0.47644   , 0.45662817, 0.48926093, 0.06882965,
       0.42728336, 0.47171565, 0.46027126, 0.46186649, 0.03997055,
       0.43658799, 0.47110914, 0.4730256 , 0.4735208 , 0.51017179,
       0.46802723, 0.05942097, 0.09694396, 0.03756724, 0.42673249,
       0.42625436, 0.04883731, 0.44359712, 0.44952849, 0.41740006,
       0.07576301, 0.08633693, 0.43563834, 0.08519249, 0.50135396,
       0.49566063, 0.46582413, 0.05291651, 0.51214419, 0.07123451,
       0.4552284 , 0.46635982, 0.44163575, 0.46838515, 0.40549557,
       0.4703155 , 0.04764755, 0.46455825, 0.02977464, 0.05177183,
       0.04162594, 0.45933527, 0.50963286, 0.05791794, 0.05208528,
       0.48275295, 0.47634511, 0.03422724, 0.05586125, 0.45639037,
       0.04632093, 0.03596854, 0.51116112, 0.47883836, 0.06297061,
       0.47349785, 0.4357186 , 0.03231968, 0.07750788, 0.46325831,
       0.42223471, 0.03533313, 0.48887955, 0.47262906, 0.4224532 ,
       0.43400706, 0.43066918, 0.49968757, 0.48675933, 0.50986616,
       0.45811665, 0.47494951, 0.43092905, 0.03106684, 0.49120134,
       0.47572692, 0.43843023, 0.44734538, 0.45084469, 0.04616455,
       0.07781399, 0.48449896, 0.45854643, 0.03962938, 0.42654331,
       0.51155311, 0.42007251, 0.04837987, 0.        , 0.4671801 ,
       0.44221507, 0.4411556 , 0.4765637 , 0.47768175, 0.47208443,
       0.48540022, 0.43032327, 0.05443701, 0.49427411, 0.46471492,
       0.0640377 , 0.50765632, 0.01837578, 0.04576964, 0.08351078,
       0.03927809, 0.42802577, 0.10140276, 0.48174386, 0.4749235 ,
       0.44153867, 0.04040968, 0.11456425, 0.50940825, 0.49117449,
       0.04157936, 0.4629591 , 0.03946481, 0.45013452, 0.45643731,
       0.47447008, 0.42454352, 0.44248624, 0.45805594, 0.44951658,
       0.42771714, 0.4381501 , 0.03207391, 0.48718581, 0.45853224,
       0.47558109, 0.44189295, 0.05577189, 0.4261003 , 0.04970857]), 'delta_distances': array([0., 0., 0., 0., 0., 0., 0., 0., 0., 0., 0., 0., 0., 0., 0., 0., 0.,
       0., 0., 0., 0., 0., 0., 0., 0., 0., 0., 0., 0., 0., 0., 0., 0., 0.,
       0., 0., 0., 0., 0., 0., 0., 0., 0., 0., 0., 0., 0., 0., 0., 0., 0.,
       0., 0., 0., 0., 0., 0., 0., 0., 0., 0., 0., 0., 0., 0., 0., 0., 0.,
       0., 0., 0., 0., 0., 0., 0., 0., 0., 0., 0., 0., 0., 0., 0., 0., 0.,
       0., 0., 0., 0., 0., 0., 0., 0., 0., 0., 0., 0., 0., 0., 0., 0., 0.,
       0., 0., 0., 0., 0., 0., 0., 0., 0., 0., 0., 0., 0., 0., 0., 0., 0.,
       0., 0., 0., 0., 0., 0., 0., 0., 0., 0., 0., 0., 0., 0., 0., 0., 0.,
       0., 0., 0., 0., 0., 0., 0., 0., 0., 0., 0., 0., 0., 0.]), 'locations': array([ 51, 161,  56, 175,  73,  67,  60,  12,  48,  53, 160,  41, 177,
        21,  57,  90, 171,   9,   5,  80, 154,  65,  70, 179,  67, 176,
        71,  72,  83,  64, 149, 109,  54,  52,  44,  87,  65,  26,  73,
        63,  52,  12,  72, 153, 114, 148, 166,  30,  59,  36,  61, 102,
        34,  91,  79,  61,  62,  61, 114,  88,  30, 179,  65,  78,  23,
        89,  87,  51, 164,  88, 167,   8,  89,  94, 159,  46, 103,  49,
       177,   6,  62,  20,  56,  68,  54,  73,  55,  13,  91,  54,  72,
        81,  39, 150,  52, 100,  61,  64,  98,  58,  59,  30,  74,  85,
       160,  82,  26,  48, 187,   8,  55,  38,  48,  61,  24,  69,  54,
        69,  50,  64,  69,  20,  84,  51, 178,   5,  74,  92,  53,  52,
        67,  22,  71, 171,  52, 172,  30,   3,  69,  14,  62,  58, 103,
        59,  67,   1, 165,  94,  59,  72])}], 'clusters': array([0, 1, 0, 2, 1, 0, 2, 2, 2, 0, 0, 2, 0, 0, 0, 0, 2, 0, 1, 1, 0, 0,
       0, 1, 2, 0, 0, 0, 0, 0, 0, 2, 2, 2, 1, 0, 0, 1, 2, 0, 0, 0, 2, 2,
       0, 2, 1, 0, 0, 0, 2, 0, 2, 1, 0, 1, 0, 1, 0, 0, 0, 1, 0, 2, 0, 1,
       2, 1, 2, 1, 1, 2, 0, 0, 1, 2, 2, 0, 0, 2, 2, 1, 0, 1, 2, 2, 0, 1,
       1, 1, 0, 1, 1, 2, 0, 0, 2, 2, 0, 0, 1, 2, 0, 0, 1, 0, 0, 1, 1, 0,
       0, 0, 0, 0, 0, 1, 0, 2, 0, 0, 0, 0, 0, 2, 1, 2, 0, 0, 2, 0, 1, 1,
       0, 0, 2, 1, 1, 2, 1, 1, 0, 0, 0, 0, 0, 1, 0, 0, 0, 2, 0, 0, 2, 1,
       0, 2, 2, 2, 2, 1, 0, 2, 0, 0, 0, 2, 2, 1, 0, 0, 2, 0, 2, 1, 0, 0,
       1, 1, 0, 0, 1, 0, 1, 0, 0, 0, 0, 1, 2, 1, 0, 0, 0, 1, 0, 1, 2, 0,
       1, 2]), 'time': 458.4367558956146}
lenSubsequence: 12{'RI': 0.8743718592964824, 'num_clusters': 3, 'uShapelets': [{'ts_index': 145, 'loc': 85, 'gap': 0.4193634646660482, 'distances': array([0.68292383, 0.06156986, 0.64956378, 0.49195317, 0.0583544 ,
       0.65370289, 0.49874678, 0.48277701, 0.49982564, 0.74430729,
       0.66192561, 0.49699726, 0.65735387, 0.66030448, 0.64062879,
       0.74010856, 0.5409432 , 0.67737683, 0.0570204 , 0.0412548 ,
       0.6541221 , 0.73404674, 0.7355555 , 0.10533436, 0.49296361,
       0.63664055, 0.65912541, 0.73160639, 0.666573  , 0.72905834,
       0.65446567, 0.48463084, 0.51453413, 0.50440267, 0.07340479,
       0.74196153, 0.64300707, 0.06227114, 0.49722126, 0.74107543,
       0.67030311, 0.75352851, 0.51607555, 0.48363216, 0.7424501 ,
       0.4962028 , 0.02756822, 0.73093552, 0.73152798, 0.66617848,
       0.48520523, 0.72537665, 0.50024963, 0.14597374, 0.6457349 ,
       0.05859821, 0.65321002, 0.08155515, 0.67313506, 0.66763038,
       0.68454263, 0.04625015, 0.6573808 , 0.48940732, 0.73996241,
       0.04452707, 0.50035163, 0.13312343, 0.49824705, 0.03582325,
       0.0394142 , 0.49368461, 0.67049167, 0.7246445 , 0.03820349,
       0.48558367, 0.49490482, 0.74249714, 0.65923113, 0.50501123,
       0.51750674, 0.10785619, 0.74384953, 0.04874309, 0.47620987,
       0.50050078, 0.73604416, 0.06950659, 0.04296187, 0.06030104,
       0.65128687, 0.05763469, 0.04417987, 0.50086462, 0.64854721,
       0.67153996, 0.50769164, 0.49220367, 0.64910006, 0.73728804,
       0.13588394, 0.50360969, 0.73125129, 0.65598583, 0.20358634,
       0.75515408, 0.7370251 , 0.02627499, 0.15172027, 0.74436106,
       0.72196624, 0.72962091, 0.72512605, 0.66243731, 0.72452962,
       0.05131919, 0.66849881, 0.50667244, 0.73490942, 0.74440189,
       0.74934813, 0.73952204, 0.64596656, 0.50607521, 0.03583411,
       0.49159673, 0.73873042, 0.74490206, 0.48781611, 0.74352088,
       0.05335507, 0.12412911, 0.72264358, 0.75591694, 0.49111743,
       0.05583439, 0.11588048, 0.49758059, 0.05218304, 0.14699409,
       0.65046915, 0.67298582, 0.67596288, 0.64979109, 0.66570071,
       0.        , 0.73665041, 0.73057161, 0.74239944, 0.52141129,
       0.72824091, 0.67301986, 0.46890411, 0.04343658, 0.73351775,
       0.50918712, 0.50064697, 0.48860891, 0.51663077, 0.04725823,
       0.66310024, 0.5086372 , 0.73282417, 0.65401967, 0.67166945,
       0.51126685, 0.50811647, 0.04415731, 0.72094577, 0.7352534 ,
       0.50510579, 0.64816256, 0.4965543 , 0.03305877, 0.65962592,
       0.74010091, 0.04419912, 0.17483903, 0.65458682, 0.67422336,
       0.11497711, 0.66152735, 0.07102215, 0.66570061, 0.67061426,
       0.6688536 , 0.74431115, 0.04684875, 0.49865079, 0.05771265,
       0.73202359, 0.74464128, 0.7255865 , 0.06093667, 0.65631854,
       0.06036722, 0.50135123, 0.74924485, 0.06120775, 0.49450142]), 'delta_distances': array([0., 0., 0., 0., 0., 0., 0., 0., 0., 0., 0., 0., 0., 0., 0., 0., 0.,
       0., 0., 0., 0., 0., 0., 0., 0., 0., 0., 0., 0., 0., 0., 0., 0., 0.,
       0., 0., 0., 0., 0., 0., 0., 0., 0., 0., 0., 0., 0., 0., 0., 0., 0.,
       0., 0., 0., 0., 0., 0., 0., 0., 0., 0., 0., 0., 0., 0., 0., 0., 0.,
       0., 0., 0., 0., 0., 0., 0., 0., 0., 0., 0., 0., 0., 0., 0., 0., 0.,
       0., 0., 0., 0., 0., 0., 0., 0., 0., 0., 0., 0., 0., 0., 0., 0., 0.,
       0., 0., 0., 0., 0., 0., 0., 0., 0., 0., 0., 0., 0., 0., 0., 0., 0.,
       0., 0., 0., 0., 0., 0., 0., 0., 0., 0., 0., 0., 0., 0., 0., 0., 0.,
       0., 0., 0., 0., 0., 0., 0., 0., 0., 0., 0., 0., 0., 0., 0., 0., 0.,
       0., 0., 0., 0., 0., 0., 0., 0., 0., 0., 0., 0., 0., 0., 0., 0., 0.,
       0., 0., 0., 0., 0., 0., 0., 0., 0., 0., 0., 0., 0., 0., 0., 0., 0.,
       0., 0., 0., 0., 0., 0., 0., 0., 0., 0., 0., 0., 0.]), 'locations': array([211,  90, 159,  56,  80, 173,  73,  67,  60, 121, 188,  53, 158,
       182, 175, 104,  57, 206,  99,  91, 169, 128, 117,  77,  80, 152,
       185, 118, 176,  98, 174,  71,  73,  83,  60, 140, 147,  74, 109,
       120, 180, 163,  87,  65, 161,  73,  50,  87,  69, 177,  72,  67,
       114, 104, 146,  74, 164,  90, 197, 194, 220,  87, 174, 102, 140,
        64,  91,  89,  79,  59,  72,  61, 192,  91,  48, 114,  88, 126,
       177,  65,  78, 101, 173,  98,  89,  87, 141,  96,  83,  64, 163,
        54,  59,  88, 165, 200,  89,  94, 157, 116,  52, 103, 124, 174,
        63, 164, 142,  50, 116, 126, 122, 105, 135, 199,  88,  98, 198,
        91, 106, 100, 121, 121, 149,  52,  90, 100, 126, 145,  98, 114,
        94,  51, 111, 145,  74, 108,  60,  85,  49,  50, 158, 197, 205,
       173, 185,  85, 136,  94, 122,  48,  95, 198,  69,  61, 113,  69,
        50,  64,  69,  82, 200,  85, 121, 176, 199,  74,  92,  86, 114,
       110,  67, 184,  71,  55, 167, 121,  65,  82, 170, 204,  47, 185,
        95, 183, 197, 186, 123,  89, 103,  73,  96, 140, 114, 107, 161,
        93,  94, 183,  94,  72])}, {'ts_index': 137, 'loc': 84, 'gap': 0.35241432850299576, 'distances': array([0.41976567, 0.41078106, 0.03955236, 0.42725456, 0.04164558,
       0.04515521, 0.03943851, 0.43320315, 0.44174259, 0.05930319,
       0.42773851, 0.44568813, 0.4204329 , 0.49185106, 0.06316914,
       0.42459284, 0.43333874, 0.46337535, 0.46365999, 0.03837715,
       0.40196651, 0.44646122, 0.46728074, 0.43444423, 0.47943078,
       0.42998718, 0.05477188, 0.08887796, 0.0344996 , 0.42756124,
       0.39087646, 0.0464133 , 0.44163677, 0.45112915, 0.41172327,
       0.07064037, 0.08032776, 0.43449253, 0.0781109 , 0.48036562,
       0.46336539, 0.45975285, 0.05173886, 0.46977019, 0.08662202,
       0.4184862 , 0.42822202, 0.44351286, 0.4491202 , 0.40356589,
       0.43742042, 0.04538485, 0.46307838, 0.0274154 , 0.04779463,
       0.04584727, 0.45726886, 0.49186462, 0.05709379, 0.04827971,
       0.48148951, 0.43766198, 0.03175787, 0.05161705, 0.45144475,
       0.04262612, 0.0329839 , 0.47884571, 0.44020535, 0.05902595,
       0.43604303, 0.43450248, 0.0296306 , 0.07119125, 0.42597934,
       0.42317416, 0.03357165, 0.47242619, 0.43390295, 0.41925575,
       0.4303803 , 0.42890507, 0.49295434, 0.4674481 , 0.47907698,
       0.44962332, 0.46657373, 0.43077762, 0.03052856, 0.46598675,
       0.4626199 , 0.43253061, 0.44860706, 0.41393718, 0.04572981,
       0.07423995, 0.4751089 , 0.45990612, 0.03711001, 0.42949979,
       0.47912302, 0.41733686, 0.04465788, 0.        , 0.42966275,
       0.43614782, 0.43989434, 0.44453213, 0.43862167, 0.47328938,
       0.48503799, 0.42630843, 0.0500413 , 0.47192299, 0.45252736,
       0.05870175, 0.47929265, 0.01709512, 0.04235908, 0.0779127 ,
       0.03660184, 0.42223338, 0.09388043, 0.48287297, 0.43686007,
       0.43751621, 0.03776113, 0.10504503, 0.47758255, 0.48012937,
       0.04120865, 0.45792747, 0.03719972, 0.41262944, 0.45312953,
       0.43607012, 0.41606115, 0.4438634 , 0.46063415, 0.44699331,
       0.42878005, 0.43290249, 0.0297187 , 0.48302375, 0.45542476,
       0.47148974, 0.40507787, 0.05145595, 0.42202933, 0.04666853]), 'delta_distances': array([0., 0., 0., 0., 0., 0., 0., 0., 0., 0., 0., 0., 0., 0., 0., 0., 0.,
       0., 0., 0., 0., 0., 0., 0., 0., 0., 0., 0., 0., 0., 0., 0., 0., 0.,
       0., 0., 0., 0., 0., 0., 0., 0., 0., 0., 0., 0., 0., 0., 0., 0., 0.,
       0., 0., 0., 0., 0., 0., 0., 0., 0., 0., 0., 0., 0., 0., 0., 0., 0.,
       0., 0., 0., 0., 0., 0., 0., 0., 0., 0., 0., 0., 0., 0., 0., 0., 0.,
       0., 0., 0., 0., 0., 0., 0., 0., 0., 0., 0., 0., 0., 0., 0., 0., 0.,
       0., 0., 0., 0., 0., 0., 0., 0., 0., 0., 0., 0., 0., 0., 0., 0., 0.,
       0., 0., 0., 0., 0., 0., 0., 0., 0., 0., 0., 0., 0., 0., 0., 0., 0.,
       0., 0., 0., 0., 0., 0., 0., 0., 0., 0., 0., 0., 0., 0.]), 'locations': array([ 51, 160,  55, 174,  72,  66,  59,  12, 190,  52, 159, 183, 177,
        21,  56,  89, 170,   8,   5,  79, 153, 186,  70, 178,  68, 175,
        70,  71,  82,  64, 148, 108,  55,  52,  42,  86,  64,  26,  72,
        66,  52, 178,  71, 152, 113, 147, 165,  28, 195,  35, 175, 101,
        79,  90,  78,  60,  62,  64, 113,  87,  29, 178,  64,  77,  23,
        88,  86,  64, 163,  87, 166,   8,  88,  93, 158,  46, 102,  61,
       176,   5,  61,  21,  69,  69, 114, 201,  55,  13,  90,  72,  73,
        81,  38, 149,  51,  99,  68,  64,  97,  58,  58,  30,  73,  84,
       159,  82,  26, 174, 186,  72,  54,  40,  47,  61, 200,  68,  65,
        68,  49,  63,  68,  20,  83,  15, 177,   3,  73,  91, 113,  52,
        66, 184,  70, 170,  52, 171,  30,   3, 184,  53,  62,  56, 102,
        64,  66,   1, 164,  93,  58,  71])}], 'clusters': array([0, 1, 0, 2, 1, 0, 2, 2, 2, 0, 0, 2, 0, 0, 0, 0, 2, 0, 1, 1, 0, 0,
       0, 1, 2, 0, 0, 0, 0, 0, 0, 2, 2, 2, 1, 0, 0, 1, 2, 0, 0, 0, 2, 2,
       0, 2, 1, 0, 0, 0, 2, 0, 2, 1, 0, 1, 0, 1, 0, 0, 0, 1, 0, 2, 0, 1,
       2, 1, 2, 1, 1, 2, 0, 0, 1, 2, 2, 0, 0, 2, 2, 1, 0, 1, 2, 2, 0, 1,
       1, 1, 0, 1, 1, 2, 0, 0, 2, 2, 0, 0, 1, 2, 0, 0, 1, 0, 0, 1, 1, 0,
       0, 0, 0, 0, 0, 1, 0, 2, 0, 0, 0, 0, 0, 2, 1, 2, 0, 0, 2, 0, 1, 1,
       0, 0, 2, 1, 1, 2, 1, 1, 0, 0, 0, 0, 0, 1, 0, 0, 0, 2, 0, 0, 2, 1,
       0, 2, 2, 2, 2, 1, 0, 2, 0, 0, 0, 2, 2, 1, 0, 0, 2, 0, 2, 1, 0, 0,
       1, 1, 0, 0, 1, 0, 1, 0, 0, 0, 0, 1, 2, 1, 0, 0, 0, 1, 0, 1, 2, 0,
       1, 2]), 'time': 453.7662742137909}
lenSubsequence: 18{'RI': 0.8743718592964824, 'num_clusters': 3, 'uShapelets': [{'ts_index': 145, 'loc': 85, 'gap': 0.29749922957009817, 'distances': array([0.56596872, 0.04318082, 0.53853751, 0.32856128, 0.04891089,
       0.54201413, 0.334374  , 0.32271374, 0.33406311, 0.5787538 ,
       0.55167058, 0.33163126, 0.54515404, 0.55528951, 0.53534305,
       0.60502206, 0.36201842, 0.57420365, 0.05539137, 0.05211783,
       0.54711441, 0.59755608, 0.59153729, 0.07874   , 0.33010291,
       0.52488668, 0.55170022, 0.6016448 , 0.54794879, 0.60099673,
       0.54531812, 0.3232685 , 0.34439434, 0.33730244, 0.056409  ,
       0.57267544, 0.53215982, 0.05155804, 0.33213488, 0.58043229,
       0.56784888, 0.56510693, 0.34467257, 0.32323598, 0.57714517,
       0.33434258, 0.0251253 , 0.59507502, 0.58871578, 0.56655798,
       0.32368846, 0.58680388, 0.33375239, 0.09784463, 0.53880378,
       0.0397068 , 0.54326012, 0.06291526, 0.56376271, 0.55672769,
       0.55898778, 0.04671268, 0.5508976 , 0.32720071, 0.59640242,
       0.03595706, 0.33364123, 0.08900461, 0.33294887, 0.03274923,
       0.02727031, 0.33030499, 0.56512289, 0.59228748, 0.02769655,
       0.32442675, 0.33118689, 0.60699664, 0.55254726, 0.33715088,
       0.34614322, 0.07303764, 0.59162946, 0.04710141, 0.31797857,
       0.33534158, 0.5984324 , 0.06170702, 0.03612256, 0.05086826,
       0.55341669, 0.05218592, 0.04487242, 0.33633984, 0.54718097,
       0.57239618, 0.33932596, 0.32905987, 0.53922803, 0.57268308,
       0.0918566 , 0.33606868, 0.59186184, 0.5441626 , 0.13807242,
       0.5700759 , 0.57558626, 0.02306171, 0.10653551, 0.5721912 ,
       0.59243276, 0.59909663, 0.59200671, 0.55399918, 0.5936122 ,
       0.04203761, 0.56719295, 0.33845366, 0.60434074, 0.60869157,
       0.58200169, 0.58545816, 0.54312199, 0.33798735, 0.03297717,
       0.32804533, 0.60457491, 0.59378066, 0.32552878, 0.57393849,
       0.04804881, 0.08385225, 0.58957878, 0.5707077 , 0.32811123,
       0.04745667, 0.07880056, 0.33284651, 0.03867501, 0.09850514,
       0.5448518 , 0.57040391, 0.56562981, 0.54886406, 0.54960972,
       0.        , 0.59836522, 0.59767579, 0.57192308, 0.34777994,
       0.59956683, 0.55695214, 0.31324734, 0.03442154, 0.59649241,
       0.3403605 , 0.33526333, 0.3261543 , 0.34469789, 0.04069038,
       0.56957614, 0.33987272, 0.60059643, 0.54771767, 0.57123148,
       0.34142886, 0.3392953 , 0.03482181, 0.59659564, 0.59922709,
       0.33739756, 0.55963843, 0.33154447, 0.04117926, 0.53046707,
       0.59156349, 0.04114079, 0.12064167, 0.54579339, 0.57061884,
       0.0779943 , 0.55991357, 0.05204171, 0.56933625, 0.56763451,
       0.57157119, 0.58075562, 0.03812241, 0.33271248, 0.04069561,
       0.60351734, 0.60050768, 0.60037337, 0.05111244, 0.52894569,
       0.04775542, 0.3345941 , 0.5739095 , 0.05717136, 0.3303168 ]), 'delta_distances': array([0., 0., 0., 0., 0., 0., 0., 0., 0., 0., 0., 0., 0., 0., 0., 0., 0.,
       0., 0., 0., 0., 0., 0., 0., 0., 0., 0., 0., 0., 0., 0., 0., 0., 0.,
       0., 0., 0., 0., 0., 0., 0., 0., 0., 0., 0., 0., 0., 0., 0., 0., 0.,
       0., 0., 0., 0., 0., 0., 0., 0., 0., 0., 0., 0., 0., 0., 0., 0., 0.,
       0., 0., 0., 0., 0., 0., 0., 0., 0., 0., 0., 0., 0., 0., 0., 0., 0.,
       0., 0., 0., 0., 0., 0., 0., 0., 0., 0., 0., 0., 0., 0., 0., 0., 0.,
       0., 0., 0., 0., 0., 0., 0., 0., 0., 0., 0., 0., 0., 0., 0., 0., 0.,
       0., 0., 0., 0., 0., 0., 0., 0., 0., 0., 0., 0., 0., 0., 0., 0., 0.,
       0., 0., 0., 0., 0., 0., 0., 0., 0., 0., 0., 0., 0., 0., 0., 0., 0.,
       0., 0., 0., 0., 0., 0., 0., 0., 0., 0., 0., 0., 0., 0., 0., 0., 0.,
       0., 0., 0., 0., 0., 0., 0., 0., 0., 0., 0., 0., 0., 0., 0., 0., 0.,
       0., 0., 0., 0., 0., 0., 0., 0., 0., 0., 0., 0., 0.]), 'locations': array([209,  90, 158,  56,  80, 172,  73,  67,  60,  14, 187,  53, 157,
       181, 174, 129,  57,   9,  99,  91, 168,   6,   4,  77,  80, 151,
       184,  26, 175,  81, 173,  71,  73,  83,  60,  64, 146,  74, 109,
        54, 179,  42,  87,  65,  26,  73,  50, 104,  90, 176,  72, 124,
       114, 104, 144,  74, 163,  90, 196, 192,  37,  87, 173, 102,  47,
        64,  91,  89,  79,  59,  72,  61, 191,  91,  48, 114,  88,  31,
       176,  65,  78, 101,  23,  98,  89,  87, 134,  96,  83,  64, 162,
        54,  59,  88, 164, 199,  89,  94, 156,  15,  52, 103, 117, 173,
        63,   5,  63,  50, 116,  15, 122, 104, 110, 198,  89,  98, 196,
        91, 118,  92,  38,  40, 148,  52,  90, 100, 121,  17,  98,  58,
        94,  51, 111,  30,  74, 108,  60,  85,  49,  50, 157, 196, 204,
       172, 183,  85,   8, 125,  38,  48,  95, 197,  69,  61,  93,  69,
        50,  64,  69,  82,  20,  85, 120, 175, 198,  74,  92,  86, 114,
        86,  67, 183,  71,  55, 166,  54,  65,  82, 169,  29,  47, 184,
        95, 182, 196,  62,  58,  89, 103,  73,  96,  16, 115, 107, 160,
        93,  94,  41,  94,  72])}, {'ts_index': 24, 'loc': 76, 'gap': 0.3025890376876186, 'distances': array([0.36090424, 0.36578263, 0.05518404, 0.38007863, 0.04713652,
       0.05332891, 0.03766138, 0.37337304, 0.38884536, 0.04810184,
       0.37909268, 0.39410177, 0.37687199, 0.41687362, 0.05740636,
       0.3657796 , 0.38172475, 0.39925321, 0.39510765, 0.        ,
       0.36006909, 0.39345677, 0.40651036, 0.38771145, 0.41665291,
       0.38226944, 0.04771064, 0.06277323, 0.03537406, 0.36721785,
       0.35423442, 0.05635839, 0.37509737, 0.38670844, 0.35325231,
       0.06197391, 0.06839036, 0.37000804, 0.09754513, 0.42149952,
       0.4088101 , 0.39937212, 0.05066563, 0.40651254, 0.0693954 ,
       0.37692235, 0.37945961, 0.38029138, 0.39528134, 0.35796867,
       0.388002  , 0.04911928, 0.39750703, 0.05010831, 0.04891073,
       0.04254819, 0.39528873, 0.42558474, 0.05619317, 0.03309862,
       0.40949697, 0.3861962 , 0.05317378, 0.06088073, 0.38585837,
       0.04611124, 0.05071884, 0.41776837, 0.39095723, 0.0579703 ,
       0.38683578, 0.37521468, 0.04233206, 0.06111944, 0.37911821,
       0.37023246, 0.03719427, 0.41438103, 0.38529386, 0.3605622 ,
       0.37063534, 0.35995625, 0.42189258, 0.42441382, 0.41345958,
       0.39481453, 0.41529793, 0.37255995, 0.03937129, 0.4212086 ,
       0.41354285, 0.37429664, 0.38886137, 0.37133788, 0.0427167 ,
       0.06158255, 0.42467979, 0.393574  , 0.04640645, 0.37495357,
       0.41600835, 0.35908348, 0.05481923, 0.03835205, 0.38208261,
       0.37770592, 0.37621589, 0.39188607, 0.38582907, 0.40435772,
       0.42229388, 0.36335842, 0.051993  , 0.42196839, 0.39563663,
       0.05454401, 0.41888807, 0.04192428, 0.05494866, 0.08701545,
       0.05307876, 0.36504734, 0.06622106, 0.41341122, 0.38715107,
       0.37191719, 0.05276588, 0.07787117, 0.41789002, 0.42047191,
       0.04829644, 0.3930836 , 0.05047451, 0.36381157, 0.38638003,
       0.38230208, 0.36156154, 0.37907872, 0.39299387, 0.38088126,
       0.37071564, 0.37102232, 0.04422714, 0.41198917, 0.40126708,
       0.40350453, 0.36159368, 0.04490106, 0.36175302, 0.05070049]), 'delta_distances': array([0., 0., 0., 0., 0., 0., 0., 0., 0., 0., 0., 0., 0., 0., 0., 0., 0.,
       0., 0., 0., 0., 0., 0., 0., 0., 0., 0., 0., 0., 0., 0., 0., 0., 0.,
       0., 0., 0., 0., 0., 0., 0., 0., 0., 0., 0., 0., 0., 0., 0., 0., 0.,
       0., 0., 0., 0., 0., 0., 0., 0., 0., 0., 0., 0., 0., 0., 0., 0., 0.,
       0., 0., 0., 0., 0., 0., 0., 0., 0., 0., 0., 0., 0., 0., 0., 0., 0.,
       0., 0., 0., 0., 0., 0., 0., 0., 0., 0., 0., 0., 0., 0., 0., 0., 0.,
       0., 0., 0., 0., 0., 0., 0., 0., 0., 0., 0., 0., 0., 0., 0., 0., 0.,
       0., 0., 0., 0., 0., 0., 0., 0., 0., 0., 0., 0., 0., 0., 0., 0., 0.,
       0., 0., 0., 0., 0., 0., 0., 0., 0., 0., 0., 0., 0., 0.]), 'locations': array([ 50, 155,  52, 170,  69,  63,  56,   8, 185,  49, 155, 178, 172,
        19,  53,  33, 166,   5,   2,  76, 149, 182,  28, 173,  80, 171,
        67,  68,  79,   6, 144, 105,  53,  39,  42,  83,  61,  25,  69,
       103,  86,  12,  68,  62, 110, 143, 161,  14, 190,  33, 171,  98,
        34,  87,  75,  57,  62,  94, 110,  84,  29, 173,  61,  74,  23,
        85,  83, 134, 159,  84, 162,  37,  85,  90, 154,  43,  99, 117,
       171,   1,  61,  16, 117,  67, 110, 196,  82,  12,  87,  69,   4,
        32,  38, 145,  48,  96,   7,  59,  94,  55, 107,  29,  70,  81,
       156,  37,  44, 170, 182,   8, 121,  35,  44, 142,  46,  65,  93,
        65,  46,  60,  65,  20,  80,  12, 173,   3,  70,  88, 108, 175,
        63,  32,  67, 166,  49, 167,  27,  23,  52,  53,  62,  54,  99,
        27,  15,   0, 159,  90,  55,  68])}], 'clusters': array([0, 1, 0, 2, 1, 0, 2, 2, 2, 0, 0, 2, 0, 0, 0, 0, 2, 0, 1, 1, 0, 0,
       0, 1, 2, 0, 0, 0, 0, 0, 0, 2, 2, 2, 1, 0, 0, 1, 2, 0, 0, 0, 2, 2,
       0, 2, 1, 0, 0, 0, 2, 0, 2, 1, 0, 1, 0, 1, 0, 0, 0, 1, 0, 2, 0, 1,
       2, 1, 2, 1, 1, 2, 0, 0, 1, 2, 2, 0, 0, 2, 2, 1, 0, 1, 2, 2, 0, 1,
       1, 1, 0, 1, 1, 2, 0, 0, 2, 2, 0, 0, 1, 2, 0, 0, 1, 0, 0, 1, 1, 0,
       0, 0, 0, 0, 0, 1, 0, 2, 0, 0, 0, 0, 0, 2, 1, 2, 0, 0, 2, 0, 1, 1,
       0, 0, 2, 1, 1, 2, 1, 1, 0, 0, 0, 0, 0, 1, 0, 0, 0, 2, 0, 0, 2, 1,
       0, 2, 2, 2, 2, 1, 0, 2, 0, 0, 0, 2, 2, 1, 0, 0, 2, 0, 2, 1, 0, 0,
       1, 1, 0, 0, 1, 0, 1, 0, 0, 0, 0, 1, 2, 1, 0, 0, 0, 1, 0, 1, 2, 0,
       1, 2]), 'time': 427.4042589664459}
lenSubsequence: 19{'RI': 0.8743718592964824, 'num_clusters': 3, 'uShapelets': [{'ts_index': 153, 'loc': 61, 'gap': 0.2760418738282708, 'distances': array([0.52971341, 0.04496844, 0.50741375, 0.30299568, 0.04053776,
       0.51144056, 0.31091728, 0.29708987, 0.30926835, 0.53971909,
       0.52086599, 0.30652914, 0.51384597, 0.52504589, 0.50451064,
       0.56894356, 0.33767243, 0.53460966, 0.04769493, 0.06064017,
       0.51605845, 0.55729611, 0.55303608, 0.06328393, 0.30660066,
       0.49493804, 0.52043169, 0.56183969, 0.51670606, 0.56592378,
       0.51465949, 0.29772002, 0.32250172, 0.31353271, 0.04711758,
       0.53397817, 0.50223085, 0.04016672, 0.30648957, 0.54143557,
       0.53695439, 0.52697356, 0.31674906, 0.29910185, 0.53859969,
       0.30822349, 0.03226269, 0.55921988, 0.55304207, 0.53556366,
       0.29826408, 0.55134553, 0.30765742, 0.09769019, 0.50785692,
       0.03771026, 0.5126927 , 0.04564839, 0.5326746 , 0.5252437 ,
       0.51999177, 0.02760068, 0.52010202, 0.30157349, 0.5564848 ,
       0.0382477 , 0.30950417, 0.09347835, 0.30921615, 0.03108767,
       0.04022819, 0.30494518, 0.53438009, 0.55841561, 0.0336184 ,
       0.29902211, 0.30639435, 0.5672696 , 0.52217713, 0.31358464,
       0.32100394, 0.07798176, 0.55109864, 0.0277957 , 0.29544462,
       0.31220673, 0.56308497, 0.05415068, 0.02377684, 0.0484034 ,
       0.52195966, 0.03707954, 0.03406463, 0.3131907 , 0.51635247,
       0.53985974, 0.31477102, 0.30188993, 0.50699651, 0.53431358,
       0.09228233, 0.31201167, 0.55630409, 0.5142466 , 0.13830338,
       0.53034189, 0.53632183, 0.03409807, 0.08750259, 0.53310383,
       0.55738139, 0.56470244, 0.55760601, 0.52351876, 0.55777258,
       0.03141942, 0.53618511, 0.31417251, 0.56992297, 0.57339269,
       0.54219996, 0.54593963, 0.51096076, 0.31290802, 0.03365006,
       0.30414598, 0.56911903, 0.55421132, 0.30034426, 0.53464137,
       0.03802456, 0.08650757, 0.55424937, 0.53023057, 0.30316149,
       0.03272296, 0.08025783, 0.30976803, 0.0377773 , 0.09601333,
       0.51358485, 0.53913002, 0.53533913, 0.51856103, 0.51853523,
       0.03293715, 0.55899842, 0.56252576, 0.53250177, 0.32170197,
       0.56347725, 0.52574228, 0.28788044, 0.        , 0.56094385,
       0.31654745, 0.30992081, 0.30125769, 0.31936017, 0.02436359,
       0.53012806, 0.31577485, 0.56665837, 0.51731664, 0.53976897,
       0.31596924, 0.31395235, 0.02581181, 0.56155242, 0.56169989,
       0.3134585 , 0.52945326, 0.30821077, 0.04188283, 0.49927712,
       0.55177551, 0.03048427, 0.10253499, 0.51482043, 0.53217677,
       0.07817879, 0.52917979, 0.04733894, 0.53823195, 0.53727015,
       0.53243851, 0.5414002 , 0.03416925, 0.30831519, 0.04016241,
       0.56718048, 0.56084368, 0.56342446, 0.0432525 , 0.49830253,
       0.03726516, 0.31048796, 0.53421483, 0.0449457 , 0.30466323]), 'delta_distances': array([0., 0., 0., 0., 0., 0., 0., 0., 0., 0., 0., 0., 0., 0., 0., 0., 0.,
       0., 0., 0., 0., 0., 0., 0., 0., 0., 0., 0., 0., 0., 0., 0., 0., 0.,
       0., 0., 0., 0., 0., 0., 0., 0., 0., 0., 0., 0., 0., 0., 0., 0., 0.,
       0., 0., 0., 0., 0., 0., 0., 0., 0., 0., 0., 0., 0., 0., 0., 0., 0.,
       0., 0., 0., 0., 0., 0., 0., 0., 0., 0., 0., 0., 0., 0., 0., 0., 0.,
       0., 0., 0., 0., 0., 0., 0., 0., 0., 0., 0., 0., 0., 0., 0., 0., 0.,
       0., 0., 0., 0., 0., 0., 0., 0., 0., 0., 0., 0., 0., 0., 0., 0., 0.,
       0., 0., 0., 0., 0., 0., 0., 0., 0., 0., 0., 0., 0., 0., 0., 0., 0.,
       0., 0., 0., 0., 0., 0., 0., 0., 0., 0., 0., 0., 0., 0., 0., 0., 0.,
       0., 0., 0., 0., 0., 0., 0., 0., 0., 0., 0., 0., 0., 0., 0., 0., 0.,
       0., 0., 0., 0., 0., 0., 0., 0., 0., 0., 0., 0., 0., 0., 0., 0., 0.,
       0., 0., 0., 0., 0., 0., 0., 0., 0., 0., 0., 0., 0.]), 'locations': array([ 51,  90, 158,  56,  80, 172,  73,  67,  60,  14, 187,  53, 157,
       180, 174, 129,  57,  10,  99,  91, 168,   9,   4,  77,  80, 150,
       184,  26, 175,  80, 173,  71,  73,  83,  60,  64, 147,  74, 109,
        55, 179,  42,  87,  65,  26,  73,  50, 104,  86, 176,  72, 124,
       114, 104, 144,  74, 163,  90, 196, 192,  37,  87, 173, 102,  47,
        64,  91,  89,  79,  59,  72,  61, 191,  91,  48, 114,  88,  31,
       176,  65,  78, 101,  23,  98,  89,  87, 133,  96,  83,  64, 162,
        54,  59,  88, 164,   8,  89,  94, 156,  15,  52, 103, 117, 173,
        62,   5,  63,  50, 116,  15, 122, 122, 116, 198,  88,  98, 196,
        91, 134,   4,  38,  40, 148,  52,  90, 100, 121,  17,  98,  58,
        94,  51, 111,  30,  74, 108,  60,  85,  49,  50, 157, 196, 204,
       172, 183,  85,   8, 123,  38,  48, 169, 197,  69,  61,  93,  69,
        50,  64,  69,  82,  20,  85,  51, 175, 198,  74,  92,  86, 115,
        87,  67, 183,  71,  55, 166,  54,  65,  82, 169,  29,  47, 184,
        95, 182, 196,  62,  58,  89, 103,  73,  96,  15,   0, 107, 160,
        93,  94,  41,  94,  72])}, {'ts_index': 101, 'loc': 99, 'gap': 0.29688594075606944, 'distances': array([0.33772723, 0.36383255, 0.03798673, 0.37549085, 0.03631381,
       0.03734788, 0.03360101, 0.35101821, 0.37771339, 0.03891086,
       0.37506665, 0.377162  , 0.37388473, 0.39185033, 0.04381445,
       0.34295761, 0.37937659, 0.37535081, 0.37047368, 0.03544552,
       0.35458374, 0.38320926, 0.38039915, 0.38371625, 0.41073075,
       0.37735256, 0.03455394, 0.06026382, 0.03402504, 0.34341233,
       0.35152537, 0.04463459, 0.35070339, 0.36164856, 0.33263241,
       0.04561169, 0.05468467, 0.34619373, 0.07150209, 0.40944039,
       0.39849589, 0.3748729 , 0.03541734, 0.4000727 , 0.05629358,
       0.37316386, 0.37619307, 0.35743   , 0.37252982, 0.33552317,
       0.38487412, 0.03521285, 0.37097455, 0.04223162, 0.04776022,
       0.0398755 , 0.37195648, 0.41079658, 0.04349483, 0.03611244,
       0.3850949 , 0.38269249, 0.04098236, 0.04683495, 0.36048744,
       0.04045626, 0.04260496, 0.41154597, 0.38702001, 0.05625454,
       0.38127662, 0.35006336, 0.03245525, 0.04985644, 0.37547408,
       0.34657643, 0.        , 0.40679181, 0.38195262, 0.33780968,
       0.34768553, 0.33626199, 0.41315094, 0.39863682, 0.40697216,
       0.37215297, 0.40843155, 0.34907438, 0.02606581, 0.40653849,
       0.38768119, 0.35029755, 0.36394409, 0.36867895, 0.02696997,
       0.04749364, 0.39824216, 0.36899371, 0.03165469, 0.35295141,
       0.40991085, 0.3359949 , 0.04005934, 0.03819526, 0.37695215,
       0.35265187, 0.35258788, 0.3826028 , 0.38232573, 0.37778322,
       0.40243104, 0.34257823, 0.04047608, 0.41486909, 0.371267  ,
       0.04165872, 0.41182307, 0.03424144, 0.03370793, 0.06346382,
       0.03222033, 0.34008316, 0.06353765, 0.3868204 , 0.38386261,
       0.34698546, 0.03331167, 0.069005  , 0.41333843, 0.41240153,
       0.03796178, 0.36767553, 0.04504384, 0.35881945, 0.36221096,
       0.37886592, 0.33946859, 0.35498152, 0.36867368, 0.35699983,
       0.34699432, 0.34811944, 0.03005208, 0.38591663, 0.37475268,
       0.37733815, 0.35798541, 0.04092568, 0.34029654, 0.0396951 ]), 'delta_distances': array([0., 0., 0., 0., 0., 0., 0., 0., 0., 0., 0., 0., 0., 0., 0., 0., 0.,
       0., 0., 0., 0., 0., 0., 0., 0., 0., 0., 0., 0., 0., 0., 0., 0., 0.,
       0., 0., 0., 0., 0., 0., 0., 0., 0., 0., 0., 0., 0., 0., 0., 0., 0.,
       0., 0., 0., 0., 0., 0., 0., 0., 0., 0., 0., 0., 0., 0., 0., 0., 0.,
       0., 0., 0., 0., 0., 0., 0., 0., 0., 0., 0., 0., 0., 0., 0., 0., 0.,
       0., 0., 0., 0., 0., 0., 0., 0., 0., 0., 0., 0., 0., 0., 0., 0., 0.,
       0., 0., 0., 0., 0., 0., 0., 0., 0., 0., 0., 0., 0., 0., 0., 0., 0.,
       0., 0., 0., 0., 0., 0., 0., 0., 0., 0., 0., 0., 0., 0., 0., 0., 0.,
       0., 0., 0., 0., 0., 0., 0., 0., 0., 0., 0., 0., 0., 0.]), 'locations': array([ 50, 155,  52, 170,  69,  63,  56,   8,  45,  49, 155,  37, 172,
         3,  53,  33, 165,   6,   1,  76, 149,   1,  27, 173,  80, 171,
        67,  68,  79,   6, 144, 105,  53,  38,  41,  83,  61,  25,  69,
        21,  85,  12,  68, 150, 110, 142, 160,  40,   6,  35, 171,  98,
        34,  87,  75,  57,   4,   7, 110,  84,  33, 174,  61,  74,  23,
        85,  83,  70, 159,  84,  25,  37,  85,  90, 154,  43,  99, 118,
       172,   0,  61,  16,  18,  24, 109,  11,  81,  12,  87,   3,   4,
        32,  37, 145,  48,  96,   7,  59,  94,  54, 106,  28,  70,  81,
       155,  37,  44,   3, 182,   8,  43,  38,  44, 172,  45,  65,  92,
        65,  46,  60,  65,  20,  80,  45, 173,   3,  70,  88, 108, 174,
        63,  32,  67, 165,  49, 167,  56,  23,  53,  53,  62,  54,  99,
        27,  15,   0, 159,  90,  56,  68])}], 'clusters': array([0, 1, 0, 2, 1, 0, 2, 2, 2, 0, 0, 2, 0, 0, 0, 0, 2, 0, 1, 1, 0, 0,
       0, 1, 2, 0, 0, 0, 0, 0, 0, 2, 2, 2, 1, 0, 0, 1, 2, 0, 0, 0, 2, 2,
       0, 2, 1, 0, 0, 0, 2, 0, 2, 1, 0, 1, 0, 1, 0, 0, 0, 1, 0, 2, 0, 1,
       2, 1, 2, 1, 1, 2, 0, 0, 1, 2, 2, 0, 0, 2, 2, 1, 0, 1, 2, 2, 0, 1,
       1, 1, 0, 1, 1, 2, 0, 0, 2, 2, 0, 0, 1, 2, 0, 0, 1, 0, 0, 1, 1, 0,
       0, 0, 0, 0, 0, 1, 0, 2, 0, 0, 0, 0, 0, 2, 1, 2, 0, 0, 2, 0, 1, 1,
       0, 0, 2, 1, 1, 2, 1, 1, 0, 0, 0, 0, 0, 1, 0, 0, 0, 2, 0, 0, 2, 1,
       0, 2, 2, 2, 2, 1, 0, 2, 0, 0, 0, 2, 2, 1, 0, 0, 2, 0, 2, 1, 0, 0,
       1, 1, 0, 0, 1, 0, 1, 0, 0, 0, 0, 1, 2, 1, 0, 0, 0, 1, 0, 1, 2, 0,
       1, 2]), 'time': 420.5479214191437}
lenSubsequence: 20{'RI': 0.8743718592964824, 'num_clusters': 3, 'uShapelets': [{'ts_index': 107, 'loc': 50, 'gap': 0.2685374087440729, 'distances': array([0.5079578 , 0.04699181, 0.5004807 , 0.29287541, 0.03909418,
       0.50550665, 0.30035006, 0.2877736 , 0.29847017, 0.51642181,
       0.51516678, 0.29660347, 0.5082409 , 0.51893621, 0.49890058,
       0.54603888, 0.32615687, 0.51232956, 0.04431876, 0.05099196,
       0.50896204, 0.53325826, 0.52886518, 0.06483961, 0.29523069,
       0.48956815, 0.51531009, 0.53771914, 0.51107782, 0.55600208,
       0.50857698, 0.287985  , 0.30989296, 0.30276561, 0.04356808,
       0.51173017, 0.49615808, 0.04044091, 0.29548509, 0.51896226,
       0.52467532, 0.50611374, 0.30714684, 0.29030376, 0.51618001,
       0.29718615, 0.02735484, 0.54987865, 0.54195636, 0.52831838,
       0.28838239, 0.54159727, 0.29588233, 0.09149511, 0.50173096,
       0.04135662, 0.50650122, 0.05520958, 0.52053786, 0.51938684,
       0.49956597, 0.03901086, 0.51306334, 0.29168261, 0.53273299,
       0.03310612, 0.29791542, 0.08468564, 0.29802205, 0.03139518,
       0.03350735, 0.29486898, 0.52798316, 0.5478074 , 0.02811192,
       0.28900158, 0.29555812, 0.54275109, 0.5156794 , 0.30158903,
       0.30950943, 0.06608396, 0.52817765, 0.04011122, 0.28436602,
       0.30020337, 0.55276573, 0.05164681, 0.03449355, 0.04929445,
       0.51422157, 0.04115112, 0.03507838, 0.30160022, 0.51106711,
       0.51704658, 0.30394161, 0.29183885, 0.50149801, 0.51168839,
       0.08486601, 0.30042129, 0.54724631, 0.50848552, 0.13124792,
       0.50890264, 0.51405447, 0.        , 0.08782565, 0.51035732,
       0.54869397, 0.54581672, 0.54794038, 0.51761732, 0.5474689 ,
       0.03623858, 0.51416951, 0.30237066, 0.55458014, 0.54864848,
       0.51975782, 0.52305764, 0.50492063, 0.302407  , 0.02254634,
       0.29301315, 0.55380859, 0.53039396, 0.28944895, 0.51246145,
       0.03616521, 0.08037913, 0.54443581, 0.50943916, 0.29247417,
       0.03751666, 0.07235995, 0.29776835, 0.042764  , 0.08970617,
       0.50700099, 0.52095984, 0.5210414 , 0.51329176, 0.51335158,
       0.0246537 , 0.53466532, 0.55281569, 0.5110716 , 0.31097656,
       0.55224904, 0.5206767 , 0.27853319, 0.03265161, 0.55161771,
       0.30511177, 0.29884072, 0.29099502, 0.30791868, 0.0393248 ,
       0.5086726 , 0.30530461, 0.5425073 , 0.51184354, 0.51822852,
       0.30553139, 0.30420212, 0.03162716, 0.55183491, 0.55040017,
       0.3018941 , 0.5237513 , 0.2967447 , 0.03563443, 0.49342691,
       0.52850909, 0.0273452 , 0.1017262 , 0.5088839 , 0.50964853,
       0.07084827, 0.52255308, 0.04673628, 0.5319709 , 0.52450145,
       0.51070755, 0.51873884, 0.02428868, 0.29830039, 0.03910722,
       0.54407026, 0.53619456, 0.53871486, 0.0347866 , 0.49206235,
       0.03806783, 0.29916345, 0.5124977 , 0.04377868, 0.29449079]), 'delta_distances': array([0., 0., 0., 0., 0., 0., 0., 0., 0., 0., 0., 0., 0., 0., 0., 0., 0.,
       0., 0., 0., 0., 0., 0., 0., 0., 0., 0., 0., 0., 0., 0., 0., 0., 0.,
       0., 0., 0., 0., 0., 0., 0., 0., 0., 0., 0., 0., 0., 0., 0., 0., 0.,
       0., 0., 0., 0., 0., 0., 0., 0., 0., 0., 0., 0., 0., 0., 0., 0., 0.,
       0., 0., 0., 0., 0., 0., 0., 0., 0., 0., 0., 0., 0., 0., 0., 0., 0.,
       0., 0., 0., 0., 0., 0., 0., 0., 0., 0., 0., 0., 0., 0., 0., 0., 0.,
       0., 0., 0., 0., 0., 0., 0., 0., 0., 0., 0., 0., 0., 0., 0., 0., 0.,
       0., 0., 0., 0., 0., 0., 0., 0., 0., 0., 0., 0., 0., 0., 0., 0., 0.,
       0., 0., 0., 0., 0., 0., 0., 0., 0., 0., 0., 0., 0., 0., 0., 0., 0.,
       0., 0., 0., 0., 0., 0., 0., 0., 0., 0., 0., 0., 0., 0., 0., 0., 0.,
       0., 0., 0., 0., 0., 0., 0., 0., 0., 0., 0., 0., 0., 0., 0., 0., 0.,
       0., 0., 0., 0., 0., 0., 0., 0., 0., 0., 0., 0., 0.]), 'locations': array([ 51,  90, 158,  56,  80, 172,  73,  67,  60,  14, 187,  53, 157,
       181, 174,  21,  57,   9,  99,  91, 168,   8,   4,  77,  80, 151,
       184,  26, 175, 110, 173,  71,  73,  83,  60,  64, 146,  74, 109,
        54,  52,  42,  87,  65,  26,  73,  50, 104,  85, 176,  72, 124,
       113, 104, 144,  74, 163,  90,  31, 192,  37,  87, 173, 102,  34,
        64,  91,  89,  79,  59,  72,  61, 191,  91,  48, 114,  88,  31,
       176,  65,  78, 101,  23,  98,  89,  87, 187,  96,  83,  64, 162,
        54,  59,  88, 164,   8,  89,  94, 156,  15,  52, 103, 117, 173,
        63,   4,  63,  50, 116,  15, 122,  24, 112, 198,  87,  98,  13,
        91,   9,   4,  38,  40, 148,  52,  90, 100,  11,  17,  98,  58,
        94,  51, 111,  30,  74, 108,  60,  85,  49,  50, 157,  20,  50,
       172, 183,  85,   8, 125,  38,  48, 168, 197,  69,  61,  93,  69,
        50,  64,  69,  82,  20,  85,  32, 175,   3,  74,  92,  86, 115,
        86,  67, 183,  71,  55, 166,  54,  65,  82, 169,  29,  47,   3,
        95, 182,   3,  62,  58,  89, 103,  73,  27,  16,   0, 107, 160,
        93,  94,  41,  94,  72])}, {'ts_index': 24, 'loc': 75, 'gap': 0.290943629650987, 'distances': array([0.34341757, 0.35274958, 0.04970553, 0.36436667, 0.04339196,
       0.04995866, 0.03643583, 0.3544623 , 0.37253171, 0.04453392,
       0.36337768, 0.37725221, 0.36193044, 0.39699624, 0.05299377,
       0.34571379, 0.36750693, 0.38139897, 0.37460113, 0.        ,
       0.3444464 , 0.37615993, 0.38547236, 0.37169039, 0.39627289,
       0.36585878, 0.04342419, 0.05716406, 0.03401614, 0.35003713,
       0.34127971, 0.05085411, 0.35538984, 0.36466362, 0.33747327,
       0.05707666, 0.06255849, 0.35205579, 0.08779097, 0.39983844,
       0.3865801 , 0.37981132, 0.04647171, 0.38701393, 0.06277631,
       0.36083139, 0.36447191, 0.36151054, 0.37843519, 0.33973627,
       0.37266796, 0.04551354, 0.37728807, 0.04518127, 0.0462145 ,
       0.04126394, 0.37584711, 0.40469778, 0.05080827, 0.03088576,
       0.38968953, 0.37022486, 0.05029679, 0.05510243, 0.36607443,
       0.04462536, 0.05149289, 0.39827941, 0.37437237, 0.06148618,
       0.37140211, 0.35531619, 0.03999834, 0.0562799 , 0.36361497,
       0.35323987, 0.03765382, 0.39416826, 0.3700266 , 0.34274331,
       0.35255296, 0.34098872, 0.40129131, 0.40286802, 0.39357453,
       0.37584389, 0.39476074, 0.35391779, 0.03757063, 0.40533008,
       0.39243692, 0.3539591 , 0.36737382, 0.35779748, 0.03884385,
       0.05551788, 0.40296489, 0.37352283, 0.04208509, 0.35719607,
       0.39626006, 0.34157537, 0.04972695, 0.03870061, 0.36590256,
       0.35856342, 0.35699245, 0.37565147, 0.37044765, 0.38348494,
       0.40088698, 0.34716097, 0.04706148, 0.40168657, 0.37595489,
       0.05078477, 0.398461  , 0.03890273, 0.0505296 , 0.07861837,
       0.04790519, 0.34693516, 0.06011379, 0.39175015, 0.37154992,
       0.35114255, 0.04793373, 0.07061388, 0.39941685, 0.39906895,
       0.04358443, 0.37275223, 0.04571726, 0.34925005, 0.36687898,
       0.36687875, 0.34205807, 0.35939892, 0.37418277, 0.36170077,
       0.35304179, 0.35562211, 0.04097435, 0.3914917 , 0.38035858,
       0.38348882, 0.34796269, 0.04042901, 0.34460826, 0.04872758]), 'delta_distances': array([0., 0., 0., 0., 0., 0., 0., 0., 0., 0., 0., 0., 0., 0., 0., 0., 0.,
       0., 0., 0., 0., 0., 0., 0., 0., 0., 0., 0., 0., 0., 0., 0., 0., 0.,
       0., 0., 0., 0., 0., 0., 0., 0., 0., 0., 0., 0., 0., 0., 0., 0., 0.,
       0., 0., 0., 0., 0., 0., 0., 0., 0., 0., 0., 0., 0., 0., 0., 0., 0.,
       0., 0., 0., 0., 0., 0., 0., 0., 0., 0., 0., 0., 0., 0., 0., 0., 0.,
       0., 0., 0., 0., 0., 0., 0., 0., 0., 0., 0., 0., 0., 0., 0., 0., 0.,
       0., 0., 0., 0., 0., 0., 0., 0., 0., 0., 0., 0., 0., 0., 0., 0., 0.,
       0., 0., 0., 0., 0., 0., 0., 0., 0., 0., 0., 0., 0., 0., 0., 0., 0.,
       0., 0., 0., 0., 0., 0., 0., 0., 0., 0., 0., 0., 0., 0.]), 'locations': array([ 49, 154,  51, 169,  68,  62,  55,   7, 184,  48, 154, 178, 170,
         1,  52,  33, 164,   5,   1,  75, 148, 180,  26, 171,  79, 170,
        66,  67,  78,   6, 143, 104,  52,  38,  42,  82,  60,  23,  68,
       101,  84,  12,  67, 121, 109, 141, 159,  40,   6,  32, 170,  97,
        34,  86,  74,  56,   4,  94, 109,  83,  33, 172,  60,  73,  19,
        84,  82, 133, 158,  83, 161,  36,  84,  89, 153,  42,  98, 111,
       170,   0,  60,  15, 116,  24, 108,  13,  80,  11,  86,  69,   3,
        32,  18, 144,  47,  95,   7,  58,  93,  52, 105,  28,  69,  80,
       154,  13,  44, 169, 181,   8, 121,  37,  43, 171,  45,  64,  93,
        64,  45,  59,  64,  17,  79,  43, 172,   3,  69,  87, 107, 174,
        62,  32,  66, 163,  48, 166,  26,  23,  57,  53,  62,  53,  98,
        27,  15,   0, 158,  89,  55,  67])}], 'clusters': array([0, 1, 0, 2, 1, 0, 2, 2, 2, 0, 0, 2, 0, 0, 0, 0, 2, 0, 1, 1, 0, 0,
       0, 1, 2, 0, 0, 0, 0, 0, 0, 2, 2, 2, 1, 0, 0, 1, 2, 0, 0, 0, 2, 2,
       0, 2, 1, 0, 0, 0, 2, 0, 2, 1, 0, 1, 0, 1, 0, 0, 0, 1, 0, 2, 0, 1,
       2, 1, 2, 1, 1, 2, 0, 0, 1, 2, 2, 0, 0, 2, 2, 1, 0, 1, 2, 2, 0, 1,
       1, 1, 0, 1, 1, 2, 0, 0, 2, 2, 0, 0, 1, 2, 0, 0, 1, 0, 0, 1, 1, 0,
       0, 0, 0, 0, 0, 1, 0, 2, 0, 0, 0, 0, 0, 2, 1, 2, 0, 0, 2, 0, 1, 1,
       0, 0, 2, 1, 1, 2, 1, 1, 0, 0, 0, 0, 0, 1, 0, 0, 0, 2, 0, 0, 2, 1,
       0, 2, 2, 2, 2, 1, 0, 2, 0, 0, 0, 2, 2, 1, 0, 0, 2, 0, 2, 1, 0, 0,
       1, 1, 0, 0, 1, 0, 1, 0, 0, 0, 0, 1, 2, 1, 0, 0, 0, 1, 0, 1, 2, 0,
       1, 2]), 'time': 414.7395370006561}
