lenSubsequence: 6{'RI': 0.5004832850048329, 'num_clusters': 6, 'uShapelets': [{'ts_index': 168, 'loc': 4, 'gap': 0.08713796132604767, 'distances': array([0.3245074 , 0.51731513, 0.23000537, ..., 0.27678356, 0.23592713,
       0.25465194]), 'delta_distances': array([0., 0., 0., ..., 0., 0., 0.]), 'locations': array([16, 17,  4, ...,  6,  5,  5])}, {'ts_index': 361, 'loc': 5, 'gap': 0.13801363235078667, 'distances': array([0.34470015, 0.72180784, 0.65437818, 0.69389769, 0.27670356,
       0.43947567, 0.6251277 , 0.44228023, 0.56592972, 0.3722379 ,
       0.53691332, 0.76853455, 0.40196424, 0.66608024, 0.61440947,
       0.58107668, 0.35025828, 0.45753427, 0.56392964, 0.7289715 ,
       0.6042294 , 0.57629892, 0.6216183 , 0.53532358, 0.25127381,
       0.19224796, 0.3364555 , 0.69835686, 0.51530571, 0.52463323,
       0.67299185, 0.45800855, 0.53302934, 0.31670395, 0.29681831,
       0.72680381, 0.61267528, 0.61681419, 0.69836635, 0.52763255,
       0.33751272, 0.63510203, 0.41008167, 0.58645107, 0.59312731,
       0.569953  , 0.25862027, 0.71878827, 0.55898209, 0.60226286,
       0.28204659, 0.54951724, 0.50395552, 0.69434894, 0.5377696 ,
       0.31629338, 0.47875669, 0.23469644, 0.43297707, 0.        ,
       0.50302946, 0.16048572, 0.59042682, 0.55135238, 0.25258304,
       0.7723393 , 0.51285015, 0.65211104, 0.65124513, 0.30264716,
       0.54340955, 0.69037256, 0.62661263, 0.269649  , 0.64123475,
       0.70024639, 0.63726824, 0.52538721, 0.63890925, 0.39365012,
       0.58139619, 0.6654784 , 0.77180517, 0.46192168, 0.45939495,
       0.50384083, 0.39137855, 0.49593562, 0.28251549, 0.55632866,
       0.27825368, 0.43077656, 0.23746362, 0.66701716, 0.44918281,
       0.59110845, 0.51496151, 0.60038534, 0.63537819, 0.50176428,
       0.29288066, 0.29133295, 0.392827  , 0.58941546, 0.54722644,
       0.48286253, 0.47193544, 0.70117756, 0.38542963, 0.55240919,
       0.66833867, 0.61516384, 0.4610034 , 0.52398476, 0.66298649,
       0.23949751, 0.17630561, 0.49051056, 0.62984524, 0.53054686,
       0.5468011 , 0.56550673, 0.48254784, 0.37945769, 0.21700179,
       0.29447576, 0.67364166, 0.48115451, 0.69359642, 0.33514769,
       0.34376801, 0.57467665, 0.64712072, 0.45141475, 0.65446936,
       0.24263833, 0.63084348, 0.5201849 , 0.68759403, 0.36058244,
       0.44462837, 0.35868703, 0.59295508, 0.48565623, 0.61346052,
       0.2758216 , 0.70206115, 0.14819919, 0.77066506, 0.36903429,
       0.43888517, 0.29785562, 0.6934889 , 0.62030725, 0.19732263,
       0.36803619, 0.44028144, 0.12336824, 0.74526369, 0.58130371,
       0.34636261, 0.5435105 , 0.71993019, 0.82793671, 0.51617181,
       0.41488918, 0.55428107, 0.50402268, 0.69455137, 0.55373512,
       0.22890403, 0.56598096, 0.31602369, 0.63171963, 0.52958844,
       0.44972902, 0.16408424, 0.53895019, 0.55630405, 0.70056434,
       0.61319577, 0.59784697, 0.55668024, 0.54486402]), 'delta_distances': array([0., 0., 0., 0., 0., 0., 0., 0., 0., 0., 0., 0., 0., 0., 0., 0., 0.,
       0., 0., 0., 0., 0., 0., 0., 0., 0., 0., 0., 0., 0., 0., 0., 0., 0.,
       0., 0., 0., 0., 0., 0., 0., 0., 0., 0., 0., 0., 0., 0., 0., 0., 0.,
       0., 0., 0., 0., 0., 0., 0., 0., 0., 0., 0., 0., 0., 0., 0., 0., 0.,
       0., 0., 0., 0., 0., 0., 0., 0., 0., 0., 0., 0., 0., 0., 0., 0., 0.,
       0., 0., 0., 0., 0., 0., 0., 0., 0., 0., 0., 0., 0., 0., 0., 0., 0.,
       0., 0., 0., 0., 0., 0., 0., 0., 0., 0., 0., 0., 0., 0., 0., 0., 0.,
       0., 0., 0., 0., 0., 0., 0., 0., 0., 0., 0., 0., 0., 0., 0., 0., 0.,
       0., 0., 0., 0., 0., 0., 0., 0., 0., 0., 0., 0., 0., 0., 0., 0., 0.,
       0., 0., 0., 0., 0., 0., 0., 0., 0., 0., 0., 0., 0., 0., 0., 0., 0.,
       0., 0., 0., 0., 0., 0., 0., 0., 0., 0., 0., 0., 0., 0.]), 'locations': array([ 5, 12,  4,  7,  6,  5,  7,  6,  5,  7,  5, 15,  7, 16,  5, 15,  7,
       16,  6, 16,  5,  5,  6,  6,  6,  5,  6,  7,  6,  5, 16, 16,  6,  4,
        4,  5,  7,  5, 16,  5,  7, 16,  6,  7, 15,  6,  7,  7, 17,  8,  5,
        7,  5,  4,  5,  7,  9,  6,  6,  5, 17,  5, 15, 13, 15, 16,  5, 14,
       12,  5,  7,  6, 12,  5,  5,  7, 12,  5,  5,  6,  7,  8, 14, 16, 17,
        4, 14,  4,  5, 15,  5,  6,  6, 13,  6,  7,  6, 11, 14,  8,  4,  5,
       13,  5,  6,  6,  4,  8, 16, 11, 11,  5,  6,  6, 16,  6,  5, 13, 13,
        6,  5,  7,  4,  4,  6,  5,  4,  5,  8,  5,  6,  8, 17,  5, 14,  6,
        8,  7,  6, 15, 17,  6,  7, 15, 13,  6, 11,  5, 17,  5,  5, 14,  7,
        7,  6,  5,  6,  5, 14, 16,  7,  5,  5, 16,  6,  5, 15, 17,  6,  7,
        6,  4,  5,  6, 12, 16,  6,  6, 15, 13, 17,  7,  6,  5])}, {'ts_index': 664, 'loc': 16, 'gap': 0.08347908610979049, 'distances': array([0.88597898, 0.83604922, 1.00490704, 0.98786317, 0.84519454,
       0.88924281, 0.94369395, 0.96391689, 0.84003444, 0.89751058,
       0.9854982 , 0.75183531, 0.92931359, 0.90212672, 0.82077221,
       0.94693553, 0.79276632, 0.81507203, 1.0114343 , 1.00409322,
       1.14276538, 0.67159563, 0.99950393, 0.90789684, 0.8986229 ,
       0.91967958, 0.89713978, 0.81636869, 0.91641919, 0.93101426,
       1.04472551, 0.97340766, 1.00688833, 0.590971  , 0.96141766,
       0.72963969, 0.95533854, 0.91232778, 0.86298201, 0.97074718,
       1.03066113, 0.67434969, 0.94258799, 0.72886502, 0.98409849,
       0.85582984, 0.96028822, 0.94863412, 0.84275616, 0.63447923,
       0.98279053, 0.92025019, 0.62161322, 0.89004978, 0.86666796,
       0.92862697, 0.97287157, 0.7840495 , 0.94642374, 0.58736216,
       0.93746622, 0.93423263, 0.85771204, 0.98271163, 0.98404119,
       0.96131142, 0.88158164, 1.02231435, 0.76324002, 0.45717812,
       0.80186181, 0.67605913, 0.82824684, 0.67438942, 0.80634115,
       0.82782441, 0.92369587, 0.8968847 , 1.02267061, 1.04075021,
       0.79114223, 0.69998738, 0.58881774, 0.80907231, 1.05961349,
       0.84494135, 1.00317496, 0.        , 1.03168125, 0.62563736,
       0.79406904, 0.88521521, 0.79478065, 0.92720651, 0.95162155,
       0.8930207 , 0.84107857, 0.71480378, 1.00579419, 0.64286743,
       0.92961397, 0.80476791, 0.68274808, 0.86153273, 0.7788501 ,
       0.83668843, 0.92573711, 0.62818926, 0.9560213 , 1.02104757,
       0.92409008, 0.92162981, 0.98697529, 0.81003285, 0.88463871,
       0.62605491, 0.91939929, 0.68539052, 1.06425085, 0.52890631,
       0.89848487, 0.99315154, 0.7181591 , 1.01215237, 0.71041473,
       0.8995808 , 0.94128058, 0.30698502, 1.05774805, 1.00536992,
       0.41449085, 0.91499174, 1.0840707 , 0.54647001, 0.85056478,
       1.12905455, 0.83278717, 0.7770025 , 0.84665356, 0.97324332,
       0.73738615, 0.82849519, 1.0450939 , 0.8046353 , 0.6971428 ,
       0.70663726, 0.73401315, 0.8038113 , 0.39464344, 1.00790658,
       0.96320567, 1.02289152]), 'delta_distances': array([0., 0., 0., 0., 0., 0., 0., 0., 0., 0., 0., 0., 0., 0., 0., 0., 0.,
       0., 0., 0., 0., 0., 0., 0., 0., 0., 0., 0., 0., 0., 0., 0., 0., 0.,
       0., 0., 0., 0., 0., 0., 0., 0., 0., 0., 0., 0., 0., 0., 0., 0., 0.,
       0., 0., 0., 0., 0., 0., 0., 0., 0., 0., 0., 0., 0., 0., 0., 0., 0.,
       0., 0., 0., 0., 0., 0., 0., 0., 0., 0., 0., 0., 0., 0., 0., 0., 0.,
       0., 0., 0., 0., 0., 0., 0., 0., 0., 0., 0., 0., 0., 0., 0., 0., 0.,
       0., 0., 0., 0., 0., 0., 0., 0., 0., 0., 0., 0., 0., 0., 0., 0., 0.,
       0., 0., 0., 0., 0., 0., 0., 0., 0., 0., 0., 0., 0., 0., 0., 0., 0.,
       0., 0., 0., 0., 0., 0., 0., 0., 0., 0., 0., 0., 0., 0., 0., 0.]), 'locations': array([10, 10,  9, 17, 11, 17, 13, 12, 16, 13, 16, 11, 14, 16, 13,  5, 14,
       11, 14, 17,  3, 16, 14,  4, 10, 16, 17,  4, 14, 12, 13, 12,  5, 14,
        3, 15, 15,  9, 16, 15, 12, 16, 16, 16, 16,  3,  7,  3, 17, 15,  4,
       14, 11,  2, 13, 14, 14, 11, 12, 17,  6, 15, 10, 13,  5,  4, 14, 13,
       16, 14, 15, 16, 15, 15, 13, 15, 11, 15,  5,  4, 14, 12, 16, 11, 12,
       15,  4, 16, 11, 14,  9,  9, 13,  4, 10, 14, 11, 16, 10, 12, 17, 13,
        2, 11, 12, 13,  3, 14, 17, 15, 14, 12, 15, 11, 17, 13, 15, 16, 10,
       13, 11, 14, 17, 17, 11, 16, 14, 16, 16, 14, 14,  5, 10, 13, 16,  4,
       10, 14, 15, 15, 10, 16, 11, 10, 14, 15, 13, 16, 15, 11,  4,  4])}, {'ts_index': 125, 'loc': 4, 'gap': 0.0865841457473292, 'distances': array([0.46765883, 0.47329498, 0.16353228, 0.29080415, 0.29008552,
       0.41549997, 0.34911467, 0.30496302, 0.26079164, 0.34222219,
       0.37506055, 0.55146902, 0.63304939, 0.31132794, 0.38209357,
       0.44925231, 0.        , 0.44036926, 0.65302031, 0.24908488,
       0.23853523, 0.16513648, 0.4187137 , 0.38096008, 0.37252875,
       0.45359009, 0.45195006, 0.48906075, 0.32475512, 0.22600645,
       0.50902914, 0.2022861 , 0.49203023, 0.41289268, 0.24059365,
       0.42228986, 0.40238038, 0.20697913, 0.17304656, 0.20279457,
       0.31078436, 0.46715046, 0.36753658, 0.47305643, 0.35835729,
       0.33269593, 0.43636058, 0.36798543, 0.49727566, 0.54525611,
       0.32252162, 0.60654845, 0.40155417, 0.30450903, 0.37897548,
       0.24298657, 0.16454635, 0.57652942, 0.43826105, 0.36678918,
       0.23444159, 0.35844669, 0.31478886, 0.41853365, 0.32184693,
       0.49233178, 0.44580115, 0.53289865, 0.44804824, 0.28069309,
       0.35536984, 0.4784571 , 0.53084398, 0.54643135, 0.35564257,
       0.37985714, 0.25218214, 0.30802922, 0.39160471, 0.41865499,
       0.32528394, 0.37785616, 0.44867208, 0.28430026, 0.36263664,
       0.59009639, 0.40450034, 0.47693457, 0.36142473, 0.39819502,
       0.44180466, 0.24120214, 0.30773162, 0.33461213, 0.5360639 ,
       0.23471632, 0.28077512, 0.32061867, 0.38714597, 0.59687966,
       0.25468859, 0.57586679, 0.29368147, 0.3140387 , 0.53512732,
       0.22902262, 0.41310938, 0.25265452, 0.3036421 , 0.30879965,
       0.57267462, 0.42833979, 0.41767096, 0.33244887, 0.31159527,
       0.27130984, 0.46992561, 0.35902209, 0.54077491, 0.61781859,
       0.27351879, 0.27460118, 0.3110238 , 0.23649542, 0.35074508]), 'delta_distances': array([0., 0., 0., 0., 0., 0., 0., 0., 0., 0., 0., 0., 0., 0., 0., 0., 0.,
       0., 0., 0., 0., 0., 0., 0., 0., 0., 0., 0., 0., 0., 0., 0., 0., 0.,
       0., 0., 0., 0., 0., 0., 0., 0., 0., 0., 0., 0., 0., 0., 0., 0., 0.,
       0., 0., 0., 0., 0., 0., 0., 0., 0., 0., 0., 0., 0., 0., 0., 0., 0.,
       0., 0., 0., 0., 0., 0., 0., 0., 0., 0., 0., 0., 0., 0., 0., 0., 0.,
       0., 0., 0., 0., 0., 0., 0., 0., 0., 0., 0., 0., 0., 0., 0., 0., 0.,
       0., 0., 0., 0., 0., 0., 0., 0., 0., 0., 0., 0., 0., 0., 0., 0., 0.,
       0., 0., 0., 0., 0., 0.]), 'locations': array([ 2,  3,  2,  4,  3,  4,  3,  3,  4,  3, 12,  4, 16,  0,  2,  3,  4,
        2,  3,  3,  3,  4,  2,  0,  4,  3,  2, 14,  4,  3,  2,  3,  3,  4,
        5,  3,  3,  5,  4,  3,  2,  3,  2,  2,  1,  2, 15,  4, 14,  3,  3,
        1,  4,  4,  3,  5,  4,  2,  3,  4,  3,  2, 12,  3,  6, 12,  1,  1,
        4,  2,  4,  2,  5,  3,  3,  4,  2,  4,  3,  2,  3,  3,  2,  2,  4,
        4,  2,  1,  3,  4,  3,  2,  2,  3,  4,  2,  3,  4,  3,  2,  2,  0,
        3,  2,  4,  4,  2,  1,  4,  3,  4,  3,  1,  6,  3,  2,  4,  1,  0,
        1,  5,  2,  4,  1,  3])}, {'ts_index': 66, 'loc': 3, 'gap': 0.19846020067234282, 'distances': array([1.17193006, 0.        , 0.87938996, 0.79234466, 1.11377051,
       0.91249008, 0.93299862, 0.61313101, 1.15147555, 0.79260989,
       1.22033225, 0.77029866, 0.93782531, 0.80326269, 0.81056037,
       0.77477507, 0.54656884, 0.65193383, 0.56419993, 0.73068805,
       0.58126725]), 'delta_distances': array([0., 0., 0., 0., 0., 0., 0., 0., 0., 0., 0., 0., 0., 0., 0., 0., 0.,
       0., 0., 0., 0.]), 'locations': array([ 1,  3,  2,  1,  0,  3,  1,  2, 11,  2,  0,  2,  0,  2,  2,  1,  2,
        3,  3,  2,  3])}], 'clusters': array([1, 4, 1, ..., 1, 1, 1]), 'time': 59.20403695106506}
lenSubsequence: 8{'RI': 0.5000999900009999, 'num_clusters': 5, 'uShapelets': [{'ts_index': 174, 'loc': 4, 'gap': 0.07514602155223465, 'distances': array([0.31154015, 0.46115566, 0.19594546, ..., 0.19446397, 0.23114133,
       0.22848184]), 'delta_distances': array([0., 0., 0., ..., 0., 0., 0.]), 'locations': array([4, 3, 3, ..., 5, 4, 5])}, {'ts_index': 858, 'loc': 5, 'gap': 0.1042165939647835, 'distances': array([0.37451731, 0.67160019, 0.68138516, 0.29505966, 0.70721408,
       0.50204708, 0.36414879, 0.50011207, 0.64466127, 0.54302905,
       0.31836761, 0.5247257 , 0.46109782, 0.32576636, 0.67122642,
       0.25519466, 0.62258352, 0.59962959, 0.34027395, 0.43036843,
       0.64834506, 0.63340317, 0.367365  , 0.3077469 , 0.32898471,
       0.48147738, 0.47474952, 0.67437593, 0.61826413, 0.61458514,
       0.5121102 , 0.69163375, 0.58921211, 0.40726771, 0.52183   ,
       0.73260172, 0.40685662, 0.53565591, 0.38607547, 0.74624866,
       0.47524132, 0.55472395, 0.60153505, 0.56430556, 0.35713574,
       0.66471947, 0.6668353 , 0.66989674, 0.45037885, 0.38430371,
       0.48334646, 0.38291746, 0.50226548, 0.37420643, 0.67758422,
       0.46171254, 0.5250559 , 0.47659931, 0.23177339, 0.30644218,
       0.57847465, 0.67771023, 0.36099472, 0.6930091 , 0.50277081,
       0.66241992, 0.52264165, 0.72556517, 0.62774475, 0.64397679,
       0.30543338, 0.53679857, 0.56339426, 0.64832743, 0.3321087 ,
       0.58661167, 0.62449551, 0.60540917, 0.53519385, 0.5022712 ,
       0.44095208, 0.65874628, 0.75620729, 0.44483311, 0.46241192,
       0.40288076, 0.5646328 , 0.60160735, 0.51365048, 0.47015426,
       0.68218925, 0.23857873, 0.67738192, 0.22969072, 0.49144769,
       0.5395322 , 0.54039648, 0.54101664, 0.63005017, 0.4031866 ,
       0.41391919, 0.49018783, 0.69348306, 0.50900307, 0.61517677,
       0.39003029, 0.60843203, 0.70889541, 0.6412288 , 0.55852695,
       0.65544827, 0.5345843 , 0.31640601, 0.6683702 , 0.31328225,
       0.30482887, 0.59479834, 0.44996993, 0.68478949, 0.64997482,
       0.58030031, 0.60011573, 0.53748647, 0.54750983, 0.74019306,
       0.33629286, 0.33440881, 0.28983527, 0.65481818, 0.41399396,
       0.56440084, 0.39547748, 0.44984065, 0.57990473, 0.60770787,
       0.27544141, 0.34082237, 0.58534999, 0.7011321 , 0.40097611,
       0.68627435, 0.61148652, 0.69264164, 0.        , 0.60763802,
       0.7048444 , 0.28395975, 0.76938063, 0.36458298, 0.69129602,
       0.56304496, 0.20362281, 0.46939278, 0.23469931, 0.70951778,
       0.56655326, 0.4155721 , 0.6000429 , 0.55895038, 0.68396784,
       0.77006973, 0.42837856, 0.66667302, 0.48665247, 0.51421519,
       0.23150732, 0.56375103, 0.41078193, 0.65475076, 0.53089281,
       0.47215568, 0.15963856, 0.42465565, 0.25692715, 0.54185548,
       0.50597408, 0.34712851, 0.69165501, 0.84341883, 0.52060548,
       0.64973555, 0.48506225, 0.57015071, 0.42602712]), 'delta_distances': array([0., 0., 0., 0., 0., 0., 0., 0., 0., 0., 0., 0., 0., 0., 0., 0., 0.,
       0., 0., 0., 0., 0., 0., 0., 0., 0., 0., 0., 0., 0., 0., 0., 0., 0.,
       0., 0., 0., 0., 0., 0., 0., 0., 0., 0., 0., 0., 0., 0., 0., 0., 0.,
       0., 0., 0., 0., 0., 0., 0., 0., 0., 0., 0., 0., 0., 0., 0., 0., 0.,
       0., 0., 0., 0., 0., 0., 0., 0., 0., 0., 0., 0., 0., 0., 0., 0., 0.,
       0., 0., 0., 0., 0., 0., 0., 0., 0., 0., 0., 0., 0., 0., 0., 0., 0.,
       0., 0., 0., 0., 0., 0., 0., 0., 0., 0., 0., 0., 0., 0., 0., 0., 0.,
       0., 0., 0., 0., 0., 0., 0., 0., 0., 0., 0., 0., 0., 0., 0., 0., 0.,
       0., 0., 0., 0., 0., 0., 0., 0., 0., 0., 0., 0., 0., 0., 0., 0., 0.,
       0., 0., 0., 0., 0., 0., 0., 0., 0., 0., 0., 0., 0., 0., 0., 0., 0.,
       0., 0., 0., 0., 0., 0., 0., 0., 0., 0., 0., 0., 0., 0.]), 'locations': array([ 4,  5,  3,  5, 14,  4,  6,  5,  5,  6,  5,  6,  4,  6, 15,  6,  4,
       14,  6,  5,  6,  6,  5,  4,  5, 13,  5,  6,  7,  5, 15,  9,  6,  3,
        6, 15,  6,  4,  6,  5, 15,  6, 14, 13,  6,  6,  5, 15,  4,  5,  4,
        6,  8,  5, 15,  5,  5,  5,  4,  4, 12,  4, 14, 15, 14, 11,  6,  3,
        7, 11,  4,  5,  7, 14,  5, 15, 11,  4,  6,  5, 15,  8, 13, 15,  6,
        3, 13,  4, 14,  5,  5,  5,  2,  6,  5,  6,  5,  5, 13,  3,  4, 12,
       10,  5,  5,  5, 12,  7,  3, 10, 10,  5,  5, 15,  5,  4, 12,  5,  6,
        8,  5,  6,  6,  3, 10,  5,  3,  5, 12,  5,  7,  4,  5,  5, 13,  5,
        6,  3,  6, 14,  6,  5, 12,  5, 14, 10,  4,  6,  4,  6,  7,  5,  4,
        4, 13, 15,  6,  5,  5, 14,  6,  4,  7, 15,  6,  5,  3,  4,  5, 11,
       15,  5,  5,  5,  5, 14,  6, 13,  8,  6,  6,  6,  5,  5])}, {'ts_index': 345, 'loc': 9, 'gap': 0.09028256498120857, 'distances': array([0.31168965, 0.30829291, 0.25831899, 0.30579594, 0.2118771 ,
       0.18364857, 0.34193324, 0.19134952, 0.27316739, 0.2756661 ,
       0.29654642, 0.15796979, 0.37898017, 0.26703245, 0.27660904,
       0.33048064, 0.29965037, 0.55223342, 0.31099535, 0.39900687,
       0.33625709, 0.44941212, 0.52215069, 0.325275  , 0.15475995,
       0.22118145, 0.18190266, 0.59619782, 0.22981491, 0.30784838,
       0.45815684, 0.51487588, 0.40763261, 0.27688764, 0.37967595,
       0.45422484, 0.22178065, 0.35557269, 0.49241543, 0.39130996,
       0.        , 0.1692037 , 0.46526923, 0.29995562, 0.3395884 ,
       0.53198451, 0.30902639, 0.38540293, 0.29445296, 0.40112658,
       0.48388333, 0.44909238, 0.31366408, 0.30584223, 0.3252261 ,
       0.47172883, 0.32849391, 0.38093302, 0.23765623, 0.48072977,
       0.2945404 , 0.30577016, 0.28408496, 0.17908273, 0.13900399,
       0.40230719, 0.333747  , 0.29144867, 0.37566225, 0.36919683,
       0.33029246, 0.21067347, 0.53408998, 0.20360524, 0.61469336,
       0.2081989 , 0.39156026, 0.29418917, 0.27312371, 0.24494358,
       0.34403606, 0.39626802, 0.24312805, 0.22137987, 0.22406179,
       0.45977654, 0.28192342, 0.24644285, 0.67167059, 0.2627018 ,
       0.45432826, 0.28302857, 0.57068843, 0.27893884, 0.33234463,
       0.19655673, 0.40558471, 0.52531327, 0.2399694 , 0.42001058,
       0.29897682, 0.2949506 , 0.2368622 , 0.24105958, 0.27808014,
       0.30699829, 0.48629086, 0.26605183, 0.36071266, 0.30660976,
       0.38777321, 0.33618596, 0.38340555, 0.41329019, 0.32623326,
       0.31629617, 0.5579114 , 0.27249051, 0.35183943, 0.5484271 ,
       0.31131091, 0.43974719, 0.2068577 , 0.25493578, 0.27260471,
       0.25340377, 0.38562798, 0.31058355, 0.21652432, 0.40071269,
       0.17412087, 0.19948911, 0.24162936, 0.25522717, 0.1519524 ,
       0.40364418, 0.20456585, 0.25949353, 0.47933931, 0.29052549,
       0.52455542, 0.35351677, 0.39768816, 0.46620226, 0.32675213,
       0.30227719, 0.33292034, 0.29557806, 0.36006247, 0.26707048,
       0.18758473, 0.37243907]), 'delta_distances': array([0., 0., 0., 0., 0., 0., 0., 0., 0., 0., 0., 0., 0., 0., 0., 0., 0.,
       0., 0., 0., 0., 0., 0., 0., 0., 0., 0., 0., 0., 0., 0., 0., 0., 0.,
       0., 0., 0., 0., 0., 0., 0., 0., 0., 0., 0., 0., 0., 0., 0., 0., 0.,
       0., 0., 0., 0., 0., 0., 0., 0., 0., 0., 0., 0., 0., 0., 0., 0., 0.,
       0., 0., 0., 0., 0., 0., 0., 0., 0., 0., 0., 0., 0., 0., 0., 0., 0.,
       0., 0., 0., 0., 0., 0., 0., 0., 0., 0., 0., 0., 0., 0., 0., 0., 0.,
       0., 0., 0., 0., 0., 0., 0., 0., 0., 0., 0., 0., 0., 0., 0., 0., 0.,
       0., 0., 0., 0., 0., 0., 0., 0., 0., 0., 0., 0., 0., 0., 0., 0., 0.,
       0., 0., 0., 0., 0., 0., 0., 0., 0., 0., 0., 0., 0., 0., 0., 0.]), 'locations': array([ 8, 11,  7, 10,  8,  9,  8, 10,  8,  8, 10,  8, 10, 14, 10, 10,  9,
        7,  7, 10,  9, 14, 10, 11,  9, 11, 10,  8, 10, 10, 10,  0, 10, 10,
       10, 14,  9,  8, 15,  8,  9,  8, 10, 12,  9, 11,  9,  9,  9,  9,  8,
        0,  8, 15, 11, 10,  9,  6,  9, 11, 11, 10, 15,  8, 10,  9,  8, 11,
        0,  7,  9,  8, 11,  7, 10,  9, 14, 12, 11, 10,  9, 10,  9,  7, 15,
       10, 10,  9, 15, 10, 15,  7, 10, 14, 14,  8, 10,  9,  9, 15, 11,  9,
        8, 10,  7, 11, 10,  9,  9,  8,  9,  7, 15,  7,  9,  8,  8,  9, 11,
       12, 14,  8,  8, 10,  9,  8, 12,  9, 10,  9,  8,  8,  9,  8, 11, 11,
       10,  9,  8,  9, 15, 10,  9,  9, 10, 10, 10, 10, 10, 10,  9,  8])}, {'ts_index': 448, 'loc': 10, 'gap': 0.08176612212125495, 'distances': array([0.39863852, 0.32919412, 0.26183272, 0.53150519, 0.26841773,
       0.28296107, 0.43694501, 0.35320798, 0.4792598 , 0.23713927,
       0.29505786, 0.        , 0.34779596, 0.49246477, 0.25884144,
       0.49194156, 0.37443864, 0.3089491 , 0.23485587, 0.39697839,
       0.3455248 , 0.37358372, 0.50264494, 0.25234822, 0.43337655,
       0.2749746 ]), 'delta_distances': array([0., 0., 0., 0., 0., 0., 0., 0., 0., 0., 0., 0., 0., 0., 0., 0., 0.,
       0., 0., 0., 0., 0., 0., 0., 0., 0.]), 'locations': array([ 9, 12, 11,  7, 11,  9,  8, 11, 15,  9,  8, 10, 12,  9, 10, 10,  0,
       15, 10,  9, 10,  9, 12, 10,  0, 10])}], 'clusters': array([1, 3, 1, ..., 1, 1, 1]), 'time': 49.81199312210083}
lenSubsequence: 10{'RI': 0.5018264840182648, 'num_clusters': 4, 'uShapelets': [{'ts_index': 405, 'loc': 10, 'gap': 0.0782296048229596, 'distances': array([0.4266522 , 0.28558484, 0.19029616, ..., 0.2231022 , 0.26524604,
       0.40342783]), 'delta_distances': array([0., 0., 0., ..., 0., 0., 0.]), 'locations': array([ 6, 13,  8, ..., 10,  9,  9])}, {'ts_index': 131, 'loc': 4, 'gap': 0.06395843166867388, 'distances': array([0.24842735, 0.20696174, 0.22020525, 0.1812591 , 0.21076084,
       0.22235728, 0.14789131, 0.17963875, 0.17168436, 0.24999624,
       0.42936451, 0.2041978 , 0.345249  , 0.24617786, 0.22182164,
       0.41046806, 0.27337952, 0.35028927, 0.24940002, 0.24359187,
       0.26735411, 0.32738522, 0.20011504, 0.        , 0.38692807,
       0.27638915, 0.23996268, 0.25177238, 0.32219142, 0.28586726,
       0.21442262, 0.30633376, 0.28253557, 0.27062382, 0.26139751,
       0.34809693, 0.19888582, 0.22442874, 0.25089851, 0.1248552 ,
       0.26286476, 0.1581412 , 0.17481121, 0.34987768, 0.25494992,
       0.3405332 , 0.26460051, 0.30805321, 0.2746368 , 0.46959617,
       0.30551802, 0.17960334, 0.27369019, 0.19586761, 0.23275251,
       0.21123165, 0.2571862 , 0.20247595, 0.24462917, 0.37245194,
       0.33252289, 0.1930965 , 0.1764628 , 0.31085175, 0.32536702,
       0.18490146, 0.19279554, 0.24872638, 0.24518666, 0.47284134,
       0.23376818, 0.26429149, 0.23775773, 0.14014054, 0.15890258,
       0.23847941, 0.20965686, 0.41037928, 0.39171144, 0.2355342 ,
       0.27146429, 0.19923757, 0.24707906, 0.23955002, 0.34198551,
       0.28611592, 0.2611099 , 0.20551757, 0.28782825, 0.15299712,
       0.35661514, 0.29269923, 0.3057422 , 0.29131284, 0.2709738 ,
       0.22998476, 0.19792302, 0.2126846 , 0.21080619, 0.26730202,
       0.19530433, 0.32659516, 0.22009414, 0.24046979, 0.36619186,
       0.223124  , 0.18255909, 0.25655263, 0.2357659 , 0.23396226,
       0.23710957, 0.35035108, 0.21521431, 0.26834826, 0.16660333,
       0.43024594, 0.27999227, 0.1983814 , 0.2272105 , 0.41544148,
       0.25121186, 0.24061203, 0.17142194, 0.15635258, 0.28396325,
       0.42796323, 0.36362488, 0.24166268, 0.24446836, 0.37218827,
       0.32230394, 0.33749735, 0.20805031, 0.41891389, 0.41056869,
       0.18720438, 0.18951636, 0.36182805, 0.24395717, 0.3420151 ,
       0.25043324, 0.24580151, 0.42083505, 0.24449597, 0.25263315,
       0.34868943, 0.18929865, 0.23732385, 0.28087563, 0.16392407,
       0.24964172, 0.25853644, 0.25196849, 0.1596964 , 0.15072886,
       0.47330788, 0.18824726, 0.26216459, 0.31083777, 0.35983525,
       0.27266624, 0.43037732, 0.13866103, 0.31959146, 0.16450365,
       0.27813132, 0.22322509, 0.34963245, 0.51731208, 0.25721164,
       0.15616242, 0.40459417, 0.307309  , 0.29502776, 0.28736661,
       0.20745696, 0.29904811, 0.24153795, 0.3779031 , 0.26268178,
       0.48767275, 0.2883952 , 0.28121598, 0.26744932]), 'delta_distances': array([0., 0., 0., 0., 0., 0., 0., 0., 0., 0., 0., 0., 0., 0., 0., 0., 0.,
       0., 0., 0., 0., 0., 0., 0., 0., 0., 0., 0., 0., 0., 0., 0., 0., 0.,
       0., 0., 0., 0., 0., 0., 0., 0., 0., 0., 0., 0., 0., 0., 0., 0., 0.,
       0., 0., 0., 0., 0., 0., 0., 0., 0., 0., 0., 0., 0., 0., 0., 0., 0.,
       0., 0., 0., 0., 0., 0., 0., 0., 0., 0., 0., 0., 0., 0., 0., 0., 0.,
       0., 0., 0., 0., 0., 0., 0., 0., 0., 0., 0., 0., 0., 0., 0., 0., 0.,
       0., 0., 0., 0., 0., 0., 0., 0., 0., 0., 0., 0., 0., 0., 0., 0., 0.,
       0., 0., 0., 0., 0., 0., 0., 0., 0., 0., 0., 0., 0., 0., 0., 0., 0.,
       0., 0., 0., 0., 0., 0., 0., 0., 0., 0., 0., 0., 0., 0., 0., 0., 0.,
       0., 0., 0., 0., 0., 0., 0., 0., 0., 0., 0., 0., 0., 0., 0., 0., 0.,
       0., 0., 0., 0., 0., 0., 0., 0., 0., 0., 0., 0., 0., 0.]), 'locations': array([ 1,  1,  1,  2,  4,  5,  1, 11, 11,  0,  0,  9,  1,  2,  3,  0,  0,
        3, 12,  1,  0,  1,  3,  4,  2,  0,  1, 13,  0,  0, 12,  1,  1,  1,
        0,  5,  0,  0,  0,  9,  1,  4,  4,  1,  3,  0,  8,  0, 13,  9,  0,
        0, 11,  0,  0,  3,  1,  0,  0,  4,  1, 12, 12,  1, 12,  0,  0,  1,
        1,  0,  2,  0,  0, 10, 11,  0,  2,  0, 11,  4,  0,  1,  7, 12,  3,
        1,  2,  1, 13,  0, 11,  0,  1,  1,  1,  4, 11,  1,  3, 13,  0,  1,
        1,  0,  0,  8,  0, 13,  4,  0,  1,  0,  3,  1, 11,  1,  1,  3,  2,
        0, 12,  9,  4,  1,  2, 13, 10,  3,  0,  1,  9,  1,  1,  1,  1,  2,
        1,  0,  4,  0,  0,  1,  5,  1, 12,  8,  4,  0, 12,  2, 10, 12,  1,
        4,  4,  2,  3,  0,  1,  2,  1,  3,  2,  1, 12,  0,  4,  0, 13,  0,
        4, 11, 13, 10,  0,  6,  6, 10,  3,  0,  0, 13, 12,  2])}, {'ts_index': 593, 'loc': 3, 'gap': 0.06141018116408936, 'distances': array([0.30944104, 0.28151975, 0.39880238, 0.50629997, 0.19546281,
       0.59135009, 0.29562295, 0.32890567, 0.29761378, 0.54131567,
       0.29064521, 0.32185484, 0.        , 0.27691383, 0.22678964,
       0.47146108, 0.43402464, 0.31334417, 0.27260013, 0.27750951,
       0.27739192, 0.3974349 , 0.27783817, 0.37591721, 0.36727895,
       0.21113176, 0.28575899, 0.26340733, 0.42300667, 0.4221351 ,
       0.34785506]), 'delta_distances': array([0., 0., 0., 0., 0., 0., 0., 0., 0., 0., 0., 0., 0., 0., 0., 0., 0.,
       0., 0., 0., 0., 0., 0., 0., 0., 0., 0., 0., 0., 0., 0.]), 'locations': array([ 3,  4, 12,  6,  3,  2,  4,  3, 12, 13,  3,  4,  3,  3,  3,  5, 10,
        3,  3,  3,  4,  4, 12,  4,  5,  4,  2,  2,  9,  4,  3])}], 'clusters': array([2, 1, 1, ..., 1, 1, 2]), 'time': 41.86654353141785}
