lenSubsequence: 10{'RI': 0.518643216080402, 'num_clusters': 2, 'uShapelets': [{'ts_index': 92, 'loc': 58, 'gap': 2.2707810924877045, 'distances': array([4.672264 , 2.8458187, 4.7186784, 3.3220633, 0.7471969, 3.2936349,
       4.2641456, 3.8892171, 3.4483049, 4.6622417, 4.0080273, 4.8888816,
       3.7659449, 4.5177142, 4.001113 , 4.9034858, 4.5559931, 4.4185268,
       0.8584666, 1.340723 , 4.555331 , 3.9666288, 4.3340794, 2.8634876,
       4.4831101, 4.2542007, 4.4853613, 4.5840733, 3.4997747, 4.2647084,
       4.5279931, 3.1515492, 4.9647769, 4.267317 , 1.3792064, 5.078257 ,
       4.3118995, 1.248218 , 3.7836686, 4.3327569, 4.7421284, 4.6884782,
       4.5290281, 3.9300689, 4.2240314, 3.5453686, 0.383753 , 4.2326018,
       4.7169044, 4.6252901, 3.3700377, 4.1527637, 3.4638962, 2.3238883,
       4.0655185, 2.6299064, 4.7347189, 3.7859057, 4.3199954, 4.1214322,
       4.9469392, 0.2629084, 4.111597 , 3.6732554, 4.8560272, 2.615787 ,
       4.1213509, 1.5835265, 4.42075  , 0.3892995, 0.7516735, 3.3700559,
       4.7840422, 4.3743034, 0.4987334, 4.1116569, 3.5044619, 4.4887508,
       4.9167995, 4.241881 , 3.8071801, 1.0692362, 4.9769538, 1.0597459,
       3.5227574, 3.6844074, 4.9832521, 1.0867136, 0.5286604, 1.5199038,
       4.0087546, 0.6393823, 0.       , 3.4736128, 3.5821433, 4.7913661,
       4.3453523, 3.6147251, 3.7810447, 4.5790449, 2.215052 , 3.5011968,
       4.2004155, 4.4199601, 1.1445327, 4.9123137, 4.462397 , 0.5381704,
       1.7750183, 4.3202604, 3.6659788, 4.6644683, 4.6007552, 4.8720583,
       4.5177413, 1.4150995, 4.4216863, 4.0103223, 5.38083  , 5.2575533,
       4.757879 , 4.9798262, 4.755667 , 3.6390986, 0.5541437, 3.4480427,
       4.9090978, 5.5694598, 3.9414891, 4.714111 , 0.3102492, 0.7849927,
       3.4707192, 4.9968649, 4.0532393, 0.6331443, 0.964105 , 4.0757961,
       0.3849765, 3.6110487, 4.9036606, 4.5158606, 4.8768618, 4.0489424,
       4.8724448, 1.0740913, 4.3461695, 4.0752471, 5.3800432, 4.3606694,
       4.6138682, 4.5321669, 2.60934  , 0.9916472, 5.2796899, 4.0365655,
       3.440871 , 3.4788688, 4.7238846, 1.0613632, 4.5517034, 3.9057126,
       4.7684404, 4.8589015, 4.6599026, 4.7092013, 3.5873793, 0.133108 ,
       3.7438261, 5.1396298, 3.5677776, 3.9368183, 3.9048951, 0.739469 ,
       4.2560423, 4.3303986, 0.3072149, 1.3304482, 4.2927664, 4.7232133,
       1.4436689, 4.3051853, 1.8255195, 4.3240603, 4.7322708, 4.0324029,
       4.3560507, 0.5134576, 3.4722485, 2.7013325, 3.8146131, 4.9753563,
       3.89347  , 0.2753458, 4.266664 , 0.6309206, 3.8581047, 4.5201669,
       0.9212238, 3.8229723]), 'delta_distances': array([6.523791 , 3.652245 , 5.354177 , 3.7526736, 2.487646 , 4.9193408,
       6.0854938, 4.3955508, 4.6769594, 5.6260964, 6.434986 , 6.078189 ,
       4.5123006, 6.7719158, 4.7227408, 5.6582384, 6.2894218, 6.790576 ,
       3.0198634, 4.7559418, 6.0572688, 4.056309 , 6.5148898, 6.1938832,
       7.7722822, 5.392615 , 5.56892  , 5.1897874, 5.8492586, 5.2921764,
       5.159163 , 3.963033 , 7.236522 , 5.1553972, 4.1737458, 5.182614 ,
       6.0893974, 3.4911508, 4.225577 , 4.8074404, 5.087576 , 4.9993012,
       6.3664642, 5.7639688, 5.4277572, 5.5939104, 1.592841 , 5.368478 ,
       4.873897 , 4.9811096, 4.2818938, 6.6808964, 6.1176724, 3.813677 ,
       5.9477972, 6.0917298, 5.3576034, 6.6041924, 7.1498456, 5.4305528,
       7.5753224, 1.4132848, 7.2971546, 6.96574  , 5.300519 , 5.007201 ,
       4.5740642, 2.9403598, 7.2068198, 2.0957886, 2.4623196, 4.7863638,
       6.9325692, 7.0767266, 1.9223628, 6.4326088, 4.6006282, 5.7515914,
       5.8023746, 6.3999496, 4.9797336, 4.0267106, 6.7101894, 3.5117154,
       5.2705078, 5.6604762, 6.0184082, 3.637726 , 2.193328 , 3.8201572,
       5.3846332, 2.1325412, 0.       , 6.801591 , 5.965537 , 4.3018414,
       5.5163434, 5.4978804, 5.7419   , 5.9337454, 4.6367942, 5.3918634,
       7.5083256, 6.1995756, 3.6110374, 5.5733036, 5.8183952, 2.0525324,
       3.028968 , 7.3110034, 5.6138346, 5.8114046, 6.246917 , 4.5992132,
       5.3237482, 4.0353858, 5.5442076, 6.3417044, 5.6852832, 7.8300104,
       6.546365 , 4.9335036, 8.5742872, 6.4362802, 2.6604774, 4.7687118,
       4.8766552, 7.5447268, 5.3520486, 7.0551114, 1.5940004, 2.1097676,
       5.5439324, 5.778176 , 4.882293 , 2.1566442, 2.7076382, 5.5059062,
       1.8645406, 6.8701814, 6.0927912, 4.8255916, 4.6361068, 4.8128168,
       4.5722686, 2.8178294, 5.4637098, 6.0895564, 5.9930424, 4.8455454,
       6.6241042, 7.1190782, 2.950085 , 3.5815754, 7.1724554, 5.5439814,
       5.4754092, 5.6683874, 5.519456 , 2.7963122, 5.1533428, 5.234605 ,
       6.4195776, 4.8204726, 5.5155982, 6.6847606, 5.8147702, 0.7847756,
       5.2686802, 7.2802764, 4.2623222, 5.422174 , 5.5119506, 1.9817818,
       6.0481828, 5.0271106, 1.6541484, 3.3329872, 5.7986796, 6.3864392,
       3.869455 , 4.7254332, 4.5605086, 4.3167788, 5.4019514, 6.0619888,
       5.6891392, 1.7763084, 4.0831504, 5.8329446, 5.3816366, 7.2645302,
       6.5037212, 1.164257 , 6.0479996, 1.9253146, 5.4276574, 4.4466104,
       2.7362434, 4.6919364]), 'locations': array([131,  88, 128,  55,  79,  97,  72,  65,  59, 156, 106,   2, 138,
       119, 174, 148,  44, 117,  98,  90, 167,  95,  91,  75,  79, 150,
        88, 176, 142,  98, 173,  70,  14,  82,  59, 123, 149,  73, 108,
       120, 131, 141,  73,  62, 133,  33,  49,  86,  68, 107,  71,  66,
        92, 103, 144,  74, 134,  76, 122, 131, 147,  86,  96,  96, 140,
        62,  90,  88,  35,  58,  71,  59, 135,  90,  47,  28,  53, 125,
       124,  53,   9, 101, 105,  97,  88,  42, 106,  95,  82,  63, 123,
        53,  58,  74, 101, 200,  74,  94, 123, 113,  51,  97, 108,  93,
        62, 164, 158,  49, 114, 125, 154, 104,  96, 199, 111,  97, 141,
        77, 166,  93, 120, 125,  91,  50,  89,  98, 167, 111,  97, 113,
        93,  51, 110, 158,  72, 107,  60,  84,  48,  49, 158, 140, 204,
       173, 182,  84, 136,  83, 171,  42,  95,  99,  68,  60, 115,  10,
        22,  61,  49,  81, 152,  41, 128, 173, 155,  19,   6,  85, 113,
       109,  63, 137,  70,  53, 107, 161,  64,  81,  86, 138,  47, 162,
        94, 184, 108, 118, 163,  88, 103,  72,  95, 140, 114, 106,  85,
        91,  49, 183,  94,  71])}], 'clusters': array([0, 0, 0, 0, 1, 0, 0, 0, 0, 0, 0, 0, 0, 0, 0, 0, 0, 0, 1, 1, 0, 0,
       0, 0, 0, 0, 0, 0, 0, 0, 0, 0, 0, 0, 1, 0, 0, 1, 0, 0, 0, 0, 0, 0,
       0, 0, 1, 0, 0, 0, 0, 0, 0, 0, 0, 0, 0, 0, 0, 0, 0, 1, 0, 0, 0, 0,
       0, 1, 0, 1, 1, 0, 0, 0, 1, 0, 0, 0, 0, 0, 0, 1, 0, 1, 0, 0, 0, 1,
       1, 1, 0, 1, 1, 0, 0, 0, 0, 0, 0, 0, 0, 0, 0, 0, 1, 0, 0, 1, 0, 0,
       0, 0, 0, 0, 0, 1, 0, 0, 0, 0, 0, 0, 0, 0, 1, 0, 0, 0, 0, 0, 1, 1,
       0, 0, 0, 1, 1, 0, 1, 0, 0, 0, 0, 0, 0, 1, 0, 0, 0, 0, 0, 0, 0, 1,
       0, 0, 0, 0, 0, 1, 0, 0, 0, 0, 0, 0, 0, 1, 0, 0, 0, 0, 0, 1, 0, 0,
       1, 1, 0, 0, 1, 0, 0, 0, 0, 0, 0, 1, 0, 0, 0, 0, 0, 1, 0, 1, 0, 0,
       1, 0]), 'time': 621.6782605648041}
lenSubsequence: 11{'RI': 0.5097487437185929, 'num_clusters': 2, 'uShapelets': [{'ts_index': 107, 'loc': 47, 'gap': 2.298163869782062, 'distances': array([4.36192309, 2.49134409, 5.74088682, 4.62523773, 1.30148455,
       5.053983  , 4.76301218, 4.98367245, 4.41265791, 5.68414382,
       4.91232036, 5.35324664, 3.934095  , 5.25816236, 4.76396882,
       5.211298  , 5.02652791, 4.70926873, 1.20057236, 0.73431164,
       5.34489764, 4.66392655, 5.33359364, 3.61165627, 4.88209591,
       5.13664009, 5.46718355, 5.17372127, 3.98379773, 5.03304336,
       5.27996436, 4.09202809, 5.63814555, 5.13256309, 1.87967164,
       5.75349582, 5.197312  , 1.76262018, 4.94583064, 4.76053391,
       5.16983527, 5.02291173, 5.17319145, 4.21158591, 4.90809109,
       4.07351582, 0.61653073, 4.95218927, 5.13577036, 5.58588045,
       4.63611918, 5.25582473, 4.46872609, 2.65471245, 4.94237682,
       2.55232482, 5.87527418, 4.44438745, 4.44327845, 4.34506009,
       5.62884918, 1.21716936, 4.65134909, 3.25811309, 5.52819873,
       1.90868655, 4.64183864, 1.49385964, 5.13449173, 1.15867291,
       0.67714845, 4.37147973, 5.31057191, 4.691555  , 0.38204918,
       4.44100755, 4.17157555, 5.48317118, 5.56125   , 4.56546145,
       4.79385736, 1.10533627, 5.55202573, 1.70111409, 3.52711036,
       3.94377764, 5.711632  , 1.13862982, 0.34533564, 1.49121873,
       4.35658282, 1.40051827, 0.51457718, 4.60591   , 4.41395773,
       5.72850982, 4.68058155, 4.45558236, 4.05771736, 4.82879582,
       2.23596818, 3.65539209, 5.17537955, 4.92969164, 1.03634373,
       5.37798918, 5.00522591, 0.        , 2.32152355, 4.95529527,
       4.92580636, 5.41349882, 5.16352345, 5.82234109, 5.47701791,
       1.68550209, 5.44688027, 5.17838236, 5.75722336, 6.11199209,
       5.71043364, 5.44738764, 5.103454  , 4.74765509, 0.18792727,
       4.195181  , 5.36790009, 5.86202845, 5.16245491, 5.34762945,
       1.45935809, 0.96973209, 3.93580009, 5.63303164, 5.10856418,
       1.577626  , 1.73158   , 5.13124382, 0.89196045, 3.32425273,
       5.79357409, 4.84280927, 5.43970845, 4.62579155, 5.51584755,
       0.69616964, 5.337031  , 5.35614373, 5.90814927, 4.31045573,
       5.58854618, 4.76375791, 3.12619955, 1.61061209, 6.22603073,
       4.65409645, 4.01549918, 4.42225527, 5.30744264, 1.35464218,
       5.06929673, 5.20034509, 4.88358782, 5.57095409, 4.55783409,
       5.52189455, 4.32983709, 0.446074  , 4.54182545, 5.78337209,
       4.77033173, 4.63986264, 4.80175991, 1.10430118, 4.95231236,
       4.86331918, 0.42284836, 2.45868836, 5.50108773, 5.383568  ,
       2.47435764, 4.79838264, 2.06341727, 4.57815691, 4.72556709,
       4.73743482, 5.26190291, 2.38871255, 4.47807945, 2.23155909,
       4.63394164, 5.58797609, 4.768541  , 1.31470091, 4.67494391,
       1.25144927, 4.176976  , 5.08731773, 2.02541818, 4.61348309]), 'delta_distances': array([5.166252  , 4.475186  , 5.74951509, 6.87969382, 3.41200691,
       6.12687218, 6.01701491, 5.62479418, 5.68427818, 6.38117836,
       7.44526782, 7.287448  , 5.13088164, 5.75790636, 5.57636527,
       5.97043164, 6.98261036, 6.20437564, 3.50229909, 2.41997327,
       6.34359255, 5.96471   , 6.03388764, 7.083006  , 7.31296418,
       5.73196218, 7.90144673, 5.57259909, 5.63997236, 6.49850345,
       4.93709709, 5.46153655, 7.06967236, 6.19815618, 4.45052945,
       5.45883473, 7.51358473, 3.81330582, 7.278032  , 5.601766  ,
       5.85353036, 6.13516145, 6.80468   , 4.80257782, 6.14817127,
       6.12905691, 2.02025618, 6.48782273, 6.96578618, 5.888298  ,
       5.91705673, 7.24546618, 5.93965164, 4.61717018, 7.34964345,
       5.46399745, 5.32284273, 6.72861055, 5.83863145, 5.86009945,
       5.39879327, 3.42612182, 8.17605327, 6.98878545, 5.44089309,
       3.12232782, 5.88246745, 2.85475982, 7.41235927, 2.92465182,
       2.09466945, 5.77492127, 7.047382  , 7.73480982, 1.50633618,
       7.23252527, 4.754908  , 5.55408873, 6.57323927, 6.04389545,
       7.07731509, 3.11942745, 6.03751345, 3.881236  , 5.94071364,
       5.83562655, 6.38037436, 3.34977182, 1.42879164, 3.67084764,
       6.65269073, 3.55330291, 1.945826  , 8.279036  , 5.83516036,
       4.50024164, 6.43717818, 5.89277436, 5.85587236, 6.51135582,
       3.969982  , 5.32463327, 7.56614309, 7.29766745, 2.58877073,
       5.87246236, 6.13549891, 0.        , 3.53081345, 7.48991527,
       6.28020255, 6.51591164, 6.25763709, 4.89337109, 6.31399945,
       4.07869709, 4.82063491, 6.63666982, 5.89043291, 7.15725655,
       5.44425582, 6.76174164, 7.76890509, 8.22375655, 1.18972618,
       6.00166073, 5.82487455, 7.39144491, 6.35042818, 5.80635327,
       3.06978909, 2.67332345, 6.18384182, 5.68282818, 6.56953909,
       4.21569673, 3.74705436, 6.64560273, 3.328494  , 6.56732891,
       7.41039964, 5.08137909, 4.90238673, 4.92102418, 4.97653127,
       2.04929945, 7.48255873, 6.56711836, 7.84335909, 4.83443109,
       8.87693764, 6.13110727, 4.63668655, 4.219118  , 6.63725382,
       6.20837145, 5.91968255, 6.21555364, 5.30055909, 3.456164  ,
       5.21200909, 5.91178836, 6.74837473, 5.03123545, 5.67440491,
       7.23284018, 6.26064964, 1.86279473, 5.53824055, 7.54828455,
       4.95148636, 5.79877   , 5.75998091, 2.30568273, 6.48881909,
       7.21441745, 1.89670327, 4.411228  , 7.83556255, 5.483488  ,
       5.27543673, 5.80943164, 4.82996091, 5.99987455, 5.68233618,
       6.19215255, 5.88433636, 3.633068  , 5.39766127, 4.41848818,
       6.60043255, 6.68687855, 7.37562309, 2.82585345, 6.17737309,
       3.50337727, 6.10425709, 5.45331527, 4.94872545, 7.41151309]), 'locations': array([130,  87, 127,  19,  77,  95,  52,  64,  58, 136, 105,  34,  84,
       106, 172, 147,  43, 115,  96,  88, 106,  94, 149,  73,  43, 149,
        87, 173, 141,  97, 170,  69,  39,  16,  57, 122, 148,  71,  50,
       118, 130, 140,  46,  61, 132,  31,  47,  85,  67, 151,  68,  64,
        89, 101,  99,  71, 158,  75, 121, 130, 168,  84,  93,  94, 138,
        61,  23,  86,  34,  56,  69,  34, 132,  88,  45,  27,  52, 165,
       103,  52,  62,  98, 122,  95,  86,  39,  94,  93,  80,  61, 122,
        51,  56,  72, 100, 196,  41,  64, 121, 112,  49,  74, 106,  92,
        59, 161, 156,  47, 112, 122, 153,  94,  94, 197, 108,  95, 195,
        62, 163,  99, 180, 109,  88,  36,  87,   6, 166, 128,  68, 131,
        91,  49, 108, 156,  71, 105,  57,  82,  46,  48,  75, 137, 201,
       170, 181,  82, 145,  80, 119,  40, 115,  98,  67,  58, 114,   8,
        20,  58,  47,  79, 149,  15, 118, 172, 154,  18,   4,  83, 112,
       107,  60, 135,  16,  51,  82, 118,  62,  78, 104, 158,  45, 161,
        92, 112, 107, 115, 162,  87,  95,  70,  94, 137, 112, 104,  82,
        90,  47, 180,  92,  27])}], 'clusters': array([0, 0, 0, 0, 1, 0, 0, 0, 0, 0, 0, 0, 0, 0, 0, 0, 0, 0, 1, 1, 0, 0,
       0, 0, 0, 0, 0, 0, 0, 0, 0, 0, 0, 0, 1, 0, 0, 1, 0, 0, 0, 0, 0, 0,
       0, 0, 1, 0, 0, 0, 0, 0, 0, 0, 0, 0, 0, 0, 0, 0, 0, 1, 0, 0, 0, 1,
       0, 1, 0, 1, 1, 0, 0, 0, 1, 0, 0, 0, 0, 0, 0, 1, 0, 1, 0, 0, 0, 1,
       1, 1, 0, 1, 1, 0, 0, 0, 0, 0, 0, 0, 0, 0, 0, 0, 1, 0, 0, 1, 0, 0,
       0, 0, 0, 0, 0, 1, 0, 0, 0, 0, 0, 0, 0, 0, 1, 0, 0, 0, 0, 0, 1, 1,
       0, 0, 0, 1, 1, 0, 1, 0, 0, 0, 0, 0, 0, 1, 0, 0, 0, 0, 0, 0, 0, 1,
       0, 0, 0, 0, 0, 1, 0, 0, 0, 0, 0, 0, 0, 1, 0, 0, 0, 0, 0, 1, 0, 0,
       1, 0, 0, 0, 0, 0, 1, 0, 0, 0, 0, 0, 0, 0, 0, 0, 0, 1, 0, 1, 0, 0,
       1, 0]), 'time': 617.3995926380157}
lenSubsequence: 12{'RI': 0.5652763819095478, 'num_clusters': 2, 'uShapelets': [{'ts_index': 107, 'loc': 51, 'gap': 2.319020250547528, 'distances': array([5.57222175, 2.75251967, 5.96979542, 3.80161275, 1.67074617,
       4.46426983, 4.40407008, 3.86178617, 4.13357442, 5.97813917,
       4.71463608, 6.64409508, 5.52631433, 5.82522742, 5.00937125,
       6.47242992, 5.36266225, 4.97994708, 1.962406  , 1.85474458,
       5.76384908, 5.22218675, 4.73264058, 4.16149392, 4.70480467,
       5.767088  , 6.02392667, 5.53416133, 5.32749217, 5.57757758,
       5.14510075, 3.454892  , 5.64785667, 4.1639815 , 2.44570983,
       6.3248895 , 5.23839842, 1.96628733, 4.32176875, 5.92125783,
       6.70622908, 6.72663308, 5.22335567, 5.420442  , 6.3618275 ,
       5.48582342, 0.81617942, 5.61594167, 5.85655325, 6.34535783,
       3.94184708, 5.25135283, 5.28832067, 1.04743433, 5.68652275,
       2.64821283, 6.078257  , 5.44949608, 5.79684658, 6.69870358,
       6.04667558, 1.73116683, 4.82411158, 4.14435792, 6.07249842,
       1.80279558, 4.77156217, 1.66461083, 4.531928  , 1.00247967,
       1.05242775, 4.01938767, 6.465709  , 6.27821383, 0.76735617,
       3.86447658, 4.19211917, 6.47073717, 6.16656275, 3.87717133,
       5.461568  , 1.07913333, 6.53247975, 1.93923892, 2.12230033,
       3.65043067, 6.46819133, 2.11319158, 1.02251042, 2.60668933,
       6.25445592, 2.05264842, 0.86355817, 4.60885067, 5.81858083,
       6.37350742, 3.6183325 , 3.7764005 , 4.91018775, 4.72752842,
       1.38438758, 4.20244825, 6.45511858, 6.154958  , 1.86844192,
       6.64585425, 5.81860025, 0.        , 1.40359417, 5.81780692,
       4.41734317, 5.72214283, 5.96424808, 6.52908233, 5.41529108,
       1.44300067, 5.60524058, 4.930769  , 6.48944833, 6.16862358,
       5.73809025, 6.49962967, 6.11641225, 4.39169258, 0.20179167,
       3.67942225, 5.93012833, 5.69825525, 4.02093383, 5.930812  ,
       1.60445375, 1.154778  , 5.44534858, 7.441241  , 4.05804992,
       1.85491417, 1.52502167, 4.18644083, 1.27800125, 2.81443433,
       6.006219  , 5.77305392, 6.6257705 , 5.66128725, 6.11442767,
       0.67590208, 6.0889875 , 5.81575758, 6.03429675, 5.52261358,
       5.73519308, 6.32992042, 2.743473  , 1.72812225, 6.05191292,
       4.25105708, 5.09484108, 3.60042275, 5.39600458, 2.36415975,
       5.18095983, 4.42479933, 6.41032242, 6.113635  , 6.59252608,
       4.32635358, 4.34219317, 1.25892925, 5.46009   , 6.01416525,
       4.12162283, 5.96510442, 4.90612517, 0.95733975, 5.49141525,
       6.08809617, 0.60030883, 1.81569717, 5.65912217, 6.61147542,
       1.81427342, 5.910901  , 1.87986667, 6.418676  , 6.21980542,
       5.28117083, 5.89088383, 0.94464767, 3.84595017, 2.25779567,
       5.07143825, 6.46387867, 5.2496355 , 0.704057  , 5.95404867,
       1.33558817, 3.26053558, 6.94876067, 1.089119  , 4.05651325]), 'delta_distances': array([6.376382  , 5.235145  , 6.24626767, 5.800257  , 3.9578325 ,
       6.7751855 , 6.337098  , 4.94040667, 6.4610505 , 6.451     ,
       6.81125033, 9.62294783, 7.03159217, 7.33123733, 5.97836467,
       7.6308195 , 6.91655767, 8.37733717, 4.90802617, 4.15998933,
       7.21632367, 7.788949  , 7.8223045 , 8.58804117, 8.3434725 ,
       6.88746833, 7.68834367, 6.88026417, 7.36590033, 7.15520317,
       7.18533667, 5.84763233, 8.28071817, 5.9259465 , 5.02769   ,
       9.28268717, 6.88300083, 4.55858783, 7.15719567, 6.6208035 ,
       7.27824733, 8.16589633, 6.8810565 , 7.8286075 , 8.24625867,
       8.16016317, 2.67736533, 7.66298933, 7.72927633, 7.44520617,
       5.56922867, 7.62025817, 7.68847633, 2.84001983, 7.24646083,
       5.62215167, 7.8334125 , 6.91022667, 7.69382367, 7.68404367,
       6.57308483, 3.21503517, 7.84808483, 6.0452415 , 8.83799633,
       3.14056633, 6.37266967, 4.32356833, 6.137319  , 3.39577467,
       2.72555817, 6.40342433, 8.02966317, 9.30176167, 3.023688  ,
       5.67637017, 6.43585717, 8.6818745 , 7.6371885 , 5.9896385 ,
       8.3701095 , 3.54115433, 7.48999967, 4.598909  , 3.60568   ,
       5.0548765 , 7.64274017, 5.2393435 , 3.13748133, 5.59127167,
       8.28126267, 4.59191683, 3.09364433, 6.81392   , 6.9583775 ,
       6.28682383, 5.4679055 , 6.04951167, 8.05191383, 7.2651685 ,
       3.43788583, 5.2745535 , 7.41990717, 8.55671117, 4.1990425 ,
       8.30364317, 8.169351  , 0.        , 3.38192517, 7.0478285 ,
       6.97905533, 7.49051383, 7.840982  , 5.9317005 , 7.41177283,
       3.679638  , 7.8424055 , 6.0334475 , 7.41619533, 8.597616  ,
       9.450785  , 7.961044  , 8.326684  , 7.38718217, 1.57272833,
       5.211852  , 7.00072017, 8.272817  , 6.22179083, 6.89575717,
       4.07535667, 3.42307033, 8.96853383, 8.07384433, 6.40133017,
       4.7292    , 3.5411715 , 6.3307005 , 3.19031117, 5.222027  ,
       9.19658017, 9.43263317, 5.89841567, 6.15281433, 9.41343233,
       2.53752517, 8.5436205 , 8.02772833, 8.075108  , 6.892428  ,
       8.77933333, 6.8801835 , 4.118295  , 4.58949   , 9.24461483,
       6.42174133, 6.79629417, 5.82807983, 7.510264  , 5.620212  ,
       8.39415383, 5.85787767, 6.5201195 , 8.17464633, 7.14966917,
       5.36435883, 5.72287183, 3.34240117, 6.97851783, 7.9595355 ,
       5.240703  , 7.92793417, 7.6643195 , 3.13579133, 8.981596  ,
       8.434629  , 2.62551483, 4.22655383, 7.63360517, 7.92761783,
       4.46863083, 7.32165433, 3.99447483, 6.17939433, 7.74822767,
       7.33381333, 8.397645  , 2.92565867, 5.64033583, 4.38116117,
       7.00870783, 7.83570717, 6.83413783, 2.46832083, 8.09086767,
       3.44790483, 5.64595683, 6.83613033, 3.1223635 , 5.176224  ]), 'locations': array([134,  91, 161,  56,  81,  98,  74,  68,  62,  15, 107,  10,  88,
       110, 175, 151,  52,  91, 100,  91, 110,  98,  92,  76,  80, 151,
        88, 118, 145,  99,  37,  73,  74,  83,  61,  98, 150,  75, 111,
       122, 160,  44,  89,  32,  84,  72,  51,  88,  69, 108,  72,  67,
        93, 105, 145,  75, 135,  90,  31, 132,  37,  87,  97, 104,  79,
        65,  93,  90,  80,  60,  73,  59, 121,  91,  49, 114,  88, 126,
        75,  66,  68, 103, 108,  99,  90,  88, 142,  97,  84,  66, 134,
        55,  60,  89, 167,  42,  90,  95, 124, 116,  53, 104, 125, 140,
        63,  73,  63,  51, 117,  22, 123, 105, 136, 200,  87,  99,  14,
        92,  10, 103, 101, 150,  98,  52,  91, 101, 170,  65,  99,  60,
        95,  52, 112,  30,  74, 109,  62,  86,  49,  52,  79,  84, 205,
       174,  87,  86,   8, 127,  38,  43,  96, 166,  70,  62,  65,  70,
        24,  62,  68,  83,  53,  85, 156,  99,  51,  76,  94,  87, 115,
       111,  64, 139,  72,  56,  72, 109,  66,  84,  86,  63,  49,  99,
        97, 185, 128, 121, 110,  90, 104,  74,  96, 141, 115, 108,  86,
        94,  95, 184,  95,  72])}], 'clusters': array([0, 0, 0, 0, 1, 0, 0, 0, 0, 0, 0, 0, 0, 0, 0, 0, 0, 0, 1, 1, 0, 0,
       0, 0, 0, 0, 0, 0, 0, 0, 0, 0, 0, 0, 1, 0, 0, 1, 0, 0, 0, 0, 0, 0,
       0, 0, 1, 0, 0, 0, 0, 0, 0, 1, 0, 0, 0, 0, 0, 0, 0, 1, 0, 0, 0, 1,
       0, 1, 0, 1, 1, 0, 0, 0, 1, 0, 0, 0, 0, 0, 0, 1, 0, 1, 1, 0, 0, 1,
       1, 0, 0, 1, 1, 0, 0, 0, 0, 0, 0, 0, 1, 0, 0, 0, 1, 0, 0, 1, 1, 0,
       0, 0, 0, 0, 0, 1, 0, 0, 0, 0, 0, 0, 0, 0, 1, 0, 0, 0, 0, 0, 1, 1,
       0, 0, 0, 1, 1, 0, 1, 0, 0, 0, 0, 0, 0, 1, 0, 0, 0, 0, 0, 0, 0, 1,
       0, 0, 0, 0, 0, 1, 0, 0, 0, 0, 0, 0, 0, 1, 0, 0, 0, 0, 0, 1, 0, 0,
       1, 1, 0, 0, 1, 0, 1, 0, 0, 0, 0, 1, 0, 1, 0, 0, 0, 1, 0, 1, 0, 0,
       1, 0]), 'time': 592.3217859268188}
lenSubsequence: 14{'RI': 0.722462311557789, 'num_clusters': 4, 'uShapelets': [{'ts_index': 131, 'loc': 52, 'gap': 1.7046366150691148, 'distances': array([4.40901986, 2.29930314, 5.02093721, 2.33839879, 0.55991536,
       4.51652821, 3.0320515 , 2.18605521, 2.45571243, 4.97505879,
       5.04820571, 4.99907064, 4.92805364, 5.12453121, 3.70961229,
       5.272521  , 3.54679514, 4.74330443, 0.89220721, 3.59606657,
       4.55762157, 4.47987471, 4.76347186, 3.38130286, 3.689941  ,
       4.39375143, 4.84495343, 4.38731257, 4.564993  , 5.02415421,
       3.78522979, 2.22700607, 3.47036886, 2.52777429, 2.11496543,
       5.17837357, 4.27621157, 1.23545207, 3.00376636, 4.92104764,
       5.12808993, 4.81986621, 3.71064614, 4.19482214, 4.83262014,
       4.57070286, 0.51098721, 4.88453471, 4.90432521, 4.78367293,
       2.21882771, 4.76390364, 4.08731564, 0.80324636, 4.34749964,
       1.58348593, 4.91644171, 4.36167964, 5.17693357, 5.26340221,
       5.53648236, 1.07229993, 4.95903914, 2.60434993, 4.91720314,
       1.56843429, 3.3405895 , 1.55704321, 2.58720571, 0.42721971,
       0.47860936, 2.13995386, 5.48283536, 5.15291607, 0.41846821,
       2.76336279, 2.89789779, 5.46851393, 5.08342336, 2.94169486,
       3.97714471, 1.09488514, 5.15231529, 1.57662636, 2.27358936,
       2.940479  , 5.32849771, 1.272     , 0.50095471, 2.31923957,
       5.23186971, 0.930183  , 0.65905971, 3.10388836, 4.57085014,
       4.65384929, 2.80899064, 2.11481921, 3.98170679, 4.30297607,
       1.53517664, 2.26698779, 4.70973293, 4.87090107, 1.6454125 ,
       5.09407329, 4.31710736, 1.11780779, 0.726769  , 4.25059957,
       3.36060771, 5.142124  , 4.80708707, 5.03100443, 4.70310807,
       1.29087893, 4.41315   , 3.16011164, 5.47730821, 5.55915207,
       4.05762186, 5.28357743, 4.70336221, 2.80712929, 0.88486971,
       2.9836415 , 5.06360721, 4.4064365 , 2.71908314, 5.00986093,
       0.79288514, 0.        , 4.53177507, 5.65899286, 2.32542071,
       1.26489229, 1.23503529, 2.84037214, 0.47101793, 2.21846943,
       4.74927471, 4.2437305 , 4.98686243, 4.55281386, 4.90606971,
       1.02499693, 4.84785393, 4.79784543, 4.73879621, 3.10112764,
       4.7742695 , 4.99582593, 1.73095193, 0.59894064, 4.84627136,
       2.73360043, 3.25683707, 2.56828186, 3.08003121, 1.10905621,
       4.12902071, 2.4342825 , 5.25302629, 4.58756529, 5.37028821,
       3.18795214, 3.28118029, 0.49226157, 5.42830321, 4.725107  ,
       2.94332471, 4.97440814, 4.00355636, 0.33849229, 4.34421271,
       5.03182957, 1.03334486, 1.32635207, 4.80133929, 4.40547614,
       1.2091455 , 4.6322555 , 1.60537014, 5.49452621, 5.20793136,
       4.38322586, 4.93906821, 0.29015036, 2.20541421, 1.588727  ,
       4.7721555 , 5.33162029, 5.124444  , 0.88705529, 4.58833693,
       0.70716507, 2.31626107, 5.59271193, 0.72091936, 2.54115171]), 'delta_distances': array([4.63647529, 3.127435  , 4.255558  , 3.02768586, 1.88647686,
       5.02566586, 4.08481586, 2.36675471, 3.41290229, 4.42084114,
       5.50321943, 6.88196143, 4.610631  , 4.13155129, 3.900201  ,
       4.99980157, 4.79345629, 5.32804443, 2.68441057, 5.33818714,
       4.84055571, 4.762339  , 4.62060386, 6.388113  , 5.25936857,
       4.23411429, 3.63200786, 4.57239386, 5.46086029, 6.20645014,
       4.13659857, 3.05944886, 4.06613286, 2.83183786, 3.83596843,
       3.24404314, 4.368585  , 2.33603014, 4.22019329, 4.32571086,
       3.74426643, 4.82584529, 4.47699   , 6.19776186, 3.70755729,
       6.78399029, 1.704367  , 5.36335543, 6.071031  , 6.73231329,
       2.383668  , 4.69676571, 6.20463786, 2.09186429, 4.85380714,
       3.64389686, 3.92390114, 4.93028386, 3.66478057, 5.28480329,
       4.94466186, 2.54560571, 4.84832014, 2.91227657, 5.15489171,
       3.071327  , 4.85886043, 3.57518829, 3.431994  , 1.41742114,
       1.60517786, 3.02847243, 3.84063986, 5.972683  , 1.65415929,
       3.07586457, 4.57881886, 5.80449286, 3.95599671, 3.771844  ,
       3.90845771, 3.13545614, 5.27812957, 3.27071314, 3.35279414,
       4.01734557, 4.99995043, 3.44556414, 2.01793557, 4.41802514,
       5.46636086, 2.334216  , 2.04498886, 3.57970357, 4.611882  ,
       4.29856714, 3.76469243, 2.434913  , 5.23006286, 4.24646186,
       3.13181443, 3.11051143, 4.70939871, 4.65094329, 4.07621043,
       4.46045057, 4.70431286, 3.274946  , 1.44045429, 4.15607857,
       4.55043886, 5.87156571, 5.67584586, 3.30289257, 5.34918086,
       3.02526886, 5.37290786, 2.63728886, 5.10610286, 6.62658171,
       5.35099657, 5.46073943, 5.14359971, 4.56358786, 2.85804386,
       3.81792729, 4.14686057, 5.46797629, 3.61781286, 4.57186086,
       2.45303414, 0.        , 6.87632714, 3.899279  , 2.90239143,
       2.87513   , 2.82405943, 3.80272457, 1.93467157, 4.85598786,
       6.23249429, 4.22849871, 3.35667086, 3.87415914, 3.66157257,
       2.49388614, 5.44494886, 4.991807  , 3.78821986, 3.37569071,
       5.70952971, 3.62872657, 2.65639286, 2.18596114, 6.63064671,
       2.75445757, 4.04866214, 3.39719043, 4.5101    , 3.16119314,
       3.88168029, 2.40513714, 3.93936871, 3.6521    , 3.59224729,
       3.33210843, 3.52504686, 1.55485243, 4.65515914, 5.68527343,
       2.80291529, 5.33530914, 4.68096014, 1.49557186, 4.81766571,
       5.27272186, 2.25087771, 2.87624529, 5.52717743, 4.69288829,
       3.22476829, 3.56001771, 3.78524571, 3.88572657, 5.66717971,
       3.44797086, 5.66850986, 0.98426214, 2.53557757, 3.40087086,
       4.86967914, 5.17731686, 5.66495871, 1.81872914, 4.51976543,
       2.02738343, 2.17330529, 5.62561143, 1.69258871, 2.53038414]), 'locations': array([ 51,  90, 157,  54,  80,  96,  74,  67,  61,  15, 107,  49, 157,
       180, 175, 131,  52,  91,  99,  91, 133,  97,   5,  78,  78, 151,
       185, 117, 143,  99,  37,  72,  73,  83,  61,  65, 150,  75, 106,
       120,  52,  42,  88,  65,  26,  69,  50,  88,  84,  92,  71,  67,
       111, 105, 144,  74, 163,  91, 195, 128, 147,  88, 122, 103,  79,
        64,  88,  89,  80,  60,  72,  59, 192,  76,  48, 114,  86, 100,
       178,  65,  77, 102, 107,  99,  89,  87,  75,  96,  84,  65,  34,
        55,  60,  88, 166,   8,  90,  95, 124,  48,  52,  99, 118, 173,
        63,   4,  63,  51, 116,  22, 122, 106, 136, 199,  87,  99,  14,
        88, 134,  97, 101, 121,  97,  50,  91, 101, 168,  65,  98,  58,
        95,  52, 112,  28,  74, 108,  61,  84,  49,  51, 104,  82, 205,
       173, 183,  86,   8, 125,  37,  45,  96, 197,  70,  62,  65,  68,
        46,  63,  67,  83,  52,  85, 152, 175, 199,  71,  93,  87, 149,
       110,  66,  90,  69,  55, 147, 121,  65,  83,  85,  29,  48, 185,
        95, 183, 111,  62, 110,  89, 104,  73,  96, 140,  16, 108, 159,
        93,  95, 159,  95,  71])}, {'ts_index': 183, 'loc': 34, 'gap': 0.9474896758992255, 'distances': array([5.42088879, 7.20326629, 7.02240007, 6.434091  , 5.92142064,
       5.61337564, 3.44806086, 7.4929075 , 6.88487036, 3.12986257,
       3.0465585 , 4.504895  , 7.25204871, 6.826314  , 4.59471629,
       5.34856671, 6.07732214, 2.12181214, 5.55264871, 6.39521821,
       7.72343136, 5.10098593, 4.0350955 , 5.17713579, 2.69353407,
       7.29449343, 6.916409  , 6.22063157, 7.03795821, 6.44097343,
       5.32513729, 5.44447943, 4.15234186, 4.54446014, 5.90426414,
       7.82895736, 6.88379036, 6.41266   , 7.67892607, 6.88982264,
       6.65763007, 2.432605  , 7.72673179, 6.29331521, 6.56986957,
       5.76235436, 5.083019  , 5.02045743, 3.84816036, 3.60166343,
       4.65927371, 1.88094836, 7.236227  , 7.73776764, 4.06179743,
       7.49798564, 6.74993621, 6.277014  , 6.35368971, 4.72998929,
       5.89993579, 5.06442036, 4.69174521, 5.58561314, 4.42815657,
       7.44352929, 5.40138664, 6.25165979, 3.76044536, 6.85806821,
       6.38256843, 6.31426264, 7.26652736, 5.13528093, 6.21918407,
       3.63348607, 6.91694671, 7.16631664, 5.63774757, 5.91292557,
       5.56809929, 7.78657279, 6.05996821, 7.13716807, 4.8234355 ,
       7.620285  , 3.80378886, 4.99300621, 5.21301679, 5.5762885 ,
       4.77635436, 5.50438121, 6.402582  , 6.96390736, 5.77516371,
       7.12731714, 4.47082671, 6.58770721, 4.76554386, 6.13397071,
       5.37991829, 2.83178157, 7.36025064, 3.24293821, 5.6822355 ,
       6.72933614, 5.42294607, 6.01334786, 5.19393857, 5.85290157,
       5.89457064, 5.77989464, 7.12089736, 6.26183021, 7.15337229,
       6.497292  , 4.08203579, 5.75683064, 4.16312736, 4.12243071,
       6.62026279, 6.73704057, 6.34351607, 7.245028  , 6.27124664,
       6.73718614, 7.13349736, 8.32370493, 7.00228257, 6.21198507,
       6.34947286, 5.75270857, 7.34597943, 6.55159014, 6.101633  ,
       6.39124336, 4.4331645 , 5.82920421, 3.99578036, 5.74376371,
       7.72757414, 4.75690621, 6.6947105 , 3.50216571, 0.        ,
       3.78671321, 5.28805557, 4.10862664, 4.40860979, 5.993815  ,
       5.97680307, 6.824983  , 6.74274414, 6.49391579, 5.12659429,
       6.690875  ]), 'delta_distances': array([5.98014357, 3.80080743, 4.42557457, 5.73472814, 3.97151071,
       4.41138314, 4.57782129, 3.30261571, 3.71863171, 2.77333271,
       4.43367043, 3.78717214, 3.85467357, 3.82788129, 4.62343929,
       4.82597329, 4.51249229, 2.19275114, 3.83451986, 3.12395714,
       4.25541557, 2.05309229, 4.62892086, 4.40432   , 3.42490114,
       3.81038014, 5.10918057, 5.50464357, 3.99804   , 4.963301  ,
       2.565835  , 2.25387714, 4.082845  , 3.39346371, 4.60246957,
       3.34095914, 3.93181129, 3.58595743, 3.96752943, 5.76348914,
       3.596013  , 4.37319643, 4.68291414, 3.31889486, 4.88922243,
       3.97045857, 3.93599571, 5.01514186, 5.31307114, 4.39666671,
       3.80720829, 3.60619957, 3.86591986, 3.178993  , 4.94943571,
       3.63372786, 3.83805843, 5.06673557, 4.37287843, 2.71251614,
       4.673986  , 3.28966257, 4.75817114, 3.59882629, 3.83532729,
       4.09973786, 3.78354671, 4.73443529, 3.79396943, 3.94542886,
       2.59233743, 5.18031314, 5.26539357, 3.86373643, 5.856653  ,
       3.58450857, 5.87378314, 3.75976771, 3.01459286, 3.36129586,
       4.99495029, 5.235684  , 4.40610471, 4.93068557, 3.703472  ,
       3.49671143, 4.45747943, 5.04580714, 6.28203057, 3.13082729,
       5.03174343, 3.33278757, 3.99055643, 4.165403  , 4.37238171,
       3.89737357, 4.01589914, 4.391897  , 4.03078229, 4.59664914,
       4.31291257, 1.85011657, 3.10099886, 2.25418771, 3.68019386,
       4.33580757, 3.87986614, 3.50019314, 3.65325186, 4.57344257,
       4.14494629, 4.27248414, 3.49361743, 4.27208657, 4.07007114,
       4.33811986, 2.78261329, 5.45389529, 4.15981843, 4.88992229,
       3.33226086, 5.07505686, 4.35902571, 6.11876314, 4.31796771,
       2.93190386, 4.93613971, 4.162747  , 3.69096743, 2.62615071,
       6.17281571, 4.40219957, 4.59562129, 4.24246586, 5.38326514,
       4.28334743, 2.57001571, 3.049314  , 3.75531929, 5.78815543,
       6.88763529, 6.19356729, 3.74717871, 2.95992057, 0.        ,
       3.93727229, 4.51209857, 4.64124286, 3.09860871, 5.14644   ,
       5.64746329, 2.89947543, 3.64306171, 3.37111171, 4.34472214,
       5.33256557]), 'locations': array([ 65, 116,  30,  70,  36, 100,  89,  72,  38,  13,  58,  46,  49,
        36,  34,  75,  55, 102,   5,  60,  17,  99,  91,   4,   3,  13,
        23,   3,  19, 100, 115, 104,  84,  78,  18, 128,  19,   8,  78,
       108, 111,  19,  90,  11,   9,  30,  92,  19, 121,  10,  18,  95,
        37,  36,   3,  17, 116,  21, 113, 101,  76,  26,  27, 128,  99,
        50,  53,  86, 108,   2, 117, 100,  32,  73,  16, 101,   3,  62,
       146, 157,  40,  24, 120,  32,  16,  39,  47,  65,  44,  39,  22,
        23,  15,  21, 117,  24,  44,  28,  15,  23,  59, 117,  42,   2,
       120,  64,  18,  12, 106,  98,  84,  20,  23,  24,  46,  54,  41,
        60,  90,  84,  20,  13,  17, 117, 100,  89,  88,  48, 121,   5,
        28,  19, 102,  97,  12,  31,  76,   5,  79,  11,  28,  52,  72,
        62,  34,  66,  47,  51, 129,  43,  32,  48,  15, 121,   5, 104])}, {'ts_index': 8, 'loc': 60, 'gap': 0.8914190176776022, 'distances': array([1.90201229, 2.44394886, 3.05293407, 1.57248536, 3.26887171,
       0.98560521, 0.        , 2.04410736, 2.569058  , 2.66656357,
       2.86508514, 3.14901179, 1.45791079, 2.32449071, 2.71614043,
       3.04207243, 1.86711293, 2.44572114, 3.16301886, 3.1955045 ,
       3.44605586, 3.09975157, 1.89484736, 0.75241821, 1.18274164,
       0.56688936, 2.22324943, 3.18097886, 1.71383464, 2.63942243,
       2.66434021, 2.28462036, 1.46656107, 1.68606943, 1.57771636,
       3.10404414, 3.22997036, 2.91699564, 0.71494329, 3.1372365 ,
       2.991276  , 2.76438807, 2.62880507, 3.0003125 , 0.40448193,
       2.48627293, 1.76489179, 1.49602136, 0.69772743, 2.83093657,
       3.39044979, 1.83900021, 2.95277114, 3.11595071, 1.20261014,
       2.92766636, 2.04975786, 1.05290264, 3.44201793, 2.59883   ,
       3.49087143, 2.44053293, 2.20797643, 1.24507964, 0.78810329,
       2.96200929, 2.02713743, 1.06529207, 3.35279814, 3.09947286,
       2.24335257, 1.86858814, 2.93751086, 2.95616471, 3.22145036,
       3.03023393, 3.54562514, 1.94003229, 1.03857886, 3.01603193,
       3.31549143, 2.582209  , 2.89914993, 3.18055057, 1.40052871,
       2.78359179, 0.73608771, 2.3946485 , 3.82080129, 2.54956279,
       0.94978757, 1.005729  , 2.26976514, 2.60323207, 2.34669907,
       2.78420193, 2.46528314, 3.31971807, 3.2217385 , 3.04792357,
       2.79234364, 3.79170507, 1.01697086, 1.3193765 , 1.22529643,
       1.41781657, 1.85211393, 0.40443086, 2.83056757, 3.18725086,
       2.64013821, 1.07027107, 0.75254336, 3.08383336, 2.90731229,
       2.92629929, 3.32342629, 2.44871671, 3.04974664, 1.77681871,
       2.09684557, 2.71302757, 3.087567  , 2.45748771, 3.38248814,
       1.744287  , 2.72180293, 0.72562207]), 'delta_distances': array([2.83624657, 2.70606   , 2.21259829, 2.53482814, 4.51038786,
       2.20544529, 0.        , 3.00634514, 2.42303386, 2.97838686,
       3.767481  , 3.95687157, 2.30472629, 3.67540614, 2.69563386,
       3.70586271, 3.75599257, 3.10161186, 2.04640157, 4.10191743,
       4.510062  , 3.761582  , 2.09038943, 1.85054843, 2.655392  ,
       1.75704143, 2.659607  , 3.76050143, 1.75107429, 3.63142857,
       3.40783071, 3.36821571, 2.820207  , 2.57612357, 2.44206543,
       3.02969314, 3.84531814, 3.74381514, 1.25279086, 3.73753471,
       4.17782271, 3.58592129, 4.177645  , 4.86792514, 1.13544643,
       4.07798557, 2.13911514, 2.65315829, 1.43022357, 5.02809586,
       4.13352143, 2.87619457, 3.21795114, 5.81203986, 1.56659171,
       3.81628429, 2.51585614, 1.88739229, 4.136557  , 3.37710029,
       5.09340557, 4.00038443, 2.97529243, 3.35780057, 1.93222343,
       4.59997871, 3.40683129, 2.29339871, 3.71226943, 4.18638386,
       3.22512114, 2.74343   , 2.952204  , 4.63598486, 3.84586614,
       3.96183086, 3.17527986, 3.616998  , 2.51898057, 4.00444343,
       3.69119429, 3.59813057, 3.77399071, 3.50376843, 2.34091629,
       3.68555971, 1.33708171, 3.35399871, 2.38127371, 4.57259543,
       1.850968  , 1.72686571, 3.356944  , 3.33134914, 3.845748  ,
       5.17356071, 4.28882529, 4.499035  , 6.166502  , 4.26311986,
       5.02191671, 3.39597486, 1.51634157, 2.04428671, 1.92193586,
       2.27484957, 4.21240543, 1.38623343, 3.46953671, 3.09160529,
       5.26896471, 1.36202843, 1.83852529, 3.68185157, 4.68331771,
       4.34012829, 4.01621729, 2.99974471, 3.59284814, 3.29415086,
       4.02767471, 3.79900057, 3.25776586, 3.03899743, 3.36927257,
       2.30189457, 4.28155586, 1.04676457]), 'locations': array([ 51,  88, 158,  55,  26,  71,  60,  11,  15,  40, 103,   5,  53,
         7,  22,  36,   2, 133, 151,   8,  56,  26,  37,  70,  74,  82,
        63, 124, 108,  13,  52,  55,  87,  67,  70,  20, 112,  12,  71,
        65,  29,  47,  57,  45, 101,  78,  88,  78,  61,  39,   6, 114,
        33,  56,  65,  55,  91,  88,  67, 131,  65,  46,   8,  89,  94,
         5,  46, 103, 117,  30,   3,  22, 121,  71,  45,  73, 154,  12,
        90,   7,   6,  77,  38,  95,  52,   6,  97,  58, 154,  32,  72,
        84, 115,  24,  81,  36,  48,   7,  40,   1,  22,   5,  69,  49,
        63,  66,  50,  84,  15,  45,   3,  73,  91,  71,  52,  33, 103,
        52,  21,  60,   2,  27,  66,  15,   3,  96,  59,  72])}], 'clusters': array([0, 0, 0, 0, 1, 0, 3, 2, 3, 0, 2, 2, 0, 0, 0, 0, 0, 0, 1, 2, 0, 0,
       0, 0, 2, 0, 2, 0, 0, 0, 0, 3, 3, 3, 2, 0, 0, 1, 0, 0, 0, 0, 0, 0,
       2, 0, 1, 0, 0, 0, 3, 0, 2, 1, 2, 1, 0, 2, 0, 0, 2, 1, 0, 3, 0, 1,
       0, 1, 0, 1, 1, 3, 0, 0, 1, 0, 2, 0, 0, 3, 2, 1, 0, 1, 0, 3, 0, 1,
       1, 0, 0, 1, 1, 2, 0, 0, 3, 3, 0, 0, 1, 3, 0, 0, 1, 0, 2, 1, 1, 0,
       0, 0, 0, 0, 0, 1, 0, 3, 0, 0, 0, 0, 0, 0, 1, 2, 0, 2, 3, 0, 1, 1,
       0, 0, 3, 1, 1, 3, 1, 0, 0, 0, 0, 0, 0, 1, 2, 0, 2, 2, 0, 0, 1, 1,
       0, 3, 0, 3, 0, 1, 0, 3, 0, 0, 0, 3, 3, 1, 0, 0, 2, 0, 2, 1, 0, 0,
       1, 1, 0, 0, 1, 2, 1, 2, 2, 0, 2, 1, 2, 1, 0, 0, 0, 1, 0, 1, 0, 0,
       1, 3]), 'time': 832.230485200882}
lenSubsequence: 15{'RI': 0.5552261306532663, 'num_clusters': 2, 'uShapelets': [{'ts_index': 81, 'loc': 97, 'gap': 2.0730969470382776, 'distances': array([4.47577653, 2.9721228 , 5.3438136 , 3.80168373, 1.6531766 ,
       3.60047033, 4.904686  , 4.75695347, 4.2345582 , 4.68556887,
       5.2954408 , 4.88787507, 3.73815627, 5.1371726 , 4.2898366 ,
       4.99199   , 4.54902193, 4.39346353, 1.72162347, 1.49637913,
       4.3580714 , 4.42884933, 4.563617  , 3.8476356 , 4.1670374 ,
       4.730781  , 5.07425693, 4.55203247, 3.87561747, 5.26365833,
       4.565741  , 4.10380793, 5.60567593, 4.20633153, 1.3397558 ,
       4.90340467, 5.33270813, 1.84271893, 4.4116628 , 4.43499067,
       4.99911387, 5.07489013, 4.24591573, 5.3727464 , 4.3881616 ,
       4.90831547, 1.06926427, 4.645979  , 4.89405193, 5.40027693,
       3.9955106 , 4.9182458 , 3.8041532 , 2.28025507, 4.53052953,
       1.87410973, 5.12631227, 4.39839973, 5.05939113, 5.13187213,
       5.13201753, 1.343255  , 4.1870778 , 3.30443647, 5.0432438 ,
       2.3391138 , 4.684823  , 1.712883  , 4.8841498 , 1.5465352 ,
       0.8687784 , 3.9194902 , 4.44949347, 4.6999224 , 1.075215  ,
       4.69437927, 3.69369927, 5.39921093, 5.40035993, 4.97408867,
       4.10841147, 0.        , 5.19171467, 1.99012387, 3.82896393,
       3.8072908 , 5.16484187, 1.41068033, 1.26517047, 2.46023927,
       5.00006487, 1.48073927, 0.8325018 , 4.66525367, 4.587663  ,
       5.10477447, 4.37140207, 4.17845993, 3.46452627, 4.61759427,
       2.79034733, 3.5004492 , 5.0361678 , 4.97225993, 0.69899653,
       5.44584133, 4.47895133, 1.2403254 , 1.10447973, 4.1203564 ,
       4.5840394 , 5.3053334 , 5.28972053, 5.2087284 , 5.11377973,
       1.4726554 , 4.98713987, 4.44671773, 5.10299187, 5.6578854 ,
       5.3759784 , 5.214414  , 4.83615673, 4.05708253, 1.02377267,
       3.72863653, 4.97687867, 4.82169167, 4.50031793, 5.20002173,
       1.40998073, 1.05929127, 4.8616662 , 5.26889593, 4.57482267,
       2.08199887, 1.6568076 , 5.2878428 , 1.1031174 , 3.53620347,
       5.207176  , 4.59258333, 4.91745427, 4.30517567, 5.0772468 ,
       0.9117058 , 5.50488527, 5.32216647, 5.2631522 , 3.81401687,
       5.01312033, 4.92262853, 3.42597807, 1.85933513, 5.56947367,
       4.35325827, 3.82657207, 3.13445973, 4.69103787, 1.49285   ,
       4.8725704 , 4.8201894 , 4.63457067, 4.97793733, 4.92136253,
       5.35829347, 4.19558913, 1.0638918 , 4.6022362 , 5.5303666 ,
       3.5593886 , 4.48009567, 4.9336206 , 1.2610216 , 5.10857093,
       4.9022062 , 1.12150473, 2.2006348 , 5.13468373, 5.1975904 ,
       2.0798956 , 4.6725844 , 2.23266413, 4.3782656 , 4.66777153,
       4.45758907, 4.77412413, 4.00926427, 4.40950293, 2.00574327,
       4.62837493, 5.09755347, 4.7066678 , 1.3886836 , 4.07414353,
       1.24801087, 4.33137733, 4.76642767, 2.13777647, 4.37984613]), 'delta_distances': array([5.1185244 , 4.59157133, 6.24198613, 4.80786333, 3.963052  ,
       5.13580413, 5.95297813, 5.67753387, 5.60263   , 5.94135373,
       5.19575227, 7.27205253, 5.46658147, 6.04512787, 5.33650587,
       6.5127068 , 6.3016776 , 6.61702747, 4.60880853, 3.67608773,
       6.68779453, 6.40412733, 6.94168493, 5.9987144 , 6.5431144 ,
       6.5113396 , 6.63044333, 5.44441507, 5.90327   , 7.18282067,
       5.10901213, 5.43987893, 7.67377133, 6.4080216 , 3.96103747,
       7.59591827, 6.9095052 , 3.82700347, 5.55108867, 5.70935893,
       5.81651747, 6.47535867, 5.85809227, 9.08138107, 5.9215364 ,
       6.95518693, 2.97183093, 7.4607732 , 6.02470773, 6.26457627,
       5.50575093, 7.30614747, 5.68514227, 4.71031653, 6.52333293,
       4.72979667, 5.4609248 , 6.87572693, 8.14016853, 5.6880556 ,
       7.73342227, 3.7390152 , 7.56302027, 6.93472987, 6.10343853,
       4.25363427, 5.70595787, 3.87078453, 7.38387133, 4.69863787,
       2.80552   , 6.551298  , 6.53560293, 7.36437693, 3.08912333,
       7.62288933, 5.652944  , 6.1694712 , 6.96873627, 6.43808027,
       5.812392  , 0.        , 5.94003387, 5.0126908 , 6.35592347,
       6.68157733, 6.42830853, 3.79029427, 3.42118707, 5.95162213,
       7.01170693, 3.54834707, 3.09516693, 8.395672  , 6.0804916 ,
       4.71052907, 6.04105627, 6.0701544 , 6.822458  , 6.27259387,
       5.33394427, 5.44507147, 7.4408828 , 7.84152973, 2.66985907,
       6.08431573, 5.5427808 , 3.977442  , 2.90779133, 7.26639933,
       6.20177693, 6.81921413, 6.7657124 , 5.05134987, 6.8030596 ,
       3.870312  , 5.62386547, 7.07924173, 6.06474547, 7.01511933,
       5.77131773, 6.42214333, 8.93686467, 7.66901387, 3.4683988 ,
       5.0221236 , 6.02940093, 5.73976187, 6.24161253, 7.05909107,
       3.37024707, 3.0873316 , 7.23047067, 5.97275333, 6.17715973,
       5.0476268 , 4.07207467, 7.39836107, 3.42450867, 7.6944432 ,
       6.235316  , 5.50995293, 5.04362067, 5.13042453, 5.21596493,
       3.0130404 , 6.48676307, 7.29030787, 7.02583933, 5.92390413,
       7.0426208 , 5.294804  , 5.51881707, 4.76112187, 6.99072053,
       6.1557512 , 6.36547573, 4.687006  , 6.1390356 , 3.97414   ,
       4.7782216 , 5.66294747, 6.884142  , 5.38785813, 6.7978548 ,
       8.21864693, 6.13036813, 3.3187044 , 7.0632744 , 7.113382  ,
       5.01897507, 6.0186572 , 6.65794867, 3.83831747, 7.01127547,
       7.0840316 , 2.96773867, 4.4567932 , 7.80566747, 4.8663716 ,
       4.79103147, 6.3738052 , 5.11614813, 5.7545236 , 5.8811884 ,
       6.7876616 , 6.11987133, 5.75265973, 6.36447173, 3.36868147,
       6.99296747, 6.83406773, 8.5104376 , 3.51117547, 6.79444   ,
       3.9382128 , 7.01237   , 5.5350144 , 4.75258413, 4.87659627]), 'locations': array([129,  86, 123,  51,  75,  93,  68,  63,  56, 118, 184,  30,  83,
       105, 170, 146,  42, 115,  95,  87,  95, 124, 128,  70,  41,  70,
        83, 172, 140, 107, 169,  67,  69,  60,  55, 136, 145,  70, 103,
       117, 129, 139,  47,  59, 156,  28,  46,  84,  63, 149,  66,  63,
        88, 100, 140,  70, 159,  72, 117, 126, 119,  82,  92,  93, 136,
        59,  87,  85,  32,  54,  67,  54, 131,  87,  43,  43,  49, 164,
       104,  51,  26,  97, 168,  93,  85,  38, 101,  91,  78,  60, 120,
        49,  54,  70, 161, 195,  70,  90, 119, 111,  47,  93,  89,  90,
        58, 160, 137,  45, 110, 121, 150, 100,  93, 194, 107,  93, 171,
        73, 162,  98, 165, 145,  87,  45,  86,  94, 150,  89,  93, 110,
        89,  47, 106, 154,  69, 103,  56,  80,  44,  46, 154, 136, 200,
       169, 180,  81, 132,  79, 118,  39,  91, 161,  66,  56, 108,   6,
        19,  57,   1,  78, 194,  37, 117, 171, 110,  52,  50,  82, 110,
       106,  59, 134,  14,  50,  81, 116,  60,  77, 103, 200,  43,  94,
        90, 111, 106, 116, 159,  71,  99,  69,  92, 136, 111, 102,  81,
        87,  45, 179,  90,  67])}], 'clusters': array([0, 0, 0, 0, 1, 0, 0, 0, 0, 0, 0, 0, 0, 0, 0, 0, 0, 0, 1, 1, 0, 0,
       0, 0, 0, 0, 0, 0, 0, 0, 0, 0, 0, 0, 1, 0, 0, 1, 0, 0, 0, 0, 0, 0,
       0, 0, 1, 0, 0, 0, 0, 0, 0, 1, 0, 1, 0, 0, 0, 0, 0, 1, 0, 0, 0, 1,
       0, 1, 0, 1, 1, 0, 0, 0, 1, 0, 0, 0, 0, 0, 0, 1, 0, 1, 0, 0, 0, 1,
       1, 0, 0, 1, 1, 0, 0, 0, 0, 0, 0, 0, 0, 0, 0, 0, 1, 0, 0, 1, 1, 0,
       0, 0, 0, 0, 0, 1, 0, 0, 0, 0, 0, 0, 0, 0, 1, 0, 0, 0, 0, 0, 1, 1,
       0, 0, 0, 1, 1, 0, 1, 0, 0, 0, 0, 0, 0, 1, 0, 0, 0, 0, 0, 0, 0, 1,
       0, 0, 0, 0, 0, 1, 0, 0, 0, 0, 0, 0, 0, 1, 0, 0, 0, 0, 0, 1, 0, 0,
       1, 1, 0, 0, 1, 0, 1, 0, 0, 0, 0, 0, 0, 1, 0, 0, 0, 1, 0, 1, 0, 0,
       1, 0]), 'time': 568.6482162475586}
lenSubsequence: 16{'RI': 0.7197989949748743, 'num_clusters': 2, 'uShapelets': [{'ts_index': 19, 'loc': 91, 'gap': 1.9718430340207167, 'distances': array([ 7.95463513,  3.23827319, 10.53634812,  6.39736613,  3.15443625,
        8.27598863,  6.23780725,  5.63626506,  5.00335844,  8.87999275,
        7.42587387,  6.13854375,  8.35061513,  8.81580238,  9.73642088,
        9.11612425,  6.61456269,  8.83850156,  4.42846713,  0.        ,
        9.43160731,  9.15027431,  8.50754581,  6.20185344,  3.78243794,
        9.41871331,  8.62190969,  9.63041637,  7.84740687,  8.7263125 ,
        7.33691069,  5.50220675,  7.01065306,  6.58070931,  5.78707194,
        7.742719  ,  8.90616175,  4.17183544,  6.91037681,  8.29826587,
        9.00560119,  9.45106156,  7.33922444,  6.12969331,  6.86853681,
        7.54165125,  4.16403369,  8.18044844,  9.75616912,  9.17652794,
        5.37716538, 10.04466756,  4.38190619,  4.60379663,  9.25088194,
        4.47870169,  8.80603981,  7.69888788,  8.92040063,  9.69560981,
        8.69205313,  3.78957812,  9.72256406,  6.02648113,  9.43874625,
        4.47806794,  6.24431163,  5.28893606,  5.92891344,  4.44101938,
        3.93926594,  5.00084444,  9.33974556,  9.83320206,  2.65127637,
        6.02454494,  4.24555263,  8.76796775,  8.83001244,  6.39035138,
        7.75136419,  3.54201675,  9.50864381,  3.94992644,  4.51117106,
        5.43781781,  9.10865606,  5.60126719,  4.08790325,  4.46554456,
        9.51324513,  4.63291481,  4.38450581,  6.18927706,  9.010167  ,
        8.34795112,  5.81892444,  5.97756606,  8.85847137,  8.29363275,
        5.05631625,  5.68133394,  7.76496438,  9.034808  ,  1.88830431,
        8.3250855 ,  7.75942413,  3.79313875,  4.37807681,  8.18300313,
        9.52047231,  8.33482894,  9.5440175 ,  8.95198606,  9.99199069,
        4.90708031,  7.60052425,  6.18421875,  8.44744906, 10.04342119,
        8.94755219,  8.01868075,  9.45448481,  5.7088485 ,  3.67920756,
        5.25453844,  9.6931265 ,  8.69514963,  6.0089165 ,  8.63324788,
        3.73940362,  3.29637106, 10.51606856,  9.47218088,  6.72751906,
        4.07779769,  4.67642219,  4.61759737,  3.7387375 ,  5.28551406,
        9.06865875,  8.55269844,  9.27361987,  8.50530819,  9.07429944,
        3.2867    ,  7.86003263,  8.09618213,  6.79963325,  6.25164356,
        9.79990969,  9.443359  ,  5.97902963,  4.25156588,  9.63877769,
        6.12279481,  5.29248075,  4.27263012,  6.18067388,  4.75232631,
        8.74723356,  5.80142438,  9.39952275, 10.29073413,  7.37273356,
        6.07746456,  6.53741931,  3.25525119,  9.6300005 , 10.70862356,
        4.423325  , 10.04504112,  4.89519144,  3.31591669,  9.68453719,
        9.51088881,  4.56823188,  3.46077319,  9.71621606,  7.54715938,
        4.07634619,  7.83021781,  5.34693831,  9.833995  ,  7.90235144,
        8.02491519,  8.78921537,  3.99849144,  5.57842194,  4.4863115 ,
        8.87008487,  9.86242669,  8.48220644,  4.391444  ,  8.47210781,
        4.58286925,  4.88135356,  8.8326245 ,  4.53454456,  5.38476831]), 'delta_distances': array([ 9.986636  ,  4.87681638,  9.80455938,  7.5924915 ,  5.91139125,
        8.518621  ,  8.26807313,  6.36966138,  6.75419913,  9.692922  ,
        8.787079  ,  7.615674  ,  9.52087537,  9.48293275,  8.28990113,
        8.57756613,  8.69260788,  9.01256062,  7.84910013,  0.        ,
        7.97343812, 10.4994835 ,  8.53415675, 10.44940225,  7.22535275,
       11.07913213,  8.70404125, 10.70199862,  9.33070887, 10.47291562,
        8.580868  ,  7.20850338,  7.244524  ,  7.66164525,  6.450448  ,
        7.79899812, 10.03134213,  6.2104045 ,  8.915302  , 10.356082  ,
       10.01872575,  8.76734638,  9.34628813,  8.83462675,  8.35753338,
        9.50643375,  6.05073388, 11.328949  , 10.85555025,  9.89266   ,
        5.81633037, 10.46450925,  8.49022675,  6.13205125,  8.63629012,
        6.79207487, 10.31420862,  9.11199112, 10.33771325,  9.59301813,
        9.78700737,  5.74784563, 10.53295375,  7.4051125 ,  9.5574205 ,
        5.50210337,  9.61739463,  7.12002388,  6.84351075,  5.5070095 ,
        5.11577863,  7.57820562,  9.94988287,  9.68540575,  4.84917138,
        6.35370137,  7.170448  , 10.78323737,  9.88850213,  7.770286  ,
        8.56820138,  5.9704735 , 10.26283562,  6.4048035 ,  6.30374225,
        8.239843  ,  9.25782525,  7.06096663,  5.93692063,  7.57777875,
        9.09970237,  6.44483037,  6.94900975,  7.47926613,  9.89415725,
        8.52667575,  6.8994185 ,  6.52847725,  9.16601538,  9.14661587,
        5.73493387,  7.15261638,  9.40806675,  7.47869437,  4.00529338,
        9.08892587,  8.957914  ,  5.72552113,  5.01461363,  9.64063238,
       10.27338462,  8.97670462, 12.44777763,  9.97871675,  8.19226712,
        6.67593987,  9.43042375,  7.75308863,  7.96652275,  9.64667025,
        9.12541137,  7.7978795 , 10.61549375,  8.753768  ,  4.16309887,
        7.04078425,  8.149205  ,  9.656202  ,  6.74271725,  8.1056365 ,
        6.01054525,  5.04251588, 10.82175025,  8.72613413,  7.251012  ,
        5.74982238,  6.654463  ,  6.89325075,  6.78912425,  5.7478535 ,
       10.60798888,  8.49630025,  9.80909275,  8.73063275, 10.73001588,
        4.45701963,  9.01458363,  7.918893  ,  8.024139  ,  7.05662988,
        9.9022085 ,  9.29480925,  6.86634425,  6.56912263,  9.50235212,
        6.70560088,  6.69464413,  6.82297787,  8.13486437,  7.1579965 ,
        9.1925945 ,  6.33577938, 10.0601105 , 12.23725862,  8.66231938,
        6.99534862,  6.95212688,  5.7064665 ,  9.74160937,  8.68150038,
        6.1222685 ,  9.192647  ,  6.58997263,  4.14135013, 10.16300913,
        8.551031  ,  5.82160612,  5.00319775, 11.04318725,  8.42413275,
        4.76783712,  9.40532338,  6.76360625,  9.88723425,  7.4498455 ,
        8.99481625,  9.03232225,  5.00940125,  7.09909975,  5.3086245 ,
        9.20300663, 11.531672  , 10.3379955 ,  5.55278463,  9.21397388,
        5.729957  ,  6.44593788,  9.91079587,  6.15271475,  6.373838  ]), 'locations': array([ 51,  90, 125,  54,  79,  25,  74,  67,  61,  29,   2,  47,  15,
        38, 175,  23,  55,  67,  99,  91,  27,  35,   6,  77,  80,  77,
        23, 117,  81,  84,  37,  72,  72,  83,  61,  67,  59,  74, 107,
        55,  15,  59,  88,  66,  26,  65,  50, 107,  91,  45,  71, 125,
       110, 105,  23,  75,  29,  91,  31,   6,  59,  88, 120,  97,  34,
        64,  89,  89,  81,  60,  72,  61,  66,   6,  48, 114,  88,  33,
        11,  63,  77, 102,  55,  99,  89,  89,  25,  96,  84,  65,  34,
        54,  59,  85,  50,   8,  90,  95,   4,  15,  52,  99, 118,   5,
        62,   4,  36,  50, 116,  22, 122,  24, 110,  12,  31,  98,  14,
        91,   9,   8,  80,  23,  94,  48,  90, 101,  11,  64,  97,  59,
        94,  52, 111,   1,  72, 107,  60,  85,  49,  52,  26,  43,  51,
        22,  40,  85,   9,  49,  39,  43,   5,  24,  68,  62,   0,  70,
        46,  62,  68,  83,  52,  85,  51,  95,   8,  73,  93,  85,  21,
        17,  65,  64,  68,  55, 123,  17,  65,  81,  64,  29,  47,   3,
        96,  53,  55,  62,  58,  89, 102,  73,  27,  16,  16, 107,   4,
        94,  95,  19,  94,  73])}], 'clusters': array([0, 1, 0, 1, 1, 0, 1, 1, 1, 0, 0, 1, 0, 0, 0, 0, 1, 0, 1, 1, 0, 0,
       0, 1, 1, 0, 0, 0, 0, 0, 0, 1, 1, 1, 1, 0, 0, 1, 1, 0, 0, 0, 0, 1,
       1, 0, 1, 0, 0, 0, 1, 0, 1, 1, 0, 1, 0, 0, 0, 0, 0, 1, 0, 1, 0, 1,
       1, 1, 1, 1, 1, 1, 0, 0, 1, 1, 1, 0, 0, 1, 0, 1, 0, 1, 1, 1, 0, 1,
       1, 1, 0, 1, 1, 1, 0, 0, 1, 1, 0, 0, 1, 1, 0, 0, 1, 0, 0, 1, 1, 0,
       0, 0, 0, 0, 0, 1, 0, 1, 0, 0, 0, 0, 0, 1, 1, 1, 0, 0, 1, 0, 1, 1,
       0, 0, 1, 1, 1, 1, 1, 1, 0, 0, 0, 0, 0, 1, 0, 0, 1, 1, 0, 0, 1, 1,
       0, 1, 1, 1, 1, 1, 0, 1, 0, 0, 0, 1, 1, 1, 0, 0, 1, 0, 1, 1, 0, 0,
       1, 1, 0, 0, 1, 0, 1, 0, 0, 0, 0, 1, 1, 1, 0, 0, 0, 1, 0, 1, 1, 0,
       1, 1]), 'time': 438.5664391517639}
lenSubsequence: 18{'RI': 0.7703015075376884, 'num_clusters': 3, 'uShapelets': [{'ts_index': 4, 'loc': 81, 'gap': 1.0191681056105404, 'distances': array([2.6643815 , 2.46125606, 4.79774344, 2.01478733, 0.        ,
       4.53532628, 2.54938472, 2.48406061, 1.68487367, 3.32586967,
       3.66698039, 3.75795983, 3.91308406, 3.91905894, 4.22196922,
       4.31533011, 2.80049844, 3.06949483, 0.84378611, 2.55191839,
       3.44460578, 4.064922  , 2.69363678, 3.07710694, 3.40726028,
       4.23944272, 3.81490228, 3.62613444, 4.57928494, 3.65870433,
       2.76083683, 1.55702728, 2.91502117, 2.34581633, 2.03920883,
       3.89729267, 4.40071317, 1.14978267, 2.55549078, 4.03748961,
       2.95783983, 3.425465  , 2.78178244, 3.62516711, 3.52545472,
       3.762091  , 1.14296383, 4.82255133, 4.82603506, 3.72890289,
       1.813838  , 5.04034717, 2.51497533, 1.2436065 , 3.5433715 ,
       1.28647867, 4.72491128, 4.36914817, 3.65582483, 3.66982839,
       3.96846606, 1.34155317, 3.72847911, 2.52922122, 3.79513139,
       1.96210556, 3.012639  , 1.43432339, 2.15771311, 1.13286211,
       0.83490472, 2.43627156, 3.80654511, 4.24671906, 0.85244894,
       2.69051839, 2.52488161, 3.9670515 , 4.20032861, 1.91622328,
       2.73802528, 0.84619939, 4.04928267, 2.24095172, 2.06976556,
       2.50459767, 4.56684872, 1.82436   , 1.10979711, 1.60561061,
       2.82414489, 1.53532922, 0.94607533, 3.27004239, 3.27997844,
       3.00787556, 2.43277744, 1.89039589, 3.54287611, 3.35378244,
       1.09366611, 2.27753006, 4.8826255 , 4.25453167, 1.66987278,
       3.26956039, 3.21643756, 1.26095289, 1.19280522, 2.96877994,
       4.06346533, 4.06288689, 4.49163467, 4.46330428, 5.329265  ,
       0.86280622, 2.822535  , 2.22384911, 3.71299006, 4.41588256,
       3.51970644, 3.69787611, 4.57995   , 2.102379  , 1.11309994,
       2.61975306, 4.293329  , 2.92823383, 1.82811611, 3.32127433,
       0.69617833, 0.57890033, 4.69609333, 3.50788711, 2.06952467,
       1.08928556, 1.35647939, 1.93730189, 1.07597183, 1.55127461,
       3.80593067, 3.30353422, 3.78253578, 3.37810817, 4.301545  ,
       1.16625067, 2.82055817, 3.78307156, 3.36734322, 2.29634717,
       3.82125156, 4.08829272, 1.37071033, 1.27325278, 4.85573239,
       2.04397772, 2.93162889, 2.13591489, 1.76374506, 1.44399383,
       3.37685794, 2.16129289, 3.53198867, 4.309989  , 3.57607844,
       2.3507025 , 2.403392  , 0.6495485 , 4.56712239, 4.93744067,
       1.98779689, 3.66539111, 2.88059928, 1.23423406, 4.97506228,
       4.103327  , 0.96729256, 1.06239561, 4.18112889, 2.99371661,
       1.15468833, 3.28171656, 1.86457756, 4.16736133, 3.90044022,
       3.06105128, 3.56376867, 0.78928961, 1.79182367, 1.71702483,
       3.85008744, 3.91262189, 3.59026594, 0.92540361, 4.12823033,
       1.22289267, 2.11536383, 3.69213117, 1.01944089, 2.05087861]), 'delta_distances': array([4.064642  , 3.314047  , 4.56040178, 3.07735178, 0.        ,
       3.81647422, 3.57211178, 3.317625  , 2.94440956, 3.87668222,
       4.806924  , 5.89125467, 5.04852056, 4.47562133, 3.43671744,
       4.43838878, 4.12346456, 3.29934589, 2.58937611, 4.72296889,
       2.40765822, 2.98072833, 3.088804  , 5.47412911, 5.32859322,
       3.94208867, 3.75832678, 4.24876678, 3.13463267, 3.34936533,
       4.26481867, 2.88752011, 5.25213778, 3.26932267, 4.41199689,
       4.26403644, 5.16704911, 2.71409556, 3.91009811, 5.10751467,
       1.96498811, 3.63172311, 4.03247267, 5.23696856, 3.91660933,
       3.54304   , 2.79941044, 3.05116089, 5.87933667, 4.45518689,
       2.66415522, 4.56449844, 4.66003589, 3.38208978, 3.85913422,
       3.825873  , 4.50138667, 3.10460544, 4.02568167, 4.05246511,
       4.81379611, 3.39519711, 3.72483256, 4.10487111, 3.56871133,
       3.30843211, 4.30582256, 3.40495722, 4.34871322, 3.64657111,
       2.35678522, 4.53447211, 3.97239389, 3.87029833, 2.69518744,
       3.29851144, 3.54520989, 4.75899144, 3.73309522, 3.02959322,
       4.14214189, 2.39135267, 2.81896822, 4.38459856, 3.38121789,
       4.38680278, 4.43295056, 4.67581344, 2.906212  , 4.32339533,
       3.79472633, 3.15959178, 3.01743167, 4.42002633, 4.02967744,
       3.54300633, 3.33748511, 2.57269656, 4.37587189, 3.66079056,
       3.07160411, 2.60276189, 4.96860011, 3.95795   , 3.91967756,
       3.976351  , 4.13513167, 3.30208189, 2.43489778, 3.65759556,
       3.84719878, 4.62770389, 4.98181689, 3.20854622, 5.39692678,
       2.71008089, 3.855432  , 2.52876067, 3.97353711, 4.308122  ,
       3.60426967, 3.82202633, 6.12844889, 4.23739922, 2.63262122,
       3.96758667, 2.98903089, 4.39985933, 2.99565822, 3.33133189,
       2.06877589, 1.98511289, 4.44657444, 3.39701144, 3.28157567,
       2.99236211, 3.29568144, 2.68502389, 3.47279922, 2.99308944,
       4.06472567, 4.67777856, 3.84828544, 3.78375256, 3.06338956,
       2.53387744, 3.92836578, 3.79878311, 2.86944433, 3.238218  ,
       4.98700278, 4.19706756, 2.63896167, 3.42731589, 4.04557367,
       3.084019  , 4.69573378, 2.81994333, 2.93220433, 3.69329133,
       5.665992  , 2.77013478, 4.53610156, 4.21596022, 3.832765  ,
       2.87632256, 3.27995411, 2.29943689, 4.69224111, 4.83231978,
       2.46134778, 3.81160256, 4.61348178, 2.68807022, 5.32605289,
       3.30197933, 2.64181756, 2.72417333, 4.33983611, 2.78011089,
       2.93318111, 4.37320089, 4.34063178, 4.45668533, 4.72981956,
       3.72989011, 3.87686622, 2.40933822, 2.77044389, 3.366409  ,
       4.03234278, 5.13620733, 5.119715  , 2.39823   , 5.45636422,
       3.16665956, 2.421347  , 5.04842244, 2.90157878, 2.99443089]), 'locations': array([ 51,  89,   8,  56,  81,   0,  74,  68,  63,  15,  48,  49,  16,
        40,   3,  10,  54,  11, 100,  93,  26,  22,   5,  79,  80,  33,
        25,  27,  42,  29,  37,  73,  74,  83,  60,  12, 151,  75, 111,
        13,  52,  42,  90,  65,  25,  84,  52,  40, 107,  35,  71, 153,
       113, 105,  22,  76,  31, 155,  73,   6,  53,  88,  27,  99,  34,
        66,  91,  90,  82,  61,  73,  59,  66,   7,  49, 116,  90,  33,
        13,  66,  73, 103,  63,  99,  88,  88,  24,  97,  84,  65,  34,
        55,  60,  84,  49,   8,  91,  96,   6,  16,  53, 101,  29,  51,
        64,   6,  64,  51, 117,  22,  24,  23,  27,  29,  88,  99,  13,
        93,  10,  11,  40,  41,  93,  50,  92,  99,  11,  65,  98,  59,
        96,  53,  39,  79,  74, 109,  62,  84,  50,  52,  26,  83,  76,
         9,   7,  87,   8,  43,  17,  47,   4,  23,  70,  63,   0,  70,
        52,  64,  67,  83,  53,  86,  32,  31,   3,  72,  94,  87,  21,
        51,  67,  22,  70,  57, 148,  55,  66,  83,  21,  63,  49,   3,
        96,  70,   4,  64,  60,  90, 104,  75,  27,  16,  16, 108,   5,
        94,  97,  41,  95,  73])}, {'ts_index': 89, 'loc': 62, 'gap': 1.5417623858695446, 'distances': array([5.24055872, 2.62760972, 6.16007622, 3.04569294, 5.73307694,
       3.65844883, 2.92169833, 2.30508839, 4.93422911, 5.6940655 ,
       4.19821039, 6.26225106, 6.27305017, 5.70697022, 6.54208761,
       4.28956817, 5.14462056, 3.94692178, 5.52547167, 5.86941272,
       4.97575283, 4.36010356, 4.04280661, 5.95203017, 5.96803089,
       5.65690406, 6.01477139, 6.06471544, 4.74475228, 2.93064478,
       3.60995867, 3.22952822, 2.83136039, 5.69870789, 5.44335078,
       3.46693294, 6.02341789, 5.41755867, 5.72383167, 3.66974039,
       3.72895228, 5.04174017, 4.00207411, 6.22342356, 6.36680706,
       6.13243083, 2.74818961, 5.75678778, 2.73574528, 5.98230656,
       6.22815028, 4.58038056, 5.44264139, 5.950493  , 5.491149  ,
       6.07570728, 3.2743845 , 6.18195478, 2.73237922, 3.01378717,
       3.41113033, 3.28809633, 6.32622928, 6.67955089, 3.96201833,
       3.35130789, 6.53418078, 6.02982411, 3.47633317, 4.56405239,
       6.37456894, 2.38493217, 2.20109439, 3.51077822, 6.31499711,
       2.16570617, 0.        , 6.12729833, 2.29701917, 4.68231967,
       5.69815483, 5.85484606, 3.18624844, 2.95562928, 5.962481  ,
       4.79075144, 3.10092389, 6.223526  , 6.0580485 , 3.33131994,
       5.417093  , 5.32673772, 5.22161367, 5.37522183, 5.71423811,
       5.83606161, 6.15440467, 6.255346  , 4.81734983, 2.99192139,
       6.18714439, 6.9713745 , 5.68953339, 5.77752517, 6.21784717,
       3.19074639, 3.39062156, 6.29276789, 5.73281972, 2.77194822,
       5.67952972, 6.5492485 , 6.02245683, 2.92355522, 2.67930672,
       2.74196461, 5.57388644, 4.76468044, 6.5559165 , 5.64864917,
       5.70870356, 5.83344883, 5.64346711, 5.28305517, 4.20575578,
       6.18988356, 6.28443233, 6.4886565 , 2.88098989, 3.03145839,
       2.77372767, 3.56843983, 5.09704678, 2.9356985 , 5.73861122,
       6.30567833, 5.70776494, 3.28995356, 2.92696356, 6.06988811,
       6.56103217, 2.7671115 , 6.04488439, 2.70612133, 5.74953261,
       6.17882517, 5.83719694, 4.88036311, 5.26687556, 1.81073922,
       6.56625867, 6.54593444, 5.13549967, 5.82080083, 2.31150572,
       2.60671328, 6.22939578, 6.01529167, 5.58056122, 5.87307689,
       3.460923  , 5.46539517, 2.56554567]), 'delta_distances': array([6.32348489, 3.12712267, 4.92461522, 4.12462189, 6.86138422,
       4.21105533, 3.37268389, 2.86486133, 5.76659311, 5.30657533,
       5.202952  , 5.93536244, 6.41881167, 4.50077289, 5.55499789,
       6.06668911, 5.25476367, 5.609696  , 4.51911156, 6.07333722,
       5.26891867, 5.04553156, 5.50214144, 4.48418222, 5.47030489,
       5.50651733, 4.746805  , 6.21314278, 5.22207544, 3.61734667,
       3.64030022, 3.998495  , 3.33337322, 5.15638044, 5.304911  ,
       4.11558   , 6.20911078, 4.79708522, 6.83895033, 4.70662178,
       3.34524511, 5.58205411, 3.86886556, 7.32661533, 6.61043856,
       6.162266  , 4.25020878, 5.13685989, 4.225589  , 5.79329733,
       5.59180389, 5.482148  , 5.55794811, 5.94585411, 5.04606489,
       5.70369667, 3.67348   , 6.02919422, 4.07984022, 3.54363744,
       3.88775789, 3.02515733, 5.77812511, 8.78861889, 4.03431578,
       4.31972722, 6.15536389, 5.30077922, 4.26153644, 6.87695067,
       5.22693144, 2.71349267, 3.34888322, 5.58949533, 4.533851  ,
       2.77104878, 0.        , 6.10143167, 4.01251244, 5.52961056,
       5.73914367, 4.61404678, 4.56507122, 4.98738244, 5.53641222,
       4.09316011, 3.079682  , 5.45446833, 5.434089  , 5.09994589,
       6.05563211, 4.99145844, 5.68657689, 5.77866489, 6.45843656,
       6.86941922, 4.98582233, 4.54194922, 5.05192378, 2.98250056,
       4.34445733, 6.14331589, 5.81480911, 5.08983789, 6.99593856,
       3.64667456, 5.20757111, 5.53414933, 5.57839178, 3.660571  ,
       5.79884022, 6.10571389, 4.66329167, 3.75844511, 4.73835456,
       3.16405556, 5.69034289, 5.443292  , 6.27815811, 5.99151844,
       5.93192322, 5.76588678, 5.39433311, 5.45811178, 4.28574811,
       5.69375322, 4.64146667, 6.05367989, 3.77089733, 3.77327056,
       4.70287367, 5.595809  , 7.141217  , 3.59666544, 5.55499778,
       4.14764144, 5.89495611, 4.138267  , 4.07013267, 6.13965478,
       6.62522411, 2.97639589, 6.64933967, 3.17941389, 3.91099367,
       6.11686922, 5.47471544, 4.19541344, 5.09529489, 3.15127211,
       6.69977456, 5.59958511, 5.64759367, 6.35283478, 3.43371122,
       3.94482678, 6.64235544, 5.87091756, 4.89221456, 5.78413633,
       4.69320533, 4.71158744, 3.46993144]), 'locations': array([ 48,  87, 158,  53,  94,  71,  65,  60,  11,  45,  47,  12,  37,
       172,  18,  53,   7,  88,  24,  93,   2,  77,  77, 149,  22, 117,
       122,  27,  34,  70,  71,  81,  57,   9, 146, 106,  51,  50,  41,
        85,  63,  23,  67, 100,  82,  89,  70, 150, 110, 100, 131,  88,
        70,   3,  59,  94, 101,  79,  61,  88,  78,  61,  40,  89, 111,
        88,  33,  11,  64,  70,  54,  96,  86,  84,  21,  94,  62,  95,
        52,  84,  47,   8,  87,  92,   4,  13,  99, 118,  73,  60,   3,
        60,  20, 119, 125, 110,  12,  84,  10,  88,   6,  35,  78,  39,
        91,  48,  96, 122,  91,  95,  39, 149,  54,  72,  82,  49, 102,
        81,  72,   6,  83,   6, 123,  39,  43,   1,  21,  92,  67,  48,
        59,  64,  50,  83, 152, 173,   8,  73,  91,  18,  49,  65,  19,
        68, 145,  51, 144,  61,   2,  93,  56,  55,  61,  57, 102,  71,
        92,  62, 111,   1,  92,  19,  70])}], 'clusters': array([0, 2, 0, 2, 1, 0, 2, 2, 2, 0, 0, 0, 0, 0, 0, 0, 0, 0, 1, 2, 0, 0,
       0, 0, 2, 0, 0, 0, 0, 0, 0, 2, 2, 2, 2, 0, 0, 1, 2, 0, 0, 0, 2, 2,
       0, 2, 1, 0, 0, 0, 2, 0, 2, 1, 0, 1, 0, 0, 0, 0, 0, 1, 0, 2, 0, 2,
       2, 1, 2, 1, 1, 2, 0, 0, 1, 2, 2, 0, 0, 2, 0, 1, 0, 2, 2, 2, 0, 2,
       1, 2, 0, 2, 1, 0, 0, 0, 2, 2, 0, 0, 1, 2, 0, 0, 2, 0, 0, 1, 1, 0,
       0, 0, 0, 0, 0, 1, 0, 2, 0, 0, 0, 0, 0, 2, 1, 2, 0, 0, 2, 0, 1, 1,
       0, 0, 2, 1, 1, 2, 1, 2, 0, 0, 0, 0, 0, 1, 0, 0, 0, 0, 0, 0, 1, 1,
       0, 2, 2, 2, 2, 1, 0, 2, 0, 0, 0, 2, 2, 1, 0, 0, 2, 0, 2, 1, 0, 0,
       1, 1, 0, 0, 1, 0, 2, 0, 0, 0, 0, 1, 2, 2, 0, 0, 0, 1, 0, 1, 2, 0,
       1, 2]), 'time': 672.0018258094788}
lenSubsequence: 19{'RI': 0.518643216080402, 'num_clusters': 2, 'uShapelets': [{'ts_index': 81, 'loc': 94, 'gap': 1.6857701308072839, 'distances': array([3.73698026, 2.72045147, 4.60447121, 3.44665826, 2.00936468,
       3.32539605, 4.12876284, 3.89750568, 3.80644221, 4.80900421,
       4.76491137, 4.50026453, 3.59724095, 4.55376511, 3.65888732,
       4.53323537, 4.08959174, 3.91369132, 1.71016316, 1.70451542,
       4.22964068, 4.14743489, 4.24541142, 3.49932405, 3.77914395,
       4.17191116, 4.50858911, 4.08105184, 3.46616632, 4.59632995,
       4.48259926, 3.45269411, 4.651915  , 4.20965789, 1.44101758,
       4.53034305, 4.51367074, 1.71774616, 3.73457311, 3.682975  ,
       4.41018342, 4.58885821, 4.33526316, 4.42940842, 4.09344453,
       4.26413668, 1.12970353, 4.01436774, 4.66832532, 4.65970021,
       3.41186379, 4.34308442, 3.62859616, 2.12753268, 3.89800442,
       1.72016879, 4.38270811, 4.04050163, 4.47460021, 4.48318737,
       4.64914595, 1.25822295, 4.13697853, 3.35058379, 4.51952242,
       1.95524537, 3.96269058, 1.78606432, 4.07242953, 1.56636605,
       1.28966179, 3.27617068, 4.00152047, 4.39384026, 1.28198747,
       3.98977132, 3.62272379, 5.08965984, 4.611075  , 4.68708589,
       4.49723247, 0.        , 4.68113842, 2.05887995, 3.96490358,
       4.22593458, 4.87862521, 1.43107179, 1.59283953, 2.24558074,
       4.66026905, 1.61042705, 0.94424174, 4.49315305, 3.99180642,
       4.42322732, 3.99053416, 3.44660074, 4.05449832, 4.36100732,
       2.66993963, 3.72328916, 4.32874268, 4.56241042, 0.73176342,
       4.78759679, 4.01972068, 1.32593205, 0.94720711, 3.86271368,
       4.27706321, 4.72847321, 4.75497684, 4.50098921, 4.68927584,
       1.45675284, 4.28695668, 3.96479974, 4.67200211, 5.11824868,
       4.77029195, 4.58097321, 4.16700284, 3.74347737, 1.12485347,
       3.08879163, 4.47201574, 4.97088489, 4.31864342, 4.59142405,
       1.527312  , 1.16920658, 4.85248011, 4.63805416, 3.85788305,
       2.53344321, 2.37830079, 4.40980442, 1.27798089, 3.07856389,
       4.52011147, 4.23022189, 4.31149347, 3.85285758, 4.28767111,
       1.26714932, 4.87110442, 4.49568616, 4.60892363, 3.22275426,
       4.34272479, 4.37622968, 2.92902089, 2.40053111, 4.59185063,
       4.02593674, 3.34377174, 2.68170853, 4.777755  , 1.64099353,
       4.33597768, 4.04013732, 4.33035563, 4.15641137, 4.62196642,
       4.58439426, 4.14777195, 1.14060663, 4.23465247, 4.98676679,
       3.05708205, 3.96099774, 4.41644763, 1.27747189, 4.49659789,
       4.50271284, 1.07743479, 1.97865363, 4.71208242, 4.48772253,
       2.00805979, 4.09788126, 2.374781  , 4.30059268, 4.70102821,
       3.98470905, 4.22777979, 3.91319763, 3.79402284, 1.82399   ,
       4.34304405, 4.29534016, 4.42642068, 1.39012005, 3.94818121,
       1.32316663, 3.77541132, 4.29500063, 1.91310416, 3.77044063]), 'delta_distances': array([4.58702221, 4.54385147, 5.26862463, 4.40949084, 4.40255968,
       4.58400884, 5.20134074, 5.54463537, 5.39122337, 5.544572  ,
       4.70122968, 6.85140842, 5.21106737, 5.36923832, 4.61400158,
       5.75757642, 6.02171263, 5.71631316, 4.19236558, 3.74863326,
       5.12055379, 5.61808495, 6.32653958, 7.10444684, 5.703286  ,
       5.77756147, 4.42496926, 4.80318179, 5.36177747, 6.22475442,
       5.14698863, 4.68898295, 6.49731579, 5.07308611, 3.83496716,
       6.75143295, 6.42430147, 3.66055379, 5.77390611, 4.95526958,
       5.50716695, 5.919984  , 6.34155905, 7.81509495, 5.05857737,
       6.38942926, 2.82639053, 6.80664968, 6.48459726, 4.68223432,
       4.57734632, 6.54853484, 5.30871179, 4.58435789, 5.68104095,
       4.06740768, 4.93532316, 5.37379726, 4.44568453, 5.15293189,
       4.17203011, 3.624182  , 7.20113253, 7.32316032, 5.78551642,
       3.80301537, 5.890994  , 4.02185579, 6.09653474, 4.26851158,
       3.13304495, 4.76194505, 5.72843347, 7.36070242, 3.28967895,
       6.59576442, 5.94632884, 6.11492621, 5.85060189, 6.28907958,
       6.00649926, 0.        , 5.20991811, 4.60390484, 6.647176  ,
       6.60446811, 6.269056  , 3.69521442, 3.70900126, 5.25139716,
       5.53254189, 3.58502937, 2.87452421, 5.57208905, 5.35629589,
       4.07629821, 5.53601463, 5.23347211, 6.70365895, 6.29204095,
       5.08207674, 6.63675232, 6.08415853, 5.25735379, 2.45997979,
       5.42005253, 5.24354179, 3.83858042, 2.66545316, 6.20478505,
       5.57199179, 5.47606221, 6.49790158, 4.50385253, 6.47619253,
       3.63528432, 4.16797274, 6.05492505, 5.33013032, 6.63530053,
       5.15921158, 5.80443589, 7.87003095, 4.62649432, 3.43957347,
       4.41267484, 5.51359347, 6.704638  , 6.20566705, 5.62150453,
       3.30543758, 2.96961884, 5.24258842, 5.35371126, 5.24384758,
       5.19654   , 5.00687147, 6.39183568, 3.29978284, 6.52113958,
       5.37392463, 4.90525032, 4.43413347, 4.67079674, 4.57181484,
       3.36701063, 5.58962695, 6.32890895, 6.66271032, 5.23152463,
       6.23517695, 4.50216832, 4.89901074, 5.79184158, 5.97488695,
       6.03488147, 5.60515211, 4.23099884, 5.54201705, 3.83275126,
       4.12972516, 4.94931558, 6.25796484, 4.47235368, 4.43700474,
       5.34928158, 6.86564653, 2.97409747, 6.281338  , 5.00827705,
       4.80572716, 5.08453863, 6.00025232, 3.79540484, 6.68054737,
       5.25950611, 3.12163358, 3.93543895, 4.79659705, 4.19279947,
       4.50677905, 4.647496  , 5.11227232, 5.28428337, 6.85919895,
       6.49140747, 5.48933442, 5.27853884, 5.54247789, 3.14133053,
       6.45474368, 5.86632189, 5.20996337, 3.619872  , 6.18628305,
       3.77555432, 6.08941042, 4.75818695, 4.12916621, 4.57149074]), 'locations': array([126,  82, 120,  48,  73,  90,  65,  57,  53, 149, 181,  30,  80,
       102, 167, 143,  39, 112,  92,  84, 161, 121, 109,  68,  38,  67,
       178, 169, 137, 104, 166,  64,  66,  74,  52, 133, 143,  67,  99,
       114, 124, 136,  17,  56, 153,  26,  43,  81,  62, 171,  64,  60,
        85,  97, 137,  67, 156,  82, 189, 123, 214,  79,  89,  90, 133,
        56,  82,  82,  29,  52,  64,  52, 128,  83,  40,  40,  80, 127,
        99,  48,   3,  94, 165,  90,  81,  80,  88,  88,  75,  57, 155,
        46,  51,   3, 158, 192,  67,  87, 116, 108,  45,  31,  88, 172,
        55, 157, 134,  43, 107, 118, 147, 123, 127, 192,  81,  90, 191,
        70, 159,  95, 162, 142,  84,  10,  82,  91, 147, 124,  89, 145,
        86,  44, 167, 151,  66, 100,  53,  77,  41,  43, 151, 133, 197,
       166, 177,  78, 129,  76, 115,  36,  88, 189,  63,  54, 105,   3,
        16,  54,  43,  75, 193,  34, 114, 167, 192,  64,  14,  78, 107,
       193,  56, 129,  61,  47,  64, 154,  58,  74, 142, 196,  40, 177,
        87, 108, 101, 111, 156,  81,  96,  66,  89, 133, 161, 100,  78,
        84,  42, 176,  87,  64])}], 'clusters': array([0, 0, 0, 0, 1, 0, 0, 0, 0, 0, 0, 0, 0, 0, 0, 0, 0, 0, 1, 1, 0, 0,
       0, 0, 0, 0, 0, 0, 0, 0, 0, 0, 0, 0, 1, 0, 0, 1, 0, 0, 0, 0, 0, 0,
       0, 0, 1, 0, 0, 0, 0, 0, 0, 1, 0, 1, 0, 0, 0, 0, 0, 1, 0, 0, 0, 1,
       0, 1, 0, 1, 1, 0, 0, 0, 1, 0, 0, 0, 0, 0, 0, 1, 0, 1, 0, 0, 0, 1,
       1, 0, 0, 1, 1, 0, 0, 0, 0, 0, 0, 0, 0, 0, 0, 0, 1, 0, 0, 1, 1, 0,
       0, 0, 0, 0, 0, 1, 0, 0, 0, 0, 0, 0, 0, 0, 1, 0, 0, 0, 0, 0, 1, 1,
       0, 0, 0, 0, 0, 0, 1, 0, 0, 0, 0, 0, 0, 1, 0, 0, 0, 0, 0, 0, 0, 0,
       0, 0, 0, 0, 0, 1, 0, 0, 0, 0, 0, 0, 0, 1, 0, 0, 0, 0, 0, 1, 0, 0,
       1, 1, 0, 0, 1, 0, 0, 0, 0, 0, 0, 0, 0, 1, 0, 0, 0, 1, 0, 1, 0, 0,
       1, 0]), 'time': 562.6779139041901}
lenSubsequence: 20{'RI': 0.709748743718593, 'num_clusters': 2, 'uShapelets': [{'ts_index': 89, 'loc': 63, 'gap': 1.4617607661888323, 'distances': array([4.82330255, 2.7475681 , 6.10253805, 2.8062236 , 1.8301956 ,
       5.6712097 , 3.4623962 , 3.27690775, 2.19529755, 4.52540325,
       5.10300955, 4.11242605, 5.24287465, 5.5544728 , 5.69201885,
       5.26676735, 4.02443185, 4.5208711 , 1.91150385, 3.9708257 ,
       4.99788835, 5.30741325, 4.31158225, 3.68381775, 3.74799425,
       5.8974711 , 5.2012136 , 5.35985715, 6.09264355, 5.3809247 ,
       4.20246375, 2.7302182 , 3.69381615, 3.22641765, 2.53601045,
       4.80335155, 5.55025095, 2.5576722 , 3.1619066 , 5.20506985,
       4.6672537 , 5.21597305, 3.3818835 , 3.4879499 , 4.43717915,
       5.2260837 , 2.035301  , 6.23993485, 6.16110835, 5.5004583 ,
       2.75118605, 5.66228015, 2.433705  , 1.3625797 , 5.30823625,
       2.51712305, 5.8209947 , 4.2262214 , 4.7443331 , 5.2772366 ,
       4.9452946 , 1.78860265, 5.5454575 , 3.42234445, 5.40718405,
       2.60010485, 2.73774545, 1.71622905, 3.18684135, 2.1314296 ,
       1.574745  , 3.14587   , 5.30245545, 5.83860745, 1.7699661 ,
       3.775867  , 3.0489681 , 5.9435922 , 5.14969935, 2.9559408 ,
       4.2610786 , 1.9782205 , 5.43530815, 2.11700195, 2.05169145,
       3.32761605, 5.6848964 , 2.02549925, 2.20011415, 0.        ,
       5.7060309 , 1.9173533 , 1.99360445, 4.40190115, 5.08921705,
       5.0912938 , 2.93715975, 2.6691195 , 5.0700145 , 3.64611015,
       2.0762795 , 2.7380725 , 5.96747595, 5.58237335, 3.2529786 ,
       4.79807875, 4.5951052 , 1.7197425 , 3.5241965 , 4.5064213 ,
       5.57960035, 5.70287325, 5.62326865, 5.602484  , 6.3543346 ,
       2.5882321 , 4.15039125, 2.9951137 , 5.48800065, 6.0353395 ,
       5.0940767 , 5.0644336 , 5.903777  , 2.90442355, 1.49690935,
       3.19240325, 5.82483815, 5.08630255, 2.7317652 , 4.7294639 ,
       2.05987495, 1.7800175 , 6.4960189 , 5.27963005, 2.82694515,
       1.5855017 , 1.72775115, 2.5485728 , 1.94131495, 2.4960847 ,
       5.3808073 , 4.11286365, 5.5896567 , 4.9214404 , 5.70813625,
       2.3208679 , 5.0852345 , 5.66016165, 4.6392077 , 3.7553564 ,
       5.47535805, 5.43013515, 1.71008565, 2.93968405, 6.1636363 ,
       2.64526535, 3.3740464 , 2.51219605, 3.19168115, 1.72336695,
       4.58175295, 2.64084455, 5.44849165, 6.08418605, 5.1391305 ,
       3.04254925, 2.69531245, 1.96620195, 5.2798455 , 6.19291005,
       2.5899936 , 5.5508083 , 2.4323087 , 2.42328855, 5.9526556 ,
       5.34805015, 2.37357955, 1.7663917 , 5.6798817 , 4.343975  ,
       2.29423645, 4.674411  , 1.80910995, 5.78281965, 5.78022285,
       4.45949155, 5.099001  , 1.886243  , 2.43908695, 2.45440595,
       5.1252234 , 5.10973435, 4.78189785, 1.990056  , 4.9925903 ,
       2.9524274 , 3.25920885, 4.7642654 , 1.8067384 , 2.53043725]), 'delta_distances': array([5.6165234, 4.979221 , 6.0256626, 4.3235338, 4.9230082, 7.5209533,
       5.391819 , 4.8191664, 4.12304  , 6.0221283, 7.239867 , 6.6564196,
       7.565983 , 7.7395875, 5.4515795, 7.4405357, 6.0744836, 5.758406 ,
       5.2606897, 7.6211581, 6.18607  , 6.4074158, 5.9182263, 6.3526354,
       5.8744646, 6.1788029, 6.7613466, 6.9197121, 7.4383954, 6.5262075,
       6.5603271, 4.4030061, 5.8344077, 5.3236191, 4.9600265, 6.5886265,
       7.0104692, 4.9115582, 5.1695769, 7.2298993, 5.864773 , 6.6287997,
       5.2942631, 5.1626771, 6.1608963, 6.0306915, 4.7592393, 8.3716906,
       6.7058391, 7.4287763, 4.0470391, 5.5194195, 5.2112088, 3.3539781,
       6.4833392, 5.5989922, 6.2775639, 6.169846 , 6.599374 , 5.75375  ,
       8.1657039, 4.6752763, 6.4567776, 6.3196696, 6.6591034, 4.7921468,
       4.7681644, 4.2294159, 5.6935029, 5.1236676, 3.3070895, 4.963746 ,
       7.1701621, 7.2879348, 3.7670171, 5.2079516, 4.790765 , 8.6085182,
       6.9484381, 4.7420277, 7.2066558, 4.9424016, 7.8617169, 4.1351723,
       4.7132157, 5.7622169, 5.9468733, 5.1713132, 4.4502483, 0.       ,
       8.5681535, 4.2537153, 5.2366654, 5.6787095, 5.9108998, 5.6968102,
       5.7883743, 4.325797 , 6.8001746, 4.3922744, 4.222894 , 4.2844179,
       5.8857419, 5.4396662, 5.0046189, 6.6626684, 6.641391 , 4.2265424,
       5.4827796, 6.4229091, 7.1713829, 6.9758833, 6.6877111, 7.5627475,
       7.4250739, 4.5410288, 6.8788261, 4.9407125, 6.4440105, 7.5494883,
       7.2319556, 7.8479003, 7.0397339, 5.8535096, 3.5285045, 5.4734989,
       6.1081602, 6.8119301, 4.6041916, 6.4730637, 4.3736941, 3.8964755,
       7.0203579, 7.1378603, 5.4010826, 3.8611819, 4.5614061, 4.7036388,
       5.0708934, 4.5970363, 7.0304333, 7.888067 , 6.8357977, 7.5672079,
       8.0603406, 5.4056567, 8.742209 , 7.2249719, 3.483811 , 5.2203367,
       8.3293966, 6.8500948, 3.5345774, 5.5653078, 6.9070109, 4.6135418,
       5.8129358, 4.4675973, 5.5850817, 4.2240501, 5.9239156, 3.9761926,
       6.6630592, 6.6043432, 5.0952521, 5.1463468, 4.4303784, 4.9888009,
       6.0805295, 8.0610476, 4.3813178, 6.5823496, 4.6608165, 5.0919419,
       6.3739094, 5.9665329, 4.7169753, 4.3114077, 6.9820787, 4.9505487,
       5.0018694, 6.5371759, 4.507555 , 6.8148563, 6.6510472, 6.722081 ,
       6.6367264, 3.9899512, 4.4792758, 5.149523 , 6.006893 , 7.248414 ,
       8.0478207, 4.239241 , 5.7946052, 6.3700715, 5.5057803, 6.4828654,
       3.8784439, 4.4972171]), 'locations': array([ 52,  88, 159,  55,  79,  26,  72,  66,  61,  12,  46,  48,  13,
        38, 173,  19,  54,   8,  98,  89,  25,  20,   3,  78,  81, 148,
        23,  26,  58,  27,  35,  71,  71,  82,  58,  10, 147,  73, 107,
        52,  51,  58,  86,  64,  24,  82,  49,  22, 105,  32,  72, 151,
       111, 103,  22,  73,  34,  89,  71,  58,  60,  86,   9, 102,  46,
        62,  89,  88,  79,  58,  70,  62,  62,   7,  46, 114,  89,  31,
        12,  63,  71, 100,  55,  97,  87,  85,  22,  95,  82,  63,  32,
        53,  59,  82,  48,   8,  88,  93,   4,  14,  51, 100, 116,  32,
        60,   4,  61,  48, 116,  20, 120, 126,  26,  13,  87,  96,  11,
        89,   7,  36,  79,  40,  97,  49,  88,  97,   7,  64,  96,  58,
        94,  50, 150,  32,  73, 107,  59,  83,  48,  50,  24,  82,  75,
        48,  84,  84,   6, 124,  40,  45,   2,  22,  69,  61,  93,  68,
        49,  60,  66,  81,  50,  84,  49,  34,   9,  74,  92,  85,  19,
        49,  66,  20,  69,  54, 146,  52,  63,  82,  42,  62,  47,   3,
        94,  57,  11,  62,  58,  87, 103,  72,  27,  63,  14, 106,   2,
        92,  93,  20,  94,  71])}], 'clusters': array([0, 1, 0, 1, 1, 0, 1, 1, 1, 0, 0, 0, 0, 0, 0, 0, 0, 0, 1, 0, 0, 0,
       0, 1, 1, 0, 0, 0, 0, 0, 0, 1, 1, 1, 1, 0, 0, 1, 1, 0, 0, 0, 1, 1,
       0, 0, 1, 0, 0, 0, 1, 0, 1, 1, 0, 1, 0, 0, 0, 0, 0, 1, 0, 1, 0, 1,
       1, 1, 1, 1, 1, 1, 0, 0, 1, 1, 1, 0, 0, 1, 0, 1, 0, 1, 1, 1, 0, 1,
       1, 1, 0, 1, 1, 0, 0, 0, 1, 1, 0, 1, 1, 1, 0, 0, 1, 0, 0, 1, 1, 0,
       0, 0, 0, 0, 0, 1, 0, 1, 0, 0, 0, 0, 0, 1, 1, 1, 0, 0, 1, 0, 1, 1,
       0, 0, 1, 1, 1, 1, 1, 1, 0, 0, 0, 0, 0, 1, 0, 0, 0, 1, 0, 0, 1, 1,
       0, 1, 1, 1, 1, 1, 0, 1, 0, 0, 0, 1, 1, 1, 0, 0, 1, 0, 1, 1, 0, 0,
       1, 1, 0, 0, 1, 0, 1, 0, 0, 0, 0, 1, 1, 1, 0, 0, 0, 1, 0, 1, 1, 0,
       1, 1]), 'time': 435.63721203804016}
