lenSubsequence: 11{'RI': 1.0, 'num_clusters': 2, 'uShapelets': [{'ts_index': 159, 'loc': 87, 'gap': 0.46133681692852174, 'distances': array([0.62062327, 0.70877909, 0.74113964, 0.89863109, 0.52044673,
       0.419667  , 0.80906645, 0.40619991, 0.52916645, 0.73670155,
       0.95494845, 0.33493264, 0.85449218, 0.80406   , 0.64863745,
       0.61066509, 0.32651009, 0.54556673, 0.77378609, 0.43455009,
       0.80421736, 0.54136055, 0.61643573, 0.60895482, 0.65086891,
       0.67355664, 0.33787073, 0.90022555, 0.71660264, 0.77307445,
       0.800287  , 0.69067655, 0.52764927, 0.40805427, 0.823754  ,
       0.28584109, 0.75229809, 0.60868682, 0.86849509, 0.560703  ,
       0.70390555, 0.768088  , 0.54913782, 0.614431  , 0.667656  ,
       0.69694964, 0.60902918, 0.54987573, 0.591153  , 0.602852  ,
       0.64561309, 0.628582  , 0.59403773, 0.38817027, 0.39814482,
       0.71935518, 0.998311  , 0.68296845, 0.86783582, 0.60118655,
       0.803924  , 0.66126782, 0.89898136, 0.59154609, 0.68212391,
       0.39320927, 0.43371264, 0.90780909, 0.74624827, 0.52382718,
       1.04534309, 0.57743573, 0.48064455, 0.66304982, 0.29644882,
       0.83850745, 0.36037318, 0.65386273, 0.810763  , 0.90350155,
       0.93760891, 0.70277327, 0.75798   , 0.78081345, 0.76893182,
       0.902602  , 0.49606818, 0.84545945, 0.80459482, 0.84658655,
       0.01778955, 0.00784491, 0.02858982, 0.01520645, 0.02666118,
       0.02873855, 0.00805427, 0.02820845, 0.04827   , 0.01682018,
       0.04917191, 0.00740118, 0.04331918, 0.01054436, 0.01231682,
       0.02735618, 0.02405145, 0.030861  , 0.013631  , 0.01552836,
       0.01709973, 0.03509418, 0.04988309, 0.02213127, 0.01420664,
       0.03550809, 0.007571  , 0.01215391, 0.03771264, 0.013459  ,
       0.01901809, 0.02082782, 0.02032318, 0.02829291, 0.008916  ,
       0.01719627, 0.02590518, 0.01532364, 0.01021036, 0.01852855,
       0.01589355, 0.02102064, 0.03363482, 0.03044536, 0.01156191,
       0.00789264, 0.00837945, 0.02216182, 0.02621427, 0.02671745,
       0.02729364, 0.01605782, 0.04366555, 0.00899291, 0.01441164,
       0.00885255, 0.02646436, 0.01298082, 0.02570845, 0.02488218,
       0.00918809, 0.00767155, 0.01307636, 0.00727573, 0.00654627,
       0.02174409, 0.01360245, 0.02263936, 0.01898082, 0.        ,
       0.00856609, 0.03282327, 0.00785309, 0.01524491, 0.03207027,
       0.02047364, 0.01162209, 0.01349127, 0.03589245, 0.016325  ,
       0.01670755, 0.01979236, 0.03327427, 0.01442673, 0.01411355,
       0.00847436, 0.007713  , 0.01304364, 0.00995864, 0.01375445,
       0.49021545, 0.70413273, 0.808761  , 0.86841055, 0.42536636,
       0.93771355, 0.77443727, 0.65067118, 0.55992818, 0.56503355,
       0.02063782, 0.01785709, 0.02366227, 0.02001173, 0.03813891,
       0.01378627, 0.01167473, 0.02309582, 0.00907327, 0.02500309]), 'delta_distances': array([0.27274182, 0.26255691, 0.23323418, 0.25022964, 0.24283673,
       0.12989655, 0.28920418, 0.20477   , 0.20011109, 0.23398018,
       0.286078  , 0.155736  , 0.18976636, 0.22093673, 0.18436036,
       0.24084073, 0.15168764, 0.13967655, 0.25715182, 0.19636236,
       0.27498382, 0.15561018, 0.21374327, 0.22658509, 0.19728982,
       0.15444364, 0.13552436, 0.39438473, 0.24904727, 0.23680455,
       0.18580964, 0.23744491, 0.192556  , 0.19841818, 0.24301091,
       0.144576  , 0.22778964, 0.19023764, 0.19570818, 0.16514236,
       0.23469673, 0.25309745, 0.20122145, 0.17410091, 0.19993164,
       0.19055364, 0.24869036, 0.21698764, 0.23130545, 0.18960109,
       0.20426964, 0.20030127, 0.17775091, 0.16590655, 0.14016509,
       0.23076673, 0.21137582, 0.14578527, 0.28776   , 0.18818636,
       0.24479927, 0.23415509, 0.249894  , 0.20347491, 0.26853527,
       0.16090636, 0.12225964, 0.206634  , 0.24542655, 0.16494582,
       0.21562964, 0.18353527, 0.21012327, 0.21917109, 0.142666  ,
       0.267726  , 0.15282582, 0.20412273, 0.22414818, 0.24033618,
       0.25913491, 0.17900255, 0.18680982, 0.29102655, 0.19397982,
       0.33114709, 0.14238509, 0.303184  , 0.20591036, 0.26133182,
       0.03371527, 0.02239236, 0.05438091, 0.04135491, 0.06526727,
       0.05379673, 0.02118818, 0.05824091, 0.07499036, 0.04018909,
       0.06215436, 0.02335636, 0.07936527, 0.0321    , 0.03339418,
       0.03972964, 0.04965545, 0.05273327, 0.04015745, 0.02872455,
       0.03438345, 0.05916018, 0.07926709, 0.03784236, 0.03269618,
       0.06286855, 0.02308255, 0.03171273, 0.05857509, 0.03727891,
       0.04593291, 0.05285582, 0.03932927, 0.03996345, 0.02676709,
       0.04019327, 0.04731673, 0.04292018, 0.03217927, 0.03605491,
       0.04500418, 0.04080964, 0.05714636, 0.05559218, 0.02653364,
       0.02886655, 0.02165164, 0.05514945, 0.03965655, 0.04567091,
       0.05068691, 0.03619145, 0.06557655, 0.02573073, 0.02951855,
       0.02311527, 0.05808909, 0.03405727, 0.04765164, 0.04668909,
       0.02441582, 0.02085673, 0.03512018, 0.02343782, 0.02783909,
       0.037748  , 0.03218891, 0.051374  , 0.04615727, 0.        ,
       0.027348  , 0.06052782, 0.02382309, 0.04404036, 0.05364545,
       0.04757018, 0.031356  , 0.04085491, 0.04790255, 0.04443218,
       0.03684527, 0.03656727, 0.04609436, 0.038018  , 0.03340836,
       0.02862455, 0.02060564, 0.036166  , 0.03323491, 0.03354655,
       0.18829909, 0.24688273, 0.22990945, 0.22930291, 0.126244  ,
       0.24787873, 0.16176964, 0.22898927, 0.22386309, 0.17882873,
       0.04846582, 0.03452927, 0.04431455, 0.03374727, 0.07271782,
       0.03665945, 0.03133382, 0.04105345, 0.03156109, 0.04779418]), 'locations': array([ 23, 478,  81, 177, 166, 163,  65, 366,  63,  82, 388, 141, 157,
       332, 439, 390, 158,  67, 140, 444,  19, 223, 410, 149, 380,  87,
       470, 165, 169, 294,  85, 452, 225, 215, 485, 190, 143, 149, 258,
        52,  36,  96, 135,  92, 300, 104, 367, 289, 266,  84,  34, 386,
        24, 229,   2, 283, 425, 234,  61, 376, 208, 133, 331, 207, 384,
       201, 225, 375, 148, 345,  45, 323, 101, 235, 339, 464,  21, 235,
       440, 344, 487, 426,   0,  37, 302, 240,  96, 394, 162, 370, 425,
       120, 381, 390,  86, 389,  80,  58, 295, 252, 178, 296, 471, 160,
       446,  57, 293, 115, 169, 356, 192, 426, 439, 163, 213,  28, 353,
       111, 329, 426, 104, 376, 400, 155, 124, 300, 174,  81, 127, 316,
        20, 120, 203, 326, 401, 141, 339, 415, 356, 348,  52,  38,  55,
       206, 166, 291, 229, 303, 431, 388, 366,  93,  31, 153,  52, 270,
       310, 447, 162,  87,  29, 238,  33, 247, 326, 219, 245, 296, 136,
       254, 111,  76, 372,  73, 353, 371, 343, 418, 174, 120, 326,  25,
       341, 197, 311, 193, 180, 199, 440, 264,  92,  77, 356,  38, 186,
       390, 141, 419, 155, 341])}], 'clusters': array([0, 0, 0, 0, 0, 0, 0, 0, 0, 0, 0, 0, 0, 0, 0, 0, 0, 0, 0, 0, 0, 0,
       0, 0, 0, 0, 0, 0, 0, 0, 0, 0, 0, 0, 0, 0, 0, 0, 0, 0, 0, 0, 0, 0,
       0, 0, 0, 0, 0, 0, 0, 0, 0, 0, 0, 0, 0, 0, 0, 0, 0, 0, 0, 0, 0, 0,
       0, 0, 0, 0, 0, 0, 0, 0, 0, 0, 0, 0, 0, 0, 0, 0, 0, 0, 0, 0, 0, 0,
       0, 0, 1, 1, 1, 1, 1, 1, 1, 1, 1, 1, 1, 1, 1, 1, 1, 1, 1, 1, 1, 1,
       1, 1, 1, 1, 1, 1, 1, 1, 1, 1, 1, 1, 1, 1, 1, 1, 1, 1, 1, 1, 1, 1,
       1, 1, 1, 1, 1, 1, 1, 1, 1, 1, 1, 1, 1, 1, 1, 1, 1, 1, 1, 1, 1, 1,
       1, 1, 1, 1, 1, 1, 1, 1, 1, 1, 1, 1, 1, 1, 1, 1, 1, 1, 1, 1, 1, 1,
       1, 1, 1, 1, 0, 0, 0, 0, 0, 0, 0, 0, 0, 0, 1, 1, 1, 1, 1, 1, 1, 1,
       1, 1]), 'time': 1538.859703540802}
lenSubsequence: 14{'RI': 1.0, 'num_clusters': 2, 'uShapelets': [{'ts_index': 151, 'loc': 93, 'gap': 0.5467152791873688, 'distances': array([0.55973807, 0.738817  , 0.92644757, 0.82518486, 0.72730971,
       0.61746879, 1.000404  , 0.40517686, 0.60806129, 0.65448464,
       0.91770257, 0.44640021, 0.8389165 , 0.65175236, 0.75473414,
       0.59968464, 0.37975571, 0.55849093, 0.88933779, 0.56642314,
       0.89221064, 0.61851086, 0.64512436, 0.57509257, 0.796491  ,
       0.643778  , 0.401119  , 0.74642071, 0.80704086, 0.85937271,
       0.89607736, 0.79520007, 0.61480614, 0.57718629, 0.89979707,
       0.47154671, 0.85275107, 0.73955921, 0.92544014, 0.687762  ,
       0.99106114, 0.80897171, 0.73155914, 0.59099936, 0.60549879,
       0.75973786, 0.75870914, 0.70427564, 0.67290557, 0.7478955 ,
       0.74557079, 0.69756029, 0.66857271, 0.49658564, 0.658135  ,
       0.78878264, 0.96576921, 0.86876757, 0.76017586, 0.55598036,
       0.85540564, 0.62171693, 0.89807786, 0.72553157, 0.67622829,
       0.44423629, 0.63862557, 0.91427207, 0.81009057, 0.67612543,
       1.06687921, 0.69295357, 0.55255664, 0.82518493, 0.72556736,
       0.80353693, 0.36233836, 0.64643843, 0.94455421, 0.82547629,
       0.86463514, 0.59482486, 0.8992035 , 0.87036914, 0.80271093,
       0.9310285 , 0.50660829, 0.98262664, 0.75977036, 0.73491014,
       0.02056179, 0.01332814, 0.03372571, 0.0124305 , 0.02588143,
       0.030007  , 0.00987314, 0.02869514, 0.04579443, 0.02030957,
       0.030554  , 0.01481171, 0.04153364, 0.011627  , 0.01799779,
       0.03243236, 0.02353714, 0.027582  , 0.02071657, 0.00744429,
       0.01553564, 0.0269285 , 0.05090264, 0.026513  , 0.01742357,
       0.02448843, 0.00983536, 0.017704  , 0.03604171, 0.01409   ,
       0.01001871, 0.02315736, 0.02269286, 0.03176114, 0.01640479,
       0.01746679, 0.03582407, 0.01322371, 0.01439893, 0.01790929,
       0.02543686, 0.03370314, 0.03063236, 0.0327535 , 0.01034207,
       0.01705564, 0.01352957, 0.03344229, 0.03555586, 0.013278  ,
       0.02118993, 0.01128257, 0.04634636, 0.01263757, 0.01639907,
       0.010607  , 0.01790643, 0.017058  , 0.02534664, 0.02760471,
       0.01275679, 0.        , 0.01541564, 0.03403779, 0.00935579,
       0.031604  , 0.01325264, 0.02333879, 0.01950557, 0.007981  ,
       0.01150364, 0.03073821, 0.00754614, 0.01051979, 0.035844  ,
       0.01484907, 0.01747371, 0.01372121, 0.03330929, 0.02376286,
       0.01401914, 0.02896971, 0.03263471, 0.01808807, 0.01556936,
       0.01499771, 0.01379557, 0.01703014, 0.01651771, 0.02152629,
       0.51376036, 0.71338579, 0.93365086, 0.7700645 , 0.67234471,
       0.80210764, 0.80432229, 0.76330543, 0.70283343, 0.83954807,
       0.01980636, 0.01888693, 0.02740964, 0.023488  , 0.02567629,
       0.01687636, 0.01649043, 0.023187  , 0.01534336, 0.029104  ]), 'delta_distances': array([0.17821471, 0.24826171, 0.27598686, 0.21014529, 0.209941  ,
       0.23956786, 0.23119529, 0.19163357, 0.18677443, 0.18544743,
       0.26494471, 0.10469514, 0.22888743, 0.17083286, 0.148244  ,
       0.23123014, 0.16618157, 0.17225757, 0.24606271, 0.16442714,
       0.22867514, 0.21790143, 0.21498957, 0.13701829, 0.14416943,
       0.13303929, 0.10188271, 0.19786657, 0.17320671, 0.224117  ,
       0.20884614, 0.24316943, 0.233932  , 0.168363  , 0.18535486,
       0.15811343, 0.21233371, 0.20529871, 0.29633157, 0.203006  ,
       0.20735743, 0.19661914, 0.15930071, 0.18803214, 0.13419157,
       0.21577543, 0.20417471, 0.23228671, 0.19005286, 0.22488557,
       0.19726943, 0.18152514, 0.21603229, 0.14288557, 0.15013186,
       0.18350557, 0.276578  , 0.23972329, 0.196287  , 0.18163457,
       0.28666629, 0.174556  , 0.26321886, 0.22943257, 0.24476914,
       0.13566014, 0.162426  , 0.22482586, 0.22585857, 0.18066929,
       0.22711814, 0.15956514, 0.209165  , 0.23673186, 0.124422  ,
       0.16379614, 0.13868157, 0.17648986, 0.26233129, 0.16750157,
       0.31602386, 0.20812314, 0.151681  , 0.224575  , 0.21633257,
       0.25570371, 0.16058314, 0.314035  , 0.19531629, 0.184993  ,
       0.03218529, 0.02044886, 0.04594029, 0.03138071, 0.04916557,
       0.04924229, 0.01711614, 0.04214857, 0.05429971, 0.03105543,
       0.04730686, 0.03522414, 0.05995471, 0.02429871, 0.02933843,
       0.027462  , 0.03463171, 0.043348  , 0.038996  , 0.01757571,
       0.028165  , 0.04434557, 0.06016214, 0.03639629, 0.03470243,
       0.04412543, 0.02126614, 0.034719  , 0.04832657, 0.03420814,
       0.02286514, 0.044616  , 0.03322557, 0.04039171, 0.02317314,
       0.036663  , 0.04905757, 0.03086929, 0.03011714, 0.026099  ,
       0.04209386, 0.04308271, 0.04943943, 0.04792243, 0.02470243,
       0.03371443, 0.01964857, 0.05605929, 0.03992529, 0.02594471,
       0.02852729, 0.02625214, 0.061594  , 0.02603914, 0.03422886,
       0.021228  , 0.03495243, 0.03276386, 0.048376  , 0.04037943,
       0.02409357, 0.        , 0.031078  , 0.04495914, 0.027042  ,
       0.038965  , 0.02819957, 0.047847  , 0.04476371, 0.02136757,
       0.02664414, 0.05570371, 0.01510614, 0.02531471, 0.03595743,
       0.02822614, 0.029435  , 0.03443029, 0.05549986, 0.04139943,
       0.02905014, 0.03253071, 0.03550543, 0.03533471, 0.02550214,
       0.02955786, 0.02470957, 0.02843971, 0.03076414, 0.03654043,
       0.13540086, 0.17634471, 0.220601  , 0.17208843, 0.18744729,
       0.25204929, 0.18940443, 0.23711829, 0.20081329, 0.22125814,
       0.047244  , 0.03216871, 0.03856329, 0.03337657, 0.04679786,
       0.03689357, 0.02967614, 0.03218086, 0.03189171, 0.03257757]), 'locations': array([ 23, 478,  80, 184, 164, 437,  22, 366,  63,  82, 388, 138, 416,
       332, 439, 390, 157, 403, 140, 444, 147, 224, 410, 249, 297,  87,
       470, 461, 169, 292,  83, 452, 220, 214,   6, 190, 143, 149, 471,
        52,  84, 264, 135,  91, 300, 104, 367, 289, 273,  85,  33, 386,
        23, 200,   2, 282, 304, 462,  59, 376, 277, 133,  27, 207, 384,
       202, 226, 373, 150,  24, 227, 323, 106, 237, 339, 471,  21, 429,
       440, 344, 386, 426, 322, 481, 449, 240,  96, 252, 161, 370, 425,
       120, 381, 390,  86, 389,  80,  58, 295, 252, 178, 296, 471, 160,
       446,  56, 293, 115, 169, 356, 192, 426, 439, 163, 213,  28, 353,
       111, 329, 426, 104, 376, 400, 155, 124, 299, 174,  81, 127, 316,
        20, 120, 203, 327, 401, 141, 339, 415, 356, 348,  52,  38,  54,
       206, 166, 291, 229, 303, 430, 388, 366,  93,  31, 152,  52, 270,
       310, 447, 162,  87,  29, 238,  33, 247, 325, 219, 245, 296, 135,
       254, 111,  76, 372,  73, 353, 371, 343, 418, 174, 120, 405, 479,
       342, 461, 311,  12, 180, 200, 439, 264,  92,  77, 356,  38, 186,
       390, 141, 419, 155, 340])}], 'clusters': array([0, 0, 0, 0, 0, 0, 0, 0, 0, 0, 0, 0, 0, 0, 0, 0, 0, 0, 0, 0, 0, 0,
       0, 0, 0, 0, 0, 0, 0, 0, 0, 0, 0, 0, 0, 0, 0, 0, 0, 0, 0, 0, 0, 0,
       0, 0, 0, 0, 0, 0, 0, 0, 0, 0, 0, 0, 0, 0, 0, 0, 0, 0, 0, 0, 0, 0,
       0, 0, 0, 0, 0, 0, 0, 0, 0, 0, 0, 0, 0, 0, 0, 0, 0, 0, 0, 0, 0, 0,
       0, 0, 1, 1, 1, 1, 1, 1, 1, 1, 1, 1, 1, 1, 1, 1, 1, 1, 1, 1, 1, 1,
       1, 1, 1, 1, 1, 1, 1, 1, 1, 1, 1, 1, 1, 1, 1, 1, 1, 1, 1, 1, 1, 1,
       1, 1, 1, 1, 1, 1, 1, 1, 1, 1, 1, 1, 1, 1, 1, 1, 1, 1, 1, 1, 1, 1,
       1, 1, 1, 1, 1, 1, 1, 1, 1, 1, 1, 1, 1, 1, 1, 1, 1, 1, 1, 1, 1, 1,
       1, 1, 1, 1, 0, 0, 0, 0, 0, 0, 0, 0, 0, 0, 1, 1, 1, 1, 1, 1, 1, 1,
       1, 1]), 'time': 1500.4061303138733}
lenSubsequence: 15{'RI': 1.0, 'num_clusters': 2, 'uShapelets': [{'ts_index': 194, 'loc': 177, 'gap': 0.6238389562170432, 'distances': array([0.81096433, 0.98392767, 1.03451167, 1.14985193, 0.723721  ,
       0.57311087, 1.04862287, 0.71540887, 0.8478734 , 1.1138382 ,
       0.89537513, 0.55344013, 1.11726307, 0.8191492 , 0.73166933,
       0.44602613, 0.80851113, 0.8734912 , 0.84462727, 1.10778413,
       0.858208  , 0.87120047, 0.87588967, 0.67921473, 0.86588227,
       0.9255124 , 0.7597436 , 1.00994847, 1.00203993, 0.7370906 ,
       0.8578552 , 0.9296364 , 0.7552866 , 0.56624067, 1.29987173,
       0.76765473, 0.912962  , 0.73914853, 1.02140647, 0.71310347,
       0.81339433, 0.88745193, 1.2065882 , 0.6983494 , 0.88434927,
       1.03672327, 0.80173153, 0.74153707, 0.83413993, 0.72122367,
       0.72237527, 0.6021816 , 0.82643627, 0.61780593, 1.1554536 ,
       0.97856913, 1.0250566 , 1.0106178 , 1.11497987, 0.8656532 ,
       1.13745407, 0.98266767, 0.7287974 , 1.0057752 , 0.85833127,
       0.75989593, 0.4542692 , 1.06652567, 0.8158452 , 1.02697273,
       0.96667607, 0.6980012 , 0.3539426 , 0.5281954 , 0.5980266 ,
       0.78762933, 0.84088707, 0.83059473, 1.14488927, 0.91028693,
       0.90339187, 0.96174887, 1.20413947, 0.96447833, 0.82110047,
       1.0710352 , 0.72341   , 0.9106188 , 0.8317336 , 0.9739762 ,
       0.05071667, 0.03000853, 0.07685213, 0.034486  , 0.02217993,
       0.04390033, 0.0249494 , 0.0794134 , 0.06733127, 0.04063247,
       0.03295487, 0.032474  , 0.05364907, 0.03185473, 0.03435833,
       0.04972907, 0.010795  , 0.04872153, 0.03042507, 0.02332993,
       0.00926187, 0.03762833, 0.09690013, 0.0914814 , 0.02913733,
       0.0367322 , 0.02319713, 0.03701887, 0.04620767, 0.0301952 ,
       0.0243456 , 0.041076  , 0.0567198 , 0.05147833, 0.02371207,
       0.02620867, 0.03825313, 0.02253947, 0.03717187, 0.01236207,
       0.03181287, 0.0560762 , 0.07397187, 0.0283292 , 0.03477127,
       0.02832793, 0.0313492 , 0.0401752 , 0.03384807, 0.02755673,
       0.02455407, 0.02294347, 0.07729767, 0.02394093, 0.04567333,
       0.011516  , 0.04847793, 0.0364776 , 0.0141676 , 0.03746033,
       0.02243173, 0.02572833, 0.0218276 , 0.0338354 , 0.02322833,
       0.05388493, 0.0198506 , 0.04465507, 0.0304422 , 0.02940813,
       0.03721087, 0.02844153, 0.03137127, 0.03524413, 0.06313773,
       0.03763427, 0.04556027, 0.028216  , 0.04177   , 0.05154267,
       0.03177627, 0.048553  , 0.03908893, 0.05786667, 0.03756587,
       0.0423978 , 0.04438653, 0.03058933, 0.0243992 , 0.0473508 ,
       0.6637634 , 0.836318  , 1.0303972 , 0.8056724 , 0.93946507,
       0.68030533, 0.8049956 , 0.91965693, 0.61601733, 0.65220667,
       0.0338184 , 0.02893053, 0.0278598 , 0.02675407, 0.        ,
       0.02349193, 0.01354667, 0.04861687, 0.0511518 , 0.0514722 ]), 'delta_distances': array([0.29539267, 0.3456772 , 0.24239307, 0.2522964 , 0.23751147,
       0.26432587, 0.35691773, 0.3117248 , 0.25182453, 0.35937147,
       0.2361012 , 0.22450893, 0.2639972 , 0.28182573, 0.20494893,
       0.22081213, 0.20106187, 0.2708656 , 0.2392304 , 0.32440587,
       0.20443547, 0.28248907, 0.26656387, 0.22813653, 0.325776  ,
       0.23713667, 0.22294733, 0.23884053, 0.31834867, 0.27577533,
       0.25508667, 0.292318  , 0.2899484 , 0.20387547, 0.3274796 ,
       0.19760787, 0.24596853, 0.1809948 , 0.2546232 , 0.2428672 ,
       0.20572973, 0.24923493, 0.360158  , 0.19401533, 0.20903827,
       0.24917653, 0.32720453, 0.19882133, 0.2779384 , 0.20019347,
       0.28753333, 0.25843973, 0.25855307, 0.24054653, 0.3556736 ,
       0.23488973, 0.27904333, 0.2938356 , 0.31332467, 0.2717732 ,
       0.2882492 , 0.28875387, 0.28782053, 0.2997008 , 0.33567   ,
       0.27992573, 0.18822893, 0.2969296 , 0.21157973, 0.2796216 ,
       0.25665587, 0.19979027, 0.1785344 , 0.2105856 , 0.276004  ,
       0.18399907, 0.16474707, 0.30559147, 0.345514  , 0.26635333,
       0.2675736 , 0.33102787, 0.25464787, 0.2356504 , 0.24680173,
       0.34023387, 0.2977444 , 0.24571387, 0.15131133, 0.29722013,
       0.06527053, 0.05060067, 0.0973876 , 0.0652888 , 0.05175227,
       0.0669436 , 0.03888493, 0.11005827, 0.07907067, 0.06905853,
       0.05353133, 0.0539756 , 0.07026453, 0.05742227, 0.05960507,
       0.05791093, 0.0319392 , 0.07470213, 0.04956787, 0.04755973,
       0.0273624 , 0.05040773, 0.10066827, 0.08106027, 0.04446907,
       0.05490453, 0.05530507, 0.0606824 , 0.05411347, 0.05909613,
       0.04521827, 0.068922  , 0.07198973, 0.06448667, 0.0512356 ,
       0.04738867, 0.05833   , 0.04246787, 0.05238093, 0.02929   ,
       0.06267893, 0.07665613, 0.09687107, 0.052436  , 0.0513456 ,
       0.05350067, 0.04580707, 0.06230987, 0.04843733, 0.04786013,
       0.0437604 , 0.04352293, 0.0987536 , 0.0407908 , 0.064542  ,
       0.03557773, 0.07532973, 0.06852573, 0.039108  , 0.05473293,
       0.04588213, 0.04509667, 0.0469468 , 0.0580364 , 0.0528224 ,
       0.068594  , 0.0455884 , 0.061912  , 0.06253173, 0.06230867,
       0.05310787, 0.05229413, 0.06119547, 0.07404133, 0.08233187,
       0.05571693, 0.06646107, 0.04473347, 0.0651964 , 0.08194733,
       0.05738733, 0.0710008 , 0.0548252 , 0.08301067, 0.05847133,
       0.07177053, 0.06628   , 0.06907653, 0.0533648 , 0.08646133,
       0.265802  , 0.21129853, 0.30185573, 0.3305764 , 0.26842093,
       0.23336533, 0.19224267, 0.24186533, 0.21140653, 0.20156893,
       0.06099813, 0.05031413, 0.04214467, 0.04867653, 0.        ,
       0.05176133, 0.02819093, 0.07598   , 0.0790348 , 0.07261107]), 'locations': array([  6, 472,   1, 177, 158, 434, 420, 362,  56, 319, 118, 136, 152,
       325,  97, 384, 307,  61, 428, 239, 296, 103, 406, 289,  76, 406,
       463,  64, 210, 276,  79,  27, 219, 211, 476,  26, 416, 391, 396,
        46,  32,  91, 457,  84, 295,  96, 361, 341, 370,  40,  24, 380,
        68, 444, 185, 281, 104, 319, 298, 369, 445, 136,  21, 200, 378,
       197, 219,  16, 142,  71, 223, 218, 100, 204, 333, 340, 334,  66,
       247, 405, 479, 231, 215, 412, 295, 238, 131, 390, 289, 366, 416,
       111, 372, 381,  77, 380,  71,  49, 287, 243, 169, 287, 463, 151,
       437,  48, 284, 106, 160, 347, 183, 417, 431, 154, 204,  19, 344,
       101, 320, 417,  95, 367, 391, 147, 115, 291, 165,  72, 118, 307,
        11, 111, 194, 318, 392, 132, 330, 406, 347, 339,  43,  29,  46,
       197, 157, 282, 220, 294, 421, 379, 357,  84,  22, 144,  43, 262,
       301, 438, 153,  78,  20, 230,  24, 238, 317, 210, 236, 287, 126,
       245, 102,  68, 364,  64, 344, 362, 334, 409, 165, 111, 402,  29,
       308, 204, 118, 194, 171, 395, 435, 257,  82,  68, 347,  29, 177,
       381, 132, 410, 146, 332])}], 'clusters': array([0, 0, 0, 0, 0, 0, 0, 0, 0, 0, 0, 0, 0, 0, 0, 0, 0, 0, 0, 0, 0, 0,
       0, 0, 0, 0, 0, 0, 0, 0, 0, 0, 0, 0, 0, 0, 0, 0, 0, 0, 0, 0, 0, 0,
       0, 0, 0, 0, 0, 0, 0, 0, 0, 0, 0, 0, 0, 0, 0, 0, 0, 0, 0, 0, 0, 0,
       0, 0, 0, 0, 0, 0, 0, 0, 0, 0, 0, 0, 0, 0, 0, 0, 0, 0, 0, 0, 0, 0,
       0, 0, 1, 1, 1, 1, 1, 1, 1, 1, 1, 1, 1, 1, 1, 1, 1, 1, 1, 1, 1, 1,
       1, 1, 1, 1, 1, 1, 1, 1, 1, 1, 1, 1, 1, 1, 1, 1, 1, 1, 1, 1, 1, 1,
       1, 1, 1, 1, 1, 1, 1, 1, 1, 1, 1, 1, 1, 1, 1, 1, 1, 1, 1, 1, 1, 1,
       1, 1, 1, 1, 1, 1, 1, 1, 1, 1, 1, 1, 1, 1, 1, 1, 1, 1, 1, 1, 1, 1,
       1, 1, 1, 1, 0, 0, 0, 0, 0, 0, 0, 0, 0, 0, 1, 1, 1, 1, 1, 1, 1, 1,
       1, 1]), 'time': 1427.0624215602875}
lenSubsequence: 16{'RI': 1.0, 'num_clusters': 2, 'uShapelets': [{'ts_index': 196, 'loc': 133, 'gap': 0.64902517329441, 'distances': array([0.79819706, 0.93197881, 0.92122144, 0.95192937, 0.67846394,
       0.68615788, 1.18214794, 0.64481144, 0.73515931, 1.097846  ,
       1.055306  , 0.44444881, 1.03497569, 0.99039544, 0.66985312,
       0.71098894, 0.78080288, 0.976272  , 0.84473456, 0.99947344,
       0.96359956, 0.79701269, 0.71572687, 0.64224425, 0.84312325,
       1.06037981, 0.69738381, 0.97296281, 1.10624912, 0.78348519,
       0.92872187, 0.94846256, 0.62508388, 0.53530725, 1.24009225,
       0.75914931, 1.01127287, 0.68006575, 0.95807525, 0.64708469,
       0.77837969, 0.87447494, 1.13487825, 0.7111815 , 1.07104337,
       0.982901  , 0.79640481, 0.80556425, 0.71636294, 0.71907213,
       0.70864656, 0.62085812, 0.97561169, 0.59743156, 1.20227331,
       1.02835919, 1.02787612, 1.03492612, 1.10314981, 0.79773394,
       1.02770219, 1.024483  , 0.85779669, 0.9268605 , 0.81013531,
       0.71794406, 0.42880038, 1.02531012, 0.78881875, 0.99486881,
       1.08252512, 0.81938206, 0.34035294, 0.75388431, 0.5160145 ,
       0.82625738, 0.67564344, 0.70857475, 0.97664031, 1.0784425 ,
       0.95237344, 0.83848275, 1.02976256, 1.08556681, 0.73932244,
       1.0726845 , 0.680459  , 1.05837863, 0.96124069, 1.02227319,
       0.02345219, 0.01176919, 0.03802163, 0.01331688, 0.011583  ,
       0.02324331, 0.00643806, 0.04242581, 0.03527969, 0.02232375,
       0.02616825, 0.01041631, 0.02335738, 0.01286144, 0.010514  ,
       0.02367225, 0.00723419, 0.02657256, 0.01518762, 0.01124856,
       0.01121056, 0.02284494, 0.05659412, 0.05829806, 0.00897612,
       0.0124665 , 0.00748375, 0.01345113, 0.02126556, 0.01361419,
       0.01200819, 0.01715406, 0.02725919, 0.023991  , 0.01253075,
       0.01235212, 0.0225955 , 0.00734462, 0.01306019, 0.0104495 ,
       0.01151519, 0.025098  , 0.04279913, 0.03080812, 0.0125845 ,
       0.01046956, 0.01068287, 0.02442219, 0.02252969, 0.0069195 ,
       0.01094738, 0.01001381, 0.03306031, 0.00964656, 0.01920181,
       0.00469319, 0.02525156, 0.02314237, 0.01518925, 0.01777987,
       0.00590481, 0.00873119, 0.00874106, 0.01419363, 0.00415944,
       0.02767869, 0.01300281, 0.02637069, 0.01598587, 0.01132931,
       0.0194905 , 0.01286788, 0.0178995 , 0.02127587, 0.03118825,
       0.01379781, 0.02509237, 0.00982056, 0.01754306, 0.01947044,
       0.01310387, 0.02625231, 0.01673731, 0.02689006, 0.01851944,
       0.01733175, 0.01569263, 0.01306812, 0.01240913, 0.02785   ,
       0.71533637, 0.92834912, 1.02938519, 0.71371619, 1.05333394,
       0.75747344, 0.90069356, 0.93839825, 0.62657981, 0.73533069,
       0.012178  , 0.01656813, 0.01578775, 0.02411506, 0.01278525,
       0.00715075, 0.        , 0.02403262, 0.02506106, 0.03288475]), 'delta_distances': array([0.17542038, 0.25411363, 0.19215113, 0.17753937, 0.18654712,
       0.20464288, 0.2548575 , 0.25115525, 0.18300012, 0.21953525,
       0.23910862, 0.14193763, 0.3037615 , 0.15706363, 0.149585  ,
       0.17623625, 0.12654475, 0.16358563, 0.17832475, 0.22102162,
       0.19170875, 0.22025763, 0.18795163, 0.16751462, 0.19029588,
       0.165875  , 0.1695475 , 0.15319088, 0.21307475, 0.22018825,
       0.16772125, 0.22641075, 0.18558837, 0.13056875, 0.11850337,
       0.19330287, 0.19493413, 0.1081505 , 0.17531062, 0.17547212,
       0.11810537, 0.2004215 , 0.20677312, 0.18854162, 0.18201225,
       0.253086  , 0.25687325, 0.13138138, 0.255762  , 0.163729  ,
       0.2116555 , 0.14721138, 0.19525175, 0.12754113, 0.2166575 ,
       0.18685175, 0.21948475, 0.20188987, 0.19293088, 0.2159935 ,
       0.22530687, 0.229608  , 0.20634725, 0.225958  , 0.1664045 ,
       0.20373712, 0.126678  , 0.20403562, 0.16979537, 0.2092    ,
       0.19756125, 0.19994675, 0.12238   , 0.19914113, 0.19158425,
       0.18625487, 0.15680213, 0.1977545 , 0.28385837, 0.2242355 ,
       0.21151525, 0.164631  , 0.17707325, 0.17267088, 0.17273312,
       0.2940625 , 0.17721825, 0.22184088, 0.15236725, 0.22845613,
       0.03588887, 0.024479  , 0.05385325, 0.03046075, 0.02769088,
       0.041722  , 0.0125345 , 0.049839  , 0.05132813, 0.04247938,
       0.04657725, 0.02478762, 0.037227  , 0.03122912, 0.026429  ,
       0.03059375, 0.0214955 , 0.04145962, 0.03731125, 0.02650475,
       0.01690812, 0.03705838, 0.055306  , 0.05126862, 0.02020163,
       0.02198137, 0.02142162, 0.027022  , 0.03238625, 0.03312025,
       0.03072838, 0.03785663, 0.03946712, 0.03034675, 0.02712762,
       0.02504687, 0.03277563, 0.02034837, 0.02596575, 0.02092237,
       0.02948675, 0.03744225, 0.05698375, 0.047226  , 0.0234825 ,
       0.02695412, 0.02111113, 0.044763  , 0.03379025, 0.01976275,
       0.024983  , 0.02457837, 0.04992087, 0.016447  , 0.03403487,
       0.01710675, 0.04298475, 0.04822263, 0.02652375, 0.0312845 ,
       0.0162545 , 0.02095587, 0.02303538, 0.027586  , 0.01513275,
       0.03564275, 0.02487163, 0.037036  , 0.02986775, 0.03054137,
       0.02942375, 0.02897863, 0.03768825, 0.04263388, 0.04425662,
       0.02679375, 0.03644525, 0.02151125, 0.03157862, 0.03855425,
       0.03110337, 0.03324687, 0.030706  , 0.0429795 , 0.035672  ,
       0.03092312, 0.02486812, 0.03442862, 0.03196713, 0.04722838,
       0.21247688, 0.138649  , 0.23659675, 0.22192562, 0.25107987,
       0.18302875, 0.16530063, 0.19304963, 0.141362  , 0.1613905 ,
       0.02510087, 0.03230375, 0.02688762, 0.03535437, 0.02711125,
       0.01923937, 0.        , 0.0432145 , 0.04698962, 0.04710863]), 'locations': array([ 17, 473,   0, 176, 160, 434,  61, 362,  58, 318, 120, 135, 413,
       327,  97, 385, 208,  60, 481, 439, 299, 102, 406, 289, 377,  81,
       466,  63, 211, 275,  78,  27, 220, 210, 252, 186, 310, 392, 396,
        47,  30, 245, 131,  83, 294, 417, 361, 343, 267,  78,  24, 379,
        67, 194, 150, 281,  88,  28, 299, 369, 445, 133,  20, 202, 382,
       195, 219,  88, 142,  21, 226, 219,  98, 203, 334, 463,  20, 428,
       249, 404, 479, 228, 216, 412, 295, 239,  91, 312, 290, 366, 417,
       112, 373, 382,  78, 381,  72,  51, 288, 244, 171, 288, 464, 152,
       438,  49, 285, 107, 161, 348, 184, 418, 432, 155, 205,  20, 345,
       103, 321, 418,  96, 368, 392, 148, 116, 292, 166,  73, 119, 308,
        12, 112, 195, 319, 393, 133, 331, 407, 348, 340,  44,  30,  47,
       198, 158, 283, 221, 295, 422, 380, 358,  85,  23, 145,  44, 263,
       302, 439, 154,  79,  21, 231,  25, 239, 318, 211, 237, 288, 127,
       246, 103,  69, 365,  65, 345, 363, 335, 410, 166, 112, 401,  28,
         2, 203, 117, 193, 172, 396, 434, 256,  84,  69, 348,  30, 178,
       382, 133, 411, 147, 333])}], 'clusters': array([0, 0, 0, 0, 0, 0, 0, 0, 0, 0, 0, 0, 0, 0, 0, 0, 0, 0, 0, 0, 0, 0,
       0, 0, 0, 0, 0, 0, 0, 0, 0, 0, 0, 0, 0, 0, 0, 0, 0, 0, 0, 0, 0, 0,
       0, 0, 0, 0, 0, 0, 0, 0, 0, 0, 0, 0, 0, 0, 0, 0, 0, 0, 0, 0, 0, 0,
       0, 0, 0, 0, 0, 0, 0, 0, 0, 0, 0, 0, 0, 0, 0, 0, 0, 0, 0, 0, 0, 0,
       0, 0, 1, 1, 1, 1, 1, 1, 1, 1, 1, 1, 1, 1, 1, 1, 1, 1, 1, 1, 1, 1,
       1, 1, 1, 1, 1, 1, 1, 1, 1, 1, 1, 1, 1, 1, 1, 1, 1, 1, 1, 1, 1, 1,
       1, 1, 1, 1, 1, 1, 1, 1, 1, 1, 1, 1, 1, 1, 1, 1, 1, 1, 1, 1, 1, 1,
       1, 1, 1, 1, 1, 1, 1, 1, 1, 1, 1, 1, 1, 1, 1, 1, 1, 1, 1, 1, 1, 1,
       1, 1, 1, 1, 0, 0, 0, 0, 0, 0, 0, 0, 0, 0, 1, 1, 1, 1, 1, 1, 1, 1,
       1, 1]), 'time': 1423.7069799900055}
