lenSubsequence: 10{'RI': 0.4836683417085427, 'num_clusters': 2, 'uShapelets': [{'ts_index': 4, 'loc': 81, 'gap': 0.16950219688312818, 'distances': array([0.62686648, 0.52490472, 0.60635758, 0.49576491, 0.        ,
       0.57467743, 0.55602638, 0.54708642, 0.49829014, 0.66033116,
       0.66140289, 0.63405008, 0.62627706, 0.66893878, 0.62236202,
       0.68057256, 0.61482945, 0.63072403, 0.19798566, 0.37026472,
       0.59327046, 0.60141098, 0.62753349, 0.59490821, 0.61132015,
       0.65015181, 0.57162079, 0.62547145, 0.58091231, 0.59792925,
       0.56587872, 0.44685194, 0.59994856, 0.56702024, 0.39316277,
       0.6744063 , 0.58978571, 0.37707206, 0.53750964, 0.63205573,
       0.66422785, 0.67666376, 0.62085946, 0.67458678, 0.64272437,
       0.63227324, 0.25992593, 0.63678149, 0.66414865, 0.65961308,
       0.51209367, 0.59789182, 0.58660465, 0.3453598 , 0.60420505,
       0.37645159, 0.63448713, 0.6240656 , 0.68667035, 0.6880156 ,
       0.65684749, 0.28798623, 0.57855014, 0.51438706, 0.67997251,
       0.50996072, 0.52733723, 0.34054088, 0.5281178 , 0.20819755,
       0.2038221 , 0.52040353, 0.68637074, 0.67526459, 0.27658534,
       0.52646209, 0.54397011, 0.68056416, 0.64277085, 0.50667779,
       0.57560283, 0.22482575, 0.67048165, 0.44835402, 0.44067783,
       0.52660902, 0.64852908, 0.23924673, 0.33319001, 0.40084912,
       0.65108325, 0.45935795, 0.27555909, 0.60193994, 0.6286573 ,
       0.66419941, 0.4872094 , 0.50489597, 0.55899689, 0.61860259,
       0.30270377, 0.55744582, 0.66948913, 0.61252695, 0.2758985 ,
       0.68836911, 0.62099527, 0.3873064 , 0.34051603, 0.62063376,
       0.57737253, 0.6708831 , 0.6423843 , 0.67823951, 0.62979253,
       0.27681463, 0.66021183, 0.59570875, 0.65568544, 0.67782889,
       0.58269746, 0.67476339, 0.6393107 , 0.5281297 , 0.26443803,
       0.50618411, 0.66469149, 0.62492217, 0.49937608, 0.65370416,
       0.28826528, 0.20417328, 0.67085031, 0.72651894, 0.4967864 ,
       0.35398604, 0.35040716, 0.52712984, 0.26761982, 0.44516248,
       0.63999207, 0.58932637, 0.6958993 , 0.61319814, 0.64508252,
       0.34542151, 0.64617885, 0.63801698, 0.65947968, 0.59181661,
       0.62492724, 0.67904194, 0.36770495, 0.20423352, 0.62721122,
       0.54165946, 0.56678499, 0.5352293 , 0.53809099, 0.34624151,
       0.56510384, 0.55394717, 0.66199347, 0.66300157, 0.68117049,
       0.54716512, 0.54114044, 0.2400144 , 0.57122456, 0.62870927,
       0.55353948, 0.62033611, 0.55217801, 0.17093431, 0.63755495,
       0.60727431, 0.28634692, 0.33781847, 0.61041122, 0.66133106,
       0.36753107, 0.64114512, 0.48001214, 0.67524483, 0.66613437,
       0.57536534, 0.67407419, 0.2489989 , 0.48546694, 0.41224498,
       0.62656126, 0.68955278, 0.63361186, 0.21984767, 0.64504907,
       0.36484431, 0.54829404, 0.7289937 , 0.30864198, 0.48481202]), 'delta_distances': array([0., 0., 0., 0., 0., 0., 0., 0., 0., 0., 0., 0., 0., 0., 0., 0., 0.,
       0., 0., 0., 0., 0., 0., 0., 0., 0., 0., 0., 0., 0., 0., 0., 0., 0.,
       0., 0., 0., 0., 0., 0., 0., 0., 0., 0., 0., 0., 0., 0., 0., 0., 0.,
       0., 0., 0., 0., 0., 0., 0., 0., 0., 0., 0., 0., 0., 0., 0., 0., 0.,
       0., 0., 0., 0., 0., 0., 0., 0., 0., 0., 0., 0., 0., 0., 0., 0., 0.,
       0., 0., 0., 0., 0., 0., 0., 0., 0., 0., 0., 0., 0., 0., 0., 0., 0.,
       0., 0., 0., 0., 0., 0., 0., 0., 0., 0., 0., 0., 0., 0., 0., 0., 0.,
       0., 0., 0., 0., 0., 0., 0., 0., 0., 0., 0., 0., 0., 0., 0., 0., 0.,
       0., 0., 0., 0., 0., 0., 0., 0., 0., 0., 0., 0., 0., 0., 0., 0., 0.,
       0., 0., 0., 0., 0., 0., 0., 0., 0., 0., 0., 0., 0., 0., 0., 0., 0.,
       0., 0., 0., 0., 0., 0., 0., 0., 0., 0., 0., 0., 0., 0., 0., 0., 0.,
       0., 0., 0., 0., 0., 0., 0., 0., 0., 0., 0., 0., 0.]), 'locations': array([ 51,  89, 161,  56,  81,  98,  75,  68,  63,  15,  97,  49,  88,
       111, 176, 106,  54,  90, 100,  93, 169,  97, 117,  75,  80, 152,
        89, 120, 125, 100,  37,  73,  74,  83,  61, 141, 150,  75, 110,
       106, 148, 164,  89,  32, 135,  73,  52, 146,  91, 108,  71,  69,
       112, 105, 103,  76,  71,  16, 172, 132,  97,  88,  96, 104, 141,
        65,  92,  90,  82,  61,  73,  59, 134,  90,  49, 114,  88, 125,
       114,  66,  73, 103, 173, 100,  89,  43,  65,  97,  85,  65,  98,
        55,  60,  11, 168,   8,  90,  96, 124,  49,  53, 100, 124,  76,
        64,  73, 144,  52, 117, 126, 122, 131,  99, 200,  87,  99,  13,
        89, 134, 103, 102, 150,  99,  50,  91,  99, 169,  94,  98, 116,
        95,  53, 175, 185,  75, 109,  61,  84,  50,  52,  78,  84, 205,
       174,  86,  87,  89,  96,  38,  47,  97, 102,  70,  63,  95,  69,
        52,  62,  67,  84,  53,  86, 155,  98, 115,  76,  94,  87, 115,
       110,  67, 138,  70,  56, 149, 111,  66,  84,  86, 138,  49, 164,
        96, 187, 117, 121, 164,  90, 104,  75,  96, 140, 168, 108,  86,
        94,  96,  41,  96,  73])}], 'clusters': array([0, 0, 0, 0, 1, 0, 0, 0, 0, 0, 0, 0, 0, 0, 0, 0, 0, 0, 1, 0, 0, 0,
       0, 0, 0, 0, 0, 0, 0, 0, 0, 0, 0, 0, 0, 0, 0, 0, 0, 0, 0, 0, 0, 0,
       0, 0, 1, 0, 0, 0, 0, 0, 0, 1, 0, 0, 0, 0, 0, 0, 0, 1, 0, 0, 0, 0,
       0, 1, 0, 1, 1, 0, 0, 0, 1, 0, 0, 0, 0, 0, 0, 1, 0, 0, 0, 0, 0, 1,
       1, 0, 0, 0, 1, 0, 0, 0, 0, 0, 0, 0, 1, 0, 0, 0, 1, 0, 0, 0, 1, 0,
       0, 0, 0, 0, 0, 1, 0, 0, 0, 0, 0, 0, 0, 0, 1, 0, 0, 0, 0, 0, 1, 1,
       0, 0, 0, 1, 1, 0, 1, 0, 0, 0, 0, 0, 0, 1, 0, 0, 0, 0, 0, 0, 0, 1,
       0, 0, 0, 0, 0, 1, 0, 0, 0, 0, 0, 0, 0, 1, 0, 0, 0, 0, 0, 1, 0, 0,
       1, 1, 0, 0, 1, 0, 0, 0, 0, 0, 0, 1, 0, 0, 0, 0, 0, 1, 0, 1, 0, 0,
       1, 0]), 'time': 428.78477454185486}
lenSubsequence: 11{'RI': 0.4836683417085427, 'num_clusters': 2, 'uShapelets': [{'ts_index': 74, 'loc': 48, 'gap': 0.20065115966567348, 'distances': array([0.63054653, 0.44729641, 0.66883947, 0.52560902, 0.25925784,
       0.57731948, 0.63262907, 0.53932672, 0.52893388, 0.65837583,
       0.67829414, 0.69659954, 0.60923485, 0.6805398 , 0.58677468,
       0.67954044, 0.66989117, 0.60798082, 0.33066648, 0.27010465,
       0.63523789, 0.59599323, 0.56406742, 0.57069966, 0.61081213,
       0.63788048, 0.63703109, 0.64179272, 0.56071705, 0.591769  ,
       0.64533685, 0.51068954, 0.67157538, 0.58917235, 0.37722403,
       0.68820115, 0.61353057, 0.34272912, 0.57074377, 0.63039735,
       0.66904702, 0.66156189, 0.64457342, 0.69099895, 0.67036412,
       0.64698276, 0.23198012, 0.64137314, 0.68200477, 0.66312264,
       0.52241198, 0.62855597, 0.60936657, 0.38129496, 0.6206959 ,
       0.4296415 , 0.66088924, 0.65561016, 0.67811886, 0.68046189,
       0.69960349, 0.25798858, 0.57004885, 0.5731076 , 0.67339427,
       0.45321726, 0.57367175, 0.39548881, 0.62985115, 0.23883604,
       0.23479217, 0.50865552, 0.66067848, 0.61352208, 0.        ,
       0.56880099, 0.59337671, 0.70112545, 0.68569978, 0.6031285 ,
       0.62637401, 0.30884912, 0.68080028, 0.36900339, 0.44052644,
       0.58069297, 0.65647057, 0.34574665, 0.23497098, 0.45835796,
       0.65717354, 0.35850976, 0.19826985, 0.60288821, 0.61763663,
       0.67208769, 0.55400514, 0.53417337, 0.56321805, 0.65521557,
       0.40995387, 0.56967928, 0.67668042, 0.66221296, 0.3106334 ,
       0.70879883, 0.65077905, 0.23284076, 0.24395798, 0.63869454,
       0.57553978, 0.67942543, 0.64910652, 0.67407526, 0.63837291,
       0.3274855 , 0.66043596, 0.61618154, 0.68513059, 0.71907253,
       0.63409497, 0.69113214, 0.64503146, 0.57486629, 0.14746461,
       0.54493797, 0.66833045, 0.64831538, 0.56544476, 0.65715702,
       0.2882893 , 0.2099696 , 0.66979159, 0.7248678 , 0.55570931,
       0.31184896, 0.34650466, 0.57245604, 0.27717372, 0.50309994,
       0.65683453, 0.66214968, 0.68148548, 0.60018835, 0.67206822,
       0.30381352, 0.65976059, 0.67605569, 0.64874645, 0.63854089,
       0.64470841, 0.65121979, 0.40467177, 0.33407771, 0.68184973,
       0.58207227, 0.5725006 , 0.51022116, 0.62531911, 0.40285158,
       0.66349496, 0.57735022, 0.65523025, 0.65042074, 0.6907025 ,
       0.64011618, 0.59152288, 0.17652069, 0.59103763, 0.6372125 ,
       0.58269971, 0.614641  , 0.60238155, 0.21866902, 0.65655768,
       0.6444065 , 0.20804211, 0.35793371, 0.62160507, 0.68406171,
       0.41339362, 0.62689163, 0.4534361 , 0.6614794 , 0.66245347,
       0.59296129, 0.66451319, 0.14421899, 0.56168964, 0.3958957 ,
       0.60759525, 0.66552127, 0.61883552, 0.2163181 , 0.64122748,
       0.18034826, 0.58668682, 0.70470814, 0.23361201, 0.56055541]), 'delta_distances': array([0., 0., 0., 0., 0., 0., 0., 0., 0., 0., 0., 0., 0., 0., 0., 0., 0.,
       0., 0., 0., 0., 0., 0., 0., 0., 0., 0., 0., 0., 0., 0., 0., 0., 0.,
       0., 0., 0., 0., 0., 0., 0., 0., 0., 0., 0., 0., 0., 0., 0., 0., 0.,
       0., 0., 0., 0., 0., 0., 0., 0., 0., 0., 0., 0., 0., 0., 0., 0., 0.,
       0., 0., 0., 0., 0., 0., 0., 0., 0., 0., 0., 0., 0., 0., 0., 0., 0.,
       0., 0., 0., 0., 0., 0., 0., 0., 0., 0., 0., 0., 0., 0., 0., 0., 0.,
       0., 0., 0., 0., 0., 0., 0., 0., 0., 0., 0., 0., 0., 0., 0., 0., 0.,
       0., 0., 0., 0., 0., 0., 0., 0., 0., 0., 0., 0., 0., 0., 0., 0., 0.,
       0., 0., 0., 0., 0., 0., 0., 0., 0., 0., 0., 0., 0., 0., 0., 0., 0.,
       0., 0., 0., 0., 0., 0., 0., 0., 0., 0., 0., 0., 0., 0., 0., 0., 0.,
       0., 0., 0., 0., 0., 0., 0., 0., 0., 0., 0., 0., 0., 0., 0., 0., 0.,
       0., 0., 0., 0., 0., 0., 0., 0., 0., 0., 0., 0., 0.]), 'locations': array([133,  90,  85,  55,  80,  97,  72,  67,  61, 122, 189,  37,  87,
       109, 175, 105,  46, 119,  99,  91, 169,  97,  91,  76,  80, 152,
        88, 176, 144,  99, 173,  72,  42,  82,  60, 140, 151,  74, 109,
       121, 133, 143,  24,  65, 160,  32,  50,  88,  90, 108,  71,  67,
        92, 105, 144,  74, 134,  78, 161, 131,  36,  88,  96,  97, 140,
        64,  91,  89,  80,  59,  72,  59, 135,  91,  48, 114,  88,  89,
       178,  66,  10, 103, 173,  98,  89,  87, 141,  96,  83,  65, 125,
        54,  59,  10, 166, 200,  90,  95, 124, 115,  52,  98, 110,  95,
        62, 164, 158,  50, 116, 125, 122, 104, 135, 199,  88,  99, 198,
        77, 166, 102, 101, 150,  93,  49,  90,  99, 169,  93,  98, 116,
        94,  52, 110, 161,  74, 108,  61,  85,  49,  51, 159, 140, 205,
       174, 184,  85, 137, 126, 122,  43,  96, 102,  70,  62,  65,  69,
        25,  61,   5,  82, 201,  85, 121, 176, 200,  72,  54,  86, 115,
       110,  66, 138,  69,  55,  72, 121,  65,  83,  86, 148,  48,  98,
        96, 184, 110, 120, 164,  89, 103,  73,  96, 140, 115, 108,  74,
        93,  95, 183,  95,  71])}], 'clusters': array([0, 0, 0, 0, 1, 0, 0, 0, 0, 0, 0, 0, 0, 0, 0, 0, 0, 0, 1, 1, 0, 0,
       0, 0, 0, 0, 0, 0, 0, 0, 0, 0, 0, 0, 0, 0, 0, 1, 0, 0, 0, 0, 0, 0,
       0, 0, 1, 0, 0, 0, 0, 0, 0, 0, 0, 0, 0, 0, 0, 0, 0, 1, 0, 0, 0, 0,
       0, 0, 0, 1, 1, 0, 0, 0, 1, 0, 0, 0, 0, 0, 0, 1, 0, 1, 0, 0, 0, 1,
       1, 0, 0, 1, 1, 0, 0, 0, 0, 0, 0, 0, 0, 0, 0, 0, 1, 0, 0, 1, 1, 0,
       0, 0, 0, 0, 0, 1, 0, 0, 0, 0, 0, 0, 0, 0, 1, 0, 0, 0, 0, 0, 1, 1,
       0, 0, 0, 1, 1, 0, 1, 0, 0, 0, 0, 0, 0, 1, 0, 0, 0, 0, 0, 0, 0, 1,
       0, 0, 0, 0, 0, 0, 0, 0, 0, 0, 0, 0, 0, 1, 0, 0, 0, 0, 0, 1, 0, 0,
       1, 1, 0, 0, 0, 0, 0, 0, 0, 0, 0, 1, 0, 0, 0, 0, 0, 1, 0, 1, 0, 0,
       1, 0]), 'time': 426.9394693374634}
lenSubsequence: 12{'RI': 0.5367336683417085, 'num_clusters': 2, 'uShapelets': [{'ts_index': 173, 'loc': 53, 'gap': 0.2114622520255129, 'distances': array([0.67745252, 0.46004997, 0.68967676, 0.53555492, 0.21139577,
       0.58129423, 0.57136653, 0.5545985 , 0.51931278, 0.69943545,
       0.68843688, 0.69332911, 0.63480065, 0.65776237, 0.59843607,
       0.69123202, 0.66584824, 0.64051877, 0.23136005, 0.33869765,
       0.64376186, 0.6295893 , 0.65447451, 0.59743928, 0.63736036,
       0.6565197 , 0.68749256, 0.66196378, 0.61279733, 0.64140416,
       0.65389131, 0.52803026, 0.6896309 , 0.62323114, 0.37658287,
       0.6614191 , 0.66076287, 0.34667301, 0.56603916, 0.6545102 ,
       0.69249515, 0.6747998 , 0.66706714, 0.68502466, 0.64712004,
       0.63595319, 0.25279208, 0.65455077, 0.64660356, 0.69029347,
       0.52547765, 0.64120792, 0.61888393, 0.45690592, 0.64834408,
       0.37345762, 0.67612367, 0.62043862, 0.68184939, 0.63330517,
       0.69976665, 0.243721  , 0.64799054, 0.55888023, 0.69795408,
       0.43478532, 0.58306473, 0.31288665, 0.63758416, 0.23223959,
       0.24612446, 0.5301211 , 0.68052124, 0.63317854, 0.29516575,
       0.67069691, 0.6013316 , 0.71121698, 0.69109945, 0.62374225,
       0.62639941, 0.34940869, 0.68808751, 0.34922357, 0.58131295,
       0.58024122, 0.68964539, 0.28050615, 0.32213318, 0.36335219,
       0.64805641, 0.36152594, 0.2473605 , 0.64004062, 0.61786324,
       0.66854719, 0.65383854, 0.57865103, 0.61187416, 0.68939892,
       0.440303  , 0.56222939, 0.66937975, 0.66683903, 0.28028506,
       0.70071894, 0.61713487, 0.31628914, 0.38385969, 0.66128983,
       0.62073793, 0.6926305 , 0.65322831, 0.67633807, 0.64418121,
       0.33873343, 0.65463082, 0.63908101, 0.68809808, 0.68555082,
       0.68110433, 0.70183657, 0.66274071, 0.58837637, 0.30643697,
       0.53687033, 0.6874194 , 0.69728109, 0.58618711, 0.65797672,
       0.27871212, 0.28375742, 0.63204926, 0.70052897, 0.59467393,
       0.31552894, 0.31282644, 0.6000426 , 0.25786688, 0.54826174,
       0.67375345, 0.68056691, 0.68533976, 0.6220881 , 0.67547516,
       0.34435187, 0.66810792, 0.66141514, 0.68270455, 0.60468185,
       0.6681258 , 0.6726837 , 0.50900361, 0.26681295, 0.6995939 ,
       0.61100439, 0.5748556 , 0.51394412, 0.65464289, 0.34108121,
       0.65050124, 0.61564661, 0.66275246, 0.66271638, 0.69122551,
       0.65370707, 0.59350354, 0.22108888, 0.63088545, 0.69115116,
       0.57959303, 0.63306951, 0.60843053, 0.        , 0.68975303,
       0.64912505, 0.25475925, 0.31331927, 0.64652861, 0.68661181,
       0.34119952, 0.65656339, 0.43347225, 0.65953019, 0.68488336,
       0.58205341, 0.66637162, 0.33533992, 0.56213344, 0.43745679,
       0.65669422, 0.70045974, 0.6241061 , 0.271112  , 0.65891307,
       0.31587643, 0.63825261, 0.67992455, 0.35271966, 0.57276026]), 'delta_distances': array([0., 0., 0., 0., 0., 0., 0., 0., 0., 0., 0., 0., 0., 0., 0., 0., 0.,
       0., 0., 0., 0., 0., 0., 0., 0., 0., 0., 0., 0., 0., 0., 0., 0., 0.,
       0., 0., 0., 0., 0., 0., 0., 0., 0., 0., 0., 0., 0., 0., 0., 0., 0.,
       0., 0., 0., 0., 0., 0., 0., 0., 0., 0., 0., 0., 0., 0., 0., 0., 0.,
       0., 0., 0., 0., 0., 0., 0., 0., 0., 0., 0., 0., 0., 0., 0., 0., 0.,
       0., 0., 0., 0., 0., 0., 0., 0., 0., 0., 0., 0., 0., 0., 0., 0., 0.,
       0., 0., 0., 0., 0., 0., 0., 0., 0., 0., 0., 0., 0., 0., 0., 0., 0.,
       0., 0., 0., 0., 0., 0., 0., 0., 0., 0., 0., 0., 0., 0., 0., 0., 0.,
       0., 0., 0., 0., 0., 0., 0., 0., 0., 0., 0., 0., 0., 0., 0., 0., 0.,
       0., 0., 0., 0., 0., 0., 0., 0., 0., 0., 0., 0., 0., 0., 0., 0., 0.,
       0., 0., 0., 0., 0., 0., 0., 0., 0., 0., 0., 0., 0., 0., 0., 0., 0.,
       0., 0., 0., 0., 0., 0., 0., 0., 0., 0., 0., 0., 0.]), 'locations': array([209,  88, 125,  55,  78,  97,  71,  64,  60, 156, 188,  34, 137,
       107, 174, 148,  42, 118,  97,  89, 166, 127, 116,  73,  78, 149,
       183, 118, 142,  98, 173,  70,  70,  81,  58, 139, 148,  72, 108,
       119, 129, 139,  24,  63, 132,  31,  48,  85,  66, 106,  70,  65,
       109, 102, 144,  73, 132,  75, 195, 130, 219,  85,  96,  97, 140,
        62,  88,  87,  78,  58,  70,  59, 134,  90,  46, 113,  85, 146,
       104,  63,   8, 100, 105,  97,  88,  86, 104,  94,  81,  62, 121,
        53,  58,  84, 165, 142,  72,  94, 123, 113,  50,  97,  93, 136,
        61, 183, 141,  48, 114, 123, 152,  93, 135, 198,  84,  97, 140,
        74,  72,  91, 118, 147,  91,  49,  89,  98, 152,  93,  95, 112,
        93,  50, 109, 158,  72, 107,  59,  84,  47,  48, 158, 140, 203,
       172, 184,  83, 135,  93, 121,  43,  95, 196,  68,  60,  64,  68,
        22,  61,  66,  80, 198,  84, 121, 175, 199,  71,  91,  84, 113,
       109,  63, 136,  68,  53, 145, 108,  63,  80,  85, 202,  46, 160,
        93, 183, 113, 118, 163,  88, 102,  71,  93, 139, 113, 106,  70,
        91,  49, 143,  93,  70])}], 'clusters': array([0, 0, 0, 0, 1, 0, 0, 0, 0, 0, 0, 0, 0, 0, 0, 0, 0, 0, 1, 1, 0, 0,
       0, 0, 0, 0, 0, 0, 0, 0, 0, 0, 0, 0, 1, 0, 0, 1, 0, 0, 0, 0, 0, 0,
       0, 0, 1, 0, 0, 0, 0, 0, 0, 0, 0, 1, 0, 0, 0, 0, 0, 1, 0, 0, 0, 0,
       0, 1, 0, 1, 1, 0, 0, 0, 1, 0, 0, 0, 0, 0, 0, 1, 0, 1, 0, 0, 0, 1,
       1, 1, 0, 1, 1, 0, 0, 0, 0, 0, 0, 0, 0, 0, 0, 0, 1, 0, 0, 1, 1, 0,
       0, 0, 0, 0, 0, 1, 0, 0, 0, 0, 0, 0, 0, 0, 1, 0, 0, 0, 0, 0, 1, 1,
       0, 0, 0, 1, 1, 0, 1, 0, 0, 0, 0, 0, 0, 1, 0, 0, 0, 0, 0, 0, 0, 1,
       0, 0, 0, 0, 0, 1, 0, 0, 0, 0, 0, 0, 0, 1, 0, 0, 0, 0, 0, 1, 0, 0,
       1, 1, 0, 0, 1, 0, 0, 0, 0, 0, 0, 1, 0, 0, 0, 0, 0, 1, 0, 1, 0, 0,
       1, 0]), 'time': 412.5657877922058}
lenSubsequence: 18{'RI': 0.5552261306532663, 'num_clusters': 2, 'uShapelets': [{'ts_index': 145, 'loc': 85, 'gap': 0.1570147076021734, 'distances': array([0.58919474, 0.32150708, 0.61467979, 0.46721183, 0.28140519,
       0.6244779 , 0.45486834, 0.43984245, 0.44594406, 0.59559518,
       0.60982972, 0.58202073, 0.60449108, 0.63346768, 0.57101113,
       0.62553661, 0.51260234, 0.60374898, 0.29763187, 0.42356713,
       0.61866888, 0.61776967, 0.55588041, 0.4793193 , 0.50667363,
       0.58152269, 0.62459607, 0.59647534, 0.60269815, 0.64245978,
       0.57062286, 0.42558652, 0.49110963, 0.50441207, 0.35701109,
       0.62204311, 0.58926602, 0.31525503, 0.50051675, 0.62577926,
       0.61559948, 0.60871422, 0.53767758, 0.47986117, 0.60273398,
       0.59525947, 0.1881335 , 0.62288295, 0.62316087, 0.61260852,
       0.43024564, 0.58882337, 0.50371226, 0.30755375, 0.61777187,
       0.32040305, 0.62264659, 0.48435773, 0.59240894, 0.63435723,
       0.60420374, 0.27441052, 0.60168856, 0.43147746, 0.63642392,
       0.27937939, 0.50456343, 0.25551941, 0.45428544, 0.25875798,
       0.20472423, 0.43027827, 0.63215835, 0.60033105, 0.21362201,
       0.46284901, 0.48885485, 0.6588837 , 0.61316528, 0.46054427,
       0.54851286, 0.22240748, 0.62361974, 0.29457213, 0.36131265,
       0.48314905, 0.63431961, 0.29856478, 0.22354384, 0.37664605,
       0.6210739 , 0.30990529, 0.25101135, 0.52875611, 0.59578341,
       0.60356349, 0.48023836, 0.43596124, 0.56183318, 0.55062657,
       0.31264271, 0.42659583, 0.60370886, 0.60161134, 0.27510088,
       0.61998811, 0.56106969, 0.16856427, 0.28155779, 0.57961923,
       0.57385505, 0.63246737, 0.62359454, 0.62902201, 0.63944353,
       0.32251079, 0.54818577, 0.49855932, 0.60713666, 0.64768732,
       0.63088216, 0.62767058, 0.57241045, 0.46951751, 0.17526419,
       0.45590619, 0.63045842, 0.57746878, 0.45043764, 0.60295676,
       0.30867329, 0.23397624, 0.60790321, 0.62925918, 0.46046835,
       0.30131974, 0.29076197, 0.47302318, 0.29578442, 0.38179492,
       0.60683721, 0.58280194, 0.61780127, 0.60336397, 0.61770936,
       0.        , 0.58840315, 0.60464214, 0.5935245 , 0.479073  ,
       0.62090647, 0.62105408, 0.39698057, 0.27415581, 0.64440095,
       0.46352738, 0.48121405, 0.398796  , 0.49389031, 0.25594012,
       0.56317842, 0.45650191, 0.61918766, 0.60693571, 0.61784233,
       0.49577516, 0.4485422 , 0.26894357, 0.64028768, 0.62986253,
       0.47810508, 0.62786568, 0.51206297, 0.27619472, 0.59241274,
       0.62422964, 0.26320827, 0.33152918, 0.59327294, 0.57437375,
       0.28063027, 0.58437037, 0.35229775, 0.64267796, 0.61703058,
       0.56236273, 0.62621872, 0.2235956 , 0.46192247, 0.26199698,
       0.60597276, 0.63726818, 0.58626594, 0.22072743, 0.58843767,
       0.33494759, 0.43949605, 0.65167563, 0.27691817, 0.47369772]), 'delta_distances': array([0., 0., 0., 0., 0., 0., 0., 0., 0., 0., 0., 0., 0., 0., 0., 0., 0.,
       0., 0., 0., 0., 0., 0., 0., 0., 0., 0., 0., 0., 0., 0., 0., 0., 0.,
       0., 0., 0., 0., 0., 0., 0., 0., 0., 0., 0., 0., 0., 0., 0., 0., 0.,
       0., 0., 0., 0., 0., 0., 0., 0., 0., 0., 0., 0., 0., 0., 0., 0., 0.,
       0., 0., 0., 0., 0., 0., 0., 0., 0., 0., 0., 0., 0., 0., 0., 0., 0.,
       0., 0., 0., 0., 0., 0., 0., 0., 0., 0., 0., 0., 0., 0., 0., 0., 0.,
       0., 0., 0., 0., 0., 0., 0., 0., 0., 0., 0., 0., 0., 0., 0., 0., 0.,
       0., 0., 0., 0., 0., 0., 0., 0., 0., 0., 0., 0., 0., 0., 0., 0., 0.,
       0., 0., 0., 0., 0., 0., 0., 0., 0., 0., 0., 0., 0., 0., 0., 0., 0.,
       0., 0., 0., 0., 0., 0., 0., 0., 0., 0., 0., 0., 0., 0., 0., 0., 0.,
       0., 0., 0., 0., 0., 0., 0., 0., 0., 0., 0., 0., 0., 0., 0., 0., 0.,
       0., 0., 0., 0., 0., 0., 0., 0., 0., 0., 0., 0., 0.]), 'locations': array([ 51,  90, 156,  56,  80,  97,  73,  64,  62,  15, 106,  50,  13,
       179, 174, 129,  52,  90,  99,  91, 168,  97,   4,  75,  80, 150,
       185, 117, 144,  99,  36,  72,  72,  83,  60,  64, 149,  74, 109,
        54,  52,  41,  89,  65,  26,  67,  50, 107,  90,  34,  71, 123,
       110, 104, 144,  74, 162,  90,  30,  59,  37,  87,  97,  97,  47,
        64,  91,  89,  80,  59,  72,  59, 103,  91,  48, 114,  86, 168,
       106,  63,  67, 101, 107,  98,  89,  87,  65,  96,  83,  64,  34,
        54,  59,  88,  48,   8,  90,  95, 123,  15,  52,  98, 109, 173,
        62,  72,  63,  50, 116,  15, 122, 129, 109, 199,  82,  98,  14,
        90,   9,  94,  80,  40,  93,  50,  90, 100, 167,  64,  97,  59,
        94,  52, 111,  27,  74, 108,  60,  85,  49,  50, 158,  83, 204,
       172, 182,  85,   8,  42,  37,  45,   2,  24,  70,  62,  65,  69,
        46,  61,  68,  82,  52,  85, 121, 174,   2,  75,  93,  86, 115,
       132,  66, 183,  71,  55, 146, 121,  65,  83,  85,  29,  48,   2,
        95,  69, 110,  62,  58,  89, 103,  73,  96, 140, 115, 107,  85,
        93,  95,  60,  94,  70])}], 'clusters': array([0, 1, 0, 0, 1, 0, 0, 0, 0, 0, 0, 0, 0, 0, 0, 0, 0, 0, 1, 0, 0, 0,
       0, 0, 0, 0, 0, 0, 0, 0, 0, 0, 0, 0, 0, 0, 0, 1, 0, 0, 0, 0, 0, 0,
       0, 0, 1, 0, 0, 0, 0, 0, 0, 1, 0, 1, 0, 0, 0, 0, 0, 1, 0, 0, 0, 1,
       0, 1, 0, 1, 1, 0, 0, 0, 1, 0, 0, 0, 0, 0, 0, 1, 0, 1, 0, 0, 0, 1,
       1, 0, 0, 1, 1, 0, 0, 0, 0, 0, 0, 0, 1, 0, 0, 0, 1, 0, 0, 1, 1, 0,
       0, 0, 0, 0, 0, 1, 0, 0, 0, 0, 0, 0, 0, 0, 1, 0, 0, 0, 0, 0, 1, 1,
       0, 0, 0, 1, 1, 0, 1, 0, 0, 0, 0, 0, 0, 1, 0, 0, 0, 0, 0, 0, 0, 1,
       0, 0, 0, 0, 0, 1, 0, 0, 0, 0, 0, 0, 0, 1, 0, 0, 0, 0, 0, 1, 0, 0,
       1, 1, 0, 0, 1, 0, 0, 0, 0, 0, 0, 1, 0, 1, 0, 0, 0, 1, 0, 1, 0, 0,
       1, 0]), 'time': 389.69625520706177}
lenSubsequence: 19{'RI': 0.7661809045226131, 'num_clusters': 3, 'uShapelets': [{'ts_index': 69, 'loc': 57, 'gap': 0.10931424130918943, 'distances': array([0.50510125, 0.37738201, 0.49282192, 0.36346457, 0.25164954,
       0.50058192, 0.42340937, 0.38024818, 0.39307953, 0.5149939 ,
       0.50763695, 0.53122141, 0.50569528, 0.50392365, 0.45223907,
       0.5036244 , 0.46010571, 0.51953854, 0.27733254, 0.47201463,
       0.48205648, 0.49627615, 0.51661607, 0.36917108, 0.44548058,
       0.46627083, 0.50301673, 0.48104708, 0.48034573, 0.50958106,
       0.48004402, 0.36475001, 0.44349989, 0.41536863, 0.29887335,
       0.52084876, 0.49421189, 0.29166624, 0.39998402, 0.51579806,
       0.52442681, 0.54298662, 0.44558287, 0.462257  , 0.51481995,
       0.47009608, 0.18445494, 0.48431117, 0.52225447, 0.50718829,
       0.36016361, 0.49078449, 0.46205427, 0.31520349, 0.49229914,
       0.31984481, 0.49945488, 0.4228783 , 0.50276736, 0.52231242,
       0.51962538, 0.23348265, 0.50771831, 0.34776911, 0.53275319,
       0.27608345, 0.42932425, 0.28624762, 0.41653319, 0.        ,
       0.21078747, 0.38352982, 0.52079222, 0.48788451, 0.25895962,
       0.45216081, 0.40784233, 0.53105722, 0.49422824, 0.38769207,
       0.45032148, 0.27413571, 0.51588536, 0.26079293, 0.37823143,
       0.41398703, 0.50478422, 0.26301307, 0.20384551, 0.34375163,
       0.51749791, 0.30767012, 0.19683662, 0.46389635, 0.48035717,
       0.51542788, 0.44670377, 0.36146718, 0.47342973, 0.50855248,
       0.33544603, 0.37792742, 0.49114043, 0.48770532, 0.31800202,
       0.5401733 , 0.50989725, 0.26659069, 0.29266478, 0.51792938,
       0.49141013, 0.49466811, 0.51082298, 0.50317537, 0.51661383,
       0.25900606, 0.50320497, 0.42305415, 0.5260816 , 0.52009159,
       0.50758144, 0.51273406, 0.46228428, 0.4013619 , 0.23409434,
       0.38327763, 0.49184488, 0.52773302, 0.3851271 , 0.54310876,
       0.18488588, 0.24689985, 0.51435711, 0.55424817, 0.37761197,
       0.25991219, 0.25968204, 0.41493269, 0.28260159, 0.35755088,
       0.48875222, 0.52039584, 0.49684639, 0.47560962, 0.49203325,
       0.25102916, 0.49395934, 0.50574176, 0.51696167, 0.40383165,
       0.51883931, 0.49602343, 0.35231752, 0.25112793, 0.51469553,
       0.40592522, 0.46286497, 0.38610815, 0.42009202, 0.2271212 ,
       0.50277   , 0.39599127, 0.48652515, 0.48333196, 0.52243217,
       0.42750019, 0.41576494, 0.26924849, 0.52495168, 0.51836481,
       0.4115142 , 0.50813681, 0.46966845, 0.24220847, 0.47433786,
       0.51504596, 0.23287914, 0.29233363, 0.45983196, 0.51433286,
       0.25207481, 0.49705091, 0.31076591, 0.52275947, 0.49591597,
       0.50855286, 0.51776124, 0.27902285, 0.39757362, 0.32772571,
       0.50195414, 0.51928641, 0.48890179, 0.19277035, 0.47592621,
       0.2551989 , 0.42591668, 0.53391031, 0.26288122, 0.41294801]), 'delta_distances': array([0., 0., 0., 0., 0., 0., 0., 0., 0., 0., 0., 0., 0., 0., 0., 0., 0.,
       0., 0., 0., 0., 0., 0., 0., 0., 0., 0., 0., 0., 0., 0., 0., 0., 0.,
       0., 0., 0., 0., 0., 0., 0., 0., 0., 0., 0., 0., 0., 0., 0., 0., 0.,
       0., 0., 0., 0., 0., 0., 0., 0., 0., 0., 0., 0., 0., 0., 0., 0., 0.,
       0., 0., 0., 0., 0., 0., 0., 0., 0., 0., 0., 0., 0., 0., 0., 0., 0.,
       0., 0., 0., 0., 0., 0., 0., 0., 0., 0., 0., 0., 0., 0., 0., 0., 0.,
       0., 0., 0., 0., 0., 0., 0., 0., 0., 0., 0., 0., 0., 0., 0., 0., 0.,
       0., 0., 0., 0., 0., 0., 0., 0., 0., 0., 0., 0., 0., 0., 0., 0., 0.,
       0., 0., 0., 0., 0., 0., 0., 0., 0., 0., 0., 0., 0., 0., 0., 0., 0.,
       0., 0., 0., 0., 0., 0., 0., 0., 0., 0., 0., 0., 0., 0., 0., 0., 0.,
       0., 0., 0., 0., 0., 0., 0., 0., 0., 0., 0., 0., 0., 0., 0., 0., 0.,
       0., 0., 0., 0., 0., 0., 0., 0., 0., 0., 0., 0., 0.]), 'locations': array([208,  88,  85,  54,  77,  96,  71,  63,  60, 146, 184,  47, 155,
       178, 172, 127,  53, 140,  96,  89, 165,  93,  90,  75,  75,  72,
       182, 116, 142,  79,  96,  69,  71,  78,  57, 152, 146,  73, 106,
       118, 130,  40,  80,  63, 159,  65,  48, 102,  66,  89,  70,  65,
       109, 102, 143,  72, 160,  88, 194, 123, 137,  85,  96,  96, 174,
        62,  88,  86,  78,  57,  69,  57, 189,  90,  46, 113,  83, 146,
       105,  62,  65,  99, 104,  96,  88,  84,  63,  94,  81,  62,  96,
        51,  57,  83, 164, 118,  89,  93, 122,  14,  50,  97, 108, 170,
        61, 163, 140,  48, 113,  21, 121, 120, 109, 197, 132,  96, 194,
        89,  72,  90, 100, 147,  91,  49,  88,  96, 120,  90,  96, 112,
        92,  50, 109, 177,  71, 106,  59,  82,  46,  48, 156, 194, 203,
       171, 181,  83, 146, 121, 120,  42, 168, 195,  68,  59,  64,  67,
        21,  60,  65,  80, 150,  83, 120, 172, 196,  68,  90,  84, 113,
       129,  62, 182,  67,  52, 145, 119,  63,  80,  85, 130,  46, 181,
        93, 179, 109, 117, 162,  87, 101,  70,  93, 138, 112, 105, 157,
        90,  93, 182,  93,  68])}, {'ts_index': 7, 'loc': 62, 'gap': 0.07591806173224702, 'distances': array([0.39520043, 0.30659569, 0.39161253, 0.24371788, 0.42069473,
       0.26101059, 0.        , 0.22049426, 0.41814975, 0.41101204,
       0.36330382, 0.40688793, 0.42721991, 0.4004618 , 0.4312771 ,
       0.27101415, 0.38996164, 0.42116386, 0.39755615, 0.4081815 ,
       0.42179656, 0.30350517, 0.27126891, 0.37567237, 0.41811832,
       0.39496094, 0.40942614, 0.42162974, 0.40805271, 0.23910833,
       0.23676799, 0.20168578, 0.43252704, 0.40112058, 0.28802181,
       0.41824334, 0.4168425 , 0.39601131, 0.26670328, 0.29320258,
       0.41942869, 0.31187863, 0.42907016, 0.38932563, 0.42959077,
       0.19513904, 0.40092153, 0.41983886, 0.31877032, 0.41400786,
       0.36770709, 0.40828693, 0.34638593, 0.41420329, 0.43256116,
       0.39245091, 0.41126974, 0.21472817, 0.43688033, 0.33044553,
       0.31279241, 0.24798784, 0.42037154, 0.42201319, 0.27047212,
       0.25282808, 0.45186597, 0.40208411, 0.29022357, 0.31847956,
       0.42185096, 0.29559784, 0.28243189, 0.40593772, 0.39668581,
       0.41686877, 0.27187612, 0.40718938, 0.40664133, 0.26808852,
       0.22471789, 0.36768887, 0.37687679, 0.33966726, 0.19278939,
       0.39988115, 0.40348616, 0.37275877, 0.41760065, 0.39758449,
       0.35344358, 0.3870292 , 0.38369341, 0.3977697 , 0.41514307,
       0.42745387, 0.37864673, 0.25393137, 0.424822  , 0.43423145,
       0.41500904, 0.43728693, 0.37871265, 0.26374125, 0.26403301,
       0.40930218, 0.41040305, 0.22753033, 0.43719978, 0.42832293,
       0.41493447, 0.21943957, 0.28075761, 0.37450761, 0.39105352,
       0.41177835, 0.41605215, 0.42068374, 0.41303873, 0.38604254,
       0.39109445, 0.41696605, 0.30748375, 0.42203386, 0.41705291,
       0.28388001, 0.4138046 , 0.21548867, 0.33276644, 0.25374846,
       0.26142138, 0.41343987, 0.20591302, 0.41084145, 0.40485827,
       0.41602524, 0.23238799, 0.27403153, 0.42749852, 0.41766262,
       0.25911625, 0.43532701, 0.36439666, 0.38729728, 0.41173092,
       0.38865117, 0.36779403, 0.40445053, 0.43829521, 0.40544437,
       0.37108442, 0.42007522, 0.24050176, 0.33033697, 0.41757467,
       0.42244752, 0.42408075, 0.39785048, 0.27646863, 0.44199356,
       0.23270675]), 'delta_distances': array([0., 0., 0., 0., 0., 0., 0., 0., 0., 0., 0., 0., 0., 0., 0., 0., 0.,
       0., 0., 0., 0., 0., 0., 0., 0., 0., 0., 0., 0., 0., 0., 0., 0., 0.,
       0., 0., 0., 0., 0., 0., 0., 0., 0., 0., 0., 0., 0., 0., 0., 0., 0.,
       0., 0., 0., 0., 0., 0., 0., 0., 0., 0., 0., 0., 0., 0., 0., 0., 0.,
       0., 0., 0., 0., 0., 0., 0., 0., 0., 0., 0., 0., 0., 0., 0., 0., 0.,
       0., 0., 0., 0., 0., 0., 0., 0., 0., 0., 0., 0., 0., 0., 0., 0., 0.,
       0., 0., 0., 0., 0., 0., 0., 0., 0., 0., 0., 0., 0., 0., 0., 0., 0.,
       0., 0., 0., 0., 0., 0., 0., 0., 0., 0., 0., 0., 0., 0., 0., 0., 0.,
       0., 0., 0., 0., 0., 0., 0., 0., 0., 0., 0., 0., 0., 0., 0., 0., 0.,
       0., 0., 0., 0., 0., 0., 0., 0.]), 'locations': array([ 50,  85, 154,  51, 172,  67,  62,  56,   7,  82,  48, 157, 175,
       100, 128,  50,  34, 178, 133,  92,   2,  77,  76,  72, 180, 116,
       118, 147, 171,  68,  70,  77,   7, 144, 105,   9,  39,  11,  83,
        63,  23,  66,  83, 106, 104,  68,  62, 110, 100,  97,  69,  29,
        40, 195, 189,  79, 117,  98, 148,  86,  75,  57, 101,  94, 109,
        84,  93, 106,  63,  72, 126,  87,  82,  70,  60,  94,  83, 163,
       121,  84,  90,  88,  15,  47,  99, 112, 173, 146,  28,  61,  16,
       117, 125, 109, 195, 150,  12,  87, 129,  94,  73, 150,  91,  48,
        96, 121,  59,  94, 144, 151,  27,  69,  79, 111, 156, 105, 202,
       172, 182,  90, 120,  35,  44, 169, 194,  65,  88,  63,  46,  59,
        66,  17,  80, 149, 173,   5,  69,  87, 108,  87,  64, 181,  66,
       117,  49, 144,  56, 179, 180, 144,  62,  26, 100,  71, 139, 141,
       141, 159,  92,  53,  67])}], 'clusters': array([0, 2, 0, 2, 1, 0, 2, 2, 2, 0, 0, 0, 0, 0, 0, 0, 2, 0, 1, 0, 0, 0,
       0, 2, 2, 0, 0, 0, 0, 0, 0, 2, 2, 2, 1, 0, 0, 1, 2, 0, 0, 0, 2, 2,
       0, 2, 1, 0, 0, 0, 2, 0, 0, 2, 0, 0, 0, 0, 0, 0, 0, 1, 0, 2, 0, 1,
       0, 1, 2, 1, 1, 2, 0, 0, 1, 2, 2, 0, 0, 2, 2, 1, 0, 1, 2, 2, 0, 1,
       1, 0, 0, 1, 1, 2, 0, 0, 2, 2, 0, 0, 0, 2, 0, 0, 0, 0, 0, 1, 1, 0,
       0, 0, 0, 0, 0, 1, 0, 2, 0, 0, 0, 0, 0, 2, 1, 2, 0, 0, 2, 0, 1, 1,
       0, 0, 2, 1, 1, 2, 1, 0, 0, 0, 0, 0, 0, 1, 0, 0, 0, 2, 0, 0, 2, 1,
       0, 2, 0, 2, 2, 1, 0, 2, 0, 0, 0, 2, 2, 1, 0, 0, 2, 0, 0, 1, 0, 0,
       1, 1, 0, 0, 1, 0, 1, 0, 0, 0, 0, 1, 2, 0, 0, 0, 0, 1, 0, 1, 2, 0,
       1, 2]), 'time': 466.56545877456665}
lenSubsequence: 20{'RI': 0.5741206030150754, 'num_clusters': 2, 'uShapelets': [{'ts_index': 145, 'loc': 84, 'gap': 0.13816539672973083, 'distances': array([0.5518911 , 0.31232292, 0.57117665, 0.42181991, 0.26510356,
       0.58049125, 0.41272552, 0.39694478, 0.40254245, 0.55981854,
       0.56381859, 0.52394209, 0.57281928, 0.58098751, 0.527848  ,
       0.57557678, 0.46546459, 0.56553867, 0.27391824, 0.38567612,
       0.56879523, 0.5743518 , 0.51710495, 0.44996143, 0.4570748 ,
       0.53734074, 0.57772995, 0.55297261, 0.54953309, 0.59154451,
       0.54062243, 0.38358755, 0.4473143 , 0.46061188, 0.32914135,
       0.56868108, 0.55425154, 0.2894646 , 0.45143327, 0.5861218 ,
       0.57963554, 0.56595518, 0.48950579, 0.43286575, 0.56606207,
       0.55429206, 0.17508034, 0.57852115, 0.57702653, 0.58610065,
       0.39048035, 0.54463911, 0.45474671, 0.2773442 , 0.57338296,
       0.290341  , 0.57261751, 0.44298972, 0.57260623, 0.58973268,
       0.56309435, 0.25685459, 0.56719812, 0.38985085, 0.5934088 ,
       0.25208492, 0.46093305, 0.2382042 , 0.41461247, 0.24483557,
       0.19449587, 0.40772113, 0.58540661, 0.56472163, 0.19602786,
       0.45250595, 0.44160597, 0.60655351, 0.56605536, 0.43816382,
       0.49410496, 0.20041639, 0.58336874, 0.26553788, 0.340737  ,
       0.43660137, 0.58090489, 0.2924255 , 0.20946737, 0.34065143,
       0.59354734, 0.28209858, 0.23751057, 0.49507611, 0.54428531,
       0.57140873, 0.45623771, 0.39814726, 0.51941572, 0.50594945,
       0.28865013, 0.38541841, 0.56205016, 0.55818743, 0.28018753,
       0.57621377, 0.53037783, 0.16323383, 0.32587515, 0.53757573,
       0.54641992, 0.5766036 , 0.57409863, 0.5806698 , 0.59252643,
       0.29177229, 0.50589041, 0.4529807 , 0.57067615, 0.59938609,
       0.58796119, 0.58146328, 0.53726566, 0.42314101, 0.16023218,
       0.43199784, 0.58037217, 0.56953006, 0.40622546, 0.5503573 ,
       0.27981402, 0.21141248, 0.56074854, 0.58428501, 0.42779588,
       0.27483316, 0.26563173, 0.42823735, 0.27166357, 0.34445012,
       0.56069557, 0.53903388, 0.57203356, 0.55596465, 0.56896207,
       0.        , 0.579296  , 0.5705713 , 0.55275219, 0.44212248,
       0.58642492, 0.57494799, 0.35913544, 0.27361543, 0.60306726,
       0.41989669, 0.44382914, 0.36549185, 0.44473609, 0.23703047,
       0.53134175, 0.42023083, 0.57403977, 0.56026691, 0.585967  ,
       0.44881474, 0.40409591, 0.24622344, 0.59430491, 0.57812119,
       0.43420319, 0.58224124, 0.46243231, 0.26741643, 0.55477499,
       0.58133898, 0.24283666, 0.30770831, 0.54966222, 0.53844   ,
       0.2634618 , 0.56033732, 0.32222593, 0.5998395 , 0.56987208,
       0.52842898, 0.58278407, 0.21188061, 0.42038379, 0.24299919,
       0.55503818, 0.58756173, 0.54243012, 0.20297097, 0.54301134,
       0.32348491, 0.42358174, 0.59762597, 0.25184165, 0.43284631]), 'delta_distances': array([0., 0., 0., 0., 0., 0., 0., 0., 0., 0., 0., 0., 0., 0., 0., 0., 0.,
       0., 0., 0., 0., 0., 0., 0., 0., 0., 0., 0., 0., 0., 0., 0., 0., 0.,
       0., 0., 0., 0., 0., 0., 0., 0., 0., 0., 0., 0., 0., 0., 0., 0., 0.,
       0., 0., 0., 0., 0., 0., 0., 0., 0., 0., 0., 0., 0., 0., 0., 0., 0.,
       0., 0., 0., 0., 0., 0., 0., 0., 0., 0., 0., 0., 0., 0., 0., 0., 0.,
       0., 0., 0., 0., 0., 0., 0., 0., 0., 0., 0., 0., 0., 0., 0., 0., 0.,
       0., 0., 0., 0., 0., 0., 0., 0., 0., 0., 0., 0., 0., 0., 0., 0., 0.,
       0., 0., 0., 0., 0., 0., 0., 0., 0., 0., 0., 0., 0., 0., 0., 0., 0.,
       0., 0., 0., 0., 0., 0., 0., 0., 0., 0., 0., 0., 0., 0., 0., 0., 0.,
       0., 0., 0., 0., 0., 0., 0., 0., 0., 0., 0., 0., 0., 0., 0., 0., 0.,
       0., 0., 0., 0., 0., 0., 0., 0., 0., 0., 0., 0., 0., 0., 0., 0., 0.,
       0., 0., 0., 0., 0., 0., 0., 0., 0., 0., 0., 0., 0.]), 'locations': array([ 50,  89, 155,  55,  79,  96,  72,  63,  61,  12, 105,  49,  86,
       178, 173, 128,  54,   8,  98,  90, 167,  96,   3,  74,  79, 149,
       183, 116, 142, 151,  35,  71,  71,  82,  59,  64, 148,  73, 108,
        54,  51,  40,  88,  64,  24,  64,  49, 106, 105,  91,  70, 122,
       109, 103, 143,  73, 161,  89,  29,   6,  36,  86,  96,  96,  46,
        63,  90,  88,  79,  58,  71,  57,  62,  90,  47, 113,  85,  86,
       105,  63,  66, 100, 106,  97,  88,  86,  64,  95,  82,  63, 163,
        53,  58,  87,  47, 120,  89,  94, 122,  14,  51,  97, 108, 172,
        61,  71,  62,  49, 114,  21, 121, 121, 108, 198, 147,  97,  13,
        89,   8,  92,  78,  39,  91,  49,  89,  98, 166,  63,  96,  58,
        93,  51, 110,  26,  72, 107,  59,  84,  48,  49, 157,  82, 203,
       173, 181,  84,   7, 125,  38,  42,   1, 195,  69,  60, 138,  68,
        45,  60,  67,  81,  18,  84, 120, 173,   4,  74,  92,  85, 148,
       131,  65, 182,  70,  53, 145, 120,  64,  80,  86,  28,  47,   1,
        94, 114, 107,  61,  57,  88, 102,  72,  95, 139, 114, 106,  84,
        91,  94,  59,  93,  69])}], 'clusters': array([0, 1, 0, 0, 1, 0, 0, 0, 0, 0, 0, 0, 0, 0, 0, 0, 0, 0, 1, 0, 0, 0,
       0, 0, 0, 0, 0, 0, 0, 0, 0, 0, 0, 0, 1, 0, 0, 1, 0, 0, 0, 0, 0, 0,
       0, 0, 1, 0, 0, 0, 0, 0, 0, 1, 0, 1, 0, 0, 0, 0, 0, 1, 0, 0, 0, 1,
       0, 1, 0, 1, 1, 0, 0, 0, 1, 0, 0, 0, 0, 0, 0, 1, 0, 1, 0, 0, 0, 1,
       1, 0, 0, 1, 1, 0, 0, 0, 0, 0, 0, 0, 1, 0, 0, 0, 1, 0, 0, 1, 1, 0,
       0, 0, 0, 0, 0, 1, 0, 0, 0, 0, 0, 0, 0, 0, 1, 0, 0, 0, 0, 0, 1, 1,
       0, 0, 0, 1, 1, 0, 1, 0, 0, 0, 0, 0, 0, 1, 0, 0, 0, 0, 0, 0, 0, 1,
       0, 0, 0, 0, 0, 1, 0, 0, 0, 0, 0, 0, 0, 1, 0, 0, 0, 0, 0, 1, 0, 0,
       1, 1, 0, 0, 1, 0, 1, 0, 0, 0, 0, 1, 0, 1, 0, 0, 0, 1, 0, 1, 0, 0,
       1, 0]), 'time': 374.5726811885834}
