lenSubsequence: 11{'RI': 0.49829145728643215, 'num_clusters': 7, 'uShapelets': [{'ts_index': 170, 'loc': 20, 'gap': 1.355961291253168, 'distances': array([12.93516627, 16.19025491, 13.046444  , 10.55911082, 13.37137073,
       15.65640673, 14.28768255, 17.88222164, 13.29545173, 12.95515255,
       13.17034436, 16.55465136, 15.37493709, 11.80821527, 14.92192664,
       14.03630545, 13.474203  , 11.06478273,  8.71621127, 11.64898845,
       15.577383  , 11.54352373, 16.38107882, 12.36598855, 14.53817636,
       12.70070009, 13.03807082, 10.34118327, 15.04669855, 12.69360218,
       13.67430391, 11.98112155, 15.313517  , 10.89354709, 13.74941818,
       18.06287109, 14.10978145, 17.86447682,  9.38967245, 12.66874573,
       11.35985245, 14.61845182, 16.36436082, 13.23818136, 16.95865764,
       16.02323227, 14.87813545, 12.61000755, 13.50487173,  8.02398427,
       13.38258491, 14.65748491, 13.62069218, 17.47915009,  8.23116918,
       12.57511727, 14.63875227, 13.39924127, 10.71642391, 12.41049709,
       15.81494873,  6.71656591, 11.77175891, 11.16297327, 14.67782464,
       11.53212873, 10.25239236, 13.63704291, 15.12838336, 16.54846645,
       13.96113273, 14.15249491, 10.69972155,  7.64470482, 13.31753964,
       13.73957636,  9.61805582, 11.77716591, 13.63465282, 17.00180109,
        9.33042809, 11.88456018, 16.38309309, 11.09332127, 11.917981  ,
       12.17195782, 16.67873745, 13.00857382, 12.32333527, 13.59990555,
       11.84835464,  8.19549691, 14.96900345, 12.93661973, 13.46897055,
       10.641171  , 11.19778427, 11.36741991, 13.44881964, 17.19824736,
       13.42180127, 12.282427  , 15.98759245, 14.10585527, 12.87842636,
       10.483072  , 11.52062309,  9.87410764, 11.37376536, 11.55902364,
        8.74675691, 14.01027836, 16.34613918, 10.10087764, 15.80229818,
       16.45433918, 13.50809927, 17.99100164, 11.81965336, 10.88418936,
       14.06653618, 13.09183845, 13.04474382, 15.37727918,  8.52218191,
       12.36040964, 12.74603473, 11.209806  , 13.31196473, 10.48923482,
        8.25215609, 13.19332618, 10.93881409, 13.81257118, 15.81909545,
       11.61134009, 15.09803945, 15.13748991, 13.35226827, 10.07256036,
       13.70488482, 10.46189609, 16.73664527, 12.53132845, 12.849899  ,
       15.650286  , 15.92215927, 15.22610045, 13.920313  , 14.57635291,
       12.70668327, 13.13706927,  7.82851827, 17.64602973, 14.66890664,
       16.23445645, 14.67040636, 12.27180473, 12.367783  , 11.60944427,
       13.38447964, 12.45794091, 14.83552682, 13.11966982, 10.43730536,
       12.74136209, 12.34847755,  8.62558182, 14.07802864, 13.432382  ,
        0.        ,  9.67894727, 13.92728009, 11.51727   , 14.52526891,
       10.75959336, 13.57275109, 11.31979064, 15.96994773, 11.24871391,
       16.07910091, 13.128537  , 15.09804664, 14.91190964, 14.09893309,
       10.95511255, 16.22630936, 13.27256691, 13.22875309,  6.090477  ,
       11.09968064,  7.81929355,  9.13799945,  9.14858127, 12.73540491,
       11.898926  , 12.57552   , 16.551959  , 14.75912982, 15.09572527]), 'delta_distances': array([35.47865364, 36.75098055, 34.24052891, 29.53494873, 39.42943818,
       33.88852764, 31.97785164, 42.28534636, 32.73757145, 31.33740473,
       36.91104145, 40.19348909, 41.82559382, 28.28485182, 34.91107236,
       31.87610345, 36.803388  , 33.95048473, 32.02855418, 31.76078091,
       38.30468109, 33.50966709, 36.27857818, 32.21049145, 34.84955145,
       35.93988545, 35.62610873, 34.37769891, 40.16196164, 33.72356818,
       34.804426  , 31.95802927, 26.84925109, 30.95744436, 34.53042618,
       41.76168273, 33.44369218, 41.57776618, 29.04006818, 30.95304727,
       31.31397855, 32.06306745, 36.52444745, 34.04291927, 38.09958291,
       39.34911127, 34.60113982, 29.88845364, 39.10057218, 30.12198873,
       32.08392709, 37.89389527, 34.19909782, 39.28531873, 29.27691873,
       35.25602618, 39.11777818, 36.87710345, 30.85477727, 37.48331309,
       40.33177382, 24.36098455, 31.62004782, 37.23405927, 34.91179055,
       32.15780309, 30.99700673, 36.39695891, 39.70051618, 41.58267545,
       38.70506036, 30.912632  , 33.18948873, 26.48134945, 41.13773473,
       35.22484055, 36.70066545, 32.95022927, 36.72305182, 31.93460164,
       33.93350927, 29.00132818, 35.39797818, 23.71082745, 34.68355091,
       31.59937109, 42.12459145, 32.57488673, 34.21013291, 37.58770855,
       30.45140982, 28.16087473, 38.00603709, 37.00506545, 31.08201545,
       31.98888255, 31.73828127, 32.16853927, 35.12079564, 42.46335582,
       38.17189673, 31.67479836, 39.07978582, 32.15792582, 32.08002582,
       26.89535836, 33.18020273, 26.20487145, 34.73482891, 31.33528   ,
       22.96071491, 28.95246527, 37.08982273, 24.24414127, 35.97179473,
       39.62978545, 33.85751727, 41.14365309, 34.20770636, 31.85002364,
       40.65836982, 32.78253509, 32.82344782, 41.12954418, 29.83069273,
       33.35148182, 32.03392218, 29.59818127, 31.78561036, 25.79867473,
       25.03837364, 37.48530382, 36.33497364, 33.88682909, 33.90484564,
       34.26652109, 38.00739527, 36.43888273, 32.73510491, 28.71840891,
       34.91683745, 32.04212945, 37.57890582, 34.79562727, 35.80129455,
       38.20101218, 37.76911109, 38.33345964, 41.83846109, 34.11202345,
       32.85813818, 34.67531527, 22.03154418, 36.04503982, 35.58214964,
       36.86625091, 41.36813782, 34.19946818, 36.78743691, 32.64859618,
       37.50024982, 34.15998418, 33.47822655, 39.55532273, 31.38331455,
       33.95568255, 36.13728818, 26.97905018, 34.46243582, 35.70850655,
        0.        , 27.66647127, 32.75297073, 30.71733018, 36.35506455,
       29.97154382, 35.26900364, 33.48950218, 41.52975073, 23.818984  ,
       37.54219564, 28.77333255, 41.20496545, 34.49973109, 38.01766909,
       24.536078  , 41.73657418, 37.80566291, 38.89501836, 25.37871455,
       34.37610345, 28.20647873, 25.01181309, 28.06464891, 34.73887291,
       32.21080527, 29.68304036, 33.98213127, 38.21932545, 34.23720255]), 'locations': array([391,  78, 323, 193, 241, 483, 310,   7, 201, 319, 356,  19, 104,
       238,  52,  92, 267, 269,  94, 202,  38, 312, 440, 419, 380, 353,
       366, 122, 404, 433, 432, 444, 308, 203,  71,   1, 113, 419, 381,
        53,  43, 321,  90,  18, 423, 373, 302, 335, 238,  19, 375, 180,
        42, 445, 412, 326,   7, 345,  34, 472, 210, 298, 295,  27, 482,
       179, 101, 150, 130,  85, 136, 288, 272, 111, 283,  12, 243, 350,
       145,  35, 357, 217,  49, 286, 411, 487, 199, 183,  17, 377, 396,
       410,  72,  18, 313, 101,   9, 417, 373, 143, 119, 390, 477, 234,
       342, 350,  89,  77, 360, 172,  60, 404,  58,  37, 290, 125, 300,
       367,   6,  48, 108,  31, 336, 180,  55, 112,  37, 459,   6,  38,
        23,  55, 133, 484, 190, 128, 170, 186, 424, 349, 252, 258, 344,
       207, 304, 171, 142, 314, 274, 221, 273, 215,  95,  64,  45, 338,
        99, 326, 243, 119, 264, 242,  97, 213, 386, 131,  82,  91, 186,
       474,  20, 195,   4,  69, 110, 169, 325, 125, 338, 212, 473, 307,
       111,  84, 421,   3, 344,  28, 153, 299,  24, 322, 176,  28, 340,
       260, 334, 451,  97, 141])}, {'ts_index': 79, 'loc': 422, 'gap': 0.7446974763907739, 'distances': array([3.65234182, 4.29033809, 3.34512345, 2.682299  , 3.40013836,
       2.03808982, 4.34929073, 3.79572682, 3.56272636, 3.40849855,
       4.13161064, 4.13060136, 3.63097109, 3.43273827, 0.        ,
       2.19933627, 3.70658264, 3.40049782, 3.61041382, 4.41470491,
       4.55595082, 4.05201418, 1.66937055, 2.49893009, 4.68326555,
       3.76479873, 3.52283445, 3.68246655, 3.48859473, 2.00132173,
       2.96551109, 4.56065209, 1.98055636, 3.31868227]), 'delta_distances': array([10.38743782,  6.55025291, 10.44444782,  8.778374  ,  7.86194436,
        6.43095964,  7.92322927,  6.82338164,  6.59420636, 10.17895655,
       10.75771418,  8.53243309, 10.839774  ,  9.01192473,  0.        ,
        8.41956255, 11.88057618, 10.54845818,  8.62723182, 12.31377673,
       10.146566  ,  9.48741945,  4.31819436,  6.99089982, 12.80288236,
        7.77087873, 11.97820055,  8.82606018,  7.92041745,  8.80469982,
        6.09422818,  8.379182  ,  6.79564709, 10.22941327]), 'locations': array([217, 295, 488, 472, 289, 216,  12, 464,  47, 308,  10, 364, 116,
       403, 422,  71, 427, 458, 196, 173, 120, 457, 392, 197, 215, 405,
       402, 295, 350,   7, 115, 239, 304,  22])}, {'ts_index': 7, 'loc': 220, 'gap': 1.3144747407883557, 'distances': array([6.42505545, 6.09096245, 0.        , 5.05408745, 7.58080955,
       3.49269445, 6.54774036, 4.24990336, 3.65526727, 6.59440964,
       7.75315009, 7.33834691, 3.63000009, 4.16472164, 8.14908345,
       2.74422845, 7.08353445, 3.91588382, 5.57319045, 5.93298109,
       6.61537073, 6.94648518, 5.36324973, 2.85861255, 7.36375955,
       8.42652845, 5.49525182]), 'delta_distances': array([12.24020491,  5.74529109,  0.        , 12.29226727, 11.412184  ,
       11.29716109, 17.45042236,  7.73388891, 11.42954745, 10.59410182,
       12.37213055, 10.96504055,  8.71231782,  7.39294673, 17.65922945,
        7.69925164,  9.88313727,  7.83717018, 10.94662   , 10.516442  ,
       14.03783036,  6.25170218,  8.26099945,  8.50949218, 13.89703964,
       10.52392927, 12.50302982]), 'locations': array([388,  56, 220,  63, 328, 253, 308, 134, 355, 449, 400,  26, 212,
       267,  49, 221,  31, 370, 186, 391, 114, 406, 287,  96, 269,  19,
       329])}, {'ts_index': 5, 'loc': 403, 'gap': 1.0513616905715861, 'distances': array([3.83709373, 0.        , 2.11812818, 1.841121  , 3.31013182,
       3.31248027, 4.11141527, 4.07105918, 3.83717927, 3.05063536,
       3.46052518, 4.10571073, 3.68687782, 1.55118818, 4.07099309,
       2.96002718, 3.31658191, 1.662124  ]), 'delta_distances': array([10.29517309,  0.        ,  6.06440964,  7.46919673,  7.16858891,
       10.43550491, 11.01805527, 10.74980418, 11.77690636,  7.86456018,
       10.69362836, 10.35173   , 11.74573564,  6.301294  ,  9.50203655,
        9.42827927, 14.84485673,  8.59344127]), 'locations': array([ 33, 403, 169, 412, 173, 247, 185, 256, 316, 144, 458, 432, 310,
       275, 379,  13, 196,  70])}, {'ts_index': 1, 'loc': 337, 'gap': 1.3919528023161467, 'distances': array([0.        , 3.93057927, 4.96047264, 2.234362  , 4.08501009,
       3.90354045, 4.55222055, 3.95486264, 2.10928718, 3.69147718,
       3.85904945, 0.99634891, 3.53293555]), 'delta_distances': array([ 0.        ,  7.93992618, 11.81316145,  7.46549073, 10.418682  ,
       13.03568636, 12.40064836,  8.53727273,  9.524066  , 11.23702564,
        7.19633218,  5.77229818,  9.53985018]), 'locations': array([337,  94, 264, 385, 113, 391, 312, 287, 355, 402,  77, 352, 484])}, {'ts_index': 99, 'loc': 380, 'gap': 0.8193963764480068, 'distances': array([1.11658809, 2.465413  , 1.61315591, 0.        , 3.088937  ,
       2.44661018, 2.49893282, 3.17664091, 2.57078173]), 'delta_distances': array([ 6.63771   ,  8.19062964,  7.19652164,  0.        , 10.59593818,
        9.98640873,  9.44420218, 10.79115291,  9.61227491]), 'locations': array([ 37, 127, 183, 380, 160, 127, 269, 253, 241])}], 'clusters': array([1, 5, 1, 1, 1, 4, 1, 3, 1, 1, 1, 4, 1, 1, 1, 1, 1, 1, 1, 1, 4, 1,
       2, 1, 1, 1, 1, 1, 1, 1, 1, 1, 1, 1, 1, 3, 1, 6, 1, 1, 1, 1, 3, 1,
       3, 0, 1, 1, 1, 1, 1, 1, 1, 5, 1, 1, 1, 1, 1, 1, 6, 1, 1, 1, 1, 1,
       1, 1, 1, 3, 1, 1, 1, 1, 1, 1, 1, 1, 1, 2, 1, 1, 2, 1, 1, 1, 3, 1,
       1, 1, 1, 1, 1, 1, 1, 1, 1, 1, 1, 6, 1, 1, 3, 1, 1, 1, 1, 1, 1, 1,
       1, 1, 0, 1, 3, 0, 1, 2, 1, 1, 1, 1, 1, 2, 1, 1, 1, 1, 1, 1, 1, 1,
       1, 1, 5, 1, 1, 1, 1, 1, 1, 1, 0, 1, 1, 4, 0, 1, 1, 1, 1, 1, 1, 3,
       1, 2, 1, 1, 1, 1, 1, 1, 1, 1, 1, 1, 1, 1, 1, 1, 1, 1, 1, 1, 1, 1,
       1, 1, 5, 1, 0, 1, 1, 1, 1, 1, 2, 1, 1, 1, 1, 1, 1, 1, 1, 1, 1, 4,
       1, 1]), 'time': 1346.286502122879}
lenSubsequence: 14{'RI': 0.49824120603015076, 'num_clusters': 3, 'uShapelets': [{'ts_index': 102, 'loc': 333, 'gap': 1.2027977744808833, 'distances': array([12.47033929, 14.25618893, 13.84092471, 12.87347079, 12.40320414,
       13.35382186, 11.17186807, 10.21117757, 15.55997686, 14.20095929,
       11.25030621, 11.59931257, 12.7237705 , 14.51133843, 14.04278129,
       10.76474979, 11.56094386,  9.11203871, 11.40775536, 14.29526657,
       12.93374136, 16.80717886, 12.37336579, 10.1713345 , 13.90057143,
       15.482594  , 14.09101157, 15.98948243, 14.28073271, 13.90907271,
        7.27664093, 17.57939729, 13.96047793, 13.66117471, 13.34286379,
       11.22836236, 11.93062471, 13.7123145 , 15.61461371, 11.09252593,
       10.28488329, 15.26542771, 10.56685957, 10.91242057, 11.04219421,
       10.91181214,  8.70052386, 16.27851279, 12.52351764, 12.34806043,
       11.11472064, 10.12277757, 15.32896329, 14.71647114, 11.65790979,
       12.03687186, 12.14237579, 10.80796386, 13.44921964, 16.30207914,
       11.54573457, 15.16480093, 13.73588457, 13.47428743,  8.25473021,
       14.52718364, 16.11690921, 12.72713393, 12.71378529, 11.24754279,
       12.43157121, 10.7572195 , 10.653418  ,  9.56948914, 13.67688129,
       14.35048586, 10.39805286, 15.462098  , 15.94275993, 13.97868129,
       11.72502164, 12.65010821, 11.34592793, 12.01903379, 11.53802221,
       10.60422121,  9.50276193,  3.14028757, 15.17495286, 11.82204529,
       13.51157764, 15.35334929,  9.3074335 , 11.97919743, 11.76599043,
       11.74836721, 15.94114657, 14.84039471, 13.1506125 , 13.38572764,
       12.71689214, 15.06506871,  0.        ,  8.399848  , 12.27556286,
       12.64606186, 13.94301386, 13.68845621, 11.29000564, 11.23094179,
       16.68908707, 14.13453871, 13.17966014, 12.04650407, 13.358556  ,
       11.07210557, 12.57016279, 10.90498093, 13.00894379, 16.8587835 ,
        6.71899307,  7.03769064, 12.01388443, 13.09149757, 11.74983586,
       13.25045343, 11.6685445 ,  9.47397693, 14.56475714, 17.1291095 ,
       12.79252986, 11.86260464,  7.420595  ,  7.73742179,  9.81625743,
        9.86791514, 12.11904593, 13.88947414, 11.00154386,  8.79692143,
        9.6755535 , 10.51740764, 10.04486714, 17.2594795 , 11.56396371,
       11.69155721, 12.99731321, 14.36041664, 11.38981786, 17.07943857,
       14.18270836, 13.69078186, 13.31274   ,  6.97787664, 10.34579507,
       11.330207  , 10.54150557, 13.66414   , 10.43367179,  9.02908921,
       12.89542793,  7.52637793, 13.14509621, 12.09171036, 13.252656  ,
       12.84449943, 16.21284493,  9.15242743, 13.76591079, 11.11436079,
        9.94507493, 14.79021407, 13.15363364, 15.34889321, 17.17555343,
       14.19109571, 10.83004979, 12.28487043, 11.11974957,  7.97062371,
       15.14730671, 10.699176  , 12.82105293, 12.63249036, 12.06599464,
        8.52139186,  6.72436157, 13.91241164, 12.59881843, 13.73908564,
       12.09475264, 13.18948214, 11.53772936, 13.972295  , 11.60880079,
       14.00381243, 11.01346779, 11.35790921, 16.52251164, 12.04876964]), 'delta_distances': array([28.647352  , 30.94335514, 25.09326971, 31.246249  , 26.71184957,
       25.065055  , 33.480528  , 25.09660043, 32.08220786, 25.41709671,
       20.73680586, 27.00122657, 24.97506257, 28.82987743, 28.39994214,
       23.14760286, 25.24300171, 25.45377214, 23.48697043, 24.23431986,
       30.16630843, 30.72157014, 24.28419143, 23.98816271, 28.48085086,
       30.82744586, 21.67610857, 27.87567   , 26.65015114, 29.293746  ,
       21.71262071, 29.76675029, 32.345374  , 24.63420486, 27.23492071,
       22.14479214, 26.14426214, 29.88917971, 29.986271  , 24.07724843,
       27.184251  , 28.61810814, 21.08053271, 22.91342043, 26.46557043,
       21.86222686, 24.25962371, 27.97829543, 24.46859586, 23.736135  ,
       25.97814443, 21.71162257, 27.00689514, 27.61152186, 23.245934  ,
       27.80545357, 27.45136414, 25.900749  , 25.31182271, 27.38402743,
       27.34037071, 27.22233829, 24.48586971, 26.10449429, 17.46327571,
       30.29187571, 30.944363  , 25.50556743, 20.91875871, 23.031028  ,
       28.61219929, 24.26453829, 22.21307557, 23.20614743, 26.94931986,
       23.58437157, 22.767847  , 26.568345  , 30.412237  , 23.01961414,
       24.096708  , 28.00192914, 25.71673471, 25.68699   , 26.237825  ,
       27.277307  , 22.86479129,  8.51816957, 30.72073357, 23.31085114,
       27.81787729, 28.08294157, 23.94915271, 25.62190843, 26.25296029,
       24.88813114, 29.70711614, 27.21550257, 29.32869586, 26.51229457,
       24.01189471, 32.82384186,  0.        , 22.890552  , 26.56969814,
       23.839618  , 25.12331914, 26.00197757, 23.89428186, 25.58880529,
       29.48393786, 28.63408229, 30.94357471, 25.45810614, 26.68553014,
       23.131587  , 25.30411771, 22.28641586, 27.180862  , 32.29366786,
       21.471704  , 19.48634986, 26.26383171, 28.52090314, 25.69582014,
       24.988318  , 23.59704029, 25.502032  , 31.45450686, 28.45540457,
       27.18776429, 23.05232471, 18.38642471, 16.16652614, 24.086383  ,
       21.80319757, 24.96834214, 25.13817371, 26.00142286, 21.39528471,
       24.09475243, 20.26888529, 23.268523  , 29.97704829, 24.48207443,
       28.34680229, 26.00427629, 24.870388  , 21.907358  , 29.02422443,
       29.48622929, 22.51722543, 25.87091386, 17.49614243, 26.96904886,
       27.04173214, 26.34866586, 24.81762057, 23.72183371, 18.20067429,
       28.76928757, 22.15941871, 24.859784  , 25.64322686, 28.60249714,
       26.27551514, 32.53621857, 23.20118943, 28.81202571, 22.79948771,
       25.89673386, 30.675841  , 28.12005843, 32.72486457, 28.30376843,
       22.28642471, 22.81411943, 26.57524657, 26.20055486, 17.08349443,
       27.80394057, 22.46567171, 28.33601043, 25.65690914, 28.56660386,
       20.05645271, 21.08849943, 33.283739  , 26.11083386, 25.17212086,
       26.94675657, 26.26970786, 25.72461157, 30.40300114, 24.25814229,
       28.65231371, 22.85092257, 25.59575571, 29.93862357, 26.37326014]), 'locations': array([160, 112, 476, 203, 356,  10, 143, 216, 131, 475, 420,  59, 205,
        89,  62, 311, 130, 130, 394, 367, 175,  66, 128, 311, 375, 289,
       393, 271, 353, 196, 209, 352, 116, 129, 132, 156, 481, 304, 216,
       328, 126, 154, 130,  47, 308, 445, 463,  90,  29,  58, 413, 154,
       404, 405, 285, 319,  17,  63, 320,  83,  22, 461, 340,  34, 345,
       225, 417,  18, 412, 208, 462, 256, 378, 389, 233, 289, 453, 295,
       281, 174,  37, 210,  71,  45, 213,  95, 263, 282, 305, 199, 315,
        57, 474, 270, 186,   2, 381,  86, 331, 183, 194, 237, 333, 267,
       146,  17, 145, 117, 278, 439,  34, 361, 215, 424, 366, 182,  78,
       102,  60, 418, 410, 425, 108, 480, 152, 242,  32,  73, 123, 201,
       363, 156,  92, 345, 387, 367, 124, 233, 103, 220, 458, 286, 110,
       143, 149, 472, 283,  67, 189,  28,  94, 287, 359,  92, 344,   7,
       280, 153, 339, 319, 157, 102, 357, 291, 151, 152, 153, 251,  91,
        14, 427, 100, 228,  89, 474, 248, 202, 200, 360, 329,  15, 138,
       162, 242, 163, 198, 166, 382,  84, 355, 308, 225,   8,  97, 233,
       322, 264, 325, 431,  10])}, {'ts_index': 110, 'loc': 59, 'gap': 1.3777157628358463, 'distances': array([10.88042886,  8.95876464,  7.97545343,  6.52137521,  8.31397693,
        6.061411  ,  8.55994014,  8.41468264,  9.50346729,  4.06970743,
       10.89306114,  7.56268893,  3.86044864, 11.27193136,  5.927245  ,
        7.84000436,  6.40267307,  7.69280107,  4.79359029,  6.41149614,
        7.12688729,  9.98042893,  0.        ,  5.55901964,  5.47405371,
        5.83509571,  7.74759621, 10.07506429,  7.22115964,  6.83656064,
        7.4780055 ,  6.94783836,  9.75199021,  7.54640057]), 'delta_distances': array([18.52203286, 16.24181257, 17.14874886, 15.96274614, 15.97973629,
       12.74339043, 17.80803914, 11.305731  , 14.57359743,  9.85941543,
       18.14049029, 14.79389329, 10.14177129, 19.67241657, 11.42940414,
       15.38485771, 10.83187543, 11.98163614, 11.22979529, 10.58072586,
       11.65071857, 16.59609386,  0.        , 10.70299671, 14.750625  ,
       13.778946  , 11.97273871, 13.39011471, 12.45891757, 12.80518571,
       11.93007357, 10.98665429, 18.80083629, 13.631468  ]), 'locations': array([393, 186, 287, 352, 201, 414, 380, 234, 341,  41, 418,   5, 297,
       121, 100, 349,  39,  16, 177,  43, 416,  27,  59, 121, 205,  37,
       206, 220,  81, 194, 363, 136, 472, 341])}, {'ts_index': 180, 'loc': 371, 'gap': 0.8057349294174587, 'distances': array([1.96889443, 4.74102507, 4.53337357, 5.82993557, 5.25120543,
       0.        ]), 'delta_distances': array([ 9.07302429, 14.54097157, 14.28664857, 15.97494243, 15.374464  ,
        0.        ]), 'locations': array([332, 416,  65, 444,  64, 371])}], 'clusters': array([1, 1, 1, 1, 1, 1, 1, 1, 3, 1, 1, 1, 1, 2, 1, 1, 1, 1, 1, 1, 1, 2,
       1, 1, 1, 2, 1, 2, 1, 1, 1, 2, 1, 1, 1, 1, 1, 1, 2, 1, 1, 2, 1, 1,
       1, 1, 1, 2, 1, 1, 1, 1, 2, 0, 1, 1, 1, 1, 1, 2, 1, 2, 1, 1, 1, 3,
       2, 1, 1, 1, 1, 1, 1, 1, 1, 1, 1, 2, 2, 1, 1, 1, 1, 1, 1, 1, 1, 1,
       2, 1, 1, 2, 1, 1, 1, 1, 2, 2, 1, 1, 1, 0, 1, 1, 1, 1, 1, 1, 1, 1,
       2, 1, 1, 1, 1, 1, 1, 1, 1, 2, 1, 1, 1, 1, 1, 1, 1, 1, 2, 2, 1, 1,
       1, 1, 1, 1, 1, 1, 1, 1, 1, 1, 1, 2, 1, 1, 1, 1, 1, 0, 1, 1, 1, 1,
       1, 1, 1, 1, 1, 1, 1, 1, 1, 1, 1, 1, 2, 1, 1, 1, 1, 2, 1, 2, 2, 1,
       1, 1, 1, 1, 3, 1, 1, 1, 1, 1, 1, 1, 1, 1, 1, 1, 1, 1, 1, 1, 1, 1,
       2, 1]), 'time': 1269.3541495800018}
lenSubsequence: 15{'RI': 0.501356783919598, 'num_clusters': 4, 'uShapelets': [{'ts_index': 32, 'loc': 417, 'gap': 1.2192975421782313, 'distances': array([ 2.25434193,  6.2912648 ,  7.177147  ,  6.2509252 ,  8.1935496 ,
        5.05770407,  7.9892174 ,  3.2399982 ,  6.56562093,  7.90572807,
        5.6565972 ,  6.23945547,  3.19081507,  6.2519702 ,  9.464853  ,
        4.92090127,  8.444376  ,  7.660251  ,  4.69582487,  6.86619233,
        5.3929642 ,  9.02134447,  5.34510313,  4.70214073,  8.46982713,
        7.15935813,  7.30352227,  4.027933  ,  7.70632733,  7.19790807,
        4.65051567,  6.99082787,  0.        ,  6.14429113,  7.20862227,
        2.64713293,  7.68448527,  3.9182664 ,  7.6625152 ,  6.36417773,
        3.8878684 ,  8.14247827,  6.99510713,  4.73250427,  5.78426027,
        6.53230247,  4.49617587,  2.620972  ,  7.5134738 ,  5.60977393,
        7.8486996 ,  6.651582  ,  7.4866766 ,  6.35135567,  7.91795753,
        7.40232053,  5.09600893,  8.17628873,  7.3635486 ,  8.74982553,
        7.46847187,  9.0291122 ,  5.93279353,  7.41790167,  6.36816047,
        7.455176  ,  9.3367058 ,  6.1852398 ,  6.35712087,  4.22050547,
        7.98582313,  6.08604187,  7.9477084 ,  4.8240628 ,  7.27916773,
        6.81196553,  4.3549256 ,  5.43145113,  9.565069  ,  3.2202604 ,
        8.85448847,  5.9616316 ,  4.2580828 ,  5.03118587,  5.61874113,
        6.31044233,  4.97563713,  3.2132476 ,  6.5008784 ,  3.9225022 ,
        7.34951227,  4.07191647,  5.17149867,  6.87771627,  7.4739442 ,
        3.6264434 ,  6.94861973,  6.14031087,  6.11447333,  6.35049313,
        7.79148147,  6.822627  ,  5.06219407,  2.80848007,  5.27927247,
        4.1761188 ,  8.49870747,  6.18941673,  7.90464   ,  4.0319108 ,
        7.64292847,  4.2693638 ,  6.75765073,  5.91490013,  5.59651013,
        5.61277833,  6.05968887,  5.91430867,  7.97693313, 10.46392487,
        5.94650453,  4.4261146 ,  7.1873074 ,  6.77211187,  5.745809  ,
        8.15705633,  8.17673313,  3.89464573,  9.3925948 ,  8.09614633,
        6.33426873,  5.52288573,  2.8470406 ,  6.5131662 ,  3.658718  ,
        8.57264913,  3.98389467,  7.648776  ,  6.3576346 ,  5.68278113,
        7.60669793,  2.067421  ,  4.11073227,  5.03995433,  5.4401392 ,
        8.05648447,  6.87278947,  7.6617862 ,  5.07679833,  8.03968673,
        4.28161273,  5.75291047,  5.2819246 ,  4.19026287,  5.15805947,
        6.31971187,  6.089806  ,  7.01283873,  5.37399887,  4.98073727,
        7.4168794 ,  4.88580687,  4.43995387,  7.37605273,  7.3639    ,
        6.91973313,  6.69953173,  7.5684198 ,  9.22058493,  8.72932633,
        7.9185344 ,  7.01321973,  3.05579113,  8.5591022 ,  7.816552  ,
        7.63811447,  6.60628873,  5.91044433,  3.38420533,  7.92635127,
        8.91636467,  5.7410336 ,  6.89484873,  6.4663356 ,  4.2753438 ,
        6.1135854 ,  7.17993347,  6.957243  ,  8.04327233,  7.6834384 ,
        8.16751013,  9.03737813,  7.39852073,  6.3878808 ,  7.11791533,
        7.59807073,  8.00681773,  5.95521533,  6.5569298 ,  6.9382192 ]), 'delta_distances': array([11.63293493, 19.9590392 , 15.1780868 , 17.23076733, 19.15232333,
       14.446922  , 18.62326627, 10.22420693, 14.67019307, 19.92153453,
       17.8012308 , 17.1641552 , 10.79575613, 15.39623467, 19.24719133,
       16.3440432 , 20.34218707, 20.69977867, 13.02810573, 14.13028853,
       16.8648068 , 20.46636787, 15.8792836 , 15.60237413, 21.68838347,
       20.04142987, 18.90564987, 13.43700693, 19.23815653, 17.6000136 ,
       17.6219556 , 19.65978933,  0.        , 16.30679453, 18.7433364 ,
       10.49085507, 19.57341693, 15.12431947, 18.33213907, 19.30308267,
       13.06757707, 17.38561853, 18.22729507, 14.62515827, 14.4470436 ,
       14.6222152 , 13.63329973, 10.95265413, 15.9098236 , 16.34932893,
       20.26776987, 18.3841588 , 16.64594507, 18.2553684 , 21.22790027,
       21.7907324 , 14.39698253, 23.72891587, 21.33341587, 22.0480668 ,
       18.4692144 , 17.65834307, 17.062174  , 19.09303893, 16.70111133,
       19.32587   , 21.74566013, 15.2137492 , 15.518882  , 13.02223013,
       19.511286  , 17.58964947, 20.42828747, 12.82925093, 22.0805792 ,
       18.75750467, 15.98239627, 14.47323893, 20.05860093,  9.82113733,
       22.081372  , 18.2840272 , 15.03315907, 14.51795387, 17.31255427,
       13.97412347, 13.42701347, 10.54178573, 18.5983808 , 13.00339333,
       20.05309693, 14.2476584 , 13.05650173, 16.054934  , 13.13719693,
       14.84801427, 19.11276373, 17.48559107, 18.2368092 , 17.2059844 ,
       17.0021904 , 18.24623   , 15.85838973, 11.3788072 , 15.21781747,
       13.85128427, 26.06430253, 15.79650693, 18.9698212 , 15.10760653,
       18.41449347, 17.4624268 , 20.99013027, 14.3057452 , 17.28192707,
       17.54152227, 15.79174747, 17.6540268 , 18.52113373, 19.56117893,
       18.95968373, 16.1684544 , 19.67555427, 17.6738932 , 16.49020853,
       21.06215413, 23.4097272 , 13.97897733, 23.98620573, 15.35477013,
       16.26832987, 17.49516107, 11.337642  , 16.70792053, 15.51401907,
       18.43762613, 13.79617213, 19.07270507, 19.83944453, 18.95899533,
       14.468802  ,  5.59152413, 15.17560347, 15.4335772 , 15.5364888 ,
       18.74510613, 18.51478387, 21.20951693, 15.86764427, 21.15482387,
       14.33094707, 16.2708672 , 15.51687227,  9.9755616 , 14.19200013,
       18.49825773, 17.76318667, 15.141134  , 20.2336916 , 14.5428964 ,
       20.3140964 , 15.14424627, 14.8014128 , 17.25077173, 19.62019267,
       15.98587813, 16.13068867, 19.81026147, 24.6279264 , 19.89987853,
       21.9244304 , 17.54128387, 11.37962613, 21.39506307, 18.53123453,
       19.725936  , 22.32146707, 20.29118773, 15.26060947, 17.6014212 ,
       17.67822787, 15.32999653, 17.14769453, 17.6315364 , 15.22793973,
       16.62706707, 19.4013504 , 16.08994493, 19.29084373, 18.96612587,
       16.7471996 , 19.8926708 , 18.898532  , 14.71846133, 14.42781973,
       19.7734128 , 18.4725792 , 18.71300413, 19.24089213, 15.28131987]), 'locations': array([163, 139, 186, 308, 256,  55, 324, 219,   1,  25, 298, 326, 246,
       282, 387, 445, 133, 133, 397, 370, 327,  69, 131, 314, 349, 292,
       447, 248, 237, 199, 212, 108, 417, 320, 431, 252, 484, 307, 219,
       331, 432, 105,  50, 236, 225, 448, 466, 124,  51,  61, 456,  62,
       170,  97, 271, 438,  20,  66,  97, 147, 108,  20, 414,  37, 348,
       461, 316,  80,  22, 211, 465,  14, 483, 392, 385,  56, 384, 298,
       459, 177, 402, 388, 137,  48, 484,  30, 288, 338, 143, 202, 318,
       281, 477, 318,  69, 426,  62,  89, 446,  48, 353,  84, 220, 270,
       149,  20, 204, 120, 442, 442, 417,  42, 218, 245, 369, 185,  81,
       304,  63, 281, 196, 428, 322, 311, 155, 228,  88, 247,  19, 301,
       366, 134,  95, 348, 361, 174, 127, 236, 280, 223,  35, 289, 113,
         2, 152, 405, 313, 287, 413, 475,  28, 113, 194,  95, 347,  28,
       145, 192,   9,  40, 171,  88, 360,   1, 122, 394, 397, 386,  94,
       148, 363, 103, 318,  92, 477,  78,  19, 203, 450, 483,  18, 141,
       334, 228,  21, 150, 169, 183,  87,  47, 328,  97, 160, 197, 364,
       142, 267, 328, 285,  68])}, {'ts_index': 51, 'loc': 167, 'gap': 1.4658998549973745, 'distances': array([14.9719364 , 18.31259193,  9.47227607, 16.7566728 , 15.84448807,
        7.0489046 , 18.26083347, 11.9189786 , 12.434222  , 17.48108473,
       10.0144958 , 14.704145  , 11.394567  , 12.56899053,  6.83134487,
       17.5112558 , 15.99694333, 15.46358253, 14.232125  , 16.2871672 ,
        9.59743707, 10.32145427,  6.71355233, 10.82618707, 14.32639427,
       12.6555434 , 16.34578233, 12.53816407, 16.976102  , 15.02243587,
       10.54796527,  9.7148026 , 17.10959213,  8.80207447, 15.1756254 ,
       12.2533764 , 20.91997093, 15.58364813, 17.07081793, 14.03677793,
       11.10756907,  0.        , 13.72853707, 16.81857127,  9.90440387,
       16.96728513, 13.8360632 , 13.56171093, 13.89340507,  9.50858213,
       16.5496818 ,  9.3577678 , 15.00539827, 12.79120013, 16.7578022 ,
       13.95134607,  8.97657607, 14.38798647, 12.66608867, 12.77496727,
       10.95298673, 13.73250433, 11.90392607, 12.82149753, 15.26645867,
       14.01193867,  9.57842613, 15.86829927, 12.58765027,  8.93867733,
       15.43189087, 11.8204496 , 17.3026946 , 16.5755156 ,  9.7099598 ,
       12.3998482 , 12.82710767, 13.86475013, 13.77165767, 13.11920547,
       10.21852373, 16.91868953, 12.46308547, 14.49376653, 18.03545547,
       11.33170873, 10.83288933,  9.76884753, 13.78722993,  9.90546427,
       16.8354504 ,  6.63098853, 14.61787387, 14.12472713, 17.95410307,
       16.7172932 , 15.20941053, 10.30742053, 16.760446  ,  8.89933227,
       15.040541  , 10.6509816 , 10.4572646 , 11.1786988 , 12.4526168 ,
       10.61598933, 11.0510622 , 11.156957  ,  9.72468727, 15.49160607,
       15.93714927, 18.5574902 , 16.21652947, 13.27986287, 11.9616626 ,
       14.105531  , 15.45826633, 14.37863247, 11.96601813, 16.5481348 ,
       13.13997353, 12.69001647,  7.4732672 , 13.7499764 , 13.02357193,
       12.70571747, 12.89782973, 14.62194547, 14.45483727,  9.2851812 ,
       16.1457546 , 11.4940816 , 15.35791127,  9.92465713, 12.02630873,
       15.2536102 , 10.12105733,  8.52451133,  9.09561887, 10.96342873,
       12.72136433, 13.4058668 , 10.44742753, 13.67161067, 13.67310473,
       13.21382047, 18.19433473,  9.23792113, 14.571606  , 11.93003373,
       12.85545187,  7.90223493, 10.3113474 , 15.78911793, 14.10910313,
       14.35427113, 12.74830047, 10.38014453, 15.30689887, 15.81039207,
       11.862125  , 16.21465767, 14.7090914 , 11.21747893, 14.65398287]), 'delta_distances': array([10.4683656 , 19.73851627,  9.35956173, 12.87538853, 13.14163387,
       11.25885093, 19.08447933, 12.11167267, 12.20109827, 17.3983652 ,
       12.26597213, 13.79066   , 19.43357507, 17.63371293,  9.95469093,
       16.93037613, 14.9169576 , 13.2418728 ,  8.9562288 , 11.03210507,
       11.71282627, 13.08878707,  7.25846667, 12.609016  , 12.853494  ,
       15.7959684 , 11.52856747, 14.40734973,  9.80956453,  9.2420404 ,
        9.60173587, 10.94594107, 10.50669853, 10.45260773, 10.930328  ,
       11.28685467, 14.3924716 , 15.04567933, 13.41160293,  9.9467736 ,
       12.200112  ,  0.        , 15.8395856 , 13.75830773, 12.09413267,
       11.4798964 , 13.50375213, 14.11060093, 12.65956133, 10.75206333,
       15.28863867, 13.4740816 , 15.1646724 , 13.66834853, 13.4187156 ,
       15.05626867,  8.97690973, 13.62049413, 14.39325627, 15.90512253,
       12.7093372 ,  9.95733987, 11.49402933, 13.383204  , 12.0769908 ,
       20.68715707, 12.59655253, 12.48966467, 13.0597508 , 11.89144427,
       16.56676413,  8.9200808 , 17.6798948 , 15.539432  , 10.1228868 ,
       11.28792907, 13.3410316 , 10.988296  , 11.0653808 , 10.400626  ,
        9.56381627, 11.54314013, 11.79965133, 14.01735787, 11.7510068 ,
        9.7063936 ,  9.21299187, 11.45607187,  9.4943172 , 10.81214067,
       11.2977124 ,  7.39422933, 13.6028916 , 11.48458387, 19.4728196 ,
       14.5596568 , 14.29849773,  9.1245112 , 18.06048253, 11.75401507,
       10.35117427, 12.20819467,  9.01843467, 10.70417667, 10.88518813,
       11.7111384 , 10.4987316 ,  9.04377173, 10.17397333, 14.77432667,
       10.9875172 , 10.1409328 ,  9.80351227, 10.17201907, 11.69579653,
        7.72047507, 18.20395333, 17.5713368 , 12.692312  , 10.69328053,
       15.68200187, 11.60766613,  9.1433232 , 12.3291816 , 18.85098373,
       10.40196373, 13.0314168 , 14.29031653, 10.55267173, 11.7708924 ,
       11.3599452 , 11.00590693, 19.4920828 , 11.41219987, 11.75526373,
       13.71896307, 10.23429213, 11.1481216 ,  9.19525547, 12.08274013,
       10.69369   ,  9.2636108 , 13.28341427, 18.2910028 , 10.09999987,
       15.8981676 , 12.09227067,  9.001786  , 10.7149484 , 11.19825333,
       13.67443947,  9.50758387,  8.56673653, 12.67451973,  8.2424236 ,
       18.33206413, 11.63492627, 13.60398973, 15.86543267, 18.50480493,
       13.21357293, 10.73906467, 10.360702  , 10.74905347,  9.61347307]), 'locations': array([444,  74, 180, 216, 470, 297, 155, 195, 343, 293, 225, 308,  79,
       254, 256,  81, 229, 445,  85, 268,  54, 239, 317, 338, 391, 420,
       214, 431, 113, 163, 107, 422,   9, 222, 115,  64, 443,  40,  56,
       437, 362, 167,  29, 432, 399,  19, 448, 332,  21, 459,  91, 285,
       282, 146, 371, 333,  88, 154, 465, 141, 275,  55,  98, 270, 359,
       337,  27, 344,  71, 339, 398, 252, 176,  39, 383,  66, 377, 220,
        31, 404, 216,  55, 156,  99, 464, 131, 236,  64, 128, 268,  45,
        24, 482, 400, 470, 289,   0, 438,  95, 165, 113,  42, 163, 437,
         0,  25,  10, 207, 401, 150,  44, 137, 295, 143,  70, 291, 337,
       113, 440, 153, 344, 202,  82, 292, 321, 183, 163, 230, 223, 443,
       171, 116, 207, 343,   5,  78, 173, 483,   7, 182, 259, 124, 156,
       250, 369, 199, 460, 294, 432,  44, 375, 243, 276,  47, 286, 375,
        56, 163, 338,  82, 247, 321, 130, 329, 128])}, {'ts_index': 102, 'loc': 301, 'gap': 0.6134894468294405, 'distances': array([6.29770947, 5.15908253, 5.33550007, 6.5281762 , 5.830976  ,
       5.38705653, 5.77717807, 4.50213313, 4.60305607, 5.4792516 ,
       6.04231027, 6.2379746 , 2.90539033, 5.136479  , 4.41034807,
       5.39117153, 3.68057587, 6.6209408 , 0.        , 5.7586068 ,
       3.651766  , 5.10120367, 3.3609168 , 4.36114153, 2.65019613,
       3.868297  , 4.7354194 , 4.68378667]), 'delta_distances': array([ 8.51707467,  9.06928587, 11.0380668 , 12.98035067,  9.38572693,
       13.2113884 ,  8.68776813, 11.42185027,  7.46453227, 10.73887973,
       11.54301787, 11.8402868 ,  5.57025027,  9.93357493,  7.52081893,
        8.2463652 ,  9.04013467,  9.04752347,  0.        ,  9.21019813,
        6.71694107, 11.1922416 ,  6.77409813,  7.8522524 ,  6.1303048 ,
       10.19688173, 11.07617867,  8.07072947]), 'locations': array([360,  93,  58, 144, 382, 103,   8, 335, 343, 325, 332, 379, 449,
       150, 410, 401, 131, 281, 301, 446, 409,  29, 374, 268, 234, 201,
       207, 471])}], 'clusters': array([1, 2, 0, 2, 0, 2, 2, 1, 0, 2, 2, 0, 1, 2, 2, 2, 2, 2, 0, 2, 2, 2,
       0, 2, 2, 2, 2, 1, 2, 2, 0, 2, 1, 0, 2, 1, 2, 1, 2, 0, 1, 2, 2, 2,
       0, 2, 1, 1, 0, 2, 2, 2, 2, 0, 2, 3, 2, 2, 2, 2, 0, 2, 2, 2, 0, 2,
       2, 2, 2, 1, 2, 2, 2, 2, 2, 2, 1, 2, 2, 1, 2, 2, 1, 2, 2, 2, 0, 1,
       3, 1, 2, 1, 2, 2, 2, 1, 2, 2, 2, 0, 2, 2, 3, 1, 2, 1, 2, 2, 2, 1,
       2, 1, 0, 2, 2, 2, 3, 0, 2, 2, 3, 1, 2, 2, 2, 2, 2, 1, 2, 2, 2, 2,
       1, 2, 1, 2, 1, 2, 0, 3, 2, 1, 1, 2, 2, 2, 2, 2, 0, 2, 1, 2, 2, 1,
       2, 2, 2, 2, 2, 2, 2, 2, 1, 2, 2, 2, 2, 2, 2, 2, 2, 2, 1, 2, 2, 2,
       2, 2, 1, 2, 0, 2, 2, 2, 1, 2, 2, 2, 2, 2, 2, 2, 2, 2, 2, 2, 0, 2,
       2, 2]), 'time': 2013.2468814849854}
lenSubsequence: 16{'RI': 0.4993467336683417, 'num_clusters': 8, 'uShapelets': [{'ts_index': 83, 'loc': 274, 'gap': 1.1005373564202614, 'distances': array([ 7.24357075,  7.666413  ,  8.84028056,  7.47659669,  7.27978362,
        6.82217556,  7.88294712,  7.28819881,  7.40379156,  6.33551163,
        8.34214369,  8.77682594,  6.82661112,  3.43470706,  6.14737062,
        3.68956325,  7.18253862,  7.35244331,  5.68144406,  6.17862081,
        9.27160506,  8.72931856,  7.91490481,  4.668683  ,  5.64587369,
        8.11888875,  4.66531112,  8.61411994,  9.9207135 ,  8.70759412,
        7.49872288,  4.39284337,  3.75104331,  8.779852  ,  7.31463863,
        7.68835162,  7.82141194,  9.02245625,  5.04056594,  7.519418  ,
        7.49589569,  3.53352163,  9.53675931,  3.08415656,  6.2292515 ,
        6.88370869,  7.27143319,  7.35286287,  8.20166456,  6.58668663,
        5.17933775,  9.19485869,  7.93064975,  8.00985219,  5.73895375,
        6.93687188,  7.46625587,  9.36033975,  5.76182544,  4.15566213,
        8.66499519,  5.37933212,  6.55609844,  6.79990281,  7.57069225,
        8.06912562,  6.08191144,  6.77911981,  5.8648995 ,  7.36434325,
        6.62121112,  8.39274331,  6.687897  ,  4.675677  ,  6.23627431,
        7.38566425,  5.38563712,  8.81298094,  6.92740981,  5.25949119,
        7.44615281,  6.068582  ,  5.36845525,  0.        ,  7.94826537,
        4.18771456,  8.94390462,  6.39527669,  8.45383525,  8.13961756,
        5.37436856,  4.70994963,  7.91219681,  8.69612319,  9.056082  ,
        4.69171556,  8.9492375 ,  4.92641513,  4.39592919,  6.82635438,
        5.42147975,  8.24559812,  9.55426869,  7.65566044,  5.45264425,
        4.32456744,  5.96328862,  4.36721588,  8.75785131,  7.15028706,
        8.56124356,  6.91325881,  8.08448175,  8.34574231,  9.70954162,
        6.3594585 , 10.13863325,  8.39842419,  7.93346981,  8.50463119,
        8.8759455 ,  7.65926144,  7.64962225,  7.53163419,  4.42018787,
        7.41406887,  6.76034669,  7.35518875,  7.82270325,  6.97717631,
        7.33753169,  6.46064019,  7.755556  ,  5.2310565 ,  8.34628519,
        9.25713069,  7.04712588,  6.51344963,  7.38264819,  7.24144625,
        7.16599   ,  4.06284669,  5.05241838,  4.24352431,  3.82984431,
        8.4412825 ,  6.25990212,  8.66720662,  7.90218037,  5.18480431,
        7.52936481,  9.0262375 ,  4.59573444,  7.25823269,  6.25894713,
        6.88372781,  5.86030469,  5.61513131,  8.22387031,  6.47299813,
        6.13978244,  9.58652881,  9.48098306,  6.86600906,  8.37025312,
        5.87397225,  6.20823687,  8.73375594,  9.09171856,  4.06065025,
        5.71218462,  6.59732906,  9.60298294,  7.22834212,  7.70615356,
        7.73389225,  6.57310044,  6.13788444,  8.39620794,  5.43702019,
        7.80160006,  6.04875112,  7.06920794,  6.46515244,  5.67505256,
        7.11893269,  3.25393125,  5.26112569,  7.41597687,  8.39721888,
        7.74718606,  3.86641344,  6.03460144,  6.79375706,  4.41938744,
        8.74045769, 10.88562275,  7.14876175,  6.39733631,  6.64111488]), 'delta_distances': array([20.28713363, 18.45653475, 18.7392395 , 18.16541463, 18.10193088,
       16.397054  , 19.26612513, 17.17027763, 19.01579812, 15.614924  ,
       17.47723862, 19.298116  , 14.45908025, 11.89839262, 15.23023925,
        9.47064863, 19.37646775, 18.05592275, 15.78850325, 15.85098925,
       17.591378  , 18.60718075, 17.82060375, 12.69455575, 14.67879562,
       17.80057388, 13.68476813, 18.831522  , 19.41117863, 18.212173  ,
       16.48044338, 13.693439  , 11.53379212, 18.68655312, 14.2984545 ,
       15.96798412, 17.0361965 , 17.41348325, 15.3535855 , 18.62134175,
       13.67018412,  9.21273988, 17.42623038, 11.228309  , 11.23268238,
       14.78003113, 13.96975337, 17.871673  , 15.813141  , 16.67746   ,
       17.63455762, 15.19068113, 22.76460925, 18.45545425, 16.67818125,
       15.55512162, 16.82953787, 17.01543675, 17.28231438, 12.31868625,
       18.39789688, 13.57562675, 15.345162  , 18.94459038, 16.64232713,
       17.95767363, 15.60264175, 15.3026415 , 14.18185062, 15.539872  ,
       17.60909412, 20.17761125, 19.44251875, 12.491309  , 13.47863825,
       18.58817388, 15.78585875, 16.80887625, 15.33275212, 13.98968587,
       18.86601075, 16.55481463, 16.13274325,  0.        , 18.906962  ,
       13.92744812, 20.46428375, 15.88611875, 19.24928187, 18.40306525,
       13.44171863, 14.3809075 , 14.96913325, 21.12228187, 17.55863513,
       15.8675585 , 20.27269438, 13.11416213, 14.1044125 , 14.72384888,
       14.76586712, 17.89160025, 17.37084925, 20.05030937, 12.35377912,
       12.553647  , 15.85080387, 12.132758  , 18.33115288, 15.222253  ,
       14.2017325 , 18.03519862, 16.92648038, 17.66941875, 20.93176662,
       14.779853  , 20.68355363, 18.33127162, 17.38503575, 16.11076988,
       20.44878638, 17.83929213, 18.23228262, 18.766727  , 14.15197437,
       18.36574287, 14.32586213, 17.132593  , 14.9334365 , 18.075675  ,
       14.71183075, 15.28283213, 18.36121762, 11.954133  , 19.299618  ,
       21.41969   , 16.18724938, 16.76580038, 19.78709262, 15.04085387,
       17.40107212, 10.83353837, 13.373705  , 11.040178  , 13.82883037,
       18.38650113, 16.90888425, 16.98604362, 15.2182125 , 15.61737713,
       17.27572437, 18.35473487, 12.7844875 , 13.9608435 , 17.08970175,
       15.0319045 , 15.45648837, 15.95799213, 19.55138338, 16.1525565 ,
       15.337758  , 20.4542175 , 21.54354388, 18.03613712, 18.624863  ,
       17.50936125, 12.1277905 , 18.24036825, 21.09607613, 12.62224175,
       15.58530775, 18.80449812, 23.1433445 , 17.49489463, 17.3389725 ,
       18.59833   , 17.59116338, 13.11736438, 19.3032315 , 12.52128163,
       17.35624987, 15.425423  , 17.9733545 , 16.70113962, 16.38552263,
       16.5987105 ,  9.62925438, 13.86759612, 18.14005862, 17.3853045 ,
       16.12808425, 12.61926863, 14.90292313, 15.53072888, 12.509206  ,
       18.361042  , 17.76379337, 15.68944737, 17.51596263, 16.57422025]), 'locations': array([ 16, 156,  29,  66, 229, 471,  11, 142, 382, 244, 344, 275, 393,
       175, 428,  80,  76, 449, 399,  58,  26, 231, 269,  55,  89,  97,
       339, 418, 172, 478, 422, 403, 446, 357, 380, 258, 175, 158, 423,
       417, 438, 223, 116, 138,  37,  61, 363, 139, 208,   7,  64, 405,
       156, 433, 400,  97, 225,  27,  48, 389,  92, 286, 283, 323, 213,
        22, 473, 180, 466, 429,  19, 377, 343,  99, 271, 217, 231, 283,
       255, 182, 345, 205, 384, 274, 399, 475, 271, 171, 223, 155, 121,
       398, 141,  87, 221, 308, 118, 405, 136,  56, 107, 100, 118, 121,
       330, 211, 114,  65, 348, 446, 384, 455,  91, 227,   9, 248, 337,
       193, 207, 342, 212,  19, 166, 289,  43, 164, 438, 480, 298,  54,
       243, 257, 105, 402, 175, 116, 362,   2, 337, 121,   8,  74, 233,
       330, 321, 150, 420, 237, 154, 316, 205, 148, 429,  52, 257, 322,
       200, 164, 475, 224, 444, 280, 125, 238, 208, 324,   6,  66, 224,
       360, 200, 378,  64, 260, 249, 256, 358,  31,  44, 200, 461, 295,
       433, 316, 335, 228, 244,  31, 165, 305, 376,  57, 164, 339, 170,
        79, 165, 131,  47, 129])}, {'ts_index': 153, 'loc': 83, 'gap': 0.8137570949656814, 'distances': array([ 5.53016681,  6.09854394, 10.09845025,  9.5611915 ,  7.67585   ,
        8.84652644,  9.17879594,  5.4908985 ,  9.88382025,  7.50121038,
        6.76943081,  5.199601  ,  8.6476995 ,  8.46313656,  6.99344244,
        9.06597731,  7.28729294,  8.87576581,  9.99727263,  8.57015356,
        9.19103038,  7.96336531, 11.61098694,  6.80736825,  7.16775525,
        9.63079975,  6.72488163,  9.09077881,  8.3420585 ,  6.928692  ,
        7.66610438, 10.39230987,  7.58903838,  8.28220094,  8.61633375,
        6.18491431, 11.04323119,  8.16210575,  8.600871  ,  9.13830769,
        9.32714869,  5.37541244,  6.96341394,  8.64950369,  8.44452956,
        9.58738719,  8.24069544,  7.71452413,  9.67159931,  7.60700281,
       10.01448756,  9.08826463,  9.40467125, 10.80035506,  9.48259194,
       10.85190037,  9.70924131,  8.5031665 ,  9.20972887, 10.04848244,
       11.07787081,  7.63140388,  9.91833856,  9.20190394,  6.90432588,
       10.9214215 , 10.78236844,  9.08466513,  7.69880744,  4.83955394,
        9.536905  ,  5.69025288,  9.39475706,  7.09868763, 10.37069856,
        8.27502775,  9.05211069,  5.93014156,  8.63064519, 10.68419431,
       10.89376269,  7.07069681,  7.400466  ,  5.98296244,  8.73014781,
        7.0931895 ,  8.32700131,  6.73307425,  9.72369675,  9.85188281,
        7.288739  ,  8.00115844,  5.25832694,  4.01730419,  6.50858306,
        8.67411619,  7.60052712,  9.16752025,  8.597948  ,  8.01212062,
        8.01689119,  9.70581569,  8.99701869,  7.06589019,  5.9426495 ,
        7.54284987,  7.86833625, 10.043614  ,  5.81323956,  6.598887  ,
        8.25275744,  9.84869406,  8.7886    ,  8.95851062,  9.93668394,
        7.18528025, 10.79325631,  9.52675663,  7.05152981, 10.3724145 ,
       10.48788481,  8.98201538,  7.9519035 ,  0.        ,  8.50958987,
        8.442196  ,  7.65191306,  5.44927288,  7.23362263,  8.44913644,
        8.855813  ,  7.85091488,  5.12653644,  8.13678156,  9.83177456,
        9.41049806,  9.40118031,  7.18540756,  8.89480463,  7.9788875 ,
       10.37104769,  8.72513331,  9.07759688,  9.37845225,  9.48808763,
        5.07649894, 10.12128044,  9.03618094,  6.26706444,  8.01430231,
        6.33069325,  9.285666  ,  9.05623125,  9.74130869, 10.77812769,
        9.15835644,  7.994332  ,  9.09084694, 10.55030981, 10.09628825,
        9.51173963,  8.68972394,  6.36309025, 10.77200831,  7.41019738]), 'delta_distances': array([15.55804138, 13.25816225, 19.10875263, 15.57648437, 16.30378825,
       19.44140738, 17.15379475, 12.94992625, 17.755359  , 15.15881213,
       14.24967375,  9.84882688, 22.415672  , 12.47060738, 13.33477488,
       14.6940005 , 10.21015675, 18.42491425, 16.96591112, 14.26726575,
       17.8525065 , 13.47218237, 15.21847938, 12.05606887, 12.45886488,
       16.59115687, 15.9418085 , 15.46769038, 14.68014912, 13.62960562,
       13.50062662, 15.17920175, 16.20340937, 17.61830538, 16.2841715 ,
       11.82096813, 11.792995  , 14.82181912, 17.26795612, 14.97291925,
       19.98482388, 14.54660188, 16.84937737, 13.46756288, 16.12210038,
       20.55247875, 13.89847137, 15.77946713, 17.13553537, 15.23578237,
       12.767575  , 11.98755725, 16.130402  , 16.17231913, 17.32833775,
       13.93465162, 14.19405787, 14.05431387, 14.31557725, 17.83737037,
       18.35525012, 14.8230355 , 13.66807337, 18.20821937, 15.17461425,
       13.36750412, 14.9161435 , 14.04121088, 12.0321905 , 10.50386075,
       18.64320263, 17.6606385 , 16.11580025, 16.18836525, 14.83332225,
       16.19748562, 14.7392285 , 14.09202   , 17.14795238, 23.12945412,
       17.13182175, 16.80985875, 14.02346712, 16.049039  , 19.923669  ,
       12.17177837, 14.91053075, 13.22647287, 16.91788   , 14.34339575,
       13.37002275, 12.67721275, 14.883581  ,  9.57074625, 12.92877063,
       12.23629   , 14.7917905 , 15.5159455 , 14.8531105 , 15.59959088,
       18.06733637, 14.7589855 , 18.38637287, 12.01025313, 11.827111  ,
       11.48370262, 17.18074213, 18.45470638, 14.38198963, 16.58353337,
       12.169137  , 16.62198612, 15.05081313, 12.52269713, 16.5156135 ,
       16.74436137, 12.76986188, 15.36543938, 13.54866825, 19.82179088,
       16.572147  , 18.81509713, 16.45609187,  0.        , 16.51909925,
       11.05542787, 16.16715712, 10.3899985 , 17.53559625, 13.68719725,
       16.23341325, 13.412799  , 14.31233113, 13.791725  , 18.61793475,
       23.2182105 , 12.46750025, 15.81585563, 19.23640737, 12.81038725,
       13.0805715 , 17.18897088, 13.11658663, 17.06354638, 15.99892763,
       11.01518263, 17.61508   , 16.30929787, 13.90067125, 14.29991063,
       13.1924115 , 14.63515163, 16.70034837, 14.83684262, 17.72736988,
       14.52205225, 12.92673388, 18.41947988, 15.867557  , 12.68106275,
       15.6919075 , 12.90027188, 12.96483712, 14.69198313, 14.24907487]), 'locations': array([151, 127, 174, 416, 124,  61, 215, 479, 330,  33, 477,  50,  13,
       480, 193, 140, 325, 479, 315,  57, 313, 168, 121, 262, 225, 296,
       200, 308,  73, 125,  56, 330, 343, 420, 481, 213,   1, 330, 101,
       421,  49, 136, 472, 355, 259, 426, 387,  54, 266, 365, 351,  36,
       217, 336, 477, 248, 404, 174, 199, 453,   2, 386, 373, 147, 160,
       253, 471,  28, 478,  17,  26, 419, 255,  45, 240, 465, 253, 177,
        89, 324,  39, 228, 143, 272, 153, 171, 199, 120,  25,  59, 206,
       415, 357, 173, 165, 334,  51, 409, 401, 416, 310, 471, 326, 367,
       357, 415, 322, 238, 191,  83, 247, 473, 281, 224, 268, 165, 235,
        60, 166,  58,  49, 324, 101,  83, 335, 479, 271, 144, 330, 310,
        87, 210, 297, 282, 472, 203, 144, 242,  82, 418,  91, 258, 210,
       330, 278,   7, 426, 438, 234, 203, 129,  86, 233, 144, 394, 357,
       346, 414, 148, 300, 109, 350,  95, 410,   1])}, {'ts_index': 137, 'loc': 226, 'gap': 1.0719697189260682, 'distances': array([12.92007425, 11.42570469, 13.9650875 , 11.96803944, 15.70157244,
       11.11280544,  9.96164069,  9.34621938,  7.86784513,  9.2919245 ,
       11.04844725, 12.21085588, 10.91966925, 13.01320125, 16.38065894,
        8.48126394, 11.98420656, 15.2805055 , 16.37733975, 13.799293  ,
       12.87216381, 12.96187744, 14.70270244, 10.01660213, 10.60885194,
        8.55014788, 11.67340894, 11.71886644, 13.31751488, 10.83840706,
       14.90828381, 10.50975625, 13.52798631,  9.91841587, 12.08991619,
       12.88902925, 10.18873356, 10.9981745 , 11.25920519, 12.67076731,
        9.76335756, 13.80107731, 10.434073  ,  8.25627025,  9.32465844,
       13.99862281, 10.91744437, 11.82070406, 12.1136245 , 15.61458888,
        8.97181281, 10.06747238, 12.56728688, 12.40048837,  8.49183094,
       14.9240465 , 11.80141913,  9.67313   , 15.48890187, 10.85614113,
        9.8845225 , 13.31673994,  7.94616669, 11.56460125, 12.28898444,
       13.24637594, 12.53039862, 12.85867344,  8.84127206, 12.44180169,
       12.12438319, 11.67654294, 13.13348312, 10.33295094,  9.40941213,
       14.29840413, 10.49637925, 12.26436719, 13.5122755 , 10.30690744,
       11.06974   ,  9.57797281, 12.86192644, 11.86152725, 14.5167935 ,
       15.23635794, 15.02503794, 11.90544725,  7.55829944, 14.43520944,
        7.04328738,  0.        , 11.03735719,  9.02163281, 11.94933006,
        9.04783406, 10.32228288,  9.61736338, 14.40677087, 13.56480556,
       11.5638765 ,  5.65918537, 11.1448625 , 11.02082131, 11.631175  ,
        7.73099069, 16.13432606, 12.28772694, 10.40958   , 12.74737037,
       11.54632837, 11.01848125, 13.460056  , 10.73120313, 12.60776962,
       12.61649519,  9.70037044, 15.11377781, 13.15465756, 13.00911088,
       12.06844438, 12.15593762, 10.62018056, 13.30002712, 14.08918519,
       13.75652406, 14.05425419, 12.92712587, 13.33712706, 14.17064456,
        7.49882519, 10.11408325, 12.67304213, 12.92356112, 11.2931715 ,
        6.46931988]), 'delta_distances': array([23.8105825 , 17.2400765 , 19.22348325, 18.5845115 , 25.86028938,
       17.0107115 , 17.53491337, 16.6823215 , 13.90762625, 17.26533638,
       23.00651775, 21.70592   , 20.64975537, 17.686355  , 23.08680813,
       17.594517  , 22.02581587, 23.02042937, 24.88323875, 18.35141563,
       17.86028213, 23.719251  , 22.88088962, 23.38432612, 20.05771975,
       19.09743813, 18.067323  , 19.09089637, 19.66469462, 17.69153463,
       26.0313585 , 18.82148425, 18.84852538, 19.28378   , 22.23775688,
       23.599595  , 18.53963363, 21.15194562, 16.28318313, 20.451938  ,
       17.84997812, 23.3583565 , 14.31197138, 18.53626337, 17.01460675,
       17.84208913, 15.0898885 , 17.67427163, 20.18722025, 20.815193  ,
       20.40721338, 17.12299687, 22.838415  , 18.03973775, 17.19234713,
       22.38068587, 19.93271913, 16.402807  , 19.25711175, 20.9779705 ,
       17.71179662, 27.28943962, 15.9444135 , 24.6223975 , 18.32524538,
       19.72791662, 19.79802337, 19.32466738, 15.46041988, 20.5233145 ,
       21.58637287, 23.42508513, 20.23179575, 19.45711963, 17.74270188,
       22.60200775, 19.35174287, 26.176763  , 18.85901313, 14.56195538,
       18.66694375, 19.9944985 , 21.73673175, 22.06399163, 26.449861  ,
       21.80705925, 18.47354625, 20.06281587, 17.93301062, 25.39373463,
       13.912328  ,  0.        , 19.4246165 , 18.35537725, 17.00904025,
       15.850192  , 22.34855375, 15.47638137, 21.07258937, 17.44958212,
       17.03829413, 13.93772   , 22.51631513, 22.02375225, 18.88735338,
       15.36415587, 23.64693638, 23.084369  , 17.30221588, 17.55467   ,
       18.61872313, 19.99383425, 23.37974875, 19.74103087, 22.7843345 ,
       23.59223962, 16.04439337, 17.27505113, 20.345708  , 22.26036375,
       20.81520375, 20.63942438, 14.73694925, 18.33385525, 21.58306025,
       18.44050213, 15.76343587, 23.56539163, 18.869851  , 20.12761962,
       13.38337438, 16.06078925, 21.20769025, 25.18008688, 22.86585175,
       14.092952  ]), 'locations': array([435,  45,  56,  63, 136, 124,  35, 236, 482, 478, 123, 128, 481,
       317,  59, 121, 453,  10, 227, 459, 339, 244, 181, 297, 321, 422,
       123, 438, 456, 103, 126,  51, 421, 389, 261, 451,  10,  56,  43,
        98, 353, 404, 116, 338, 479, 304, 415, 405, 201, 455,   4, 280,
       375, 282, 288, 449,  30, 378, 420, 257, 192, 326, 467, 308,  52,
        38, 173, 230, 210, 155,  47, 449, 407,  32, 208, 168,  84, 394,
        15, 403, 418, 312, 473, 218,  53, 116,  67, 240, 351, 309, 117,
       226, 270, 167, 434, 465, 276, 175, 242, 482, 103, 337,   0, 273,
       332, 312, 459,  78, 172, 287, 205, 445, 244,  98,  86,  93, 308,
       479, 414, 456, 193, 258,   8, 324, 235, 461, 140,  77, 348, 336,
        64,  90, 306, 257, 412,  58])}, {'ts_index': 185, 'loc': 348, 'gap': 0.7106014191703363, 'distances': array([6.81841231, 4.17537362, 5.11578938, 5.85358931, 4.71853612,
       5.56611669, 5.90398338, 3.90929406, 3.96756994, 6.25404206,
       3.1537035 , 5.65298931, 4.97483525, 4.97221806, 4.7109625 ,
       4.97415831, 4.81627756, 6.72134856, 5.52847425, 2.90598906,
       2.57401194, 0.        , 4.9497165 ]), 'delta_distances': array([12.73796463,  7.41498613, 10.01755425, 15.68854288,  9.75690338,
       13.383743  , 11.76738475, 10.95899338, 12.72319325, 11.236926  ,
       10.06161362, 14.52485588, 12.06955237, 11.9307285 , 11.26008725,
       14.70215475, 12.68238462, 10.18683762, 13.9106525 ,  8.60680562,
        7.00357688,  0.        ,  9.58396187]), 'locations': array([424, 307, 468, 350,   5,  11, 391, 292, 482, 107,  37, 371,  34,
       447, 203,  35, 125, 248, 261, 160,  54, 348, 385])}, {'ts_index': 129, 'loc': 37, 'gap': 0.623218553386061, 'distances': array([7.70707056, 6.25355575, 6.91702256, 5.9675555 , 6.56201081,
       6.61361613, 5.81265369, 6.07912269, 6.65866388, 8.0170165 ,
       2.68664081, 4.73222481, 4.34215537, 0.        , 7.15678394,
       7.28716388, 7.31260706, 5.91527006]), 'delta_distances': array([12.18911337, 12.33978775, 16.48255688, 11.29395025, 13.549154  ,
       15.2035635 , 11.237353  , 10.44421375, 12.72659038, 13.3989105 ,
        9.91361038, 12.92968312,  9.52035037,  0.        , 12.405414  ,
        9.430137  , 10.88205325, 11.71506113]), 'locations': array([240,  22, 311, 189,   7, 119, 268, 361, 135, 179,  36, 126, 205,
        37,  95, 195, 263,  23])}, {'ts_index': 6, 'loc': 190, 'gap': 0.9031181151902059, 'distances': array([6.11805619, 0.        , 4.22003706, 3.4078695 , 5.79146088,
       4.39356338, 6.233334  , 4.13312081, 6.30239656, 4.50276   ,
       6.3921735 , 5.875274  , 6.58397275]), 'delta_distances': array([11.50916688,  0.        , 10.134179  ,  9.9921125 , 11.18897863,
       11.39062812, 12.27531825, 10.98022938, 10.059258  , 11.04218975,
       11.57219437, 10.15049063, 11.0504415 ]), 'locations': array([212, 190,  99, 221, 432, 469, 363, 450, 216, 218, 281, 248, 145])}, {'ts_index': 86, 'loc': 405, 'gap': 0.5523630716857304, 'distances': array([2.61009394, 3.36802825, 1.98900219, 0.        , 3.16596981,
       3.24348906, 3.33172756]), 'delta_distances': array([ 8.45367537, 10.47614688,  7.82529637,  0.        ,  8.77382788,
       11.1292265 , 10.90897825]), 'locations': array([420,  26, 421, 405, 385, 356, 338])}, {'ts_index': 28, 'loc': 404, 'gap': 1.2121689999999994, 'distances': array([0.        , 2.44198588, 3.89521519, 3.65415487]), 'delta_distances': array([ 0.        , 10.70082275, 10.33069475, 10.30347013]), 'locations': array([404, 116, 402, 220])}], 'clusters': array([2, 2, 3, 3, 7, 3, 6, 2, 3, 3, 2, 2, 3, 1, 3, 1, 3, 3, 3, 3, 3, 6,
       3, 1, 3, 6, 1, 2, 8, 3, 2, 1, 1, 3, 3, 2, 6, 3, 1, 3, 3, 1, 3, 1,
       2, 3, 3, 3, 5, 3, 1, 2, 3, 3, 3, 3, 3, 3, 3, 1, 3, 3, 4, 3, 3, 3,
       7, 3, 3, 3, 6, 3, 3, 1, 3, 3, 2, 3, 4, 1, 3, 3, 1, 1, 2, 1, 7, 2,
       3, 3, 3, 1, 3, 3, 2, 1, 3, 1, 1, 3, 3, 3, 3, 2, 3, 1, 3, 1, 3, 2,
       3, 3, 3, 5, 2, 2, 2, 3, 3, 3, 3, 3, 3, 3, 1, 3, 5, 2, 5, 5, 3, 2,
       2, 1, 3, 6, 3, 3, 3, 3, 3, 1, 1, 1, 1, 3, 3, 3, 8, 1, 3, 3, 1, 2,
       3, 3, 3, 2, 3, 3, 0, 3, 2, 3, 3, 3, 3, 3, 3, 1, 3, 3, 3, 4, 3, 3,
       2, 3, 3, 2, 3, 2, 3, 4, 3, 4, 1, 1, 3, 3, 0, 1, 3, 3, 1, 3, 3, 2,
       3, 3]), 'time': 2563.716654062271}
