lenSubsequence: 6{'RI': 0.5002083125020831, 'num_clusters': 5, 'uShapelets': [{'ts_index': 461, 'loc': 4, 'gap': 0.39939053249728484, 'distances': array([0.67878233, 1.369172  , 2.110617  , ..., 2.337714  , 1.1665825 ,
       1.72826717]), 'delta_distances': array([2.23962133, 3.636944  , 4.17561633, ..., 4.67265467, 2.24048733,
       3.85538   ]), 'locations': array([17,  4,  4, ...,  6,  6, 15])}, {'ts_index': 723, 'loc': 4, 'gap': 0.34724011622023265, 'distances': array([2.13141433, 0.4704965 , 0.27202517, 0.92874867, 0.20724017,
       0.45670833, 0.23530917, 0.9358465 , 0.27390117, 1.21659283,
       0.84871433, 0.55078117, 0.25202067, 1.05157067, 0.40164117,
       0.35663333, 0.11764983, 1.09337   , 0.67286333, 0.42772933,
       0.79585017, 0.14906867, 0.18448733, 1.111892  , 0.271129  ,
       0.207718  , 0.15718617, 0.9621965 , 0.08804067, 0.35389583,
       0.2024065 , 1.009653  , 0.27311617, 0.24772617, 1.5451825 ,
       0.208076  , 1.53646633, 0.22765167, 1.7159905 , 1.124875  ,
       0.7757905 , 1.02488867, 0.43350067, 0.52391817, 0.4647255 ,
       0.34886267, 0.70475883, 0.69711117, 0.7023325 , 1.11903533,
       0.227625  , 0.27542367, 0.20765617, 0.6292305 , 0.15202367,
       0.55819567, 2.06262533, 0.75280617, 0.59606417, 0.368367  ,
       0.14259217, 0.364947  , 0.1795645 , 0.3748685 , 0.3247085 ,
       0.36554167, 0.5699625 , 0.15072533, 0.50533083, 0.392839  ,
       0.34579667, 0.71741133, 0.34588433, 1.61558417, 0.1458995 ,
       0.33446517, 0.50609983, 0.31970017, 0.32899883, 0.76346483,
       0.65548333, 0.45516883, 0.4711045 , 0.46100917, 0.13899367,
       0.18547267, 0.28685867, 1.21652517, 0.39446667, 0.29775683,
       0.19443633, 0.6313365 , 0.15919867, 1.0143015 , 1.4189385 ,
       0.31896317, 0.67892083, 0.16960967, 0.68760633, 0.74788817,
       0.13063167, 0.524954  , 0.51837383, 0.5772875 , 0.11726917,
       0.5573995 , 0.48003017, 1.0082075 , 0.73218233, 0.21914683,
       0.73069683, 1.03178783, 0.5497605 , 0.2406475 , 0.45448917,
       0.27280583, 0.8083195 , 0.51058267, 0.3791155 , 0.34615733,
       0.26635833, 0.74739017, 0.26424983, 0.43114467, 0.98883117,
       0.53327167, 0.767073  , 0.61367467, 1.69576067, 0.36915217,
       1.8449735 , 0.1948205 , 0.346258  , 0.97440533, 0.64310717,
       0.80499017, 0.6536405 , 0.58982633, 1.10753467, 1.94497717,
       1.255198  , 0.10260283, 0.111645  , 0.57001333, 1.17220717,
       0.25057517, 0.24831533, 0.16564833, 0.26121367, 0.74771783,
       0.71240017, 0.19836217, 0.23553167, 0.23666517, 0.33381483,
       0.27113417, 0.36320433, 0.16115867, 0.39801967, 0.532519  ,
       0.07339917, 0.96968867, 0.38775767, 1.01227717, 0.38234883,
       0.68406983, 1.12025233, 0.50066183, 1.2965475 , 0.44949517,
       0.2669425 , 0.38671467, 0.58772817, 0.4006435 , 0.93969983,
       0.39895   , 0.16691733, 0.91619867, 0.85637033, 0.395196  ,
       0.13712717, 0.46917917, 0.433494  , 0.91722283, 0.20860033,
       0.3143585 , 0.50147317, 0.98330917, 0.99457717, 1.03607167,
       0.86585717, 0.16814917, 0.66775483, 1.34454267, 0.284676  ,
       1.82873967, 1.29862133, 0.47658983, 1.61770767, 0.42795367,
       0.57021083, 0.744229  , 0.38721967, 0.164427  , 0.40221   ,
       0.5607255 , 1.5472685 , 0.31655   , 0.59118383, 0.27189517,
       0.392255  , 0.3016075 , 0.848178  , 0.16163583, 1.43403633,
       0.43023133, 0.194645  , 0.54428983, 0.9975835 , 0.3745665 ,
       0.779436  , 0.68825233, 1.12256317, 0.659348  , 0.79707917,
       0.46720733, 0.20865883, 0.42331833, 1.3650665 , 0.72970317,
       0.23896283, 0.17343283, 0.2990065 , 0.1123875 , 0.50316717,
       0.538207  , 0.09197433, 0.334058  , 0.404721  , 0.21677483,
       0.226994  , 0.257499  , 0.97859667, 0.2591835 , 0.23793833,
       1.306887  , 0.70223867, 0.61758783, 0.21176233, 0.1360865 ,
       0.33032417, 1.7924465 , 0.706847  , 1.43477033, 0.27854083,
       0.53730567, 0.26769517, 0.27090567, 0.17885417, 0.31998083,
       0.21318583, 0.64973633, 0.35358433, 0.459821  , 0.20811317,
       1.00897317, 0.23894183, 0.38897467, 0.80264133, 0.49302117,
       0.5872205 , 0.36648267, 0.29926   , 1.038904  , 0.71756033,
       0.43156733, 0.60276317, 0.48709133, 0.1508625 , 0.45388117,
       0.7754545 , 1.14547633, 0.20927583, 0.69037533, 0.50182933,
       0.34041383, 0.1654995 , 0.5384265 , 0.36720083, 0.26978367,
       0.2374465 , 1.40095833, 0.22533667, 1.23334433, 0.3255485 ,
       0.5647615 , 0.33401317, 0.59782167, 1.1821105 , 0.160492  ,
       0.6790275 , 0.63528667, 0.73045933, 0.27144683, 0.52075317,
       0.25223867, 0.15595583, 0.47131483, 0.59792267, 0.155988  ,
       0.33400617, 0.325007  , 1.1495245 , 0.11551267, 0.13392617,
       0.46814983, 0.36668017, 0.21314033, 0.36967817, 0.63576317,
       0.451787  , 0.47155183, 0.18781983, 0.22824933, 0.2057275 ,
       0.69835483, 0.76590833, 0.44743833, 0.40613333, 0.2176905 ,
       0.29408633, 1.0060105 , 0.46740683, 0.2410325 , 0.37325633,
       1.12904933, 1.33919183, 0.367896  , 0.47084867, 0.40113267,
       0.61971183, 0.43818717, 0.1759205 , 0.8206855 , 0.35503067,
       0.3213305 , 0.59833   , 0.37724117, 1.15080733, 0.64885617,
       0.21779283, 0.30205567, 0.71079083, 0.3299875 , 0.195008  ,
       0.94803133, 0.78997517, 0.52219117, 0.6309085 , 1.054041  ,
       1.98380767, 0.41347233, 0.61311   , 0.44154517, 0.21203683,
       0.62015   , 0.63448633, 0.2324245 , 0.4275105 , 0.304235  ,
       0.575372  , 1.83530067, 0.22326883, 0.617279  , 0.29494167,
       0.8640715 , 0.7209445 , 1.33182   , 0.88647783, 0.1615115 ,
       0.95067217, 0.21149267, 0.404058  , 0.77626017, 0.6589455 ,
       0.60589267, 0.46477233, 0.33485033, 0.40106967, 1.27515567,
       0.15635967, 0.29247133, 0.43241267, 0.48143767, 0.17609183,
       0.24559617, 0.1861795 , 0.82673217, 0.43670767, 1.15984217,
       0.56033667, 0.1910785 , 0.26281133, 1.09192717, 0.800279  ,
       1.21772717, 0.18726983, 0.581205  , 1.3267245 , 1.68580683,
       1.2501945 , 0.29928717, 0.41341383, 0.262149  , 0.28240383,
       0.17656217, 0.37730967, 1.1640205 , 0.34062367, 0.26062783,
       0.1481615 , 0.497349  , 1.53737   , 0.293497  , 0.32997333,
       0.41569083, 0.56521383, 1.01841117, 0.40492033, 0.11688683,
       0.70944833, 0.24827083, 0.20347633, 1.28877867, 0.84531633,
       2.22965583, 0.73512033, 0.35148283, 0.26211533, 0.399766  ,
       0.88676317, 0.693333  , 0.30842817, 1.2371035 , 0.42551867,
       0.4705485 , 0.3404725 , 0.21623917, 1.63390817, 0.75567167,
       0.36813167, 0.39999783, 0.43727683, 0.36028083, 0.77748433,
       0.93709383, 0.1973115 , 1.16961433, 0.70301733, 0.37973417,
       0.19820033, 0.341032  , 0.836241  , 0.82944517, 1.52017583,
       1.06759167, 0.2509005 , 0.87533583, 0.89693133, 0.1695025 ,
       0.11516983, 0.223702  , 0.3765865 , 0.314926  , 0.9122695 ,
       0.13300667, 0.27400217, 0.46952983, 0.22086117, 0.8889575 ,
       0.29485233, 0.14970583, 0.83944567, 0.83529233, 0.1804335 ,
       0.49306117, 0.60549833, 0.187632  , 0.20664867, 1.37550983,
       0.18938017, 0.7239365 , 0.53750483, 0.57381583, 0.18550533,
       0.456538  , 0.47186233, 0.55788783, 0.31129767, 0.52271117,
       0.34999833, 0.52763183, 0.54261317, 0.460278  , 0.4224665 ,
       0.239097  , 0.5202275 , 0.42531683, 0.48904283, 1.93373417,
       0.34608583, 0.6041245 , 0.55299433, 1.35768   , 0.73026767,
       0.58497983, 0.668592  , 0.8163875 , 0.21727267, 0.35591   ,
       0.058511  , 1.73825233, 1.46982733, 0.35542117, 0.16790083,
       0.2242105 , 0.42447667, 0.541861  , 0.56951   , 0.26796533,
       0.602516  , 1.45908   , 0.3220185 , 0.32375617, 0.65695433,
       0.11664617, 0.81392483, 0.72332383, 0.29390817, 0.92646217,
       0.26166983, 0.19654467, 0.63664417, 1.1208365 , 0.31569583,
       0.17504133, 0.785608  , 1.65862383, 0.444775  , 0.2508905 ,
       0.50931417, 0.28978767, 0.318473  , 0.660695  , 0.41077233,
       0.55599633, 0.07927833, 0.38179183, 1.415633  , 1.11965583,
       1.33582117, 0.44408667, 0.61231933, 0.30035133, 0.28499217,
       0.19260917, 0.27618367, 0.20528517, 0.2688315 , 0.51782983,
       1.44733283, 0.69384467, 0.10994733, 0.75180733, 0.21667467,
       0.1344645 , 0.40898883, 0.47975067, 0.30955383, 0.30964383,
       0.550492  , 1.24830333, 0.89099333, 0.33972233, 0.28239117,
       0.08995267, 1.325001  , 1.5186815 , 0.84268833, 0.27701633,
       0.5639105 , 0.50951117, 1.09833733, 0.281335  , 0.44837917,
       2.43714567, 0.40271283, 0.18030383, 1.955088  , 0.25877   ,
       0.24337983, 0.22551167, 0.19008617, 0.5344785 , 0.965401  ,
       0.65307433, 0.96891333, 0.33455   , 1.18241083, 0.        ,
       1.16050617, 0.1843375 , 0.0435505 , 0.35792483, 0.77231333,
       0.2117035 , 0.277226  , 0.64392633, 0.74621917, 0.39148367,
       0.28413333, 0.76206083, 0.25933767, 0.48724183, 0.88556433,
       0.7596065 , 0.452025  , 0.99748667, 0.45361517, 0.71330117,
       0.60917383, 1.5695005 , 0.581939  , 0.40431183, 0.36867283,
       0.20881183, 0.66063517, 0.21562717, 0.68715583, 0.31461983,
       0.77023517, 1.00080767, 0.23604983, 0.85761617, 0.90342717,
       0.51375317, 0.1725585 , 0.72402417, 0.5532445 , 0.31085933,
       0.62595983, 0.97686667, 1.70000483, 0.27862667, 0.16016283,
       0.43403633, 0.14479533, 0.1568505 , 0.91913117, 0.39774017,
       0.78509167, 0.89670117, 1.20688983, 0.30881317, 0.69031717,
       0.86319567, 0.96965117, 0.90555   , 0.24895667, 1.022747  ,
       0.40509617, 0.30967167, 0.316765  , 0.088499  , 1.051471  ,
       0.621861  , 0.69103917, 0.4563715 , 1.05821183, 0.49794883,
       0.49557767, 0.63372867, 0.12100433, 0.9480615 , 0.32130117,
       0.16822483, 1.17762483, 0.46342417, 0.1390615 , 0.22878117,
       0.26230783, 0.73852583, 0.14668817, 0.729756  , 0.2646895 ,
       0.220668  , 0.21501967, 0.411144  , 1.17593567, 0.28116967,
       0.83105783, 1.28482267, 0.765559  , 0.52323917, 0.24185117,
       0.09404717, 0.10677033, 0.09574183, 0.58090033, 0.48210983,
       0.72507683, 1.15978467, 0.60946983, 0.283983  , 0.50777117,
       0.2872695 , 0.392006  , 0.1121545 , 1.0540135 , 1.26843533,
       0.3406365 , 0.133365  , 0.29035333, 0.62231933, 0.36192133,
       0.575479  , 0.24569017, 0.28356867, 0.53284883, 0.66851633,
       1.19477517, 0.57126933, 0.22698283, 1.80635217, 0.16078467,
       0.44889183, 1.87070117, 0.68262417, 0.8635885 , 0.61657383,
       0.8811365 , 0.42965717, 0.3083375 , 0.7477785 , 0.39431917,
       0.58440033, 1.7904585 , 1.50879917, 1.0281265 , 0.36701167,
       0.41947683, 0.9925365 , 0.17737633, 0.36743883, 0.4211535 ,
       0.2287565 , 0.34076217, 0.419893  , 0.35946567, 0.274049  ,
       0.78700017, 0.52489767, 0.239471  , 0.521137  , 0.33095483,
       1.468094  , 2.03540433, 0.109078  , 0.557778  , 0.79373433,
       0.46314083, 0.06215317, 0.38217283, 0.50557967, 0.228602  ,
       0.75349   , 1.059026  , 1.809174  , 0.54373833, 0.42475167,
       0.2533885 , 0.56265867, 0.06860717, 0.56236333, 0.324192  ,
       2.2488025 , 0.21585767, 0.64143817, 0.15224767, 1.78607533,
       0.39153167, 0.90695467, 0.19670417, 0.31742917, 0.86964367,
       0.96828983, 1.057788  , 1.3146175 , 0.34575217, 0.29754833,
       0.68067183, 0.27586233, 0.42564117, 0.36562283, 0.294057  ,
       1.10920367, 0.2091395 , 0.30318217, 0.94281433, 0.23649467,
       0.236987  , 0.18152767, 0.6929205 , 1.30860817, 1.07620083,
       0.24550867, 0.20027183, 0.11709233, 0.690138  , 0.72876233,
       0.33543   , 0.38532667, 0.71118933, 0.55293767, 0.456521  ,
       0.44620767, 0.8571975 , 0.87348917, 0.27869567, 0.54121767,
       0.47868317, 0.2425735 , 1.75677267, 0.57740533, 0.2009865 ,
       0.29432333, 0.34562067, 0.49501133, 1.01024267, 0.44378217,
       0.35312933, 0.29006483, 0.65709117, 1.4829315 , 0.17675517,
       0.980707  , 0.17985117, 0.51819033, 0.22229633, 0.36444467,
       0.28338367, 0.27733833, 0.46605033, 0.893721  , 0.6217185 ,
       0.21216767, 0.34152017, 1.85199533, 2.04560417, 0.058679  ,
       0.64778233, 0.83119683, 0.770428  , 0.28519217, 0.43173767,
       0.29766417, 1.12681933, 0.47692   , 1.28035267, 0.2869205 ,
       0.51064433, 0.395318  , 0.26029767, 0.215051  , 0.344877  ,
       0.58657433, 0.2599265 , 0.21987467, 0.642334  , 1.72835717,
       0.92045   , 0.33833633, 0.62092417, 1.24139767, 0.17091983,
       0.696464  , 1.18256067, 0.70678367, 0.634071  , 1.336737  ,
       0.7236265 , 0.48312367, 0.75722717, 0.340701  , 0.25916667,
       0.50896533, 0.51233917, 0.230495  , 0.29401633, 0.51005367,
       0.30996983, 0.38675717, 0.36072067, 0.79945633, 0.37430933,
       0.502509  , 0.18391867, 0.26844233, 0.49487983, 0.57789   ,
       0.794102  ]), 'delta_distances': array([4.15825233, 1.401473  , 1.07246   , 1.983743  , 0.908879  ,
       1.92013533, 0.986777  , 1.715416  , 1.07339867, 3.38266433,
       1.856038  , 1.28138833, 1.29325633, 1.92962   , 1.08458   ,
       0.95666533, 0.76591733, 3.51413633, 1.812195  , 0.894207  ,
       2.890553  , 0.899398  , 1.26781533, 2.92125233, 0.81534833,
       0.949302  , 0.76029167, 1.98827967, 0.64666167, 1.34632767,
       0.885986  , 1.63412333, 1.01272433, 0.864864  , 3.24192   ,
       0.96335733, 4.14082033, 1.11062433, 2.37007833, 2.188515  ,
       1.443737  , 3.395196  , 1.40525067, 1.28518567, 1.54265233,
       1.668144  , 1.73145667, 1.661403  , 2.44679567, 2.28883867,
       0.75237833, 1.31581633, 0.60157767, 1.712616  , 1.043     ,
       1.36594533, 3.31250767, 1.668738  , 1.704408  , 1.07778533,
       0.644321  , 0.99743967, 0.98189033, 1.291952  , 1.47910033,
       1.35976933, 1.73457433, 0.62113767, 1.68821833, 1.42123867,
       1.223063  , 1.96550067, 1.36310067, 2.880717  , 0.70071233,
       0.61132467, 1.479406  , 1.27294833, 1.23495333, 1.31105567,
       1.655054  , 1.409203  , 1.77983133, 1.394344  , 0.81591333,
       0.96792   , 0.84067333, 2.19145367, 1.627068  , 0.88853533,
       1.06567733, 1.39724367, 0.87187167, 2.546879  , 1.45778267,
       0.92742833, 1.81804867, 0.97701333, 2.045236  , 1.66884167,
       0.501664  , 0.976111  , 1.799847  , 1.30279167, 0.73169267,
       2.67045267, 1.32037567, 2.45705633, 1.49188   , 1.09481167,
       1.99125333, 2.054026  , 2.10381   , 1.068958  , 1.63228833,
       1.30490467, 0.961325  , 1.47424833, 1.205791  , 1.068097  ,
       1.602501  , 1.64071667, 1.11869633, 2.18328533, 2.203941  ,
       1.84934333, 2.00500767, 2.15892533, 1.91553   , 1.49685433,
       3.298579  , 1.013449  , 1.26789567, 2.56372667, 1.68724533,
       1.68536433, 1.44519133, 1.09635633, 2.998951  , 3.04903033,
       2.834643  , 0.518022  , 0.91601767, 1.41494867, 0.99544867,
       0.96563267, 1.45039033, 1.077992  , 1.118535  , 1.49421367,
       1.643505  , 1.16403167, 1.44054   , 0.85647167, 1.19791167,
       1.11819167, 1.23024367, 0.78149533, 1.56586667, 1.57905167,
       0.735698  , 3.08998867, 1.55909133, 1.71199833, 1.84880867,
       2.164076  , 1.84345667, 1.13740667, 2.08595967, 0.975756  ,
       1.268143  , 0.92160733, 1.81625867, 1.33697367, 2.44087633,
       1.09482   , 0.75599667, 2.37049333, 1.229191  , 0.78363967,
       0.737634  , 1.42854633, 1.289279  , 2.81477333, 0.90648567,
       1.34559733, 1.04027533, 1.969733  , 2.162412  , 2.09736467,
       1.59095267, 0.79098767, 1.57439833, 2.80049267, 1.14271633,
       2.11456167, 1.482917  , 1.43262167, 3.58145867, 1.51848633,
       1.286085  , 1.897067  , 0.787365  , 0.943075  , 1.22269267,
       1.56565433, 3.58608067, 1.02942933, 2.00957333, 1.27739267,
       1.86912367, 1.24052433, 1.88860367, 0.863834  , 2.998928  ,
       1.51345567, 0.800307  , 1.11039033, 1.70331   , 1.408216  ,
       2.62265067, 2.20294367, 1.34720133, 1.814719  , 1.592254  ,
       1.53175367, 0.967499  , 1.12643167, 3.71977333, 1.59819367,
       1.19700733, 0.74841667, 1.04734567, 0.77813833, 1.817006  ,
       1.99452733, 0.98453433, 1.42753767, 1.283643  , 1.002622  ,
       1.08279833, 1.02926133, 2.03988967, 1.05679033, 0.492195  ,
       3.86540933, 1.30161533, 1.15889267, 0.71791433, 0.716632  ,
       1.10294633, 2.40123   , 1.73951033, 2.40551633, 1.487195  ,
       2.01388633, 0.68291733, 1.332973  , 0.55390233, 0.88893233,
       0.655234  , 1.60478733, 0.81558767, 1.40212567, 0.85039633,
       2.36455233, 0.86264233, 0.85572167, 2.186804  , 1.14908867,
       1.625408  , 1.18275367, 1.42748   , 2.95842533, 1.10225   ,
       1.43490867, 1.66252033, 0.74811067, 0.583639  , 1.058222  ,
       1.409356  , 1.760527  , 1.06181667, 1.59955767, 1.37691   ,
       1.14714233, 0.65517   , 1.98633667, 1.162228  , 0.92162567,
       1.29267667, 2.366776  , 1.056578  , 2.68632967, 0.859261  ,
       0.98278433, 1.04060633, 1.588656  , 2.38285233, 0.839061  ,
       2.21806033, 0.81533967, 2.08707733, 0.97707267, 1.313976  ,
       0.86540867, 0.750209  , 1.36638333, 1.770523  , 0.58052067,
       1.081744  , 0.74278   , 2.21522833, 0.79565167, 0.98794333,
       1.089173  , 1.117855  , 0.992719  , 1.153902  , 2.248833  ,
       1.353187  , 1.59545033, 0.78259133, 0.84061567, 0.848858  ,
       1.97255833, 1.45067533, 1.74122033, 1.35038967, 0.70012233,
       1.45700233, 2.152308  , 0.85270267, 0.80147033, 1.28367367,
       2.18676067, 1.70891933, 1.42627333, 1.31910633, 1.58364633,
       1.33918533, 1.19914   , 0.94088567, 2.49093267, 1.34044067,
       1.15859467, 2.42592933, 1.28501067, 3.095679  , 2.51641   ,
       0.90824467, 1.501763  , 2.383296  , 1.08060133, 0.917045  ,
       1.96439033, 1.44311433, 1.91152267, 2.36412233, 2.029197  ,
       3.60785533, 0.981318  , 1.20551633, 1.46468667, 0.98607767,
       1.50004033, 2.25615633, 1.07393167, 1.39451   , 1.32536367,
       1.37591233, 2.65191333, 0.63062133, 1.98367367, 0.87264167,
       1.390421  , 2.10233467, 3.06742733, 2.27075533, 0.68954133,
       2.27369467, 0.87170767, 1.303214  , 1.83944467, 2.53740067,
       2.12747133, 1.42306333, 1.30572567, 1.30194933, 2.299263  ,
       1.18100333, 1.463812  , 1.547609  , 1.47830233, 0.56379033,
       0.87780233, 0.83641767, 2.19643233, 1.387228  , 2.13520767,
       1.334975  , 0.56119267, 1.02414667, 1.634922  , 1.85244967,
       2.96426367, 1.20691967, 1.46328233, 2.11132967, 3.14920667,
       2.41572367, 1.39888933, 1.75522167, 1.21180767, 1.26684267,
       1.02495033, 1.156852  , 3.14250833, 1.53878767, 1.320576  ,
       0.81847   , 1.93730433, 2.915256  , 1.059417  , 0.84648533,
       1.16649367, 2.00656967, 1.76582033, 1.21473833, 0.777322  ,
       2.51297867, 1.11568833, 0.79632267, 2.816515  , 2.01803267,
       5.287216  , 1.747648  , 1.135884  , 0.82365967, 1.079731  ,
       1.92801067, 2.24398333, 1.02317467, 2.998243  , 1.50351467,
       1.84990333, 1.053283  , 0.687316  , 3.46126067, 1.863896  ,
       2.127324  , 1.15357933, 1.03986733, 1.206779  , 1.45625967,
       1.579516  , 1.18618867, 2.66721167, 1.732071  , 1.45541533,
       1.30727533, 0.97482567, 1.77916033, 1.714651  , 1.86503733,
       2.37186533, 0.87516933, 2.465986  , 1.37656233, 0.755966  ,
       0.68161667, 1.15483133, 1.465902  , 1.240468  , 1.30919967,
       0.789769  , 0.854865  , 1.47219333, 0.95967367, 2.38257967,
       1.283445  , 0.807926  , 1.447858  , 1.87416767, 0.905209  ,
       2.00846233, 1.575029  , 1.279423  , 1.18139533, 3.58150933,
       1.244768  , 2.39789233, 1.71710333, 1.326743  , 0.696951  ,
       1.64067433, 1.38303133, 1.00895933, 1.20469933, 0.90658433,
       0.997115  , 1.11835633, 1.54392167, 1.36763933, 1.15940367,
       0.71841   , 1.67666567, 1.56832233, 1.59988933, 3.12090733,
       1.709717  , 1.39035233, 1.25679133, 2.31003567, 1.59423867,
       2.25466767, 1.43261833, 2.40651833, 1.36428667, 1.687249  ,
       0.71159167, 2.458356  , 1.93486733, 1.266748  , 0.86581167,
       0.95472133, 1.37604333, 1.452867  , 1.33111067, 1.02416633,
       1.21867167, 2.788505  , 1.48437067, 1.47257433, 1.870135  ,
       0.52670167, 2.118328  , 1.738666  , 0.90460933, 1.71750233,
       1.51868867, 0.69881767, 1.221231  , 2.53950867, 0.964871  ,
       0.669944  , 1.210494  , 2.340343  , 1.73643667, 1.12231933,
       1.97936633, 1.065694  , 1.339948  , 1.59817733, 1.133545  ,
       1.621348  , 0.663875  , 1.44506367, 1.91646967, 1.895638  ,
       2.75235267, 1.48882833, 1.63207167, 0.89580033, 1.177282  ,
       1.09011433, 1.04979267, 0.918052  , 0.86350867, 1.431626  ,
       2.53737967, 1.31214233, 0.78734567, 1.39799133, 1.02688967,
       0.947055  , 0.97043933, 1.450317  , 1.55703333, 1.06876033,
       1.69123867, 2.150551  , 2.38733433, 1.27695667, 0.92693467,
       0.639753  , 2.20023067, 2.609042  , 3.04498933, 1.13039733,
       1.31107233, 0.87843533, 2.37915867, 0.98923067, 1.395428  ,
       4.146269  , 1.42058233, 0.996497  , 2.708038  , 1.02420067,
       0.942016  , 1.09151567, 0.79433833, 1.92767067, 2.62418633,
       1.23979267, 3.32969033, 0.95795933, 1.821076  , 0.        ,
       3.06486133, 0.964749  , 0.45917167, 1.05231467, 1.86025767,
       0.86368333, 1.154873  , 1.826244  , 2.74345133, 1.47821967,
       1.140696  , 1.47273467, 0.80665067, 1.117781  , 2.367635  ,
       2.28621533, 1.573103  , 2.13928733, 1.11045767, 1.63526267,
       1.96337433, 2.39087433, 1.61433967, 1.08983033, 1.16291467,
       0.988091  , 1.068626  , 1.05138533, 1.87296867, 0.98180333,
       1.38037833, 2.565426  , 1.19310867, 1.54729767, 2.226253  ,
       1.43843767, 0.861491  , 2.222839  , 1.60025033, 1.661852  ,
       2.34019467, 2.61317767, 3.50855967, 1.26009267, 0.77808633,
       1.45201833, 0.85399767, 0.82390967, 1.87381033, 1.530439  ,
       1.07172133, 2.34750333, 2.86808767, 0.940597  , 1.37438533,
       3.02785133, 2.34559967, 1.75082167, 1.09702767, 2.27191633,
       1.756806  , 0.808522  , 1.20921467, 0.703327  , 2.05707   ,
       1.52925367, 1.01813833, 1.84115633, 2.18827167, 1.405315  ,
       1.929643  , 1.38956433, 0.80456   , 1.74527733, 1.45915733,
       0.816718  , 3.01912533, 1.212274  , 0.62147833, 1.02477667,
       1.815586  , 2.08271533, 0.78363733, 1.99869933, 0.98292867,
       0.90463633, 1.363631  , 1.26162033, 2.77036467, 1.08786933,
       1.870995  , 2.04416267, 2.79741567, 1.38058733, 0.97091267,
       0.98831333, 0.51240367, 0.67641767, 1.71200067, 1.48607867,
       2.511279  , 3.86143067, 1.208664  , 1.01042867, 1.83877067,
       1.14799167, 1.089742  , 0.45093333, 2.835619  , 1.97542633,
       1.54258433, 0.64286367, 1.02686933, 1.79197967, 1.095887  ,
       1.12011467, 0.90612167, 0.98268167, 1.55589767, 1.832749  ,
       2.77252733, 2.21726267, 1.24097567, 2.37014867, 0.915972  ,
       1.09431333, 2.358069  , 2.64832667, 1.384648  , 1.985263  ,
       2.93149433, 2.01692133, 0.77649267, 2.33431833, 1.20818667,
       1.62675333, 2.84597667, 4.78777567, 1.71276233, 1.14006367,
       1.695924  , 1.266217  , 1.07645167, 1.19632733, 1.83777967,
       0.810173  , 1.432935  , 1.433715  , 0.981965  , 1.24325767,
       1.63903967, 1.84661767, 0.97338233, 1.26443033, 1.11862333,
       2.744871  , 4.723942  , 0.684732  , 1.93347   , 2.00168167,
       2.01917033, 0.22761433, 1.452293  , 1.710319  , 1.360723  ,
       1.93921067, 2.522137  , 3.25819233, 1.80435467, 1.332017  ,
       0.55344567, 1.31115433, 0.528572  , 1.188486  , 1.355973  ,
       2.72584367, 1.38727133, 1.483163  , 1.16425533, 2.58951667,
       1.34784567, 1.81084333, 0.729523  , 1.64676667, 1.597175  ,
       2.870588  , 2.474059  , 2.19472633, 0.88071667, 1.08729333,
       1.53373967, 0.78874733, 1.94278467, 1.381503  , 1.11640967,
       2.14123833, 0.81582933, 1.15975333, 2.38723   , 0.92283333,
       1.231692  , 0.87450467, 1.06955733, 3.447447  , 1.954364  ,
       0.882266  , 1.31679933, 0.76150767, 1.89182433, 1.47077733,
       1.06823167, 1.74875533, 1.71452867, 1.65681333, 1.17544633,
       0.72443433, 2.24394767, 1.53055933, 1.017579  , 1.549184  ,
       1.45984433, 0.69847467, 3.05023267, 1.42283633, 0.928706  ,
       0.94551533, 1.06740833, 1.083327  , 2.04549167, 1.57296267,
       0.957613  , 0.79727733, 2.24886467, 2.227496  , 0.95306167,
       1.98732167, 0.98872   , 1.54734667, 0.891795  , 1.18752367,
       0.89319433, 0.98833567, 1.16592067, 1.98763767, 1.61122167,
       0.69418433, 1.41486633, 2.87492967, 2.44725   , 0.552492  ,
       1.76597567, 1.86735867, 1.35584267, 1.22901433, 1.21288633,
       1.24624533, 3.016503  , 1.75047067, 2.38220767, 0.65073533,
       1.97567033, 1.55368333, 0.85648967, 0.98792167, 1.11975867,
       1.512684  , 0.95107733, 1.09729333, 1.09526067, 2.12901033,
       2.43256633, 1.56895267, 2.49494   , 2.73161033, 0.807939  ,
       1.68762067, 2.153018  , 1.377157  , 1.951239  , 2.29930333,
       2.18486467, 1.62621833, 1.57907133, 1.19696467, 1.613021  ,
       1.217998  , 1.663156  , 0.97137233, 0.87989167, 1.77772267,
       1.69611567, 1.22910033, 1.110564  , 1.878811  , 1.42546867,
       1.64491767, 0.886538  , 1.02281533, 1.51308467, 1.22229767,
       1.92735033]), 'locations': array([17,  4,  5,  5,  5,  7,  4,  6,  7,  5,  7,  5,  5,  3,  5,  5,  5,
       17,  6,  4,  4,  5,  4,  8,  5,  4,  4,  6,  5,  5,  4,  8,  4,  5,
       14,  5,  5,  5,  5, 16,  3, 14,  5,  4,  5,  5,  6,  4,  4,  5,  5,
        6,  5,  6,  4,  4, 16,  3,  4,  5,  4,  5,  4,  4,  6,  4,  7,  5,
        6,  7,  4, 17,  4,  6,  5,  6,  4,  4,  4,  7,  7,  5,  4,  4,  5,
        6,  4,  5, 15,  4,  4,  5,  4,  6,  3,  5,  6,  7,  6,  5,  5,  3,
        5,  5,  7,  6,  4,  3,  5,  6,  4,  7, 16,  5,  5,  5,  5,  5,  6,
        5,  5,  4,  5,  5,  5,  4,  8, 17,  3,  7, 13,  5,  5,  4,  4,  7,
        5,  6,  5,  6,  6,  5,  4,  5,  5,  4,  6,  5,  5,  4,  5,  5,  5,
        5,  7,  5,  5,  5,  4,  4,  4, 12,  4,  3,  4,  7, 14,  5,  7,  5,
        4,  4,  6,  4,  5,  4,  5,  6,  5,  8,  5,  5,  7,  5,  5,  4,  4,
        4,  7,  4,  5,  4,  5,  6,  4,  4,  5,  6,  4,  5,  5,  7,  4,  4,
        3,  6, 12,  5,  5,  4,  4,  5, 16,  5,  5, 16,  7,  7,  8,  5,  5,
        5,  5,  7,  6,  5,  5,  5, 14,  4,  6,  4,  5,  5,  5,  4,  4,  5,
        4,  4,  4,  5,  5,  5,  5,  5,  5,  6,  6,  4,  7,  2, 14,  6,  4,
        5,  4,  5,  5,  5,  4,  5,  5,  6,  5,  4,  7,  5,  6,  5,  5,  4,
        4,  8,  6,  5,  4,  4,  5,  4,  4, 15,  4,  4,  4,  4,  5,  5,  6,
        4,  6,  3,  4,  8,  4,  3,  6,  8,  6,  5,  4,  4,  4,  7,  5,  4,
        5, 16,  6,  4,  4,  5, 17,  4,  5,  7,  5,  6,  5,  7,  4,  5,  5,
        5,  5,  5,  3,  4,  5,  4,  6,  5,  5,  4,  5,  8,  2,  5,  6,  5,
        4,  5,  4, 16,  5,  5,  6,  6, 15,  6,  6,  4,  4,  4,  5,  5,  6,
        4,  6,  6,  9,  5,  5,  5,  5,  6,  4,  4,  4,  4,  4,  6,  4,  7,
        5,  3,  6,  6,  6,  4,  4,  4,  6,  7,  8,  5,  4,  4,  3,  5,  4,
        4,  5,  4,  3,  5,  5,  4,  5,  6,  5,  7,  5,  3,  5,  6,  4,  4,
        4, 13,  5,  5,  3,  5,  4,  5,  5,  6,  5,  5,  5,  7, 14,  4,  5,
        4,  5,  3,  4,  4,  6,  5,  5, 16,  6, 17,  6,  7,  4,  5,  6,  6,
        4,  8,  7,  4,  5,  7,  4,  4,  4,  7,  4,  6,  4,  7,  4,  5,  5,
        7,  5,  4,  5,  6,  5,  4,  5,  7,  4,  4,  5,  4, 17,  5,  4,  5,
        5,  5,  7,  5,  5,  4,  5,  4,  5,  3,  4,  5,  5,  6,  5,  6,  4,
        7,  5,  5,  6,  4,  6,  4,  5,  6,  5,  5,  7,  5,  4,  4,  5,  4,
        5,  5,  5, 13,  6,  6,  4,  4,  4,  6,  5, 11,  2,  5,  4,  5,  5,
        8,  6,  7,  4, 13,  5,  4,  4,  4,  4,  7,  5,  7,  6,  5,  5,  3,
        4,  5,  6,  5,  5,  7,  7,  6,  5,  6,  5,  5,  5,  4,  4,  3,  5,
        5, 16,  6,  5,  6,  5,  5,  5,  5,  5,  7,  4,  4,  5,  5,  4,  4,
        6,  6,  6,  7, 14,  6,  4,  6,  5, 14,  5,  5,  5,  4,  5,  4,  5,
        6,  5,  4, 13,  4,  5,  6,  5, 13,  6,  2, 17,  5,  4,  4,  6,  5,
        5,  6,  6,  5,  5,  4,  7,  3,  5,  4,  5,  8,  3,  4,  4,  3,  5,
        5,  4, 17,  5, 14,  5,  5,  5,  5,  7,  4,  5,  6,  5,  3,  6,  6,
        5,  6,  4,  5,  6,  6,  7,  5,  5,  4,  4,  4,  8,  5,  5,  5,  5,
        5,  5,  6,  5,  5,  5,  7,  5, 14,  5,  5,  5,  5,  5,  6,  4,  5,
        4,  3,  4,  6,  5,  4,  6,  5,  5,  4,  6,  4,  5,  5,  5,  5,  4,
        4,  7,  5,  5,  5,  6,  4,  4,  5,  5,  5,  5,  6,  6,  6,  4,  4,
        5,  5,  4,  5,  4,  4,  5,  4,  4,  5,  4,  5,  4,  4,  7,  5, 11,
        5,  4, 11,  5,  4,  6,  3,  3,  7,  5,  4,  5,  6,  4,  5,  7,  6,
       10,  4,  5,  4,  4,  5,  6,  4,  5,  5,  6,  4,  6,  5,  5,  4,  5,
       13,  6,  5,  7,  7,  6,  5,  4,  7,  6,  5, 15,  5,  5,  6,  4,  4,
        5,  5,  5,  5,  4,  6,  5, 17,  4,  6,  5,  4,  4, 14,  8,  7,  4,
        7,  5,  5,  4,  5,  5,  5,  5,  5,  6,  5,  5,  7,  3,  5,  4,  5,
        4,  5,  6,  5,  5,  4,  5,  6,  7,  5,  5,  6,  5,  6,  4,  5,  2,
        5,  5,  4,  7,  4,  3,  5,  5,  5,  4,  7,  5,  4,  5,  5,  6,  7,
        5,  5,  5,  7,  4,  4,  4, 11,  2,  5,  5,  5,  6,  6,  4,  4, 13,
        5,  7,  5,  5,  5,  5,  5,  5,  5,  6,  4,  5,  8,  3,  4,  5, 14,
        5,  4,  7,  6, 14,  2,  5,  5,  5,  5,  6,  7,  4,  5,  4,  6,  5,
        4,  5,  5, 17,  6,  5,  4,  7,  5,  5])}, {'ts_index': 152, 'loc': 7, 'gap': 0.5847749051890045, 'distances': array([2.280086  , 0.50160317, 0.86519983, 1.30200633, 2.6590345 ,
       0.64159217, 0.6786705 , 1.6617545 , 1.4862775 , 1.367607  ,
       2.557668  , 1.156198  , 1.57305517, 2.06124983, 1.60942967,
       1.9941895 , 1.23869533, 1.07529267, 1.73874867, 3.13721433,
       1.6984085 , 3.01219667, 0.        , 1.64836317, 1.32071233,
       0.9307125 , 1.27673317, 2.43924517, 3.06271433, 1.65075783,
       2.5590845 , 0.68096167, 1.82315133, 1.86717967, 1.2596105 ,
       0.8805    , 2.45501417, 1.03955917, 0.96362733, 0.43952567,
       1.9220295 , 1.33382517, 2.6448015 , 0.5362105 , 1.69055183,
       1.15324633, 0.66742667, 0.68029533, 1.96195717, 2.44971867,
       2.5566745 , 1.42398667, 1.736234  , 0.90280133, 1.824278  ,
       1.7303905 , 0.7713845 , 0.64368217, 1.37976667, 1.08020533,
       1.93035483, 1.27299917, 0.96665967, 0.341619  , 1.567741  ,
       2.65428117, 1.12263867, 0.77835467, 0.67427533, 2.22998967,
       1.6043135 , 1.06787567, 1.504877  , 2.91706983, 2.3951025 ,
       1.15401133, 3.087916  , 2.16184033, 1.0457185 , 1.733916  ,
       1.62040467, 2.1128795 , 2.180079  , 1.72111717, 1.62010667,
       1.9846145 , 0.51455667, 1.17613917, 1.08349917, 1.56672583,
       1.12344117, 1.83346267, 0.450969  , 1.36007967, 1.15992917,
       0.653625  , 1.23877667, 2.20843833, 1.249774  , 2.37203917,
       1.7423105 , 0.92269167, 1.79726483, 0.92320683, 2.83647717,
       2.79560867, 0.85058083, 2.56813783, 0.05915017, 0.2100965 ,
       2.24990667, 1.77680517, 0.85254167, 1.510987  , 1.41738983,
       0.42294917, 0.46621717, 1.61618683, 1.5078325 , 2.06273033,
       1.18282033, 1.60148067, 1.39535533, 0.4531995 , 1.05884817,
       0.52480333, 2.70229917, 0.94630983, 1.1067455 , 0.4289075 ,
       0.51085033, 1.08703533, 0.201806  , 0.59593483, 2.132111  ,
       1.99894917, 1.15421367, 1.11438233, 2.39344167, 1.3387805 ,
       1.31262533, 1.98010433, 1.84314817, 1.61693267, 3.1488325 ,
       2.46975817, 0.9758605 , 2.24368583, 0.79028217, 0.83934067,
       1.04411833, 1.47503417, 2.19438067]), 'delta_distances': array([3.73893167, 2.384823  , 2.49015733, 2.74479833, 6.245837  ,
       2.969316  , 2.483724  , 4.69018667, 3.67320033, 4.41791733,
       4.62253333, 2.36602333, 4.73792733, 6.767183  , 3.96277767,
       4.823079  , 4.08621767, 2.54337167, 4.025016  , 5.94540633,
       6.13681267, 3.89308867, 0.        , 4.54461433, 3.48790333,
       1.739731  , 3.04868067, 6.06865733, 5.19034467, 3.78516333,
       5.187434  , 1.80612333, 3.359956  , 2.66112567, 3.253783  ,
       3.14822967, 3.750848  , 2.75879367, 3.06187367, 1.38591467,
       4.288439  , 2.94272433, 4.40046533, 1.80774433, 4.04580733,
       3.931444  , 2.67798933, 2.521274  , 6.564708  , 4.99310033,
       6.56030767, 4.15925467, 3.61991667, 3.08924433, 4.04206067,
       4.337602  , 2.45091033, 3.099485  , 2.45125833, 3.43052967,
       2.73051833, 2.302519  , 2.935494  , 1.482111  , 3.91605233,
       5.09427967, 2.91557367, 3.01636767, 2.61534933, 4.27144467,
       3.88974533, 3.66887767, 2.73658067, 6.127076  , 4.314006  ,
       3.05417167, 4.95032533, 4.03415867, 3.84689233, 3.761296  ,
       2.76697567, 5.86188233, 3.75556267, 4.060569  , 3.96353533,
       3.581143  , 2.488514  , 1.84718567, 2.57020933, 3.722901  ,
       3.55117933, 5.19243   , 1.65259733, 2.71724467, 4.23613233,
       2.11690367, 3.78126   , 3.91758367, 1.82939167, 4.90709567,
       3.13970667, 3.13987267, 4.49204067, 3.26353333, 6.658294  ,
       7.01487133, 3.31780533, 4.40863967, 0.38718233, 1.47237333,
       4.51116533, 3.15841567, 2.82477333, 3.955897  , 4.562929  ,
       2.159014  , 1.783509  , 3.942168  , 1.46649833, 4.90058767,
       2.53012033, 2.81473167, 3.455303  , 1.652022  , 3.22359633,
       3.04749033, 5.27433567, 2.75687767, 2.273605  , 1.85215767,
       1.885189  , 4.068484  , 1.24410733, 3.52808833, 5.74188267,
       3.63137133, 3.001419  , 3.56067867, 4.41028333, 3.37456767,
       3.62912333, 3.164023  , 4.20171867, 2.969204  , 4.942365  ,
       4.356556  , 4.43507   , 5.024201  , 2.381635  , 3.53878533,
       3.97257167, 4.25630333, 4.391611  ]), 'locations': array([ 5,  6,  9,  7, 14, 17,  8,  7,  7,  7,  1,  8,  8,  9,  6,  8,  8,
        9,  9,  7,  7,  6,  7,  7,  7,  7,  8, 15, 15,  6, 17,  8, 10,  7,
       10,  8,  6, 17,  7, 12,  9,  9,  9,  9, 11,  8,  8,  7,  8,  9, 17,
        5,  9,  6,  0,  9,  8,  8,  8,  6,  7,  7,  8,  8,  5, 16,  9,  9,
        8,  6,  8,  7,  6, 14, 12,  7, 17, 10,  6,  7,  5,  6, 10,  8,  8,
       11,  8,  9,  9,  6,  6, 14,  6, 11,  7,  6, 14,  8,  8,  8,  7,  8,
       10,  8,  6,  8,  8,  9,  8,  6,  9,  7,  6,  7,  8,  7,  8,  7,  6,
        6, 10, 11,  7,  7,  8,  8, 12,  7,  7,  8,  7,  7,  7,  8, 15,  6,
       10,  7,  8,  8,  6,  8,  9,  7,  4,  0,  8,  7,  9,  8,  9,  8,  8])}, {'ts_index': 1, 'loc': 15, 'gap': 0.3083773772706806, 'distances': array([0.        , 1.2136935 , 1.6136565 , 0.42200067, 0.80280667,
       0.87347383, 1.66628133, 0.58235267, 0.3436105 , 0.41489033,
       0.90072483, 0.628129  , 0.938021  , 0.48310233, 0.3081025 ,
       0.22405683, 1.225861  , 0.63913317, 0.21012717, 0.5331135 ,
       0.20553817, 0.67230583, 0.38010333, 0.20549467, 0.94802867,
       0.99954067]), 'delta_distances': array([0.        , 3.17220433, 3.31277   , 1.98929967, 5.325076  ,
       3.24241467, 2.60333833, 2.40624233, 1.02562467, 2.06156367,
       2.28257067, 1.86585867, 2.43144367, 1.530875  , 1.522748  ,
       1.17065867, 3.44585767, 1.66525167, 1.23078033, 1.67324633,
       1.052075  , 3.091951  , 1.22290367, 1.45219133, 3.693235  ,
       2.28920567]), 'locations': array([15, 10,  0,  0, 15,  8, 13,  0, 14, 10, 11,  8, 13,  2,  7, 10,  9,
       10, 11, 10, 10,  1, 15, 14, 15, 10])}], 'clusters': array([1, 4, 2, ..., 2, 2, 2]), 'time': 124.44938611984253}
lenSubsequence: 8{'RI': 0.5005132820051328, 'num_clusters': 5, 'uShapelets': [{'ts_index': 1013, 'loc': 7, 'gap': 0.4076834639862421, 'distances': array([1.1459945 , 0.589561  , 0.211894  , ..., 0.457113  , 0.59129175,
       1.55800262]), 'delta_distances': array([2.1307295 , 1.27543925, 1.270244  , ..., 2.06239475, 1.7528285 ,
       2.24463   ]), 'locations': array([ 8, 12, 13, ..., 11,  9,  8])}, {'ts_index': 711, 'loc': 1, 'gap': 0.9373748028578657, 'distances': array([5.38538363, 4.73050625, 5.08296487, 4.09654012, 4.27807788,
       3.49387863, 1.31862887, 5.47323825, 5.323123  , 4.86076525,
       4.78722   , 7.14669363, 5.55085575, 6.75343462, 3.34305125,
       3.09681263, 4.45607412, 5.06948013, 3.57534525, 4.35902287,
       3.06270438, 2.351238  , 4.47362587, 4.81809825, 2.5917915 ,
       4.53898325, 4.81748712, 3.74002012, 1.56270225, 5.69269837,
       5.5636725 , 7.05644612, 4.71680438, 4.90069812, 4.95578987,
       5.28321087, 7.26395362, 3.55343012, 5.25594625, 3.9566485 ,
       3.39819237, 5.68488562, 2.66672888, 6.87493412, 4.5023535 ,
       5.0446945 , 5.6642645 , 5.30827725, 5.913759  , 5.50835262,
       5.09309225, 3.9766875 , 5.50511725, 3.07755   , 4.35201413,
       5.81589538, 4.43097625, 5.02341975, 6.39873375, 6.00464025,
       3.04126575, 6.666565  , 3.98901613, 6.45966787, 6.0836985 ,
       5.6732785 , 1.39108813, 5.19890487, 5.65173212, 2.835936  ,
       5.2694105 , 2.368597  , 1.23486925, 5.85632875, 4.91637712,
       5.28333487, 4.61693962, 5.82981163, 4.53414838, 5.49836213,
       5.44180287, 4.30431275, 2.6320135 , 4.05963338, 4.71411187,
       5.38346888, 4.72479375, 3.96939412, 3.81050737, 4.95039037,
       4.3995285 , 4.91199837, 4.39187575, 2.2322905 , 4.74048212,
       4.008608  , 3.70787862, 4.9989305 , 5.85606   , 4.2676465 ,
       5.32782762, 4.352945  , 5.69430275, 4.7822625 , 2.24058013,
       4.60428612, 4.09696363, 5.87130062, 4.55382775, 4.46408763,
       8.04451412, 4.164951  , 4.98763412, 5.95587225, 3.59395325,
       4.783343  , 5.46540037, 2.65700725, 0.        , 6.30090875,
       5.57792812, 3.7557735 , 5.98463175, 3.9917205 , 3.411873  ,
       3.21838275, 5.298749  , 6.43981587, 5.19659487, 4.39748475,
       5.03656812, 5.08422863, 4.8512045 , 7.77482237, 5.8159865 ,
       4.768706  , 5.44824812, 4.91886038, 4.68410725, 4.91830737,
       4.27719687, 2.19427212, 6.18048875, 4.3622645 , 2.909356  ,
       6.65649313, 5.13845362, 2.10660775, 5.12461963, 5.78845938,
       5.44528262, 2.38228087, 4.2726405 , 6.82852425, 4.16274912,
       5.1785825 , 3.21910937, 5.89518675, 3.05265525, 3.2958365 ,
       6.43200788, 4.27711638, 5.41286638, 5.16902312, 2.52805788,
       5.277832  , 5.65644925, 4.58230662, 1.84268925, 5.326073  ,
       5.56979662, 6.295416  , 6.3656225 , 4.22075425, 4.81855587,
       3.7174595 , 3.6158695 , 5.39982675, 3.65628012, 3.03707975,
       5.80476575, 4.79991937, 3.46321825, 4.79317413]), 'delta_distances': array([4.5488565 , 3.68868575, 2.81791275, 2.97634   , 1.953939  ,
       2.53717225, 1.56954075, 3.15705575, 3.3741195 , 3.2801795 ,
       3.1972535 , 5.9770925 , 3.52418775, 2.2850985 , 1.83448025,
       3.35946975, 2.96449225, 3.189545  , 2.66422175, 4.370892  ,
       3.02766925, 3.18515275, 4.65444775, 3.029391  , 3.00991925,
       4.88139225, 2.78073175, 2.7650025 , 2.78798125, 3.7058095 ,
       3.4021765 , 3.3522285 , 2.36562325, 3.07616875, 2.5228045 ,
       4.1820235 , 6.1566855 , 4.6226225 , 2.5568355 , 4.49112925,
       3.2955415 , 5.50162375, 2.4557585 , 4.84566575, 4.666241  ,
       4.0917235 , 2.80288475, 3.299419  , 6.66912175, 5.9598605 ,
       5.2222355 , 2.668039  , 3.98566825, 3.015691  , 2.88939925,
       2.67198075, 2.18147975, 2.77418125, 3.15702125, 3.067833  ,
       2.00890825, 2.67913275, 2.15901775, 6.39903175, 3.55883425,
       2.630339  , 1.970332  , 3.6339145 , 3.77913075, 3.03690025,
       3.70442375, 2.82733425, 2.06644125, 2.38110675, 5.09792425,
       5.658602  , 2.67122475, 2.94427225, 3.53266475, 4.40896575,
       3.416406  , 2.233658  , 2.933499  , 2.430329  , 2.55823075,
       3.19455375, 2.752879  , 1.948711  , 3.09692175, 3.60287425,
       4.679771  , 2.553543  , 2.4074245 , 2.32338675, 1.68583775,
       1.6922155 , 1.98452875, 3.46611275, 3.73195325, 2.14161975,
       2.41355675, 4.35292125, 3.94642075, 2.1374245 , 2.0943195 ,
       4.0951    , 2.19952825, 4.86412025, 4.25889025, 5.65852   ,
       3.957713  , 3.06896175, 1.8519405 , 4.3111075 , 2.13582625,
       2.27609475, 2.25492675, 2.23722225, 0.        , 2.9993025 ,
       4.84878725, 2.790703  , 3.8712425 , 4.662645  , 1.94986475,
       4.1470905 , 3.88073825, 4.37116925, 2.93675975, 2.3000675 ,
       6.3756635 , 2.28319175, 3.3755825 , 4.64946225, 3.5677935 ,
       3.013609  , 1.88080825, 2.2869105 , 5.8376485 , 3.67353125,
       2.9407    , 1.737251  , 4.369098  , 3.459312  , 1.905128  ,
       6.21867125, 4.4901955 , 2.372161  , 4.163129  , 5.2089445 ,
       2.309095  , 2.84290175, 4.077269  , 2.33932175, 4.177764  ,
       2.83188825, 1.831143  , 3.58136675, 3.03736225, 3.89038675,
       2.53259925, 6.119243  , 3.99752925, 2.83813725, 2.44855775,
       4.03750625, 4.84745525, 3.8574    , 1.582944  , 3.3425025 ,
       4.61070275, 4.963976  , 3.580368  , 3.30370775, 3.94040325,
       3.91446775, 3.71296975, 3.2313675 , 2.28741375, 2.08237525,
       2.937524  , 2.708977  , 2.3988495 , 3.9055405 ]), 'locations': array([ 9,  9,  7, 10,  1,  0,  1,  0,  0,  8, 13,  0,  0,  1,  1,  2,  1,
        1,  1, 14, 13,  0,  0,  0, 11,  0,  1,  1, 12, 14,  8,  0,  0, 10,
        1,  4,  3,  9,  0,  0, 10, 11, 11,  8,  9,  1,  1,  9,  1,  7, 14,
        0,  1,  0,  9,  0, 12,  0,  2,  1,  1,  2,  0, 11, 10, 11,  0, 15,
        2,  9,  0,  0, 12,  0, 10, 14,  2,  1,  2,  2,  7,  0, 10,  0,  0,
        7,  2,  9,  7, 11,  3, 13,  0,  0,  0,  0,  0,  6,  0,  0,  0, 15,
        5,  0,  0,  0,  0,  0,  7, 12,  0,  1,  6,  9,  2,  0,  1,  1,  1,
        1,  1,  1,  1,  1,  0,  2, 13,  7,  2,  1, 13,  2,  7, 10,  9, 10,
        1,  1,  0,  1,  0,  0,  9,  0,  2,  8,  9, 12,  1,  8,  1,  0,  7,
       10,  2,  1,  0,  2, 12, 13,  0, 10,  8,  0, 11,  8,  1, 10,  1,  8,
       13,  0,  8,  2,  0,  2,  0,  0,  0,  9,  0,  0,  0,  0])}, {'ts_index': 140, 'loc': 11, 'gap': 0.4409989685362671, 'distances': array([0.460054  , 0.84950463, 0.48899687, 0.65331612, 0.47512625,
       0.76917888, 1.72632338, 0.76713487, 0.64411588, 0.40185137,
       1.30063775, 0.67332813, 0.5738115 , 0.5358525 , 2.58458875,
       0.41119175, 0.42954863, 0.        , 1.66854537, 0.34327363,
       2.35334488, 1.35068938, 0.564398  , 1.89644938, 1.39968475,
       0.82545025, 0.76603775, 0.41995825, 0.69698538, 1.31009212,
       0.58055025, 0.3184845 , 0.89783137, 2.18243388, 0.838787  ,
       0.52079012, 0.52552425, 0.5399385 , 0.51015013, 0.88278762,
       1.39098775, 0.3419085 , 0.19896838, 1.1085815 , 0.80116125,
       0.56206563, 0.51823812, 0.16846413, 1.02868   , 1.02226087,
       1.43173013, 0.4006065 , 0.1760595 , 1.18661525, 0.52153825,
       0.36614863, 1.66223925, 0.9184295 , 1.07492537, 0.56574875,
       0.97578175, 0.29698362, 2.76235538, 0.5080855 , 1.05941412,
       1.00395925, 0.60872163, 1.10862875, 0.57283425, 0.46079063,
       0.49927488, 0.18746138, 1.4426995 , 0.458569  , 1.1516995 ,
       0.2910575 , 1.56088612, 0.72649125, 0.51824713, 0.6224835 ,
       1.16636613, 0.5880405 , 0.34588875, 0.51471725, 1.42348337,
       1.29086562, 0.52762625, 0.36141312, 0.57748262, 1.76275075,
       0.6400915 , 0.34048488, 2.30236875, 0.35217413, 0.29849975,
       0.45753575, 0.77793925, 0.63155113, 0.498753  , 0.52545162,
       0.72470587, 0.84316575, 0.36241163, 0.22900213, 0.636131  ,
       1.36577425, 0.7760165 , 0.56551662, 1.38923225, 0.7360995 ,
       0.8409185 , 0.259994  , 0.81740163, 0.9152955 , 0.371783  ,
       0.30988975, 0.37509138, 1.43785963, 0.54981888, 0.432631  ,
       0.29071738, 1.61637937, 0.4996635 , 0.28966913, 0.316775  ,
       0.45218812, 0.7923325 , 0.58299087, 0.56359863, 0.4885995 ,
       1.68061663, 0.3084395 , 0.736567  , 1.76002137, 0.33533725,
       1.47270537, 0.79470788, 0.51177937, 1.05424375, 0.70708538,
       0.6864675 , 0.37791038, 0.60323888, 1.167641  , 0.634008  ,
       0.5729975 , 0.72130887, 1.33318762, 0.593096  , 0.43863375,
       0.55337287, 0.50048025]), 'delta_distances': array([1.40553425, 2.7734565 , 1.6915385 , 1.9757675 , 0.89538875,
       1.873345  , 2.12295325, 1.96276275, 2.033192  , 1.80905225,
       2.4295385 , 0.799224  , 1.42106125, 0.9087955 , 2.37415425,
       1.66152625, 1.32067825, 0.        , 2.161557  , 1.49335575,
       3.37888575, 1.97815625, 0.9817415 , 4.34122525, 3.04041475,
       2.133578  , 2.178593  , 0.96577525, 1.92016625, 3.014448  ,
       1.747755  , 1.58511275, 1.55638975, 2.33712075, 1.34391425,
       1.35442025, 1.16334   , 1.679542  , 1.19737225, 1.91856525,
       1.08617775, 0.915426  , 0.558505  , 1.9517625 , 1.386177  ,
       1.380385  , 1.7923685 , 0.81001175, 2.048696  , 1.59674   ,
       2.52134975, 1.251971  , 0.68998375, 1.81605225, 1.45167175,
       1.06829825, 1.61189875, 2.4254155 , 1.916817  , 2.04022175,
       2.5075435 , 0.93931225, 2.0551875 , 1.84135175, 1.51366675,
       1.24081725, 1.81007075, 2.48393575, 1.4589705 , 1.6130925 ,
       1.93247675, 0.68455675, 2.46177575, 1.0544125 , 2.01427225,
       1.354239  , 3.1993935 , 2.38577975, 2.4981155 , 1.54121775,
       3.7649555 , 1.2044525 , 1.53280675, 1.55698975, 2.66678425,
       1.69188775, 1.55451325, 0.90020725, 0.85509675, 1.62463375,
       1.69880575, 0.84415275, 2.69487625, 0.4898415 , 0.77347875,
       1.42196925, 1.860363  , 1.37812125, 1.08423625, 1.62479125,
       1.67555725, 3.089807  , 1.13619375, 0.66997725, 1.33873025,
       2.23844675, 2.66181075, 1.52051625, 2.126464  , 1.500038  ,
       1.287252  , 1.86161825, 1.1321365 , 1.2908215 , 1.20372975,
       1.20649625, 1.27532175, 1.22175675, 1.59117225, 1.4231615 ,
       0.7268645 , 2.16737625, 1.74436575, 1.2877845 , 0.844024  ,
       1.7448105 , 1.8348635 , 1.16293525, 1.86735275, 1.547847  ,
       1.938678  , 0.97681425, 1.17120975, 1.4507675 , 0.9181045 ,
       3.2782565 , 1.652023  , 1.409046  , 2.231441  , 1.58934575,
       1.32073125, 1.13196575, 1.84360175, 2.843138  , 2.028784  ,
       2.06498825, 1.782587  , 3.100195  , 1.9443615 , 1.533354  ,
       0.9526375 , 1.920383  ]), 'locations': array([12,  9, 10,  0,  0,  2,  0, 11, 10, 13, 14, 12,  9, 10,  0, 11,  0,
       11, 15, 10,  2,  0, 10,  8, 10,  0, 10, 10,  0,  0,  0, 11, 10,  9,
       10,  0, 11, 11,  9, 12,  0, 11, 10, 15, 11, 10, 12, 11, 10,  9, 10,
       10, 11,  8,  8, 13,  2, 10, 10, 10, 11, 11,  0,  0,  0, 10, 12,  9,
        0, 10, 10,  5,  0, 12,  0, 11,  9,  0, 11, 10, 15, 14, 11,  0,  9,
        9, 11, 11, 10,  0,  0, 11,  0, 11,  0,  0, 10, 11,  9, 10,  9, 15,
       11, 10, 12,  9, 11, 10,  0,  0,  0, 11, 10, 11, 10, 10, 11,  9, 13,
       10, 11,  9,  0, 10,  3, 11,  9, 10, 10, 10,  7, 11,  9,  0, 10, 10,
       10,  0, 10, 11, 11, 11,  0, 12, 11, 11, 10, 10, 12, 11, 13,  0])}, {'ts_index': 245, 'loc': 14, 'gap': 0.7114884042396659, 'distances': array([2.43583837, 1.30175113, 2.22959625, 2.985009  , 2.98056225,
       3.12232113, 3.78804213, 1.65649037, 0.        , 4.18442787,
       2.89594275, 1.98697525, 1.787629  , 1.310903  , 3.60417113,
       3.564076  , 2.06407963, 0.87728125, 2.46665837, 2.36142862,
       4.54005425, 3.4434085 , 2.15135175, 4.03027325, 2.447825  ,
       1.41262263]), 'delta_distances': array([3.15661825, 2.28109775, 3.68527475, 4.39685575, 5.9407955 ,
       4.4402175 , 3.97673325, 3.11104725, 0.        , 5.3735315 ,
       3.39351575, 2.2109965 , 2.777906  , 2.63483625, 3.74142425,
       3.866211  , 3.54463975, 1.35170825, 2.73318975, 2.7895045 ,
       5.730056  , 6.343067  , 3.20001025, 5.8912465 , 3.410166  ,
       2.95127075]), 'locations': array([ 9, 10,  9,  9, 11, 12,  5,  6, 14, 11, 10, 10, 10, 15, 10, 12,  9,
       10, 10,  8, 13, 12,  7,  4,  9, 11])}, {'ts_index': 1005, 'loc': 2, 'gap': 0.35280196101711925, 'distances': array([0.394894  , 0.393056  , 0.57766975, 0.731042  , 1.07075087,
       1.01682225, 0.        ]), 'delta_distances': array([0.84852   , 1.7152905 , 1.8669895 , 1.56976475, 1.14426075,
       2.16658725, 0.        ]), 'locations': array([2, 2, 3, 3, 2, 2, 2])}], 'clusters': array([3, 1, 1, ..., 1, 1, 3]), 'time': 64.59329175949097}
lenSubsequence: 10{'RI': 0.503666300036663, 'num_clusters': 4, 'uShapelets': [{'ts_index': 355, 'loc': 8, 'gap': 0.6171917118611046, 'distances': array([2.187805 , 0.7795677, 0.5894463, ..., 0.8907985, 0.647177 ,
       2.2329797]), 'delta_distances': array([2.9898728, 2.1813478, 1.6742228, ..., 2.383835 , 1.8630974,
       3.2020652]), 'locations': array([ 6,  9,  8, ..., 12,  9, 11])}, {'ts_index': 1009, 'loc': 3, 'gap': 0.6506460773690943, 'distances': array([2.1923663, 2.1489564, 1.780299 , 1.5175685, 1.7038963, 2.0166955,
       2.8422804, 3.7441529, 1.2315988, 0.8388789, 2.2692206, 2.5277782,
       1.4106383, 1.0743462, 1.1359155, 2.2832717, 2.5359957, 0.8944163,
       1.2586857, 1.499019 , 1.1263227, 1.4144628, 0.9097606, 2.298432 ,
       3.5889772, 2.7104058, 1.8068141, 1.2527668, 1.4296478, 1.3141269,
       1.1982128, 1.5767973, 1.2371713, 1.455356 , 1.2627389, 1.6525285,
       2.8481141, 1.9053122, 1.7120233, 1.811195 , 2.0187838, 2.3824225,
       0.7020819, 3.5898319, 0.9109472, 1.5845971, 3.2519944, 3.0125548,
       1.3798905, 1.3463192, 2.9350871, 2.1686916, 1.1363843, 1.3256472,
       1.9786812, 1.5290309, 2.4309158, 2.6028424, 1.4639359, 1.3515019,
       0.7047078, 1.6878312, 1.3370183, 1.7466304, 1.8752723, 1.9915284,
       3.5381978, 3.8871893, 1.372681 , 1.2726917, 1.9617785, 2.1240966,
       1.0580732, 3.474247 , 2.335245 , 1.3592081, 2.5537868, 1.1470353,
       2.5593171, 1.4734519, 2.0636772, 1.7372483, 2.5117502, 2.0061521,
       1.3382752, 1.4451853, 1.2740402, 4.2751219, 1.9470503, 2.103247 ,
       0.9850403, 2.9235038, 2.02879  , 1.382477 , 3.2877088, 2.3854498,
       0.9319472, 2.346748 , 2.7870733, 2.4937565, 0.6889931, 2.2531108,
       1.6358299, 1.4191801, 2.6857265, 3.8101733, 1.0203668, 1.8044247,
       3.0866636, 2.2243397, 1.6871682, 2.8851031, 3.3969354, 2.5781513,
       2.0511612, 2.5779883, 3.3772391, 2.6621888, 1.5405501, 1.5941457,
       1.474479 , 2.2944917, 1.9039192, 1.7815499, 0.6561523, 1.3964285,
       2.3218971, 2.7461384, 1.6351013, 2.0374702, 1.4469616, 1.5057443,
       1.5516909, 1.3060481, 2.3014924, 1.9227544, 3.0615565, 1.2394166,
       1.2345734, 2.9505567, 1.864558 , 1.7286942, 2.4083145, 2.7190343,
       1.1494575, 1.0120701, 0.8590111, 0.8920151, 1.3959625, 1.024644 ,
       1.1954841, 3.4052337, 1.228929 , 1.7285817, 1.6083942, 1.8148843,
       0.7045363, 0.9636092, 2.5722272, 1.2489475, 2.430482 , 1.1557582,
       1.764708 , 2.2502494, 1.6660485, 0.       , 1.8046467, 3.2375595,
       3.322294 , 1.8482369, 0.6857573, 2.0195798, 2.1739257, 1.7412546,
       1.1516942, 3.4048143, 2.7032317, 1.7970538, 1.24839  , 0.8422742,
       1.1564341, 0.7882357, 2.2066049, 1.7791439]), 'delta_distances': array([3.6785384, 3.7682612, 4.1955602, 2.8524632, 5.0833646, 3.6742656,
       4.8597114, 6.3294166, 3.211933 , 2.6655316, 4.4484466, 3.7070156,
       3.3886976, 3.686564 , 2.2042802, 4.4929184, 4.5745738, 2.0470772,
       2.8876268, 2.85012  , 3.0415396, 3.0643532, 3.3618304, 4.5272508,
       4.7922498, 4.7774546, 3.0611594, 2.4464626, 3.8441786, 2.9224354,
       3.5471512, 2.8448596, 3.1376046, 2.7233164, 2.496493 , 2.6875674,
       4.8250066, 3.1312672, 3.5457782, 3.7189742, 3.6880378, 4.067033 ,
       1.554676 , 3.2358108, 2.529578 , 3.8611194, 4.6563998, 3.9045624,
       3.032665 , 3.2634006, 4.2688942, 4.6197332, 2.6059438, 3.2710496,
       2.5013548, 3.304372 , 4.2538616, 4.4475868, 3.5429648, 3.2221656,
       1.851355 , 3.294024 , 2.1019536, 3.5994064, 4.134267 , 3.4885824,
       5.6341456, 4.7763426, 2.9244174, 3.3043192, 3.8776282, 4.4008532,
       2.5082468, 4.3720062, 4.3841384, 2.8667138, 4.391481 , 2.8903476,
       3.8089398, 3.6796388, 3.15138  , 4.6469592, 3.3649494, 3.3600992,
       3.5539232, 3.6393588, 2.4184402, 5.0767526, 3.4559568, 3.2625222,
       3.142835 , 4.2718292, 3.539077 , 2.8954686, 5.6987432, 3.250155 ,
       2.5727856, 4.7051416, 3.5173978, 3.7492308, 1.385395 , 4.0704704,
       3.4600408, 3.302395 , 3.5716352, 5.2396878, 2.788683 , 3.1263994,
       4.5720716, 4.2038164, 3.7796822, 4.9647242, 4.425645 , 5.0737346,
       4.213061 , 3.8373838, 3.2266612, 4.0320018, 2.2380512, 3.493728 ,
       3.6284284, 3.6706322, 3.5038682, 4.2589438, 1.9071332, 3.7357894,
       4.24198  , 4.596128 , 3.3136464, 3.3882448, 3.1388962, 2.8976142,
       3.3676004, 4.2756116, 4.8116394, 4.5834532, 3.9440044, 2.7207124,
       2.8237148, 4.1689832, 4.3373428, 3.6174256, 4.9742168, 5.2927858,
       2.0580466, 2.919486 , 3.6161458, 2.8068998, 3.1721026, 3.5257764,
       2.5736812, 5.2858734, 3.8267302, 3.3493602, 3.528616 , 4.3252352,
       1.9319474, 2.8832472, 4.4409966, 2.0956844, 3.4359232, 2.7454406,
       3.8916648, 3.4318558, 4.0948216, 0.       , 3.2510612, 4.3145352,
       3.0048254, 3.4290212, 2.410153 , 3.4682042, 4.573374 , 3.833083 ,
       3.5511946, 4.5148504, 3.5505856, 3.795275 , 2.3428632, 1.992864 ,
       2.9301684, 2.4642244, 3.213086 , 3.3901124]), 'locations': array([ 4,  5,  3, 13, 13,  5, 13, 13,  3,  3,  3,  6,  4,  3,  5,  4,  5,
        4,  3,  4,  5,  4,  4,  5,  5,  6,  3,  4,  4,  4,  5,  5,  5,  2,
        3,  4, 12, 13,  4,  3, 13,  5,  4,  3,  3,  4,  3,  5,  5,  4,  4,
        4,  4,  4, 11,  4,  5,  4,  3,  4,  3,  3,  4,  4,  2,  3,  3,  4,
        4,  2,  3,  3, 13,  5,  4,  3,  4,  3,  2,  4,  5,  2,  3,  4,  3,
        4, 13, 12,  4,  6,  4,  4,  4,  4, 13,  4,  3,  4,  4,  6,  4,  6,
        5,  4,  2, 13,  4,  4,  5,  5,  2,  2,  7,  2, 13,  4, 10,  1,  4,
        4,  2,  5,  4,  5,  4,  3,  6,  5,  3,  4,  2,  4,  4,  4,  3, 13,
        6,  3,  3,  5,  3, 13,  4, 10,  4,  4,  3,  4,  5,  3, 13,  5,  3,
       13,  3,  2,  4,  4,  4,  4,  6,  4,  5,  3,  4,  3,  4,  5, 10,  3,
        4,  4,  3,  3,  4, 13,  6,  4,  3,  3,  4,  4,  6,  4])}, {'ts_index': 190, 'loc': 5, 'gap': 0.7263402738287007, 'distances': array([0.3455985, 1.0087882, 0.1591191, 1.3656425, 0.       , 3.87547  ,
       0.6504302, 1.0892523, 0.7536743, 0.3324595, 0.8193035, 1.6905845,
       0.4583905, 1.1444082, 0.5001404, 0.6515096, 2.4097455, 0.5722079,
       0.5485422, 0.5417392, 0.5721857, 2.0173985, 0.5425675, 1.9133011,
       0.5461136, 0.6244919, 0.6024672, 0.3356828, 2.186104 , 0.2472677,
       0.6213685]), 'delta_distances': array([0.8694574, 1.3585038, 0.6016214, 1.6174134, 0.       , 2.6930346,
       1.1916006, 1.9168042, 1.3346512, 0.838133 , 1.9021   , 1.2050288,
       1.000168 , 1.9537908, 0.9880976, 1.0669024, 1.94342  , 0.989406 ,
       0.7608116, 0.814615 , 1.0810366, 2.7234674, 1.3798828, 2.4680112,
       1.0038062, 1.4473288, 1.057359 , 1.014713 , 2.7844468, 0.7642434,
       1.5408372]), 'locations': array([ 9, 10,  7,  2,  5,  9,  4,  9,  7, 10,  8,  9,  7,  2,  8,  1, 13,
        8,  9,  8,  6, 10,  1,  1,  8, 11,  6,  7, 11,  4,  8])}], 'clusters': array([2, 1, 1, ..., 1, 1, 2]), 'time': 52.602325439453125}
