lenSubsequence: 7{'RI': 0.5280402010050251, 'num_clusters': 5, 'uShapelets': [{'ts_index': 74, 'loc': 33, 'gap': 0.023210030128657327, 'distances': array([0.11348145, 0.19344841, 0.1110542 , 0.09874175, 0.17061811,
       0.15408614, 0.1980479 , 0.13507223, 0.21394798, 0.17598334,
       0.22351336, 0.1963013 , 0.1557312 , 0.18673506, 0.13038428,
       0.15886212, 0.1526932 , 0.18340799, 0.17385647, 0.17273433,
       0.18311647, 0.16820093, 0.16385551, 0.19703037, 0.22188382,
       0.11881792, 0.13455141, 0.09345519, 0.12778411, 0.13317932,
       0.12011706, 0.08116539, 0.22412379, 0.1662152 , 0.18954887,
       0.2001911 , 0.18117847, 0.19532784, 0.17746486, 0.11839625,
       0.17528258, 0.2317521 , 0.24108342, 0.1891399 , 0.18093591,
       0.10801458, 0.16605059, 0.14709693, 0.20571069, 0.1134574 ,
       0.19188363, 0.24703068, 0.10907352, 0.21725246, 0.16568201,
       0.1168207 , 0.16307484, 0.16319902, 0.1472325 , 0.19826785,
       0.21662019, 0.12008972, 0.13373854, 0.11946702, 0.13325424,
       0.2562864 , 0.15102047, 0.14052573, 0.23121618, 0.16323308,
       0.13952971, 0.12431391, 0.12179375, 0.20679002, 0.        ,
       0.22742557, 0.20826931, 0.18151428, 0.12880312, 0.26719274,
       0.16818122, 0.1839692 , 0.17120396, 0.16617046, 0.16303956,
       0.11271088, 0.1502046 , 0.19821593, 0.10789592, 0.12870511,
       0.13022063, 0.22811435, 0.07428936, 0.19159287, 0.13671489,
       0.18956404, 0.15638994, 0.20836272, 0.15517428, 0.12513002,
       0.16809309, 0.10516791, 0.17925844, 0.11502805, 0.11830369,
       0.10872593, 0.13944251, 0.11781012, 0.22791127, 0.14344048,
       0.10420113, 0.16053096, 0.13174824, 0.12968209, 0.15447526,
       0.21551452, 0.15747103, 0.1423205 , 0.17149101, 0.13981471,
       0.11742867, 0.07601229, 0.23158916, 0.19988112, 0.17502435,
       0.20528526, 0.19644392, 0.15474694, 0.18944316, 0.16710062,
       0.12614024, 0.14523277, 0.1532714 , 0.15037771, 0.14620434,
       0.13299755, 0.17127414, 0.16903835, 0.10694535, 0.15280966,
       0.12055156, 0.12049908, 0.14537832, 0.119162  , 0.11884595,
       0.1818686 , 0.16490948, 0.16808094, 0.13672826, 0.14378585,
       0.18496058, 0.20189642, 0.24444323, 0.19086643, 0.14339557,
       0.17399995, 0.13151642, 0.13434921, 0.21674947, 0.18676513,
       0.14057771, 0.09877348, 0.1741372 , 0.15859804, 0.12023324,
       0.1768534 , 0.15273708, 0.18085291, 0.16395508, 0.12553972,
       0.12155432, 0.18620082, 0.13963088, 0.18581955, 0.12779961,
       0.16774411, 0.17113132, 0.10305954, 0.11842742, 0.18565841,
       0.14347735, 0.1330242 , 0.15187397, 0.15958639, 0.12048512,
       0.18055198, 0.187931  , 0.15439379, 0.08019829, 0.12665888,
       0.09847752, 0.15649323, 0.19798172, 0.19022984, 0.13173514,
       0.13847685, 0.13101693, 0.11156473, 0.14564559, 0.16581933]), 'delta_distances': array([0., 0., 0., 0., 0., 0., 0., 0., 0., 0., 0., 0., 0., 0., 0., 0., 0.,
       0., 0., 0., 0., 0., 0., 0., 0., 0., 0., 0., 0., 0., 0., 0., 0., 0.,
       0., 0., 0., 0., 0., 0., 0., 0., 0., 0., 0., 0., 0., 0., 0., 0., 0.,
       0., 0., 0., 0., 0., 0., 0., 0., 0., 0., 0., 0., 0., 0., 0., 0., 0.,
       0., 0., 0., 0., 0., 0., 0., 0., 0., 0., 0., 0., 0., 0., 0., 0., 0.,
       0., 0., 0., 0., 0., 0., 0., 0., 0., 0., 0., 0., 0., 0., 0., 0., 0.,
       0., 0., 0., 0., 0., 0., 0., 0., 0., 0., 0., 0., 0., 0., 0., 0., 0.,
       0., 0., 0., 0., 0., 0., 0., 0., 0., 0., 0., 0., 0., 0., 0., 0., 0.,
       0., 0., 0., 0., 0., 0., 0., 0., 0., 0., 0., 0., 0., 0., 0., 0., 0.,
       0., 0., 0., 0., 0., 0., 0., 0., 0., 0., 0., 0., 0., 0., 0., 0., 0.,
       0., 0., 0., 0., 0., 0., 0., 0., 0., 0., 0., 0., 0., 0., 0., 0., 0.,
       0., 0., 0., 0., 0., 0., 0., 0., 0., 0., 0., 0., 0.]), 'locations': array([58, 30, 70, 29, 70, 74, 59, 57, 55, 19, 13, 15, 77, 22, 57,  2, 58,
       26, 50, 52, 57, 50, 48, 21, 64, 67, 45, 17, 37, 62, 42, 75, 73, 54,
       52, 30, 69, 20, 11, 84, 50, 15, 24,  0, 33, 27, 55,  2, 24, 14, 18,
        7,  5, 83, 31, 46, 67, 78, 65,  6, 27, 66, 28, 23, 24, 40, 81, 18,
       32, 30, 26, 29, 56, 29, 33, 72, 59, 79, 25, 50, 58, 30, 69, 22, 71,
        1, 73, 20, 32, 28, 60,  7,  4,  3, 87, 22, 54, 35, 63, 61, 70, 17,
       31, 61, 19, 79,  4, 34, 31, 64, 37, 39, 22,  7, 33, 74, 49, 85, 55,
       39, 66, 31, 22, 78, 63, 21, 47, 72, 86, 28, 47, 27, 61, 51, 63, 24,
       27, 17, 58, 33, 56,  2, 26, 82, 25, 33, 38, 27, 55, 22,  6, 12, 70,
       71, 28, 21, 24,  5, 15, 29, 18, 50, 75, 28, 31, 16, 47, 31, 62, 49,
       40,  9,  4, 29, 59, 79, 48, 30, 61, 73, 28, 53, 58, 36, 31, 29, 36,
       52, 29, 71, 74, 45, 18, 21, 38, 42, 17, 67, 18, 64])}, {'ts_index': 6, 'loc': 11, 'gap': 0.02430796638167873, 'distances': array([0.        , 0.20631417, 0.14727461, 0.20257247, 0.18093263,
       0.22637399, 0.15759539, 0.21713048, 0.15263236, 0.17567064,
       0.22200028, 0.23436662, 0.12640742, 0.22115637, 0.2164126 ,
       0.21461136, 0.21623309, 0.23599435, 0.18971572, 0.18909196,
       0.11642252, 0.20637052, 0.21904342, 0.24339463, 0.18000141,
       0.20640777, 0.22211938, 0.2349015 , 0.08047887, 0.18997615,
       0.16998757, 0.1703367 , 0.20862037, 0.2185058 ]), 'delta_distances': array([0., 0., 0., 0., 0., 0., 0., 0., 0., 0., 0., 0., 0., 0., 0., 0., 0.,
       0., 0., 0., 0., 0., 0., 0., 0., 0., 0., 0., 0., 0., 0., 0., 0., 0.]), 'locations': array([11, 60, 18, 53, 59, 73, 66, 34, 28, 70, 19,  6, 33, 67, 74, 86, 55,
       27, 71, 15, 41, 57, 19, 34, 11, 54, 40, 63, 45, 84, 50, 49, 12, 55])}, {'ts_index': 48, 'loc': 23, 'gap': 0.01343231526562294, 'distances': array([0.13694096, 0.22557348, 0.22448422, 0.18443846, 0.21045666,
       0.14764739, 0.        , 0.25303395, 0.1862741 , 0.19861092,
       0.23990909, 0.16348394, 0.13195405, 0.22427823, 0.13707055,
       0.18881773, 0.19577062, 0.20818826, 0.17954539, 0.17417757,
       0.22272415, 0.19462279, 0.14032157, 0.14119794, 0.21169419,
       0.18229483, 0.23057429]), 'delta_distances': array([0., 0., 0., 0., 0., 0., 0., 0., 0., 0., 0., 0., 0., 0., 0., 0., 0.,
       0., 0., 0., 0., 0., 0., 0., 0., 0., 0.]), 'locations': array([17, 18, 20, 80, 85, 10, 23, 34, 68, 68, 12,  7, 24, 27, 11, 76, 55,
       25, 26, 73, 42, 16, 58, 42, 71, 56, 38])}, {'ts_index': 97, 'loc': 50, 'gap': 0.013630869023837644, 'distances': array([0.18213356, 0.24778019, 0.27009526, 0.21320813, 0.24392514,
       0.17962093, 0.19117337, 0.18366063, 0.20627837, 0.16288164,
       0.17056382, 0.16542496, 0.        , 0.19058819, 0.19749567,
       0.21666774, 0.20334538, 0.21871224, 0.24429399, 0.16136043]), 'delta_distances': array([0., 0., 0., 0., 0., 0., 0., 0., 0., 0., 0., 0., 0., 0., 0., 0., 0.,
       0., 0., 0.]), 'locations': array([73, 14, 86,  3, 18, 63, 19, 47, 64, 64, 38, 61, 50, 54, 48, 47, 37,
       27, 17, 31])}, {'ts_index': 158, 'loc': 20, 'gap': 0.051469810238117183, 'distances': array([0.18616466, 0.14414757, 0.09267776, 0.        ]), 'delta_distances': array([0., 0., 0., 0.]), 'locations': array([73,  7,  4, 20])}], 'clusters': array([1, 1, 1, 1, 1, 1, 2, 1, 3, 1, 2, 4, 1, 1, 1, 1, 1, 1, 1, 1, 1, 1,
       1, 0, 0, 1, 1, 1, 1, 1, 1, 1, 2, 1, 1, 4, 1, 1, 1, 1, 1, 2, 3, 1,
       1, 1, 1, 1, 3, 1, 1, 5, 1, 2, 1, 1, 1, 1, 1, 4, 4, 1, 1, 1, 1, 4,
       1, 1, 4, 1, 1, 1, 1, 3, 1, 4, 3, 1, 1, 2, 1, 1, 1, 1, 1, 1, 1, 4,
       1, 1, 1, 4, 1, 1, 1, 1, 1, 4, 1, 1, 1, 1, 1, 1, 1, 1, 1, 1, 4, 1,
       1, 1, 1, 1, 1, 4, 1, 1, 1, 1, 1, 1, 4, 4, 1, 2, 3, 1, 1, 1, 1, 1,
       1, 1, 1, 1, 1, 1, 1, 1, 1, 1, 1, 1, 1, 1, 1, 1, 1, 1, 1, 3, 4, 1,
       1, 1, 1, 1, 5, 1, 1, 1, 1, 1, 1, 1, 1, 1, 1, 1, 1, 1, 1, 1, 1, 1,
       1, 1, 1, 1, 1, 1, 1, 1, 1, 1, 1, 1, 1, 1, 1, 1, 4, 1, 1, 1, 1, 1,
       1, 1]), 'time': 283.39001178741455}
lenSubsequence: 8{'RI': 0.5281407035175879, 'num_clusters': 3, 'uShapelets': [{'ts_index': 188, 'loc': 61, 'gap': 0.09038258984624462, 'distances': array([0.10894268, 0.02768691, 0.25627642, 0.07437441, 0.13156521,
       0.09214294, 0.25497838, 0.17996679, 0.11006728, 0.0251065 ,
       0.14063529, 0.11374092, 0.03060019, 0.22710677, 0.19361719,
       0.06250965, 0.0201369 , 0.02955005, 0.05334879, 0.04236662,
       0.01779925, 0.02885042, 0.12515615, 0.08245869, 0.04015401,
       0.06823541, 0.2357566 , 0.24096682, 0.04243326, 0.03663204,
       0.12599039, 0.05059192, 0.07220705, 0.04245385, 0.06086399,
       0.05441024, 0.12117099, 0.10257932, 0.02815736, 0.05621752,
       0.03574735, 0.25950131, 0.08528617, 0.17011731, 0.05960245,
       0.03506941, 0.03417511, 0.07420888, 0.0290985 , 0.02572884,
       0.01951352, 0.0121421 , 0.06378876, 0.08284493, 0.05591312,
       0.07613309, 0.01564113, 0.06398877, 0.04231501, 0.01483268,
       0.01293868, 0.09798338, 0.08741426, 0.03608392, 0.05952112,
       0.25528597, 0.18813428, 0.10811708, 0.09614922, 0.03082174,
       0.01462632, 0.05168884, 0.02118013, 0.02669586, 0.1299645 ,
       0.06014364, 0.06703202, 0.02580664, 0.08929464, 0.0359486 ,
       0.00962832, 0.04646368, 0.05741609, 0.11137968, 0.05690473,
       0.1300921 , 0.22217988, 0.18962419, 0.09276636, 0.10275333,
       0.06705634, 0.0457782 , 0.23692073, 0.12060995, 0.09654161,
       0.08458834, 0.16939612, 0.05154455, 0.05137648, 0.05179258,
       0.22313984, 0.08212703, 0.2412336 , 0.06067081, 0.24179598,
       0.24748862, 0.01595321, 0.03567009, 0.05912136, 0.05221048,
       0.04657974, 0.07673655, 0.02965614, 0.10886173, 0.07032882,
       0.1096957 , 0.06139493, 0.16969764, 0.24677569, 0.20162779,
       0.2601897 , 0.12864393, 0.06140885, 0.06303259, 0.04296072,
       0.08483677, 0.13396095, 0.24164609, 0.08555759, 0.01353037,
       0.09764545, 0.08636828, 0.06557916, 0.05992782, 0.07194367,
       0.02254131, 0.06637584, 0.08361149, 0.21774607, 0.03253801,
       0.07310822, 0.12166458, 0.0598236 , 0.14719369, 0.02028217,
       0.09054888, 0.03068147, 0.02613788, 0.03863455, 0.07282355,
       0.16665512, 0.0337594 , 0.15947744, 0.06504985, 0.04880858,
       0.25527462, 0.02210696, 0.08149072, 0.03355317, 0.19778717,
       0.10595491, 0.04461095, 0.01153561, 0.11521438, 0.0225387 ,
       0.04322038, 0.08895107, 0.03235224, 0.17808598, 0.22646582,
       0.09366788, 0.05927788, 0.05138642, 0.10754498, 0.03439649,
       0.07725549, 0.23561565, 0.01707813, 0.1941424 , 0.08830685,
       0.24619205, 0.11756234, 0.03635173, 0.05946154, 0.26021761,
       0.07570968, 0.1119161 , 0.0330313 , 0.        , 0.01907267,
       0.19004265, 0.09993619, 0.13127866, 0.14514211, 0.1361324 ,
       0.21814069, 0.03484339, 0.08055917, 0.12808215, 0.14098927]), 'delta_distances': array([0., 0., 0., 0., 0., 0., 0., 0., 0., 0., 0., 0., 0., 0., 0., 0., 0.,
       0., 0., 0., 0., 0., 0., 0., 0., 0., 0., 0., 0., 0., 0., 0., 0., 0.,
       0., 0., 0., 0., 0., 0., 0., 0., 0., 0., 0., 0., 0., 0., 0., 0., 0.,
       0., 0., 0., 0., 0., 0., 0., 0., 0., 0., 0., 0., 0., 0., 0., 0., 0.,
       0., 0., 0., 0., 0., 0., 0., 0., 0., 0., 0., 0., 0., 0., 0., 0., 0.,
       0., 0., 0., 0., 0., 0., 0., 0., 0., 0., 0., 0., 0., 0., 0., 0., 0.,
       0., 0., 0., 0., 0., 0., 0., 0., 0., 0., 0., 0., 0., 0., 0., 0., 0.,
       0., 0., 0., 0., 0., 0., 0., 0., 0., 0., 0., 0., 0., 0., 0., 0., 0.,
       0., 0., 0., 0., 0., 0., 0., 0., 0., 0., 0., 0., 0., 0., 0., 0., 0.,
       0., 0., 0., 0., 0., 0., 0., 0., 0., 0., 0., 0., 0., 0., 0., 0., 0.,
       0., 0., 0., 0., 0., 0., 0., 0., 0., 0., 0., 0., 0., 0., 0., 0., 0.,
       0., 0., 0., 0., 0., 0., 0., 0., 0., 0., 0., 0., 0.]), 'locations': array([76, 84, 11,  4,  2, 81, 42,  6, 68, 14, 73, 32, 37,  6,  1, 11, 78,
       47, 87, 45, 41, 41,  7, 69, 49,  0,  7,  5, 68, 85, 87, 31, 53, 67,
       73, 10, 41,  8, 48, 26,  5, 64, 83, 82, 83, 86, 78, 49, 82,  3, 87,
       54, 49, 52, 78,  7, 82, 56,  2, 22, 54, 35, 83, 11, 15, 83, 86,  4,
       14, 86, 49, 79, 80, 34, 84, 80, 86,  9, 80,  6, 79,  5, 82, 85, 17,
        5, 87, 51, 86, 83, 85, 29, 20,  7,  6, 86, 76, 55, 79,  6, 10, 75,
       44, 43, 64, 84, 11, 86, 85, 69, 81,  8, 73, 66, 80, 84, 84, 44, 44,
       11, 47,  7,  4, 72, 83, 35, 87, 80,  8,  5, 79, 81, 78,  8, 87, 41,
       72, 85,  5, 79, 11, 10, 64, 10, 35, 65, 66, 68, 73, 34, 80, 81, 36,
       36, 39,  2, 44, 51, 37, 81, 77, 42, 79, 77,  3, 82, 37, 38, 84, 84,
       46, 87,  8,  8, 82, 66, 67, 84,  5, 10, 45, 81, 35, 86, 45, 47, 64,
       87, 61, 80, 13,  6,  9,  6, 41,  7, 79,  7,  6, 83])}, {'ts_index': 104, 'loc': 35, 'gap': 0.045790872096418356, 'distances': array([0.13236641, 0.17689306, 0.13919935, 0.13180364, 0.16177907,
       0.14314968, 0.08184892, 0.1465266 , 0.13915031, 0.11980632,
       0.0630464 , 0.09333575, 0.08995734, 0.13903355, 0.13176202,
       0.09371507, 0.        , 0.16903588, 0.11601107, 0.15255549,
       0.03191569, 0.17084161, 0.17399601, 0.15608664, 0.1343511 ,
       0.07355933, 0.03343396, 0.12701504, 0.04595091, 0.1382169 ,
       0.13910831, 0.14996503, 0.05737618, 0.16384402]), 'delta_distances': array([0., 0., 0., 0., 0., 0., 0., 0., 0., 0., 0., 0., 0., 0., 0., 0., 0.,
       0., 0., 0., 0., 0., 0., 0., 0., 0., 0., 0., 0., 0., 0., 0., 0., 0.]), 'locations': array([48, 40, 48, 50, 73,  3, 37,  8,  1, 52, 87, 81, 10,  6,  7, 11, 35,
       75, 41,  5,  9, 12, 46, 31, 80, 82, 86,  3, 86, 11, 47, 47, 14,  4])}], 'clusters': array([1, 1, 0, 1, 1, 1, 0, 0, 1, 1, 1, 1, 1, 0, 0, 1, 1, 1, 1, 1, 1, 1,
       1, 1, 1, 1, 0, 0, 1, 1, 1, 1, 1, 1, 1, 1, 1, 1, 1, 1, 1, 0, 1, 0,
       1, 1, 1, 1, 1, 1, 1, 1, 1, 1, 1, 1, 1, 1, 1, 1, 1, 1, 1, 1, 1, 0,
       2, 1, 1, 1, 1, 1, 1, 1, 1, 1, 1, 1, 1, 1, 1, 1, 1, 1, 1, 1, 0, 0,
       1, 1, 1, 1, 0, 1, 1, 1, 1, 1, 1, 1, 0, 1, 0, 1, 2, 0, 1, 1, 1, 1,
       1, 1, 1, 1, 1, 1, 1, 0, 0, 2, 0, 1, 1, 1, 1, 1, 1, 0, 1, 1, 1, 1,
       1, 1, 1, 1, 1, 1, 0, 1, 1, 1, 1, 1, 1, 1, 1, 1, 1, 1, 1, 1, 1, 1,
       1, 0, 1, 1, 1, 2, 1, 1, 1, 1, 1, 1, 1, 1, 2, 0, 1, 1, 1, 1, 1, 1,
       2, 1, 0, 1, 0, 1, 1, 1, 0, 1, 1, 1, 1, 1, 2, 1, 1, 1, 1, 0, 1, 1,
       1, 1]), 'time': 316.93941831588745}
lenSubsequence: 9{'RI': 0.5112562814070352, 'num_clusters': 3, 'uShapelets': [{'ts_index': 51, 'loc': 70, 'gap': 0.08828835718256803, 'distances': array([0.18813549, 0.01911339, 0.22255848, 0.06175167, 0.12976211,
       0.22736863, 0.2253607 , 0.04691498, 0.10543205, 0.01462278,
       0.06436502, 0.04948953, 0.12484863, 0.20962942, 0.12187311,
       0.08392132, 0.05536825, 0.03645115, 0.04248436, 0.19227995,
       0.02890899, 0.01955798, 0.04391951, 0.1056326 , 0.01780828,
       0.11136759, 0.22027871, 0.23000491, 0.05720734, 0.01972181,
       0.06518411, 0.05038734, 0.07847893, 0.05696802, 0.05336177,
       0.02142969, 0.10662688, 0.07566806, 0.05584073, 0.04783921,
       0.07608433, 0.23812782, 0.07299933, 0.13494538, 0.13136879,
       0.02568382, 0.10028297, 0.05027743, 0.01613947, 0.03600243,
       0.09165897, 0.        , 0.07071478, 0.02331532, 0.05154058,
       0.04916324, 0.02421894, 0.0475483 , 0.05183205, 0.02324336,
       0.00876194, 0.18563829, 0.09747506, 0.07166014, 0.06327805,
       0.17784742, 0.19064412, 0.04298816, 0.11261819, 0.01615594,
       0.03524782, 0.03194984, 0.04863104, 0.02753018, 0.13074016,
       0.0316586 , 0.07808462, 0.02014604, 0.08645654, 0.01510966,
       0.04134182, 0.04402822, 0.03896439, 0.12404102, 0.05618437,
       0.14212248, 0.21450902, 0.21329508, 0.06262362, 0.22341472,
       0.07399427, 0.02143102, 0.22550574, 0.22664505, 0.08524373,
       0.08158842, 0.22691008, 0.08014192, 0.04762637, 0.12204371,
       0.07070258, 0.07204854, 0.14117708, 0.21444906, 0.21689237,
       0.2251597 , 0.03708383, 0.03562929, 0.03403023, 0.07158248,
       0.11158705, 0.17772104, 0.02361442, 0.11778268, 0.10503226,
       0.02595166, 0.09300694, 0.05684149, 0.12160442, 0.19591225,
       0.23157365, 0.01886832, 0.06178063, 0.03161039, 0.02171383,
       0.07507997, 0.10422333, 0.08771075, 0.13941774, 0.04212916,
       0.16885673, 0.09547467, 0.03894201, 0.1629905 , 0.10506441,
       0.09716171, 0.04689784, 0.15042788, 0.21788664, 0.05870259,
       0.11062157, 0.22378513, 0.0292868 , 0.09762712, 0.0280524 ,
       0.1013256 , 0.06350026, 0.02011343, 0.01427633, 0.18682495,
       0.13270565, 0.04049048, 0.03847334, 0.16807652, 0.06163213,
       0.23782958, 0.01518984, 0.14366025, 0.13163502, 0.14485674,
       0.21774005, 0.04003   , 0.01853962, 0.06481144, 0.17137262,
       0.05589422, 0.14186193, 0.13635888, 0.0333139 , 0.03987106,
       0.2323818 , 0.06034313, 0.02447635, 0.05627247, 0.04521753,
       0.22986666, 0.18785866, 0.01685698, 0.07596654, 0.10288127,
       0.22127676, 0.11579281, 0.04021654, 0.06567317, 0.23244363,
       0.21155186, 0.11861939, 0.15779097, 0.04005656, 0.01755534,
       0.13568651, 0.23020488, 0.230571  , 0.19853682, 0.21773719,
       0.20498772, 0.02040247, 0.15818791, 0.02789826, 0.02609366]), 'delta_distances': array([0., 0., 0., 0., 0., 0., 0., 0., 0., 0., 0., 0., 0., 0., 0., 0., 0.,
       0., 0., 0., 0., 0., 0., 0., 0., 0., 0., 0., 0., 0., 0., 0., 0., 0.,
       0., 0., 0., 0., 0., 0., 0., 0., 0., 0., 0., 0., 0., 0., 0., 0., 0.,
       0., 0., 0., 0., 0., 0., 0., 0., 0., 0., 0., 0., 0., 0., 0., 0., 0.,
       0., 0., 0., 0., 0., 0., 0., 0., 0., 0., 0., 0., 0., 0., 0., 0., 0.,
       0., 0., 0., 0., 0., 0., 0., 0., 0., 0., 0., 0., 0., 0., 0., 0., 0.,
       0., 0., 0., 0., 0., 0., 0., 0., 0., 0., 0., 0., 0., 0., 0., 0., 0.,
       0., 0., 0., 0., 0., 0., 0., 0., 0., 0., 0., 0., 0., 0., 0., 0., 0.,
       0., 0., 0., 0., 0., 0., 0., 0., 0., 0., 0., 0., 0., 0., 0., 0., 0.,
       0., 0., 0., 0., 0., 0., 0., 0., 0., 0., 0., 0., 0., 0., 0., 0., 0.,
       0., 0., 0., 0., 0., 0., 0., 0., 0., 0., 0., 0., 0., 0., 0., 0., 0.,
       0., 0., 0., 0., 0., 0., 0., 0., 0., 0., 0., 0., 0.]), 'locations': array([66,  4,  8,  6,  1, 50, 42,  5, 67, 13, 82, 44, 85,  6, 71, 10, 82,
        4, 86, 80, 41, 38, 86, 78, 57, 57,  4,  3, 67, 85, 35, 31, 52, 61,
       36,  9,  2,  6, 38, 51,  4, 46, 82,  3, 85, 37, 36, 48, 83,  3, 37,
       70, 46, 19, 42,  7, 84, 56, 37, 48, 56,  4, 83, 73, 14, 10, 85,  4,
        9, 86, 49, 78, 80, 34, 39, 85, 82,  9,  3,  6, 79,  5, 27,  7, 16,
       38, 86, 12, 85,  3, 47, 29,  9,  6, 48, 85, 64, 15, 82, 83,  9, 76,
       49, 14, 64, 84, 11, 85, 86, 86,  7, 11, 73, 65, 17, 84, 83, 35, 42,
        8, 47, 83,  4, 71, 82, 34, 36, 78, 33,  5, 86, 80, 80, 84, 86, 65,
       77, 86,  0, 84, 10,  8, 84, 13, 35, 65, 66, 72, 81, 64, 44, 81, 37,
       36, 81, 64, 45, 10, 80, 47, 46, 42, 78, 81,  5, 80, 36, 77, 80, 86,
        3,  0,  8,  0, 82, 32, 67, 83, 68,  5, 45, 80, 36, 85, 45, 48, 57,
       48, 62, 77, 16, 35, 43,  5, 38, 11, 79,  5,  5, 80])}, {'ts_index': 138, 'loc': 4, 'gap': 0.04663751733085075, 'distances': array([0.23707648, 0.19438107, 0.12275576, 0.08280251, 0.20245988,
       0.18615898, 0.09632583, 0.11367105, 0.24189486, 0.15326804,
       0.04798828, 0.06080345, 0.18359824, 0.25215905, 0.11698238,
       0.1753539 , 0.14257644, 0.06614919, 0.14106884, 0.26328172,
       0.        , 0.17109075, 0.18025276, 0.1627842 , 0.24946316,
       0.12624223, 0.14158545, 0.22011374, 0.0489433 , 0.10717924,
       0.13265027, 0.1848547 , 0.1866174 , 0.22820014]), 'delta_distances': array([0., 0., 0., 0., 0., 0., 0., 0., 0., 0., 0., 0., 0., 0., 0., 0., 0.,
       0., 0., 0., 0., 0., 0., 0., 0., 0., 0., 0., 0., 0., 0., 0., 0., 0.]), 'locations': array([49, 82,  3,  5, 29,  6,  5, 35,  3, 81, 48, 85, 12, 26, 67, 47, 65,
        3,  9, 75,  4,  9, 81, 65, 79, 50, 79,  9,  7, 38, 85,  2, 49, 12])}], 'clusters': array([1, 1, 0, 1, 1, 0, 0, 1, 1, 1, 1, 1, 1, 2, 1, 1, 1, 1, 1, 0, 1, 1,
       1, 1, 1, 1, 0, 2, 1, 1, 1, 1, 1, 1, 1, 1, 1, 1, 1, 1, 1, 0, 1, 1,
       1, 1, 1, 1, 1, 1, 1, 1, 1, 1, 1, 1, 1, 1, 1, 1, 1, 1, 1, 1, 1, 1,
       0, 1, 1, 1, 1, 1, 1, 1, 1, 1, 1, 1, 1, 1, 1, 1, 1, 1, 1, 1, 0, 2,
       1, 2, 1, 1, 0, 0, 1, 1, 0, 1, 1, 1, 1, 1, 1, 0, 0, 2, 1, 1, 1, 1,
       1, 1, 1, 1, 1, 1, 1, 1, 1, 0, 0, 1, 1, 1, 1, 1, 1, 1, 1, 1, 1, 1,
       1, 1, 1, 1, 1, 1, 2, 1, 1, 0, 1, 1, 1, 1, 1, 1, 1, 1, 1, 1, 1, 1,
       1, 0, 1, 1, 1, 1, 0, 1, 1, 1, 1, 1, 1, 1, 1, 1, 0, 1, 1, 1, 1, 0,
       1, 1, 1, 1, 0, 1, 1, 1, 0, 2, 1, 1, 1, 1, 1, 0, 0, 0, 0, 0, 1, 1,
       1, 1]), 'time': 332.8702516555786}
lenSubsequence: 10{'RI': 0.5125628140703518, 'num_clusters': 4, 'uShapelets': [{'ts_index': 66, 'loc': 48, 'gap': 0.07909680972115488, 'distances': array([0.20018416, 0.03642532, 0.0538664 , 0.20097084, 0.09953048,
       0.09649856, 0.01093607, 0.20108527, 0.08552336, 0.01977271,
       0.03910101, 0.02253432, 0.03436581, 0.17529197, 0.02248792,
       0.02287671, 0.0159107 , 0.01693117, 0.16374473, 0.18109598,
       0.20051703, 0.11495156, 0.0148747 , 0.19443146, 0.16940197,
       0.11502129, 0.02055306, 0.02109299, 0.15207186, 0.03046   ,
       0.02400618, 0.13808417, 0.01785138, 0.01563001, 0.06386584,
       0.04893071, 0.07031883, 0.04177505, 0.20065081, 0.06143335,
       0.20084161, 0.08237308, 0.11742485, 0.16063564, 0.11750687,
       0.16430055, 0.13949724, 0.12501697, 0.02288571, 0.04552433,
       0.02942207, 0.06306703, 0.05493278, 0.02898199, 0.03121543,
       0.0627235 , 0.03082783, 0.05192925, 0.02733802, 0.11305215,
       0.05879455, 0.13715008, 0.09956717, 0.07141729, 0.04041491,
       0.13997398, 0.        , 0.09246386, 0.04688857, 0.02996882,
       0.04193261, 0.02408861, 0.02549263, 0.20055118, 0.01675803,
       0.03380267, 0.11640772, 0.13824082, 0.12296883, 0.03186918,
       0.06385675, 0.02401277, 0.06111676, 0.03437029, 0.05861497,
       0.20076404, 0.02494289, 0.03640809, 0.02756454, 0.03338613,
       0.03485078, 0.02830413, 0.01489596, 0.0266037 , 0.02048689,
       0.12677789, 0.0437055 , 0.07052145, 0.03196204, 0.03902039,
       0.2019005 , 0.18535428, 0.16970856, 0.05499284, 0.03730387,
       0.20095229, 0.04124017, 0.03663566, 0.07720135, 0.15645374,
       0.03947111, 0.20066627, 0.05822219, 0.1327665 , 0.08160427,
       0.20072469, 0.01667383, 0.13946224, 0.01527087, 0.03588275,
       0.2000811 , 0.10716916, 0.04760222, 0.10753592, 0.07789542,
       0.03430668, 0.04958843, 0.03314509, 0.08009758, 0.17036607,
       0.03896739, 0.04289812, 0.03172075, 0.05745224, 0.06280088,
       0.01937863, 0.03008459, 0.08496371, 0.01836323, 0.13926963,
       0.03812901, 0.16033326, 0.10072747, 0.08413972, 0.05316107,
       0.01011474, 0.09760297, 0.04219995, 0.01383796, 0.13920602,
       0.05971109, 0.20011482, 0.20106855, 0.02771348, 0.20031499,
       0.03110262, 0.11297333, 0.03630273, 0.1269111 , 0.17671695,
       0.20033553, 0.17913997, 0.17259433, 0.20338671, 0.02635498,
       0.04065719, 0.01742934, 0.20016772, 0.07198713, 0.04084   ,
       0.09974288, 0.15089093, 0.02362616, 0.01328616, 0.02181821,
       0.02064666, 0.02152608, 0.03375075, 0.03560538, 0.02831871,
       0.04689041, 0.07071241, 0.0460218 , 0.18070261, 0.01725063,
       0.0187783 , 0.20069936, 0.17428984, 0.03107049, 0.05895815,
       0.03889697, 0.09303712, 0.04774753, 0.13841153, 0.03575913,
       0.12419113, 0.03697873, 0.20178745, 0.02859193, 0.05507565]), 'delta_distances': array([0., 0., 0., 0., 0., 0., 0., 0., 0., 0., 0., 0., 0., 0., 0., 0., 0.,
       0., 0., 0., 0., 0., 0., 0., 0., 0., 0., 0., 0., 0., 0., 0., 0., 0.,
       0., 0., 0., 0., 0., 0., 0., 0., 0., 0., 0., 0., 0., 0., 0., 0., 0.,
       0., 0., 0., 0., 0., 0., 0., 0., 0., 0., 0., 0., 0., 0., 0., 0., 0.,
       0., 0., 0., 0., 0., 0., 0., 0., 0., 0., 0., 0., 0., 0., 0., 0., 0.,
       0., 0., 0., 0., 0., 0., 0., 0., 0., 0., 0., 0., 0., 0., 0., 0., 0.,
       0., 0., 0., 0., 0., 0., 0., 0., 0., 0., 0., 0., 0., 0., 0., 0., 0.,
       0., 0., 0., 0., 0., 0., 0., 0., 0., 0., 0., 0., 0., 0., 0., 0., 0.,
       0., 0., 0., 0., 0., 0., 0., 0., 0., 0., 0., 0., 0., 0., 0., 0., 0.,
       0., 0., 0., 0., 0., 0., 0., 0., 0., 0., 0., 0., 0., 0., 0., 0., 0.,
       0., 0., 0., 0., 0., 0., 0., 0., 0., 0., 0., 0., 0., 0., 0., 0., 0.,
       0., 0., 0., 0., 0., 0., 0., 0., 0., 0., 0., 0., 0.]), 'locations': array([71, 20, 10, 65, 12,  1, 58, 63, 22, 59, 33, 10, 68, 10, 19, 53, 46,
       60, 63, 48, 14, 19, 25, 69, 34, 21, 28, 25, 64, 27, 72, 48, 41, 49,
       68, 34, 28, 12, 78, 58, 48, 13, 20, 56, 32, 54, 45,  4, 29, 30, 49,
       52, 79,  0, 19, 79, 59, 30, 66, 16, 75, 29, 20, 75,  6, 40, 48, 31,
       18, 24, 38, 21, 40, 47, 69, 25, 69, 70, 54, 46, 82, 69,  3, 53,  4,
        0, 67, 10, 52, 27, 53, 20, 84, 47, 65, 81, 17, 38, 46, 70,  8, 71,
       55, 27, 68, 57, 27, 57, 20, 50, 23,  2, 17, 65, 32, 73, 51, 37, 75,
       44, 32, 82, 14,  2,  2, 22, 42,  0, 62, 30, 22, 16, 15, 33, 23, 17,
        6, 53, 57, 33, 77,  4, 53, 15, 57, 25, 29, 37, 56,  9, 14, 71,  1,
       10, 56, 59, 35, 70, 79, 62,  8, 15, 17, 33, 53,  7, 72, 66, 12, 31,
       32, 12, 65, 29, 51, 26, 27, 46, 16, 17, 10, 44, 27, 53, 68, 61, 13,
       37, 27, 69,  2,  8, 33, 42, 20, 16, 71, 56, 74, 44])}, {'ts_index': 161, 'loc': 42, 'gap': 0.07924486383376439, 'distances': array([0.23110758, 0.09780414, 0.21166175, 0.19178632, 0.20819191,
       0.16782847, 0.20880502, 0.0869114 , 0.13131658, 0.1976455 ,
       0.03351521, 0.18710846, 0.22852838, 0.22822865, 0.21364885,
       0.19172251, 0.21425433, 0.23214046, 0.10360112, 0.20807524,
       0.21591595, 0.20419387, 0.21641927, 0.05639209, 0.1940518 ,
       0.20633124, 0.        , 0.06292282, 0.21592228, 0.186773  ,
       0.10577053, 0.20746205, 0.19630349, 0.1972257 ]), 'delta_distances': array([0., 0., 0., 0., 0., 0., 0., 0., 0., 0., 0., 0., 0., 0., 0., 0., 0.,
       0., 0., 0., 0., 0., 0., 0., 0., 0., 0., 0., 0., 0., 0., 0., 0., 0.]), 'locations': array([ 4,  4,  3, 30, 27, 39,  5, 49, 37, 19, 37, 35, 15, 54, 69, 10, 14,
       43, 62,  9, 74, 57, 77, 81, 80, 82, 42, 77, 80, 63, 85, 81, 33, 38])}, {'ts_index': 23, 'loc': 58, 'gap': 0.0567719953047347, 'distances': array([0.20119018, 0.12308232, 0.07616502, 0.20171779, 0.0558315 ,
       0.        , 0.12485048, 0.08295854, 0.06138598, 0.16045817,
       0.05304386, 0.04302767, 0.03647249, 0.07149584, 0.01175147,
       0.05579748, 0.13613254, 0.05514975, 0.11363569, 0.127697  ,
       0.08927527, 0.09476721, 0.18532275, 0.11722122, 0.18651349,
       0.10092246]), 'delta_distances': array([0., 0., 0., 0., 0., 0., 0., 0., 0., 0., 0., 0., 0., 0., 0., 0., 0.,
       0., 0., 0., 0., 0., 0., 0., 0., 0.]), 'locations': array([29, 60, 59, 42,  3, 58, 66, 61, 55, 27, 79, 11, 53, 19, 70, 43, 24,
        6,  5, 28, 40, 18, 29,  9, 80, 61])}, {'ts_index': 85, 'loc': 46, 'gap': 0.041614475578562855, 'distances': array([0.0179091 , 0.06721985, 0.        , 0.05863272, 0.06324485]), 'delta_distances': array([0., 0., 0., 0., 0.]), 'locations': array([50, 49, 46, 42, 57])}], 'clusters': array([4, 1, 1, 2, 1, 1, 1, 3, 1, 1, 1, 1, 1, 3, 1, 1, 1, 1, 1, 0, 3, 1,
       1, 3, 2, 1, 1, 1, 1, 1, 1, 1, 1, 1, 1, 1, 1, 1, 3, 1, 3, 1, 1, 1,
       1, 2, 1, 1, 1, 1, 1, 1, 1, 1, 1, 1, 1, 1, 1, 1, 1, 1, 1, 1, 1, 1,
       1, 1, 1, 1, 1, 1, 1, 3, 1, 1, 1, 1, 1, 1, 1, 1, 1, 1, 1, 4, 1, 1,
       1, 1, 1, 1, 1, 1, 1, 1, 1, 1, 1, 1, 3, 3, 3, 1, 1, 3, 1, 1, 1, 1,
       1, 3, 1, 1, 1, 2, 1, 1, 1, 1, 3, 1, 1, 1, 1, 1, 1, 1, 1, 3, 1, 1,
       1, 1, 1, 1, 1, 1, 1, 1, 1, 1, 1, 1, 1, 1, 1, 1, 1, 1, 1, 3, 3, 1,
       2, 1, 1, 1, 1, 3, 3, 2, 2, 3, 1, 1, 1, 0, 1, 1, 1, 1, 1, 1, 1, 1,
       1, 1, 1, 1, 1, 1, 1, 2, 1, 1, 3, 0, 1, 1, 1, 1, 1, 1, 1, 1, 1, 3,
       1, 1]), 'time': 335.6520028114319}
