lenSubsequence: 14{'RI': 0.5011274333213251, 'num_clusters': 3, 'uShapelets': [{'ts_index': 742, 'loc': 22, 'gap': 1.9834814758019697, 'distances': array([16.65623286, 14.79650129, 13.70028129, ..., 15.9779385 ,
       14.13136007, 15.89393357]), 'delta_distances': array([16.19591629, 17.49368043, 20.82229957, ..., 16.30634043,
       18.40974571, 18.68057486]), 'locations': array([42, 20, 21, ..., 52, 22, 21])}, {'ts_index': 629, 'loc': 30, 'gap': 1.0470061560249757, 'distances': array([5.48985357, 5.47563307, 5.85095586, 6.67030436, 4.541663  ,
       5.00740793, 6.91810179, 2.934445  , 6.00018429, 5.984177  ,
       4.052553  , 5.17208693, 6.496118  , 5.99651414, 5.905807  ,
       6.17404079, 6.8756855 , 4.11384921, 4.48996386, 5.04631757,
       5.84705314, 4.20239879, 5.6799005 , 5.58316193, 1.87157964,
       5.32483829, 3.881067  , 4.31414157, 6.11275164, 7.31683714,
       4.8674495 , 2.56789457, 4.68999157, 4.07333421, 6.02952493,
       3.50837129, 5.853242  , 4.98002029, 6.941849  , 3.66728514,
       6.02034807, 5.97916071, 0.72282814, 5.55097007, 3.90892943,
       4.13569486, 6.18187321, 4.35162486, 4.2311925 , 5.25642336,
       6.37453007, 5.3961015 , 6.11883979, 3.78661521, 4.80310664,
       6.189363  , 6.30575164, 6.00466957, 3.74614021, 7.08231371,
       4.16471757, 6.15264357, 7.36759957, 6.07424629, 4.12834643,
       6.11042893, 4.22389036, 4.43491164, 6.56487393, 1.76548729,
       4.6525545 , 7.01626836, 5.89886271, 2.61923979, 4.06992971,
       6.69416871, 5.48915579, 3.26867886, 5.54037079, 1.94266179,
       5.6019995 , 5.6861055 , 6.21412964, 5.00476986, 7.18796971,
       3.669235  , 6.46383586, 5.98599857, 3.62892379, 5.22299779,
       5.36913757, 5.99904014, 6.29968857, 4.84286757, 5.75013414,
       5.34194957, 5.6172085 , 5.40308014, 6.14564   , 5.86497129,
       6.10602571, 5.43257029, 5.78032814, 7.55364336, 7.13621936,
       3.93464329, 3.17227914, 3.8749185 , 5.32925536, 6.19400471,
       1.92231829, 4.32839036, 2.33378314, 6.75439221, 6.2870465 ,
       6.42220679, 5.6494505 , 6.265864  , 5.05254707, 5.624816  ,
       5.16608736, 6.76866221, 5.75939729, 5.58619786, 5.94219643,
       4.12241536, 5.54581736, 4.43339557, 4.225822  , 3.790135  ,
       5.49425607, 5.41423636, 6.38984486, 6.23187736, 3.64039993,
       7.069807  , 5.20761629, 0.99994193, 4.18717357, 5.25718764,
       5.18995836, 5.53633207, 1.76553636, 6.37759436, 2.9876915 ,
       2.68128436, 6.33070157, 5.5458225 , 3.22108421, 3.86271221,
       6.30112843, 6.01323507, 5.57923407, 7.65725729, 4.78828486,
       7.23833107, 5.52687836, 6.12366593, 3.86260271, 5.61456243,
       2.76185221, 7.25600757, 5.43623129, 2.51832679, 5.79452329,
       6.19436664, 4.3845035 , 3.27601221, 5.06450607, 3.64374457,
       1.92108357, 5.67159264, 6.83430679, 4.52131543, 4.56540771,
       5.63337743, 4.42164279, 5.73682429, 5.96192157, 4.03567279,
       5.42506743, 5.37446093, 6.23590814, 5.53041786, 5.74192421,
       5.36643136, 5.56947643, 5.37855914, 5.89690021, 6.88433429,
       5.85750964, 5.41444571, 5.90540079, 2.74106657, 6.04965529,
       7.09551621, 5.79215443, 2.59407614, 4.53372779, 5.48026393,
       6.54458429, 5.95157607, 5.500021  , 6.10053764, 6.35588386,
       6.3961275 , 3.57651414, 4.529977  , 5.97737079, 6.28314829,
       5.88079986, 5.1810625 , 5.49391707, 5.680756  , 6.977306  ,
       5.09617743, 4.030991  , 6.37509593, 5.83273614, 2.24116871,
       5.43577264, 5.84801971, 5.55016236, 4.89655821, 5.97805686,
       6.29568436, 4.76284407, 5.80763321, 6.23170436, 6.74074629,
       2.72100357, 2.90751864, 6.90103336, 5.30967193, 5.28039343,
       3.63263607, 4.8030395 , 4.5433345 , 5.6615965 , 4.96259957,
       6.0766255 , 4.56487393, 5.89660586, 4.46598471, 5.32230564,
       4.6236605 , 4.82180771, 5.88174929, 5.45247286, 2.17027771,
       3.14872207, 5.47839157, 5.3070095 , 5.680575  , 4.72688007,
       5.01954921, 5.03563907, 5.14943643, 4.81710271, 4.57681143,
       4.35603857, 1.43060336, 5.89979629, 4.68318429, 6.70989186,
       5.8224055 , 5.71148579, 2.45477293, 3.94731043, 6.764584  ,
       5.47427729, 6.30183514, 6.0150065 , 7.12956507, 6.37447414,
       6.91125293, 4.30999064, 4.32120071, 6.78395543, 6.18252621,
       4.973792  , 5.46852157, 5.98759707, 6.60627757, 6.43667814,
       6.06819064, 4.00627257, 4.08821671, 5.56912693, 2.95610071,
       2.86050571, 6.16215864, 5.58786193, 6.34540893, 6.18969186,
       4.14922771, 5.39898707, 6.05110443, 4.3831635 , 6.04474143,
       5.13100114, 2.25847736, 5.8518245 , 5.60647479, 5.42421636,
       3.73687079, 5.95515229, 4.41242507, 5.84328293, 5.29168721,
       4.24933664, 6.00446121, 6.14741021, 6.40133907, 6.31947636,
       3.94650807, 5.79319164, 7.094731  , 3.52618721, 6.191966  ,
       5.56694957, 5.23950286, 3.52192557, 5.07416636, 5.82128621,
       4.19973886, 5.74957979, 3.129069  , 5.46443136, 3.28979957,
       4.58037564, 2.12971407, 4.26183943, 7.46542107, 5.42450736,
       7.73906771, 7.17976479, 5.91959421, 3.44771064, 5.40512886,
       6.630853  , 4.573111  , 5.43268371, 5.93953286, 1.78093779,
       5.36035307, 5.63456193, 4.08192736, 6.27787586, 6.12562664,
       6.76287271, 2.96509893, 4.71883143, 3.74442164, 6.70141479,
       6.03510364, 6.26869443, 5.33688414, 5.38327236, 5.04673986,
       6.35020621, 2.38936071, 4.17990271, 5.01181457, 6.65529071,
       6.74351586, 5.19561607, 5.76661043, 5.94163393, 6.56879679,
       4.47590014, 5.55449236, 4.97394829, 6.03166493, 6.24480114,
       5.46110064, 5.72114421, 5.79392571, 5.06672921, 4.28516093,
       5.30060464, 6.49459279, 6.49497443, 1.85328343, 2.94477786,
       4.08178643, 4.08611036, 5.4443705 , 4.03726486, 5.98206186,
       5.45656143, 5.5621525 , 2.16961157, 6.26244221, 6.46234829,
       6.35420207, 7.05155071, 3.60348786, 5.65806286, 4.61016521,
       6.16686693, 3.91550657, 3.65616671, 5.23848364, 4.32967979,
       5.60249386, 6.67783614, 6.72201643, 5.90548207, 6.45361986,
       5.69196207, 5.90426293, 5.42980286, 5.574685  , 2.49993543,
       6.43958236, 4.81177114, 5.66263371, 4.31200129, 6.400715  ,
       5.70096564, 6.10809071, 5.265446  , 6.59429757, 5.680309  ,
       5.78038221, 3.49660729, 2.13069264, 5.29648407, 6.62059429,
       4.84924707, 1.78519186, 2.17625457, 6.5717155 , 6.65769057,
       3.81116107, 5.78306414, 4.71694107, 4.87798786, 5.433917  ,
       3.60318707, 5.77844014, 6.12229521, 2.00847671, 3.57549529,
       3.571803  , 5.64649479, 6.33430264, 5.57200743, 5.97273136,
       5.87514171, 6.13646529, 4.28822293, 6.60684464, 5.00284493,
       5.07708429, 6.49835671, 5.66262507, 6.61693079, 5.70299221,
       4.99608336, 3.99329129, 4.35776143, 5.57194036, 5.74626479,
       6.04648421, 5.97637207, 5.8941085 , 5.74701186, 3.84592557,
       6.44687657, 3.09208607, 6.55962543, 4.10736257, 4.83147336,
       3.70604836, 5.42480479, 5.91991821, 5.76014257, 5.49499043,
       2.75946557, 5.73252693, 4.81222686, 4.37041414, 4.55507057,
       5.623499  , 5.86330279, 7.84046007, 4.08195607, 4.5043245 ,
       5.28721571, 6.62950793, 5.71058886, 5.00000736, 2.92286386,
       3.49300221, 6.04470407, 4.22678386, 4.44129707, 6.969602  ,
       4.41778514, 5.4046385 , 5.63923336, 2.68514429, 3.84509764,
       5.45071186, 4.282444  , 5.75732421, 5.93044371, 3.68040464,
       3.0006495 , 5.23827014, 5.34511871, 6.883361  , 5.60485229,
       6.49433343, 4.310871  , 5.74810714, 2.864783  , 4.67180793,
       4.9127205 , 4.34602364, 0.        , 5.82763007, 5.31397714,
       6.09825307, 6.07526514, 3.24015093, 5.20873929, 4.26863707,
       3.46685036, 5.48081171, 4.7130695 , 5.21084729, 4.03259193,
       5.75371586, 4.72961529, 2.64953786, 5.2052505 , 4.48697371,
       5.54938857, 2.46842636, 4.68984221, 2.18944886, 4.40797121,
       6.81415979, 4.92428179, 1.73859093, 4.2470025 , 6.41914579,
       5.32777843, 5.93595821, 4.77184329, 5.74751357, 5.433838  ,
       4.85208736, 5.34699979, 4.78835271, 5.8997375 , 5.79102364,
       6.08167793, 6.33769079, 4.71191057, 5.59554836, 2.50082193,
       5.1854125 , 6.44103679, 2.2572725 , 5.54306529, 4.59128871,
       2.70735   , 6.44977293, 5.82993557, 3.45790064, 4.64835307,
       6.238449  , 1.66055121, 6.255459  , 5.98952379, 6.52775957,
       3.83555407, 5.15263229, 4.84967664, 2.91967414, 6.19844264,
       5.55361621, 4.26673586, 5.58671721, 3.10973529, 5.51468614,
       5.39247807, 4.00378743, 4.47489893, 5.11228914, 6.61272764,
       3.90501914, 6.14944136, 6.14331771, 6.66866314, 4.14844514,
       3.63889221, 6.10078943, 4.96038879, 4.75210129, 4.6957325 ,
       5.38483814, 6.86945821, 5.96750543, 4.49282257, 4.80531229,
       3.50300686, 6.36578057, 4.53930014, 4.84382029, 5.51268014,
       5.73827657, 2.72160829, 6.02779236, 6.08606221, 6.10614379,
       5.106304  , 4.14618786, 1.25844414, 5.87770657, 5.33817114,
       6.03661964, 1.23033493, 5.94669743, 4.80263643, 5.48482286,
       6.97844171, 6.60906557, 5.5206025 , 4.33873271, 5.96143057,
       3.93116564, 4.4622385 , 4.72779721, 5.6068265 , 5.69647407,
       5.10031607, 6.76931679, 5.40081479, 4.5590305 , 3.26996479,
       7.52068486, 6.14506907, 5.18058057, 6.42528157, 4.2164515 ,
       5.98344179, 5.3412275 , 6.608055  , 5.77678571, 4.48920493,
       4.55742893, 3.00348129, 4.8001965 , 4.79286464, 3.25960914,
       6.74087479, 6.38192893, 6.43100821, 6.18625529, 5.20958979,
       5.76886314, 2.72122257, 5.52597957, 6.11768286, 4.022307  ,
       6.00797721, 4.05515   , 5.91233386, 5.22138014, 5.23625193,
       4.58099164, 6.26962971, 6.76595221, 5.22540593, 6.313235  ,
       4.45170007, 1.64445936, 6.02233843, 5.38719564, 1.857936  ,
       6.41634464, 4.48895164, 6.55224414, 9.56191493, 4.78741621,
       6.12562321, 4.83690679, 4.90103579, 3.35738529, 7.38098136,
       6.18098664, 4.96504871, 5.05368921, 5.951726  , 3.82708543,
       5.13430757, 5.59819036, 6.03475893, 6.29743464, 4.20039571,
       3.67919393, 4.08692964, 4.65756707, 5.39063064, 5.86765107,
       5.44907957, 6.67338221, 1.95428771, 6.98717921, 1.12982071,
       6.15046293, 6.42799421, 4.79292514, 5.43750207, 5.98772336,
       4.49868414, 5.88009693, 5.43805364, 4.66046229, 6.23516843,
       4.90138371, 5.62936364, 4.20135729, 6.1770575 , 5.95565757,
       4.0706945 , 2.67372686, 5.36903943, 6.25749586, 5.62774293,
       5.02036979, 4.84499814, 6.22374786, 5.52618143, 4.584419  ,
       4.78802521, 6.40368193, 4.24666514, 6.35884771, 3.26269607,
       5.42419171, 5.60507564, 6.56371014, 3.01236007, 4.56503907,
       4.11209486, 5.649002  , 5.01586243, 6.42158386, 7.050767  ,
       2.8333295 , 7.308679  , 1.66590971, 4.74021486, 4.97421521,
       5.10633979, 6.24322593, 2.25337907, 5.07415814, 4.52870371,
       7.98445179, 5.31998364, 5.28752971, 5.6224175 , 6.10211214,
       4.339736  , 7.23632657, 5.04165107, 6.52531571, 4.25592957,
       6.08297829, 5.81689814, 5.74045136, 5.90395579, 2.45159271,
       6.52366414, 4.95983879, 4.89273   , 4.52941729, 6.32821093,
       5.94870171, 3.75341629, 4.492716  , 3.60066664, 6.76742493,
       3.49138614, 5.22588607, 4.01006886, 6.31639893, 6.34408257,
       4.50000793, 5.7067925 , 2.63415471, 5.35917929, 6.11317643,
       7.64606157, 5.24942171, 4.97654636, 6.62281093, 6.60049343,
       4.81824871, 5.57606429, 4.32870814, 3.53383471, 3.14551429,
       3.1044255 , 6.14210643, 6.40940393, 6.03522371, 5.60637921,
       6.51160443, 4.8635205 , 5.78408607, 5.6910235 , 4.647405  ,
       5.64922807, 3.68272043, 5.07877764, 5.34865636, 5.97147164,
       6.70513186, 5.00318136, 5.84359414, 4.70559143, 5.10451014,
       6.39087107, 4.25275686, 6.77712857, 5.86361279, 5.55174064,
       5.10108664, 6.56697193, 5.6111615 , 4.87860993, 5.57311414,
       4.44118221, 5.53791629, 5.32072786, 3.57375671, 5.45652043,
       4.58633664, 5.65191914, 6.14335121, 5.98408171, 5.65004943,
       1.34642014, 5.63990136, 4.650394  , 3.51876129, 6.29428793,
       7.87589386, 5.99004386, 1.7622155 , 6.20277629, 5.94112586,
       4.35300421, 5.52200836, 4.04900443, 4.77381557, 5.05913764,
       6.31102279, 1.73531   , 5.695857  , 3.93287293, 2.73029364,
       5.4710535 , 5.82451529, 6.02779514, 2.92450586, 4.34593186,
       6.07752621, 6.39315693, 5.57677764, 5.81139479, 6.28829621,
       6.19522721, 3.62817593, 5.90152021, 5.873812  , 5.56649143,
       4.66403579, 5.37616236, 6.11218793, 1.64997436, 5.67766321,
       6.12692593, 4.87322829, 5.92574486, 5.28645186, 2.59822929,
       6.54512621, 5.95700329, 5.348216  , 6.17999257, 2.99888107,
       6.20240486, 3.18407964, 5.08319364, 8.09872007, 6.17662007,
       6.01870536, 6.41770893, 5.96873393, 5.57512221, 5.2791545 ,
       5.51326936, 5.25422993, 6.23892279, 5.39341986, 6.27266293,
       5.94381136, 2.45954386, 7.01033   , 7.10607171, 5.34370443,
       3.03918921, 6.56382371, 5.70722114, 6.28312086, 4.17310436,
       6.41614443, 4.202058  , 4.91419686, 3.28733329, 4.14638807,
       6.58374443, 3.71492821, 5.944975  , 3.73872336, 5.32243564,
       1.75521293, 5.10260057, 4.85919079, 7.41484707, 5.10933857,
       6.12187314, 2.0597185 , 5.28686093, 6.48287421, 4.57728293,
       6.28565329, 6.24358979, 3.95572371, 5.35550714, 4.02627964,
       6.02260093, 7.39256136, 5.51188071, 4.89273714, 6.03441893,
       6.81508407, 2.02265907, 5.40814014, 4.13675764, 4.48737464,
       5.52051529, 5.16885214, 5.02503964, 4.458404  , 5.82015814,
       6.0764365 ]), 'delta_distances': array([ 5.08290386,  5.65224057,  6.494471  ,  6.09136271,  8.08650457,
        7.66306971, 17.32686471,  7.292686  ,  9.55042743,  6.80603271,
        7.18870571, 10.49603571,  7.89312157,  9.05342643,  4.09567743,
        5.262705  ,  8.71047986,  4.95255943,  8.30649171,  7.02393543,
        5.96906543,  9.59012157,  4.85265914,  5.37886686,  3.92762114,
        9.04093914,  4.766671  ,  7.95803286,  6.05714271,  8.972289  ,
        9.827462  ,  5.51456386,  4.81625229,  6.77949971,  6.98313029,
        9.287779  , 10.65028757,  6.70147786,  6.23092271,  8.00733757,
        6.96701243,  3.829129  ,  2.81774857,  5.22068314,  5.26303257,
        7.99521329,  6.34876529,  7.24755143,  6.87911114,  5.81315943,
        8.26703086,  9.96876086,  5.91599143,  7.13559857,  5.15625143,
        7.99643529,  7.68955314,  8.55354571,  5.96410557,  7.81953414,
        6.10820114,  6.98432414,  8.69320757,  7.96348443, 12.09095671,
        6.54803614,  8.19350314,  3.55574929,  8.62837957,  3.86921257,
        7.63250786,  6.45903029, 11.08797629,  4.73316586,  5.35772643,
        7.20956443,  5.580316  ,  9.738145  ,  7.44533386,  4.89879886,
        7.34837929,  5.58752086, 10.35417671,  3.662898  ,  7.65000743,
        6.424363  ,  4.374062  ,  6.43811714,  6.05598043,  4.93860886,
        7.02244971,  6.12808371,  8.42240714,  7.95821057,  4.00072   ,
        4.99276429,  6.80225957,  6.47494686,  6.95682857, 11.08379129,
        6.55595543,  9.97375371,  8.32852571,  7.86485943,  7.066918  ,
        7.99006057,  5.65228086,  5.93982571,  3.07733986,  5.09358086,
        6.93873857,  6.64271129,  5.72583357,  9.219682  ,  4.04786829,
        6.19655086,  8.69842771,  9.06741029,  5.44354586,  5.28960743,
        6.44357514,  7.90054671,  7.09209514,  6.84844171,  5.19058743,
        7.99788957,  4.88681486,  6.16260957,  5.41159629,  3.86656243,
        5.53330629, 10.33941071,  5.757496  ,  9.31531014,  9.00183529,
        7.53882443,  5.29664014,  3.71925757,  5.38501943,  9.03233386,
        5.65061771,  7.61328286,  5.452502  ,  5.30943257,  3.499025  ,
        6.56966471,  5.19424714,  7.52015829, 11.51065143,  3.62446029,
        6.95194143,  5.51873043,  5.96962286,  9.48586271,  6.15569714,
        8.54863614,  5.1562    , 12.52648971,  5.65397886,  7.53329371,
        8.68302129,  8.239382  ,  7.99340829,  4.888509  ,  6.96881443,
        5.44220186,  6.72872671,  4.75828757,  9.16074086,  6.677346  ,
        5.027434  ,  4.92312043,  5.65232643,  9.27608157,  6.59225714,
        8.796802  ,  8.14974186,  4.05400814,  7.12360514,  3.87596543,
        6.82091557,  4.80588386,  7.59881586,  7.53983786,  5.62470843,
        9.95842871,  7.55133214,  5.170873  ,  4.89107043,  6.37734629,
        8.67807329, 10.16036814,  4.77505771,  4.20695   ,  6.498531  ,
        7.162204  ,  7.93023014,  7.94325557,  6.77858386,  4.75064514,
        6.88547171,  7.54457986,  6.81245586,  8.69489171,  5.86711286,
        7.98339057,  7.50881186,  6.18543357,  5.43422686,  5.67764243,
        6.82154243,  5.78525829,  4.81703571,  8.91072114,  7.02962557,
        6.70738414,  6.79278243,  9.37049143,  6.15253329,  6.04084471,
        5.14986286,  4.96486757,  7.49701171, 12.57934043,  4.66929529,
        7.32636429,  6.95038271,  6.44404157,  4.97608657,  7.22946171,
        5.85936557,  9.201365  ,  5.83119943,  6.00139686,  6.82551029,
        6.08094057, 11.749779  ,  4.06883129,  5.93764257,  7.97810143,
       10.16985257,  4.57503214,  5.50488529,  3.379428  ,  5.54413871,
        7.23176543,  6.15366629,  5.86342014,  6.05627586,  6.69548   ,
        9.21987143,  7.83953743,  4.33732157,  7.95839986,  8.381784  ,
        3.77790657,  6.20969071,  6.33218986,  7.58630557, 11.14070814,
        6.26452157,  5.103203  ,  7.68275543,  3.665619  ,  7.33695071,
        7.039705  ,  6.94452943,  5.71704229,  4.61119886,  6.548912  ,
        5.11044829, 10.46197386,  4.06885143,  9.37920371,  6.14319686,
        7.90291371,  6.35149514,  4.58685829,  5.616457  ,  7.12888457,
        5.63659771,  7.33084443,  6.86277614,  6.98454557,  5.24311986,
        5.38544857,  8.49352971,  8.46824857,  7.08254386,  4.24112129,
        6.75561843,  6.65488114,  4.75684943,  6.06824386,  6.53306571,
        6.61979029,  6.16340829,  8.91364757,  5.00612957,  5.46723829,
        5.73203271,  5.786695  ,  5.00244443,  4.64610571,  7.95558229,
        8.47060814,  5.62126414,  5.70215357,  5.71009414,  5.69065257,
        8.56956614,  6.07972686,  5.28847043,  8.36644743,  8.58311171,
        8.48752629,  8.96738114,  7.27587114,  6.765719  ,  9.74219429,
        7.08970943, 12.04694314,  4.41734486,  6.193926  ,  7.59961529,
        4.97916   ,  8.42747871,  7.34756143,  5.86211886,  6.47064443,
        7.98548171,  5.90212214,  5.76092443,  9.37562029,  8.71527543,
        6.01412143,  6.52430586,  5.68660471,  4.90625714,  5.87552986,
        6.79615029,  5.471687  ,  7.69347843,  6.82174586,  2.99534529,
        6.90957057,  6.23686929,  7.59553929,  5.050173  ,  7.68045843,
        9.56958986,  7.11423014,  4.92907157,  5.71659829,  4.33322771,
        5.98118571,  8.01529614,  6.09601686,  5.56327043,  8.24361414,
        6.49773229,  4.93022557,  4.81993257,  9.37076229,  6.42128429,
        7.74298171,  6.84089271,  5.66356686,  5.35595114,  4.833014  ,
        9.10616614,  9.67008957,  4.43682057,  3.82300771,  6.891252  ,
        7.19766029,  5.66280343,  8.84451771,  7.88005371,  4.460534  ,
        6.19682871,  5.32118071,  6.16142071,  4.27943171,  4.69681457,
        6.14419029,  6.20662471, 12.55435986,  9.70508743,  6.198125  ,
        5.313156  ,  8.38143557,  6.48176386,  5.72144971,  5.89568729,
        5.02215471,  8.84550143,  4.38283986,  5.67584529,  9.13343871,
       10.994105  ,  6.10780857,  4.846528  ,  4.11207971,  7.35540314,
        5.45979871,  7.42057629,  6.17923   ,  6.29044871,  4.46499329,
        4.428387  ,  7.300827  ,  6.55514543,  6.14029886,  3.88346429,
        7.51838329,  8.41282186,  8.73902171,  8.511316  ,  6.60118286,
        5.43877   ,  7.151081  ,  4.81974986,  9.864063  ,  7.14267129,
        7.75324786,  5.61760271,  4.34300371,  7.92430871,  4.99020671,
       13.73528614,  4.01126043,  5.24254129,  5.32005229,  5.91161157,
        5.87515657,  7.72821957,  6.82035286,  4.56031014,  5.48850357,
        5.18355657,  4.99888057,  3.58987286,  4.60177929,  7.671699  ,
        6.90343643,  3.321969  ,  6.29083457,  6.39553057,  8.214146  ,
        8.06760357,  9.57620329,  8.70042729,  6.99905771,  4.61310343,
        9.35906343,  5.09813514,  9.26291557,  7.21406257,  8.92994914,
        9.13361486,  3.992105  ,  8.726166  ,  9.036543  ,  5.48686586,
        4.51516414,  4.74258714,  9.708333  ,  5.37976871,  4.77850886,
        5.84231029,  7.46646686,  5.32837043,  6.461934  ,  7.18450157,
        6.67559314,  4.69583043,  6.28647686,  7.47266343,  7.38034857,
        5.95246714,  5.66077171,  4.10202414,  3.73172371,  5.43391857,
        4.85732743,  6.75817614,  9.69362014,  3.01288757,  8.253162  ,
        5.893235  ,  8.51354371,  5.83123429,  6.462583  ,  5.32179114,
        6.013471  ,  6.71723986,  5.63259843,  6.13173429, 10.99200743,
        7.33887943,  7.927521  ,  6.08782029,  5.37805814,  8.35608657,
        7.75212057,  6.47821229,  5.24640586,  7.00735129,  4.93396629,
        5.45597471,  7.12794129,  3.74107329,  7.123029  ,  8.84731986,
        7.79935843,  4.36110557,  8.05340686,  6.60082586,  4.44382257,
        6.59380029,  5.03924114,  0.        ,  4.975279  ,  5.02065986,
        8.07065657,  6.51979143,  4.960078  ,  6.40879943,  6.75680971,
        4.102208  ,  9.197141  ,  5.59870871,  6.91568414,  4.38737029,
        5.45642129,  4.84793586,  4.91892914,  8.07048843,  6.590028  ,
        6.96865214,  4.149975  ,  6.17190357,  5.260897  ,  7.453006  ,
        9.41137729,  5.91698371,  4.41196086,  3.70597257,  6.82093357,
        5.62821886,  9.87502586,  5.079584  ,  4.94709914,  4.44258543,
        4.93351457,  7.577787  ,  5.69947729,  7.43481929, 11.26376971,
       10.303767  ,  5.83699029,  7.02120586,  6.00134571,  6.89133943,
        6.13889243,  7.08362857,  4.79431029,  6.04171757,  6.78766029,
        6.57276457,  6.04523   , 10.08391286,  5.00216529,  6.75741514,
        9.66862543,  5.39296257,  7.10060471,  8.25461914,  7.61080571,
        6.66285743,  7.55069329, 10.169036  ,  5.865853  ,  7.84674229,
        7.57363229,  5.12334043,  5.11624129,  7.88173957,  6.754078  ,
        8.36595943,  6.33036486,  4.73624371,  5.49071386,  7.23153357,
        8.09119986, 10.02729786,  6.02581643,  8.55579086,  6.94097057,
        6.180582  , 11.48488371,  4.80867943,  5.451032  ,  7.22021271,
       12.59125957,  6.096795  ,  6.98986943,  6.37959343,  5.19355714,
        4.23365086,  3.39909771,  8.498672  ,  5.560085  ,  7.21244271,
        7.92431943,  4.26032443,  4.76918086,  4.99664714, 11.67774786,
        5.72783271,  5.70863   ,  3.77373286,  7.61674143,  7.636787  ,
        6.94756514,  4.16137529,  8.78208057,  6.39729729,  4.39519629,
        6.12630057,  6.151122  ,  5.00069143,  6.925748  ,  6.23176371,
        5.09891186,  6.828952  ,  6.99963171,  4.662041  ,  8.43949486,
        9.880802  ,  5.19721014,  5.801307  ,  8.72797814,  5.89114743,
        6.83373886,  7.59647286,  6.91815029,  6.25517357,  5.34078529,
        6.37529   ,  5.330303  ,  8.69506471,  3.95507314,  7.012464  ,
       11.99657357,  6.80495943, 11.65900957,  9.43855029,  5.24935343,
        6.14288257,  5.18073371,  7.761267  ,  8.02388557,  7.466548  ,
        8.71796343,  5.114754  ,  9.27640029,  4.82245929,  4.586625  ,
        7.068058  ,  8.22253143,  7.89968186,  6.49986471,  8.25377514,
        6.71394371,  6.51808929,  6.40874743,  6.49000943,  7.072993  ,
        4.60613386,  4.371725  ,  6.99187043,  5.05005529,  4.375523  ,
        6.40839714,  7.63880757, 12.28758643,  7.27325643,  4.73466129,
        6.65155757,  9.37566414,  7.16379357,  7.56784514, 10.66087957,
        5.76432786, 10.76856957,  6.18308886,  5.86255871,  5.35558914,
        7.07576857, 10.28085457,  7.36321857,  6.45656429,  3.91996686,
        5.36179571,  5.34579086,  8.34057971,  6.69791014,  6.14814657,
        5.41754671,  8.90991457,  3.79663   ,  3.59924229,  3.03005286,
        8.99983186,  8.32278743,  6.73947086,  4.40177886,  8.85628429,
        6.89617686,  8.480032  ,  8.34417157,  5.64566386,  5.79242386,
        8.93537714,  6.688566  ,  7.14746643,  5.54392357,  5.17883257,
        7.60055614,  6.67872043,  4.28671286,  6.616052  ,  7.41183857,
        5.73956129,  7.56082157,  6.10301857,  9.14789214,  5.78046986,
        6.35729986,  5.71766129,  6.79442529,  9.36694857,  8.117498  ,
        6.25417943,  6.59165357,  6.26332643,  6.99654143,  8.26538214,
        5.15474971,  3.08333771, 10.553849  ,  4.88827814, 10.52726129,
        5.14223329,  6.63956529,  5.51977429,  7.49770071,  7.76526457,
        7.081159  ,  4.30620314,  5.99080357,  6.813724  ,  8.418581  ,
       10.68260629,  6.75277186,  8.14817443,  6.73793357,  8.83172957,
        6.17242843,  4.44311543,  6.97192043, 10.24420014,  7.35623971,
        7.08998571,  6.85661343,  3.99248957,  5.289033  ,  5.38937214,
        6.02164929,  7.84287586,  5.17998057,  6.14696229,  6.726607  ,
        5.60399886,  5.610837  ,  3.90892486,  4.64620914,  8.677554  ,
        6.71327414,  8.69033929,  5.643093  ,  8.975612  , 12.20005286,
        4.49138671,  6.04080314,  4.02041443,  5.27396943,  5.449482  ,
        4.87670014,  5.02342343,  9.050164  ,  9.35424929,  7.93478329,
        9.17053843,  6.053316  ,  7.66609371,  4.53965929,  5.74103657,
        5.30181271,  7.74293643, 10.35067414,  4.98788014,  7.74359686,
        8.95060643,  8.52016886, 10.282775  ,  5.72318814,  5.77709471,
        7.32849771,  7.31480643,  4.79030171,  6.02433471,  7.28042071,
        5.48020386,  9.56122571,  5.03764229,  6.17776743,  4.73628029,
        6.26156514,  7.52140943,  8.34551257,  6.20114386,  5.93078629,
        6.62911429,  6.83972414,  5.011131  ,  3.68109671,  4.96572829,
        6.65852729,  6.50780557,  5.80533529,  4.83210057,  8.08029914,
       10.28962814,  6.16894057,  5.53630229,  8.77349686,  5.57854186,
        3.37343443,  6.29018886,  5.88932186,  6.26037657,  6.53008971,
        9.25586214,  4.11784571,  3.90034486,  8.74175857,  9.16012043,
        5.17969186,  4.80749286,  7.43775043,  2.91456671,  5.77024029,
        7.10662614,  5.06384529,  4.19654114,  5.91104843,  3.52162443,
        6.03294457,  4.34611429,  9.47121457,  4.34327557,  7.09666529,
        8.70359986,  6.13287129,  8.98119471,  5.63469443, 11.88477286,
        8.404737  ,  7.01759343,  7.254902  ,  4.984261  ,  6.090454  ,
        6.96459086, 10.11212157,  6.83991986,  3.38569786,  7.34940229,
        8.34090857,  4.96891829,  6.49294071,  6.172358  ,  4.05957014,
        8.39687443,  5.26728429,  6.17918443,  4.08053471,  6.423094  ,
       10.49487743,  8.61007743, 10.05108014,  7.45046271,  4.81272314,
        4.48197871,  6.646547  , 10.51631057,  6.71650314,  7.483686  ,
        7.86039771,  5.696671  ,  8.816762  ,  4.924746  ,  7.53906043,
        9.15614186,  7.33027214,  8.30053943,  6.46257357,  7.76374   ,
        6.07179229,  9.18450957,  6.60981357,  7.59150729,  7.41353314,
        8.03377014,  7.44129471,  6.21212757,  7.01241   ,  8.49890171,
        6.09825829,  6.97306129,  6.450111  , 12.18593657,  7.35574886,
        3.16536857,  4.80308957,  7.26065514,  8.864174  ,  6.54368329,
        4.29542771,  3.75994657,  5.66227214,  6.787733  ,  5.236185  ,
        5.10336057,  4.77546   , 11.59191957,  7.43301371,  6.03889686,
        7.59358329,  9.377638  ,  7.67080243,  5.215918  ,  6.09107157,
        9.90659943,  5.26306671,  4.20940029, 12.40811029,  8.23455757,
        6.22288457,  7.32717257,  5.29658029,  9.38160829,  6.937426  ,
        7.10770214]), 'locations': array([28, 28, 32, 32, 30, 27, 30, 27, 28, 26, 30, 27, 26, 38, 26, 32, 28,
       31, 29, 27, 26, 31, 30, 29, 29, 30, 25, 27, 33, 28, 27, 29, 31, 30,
       31, 28, 30, 31, 35, 28, 31, 26, 27, 27, 30, 28, 32, 26, 27, 29, 32,
       28, 33, 31, 33, 33, 28, 26, 26, 33, 30, 29, 32, 33, 30, 30, 27, 27,
       28, 27, 29, 33, 30, 29, 28, 31, 29, 28, 29, 30, 31, 27, 28, 27, 30,
       27, 33, 32, 28, 32, 31, 28, 29, 27, 31, 31, 36, 26, 30, 29, 34, 28,
       36, 25, 33, 27, 28, 28, 28, 32, 28, 28, 28, 33, 29, 34, 30, 31, 31,
       28, 33, 31, 31, 28, 31, 30, 32, 32, 34, 30, 27, 28, 33, 35, 29, 35,
       39, 30, 28, 32, 28, 28, 29, 25, 30, 27, 30, 29, 29, 27, 31, 32, 28,
       31, 27, 26, 30, 32, 30, 35, 28, 28, 33, 28, 32, 33, 28, 27, 29, 30,
       26, 26, 26, 29, 29, 35, 29, 34, 30, 27, 27, 32, 29, 26, 30, 30, 34,
       26, 30, 28, 28, 28, 31, 31, 30, 34, 27, 29, 26, 33, 33, 29, 39, 32,
       33, 35, 28, 30, 28, 28, 28, 35, 27, 29, 27, 36, 38, 30, 29, 29, 28,
       28, 35, 28, 28, 34, 31, 33, 28, 30, 27, 28, 34, 33, 30, 30, 28, 31,
       27, 28, 27, 29, 31, 32, 31, 29, 30, 32, 29, 30, 28, 34, 28, 31, 34,
       28, 26, 30, 33, 30, 28, 29, 27, 26, 35, 29, 33, 27, 31, 30, 27, 29,
       25, 31, 30, 38, 30, 26, 27, 25, 27, 36, 32, 29, 28, 34, 34, 29, 28,
       27, 30, 28, 27, 26, 33, 31, 31, 30, 32, 32, 26, 28, 31, 28, 30, 29,
       33, 31, 29, 27, 30, 31, 31, 30, 27, 27, 28, 31, 30, 27, 29, 27, 31,
       29, 30, 33, 27, 29, 33, 28, 31, 29, 31, 32, 35, 31, 27, 27, 27, 27,
       31, 27, 34, 36, 28, 28, 29, 29, 26, 29, 30, 29, 28, 25, 32, 34, 32,
       27, 29, 26, 32, 29, 32, 30, 29, 30, 30, 26, 32, 33, 30, 30, 29, 32,
       33, 31, 33, 28, 34, 28, 32, 35, 33, 27, 27, 26, 28, 30, 30, 27, 33,
       28, 29, 32, 34, 26, 35, 29, 26, 29, 29, 30, 30, 32, 28, 29, 32, 30,
       31, 31, 26, 30, 39, 31, 27, 30, 31, 32, 30, 28, 27, 28, 26, 31, 30,
       39, 25, 28, 30, 28, 29, 27, 28, 34, 33, 33, 29, 28, 29, 31, 28, 31,
       26, 28, 28, 27, 33, 27, 26, 28, 33, 35, 27, 34, 25, 29, 28, 28, 30,
       30, 28, 29, 29, 30, 27, 33, 33, 29, 27, 29, 32, 29, 29, 36, 28, 28,
       29, 34, 28, 30, 29, 31, 32, 27, 28, 31, 34, 33, 30, 28, 32, 28, 33,
       28, 28, 29, 26, 41, 28, 28, 31, 36, 29, 28, 29, 29, 27, 32, 28, 30,
       28, 27, 26, 35, 30, 29, 26, 26, 29, 26, 28, 33, 30, 32, 28, 28, 32,
       29, 35, 28, 28, 29, 29, 30, 29, 29, 28, 30, 27, 27, 36, 29, 27, 28,
       27, 32, 27, 29, 28, 31, 31, 26, 31, 29, 33, 26, 35, 29, 30, 30, 33,
       31, 32, 38, 29, 27, 32, 27, 26, 29, 30, 31, 30, 27, 29, 29, 29, 27,
       30, 34, 30, 26, 27, 29, 30, 35, 26, 25, 30, 35, 28, 29, 31, 27, 32,
       28, 30, 29, 40, 30, 29, 30, 34, 31, 29, 29, 30, 33, 28, 33, 28, 27,
       27, 28, 33, 32, 30, 32, 28, 29, 27, 27, 28, 33, 30, 26, 28, 35, 30,
       27, 32, 30, 28, 27, 34, 28, 30, 29, 26, 30, 30, 30, 33, 28, 27, 31,
       33, 27, 28, 28, 36, 31, 27, 34, 34, 30, 27, 28, 28, 30, 30, 27, 32,
       33, 33, 30, 28, 27, 29, 29, 36, 31, 28, 31, 29, 31, 28, 32, 30, 27,
       28, 29, 33, 31, 31, 28, 30, 30, 27, 28, 31, 27, 27, 30, 30, 39, 29,
       30, 32, 30, 29, 30, 39, 33, 30, 30, 27, 27, 31, 27, 29, 30, 29, 31,
       27, 30, 33, 27, 31, 29, 34, 31, 34, 33, 28, 26, 35, 35, 31, 31, 30,
       28, 28, 31, 29, 27, 27, 26, 30, 26, 29, 32, 30, 29, 30, 30, 29, 29,
       28, 32, 30, 30, 27, 31, 31, 27, 26, 28, 27, 29, 27, 27, 30, 33, 28,
       33, 30, 29, 28, 28, 27, 26, 27, 31, 29, 27, 30, 33, 31, 29, 36, 30,
       27, 29, 30, 27, 27, 26, 28, 31, 27, 31, 30, 35, 30, 29, 34, 27, 34,
       31, 24, 32, 29, 35, 26, 29, 33, 27, 28, 27, 29, 33, 30, 33, 32, 28,
       29, 29, 31, 26, 28, 30, 28, 34, 30, 30, 28, 30, 27, 25, 27, 27, 28,
       28, 28, 28, 33, 30, 26, 27, 29, 26, 28, 27, 28, 29, 34, 30, 32, 31,
       30, 26, 27, 31, 29, 34, 31, 27, 27, 28, 28, 29, 27, 30, 31, 30, 31,
       31, 30, 26, 40, 26, 28, 30, 32, 27, 32, 30, 34, 29, 33, 27, 32, 31,
       28, 28, 31, 31, 28, 30, 36, 28, 30, 26, 26, 29, 33, 29, 28, 29, 27,
       30, 29, 28, 33, 32, 30, 28, 28, 30, 33, 26, 34, 31, 30, 29, 31, 33,
       29, 30, 30, 31, 33, 33, 30, 29, 28, 38, 27, 28, 32, 29, 28, 28, 34,
       26, 28, 29, 31, 28, 31, 28, 28, 30, 31, 31, 26, 30, 30, 29, 34, 32,
       27, 26, 28, 29, 28, 31, 29, 27, 27, 27, 30, 29, 41, 31])}], 'clusters': array([0, 0, 0, ..., 0, 0, 0]), 'time': 1878.8572249412537}
lenSubsequence: 17{'RI': 0.4995930566118294, 'num_clusters': 2, 'uShapelets': [{'ts_index': 121, 'loc': 26, 'gap': 1.5348436579546814, 'distances': array([11.11591565,  8.90953353,  8.20377788, ..., 10.01584624,
        8.77552847, 10.09118471]), 'delta_distances': array([ 9.10216612, 10.75016353, 12.90250459, ...,  8.97708188,
       11.44869965, 11.65247188]), 'locations': array([62, 22, 23, ..., 12, 24, 23])}], 'clusters': array([0, 0, 1, ..., 0, 0, 0]), 'time': 1320.9331419467926}
lenSubsequence: 20{'RI': 0.49959750408055253, 'num_clusters': 3, 'uShapelets': [{'ts_index': 742, 'loc': 16, 'gap': 1.5263314450973269, 'distances': array([12.407972  , 10.36781205,  9.68177975, ..., 11.46669395,
        9.91718125, 11.15954655]), 'delta_distances': array([12.2094544, 12.271505 , 14.6736407, ..., 11.9089157, 12.9300833,
       13.1392471]), 'locations': array([16, 14, 15, ..., 46, 16, 15])}, {'ts_index': 473, 'loc': 19, 'gap': 1.0055844887460785, 'distances': array([5.69304415, 6.42841605, 6.51783475, 6.70511535, 4.8055461 ,
       5.3764172 , 4.5592933 , 4.89733125, 6.08859455, 3.20744905,
       4.7608144 , 4.76813465, 6.1352994 , 7.0110307 , 6.19272365,
       5.13598705, 4.92315095, 4.312871  , 5.40832995, 5.9785663 ,
       2.50221445, 6.8552231 , 5.61504735, 3.2265035 , 3.8928423 ,
       4.4780822 , 4.3263662 , 5.8162441 , 6.51010945, 4.3316881 ,
       4.33738735, 5.77058205, 4.77464315, 6.6815751 , 4.0000828 ,
       4.85525005, 4.4355527 , 6.6907257 , 3.92575515, 6.23044045,
       6.3134081 , 2.1122244 , 5.85892985, 3.48465695, 6.5770526 ,
       6.6609134 , 3.5847049 , 5.5168455 , 5.55553705, 3.50898795,
       5.6658799 , 3.21480275, 5.38678435, 5.89291605, 5.7633031 ,
       4.7752474 , 6.3713055 , 4.6894481 , 6.03080735, 6.50320265,
       5.31226585, 3.3522334 , 6.4489375 , 4.03174825, 4.8149696 ,
       6.3471149 , 2.1810134 , 4.7813979 , 8.71239265, 4.9632295 ,
       4.1797774 , 4.75342575, 6.26795945, 6.48092275, 2.6310316 ,
       6.6000104 , 3.446827  , 4.381525  , 6.3668886 , 5.34706195,
       5.84411935, 6.4556935 , 3.81072485, 6.90484045, 5.61051665,
       4.25912205, 5.4755077 , 5.98543815, 6.45147985, 5.0762803 ,
       3.92840185, 6.09291725, 5.0874024 , 4.827163  , 4.49732095,
       6.73965675, 5.43292975, 6.6403679 , 6.01126745, 5.65291635,
       7.64425865, 5.8958707 , 5.1428987 , 4.77173985, 4.63749115,
       6.1139412 , 6.38416995, 3.5889847 , 6.02759   , 2.67978285,
       6.01734425, 6.23786945, 6.2871105 , 5.7497379 , 6.1116525 ,
       6.64305505, 5.60088055, 5.9010279 , 5.781296  , 6.56789135,
       5.02791235, 6.162539  , 4.34243175, 6.0732066 , 4.30361595,
       4.1744938 , 4.8910705 , 5.98899075, 4.34453555, 7.16206765,
       5.3910587 , 2.39329015, 7.0769715 , 4.8148619 , 1.49858245,
       4.92460545, 5.80133295, 4.75577265, 3.2906172 , 3.24181275,
       7.08289945, 3.81190115, 4.2612428 , 6.11046075, 2.74999855,
       5.36571   , 6.6510641 , 6.0964351 , 5.6097134 , 7.86721155,
       5.6878519 , 4.7580946 , 6.26544375, 3.87317185, 4.3352707 ,
       6.1635914 , 2.18243825, 4.80177535, 5.768089  , 4.13356805,
       5.53948725, 5.52353635, 5.09255655, 4.89539205, 6.02980915,
       3.56903945, 3.0357795 , 6.59491715, 6.2968569 , 3.4760225 ,
       4.42829005, 4.5075647 , 2.85718895, 7.06290445, 5.69039485,
       4.39505325, 6.13446305, 4.94723445, 4.9267686 , 3.25959885,
       5.1941983 , 5.6977986 , 4.7216794 , 4.8800951 , 5.1549567 ,
       5.67905305, 7.34197705, 6.42255545, 5.07650425, 5.4596797 ,
       2.7888263 , 5.8665358 , 6.2947149 , 7.2552183 , 2.91456775,
       5.05045055, 5.6597765 , 7.1941368 , 5.845177  , 6.4689798 ,
       4.8187594 , 6.1827302 , 5.829022  , 4.722929  , 4.6463888 ,
       5.8283398 , 6.80721335, 5.79118875, 5.02881285, 6.77876935,
       6.27144355, 6.3683464 , 3.884255  , 2.61470085, 6.75498825,
       5.53532205, 1.63848725, 4.9651674 , 7.2785477 , 5.7143602 ,
       2.92312805, 6.4264964 , 5.87827405, 4.8052355 , 5.8852489 ,
       6.59826055, 6.0506245 , 2.6009986 , 3.1652322 , 5.40608005,
       5.5255042 , 4.68568735, 3.0497589 , 5.83031735, 5.78540725,
       5.620064  , 5.06713795, 6.59437855, 6.39963645, 6.77254415,
       4.84755905, 6.39973315, 4.20370615, 6.2323565 , 6.5274218 ,
       5.96150395, 3.59637485, 3.0094905 , 5.3888245 , 6.1555382 ,
       5.9839378 , 5.3504006 , 6.1399465 , 6.41100135, 5.8010987 ,
       4.06786045, 4.3458016 , 4.09479945, 2.0202107 , 5.3535459 ,
       5.952143  , 5.52124155, 6.39657755, 5.16319605, 2.7590666 ,
       2.81475695, 4.49465135, 6.5493716 , 5.69427415, 5.36138745,
       7.16895995, 7.10925055, 5.93477975, 5.21465725, 3.9630867 ,
       5.46799375, 6.53741205, 5.57171395, 6.3256103 , 4.96470025,
       6.36005455, 6.2375699 , 6.5712833 , 5.58495575, 2.69121645,
       5.694211  , 5.7251824 , 3.8468087 , 2.29477225, 6.35250775,
       5.54225345, 6.4194598 , 5.4237502 , 4.1414809 , 5.04603055,
       5.2100503 , 4.5675134 , 6.34423195, 5.3013889 , 3.4286813 ,
       4.7430288 , 5.87229185, 5.0595395 , 3.34045325, 6.2684294 ,
       4.6746422 , 5.89247125, 6.1233721 , 3.62038665, 5.90970455,
       6.1747083 , 6.1016651 , 5.5206707 , 3.81970715, 5.40100145,
       6.44761345, 3.9955917 , 3.3306951 , 6.27460975, 4.98184405,
       5.4000767 , 4.5382588 , 5.4417764 , 3.64415525, 5.13178905,
       4.70778165, 5.74683875, 4.7640026 , 3.49164425, 2.0314587 ,
       4.56368115, 6.3619622 , 4.4971663 , 7.5240212 , 6.6937398 ,
       5.48548085, 4.66260155, 5.0045636 , 6.3759347 , 4.9889508 ,
       4.8982231 , 5.02843725, 3.5394894 , 4.71579225, 5.4034869 ,
       4.8661741 , 6.2079109 , 5.9614618 , 6.77349115, 2.47802045,
       5.1436721 , 5.5035541 , 7.1009753 , 6.4525921 , 5.29476985,
       4.8974854 , 5.7068788 , 5.24710945, 5.51581475, 2.5175647 ,
       4.6651709 , 5.59789765, 6.87770685, 6.32671405, 5.20449575,
       6.28212505, 5.61484015, 6.43683065, 2.52586265, 4.4797013 ,
       6.4718257 , 5.890866  , 5.8399978 , 5.18322775, 4.67383   ,
       5.2606698 , 4.8036598 , 5.02933805, 5.5701056 , 7.5848538 ,
       6.3230298 , 1.5784212 , 3.185909  , 5.6491621 , 4.1108391 ,
       3.30829235, 4.55347015, 5.4070836 , 6.2983088 , 5.5759453 ,
       3.99628895, 0.        , 6.7594656 , 7.6820296 , 6.707468  ,
       5.7437158 , 3.3053732 , 6.05412405, 4.8159588 , 7.8484828 ,
       4.0148396 , 4.9666108 , 6.3651467 , 4.9652474 , 4.5655189 ,
       5.6670989 , 6.7293906 , 5.8074008 , 6.34774905, 6.16241905,
       6.21292975, 3.8328483 , 2.68273155, 5.3539897 , 4.19437   ,
       5.82935915, 2.06560695, 5.1834342 , 5.59058595, 6.0135367 ,
       4.7172122 , 5.70436085, 5.13112965, 6.2610705 , 5.6049562 ,
       5.6552454 , 2.6735261 , 5.9213885 , 6.20752325, 3.5924727 ,
       3.23094835, 3.0395263 , 6.0020332 , 5.9136329 , 3.52889395,
       6.3714208 , 5.17671525, 5.6929002 , 5.6465404 , 4.49838405,
       5.9925013 , 6.7573351 , 3.2253441 , 5.14953895, 5.635567  ,
       5.95091475, 5.6814388 , 6.113232  , 4.55725635, 4.2016858 ,
       5.06778925, 3.5658283 , 6.5663138 , 5.77352215, 5.61130835,
       6.0729439 , 5.3950404 , 6.6666493 , 4.9497851 , 5.88034425,
       4.68685835, 3.6872371 , 3.3372677 , 6.02343195, 6.7096946 ,
       6.1856595 , 4.8315177 , 4.8388812 , 4.95627605, 5.989897  ,
       2.32608825, 5.92686445, 4.24234735, 5.84187855, 4.0694613 ,
       5.61981625, 6.6615115 , 4.1506613 , 4.8082623 , 2.56097245,
       6.1692468 , 6.6415216 , 5.56799035, 4.83977935, 6.63876505,
       6.643622  , 8.247215  , 5.9869162 , 3.1203223 , 6.0445439 ,
       6.76502235, 6.20204755, 5.68676145, 4.21730095, 4.88622515,
       5.8239964 , 5.0848213 , 4.025868  , 4.0777778 , 8.0300883 ,
       4.73556215, 5.227258  , 5.8045672 , 4.51217715, 3.509382  ,
       5.7104874 , 5.75334515, 6.0357747 , 6.5874399 , 5.26672115,
       3.8119682 , 5.2006749 , 4.9809246 , 6.36282885, 4.9483685 ,
       4.5076006 , 5.9412673 , 5.3690968 , 3.89255475, 5.9533131 ,
       2.46604485, 4.0069527 , 1.3426461 , 5.7725597 , 5.66501155,
       6.16183155, 5.69603   , 3.80378235, 4.7594891 , 4.0863143 ,
       5.0534655 , 5.1172205 , 5.3190132 , 3.74203105, 4.579099  ,
       5.18026725, 5.3041584 , 3.55128995, 6.0245695 , 2.63305195,
       4.45983375, 3.34623095, 4.43140885, 2.8233735 , 3.2751801 ,
       6.2919791 , 3.66812585, 2.05722805, 5.47415625, 6.77669315,
       6.5582798 , 4.8116299 , 5.77951595, 6.2583984 , 5.8055455 ,
       5.2961338 , 4.4416912 , 5.348706  , 5.27913945, 5.64574795,
       4.57683855, 6.19983815, 5.00619845, 6.0257147 , 1.3101701 ,
       5.20659115, 6.1652302 , 2.63494375, 6.0616005 , 4.41963585,
       3.36573535, 6.3253093 , 5.1543335 , 4.85209335, 4.2647875 ,
       7.07153765, 2.31906375, 6.674609  , 5.3161961 , 5.9641492 ,
       5.22324585, 5.7909375 , 6.3883464 , 3.40793145, 6.76449345,
       5.1540465 , 5.48598575, 5.2255433 , 3.35049085, 4.8519085 ,
       3.53570415, 3.8848897 , 5.82860285, 5.9532101 , 6.56810305,
       3.0390665 , 5.5003153 , 6.21453455, 6.19786675, 5.40606595,
       3.7819597 , 4.281794  , 4.9783145 , 6.4230547 , 5.4173844 ,
       4.9839074 , 6.15422445, 4.81647375, 6.19294085, 5.7086947 ,
       3.3108742 , 6.7571328 , 4.9367521 , 4.951067  , 4.40213135,
       5.4743996 , 3.55787275, 6.2277044 , 5.3827961 , 4.2911092 ,
       5.28616025, 5.30306005, 2.2762829 , 6.10168315, 5.945673  ,
       6.2758687 , 1.2921024 , 6.31218835, 5.2324775 , 6.76669925,
       5.46363055, 6.05964265, 6.0313742 , 5.30437095, 5.42881915,
       5.6751564 , 4.85841945, 4.95372615, 5.3804684 , 4.61461335,
       4.3027535 , 5.9879739 , 5.1774766 , 4.3381598 , 3.42085565,
       6.2877927 , 6.61376515, 5.21639665, 5.57402015, 5.89021145,
       5.7099503 , 5.71956975, 6.3637763 , 5.9214227 , 3.6044466 ,
       3.7071904 , 3.9147048 , 5.34099655, 6.34127225, 4.6646375 ,
       6.58380745, 5.7572269 , 6.079641  , 5.87172405, 5.38135075,
       6.6567838 , 3.7079292 , 5.412894  , 5.8804333 , 5.32797   ,
       5.44592285, 2.57620975, 5.20231985, 6.37111855, 4.9530612 ,
       4.60268265, 4.36080935, 6.18021515, 6.4802689 , 4.78465305,
       5.87386825, 4.92368915, 1.31312595, 5.20820525, 6.36543365,
       2.66045615, 5.02572   , 4.7693094 , 5.4253608 , 7.9598351 ,
       4.68123275, 6.26331735, 6.25819655, 6.09625735, 5.28214405,
       2.7328658 , 6.1900937 , 3.3076574 , 5.9048991 , 6.1299231 ,
       4.02927335, 4.4882934 , 5.58326705, 5.5767757 , 5.727827  ,
       4.892554  , 3.97452875, 4.776243  , 4.75734755, 6.2853681 ,
       5.9352098 , 5.3726648 , 6.47762135, 3.1277676 , 6.5503323 ,
       1.0881066 , 4.7913144 , 6.4623646 , 3.33343775, 6.17442975,
       4.6722979 , 4.05890575, 4.58359735, 4.9324596 , 6.40223355,
       5.57828005, 5.6951498 , 4.74251835, 6.6788549 , 5.36866665,
       3.092311  , 1.86855515, 6.05151455, 5.0761254 , 5.24225135,
       5.6887699 , 5.7341334 , 6.71769165, 5.30365065, 6.15594475,
       5.27178005, 6.7747751 , 4.2048278 , 7.2079197 , 1.7197789 ,
       5.62440875, 6.2135521 , 5.92091935, 4.12027165, 4.86041625,
       4.2903375 , 6.5310917 , 4.5562435 , 6.04029975, 6.9405812 ,
       2.962038  , 5.02214215, 0.88754925, 5.36799475, 4.5629752 ,
       5.46568335, 7.2713171 , 3.00407945, 4.96283785, 4.35283965,
       5.1347792 , 5.78386625, 5.9033571 , 5.62026645, 5.79462865,
       3.8735937 , 6.9027133 , 5.2005839 , 5.9523259 , 5.56027215,
       6.25094475, 6.2418021 , 6.6543584 , 6.10694475, 4.9139904 ,
       5.58339   , 5.7600395 , 6.0840468 , 5.71902655, 6.0428874 ,
       5.7282121 , 5.95162715, 3.7063228 , 7.94163855, 4.1606455 ,
       4.6030299 , 4.2335648 , 5.67961745, 4.75090125, 5.89488475,
       4.4958168 , 2.60460645, 6.19714115, 6.7212927 , 6.7392611 ,
       6.40387535, 4.82949995, 6.1985803 , 6.86522225, 5.72531435,
       5.3370052 , 4.0620628 , 4.78342765, 2.33844515, 4.50505035,
       6.45524135, 5.1011134 , 5.60467805, 4.86029425, 5.07830815,
       4.082145  , 4.098365  , 5.3613051 , 5.1172672 , 4.70063155,
       4.2781623 , 5.7430772 , 5.59195515, 5.9118231 , 5.87582295,
       4.4820214 , 5.14397425, 4.1144965 , 5.6324577 , 6.0220965 ,
       4.31661705, 6.02106275, 6.00619345, 6.30560955, 5.0400788 ,
       6.32214575, 6.12430405, 5.5817671 , 5.85899615, 4.87651145,
       5.81248285, 5.55299475, 3.1521819 , 4.6766382 , 5.01491965,
       5.31357365, 5.72486485, 4.87939565, 5.4343    , 2.5647316 ,
       5.861079  , 4.74148965, 3.39281995, 6.25276795, 7.39831415,
       6.05917535, 2.89661435, 7.1738012 , 4.8115731 , 4.0847754 ,
       5.44265005, 4.37452315, 5.720243  , 5.38951545, 6.19439625,
       3.2210924 , 6.12038425, 4.1460578 , 3.3442702 , 5.22960255,
       5.5391804 , 6.0375719 , 4.44782745, 3.21086975, 4.80782125,
       6.8032087 , 5.69176   , 6.01634445, 6.31999755, 4.7842528 ,
       3.7458246 , 6.25137865, 5.1458912 , 5.4008497 , 5.6759821 ,
       4.34384785, 6.08599555, 3.63198405, 5.63098   , 5.0927046 ,
       5.5069228 , 6.0124536 , 6.1068869 , 3.30976175, 5.75084325,
       5.4235862 , 5.69246205, 5.94930545, 3.65115175, 7.02908585,
       2.41204805, 4.43086815, 4.71224405, 5.83645425, 6.4866075 ,
       5.976656  , 6.3520243 , 5.69127215, 5.06363975, 4.95387635,
       5.4846668 , 5.5498915 , 5.61716365, 6.07088345, 6.04088025,
       1.5600267 , 6.24180155, 5.90116915, 5.44165285, 3.68884845,
       6.6387511 , 5.8855901 , 5.20400605, 4.1939747 , 5.91997905,
       5.9908542 , 5.9267356 , 5.0076584 , 5.567768  , 5.1240532 ,
       3.8732842 , 5.25373455, 3.025195  , 5.0197231 , 3.07865205,
       5.97850355, 6.66473665, 5.8990039 , 3.5373472 , 5.79527865,
       3.4845161 , 6.16526475, 6.4397577 , 5.58777625, 6.4270696 ,
       5.99170605, 4.30236845, 5.72191175, 4.7101345 , 5.49018325,
       7.2075625 , 5.6578153 , 5.87807495, 6.7694757 , 6.81636315,
       2.7525791 , 5.61912115, 3.9035946 , 4.8226837 , 4.6880066 ,
       5.05527375, 5.5033504 , 5.8966636 , 4.4753558 , 5.95152585,
       5.50517785]), 'delta_distances': array([ 4.7089789,  6.6652747,  7.7308664,  5.890964 ,  8.1990162,
        6.5180715,  9.9265922,  8.6183598,  5.5795967,  5.3117761,
        7.4692303,  9.5800413,  6.2149709,  9.163743 ,  6.1783573,
        6.6868643,  6.1950178,  8.1772743,  4.8131256,  8.5272854,
        4.2852586,  6.7843508,  7.7668695,  5.3920306,  6.9467236,
        7.1936212,  6.630462 ,  6.2344954,  7.6506774,  5.708686 ,
        9.0633451,  7.4051394,  6.1665596,  7.2927087,  6.9714413,
        7.6794491,  4.5126741,  5.7698479,  8.6993891,  4.7116989,
        5.6997302,  4.4491341,  8.3502743,  5.3852334,  5.6582963,
       10.0510805,  3.969765 , 10.6517275,  7.1816244,  8.4096152,
        6.5644319,  5.9506711,  6.5088699,  4.9493529,  9.1397929,
        5.528777 ,  6.0406819, 10.0866238,  5.9608753,  7.7012245,
        5.4157981,  5.3837135,  4.547107 ,  5.6784845,  7.9313062,
        6.959622 ,  4.1408411,  5.3653362, 11.4488446,  5.9626775,
        9.0177251,  6.2115011,  5.5319443,  8.013187 ,  5.1581919,
        9.600475 ,  6.2443173,  4.725875 ,  7.9289919,  6.4453639,
        7.9228983,  6.3474258,  6.8313404,  8.1238344,  6.6660562,
        6.0955081,  5.1047431,  7.0964392,  7.8076789,  5.4892257,
        6.0385711,  5.9116677,  7.3747442,  5.9085526,  5.4608447,
        6.0466243,  7.280348 ,  5.4951248,  6.4604519,  8.420166 ,
        7.278523 ,  7.7217554,  7.8662446,  8.9659731,  5.7995147,
        5.6644001,  5.9870199,  8.4613089,  6.6290825,  4.7821759,
        6.1790774,  6.0867679,  5.0050231,  5.4978684,  6.526725 ,
        7.1415124,  5.93344  ,  6.8524355,  6.9948764,  7.20406  ,
        7.2320688,  6.2490155,  6.0865428,  6.3054677,  4.4060674,
        4.3278511,  6.3284168,  8.4006091,  7.0433788,  5.8835559,
        5.4625652,  6.1984337,  6.1671249,  6.0634736,  4.8588557,
        7.4628317,  5.9199988,  5.2294706,  6.7611158,  9.1465208,
        7.6891532,  5.685064 ,  7.2957033,  4.8750403,  5.468913 ,
        9.250104 ,  7.6920743,  6.6868626,  6.5446404,  9.3657555,
        5.5668556,  7.719517 ,  6.550155 ,  5.5226285,  7.9745065,
        7.402487 ,  4.8307445,  6.7560048,  6.3388215,  7.547247 ,
        7.4891398,  4.6420308,  7.6543183,  6.5510768,  6.0181326,
        4.8594506,  5.7749302,  7.5432199,  5.2642956,  3.7230191,
        7.2441315,  7.1877596,  3.9120726,  5.9498475,  6.4133918,
        7.5490901,  6.8282953,  4.7014069,  5.6645148,  5.5932506,
        5.2469353,  5.3855256,  6.6125272,  4.7518635,  6.5545548,
        4.8895766,  7.9253872,  5.2062492,  7.931428 ,  5.2154822,
        5.5549098,  9.651875 ,  6.1579321,  9.0154594,  4.0859481,
        7.4080791,  6.9498135,  8.6449834,  4.5088811,  6.9215884,
        4.880731 ,  6.3380024,  5.8801728,  7.1368435,  6.3621356,
        5.234667 ,  8.6611791,  5.5720975,  4.5415202,  7.9005835,
        5.3346146,  9.2599154,  4.1271407,  5.3112027,  5.8630163,
        5.6184504,  2.7534338,  8.3484117,  7.6095022,  5.3556132,
        4.9089445,  7.3722037,  6.3430956,  7.8533731,  5.525991 ,
        6.5061151,  6.8994436,  4.8270077,  4.7737311,  5.4896684,
        6.8463519,  5.6595081,  6.4381015,  6.5118832,  6.6310037,
        7.1537079, 10.6103377,  5.0465758,  5.9151256,  8.3993871,
        5.5053184,  5.1368131,  6.5033802,  8.4019378,  4.7760459,
        9.3374499,  7.7946541,  5.7405672,  5.8176421,  7.3364684,
        6.2757355,  6.2854421,  6.0812411,  8.5770709,  5.6952657,
        5.0495675,  7.1168939,  6.8910762,  4.7044243,  7.5331891,
        9.3539094,  4.9584158,  6.2884399,  5.7971381,  5.8045163,
        4.8169521,  7.4121091,  6.4889289,  4.7199797,  6.2088219,
        6.9950932,  7.1747807,  4.9833929,  8.2382308,  8.9243998,
        7.2768052,  7.3882526,  6.3074802,  8.9502235,  6.8920367,
        8.7989388,  5.2599107,  9.2523414,  5.0932556,  4.6419292,
        9.2355681,  8.4490695,  7.1906518,  4.5095519,  6.050738 ,
        7.7532216,  6.2864485,  7.0790175,  5.4865596,  6.3950495,
        7.3177375,  5.7269433,  5.1830754,  5.4566862,  8.3970374,
        5.5920697,  6.2102126,  8.7881606,  5.141202 ,  6.4647352,
        6.8052338,  5.5643224,  7.0647616,  4.6144988,  5.9024497,
        5.7456356,  5.7222225,  5.8360615,  6.5559842,  8.9314198,
        5.566534 ,  6.6640056,  5.7182246,  6.15741  , 11.2716533,
        7.9975696,  8.137333 ,  5.1605321,  5.2403688,  6.1324727,
        8.2556103,  6.6062336,  9.1392632,  4.3644278,  4.530089 ,
        4.3864616,  6.723404 ,  5.6516988,  7.3512762,  4.9091525,
        4.2466367,  6.6985848,  6.4801678,  7.3132366,  5.6815596,
        5.9313579,  5.5745477,  7.5689273,  5.3321805,  4.3673889,
        6.7955187,  6.2220675,  6.1930658,  7.1500754,  5.3318376,
        7.2833835,  7.3355269,  6.369905 ,  8.009259 ,  4.7780712,
        7.5519388,  9.3191255,  4.8066738,  5.090395 ,  6.4311217,
        5.4126053,  8.036226 ,  6.6739248,  8.2605904,  6.5635583,
        7.5363943,  5.1885906,  5.8508406,  5.2814785,  6.037966 ,
        8.8156591,  5.8328714,  4.7424418,  4.7459803,  5.3735595,
        8.1476295,  4.9731868,  8.9555711,  7.2260442,  5.9035488,
        5.927263 ,  3.9796993,  6.8859162,  7.0364689,  5.9071463,
        6.0570493,  8.581504 ,  6.6381352,  7.1316818,  6.4265063,
        3.7957385,  0.       ,  6.9202227,  7.1618996,  7.2938638,
       10.5501844,  6.6904894,  6.068927 ,  9.4168432, 11.3805362,
        7.0493512,  6.8616391,  5.547007 ,  5.3446443,  5.4764686,
        6.1957386,  6.0554047,  5.1366181,  7.5118737,  6.5628341,
        6.1087649,  5.1460735,  4.8777246,  6.6544031,  5.2534364,
        6.3354149,  5.3328166,  7.1332453,  5.0993056,  6.4819223,
        5.974437 ,  7.6838934,  6.1631115,  7.3256134,  7.5929989,
        5.3186135,  4.9883213,  5.8728943,  5.1443143,  4.0578365,
        7.8315052,  6.203753 ,  5.9530029,  4.8754539,  4.4630832,
        7.8228624,  5.6923642,  6.3459555,  5.9166083,  6.854779 ,
        4.7349955,  7.5893946,  5.038193 ,  7.5653112,  8.8154936,
        5.7151935,  5.4686153,  8.3898544,  4.1480268,  5.6458187,
        6.6798556,  5.1932664,  4.9424547,  5.1986667,  9.2763234,
        6.752149 ,  5.3337063,  6.5022503,  5.9324133, 11.2002007,
        8.1958969,  4.0146741,  6.3481099,  8.328474 ,  6.4325235,
        5.3910362,  5.4551545,  6.5593903,  6.5268169,  5.5378689,
        3.5643671,  8.5173209,  4.1384186,  7.0831471,  5.9379032,
        5.2619906,  6.160023 ,  5.4190164,  5.037895 ,  5.91205  ,
        7.968876 ,  6.7237974, 10.5764294,  4.441034 ,  9.5035298,
        6.6419745,  9.7456869,  8.3294053,  4.8942068,  6.0581692,
        8.3473325,  6.3621586,  5.0756874,  8.6298085, 10.2746781,
        5.8289253,  7.8278993,  5.25349  ,  4.9915337,  8.0834699,
        6.4033947,  6.5799182,  5.5970568,  7.2645495,  6.998932 ,
        7.4904264,  8.3131854,  4.9538846,  5.52132  ,  6.9220043,
        5.925164 ,  6.0114116,  5.9537112,  6.2546246,  6.4781745,
        5.7543178,  7.143841 ,  6.8882195,  7.8484056,  6.9708722,
        4.7296372,  5.1372008,  5.2514046,  6.1861951,  5.3687556,
        5.0853008,  4.5506318,  6.258886 ,  5.097624 ,  6.8374765,
        6.7471647,  7.3370799,  5.912321 ,  3.3228455,  5.1139179,
        4.5704492,  6.0836134,  6.4060877,  9.2593117,  5.8004769,
        5.0303392,  6.2613496,  6.1175059,  6.219469 ,  3.9761413,
        5.8566583,  6.3001504,  3.7820477,  6.2735598,  6.3149301,
        8.0282828, 11.128271 ,  7.7522344,  5.8817846,  4.8642975,
        5.795536 ,  6.0881467,  6.8608623,  5.0939073,  8.9642249,
        6.8940087,  5.698902 ,  4.7772068,  6.360357 ,  3.3373347,
        6.0615049,  5.5736738,  5.1705234,  7.852547 ,  6.287121 ,
        6.883248 ,  4.830897 ,  6.3719654,  6.6016018,  4.6926055,
        8.9265811,  5.1664028,  7.2394326,  5.8616475,  6.8257319,
        5.9872315,  5.5743638, 10.3256667,  6.118418 ,  7.1947467,
        6.9034408,  6.621252 ,  6.8766214,  5.0664322,  5.7509149,
        8.7521206,  4.1424639,  6.3541044,  6.9131158,  5.4396043,
        6.4871239,  5.281718 ,  5.7348644,  8.1164473,  8.1290227,
        6.8493095,  6.5046444,  4.3945265,  8.7052043,  6.8237136,
        9.2838529,  6.9533317,  4.4025376,  7.8894962,  6.8721465,
        6.0164543,  5.9183984,  6.8569668,  5.7147341,  4.5464442,
        7.2928205,  5.0313351,  6.5441643,  5.4805069,  7.2951722,
        4.9401787,  7.6166487,  5.490541 ,  7.3275235,  6.4213936,
        7.4979148,  2.9957952,  8.0553615,  6.9622678,  9.3627644,
        4.5370401,  5.1510836,  5.3391461,  8.6710674,  4.3626813,
        8.6258839,  6.0600422,  4.9692981,  6.081862 ,  4.5969808,
        8.3587688,  5.3872185,  4.9227802,  7.1134984,  5.0246358,
        6.2712414,  6.1594944,  8.7568196,  5.4168547,  8.1930816,
        8.4892971,  7.0759151,  6.3499679,  6.5377798,  4.9699375,
        8.9508471,  7.6579724, 12.0495519,  6.8723954,  8.1231662,
        6.272097 ,  6.9078921,  5.7652461,  7.2669034,  7.0469913,
        7.7326499,  6.9017316,  8.5772783,  5.5878975,  5.2193227,
        5.2095084,  3.6533609,  5.6806734,  6.1688208,  7.316607 ,
        7.2380736,  5.1883096,  6.3556172,  6.5094021,  6.4232979,
        6.195324 ,  5.5370499,  4.0783891,  5.316492 ,  7.2664005,
        4.5597395,  9.5674748,  8.9356559,  6.1399161,  7.778294 ,
        5.2912917,  5.8988759,  8.0778448,  7.6217313,  9.1775657,
        5.6681467,  6.8020166,  4.7433804,  9.3498749,  5.4579567,
        6.4678136,  6.1812843,  8.0294093,  5.9162368,  5.6792203,
        5.2992982,  6.6904778,  8.7655426,  9.6128717,  6.9097517,
        5.0988516,  6.3309215,  7.0825302,  5.9176771,  5.9142921,
        3.5786601,  7.4722072,  5.6156974,  6.1654099,  5.7754309,
        6.4479173,  4.6821786,  5.7168525,  5.373888 ,  7.2567987,
        9.8942426,  6.3939506,  6.270197 ,  6.0477778,  6.2403651,
        4.6567536,  4.9944527,  4.784664 ,  4.847599 ,  7.5839665,
        5.526453 ,  9.9476689,  6.5956054,  6.8410973,  8.5483487,
        5.4177259,  7.0022177,  6.3581305,  8.0167228,  5.7240176,
        5.7212513,  6.1504685,  4.8060681,  8.7015858,  7.485286 ,
        5.0522121,  7.1055051,  9.5600759,  6.8929975,  6.9383407,
        5.9741554,  5.9197999,  3.8118233,  9.5920855,  4.4972008,
        6.1314872, 10.9376932,  8.1251426,  4.9747283,  6.9755972,
        5.5837161,  5.8340066,  7.9033905,  5.7986674,  6.6997828,
        4.8490518,  5.9130957,  7.7704598,  7.18295  ,  8.2046131,
        7.2196462,  5.1051904,  4.749102 ,  6.6352541,  8.1824853,
        5.0862747,  6.9832591,  8.6697933,  5.2570311,  6.1860109,
        7.6929623,  7.6745626,  5.0621745, 10.675618 ,  7.0833456,
        4.0641314,  6.3098844,  6.0693682,  5.0657402, 10.0957019,
        4.996314 ,  5.1026101,  5.213759 ,  5.817789 ,  7.5849642,
        5.4002957,  4.6496788,  6.3032957,  6.9036514,  9.237695 ,
        5.6177405,  4.0887075,  7.554839 ,  3.5500164,  8.9339483,
        6.4543926,  7.2714447,  5.6857294,  4.5371717,  5.3159407,
        7.252809 ,  7.6331535,  7.9491189,  5.6800003,  5.1610936,
        7.0089506,  9.4115607,  4.6551433,  8.1482423,  7.2183542,
        5.5637902,  6.223894 ,  5.0227211,  6.8152769,  5.0887183,
        6.6033737,  8.0768762,  6.5928542,  8.7243924,  6.6049818,
        6.1211651,  6.5855175,  6.4009416,  5.0499612,  7.0622209,
        6.2432564,  5.6924476,  5.0660806,  5.1111877,  5.9299183,
        6.178262 ,  7.2758905,  4.4750337,  7.952474 ,  5.9699938,
        7.0466569,  5.9197235,  4.485418 ,  6.4916991,  6.7696037,
        6.9055453,  5.5761915,  9.5547141,  8.4318221,  6.9818248,
        5.5158192,  6.4277304,  7.8623456,  5.7142413,  6.5466995,
        6.5184774,  6.0417979,  6.725176 ,  5.3664978,  5.3936558,
        7.9944005,  7.7852078,  7.8329275,  3.9226891, 10.1547426,
        6.3670498,  6.5694848,  7.8040121,  9.3251623,  7.4474101,
        6.1074476,  6.8968351,  5.9362211,  7.3829504,  7.5719973,
        5.5744691,  6.9628234,  9.867283 ,  6.8320151,  5.1085258,
        7.8129859,  6.4929679,  8.1578298,  5.6742482,  5.6325788,
        5.8461332,  6.9869436,  5.7400867,  6.0941276,  8.6991387,
        4.702515 ,  5.6069281,  6.4711597,  6.2065614,  6.7910704,
        6.9214135,  6.0778546,  9.9978927,  6.1438702,  6.1056835,
        5.4835334,  5.4060849,  4.9959727,  4.9444054,  5.5255046,
        4.0557643,  4.8404685,  9.092453 ,  7.7016582,  7.9807994,
        7.5543321,  7.206021 ,  4.5306099,  5.1281197,  5.3885144,
        7.8412093,  7.7698296,  7.5077973,  7.422458 ,  5.9937812,
        5.4733712,  7.6444469,  4.5694913,  7.0962129,  6.1661227,
        7.5552762,  4.6655032,  5.4809529,  7.4020751,  5.4813815,
        8.4246811,  6.9561867,  6.4009617,  7.0047357,  6.1365355,
        5.4175528,  7.3064353,  7.1496883,  5.4704581,  4.366096 ,
        6.8374173,  6.1448263,  5.0619462,  5.4575595,  5.6104941,
        6.6009977,  6.7467429,  4.5978831, 10.9348871,  5.1879517,
        8.2057695,  6.9193918,  6.8455582,  6.8794947,  6.6241533,
        5.2950908]), 'locations': array([21, 19, 22, 22, 20, 17, 17, 18, 22, 20, 20, 19, 28, 19, 22, 19, 21,
       19, 17, 18, 21, 23, 25, 19, 20, 15, 17, 23, 18, 17, 19, 21, 20, 22,
       18, 20, 21, 26, 18, 22, 20, 17, 20, 18, 23, 16, 17, 19, 24, 18, 23,
       21, 23, 20, 18, 16, 23, 20, 19, 22, 23, 20, 22, 17, 17, 20, 17, 19,
       17, 20, 19, 18, 21, 19, 18, 19, 20, 21, 18, 26, 17, 23, 17, 23, 22,
       18, 22, 21, 21, 19, 17, 22, 21, 26, 19, 23, 21, 24, 25, 26, 15, 23,
       17, 18, 21, 21, 25, 18, 18, 18, 23, 24, 25, 20, 23, 24, 18, 23, 25,
       24, 23, 21, 20, 22, 22, 24, 20, 20, 18, 24, 25, 19, 25, 29, 20, 18,
       25, 18, 18, 19, 15, 20, 17, 22, 19, 17, 21, 25, 18, 21, 17, 20, 20,
       22, 20, 18, 18, 21, 23, 18, 22, 24, 18, 17, 22, 20, 16, 19, 20, 19,
       19, 25, 19, 24, 23, 17, 17, 24, 19, 26, 16, 22, 20, 24, 19, 25, 19,
       18, 18, 24, 21, 20, 22, 17, 19, 16, 23, 23, 22, 29, 22, 25, 19, 18,
       20, 20, 18, 21, 25, 17, 22, 19, 26, 28, 20, 24, 19, 20, 22, 25, 18,
       21, 24, 21, 23, 22, 21, 17, 18, 24, 23, 20, 20, 21, 21, 18, 18, 23,
       24, 26, 22, 24, 19, 20, 25, 21, 20, 18, 18, 18, 24, 24, 18, 16, 23,
       23, 20, 19, 19, 20, 31, 25, 22, 23, 18, 17, 21, 20, 17, 23, 15, 22,
       23, 20, 19, 17, 22, 17, 17, 26, 15, 22, 19, 26, 24, 19, 23, 17, 20,
       18, 21, 17, 23, 21, 21, 20, 22, 25, 16, 18, 24, 20, 20, 19, 26, 21,
       21, 20, 20, 22, 25, 22, 21, 17, 18, 24, 20, 20, 19, 19, 21, 19, 21,
       23, 18, 19, 25, 18, 21, 19, 21, 22, 25, 21, 20, 17, 17, 18, 23, 17,
       24, 26, 18, 19, 19, 19, 19, 20, 20, 19, 18, 15, 24, 25, 22, 19, 19,
       19, 25, 19, 22, 20, 19, 20, 20, 16, 23, 23, 20, 20, 19, 23, 23, 21,
       23, 19, 24, 18, 22, 25, 23, 17, 17, 16, 18, 20, 20, 21, 23, 18, 17,
       19, 22, 25, 17, 25, 19, 19, 19, 19, 20, 20, 24, 18, 19, 23, 24, 23,
       21, 19, 22, 22, 17, 23, 21, 22, 20, 21, 20, 18, 18, 19, 21, 21, 20,
       20, 18, 24, 22, 19, 17, 18, 27, 24, 23, 19, 18, 19, 25, 18, 24, 24,
       18, 18, 17, 23, 17, 16, 18, 23, 25, 17, 26, 15, 19, 18, 20, 24, 22,
       18, 20, 19, 20, 18, 26, 24, 19, 20, 19, 23, 19, 24, 26, 21, 18, 22,
       24, 18, 20, 19, 21, 22, 17, 22, 21, 24, 27, 20, 18, 22, 21, 23, 20,
       18, 19, 21, 31, 18, 16, 22, 21, 26, 19, 18, 19, 24, 17, 22, 21, 20,
       18, 20, 20, 25, 20, 20, 16, 18, 19, 16, 18, 23, 20, 23, 18, 23, 22,
       19, 25, 18, 18, 19, 21, 20, 19, 22, 18, 20, 17, 17, 26, 19, 20, 18,
       17, 23, 18, 19, 18, 24, 21, 18, 21, 22, 23, 16, 25, 19, 20, 20, 23,
       23, 22, 28, 19, 20, 24, 17, 16, 21, 20, 22, 23, 20, 19, 21, 19, 17,
       20, 26, 20, 18, 22, 19, 20, 25, 16, 18, 20, 25, 20, 19, 26, 17, 24,
       18, 23, 22, 30, 20, 19, 20, 24, 21, 19, 19, 20, 23, 18, 23, 18, 24,
       17, 18, 23, 22, 20, 25, 20, 19, 18, 17, 18, 25, 20, 17, 18, 25, 20,
       20, 22, 23, 18, 17, 24, 18, 20, 19, 21, 20, 20, 24, 23, 18, 17, 26,
       26, 19, 23, 18, 19, 21, 17, 24, 24, 20, 17, 18, 22, 20, 20, 20, 22,
       23, 23, 23, 18, 17, 21, 22, 26, 21, 21, 23, 19, 19, 21, 18, 22, 20,
       20, 18, 19, 23, 21, 21, 18, 20, 20, 17, 18, 22, 17, 21, 20, 17, 29,
       19, 20, 25, 20, 19, 20, 21, 23, 20, 20, 17, 17, 21, 24, 21, 23, 19,
       24, 17, 20, 25, 19, 24, 19, 24, 24, 23, 19, 16, 25, 25, 23, 23, 20,
       18, 22, 21, 20, 23, 17, 21, 20, 16, 19, 22, 20, 19, 20, 20, 23, 19,
       18, 22, 20, 20, 17, 26, 23, 17, 20, 18, 17, 19, 22, 18, 20, 23, 18,
       23, 23, 19, 18, 18, 17, 18, 17, 21, 19, 25, 23, 25, 25, 19, 26, 20,
       25, 22, 17, 17, 16, 18, 21, 17, 21, 20, 25, 20, 19, 24, 17, 24, 24,
       19, 26, 19, 25, 16, 19, 23, 17, 18, 17, 19, 25, 20, 23, 22, 18, 19,
       20, 21, 17, 21, 20, 18, 24, 20, 25, 18, 23, 17, 15, 19, 20, 20, 22,
       21, 19, 23, 24, 16, 21, 19, 24, 18, 17, 19, 22, 24, 20, 22, 21, 20,
       16, 19, 21, 21, 24, 23, 17, 17, 18, 20, 21, 17, 20, 21, 20, 21, 21,
       20, 16, 23, 19, 18, 20, 22, 19, 24, 20, 24, 19, 23, 17, 25, 24, 18,
       18, 21, 24, 18, 20, 26, 18, 21, 17, 16, 20, 24, 19, 24, 19, 24, 20,
       19, 18, 23, 25, 20, 21, 18, 20, 23, 19, 24, 21, 22, 21, 21, 23, 20,
       20, 20, 27, 23, 23, 20, 23, 18, 28, 17, 18, 23, 19, 18, 18, 24, 16,
       18, 22, 23, 18, 23, 18, 20, 21, 21, 21, 20, 20, 20, 19, 24, 26, 20,
       21, 25, 19, 18, 21, 19, 19, 20, 19, 17, 20, 19, 24, 21])}], 'clusters': array([0, 0, 0, ..., 0, 0, 0]), 'time': 1557.3158962726593}
