lenSubsequence: 17{'RI': 0.3976304397357029, 'num_clusters': 4, 'uShapelets': [{'ts_index': 12, 'loc': 0, 'gap': 0.03632273996131988, 'distances': array([0.07303917, 0.11273113, 0.06498166, 0.16981955, 0.09128654,
       0.13534949, 0.05636028, 0.11998107, 0.17854019, 0.08678367,
       0.10128481, 0.06447461, 0.        , 0.16736341, 0.08747197,
       0.14053499, 0.15866311, 0.14719743, 0.10440388, 0.09313446,
       0.09371079, 0.1666537 , 0.06627201, 0.08024096, 0.14094398,
       0.0630684 , 0.07238431, 0.06677833, 0.06626796, 0.09205007,
       0.10010147, 0.05454511, 0.15145738, 0.067206  , 0.15118448,
       0.10818144, 0.06759131, 0.16689037, 0.08095631, 0.06551898,
       0.14651765, 0.09089908, 0.0965837 , 0.08196742, 0.11684069,
       0.10014882, 0.09936106, 0.1337977 , 0.06114363, 0.10095955,
       0.11378656, 0.07409925, 0.06150103, 0.13116443, 0.06006415,
       0.07487246, 0.07541289, 0.09881493, 0.09954443, 0.12288275,
       0.20365491, 0.06930678, 0.19800013, 0.17486893, 0.11670351,
       0.07479215, 0.1684922 , 0.09013373, 0.07474726, 0.10536539,
       0.05325583, 0.10344621, 0.0896443 , 0.10743782, 0.11933508,
       0.09376781, 0.14531434, 0.10032451, 0.14311252, 0.0846464 ,
       0.09244248, 0.06983299, 0.12946959, 0.09925912, 0.10430077,
       0.06040893, 0.07000727, 0.14711571, 0.09079211, 0.12848862,
       0.05486233, 0.0638087 , 0.05657267, 0.07280761, 0.11461639,
       0.10522101, 0.05704848, 0.06084204, 0.10050084, 0.21307372,
       0.10256574, 0.06289611, 0.18478443, 0.10685856, 0.06410124,
       0.09019218, 0.2189515 , 0.06105931, 0.18805871, 0.12584982,
       0.06564171, 0.05142849, 0.10466951, 0.13526832, 0.11877343,
       0.10481379, 0.06919933, 0.09886352, 0.09761614, 0.16135466,
       0.08597268, 0.10323774, 0.18338492, 0.1587842 , 0.09863233,
       0.09567428, 0.06491517, 0.05284553, 0.08726662, 0.14705453,
       0.15471765, 0.10222844, 0.09073468, 0.07313951, 0.0735852 ,
       0.06096045, 0.07480889, 0.08735411, 0.17009404, 0.10916687,
       0.06657821, 0.1116654 , 0.09569028, 0.09774363, 0.18108168,
       0.10611582, 0.1351976 , 0.0823292 , 0.17066027, 0.18139702,
       0.15148015, 0.158456  , 0.11718533, 0.11616841, 0.04943319,
       0.08257749, 0.06253799, 0.11653542, 0.14951347, 0.06059766,
       0.06707781, 0.0649128 , 0.11410036, 0.11658147, 0.11608014,
       0.09266698, 0.09524519, 0.13057483, 0.14392821, 0.0825169 ,
       0.06587508, 0.11507542, 0.15960597, 0.06969312, 0.06827157,
       0.05719142, 0.09918706, 0.06469682, 0.12250426, 0.09286708,
       0.08134031, 0.12091153, 0.10410726, 0.09808458, 0.1185942 ,
       0.07046877, 0.0811236 , 0.10631861, 0.07995656, 0.06290056,
       0.09844854, 0.05315128, 0.18955943, 0.11024231, 0.17250848,
       0.13805134, 0.11078214, 0.13370338, 0.07694608, 0.08361541,
       0.07000277, 0.1065108 , 0.07181664, 0.06110505, 0.09732063,
       0.09114352, 0.06000236, 0.15025366, 0.09784532, 0.17691534]), 'delta_distances': array([0., 0., 0., 0., 0., 0., 0., 0., 0., 0., 0., 0., 0., 0., 0., 0., 0.,
       0., 0., 0., 0., 0., 0., 0., 0., 0., 0., 0., 0., 0., 0., 0., 0., 0.,
       0., 0., 0., 0., 0., 0., 0., 0., 0., 0., 0., 0., 0., 0., 0., 0., 0.,
       0., 0., 0., 0., 0., 0., 0., 0., 0., 0., 0., 0., 0., 0., 0., 0., 0.,
       0., 0., 0., 0., 0., 0., 0., 0., 0., 0., 0., 0., 0., 0., 0., 0., 0.,
       0., 0., 0., 0., 0., 0., 0., 0., 0., 0., 0., 0., 0., 0., 0., 0., 0.,
       0., 0., 0., 0., 0., 0., 0., 0., 0., 0., 0., 0., 0., 0., 0., 0., 0.,
       0., 0., 0., 0., 0., 0., 0., 0., 0., 0., 0., 0., 0., 0., 0., 0., 0.,
       0., 0., 0., 0., 0., 0., 0., 0., 0., 0., 0., 0., 0., 0., 0., 0., 0.,
       0., 0., 0., 0., 0., 0., 0., 0., 0., 0., 0., 0., 0., 0., 0., 0., 0.,
       0., 0., 0., 0., 0., 0., 0., 0., 0., 0., 0., 0., 0., 0., 0., 0., 0.,
       0., 0., 0., 0., 0., 0., 0., 0., 0., 0., 0., 0., 0., 0., 0., 0., 0.,
       0., 0., 0., 0., 0., 0.]), 'locations': array([ 0,  0,  0, 61,  0,  0,  0,  0,  0,  0,  0,  0,  0,  0,  1, 75,  0,
        0,  0,  0,  0,  0,  0,  0, 76,  0,  0,  0,  0, 76, 76,  0,  0,  0,
       71,  0,  0,  0,  0,  0,  0,  0,  0,  0, 76,  0,  1,  0,  0,  0,  0,
        0,  0, 77,  0,  0,  0,  0, 76,  0,  0,  0, 58,  0, 72,  0,  0,  0,
        0,  0,  0,  0,  0,  0,  0,  0, 68,  0,  0,  0,  0,  1,  0, 72,  0,
        0,  0,  0,  0,  0,  0,  1,  0,  0,  0, 76,  0,  0,  0, 73, 72,  0,
        0, 71,  0,  0,  0,  0, 63,  0,  0,  0,  0,  0,  0,  0,  0,  0,  0,
        0,  0,  0,  0,  0,  0,  0,  0,  0,  1, 74,  0,  1,  0,  0,  0,  0,
        1,  0, 73,  0,  0,  0,  0,  0,  0,  0,  0, 76,  0, 74, 74,  0,  0,
        2,  0,  0,  0,  2, 73,  0,  0,  0,  0,  0,  0,  0,  0, 71,  0,  0,
        1, 72,  0,  0,  0,  0,  0,  0,  1,  1,  0, 74,  0,  0,  0,  0,  0,
        0,  0, 75, 72,  0,  0,  0,  0, 64,  0, 76,  0,  0,  0,  0,  0,  0,
        0,  0,  1,  0,  0,  0])}, {'ts_index': 66, 'loc': 0, 'gap': 0.044496364472862676, 'distances': array([0.17826095, 0.09874966, 0.08065165, 0.11037636, 0.08845627,
       0.11184641, 0.10370426, 0.1621427 , 0.10530554, 0.08239341,
       0.15110464, 0.19701426, 0.09698455, 0.        , 0.2128915 ,
       0.20118705, 0.10995842, 0.16521683, 0.18874512, 0.11859422,
       0.13404797, 0.09908084, 0.13586775, 0.1381237 , 0.11729816,
       0.08907555, 0.08899071, 0.19750608, 0.18827006, 0.10854236,
       0.12484112, 0.09378898, 0.09550043, 0.092484  , 0.13390256,
       0.13522611]), 'delta_distances': array([0., 0., 0., 0., 0., 0., 0., 0., 0., 0., 0., 0., 0., 0., 0., 0., 0.,
       0., 0., 0., 0., 0., 0., 0., 0., 0., 0., 0., 0., 0., 0., 0., 0., 0.,
       0., 0.]), 'locations': array([64,  0,  0,  0,  0,  1,  0, 75,  1,  1,  1, 62,  0,  0,  2,  3,  0,
        1, 67,  0,  1,  1, 77,  0, 74,  0,  0, 76, 78,  0, 78,  0,  0,  0,
        0,  0])}, {'ts_index': 99, 'loc': 6, 'gap': 0.05461880977508449, 'distances': array([0.134384  , 0.126944  , 0.12109415, 0.        , 0.14841487,
       0.06020901, 0.05906061]), 'delta_distances': array([0., 0., 0., 0., 0., 0., 0.]), 'locations': array([ 0,  0, 10,  6,  0,  7,  7])}, {'ts_index': 62, 'loc': 40, 'gap': 0.0341755258511548, 'distances': array([0.10717327, 0.        , 0.07299775, 0.1361622 ]), 'delta_distances': array([0., 0., 0., 0.]), 'locations': array([113,  40, 121, 116])}], 'clusters': array([1, 1, 1, 0, 1, 1, 1, 1, 2, 1, 1, 1, 1, 2, 1, 1, 2, 2, 1, 1, 1, 2,
       1, 1, 1, 1, 1, 1, 1, 1, 1, 1, 2, 1, 2, 1, 1, 2, 1, 1, 2, 1, 1, 1,
       1, 1, 1, 1, 1, 1, 1, 1, 1, 1, 1, 1, 1, 1, 1, 1, 2, 1, 4, 2, 1, 1,
       2, 1, 1, 1, 1, 1, 1, 1, 1, 1, 1, 1, 1, 1, 1, 1, 1, 1, 1, 1, 1, 4,
       1, 1, 1, 1, 1, 1, 1, 1, 1, 1, 1, 3, 1, 1, 2, 1, 1, 1, 2, 1, 0, 1,
       1, 1, 1, 1, 1, 1, 1, 1, 1, 2, 1, 1, 2, 2, 1, 1, 1, 1, 1, 2, 2, 1,
       1, 1, 1, 1, 1, 1, 2, 1, 1, 1, 1, 1, 2, 1, 1, 1, 2, 3, 3, 2, 1, 1,
       1, 1, 1, 1, 2, 1, 1, 1, 1, 1, 1, 1, 1, 1, 1, 1, 1, 1, 2, 1, 1, 1,
       1, 1, 1, 1, 1, 1, 1, 1, 1, 1, 1, 1, 1, 1, 1, 1, 2, 1, 2, 1, 1, 1,
       1, 1, 1, 1, 1, 1, 1, 1, 1, 2, 1, 2]), 'time': 72.34773206710815}
lenSubsequence: 18{'RI': 0.3971747550694919, 'num_clusters': 3, 'uShapelets': [{'ts_index': 30, 'loc': 75, 'gap': 0.03439315952487376, 'distances': array([0.14719175, 0.17084317, 0.10425422, 0.18062806, 0.14925777,
       0.17925285, 0.0978306 , 0.14544192, 0.21891804, 0.12313999,
       0.14906278, 0.11575068, 0.11092708, 0.21054102, 0.12697337,
       0.12795349, 0.17954498, 0.20229322, 0.13968501, 0.1395836 ,
       0.14711193, 0.18466612, 0.1209314 , 0.1165264 , 0.12317883,
       0.10897025, 0.09502693, 0.12073024, 0.12156449, 0.08217097,
       0.        , 0.11973087, 0.19002624, 0.11155313, 0.15770858,
       0.14558063, 0.10553437, 0.20212802, 0.12658054, 0.12368641,
       0.19860984, 0.11278556, 0.12538432, 0.10965431, 0.09393037,
       0.15566047, 0.12985059, 0.16807072, 0.13482354, 0.12463837,
       0.15254842, 0.1277074 , 0.11040656, 0.12077302, 0.10321346,
       0.10390824, 0.12158309, 0.12945329, 0.10459624, 0.14929052,
       0.2234296 , 0.13736334, 0.22448712, 0.22514098, 0.1340524 ,
       0.12779035, 0.22295732, 0.13751691, 0.09989178, 0.15269281,
       0.08865624, 0.13532854, 0.11216152, 0.13308045, 0.13959217,
       0.11286347, 0.14585428, 0.1300941 , 0.17710611, 0.11169549,
       0.1335873 , 0.10813499, 0.1801732 , 0.1313293 , 0.12819788,
       0.1042272 , 0.09464061, 0.1420241 , 0.12779919, 0.16708235,
       0.08706871, 0.10306125, 0.10160775, 0.1270188 , 0.15588344,
       0.11948344, 0.11960817, 0.12388766, 0.11417424, 0.19280378,
       0.11682891, 0.1209585 , 0.20832613, 0.12193047, 0.11663271,
       0.14568676, 0.22670025, 0.11448528, 0.18862333, 0.13580163,
       0.12847928, 0.09258051, 0.14558528, 0.15643432, 0.13939963,
       0.12941868, 0.11645762, 0.14372322, 0.12705596, 0.2077047 ,
       0.10225585, 0.15313726, 0.19359603, 0.18696643, 0.11033158,
       0.15921532, 0.12510435, 0.11809108, 0.13121505, 0.15203567,
       0.18249407, 0.15539321, 0.10498138, 0.13293437, 0.12128728,
       0.11714845, 0.11716804, 0.1100908 , 0.12747768, 0.1640652 ,
       0.11015371, 0.1379925 , 0.13438486, 0.14212398, 0.22500722,
       0.13549145, 0.14542837, 0.10666658, 0.21268554, 0.17848736,
       0.13876523, 0.19606419, 0.13318894, 0.12531222, 0.10986472,
       0.11214461, 0.11037821, 0.12308035, 0.12052309, 0.11197905,
       0.13188076, 0.10750722, 0.13368379, 0.16732432, 0.1506081 ,
       0.12630356, 0.14145066, 0.13983579, 0.12157537, 0.13478165,
       0.09853319, 0.14914091, 0.19500091, 0.1095073 , 0.11857596,
       0.08698826, 0.13038331, 0.13082991, 0.1565083 , 0.1281428 ,
       0.10492681, 0.12962861, 0.13107491, 0.13207737, 0.16079087,
       0.12147675, 0.09842447, 0.14431456, 0.14714826, 0.10297956,
       0.1225616 , 0.09868479, 0.23296032, 0.14157697, 0.19228153,
       0.12302494, 0.11988105, 0.13830381, 0.11245538, 0.12838799,
       0.11142986, 0.13788027, 0.10865587, 0.1192896 , 0.12624374,
       0.11711344, 0.11727397, 0.18197496, 0.14419237, 0.19411694]), 'delta_distances': array([0., 0., 0., 0., 0., 0., 0., 0., 0., 0., 0., 0., 0., 0., 0., 0., 0.,
       0., 0., 0., 0., 0., 0., 0., 0., 0., 0., 0., 0., 0., 0., 0., 0., 0.,
       0., 0., 0., 0., 0., 0., 0., 0., 0., 0., 0., 0., 0., 0., 0., 0., 0.,
       0., 0., 0., 0., 0., 0., 0., 0., 0., 0., 0., 0., 0., 0., 0., 0., 0.,
       0., 0., 0., 0., 0., 0., 0., 0., 0., 0., 0., 0., 0., 0., 0., 0., 0.,
       0., 0., 0., 0., 0., 0., 0., 0., 0., 0., 0., 0., 0., 0., 0., 0., 0.,
       0., 0., 0., 0., 0., 0., 0., 0., 0., 0., 0., 0., 0., 0., 0., 0., 0.,
       0., 0., 0., 0., 0., 0., 0., 0., 0., 0., 0., 0., 0., 0., 0., 0., 0.,
       0., 0., 0., 0., 0., 0., 0., 0., 0., 0., 0., 0., 0., 0., 0., 0., 0.,
       0., 0., 0., 0., 0., 0., 0., 0., 0., 0., 0., 0., 0., 0., 0., 0., 0.,
       0., 0., 0., 0., 0., 0., 0., 0., 0., 0., 0., 0., 0., 0., 0., 0., 0.,
       0., 0., 0., 0., 0., 0., 0., 0., 0., 0., 0., 0., 0., 0., 0., 0., 0.,
       0., 0., 0., 0., 0., 0.]), 'locations': array([ 0,  0,  0, 59,  0,  0,  0,  0, 28,  0,  0,  0,  0,  0,  2, 74,  0,
        0,  0,  1,  1,  0,  0,  0, 76,  0,  0,  0,  0, 75, 75,  0,  0,  0,
       70,  1,  0,  0,  1,  0,  0,  0,  0,  1, 73,  1,  1,  0,  0,  0,  0,
        0,  0, 76,  0,  0,  0,  0, 75,  0,  0,  0, 57,  0, 69,  0,  0,  0,
        1,  0,  0,  0,  0,  0,  0,  0, 72,  1,  0,  0,  0,  1,  0, 74,  0,
        1,  0,  1,  0,  0,  0,  0,  0,  0,  0, 76,  0,  0,  1, 70, 71,  0,
        0, 70,  0,  0, 29,  0, 62,  0,  0,  0,  0,  0,  0,  0,  0,  1,  1,
        1,  0,  1,  0,  0,  0,  1,  0,  0,  2, 74,  0,  1,  0,  0,  1,  0,
        1,  0,  0,  1,  0,  0,  0,  0,  0,  1,  1, 75,  0, 72, 72,  0, 80,
        0,  1,  0,  0,  1, 72,  1,  0,  1,  0,  0,  0,  0,  0, 70,  1,  0,
        0, 70,  0,  0,  0,  0,  0,  0,  0,  1,  0, 75,  0,  0,  0,  0,  1,
        0,  1, 76, 72,  0,  0,  0, 28, 63,  1, 75,  0,  0,  0,  0,  0,  0,
        0,  0,  1, 29,  1,  0])}, {'ts_index': 194, 'loc': 0, 'gap': 0.03418104412770684, 'distances': array([0.06236667, 0.18133327, 0.06549222, 0.07238703, 0.07702501,
       0.07190117, 0.0635286 , 0.07823601, 0.07311096, 0.07750703,
       0.08735388, 0.11419693, 0.10142237, 0.22235105, 0.10231614,
       0.0909456 , 0.09366996, 0.10352922, 0.14615449, 0.08570427,
       0.15433708, 0.18944574, 0.1087073 , 0.0924488 , 0.0750764 ,
       0.10648928, 0.09183066, 0.09937872, 0.16790322, 0.08321189,
       0.12560607, 0.0821179 , 0.09571834, 0.        , 0.10919714,
       0.09023647]), 'delta_distances': array([0., 0., 0., 0., 0., 0., 0., 0., 0., 0., 0., 0., 0., 0., 0., 0., 0.,
       0., 0., 0., 0., 0., 0., 0., 0., 0., 0., 0., 0., 0., 0., 0., 0., 0.,
       0., 0.]), 'locations': array([ 2, 64,  1,  0,  1,  1,  1,  0,  0,  0,  1,  3,  0, 64,  0,  0,  2,
        2,  3,  0, 32, 67,  0,  0,  0,  2,  0,  2,  5,  1,  3,  0,  0,  0,
        2,  0])}, {'ts_index': 163, 'loc': 120, 'gap': 0.031124953839635233, 'distances': array([0.12954859, 0.07406779, 0.10408395, 0.07106765, 0.15309616,
       0.07108235, 0.        ]), 'delta_distances': array([0., 0., 0., 0., 0., 0., 0.]), 'locations': array([111,  39, 122, 122, 116,  51, 120])}], 'clusters': array([1, 2, 1, 0, 1, 2, 1, 1, 2, 1, 1, 1, 1, 2, 1, 1, 2, 2, 1, 1, 1, 2,
       1, 1, 1, 1, 1, 1, 1, 1, 1, 1, 2, 1, 1, 1, 1, 2, 1, 1, 2, 1, 1, 1,
       1, 1, 1, 2, 1, 1, 1, 1, 1, 1, 1, 1, 1, 1, 1, 1, 2, 1, 3, 2, 1, 1,
       2, 1, 1, 1, 1, 1, 1, 1, 1, 1, 1, 1, 2, 1, 1, 1, 2, 1, 1, 1, 1, 1,
       1, 1, 1, 1, 1, 1, 1, 1, 1, 1, 1, 3, 1, 1, 2, 1, 1, 1, 3, 1, 0, 1,
       1, 1, 1, 1, 1, 1, 1, 1, 1, 2, 1, 1, 2, 2, 1, 1, 1, 1, 1, 1, 2, 1,
       1, 1, 1, 1, 1, 1, 1, 1, 1, 1, 1, 1, 2, 1, 1, 1, 2, 3, 1, 2, 1, 1,
       1, 1, 1, 1, 1, 1, 1, 1, 1, 3, 1, 1, 1, 1, 1, 1, 1, 1, 2, 1, 1, 1,
       1, 1, 1, 1, 1, 1, 1, 1, 1, 1, 1, 1, 1, 1, 1, 1, 2, 1, 2, 1, 1, 1,
       1, 1, 1, 1, 1, 1, 1, 1, 1, 2, 1, 2]), 'time': 71.68593621253967}
lenSubsequence: 19{'RI': 0.4090681248575985, 'num_clusters': 2, 'uShapelets': [{'ts_index': 44, 'loc': 72, 'gap': 0.03376610559603194, 'distances': array([0.17277864, 0.2212921 , 0.16239311, 0.1738209 , 0.18661847,
       0.23706109, 0.17195246, 0.21010862, 0.27500342, 0.16814583,
       0.18984157, 0.1394608 , 0.1338243 , 0.26308772, 0.14157417,
       0.12891849, 0.25941824, 0.24085074, 0.20698584, 0.17190287,
       0.16190375, 0.26838866, 0.17378841, 0.18973737, 0.15560847,
       0.18084912, 0.18046529, 0.18186363, 0.1823787 , 0.08167694,
       0.09934055, 0.15072147, 0.25238375, 0.15304674, 0.15439339,
       0.17691509, 0.14904459, 0.26786357, 0.16939211, 0.17455706,
       0.26120294, 0.16539721, 0.19595613, 0.12496393, 0.        ,
       0.18017117, 0.15543346, 0.22433974, 0.18112828, 0.164558  ,
       0.21117041, 0.16142266, 0.15741174, 0.13187256, 0.16410971,
       0.1587555 , 0.17400957, 0.20447631, 0.10225471, 0.21142593,
       0.26339675, 0.17011021, 0.22325936, 0.26821498, 0.13678572,
       0.18126663, 0.26591345, 0.19067939, 0.1301439 , 0.21370618,
       0.16860415, 0.18324189, 0.18360921, 0.19587753, 0.1921852 ,
       0.16722494, 0.16199786, 0.15626501, 0.21459611, 0.1870337 ,
       0.18704669, 0.14281882, 0.21164107, 0.15521127, 0.15347877,
       0.12117749, 0.17692592, 0.16476384, 0.18202609, 0.23908929,
       0.15893682, 0.14863377, 0.15664501, 0.17758633, 0.21434279,
       0.09965278, 0.16174082, 0.16719827, 0.15214114, 0.17037319,
       0.11696038, 0.1523044 , 0.28892271, 0.13803486, 0.15309101,
       0.19766821, 0.28664905, 0.17104736, 0.20176103, 0.20056696,
       0.17334574, 0.15523499, 0.19816776, 0.19750649, 0.21142154,
       0.18608202, 0.15720463, 0.15907332, 0.17258859, 0.22934004,
       0.18916178, 0.16675937, 0.28475141, 0.24156456, 0.19300135,
       0.180117  , 0.16606606, 0.16291033, 0.13917134, 0.15238915,
       0.250657  , 0.18294788, 0.177845  , 0.18171645, 0.1352009 ,
       0.1537558 , 0.14052209, 0.19057313, 0.21701229, 0.17229073,
       0.14432098, 0.19708984, 0.17246604, 0.18482358, 0.28534113,
       0.18080023, 0.17034544, 0.11159925, 0.25598039, 0.20397231,
       0.15794319, 0.25253499, 0.19884114, 0.1850415 , 0.1236902 ,
       0.16904087, 0.16204322, 0.12832127, 0.16806377, 0.13163058,
       0.17134484, 0.14021875, 0.2197223 , 0.20638549, 0.22260471,
       0.19706082, 0.18305895, 0.16145011, 0.17128331, 0.18271948,
       0.14795905, 0.14911686, 0.25836458, 0.16209594, 0.1648394 ,
       0.1569327 , 0.1862705 , 0.16895869, 0.16111695, 0.16183929,
       0.17793547, 0.14887195, 0.18214701, 0.17120152, 0.23170168,
       0.15967096, 0.13404416, 0.21606593, 0.16955125, 0.12100271,
       0.12002102, 0.14418968, 0.28487455, 0.18697019, 0.24115416,
       0.17036052, 0.16396838, 0.12598546, 0.17457404, 0.17647061,
       0.16509982, 0.2135838 , 0.14815998, 0.16386118, 0.18069955,
       0.18850746, 0.13496484, 0.22084672, 0.17372999, 0.27861703]), 'delta_distances': array([0., 0., 0., 0., 0., 0., 0., 0., 0., 0., 0., 0., 0., 0., 0., 0., 0.,
       0., 0., 0., 0., 0., 0., 0., 0., 0., 0., 0., 0., 0., 0., 0., 0., 0.,
       0., 0., 0., 0., 0., 0., 0., 0., 0., 0., 0., 0., 0., 0., 0., 0., 0.,
       0., 0., 0., 0., 0., 0., 0., 0., 0., 0., 0., 0., 0., 0., 0., 0., 0.,
       0., 0., 0., 0., 0., 0., 0., 0., 0., 0., 0., 0., 0., 0., 0., 0., 0.,
       0., 0., 0., 0., 0., 0., 0., 0., 0., 0., 0., 0., 0., 0., 0., 0., 0.,
       0., 0., 0., 0., 0., 0., 0., 0., 0., 0., 0., 0., 0., 0., 0., 0., 0.,
       0., 0., 0., 0., 0., 0., 0., 0., 0., 0., 0., 0., 0., 0., 0., 0., 0.,
       0., 0., 0., 0., 0., 0., 0., 0., 0., 0., 0., 0., 0., 0., 0., 0., 0.,
       0., 0., 0., 0., 0., 0., 0., 0., 0., 0., 0., 0., 0., 0., 0., 0., 0.,
       0., 0., 0., 0., 0., 0., 0., 0., 0., 0., 0., 0., 0., 0., 0., 0., 0.,
       0., 0., 0., 0., 0., 0., 0., 0., 0., 0., 0., 0., 0., 0., 0., 0., 0.,
       0., 0., 0., 0., 0., 0.]), 'locations': array([ 0,  0,  0, 58,  0,  0,  1,  0,  0,  0,  0,  0,  0,  0,  0, 71,  0,
        0,  0,  0,  0, 29,  0,  0, 75,  0,  0,  0,  0, 74, 74,  0,  0,  0,
       71,  0,  0,  0,  0,  0,  0,  0,  0,  0, 72,  0,  0,  0,  0,  0,  0,
        0,  0, 73,  0,  0,  0,  0, 72,  0, 28,  0, 56,  0, 71,  0,  0,  0,
        0,  0,  0,  0,  0,  0,  0,  0, 69,  0,  0,  0,  0,  0,  0, 72,  0,
        0,  0,  0, 68,  0,  0,  0,  0,  0,  0, 72,  0,  0,  0, 69, 70,  0,
       27, 69,  0,  0,  0,  0, 61,  0,  0,  0,  0, 69,  1,  0,  0,  0,  0,
        0,  0,  0,  0, 28,  0,  0,  0,  0,  0, 71,  0,  0,  0,  0,  0,  0,
        0,  0, 69,  0,  0,  0,  0,  0, 28,  0,  0, 71,  0, 74, 73,  0, 79,
        0,  0,  0,  0,  0, 74,  0,  0,  0,  0,  0,  0,  0,  0, 71,  0,  0,
        0, 70,  0,  0,  0,  1,  0,  0,  1,  0,  0, 74,  0,  0,  0,  0,  0,
        0,  0, 75, 71,  0,  0,  0, 29, 62,  0, 74,  1,  0,  0,  0,  0,  0,
        0, 70,  0,  0,  0,  0])}], 'clusters': array([1, 0, 1, 1, 1, 0, 1, 1, 0, 1, 1, 1, 1, 0, 1, 1, 0, 0, 1, 1, 1, 0,
       1, 1, 1, 1, 1, 1, 1, 1, 1, 1, 0, 1, 1, 1, 1, 0, 1, 1, 0, 1, 1, 1,
       1, 1, 1, 0, 1, 1, 1, 1, 1, 1, 1, 1, 1, 1, 1, 1, 0, 1, 0, 0, 1, 1,
       0, 1, 1, 1, 1, 1, 1, 1, 1, 1, 1, 1, 0, 1, 1, 1, 1, 1, 1, 1, 1, 1,
       1, 0, 1, 1, 1, 1, 1, 1, 1, 1, 1, 1, 1, 1, 0, 1, 1, 1, 0, 1, 1, 1,
       1, 1, 1, 1, 1, 1, 1, 1, 1, 0, 1, 1, 0, 0, 1, 1, 1, 1, 1, 1, 0, 1,
       1, 1, 1, 1, 1, 1, 0, 1, 1, 1, 1, 1, 0, 1, 1, 1, 0, 1, 1, 0, 1, 1,
       1, 1, 1, 1, 1, 1, 1, 1, 0, 1, 0, 1, 1, 1, 1, 1, 1, 1, 0, 1, 1, 1,
       1, 1, 1, 1, 1, 1, 1, 1, 0, 1, 1, 0, 1, 1, 1, 1, 0, 1, 0, 1, 1, 1,
       1, 1, 1, 1, 1, 1, 1, 1, 1, 0, 1, 0]), 'time': 69.17146062850952}
lenSubsequence: 20{'RI': 0.40341763499658234, 'num_clusters': 2, 'uShapelets': [{'ts_index': 58, 'loc': 72, 'gap': 0.03944129330275842, 'distances': array([0.17412883, 0.21560373, 0.14387521, 0.18170192, 0.17911653,
       0.23572142, 0.14039564, 0.19078089, 0.25286693, 0.14034355,
       0.17364098, 0.1339406 , 0.12201715, 0.2479623 , 0.13624823,
       0.12868977, 0.24137482, 0.23995213, 0.18624204, 0.17806155,
       0.16974389, 0.26398001, 0.15534768, 0.17005162, 0.17732852,
       0.15694871, 0.15381586, 0.16625134, 0.15512035, 0.08421357,
       0.09461415, 0.14365966, 0.24202098, 0.14809483, 0.15098359,
       0.16551555, 0.13674546, 0.24673961, 0.14959226, 0.1623105 ,
       0.25226354, 0.15259848, 0.17805095, 0.11987213, 0.1148129 ,
       0.19077552, 0.16114353, 0.20512993, 0.17639827, 0.11254897,
       0.19728556, 0.13934282, 0.12380553, 0.11611003, 0.15315155,
       0.13542313, 0.15145564, 0.18353621, 0.        , 0.19500411,
       0.24837575, 0.15282573, 0.22125094, 0.27199429, 0.11330319,
       0.16301396, 0.26883364, 0.17441701, 0.13130492, 0.20166495,
       0.14415101, 0.16471527, 0.15517687, 0.17504977, 0.16447848,
       0.12039697, 0.11501867, 0.17203888, 0.21301513, 0.16375747,
       0.17562809, 0.15298241, 0.20481825, 0.15005109, 0.14251454,
       0.12861401, 0.14668712, 0.11390944, 0.13884851, 0.23737261,
       0.13776539, 0.13235999, 0.13697252, 0.16562443, 0.19589103,
       0.10494752, 0.15201902, 0.1536298 , 0.13585124, 0.18134112,
       0.09786419, 0.12988242, 0.28016071, 0.12059387, 0.13459954,
       0.19234811, 0.25388183, 0.15183892, 0.18277674, 0.18687381,
       0.15983104, 0.14265013, 0.18359417, 0.19422759, 0.20064237,
       0.18258117, 0.14751717, 0.16441158, 0.14911113, 0.23284389,
       0.1831052 , 0.16206684, 0.25855674, 0.22242163, 0.16136384,
       0.18104181, 0.15639365, 0.15510114, 0.12578819, 0.16661146,
       0.23640854, 0.17877063, 0.14487135, 0.16531422, 0.13608599,
       0.1300779 , 0.15631675, 0.16196362, 0.19390553, 0.16013031,
       0.13970456, 0.19056803, 0.14991728, 0.16909777, 0.25324998,
       0.17130503, 0.17534701, 0.13244622, 0.25535117, 0.19589615,
       0.15482178, 0.24479673, 0.16717288, 0.15198039, 0.1213624 ,
       0.15649139, 0.1394089 , 0.11023638, 0.1475838 , 0.12484648,
       0.15857871, 0.13304368, 0.19089522, 0.18497653, 0.21425662,
       0.18769043, 0.17608851, 0.1517614 , 0.15418337, 0.17478905,
       0.13154233, 0.13411373, 0.24652684, 0.16011973, 0.13611481,
       0.1313129 , 0.16881964, 0.15923857, 0.1735062 , 0.1367359 ,
       0.16050079, 0.16242245, 0.16846595, 0.16402343, 0.21821656,
       0.14873197, 0.1193656 , 0.19679559, 0.15568126, 0.09382676,
       0.1022956 , 0.12478988, 0.27722898, 0.17675555, 0.24084058,
       0.14910564, 0.1429256 , 0.13973071, 0.15568304, 0.15449269,
       0.13124193, 0.1931864 , 0.12020734, 0.16013777, 0.16687381,
       0.16930893, 0.13522864, 0.22572822, 0.16778137, 0.26062358]), 'delta_distances': array([0., 0., 0., 0., 0., 0., 0., 0., 0., 0., 0., 0., 0., 0., 0., 0., 0.,
       0., 0., 0., 0., 0., 0., 0., 0., 0., 0., 0., 0., 0., 0., 0., 0., 0.,
       0., 0., 0., 0., 0., 0., 0., 0., 0., 0., 0., 0., 0., 0., 0., 0., 0.,
       0., 0., 0., 0., 0., 0., 0., 0., 0., 0., 0., 0., 0., 0., 0., 0., 0.,
       0., 0., 0., 0., 0., 0., 0., 0., 0., 0., 0., 0., 0., 0., 0., 0., 0.,
       0., 0., 0., 0., 0., 0., 0., 0., 0., 0., 0., 0., 0., 0., 0., 0., 0.,
       0., 0., 0., 0., 0., 0., 0., 0., 0., 0., 0., 0., 0., 0., 0., 0., 0.,
       0., 0., 0., 0., 0., 0., 0., 0., 0., 0., 0., 0., 0., 0., 0., 0., 0.,
       0., 0., 0., 0., 0., 0., 0., 0., 0., 0., 0., 0., 0., 0., 0., 0., 0.,
       0., 0., 0., 0., 0., 0., 0., 0., 0., 0., 0., 0., 0., 0., 0., 0., 0.,
       0., 0., 0., 0., 0., 0., 0., 0., 0., 0., 0., 0., 0., 0., 0., 0., 0.,
       0., 0., 0., 0., 0., 0., 0., 0., 0., 0., 0., 0., 0., 0., 0., 0., 0.,
       0., 0., 0., 0., 0., 0.]), 'locations': array([ 0,  0,  0, 57,  0,  0,  0,  0, 26,  0,  0,  0,  0, 27,  0, 71,  0,
        0,  0,  0,  0,  0,  0,  0, 77,  0,  0,  0,  0, 74, 74,  0,  0,  0,
       69,  0,  0, 26,  0,  0,  0,  0,  0,  0, 72,  0,  0,  0,  0,  0,  0,
        0,  0, 73,  0,  0,  0,  0, 72, 78, 27,  0, 55,  0, 71,  0,  0,  0,
        0,  0,  0,  0,  0,  0,  0,  0, 69,  0,  0,  0,  0,  0,  0, 72,  0,
        0,  0,  0, 67,  0,  0,  0,  0,  0,  0, 72,  0,  0,  0, 69, 69,  0,
        0, 70,  0,  0, 28,  0, 60,  0,  0,  0,  0, 69,  0,  0,  0,  0,  0,
        0,  0,  0,  0, 27,  0,  0,  0,  0,  0, 71,  0,  1,  0,  0,  0,  0,
        0,  0, 69,  0,  0,  0,  0, 66, 26,  0,  0, 75, 27, 68, 73,  0, 76,
        0,  0,  0,  0,  0, 71,  0,  0,  0,  0,  0,  0,  0,  0, 70,  0,  0,
        0, 69,  0,  0,  0,  0,  0,  0,  1,  0,  0, 74,  0,  0,  0,  0,  0,
        0,  0, 75, 71,  0,  0,  0, 29, 61,  0, 73,  0,  0,  0,  0,  0,  0,
        0,  0,  0,  0,  0,  0])}], 'clusters': array([1, 0, 1, 1, 1, 0, 1, 1, 0, 1, 1, 1, 1, 0, 1, 1, 0, 0, 1, 1, 1, 0,
       1, 1, 1, 1, 1, 1, 1, 1, 1, 1, 0, 1, 1, 1, 1, 0, 1, 1, 0, 1, 1, 1,
       1, 1, 1, 0, 1, 1, 1, 1, 1, 1, 1, 1, 1, 1, 1, 1, 0, 1, 0, 0, 1, 1,
       0, 1, 1, 0, 1, 1, 1, 1, 1, 1, 1, 1, 0, 1, 1, 1, 0, 1, 1, 1, 1, 1,
       1, 0, 1, 1, 1, 1, 1, 1, 1, 1, 1, 1, 1, 1, 0, 1, 1, 1, 0, 1, 1, 1,
       1, 1, 1, 1, 0, 1, 1, 1, 1, 0, 1, 1, 0, 0, 1, 1, 1, 1, 1, 1, 0, 1,
       1, 1, 1, 1, 1, 1, 1, 1, 1, 1, 1, 1, 0, 1, 1, 1, 0, 1, 1, 0, 1, 1,
       1, 1, 1, 1, 1, 1, 1, 1, 1, 1, 0, 1, 1, 1, 1, 1, 1, 1, 0, 1, 1, 1,
       1, 1, 1, 1, 1, 1, 1, 1, 0, 1, 1, 1, 1, 1, 1, 1, 0, 1, 0, 1, 1, 1,
       1, 1, 1, 1, 1, 1, 1, 1, 1, 0, 1, 0]), 'time': 67.69697713851929}
