lenSubsequence: 17{'RI': 0.8316700843016632, 'num_clusters': 4, 'uShapelets': [{'ts_index': 53, 'loc': 68, 'gap': 0.09626987613383658, 'distances': array([0.26594922, 0.2083818 , 0.24633058, 0.02442013, 0.27185536,
       0.28958765, 0.23970415, 0.25699962, 0.28287423, 0.26006997,
       0.2155068 , 0.23592649, 0.22402444, 0.27724426, 0.22167072,
       0.03165854, 0.28234222, 0.27329742, 0.26790217, 0.25238201,
       0.23943281, 0.26557562, 0.22702322, 0.22257572, 0.04045545,
       0.2397611 , 0.25875562, 0.22037852, 0.23659413, 0.02802693,
       0.02594538, 0.23868932, 0.25809079, 0.24274607, 0.02779279,
       0.24053816, 0.2245647 , 0.28596019, 0.24669211, 0.2480377 ,
       0.29566318, 0.24916394, 0.24608314, 0.22845766, 0.03189456,
       0.27813903, 0.23919284, 0.24498057, 0.26007656, 0.23100613,
       0.21308251, 0.23339085, 0.24123274, 0.        , 0.23138446,
       0.22555486, 0.25031082, 0.20841367, 0.03486995, 0.20427389,
       0.2830024 , 0.23283474, 0.02909304, 0.28251018, 0.02640174,
       0.22026062, 0.28512054, 0.23798063, 0.22819005, 0.22757143,
       0.25235497, 0.2340572 , 0.25042169, 0.19919677, 0.18692415,
       0.24548883, 0.02600446, 0.25316904, 0.21575027, 0.23518363,
       0.24728236, 0.24450033, 0.29460844, 0.03416948, 0.23770322,
       0.22582759, 0.23333765, 0.23047073, 0.19186969, 0.28022855,
       0.25456208, 0.22802235, 0.21265381, 0.20624583, 0.27003056,
       0.02550385, 0.20122774, 0.23277759, 0.22618721, 0.03747728,
       0.02080932, 0.22597874, 0.29122675, 0.02776564, 0.24257571,
       0.27392442, 0.307625  , 0.23890958, 0.02822126, 0.28294862,
       0.23195585, 0.23507665, 0.22983618, 0.19728423, 0.26662297,
       0.24646621, 0.23812066, 0.24443134, 0.2271094 , 0.28278319,
       0.24372746, 0.21216118, 0.28777704, 0.27639471, 0.24960748,
       0.24720029, 0.25245779, 0.24575772, 0.22482787, 0.03605945,
       0.28700717, 0.22624266, 0.24824506, 0.25240196, 0.22642233,
       0.23015972, 0.22880674, 0.21111815, 0.22447988, 0.24067057,
       0.22725943, 0.25531674, 0.20239753, 0.20585047, 0.27733566,
       0.26302825, 0.21817303, 0.02740166, 0.26980159, 0.03649999,
       0.0340734 , 0.2898121 , 0.19502668, 0.2327871 , 0.228047  ,
       0.22710259, 0.24175579, 0.17764643, 0.02928727, 0.23112914,
       0.20270272, 0.22856207, 0.28791343, 0.2496823 , 0.28564476,
       0.23602832, 0.22508572, 0.03296832, 0.24605019, 0.26712136,
       0.22274431, 0.02665063, 0.28911711, 0.24211802, 0.24716044,
       0.23075702, 0.19910472, 0.25427192, 0.22163969, 0.23878854,
       0.25228354, 0.03819102, 0.19201768, 0.2132947 , 0.29547059,
       0.24170965, 0.23404765, 0.21812238, 0.21537749, 0.01961172,
       0.02885634, 0.21510967, 0.28293031, 0.21304921, 0.26955487,
       0.03073624, 0.23056488, 0.02347663, 0.24361047, 0.21036721,
       0.2372358 , 0.22543372, 0.22938403, 0.24895458, 0.24030955,
       0.20590876, 0.22806207, 0.25824962, 0.2346197 , 0.28599109]), 'delta_distances': array([0., 0., 0., 0., 0., 0., 0., 0., 0., 0., 0., 0., 0., 0., 0., 0., 0.,
       0., 0., 0., 0., 0., 0., 0., 0., 0., 0., 0., 0., 0., 0., 0., 0., 0.,
       0., 0., 0., 0., 0., 0., 0., 0., 0., 0., 0., 0., 0., 0., 0., 0., 0.,
       0., 0., 0., 0., 0., 0., 0., 0., 0., 0., 0., 0., 0., 0., 0., 0., 0.,
       0., 0., 0., 0., 0., 0., 0., 0., 0., 0., 0., 0., 0., 0., 0., 0., 0.,
       0., 0., 0., 0., 0., 0., 0., 0., 0., 0., 0., 0., 0., 0., 0., 0., 0.,
       0., 0., 0., 0., 0., 0., 0., 0., 0., 0., 0., 0., 0., 0., 0., 0., 0.,
       0., 0., 0., 0., 0., 0., 0., 0., 0., 0., 0., 0., 0., 0., 0., 0., 0.,
       0., 0., 0., 0., 0., 0., 0., 0., 0., 0., 0., 0., 0., 0., 0., 0., 0.,
       0., 0., 0., 0., 0., 0., 0., 0., 0., 0., 0., 0., 0., 0., 0., 0., 0.,
       0., 0., 0., 0., 0., 0., 0., 0., 0., 0., 0., 0., 0., 0., 0., 0., 0.,
       0., 0., 0., 0., 0., 0., 0., 0., 0., 0., 0., 0., 0., 0., 0., 0., 0.,
       0., 0., 0., 0., 0., 0.]), 'locations': array([ 0, 68,  0, 56, 67, 28,  0, 70, 26,  0, 70,  0,  0, 27,  0, 67, 27,
       28,  0,  0, 68, 27, 67, 66, 69,  0,  0, 66,  0, 71, 70,  0, 28,  0,
       67,  0,  0, 26, 69,  0, 27, 67, 67,  0, 68,  0,  0, 69,  0,  0, 66,
        0,  0, 68,  0,  0,  0, 64, 69, 76, 27, 68, 57, 27, 67, 67, 27,  0,
        0, 66,  0, 67,  0, 68, 66,  0, 65,  0, 70, 68, 68,  0,  0, 66,  0,
        0, 66,  0, 67, 28,  0,  0, 66, 66, 73, 67, 68, 70,  0, 67, 67,  0,
       26, 66,  0,  0, 28,  0, 57,  0,  0,  0, 66, 67,  0,  0,  0,  0,  0,
       27,  0, 69, 26, 28,  0,  0,  0,  0,  0, 67, 28, 66, 68,  0,  0,  0,
        0, 66, 69,  0,  0, 66, 64, 66, 27, 70, 67, 70, 27, 69, 68, 27, 76,
        0,  0,  0,  0,  0, 68,  0, 66,  0, 29,  0, 28, 68, 67, 67,  0,  0,
        0, 65, 27,  0,  0,  0, 72,  0,  0,  0,  0, 68, 69, 67, 26,  0,  0,
       65, 64, 70, 67, 71, 27, 68, 28, 59,  0, 69,  0, 69,  0, 60,  0,  0,
        0, 67,  0, 28, 68, 27])}, {'ts_index': 183, 'loc': 68, 'gap': 0.060364105209800845, 'distances': array([0.13836373, 0.06908608, 0.14539508, 0.07123573, 0.08119175,
       0.14871783, 0.05347191, 0.07897683, 0.13995683, 0.03472377,
       0.15926417, 0.15265605, 0.07431659, 0.15512204, 0.07343848,
       0.06790738, 0.12934351, 0.18449505, 0.03306458, 0.06197575,
       0.06662382, 0.04826337, 0.14957179, 0.14261739, 0.05504138,
       0.16976967, 0.15145283, 0.05862655, 0.18380822, 0.14449521,
       0.15991808, 0.08031183, 0.05382976, 0.14181637, 0.08960017,
       0.04816336, 0.05994135, 0.14369045, 0.13874239, 0.17085318,
       0.05090659, 0.13106788, 0.16868565, 0.0400846 , 0.17299071,
       0.13996216, 0.14849542, 0.14228153, 0.12713901, 0.04723196,
       0.0311276 , 0.07934378, 0.06423416, 0.07895546, 0.04863048,
       0.07808965, 0.16001682, 0.16527061, 0.06655268, 0.132129  ,
       0.05219553, 0.1335459 , 0.02893861, 0.13410183, 0.19366885,
       0.02494777, 0.04106144, 0.04910359, 0.18507052, 0.17222495,
       0.14960963, 0.17409456, 0.0606314 , 0.17532708, 0.06956969,
       0.12856661, 0.1792535 , 0.04491907, 0.04537075, 0.07152039,
       0.0529217 , 0.06334816, 0.16246477, 0.1649953 , 0.08608628,
       0.17883852, 0.0812911 , 0.10035356, 0.14595812, 0.12931339,
       0.15043417, 0.14538703, 0.0615246 , 0.13761598, 0.13608127,
       0.16977931, 0.14628787, 0.18134645, 0.07305513, 0.14188822,
       0.05194174, 0.08031986, 0.07043152, 0.18191341, 0.1427641 ,
       0.13886278, 0.18425327, 0.18048384, 0.07904206, 0.05709865,
       0.04665707, 0.12880156, 0.17636413, 0.16734791, 0.17783797,
       0.0497165 , 0.03401959, 0.13702243, 0.18001213, 0.05975512,
       0.05244787, 0.05098714, 0.07238988, 0.05989466, 0.0490096 ,
       0.06767217, 0.08057456, 0.1730556 , 0.17615991, 0.17866153,
       0.15256104, 0.15721524, 0.05025199, 0.17268534, 0.07975987,
       0.13783366, 0.08047517, 0.03787463, 0.02477839, 0.13464314,
       0.13847342, 0.1778867 , 0.08260661, 0.17763428, 0.15296429,
       0.11352742, 0.13865329, 0.18039426, 0.14831745, 0.1485616 ,
       0.        , 0.08495211, 0.1541731 , 0.1674848 , 0.06143216,
       0.05384889, 0.02748778, 0.0812236 , 0.0288793 , 0.06166883,
       0.17893822, 0.13791693, 0.04554248, 0.15212328, 0.04688693,
       0.17789276, 0.13781547, 0.14028124, 0.04895418, 0.17344243,
       0.05316739, 0.04174192, 0.08044124]), 'delta_distances': array([0., 0., 0., 0., 0., 0., 0., 0., 0., 0., 0., 0., 0., 0., 0., 0., 0.,
       0., 0., 0., 0., 0., 0., 0., 0., 0., 0., 0., 0., 0., 0., 0., 0., 0.,
       0., 0., 0., 0., 0., 0., 0., 0., 0., 0., 0., 0., 0., 0., 0., 0., 0.,
       0., 0., 0., 0., 0., 0., 0., 0., 0., 0., 0., 0., 0., 0., 0., 0., 0.,
       0., 0., 0., 0., 0., 0., 0., 0., 0., 0., 0., 0., 0., 0., 0., 0., 0.,
       0., 0., 0., 0., 0., 0., 0., 0., 0., 0., 0., 0., 0., 0., 0., 0., 0.,
       0., 0., 0., 0., 0., 0., 0., 0., 0., 0., 0., 0., 0., 0., 0., 0., 0.,
       0., 0., 0., 0., 0., 0., 0., 0., 0., 0., 0., 0., 0., 0., 0., 0., 0.,
       0., 0., 0., 0., 0., 0., 0., 0., 0., 0., 0., 0., 0., 0., 0., 0., 0.,
       0., 0., 0., 0., 0., 0., 0., 0., 0., 0., 0., 0., 0., 0., 0., 0., 0.,
       0., 0., 0.]), 'locations': array([53, 69, 45, 68, 28, 41, 71, 27, 39, 71, 42, 55, 28, 47, 28, 29, 53,
        1, 69, 28, 69, 68, 52, 52, 67, 42, 52, 28, 55, 44, 91, 27, 70, 53,
       28, 68, 68, 54, 77, 42, 70, 53, 41, 67, 57, 53, 47, 55, 42, 65, 77,
       28, 70, 28, 68, 28, 41, 54, 68, 40, 68, 45, 69, 45,  1, 71, 69, 69,
        2, 55, 42, 41, 68,  3, 29, 41, 79, 67, 67, 74, 70, 71, 45, 42, 27,
       79, 67, 28, 52, 70, 54, 54, 68, 51, 53, 55, 54,  2, 28, 52, 70, 27,
       29, 78, 52, 52,  1, 54, 28, 68, 69, 55, 56, 41,  2, 67, 69, 53,  2,
       68, 65, 67, 28, 71, 68, 27, 28,  2,  2,  2, 42, 42, 68, 77, 30, 43,
       29, 69, 68, 44, 52,  2, 27, 57, 43, 47, 52, 57, 53, 44, 68, 27, 52,
       58, 67, 66, 72, 28, 69, 28, 55, 53, 71, 41, 60,  2, 54, 54, 68, 57,
       29, 69, 28])}, {'ts_index': 104, 'loc': 40, 'gap': 0.06543230481821544, 'distances': array([0.1156081 , 0.16215372, 0.12983933, 0.13399028, 0.13786089,
       0.11148493, 0.12606617, 0.11045406, 0.03310924, 0.1108092 ,
       0.09971199, 0.13857245, 0.11024554, 0.03208331, 0.15442902,
       0.12789384, 0.1085256 , 0.11563861, 0.10403445, 0.14032316,
       0.11002983, 0.13801811, 0.035408  , 0.11764053, 0.14187811,
       0.11434689, 0.14807601, 0.12856817, 0.03723673, 0.13741417,
       0.15472583, 0.159511  , 0.03778101, 0.02296417, 0.03784402,
       0.14382852, 0.11532248, 0.03406477, 0.14275797, 0.03292395,
       0.1419923 , 0.12300097, 0.        , 0.10035229, 0.07264461,
       0.1112974 , 0.11478334, 0.08852085, 0.11674106, 0.03384823,
       0.11748906, 0.03194654, 0.11994954, 0.01846806, 0.07512129,
       0.10842742, 0.02454873, 0.02919852, 0.10575429, 0.0355665 ,
       0.13304089, 0.02902278, 0.1052242 , 0.02653241, 0.02669305,
       0.03520872, 0.03268869, 0.1510565 , 0.1286816 , 0.02307555,
       0.15775538, 0.15906813, 0.09849896, 0.04067574, 0.02487185,
       0.15724747, 0.15253106, 0.10766175, 0.02697885, 0.11937976,
       0.14901036, 0.09185199, 0.043848  , 0.0317996 , 0.11414627,
       0.14678709, 0.02149749, 0.10833159, 0.16293825, 0.02636896]), 'delta_distances': array([0., 0., 0., 0., 0., 0., 0., 0., 0., 0., 0., 0., 0., 0., 0., 0., 0.,
       0., 0., 0., 0., 0., 0., 0., 0., 0., 0., 0., 0., 0., 0., 0., 0., 0.,
       0., 0., 0., 0., 0., 0., 0., 0., 0., 0., 0., 0., 0., 0., 0., 0., 0.,
       0., 0., 0., 0., 0., 0., 0., 0., 0., 0., 0., 0., 0., 0., 0., 0., 0.,
       0., 0., 0., 0., 0., 0., 0., 0., 0., 0., 0., 0., 0., 0., 0., 0., 0.,
       0., 0., 0., 0., 0.]), 'locations': array([ 40, 109,  65,  22,  67, 112, 108,  40,  40,  65,  64,  67,  64,
        39, 110, 109,  65,  66,  39,  65,  40,  66,  39,  39, 110, 113,
        25,  66,  39,  23, 109,  29,  39,  40,  90,  66,  66,  41,  23,
        40, 110,  68,  40,  65,  56,  66,  41,  38,  39,  91,  41,  39,
        63,  39,  65,  39,  41,  39,  42,  39,  66,  39,  65,  40,  42,
        39,  39, 111,  67,  39,  66, 115,  64,  41,  41, 109, 113,  64,
        39,  40, 110,  65,  42,  39,  40,  24,  39,  40,  21,  41])}], 'clusters': array([0, 2, 0, 1, 2, 2, 0, 2, 2, 0, 2, 0, 0, 2, 0, 1, 2, 2, 0, 3, 2, 2,
       2, 2, 1, 0, 0, 2, 0, 1, 1, 0, 2, 3, 1, 0, 0, 2, 2, 0, 2, 2, 2, 0,
       1, 0, 0, 2, 0, 0, 2, 3, 0, 1, 0, 0, 0, 2, 1, 2, 2, 2, 1, 2, 1, 2,
       2, 0, 3, 2, 0, 2, 0, 2, 1, 0, 1, 3, 2, 2, 2, 3, 3, 1, 0, 0, 2, 3,
       1, 2, 0, 3, 2, 2, 2, 1, 2, 2, 0, 1, 1, 0, 2, 1, 3, 2, 2, 0, 1, 0,
       0, 0, 2, 1, 0, 0, 3, 0, 3, 2, 0, 2, 2, 2, 3, 0, 0, 3, 3, 1, 2, 2,
       2, 0, 3, 0, 3, 2, 2, 0, 3, 2, 2, 2, 2, 2, 2, 1, 2, 1, 1, 2, 1, 3,
       3, 3, 0, 1, 1, 0, 2, 3, 2, 0, 2, 2, 2, 1, 0, 0, 3, 1, 2, 3, 0, 0,
       1, 0, 3, 0, 0, 1, 1, 2, 2, 0, 3, 2, 2, 1, 1, 2, 2, 2, 2, 1, 3, 1,
       0, 2, 0, 2, 3, 0, 0, 2, 3, 2, 2, 2]), 'time': 127.26688885688782}
lenSubsequence: 18{'RI': 0.8359990886306676, 'num_clusters': 4, 'uShapelets': [{'ts_index': 190, 'loc': 63, 'gap': 0.10919213456385331, 'distances': array([0.28574359, 0.18550483, 0.30747793, 0.03620718, 0.24947431,
       0.27525372, 0.28275919, 0.23163355, 0.26774972, 0.2784808 ,
       0.19675301, 0.28912174, 0.31280334, 0.26273637, 0.31062369,
       0.03172777, 0.26814636, 0.26215187, 0.27886371, 0.29103096,
       0.21677057, 0.24888497, 0.20116744, 0.20064835, 0.04463044,
       0.29978599, 0.28715967, 0.20005414, 0.28534068, 0.0194207 ,
       0.02340749, 0.28779008, 0.24369433, 0.28778248, 0.02888665,
       0.30613981, 0.3129715 , 0.2683005 , 0.22916795, 0.29562737,
       0.27885019, 0.22991303, 0.23032053, 0.30169072, 0.02940495,
       0.28950082, 0.29308366, 0.21473964, 0.28539842, 0.28567045,
       0.19655646, 0.29222553, 0.29320925, 0.02923183, 0.30988887,
       0.31293164, 0.27737384, 0.18962065, 0.02825266, 0.17843379,
       0.26970937, 0.21536244, 0.03054768, 0.26628608, 0.01780406,
       0.20540028, 0.26717801, 0.28893823, 0.30472097, 0.19929586,
       0.28799139, 0.21163479, 0.28995958, 0.17682444, 0.17539814,
       0.28915216, 0.01702576, 0.28810361, 0.19940444, 0.21639029,
       0.22677547, 0.28942708, 0.29921781, 0.03217458, 0.28500772,
       0.28829919, 0.21387671, 0.30823434, 0.17077611, 0.26911502,
       0.28382145, 0.28911771, 0.1935049 , 0.18032282, 0.24187451,
       0.02461669, 0.18304049, 0.21006408, 0.29983398, 0.0349576 ,
       0.02584946, 0.2822954 , 0.27367714, 0.03004179, 0.28988296,
       0.25997556, 0.29582954, 0.29735554, 0.03516412, 0.28958988,
       0.30762164, 0.29434224, 0.20074166, 0.18300208, 0.28249033,
       0.29075985, 0.2938184 , 0.29508067, 0.29302875, 0.26735099,
       0.28934273, 0.18612962, 0.27252783, 0.26285894, 0.2904355 ,
       0.30840516, 0.28863458, 0.28161192, 0.28792362, 0.03571181,
       0.27467563, 0.19737765, 0.22601933, 0.28348156, 0.30013885,
       0.27889021, 0.29430108, 0.19495728, 0.20433185, 0.29539661,
       0.29015098, 0.2336094 , 0.18749138, 0.17972523, 0.26125989,
       0.23641995, 0.20030367, 0.03070077, 0.25282297, 0.02678602,
       0.03009317, 0.27272557, 0.16255916, 0.27768832, 0.2938047 ,
       0.29113992, 0.27992559, 0.27215407, 0.03285293, 0.28456185,
       0.18156304, 0.29283618, 0.27665114, 0.30352519, 0.26980884,
       0.21675665, 0.20438395, 0.03194377, 0.30332817, 0.28631802,
       0.30643551, 0.02992589, 0.27587302, 0.29146874, 0.30624895,
       0.27112743, 0.17386112, 0.29724188, 0.31117555, 0.29301367,
       0.30562337, 0.03967783, 0.17928276, 0.20038749, 0.27844615,
       0.29556194, 0.31143944, 0.20107853, 0.19669291, 0.03147672,
       0.        , 0.19468159, 0.26606174, 0.19445927, 0.25824978,
       0.02603849, 0.29263069, 0.02936141, 0.29234895, 0.18846614,
       0.27757774, 0.22101948, 0.29365897, 0.29197568, 0.29622351,
       0.18485755, 0.29737285, 0.24681138, 0.21552501, 0.2723358 ]), 'delta_distances': array([0., 0., 0., 0., 0., 0., 0., 0., 0., 0., 0., 0., 0., 0., 0., 0., 0.,
       0., 0., 0., 0., 0., 0., 0., 0., 0., 0., 0., 0., 0., 0., 0., 0., 0.,
       0., 0., 0., 0., 0., 0., 0., 0., 0., 0., 0., 0., 0., 0., 0., 0., 0.,
       0., 0., 0., 0., 0., 0., 0., 0., 0., 0., 0., 0., 0., 0., 0., 0., 0.,
       0., 0., 0., 0., 0., 0., 0., 0., 0., 0., 0., 0., 0., 0., 0., 0., 0.,
       0., 0., 0., 0., 0., 0., 0., 0., 0., 0., 0., 0., 0., 0., 0., 0., 0.,
       0., 0., 0., 0., 0., 0., 0., 0., 0., 0., 0., 0., 0., 0., 0., 0., 0.,
       0., 0., 0., 0., 0., 0., 0., 0., 0., 0., 0., 0., 0., 0., 0., 0., 0.,
       0., 0., 0., 0., 0., 0., 0., 0., 0., 0., 0., 0., 0., 0., 0., 0., 0.,
       0., 0., 0., 0., 0., 0., 0., 0., 0., 0., 0., 0., 0., 0., 0., 0., 0.,
       0., 0., 0., 0., 0., 0., 0., 0., 0., 0., 0., 0., 0., 0., 0., 0., 0.,
       0., 0., 0., 0., 0., 0., 0., 0., 0., 0., 0., 0., 0., 0., 0., 0., 0.,
       0., 0., 0., 0., 0., 0.]), 'locations': array([125,  65, 125,  52,  65,  25, 125,  67,  24, 125,  68, 125, 125,
        25, 125,  64,  25,  26, 125, 125,  66,  25,  65,  64,  65, 125,
       125,  64, 125,  67,  66, 125,  25, 125,  63, 125,  86,  24,  66,
       125,  25,  65,  65, 125,  65, 125, 125,  66, 125, 125,  64, 125,
       125,  64,  84, 125, 125,  61,  65,  73,  25,  66,  53,  24,  63,
        64,  25, 125, 125,  64, 125,  64,  81,  65,  63,  43,  61, 125,
        67,  66,  65, 125, 125,  63, 125, 125,  64, 125,  64,  27, 125,
       125,  64,  63,  70,  64,  66,  67, 125,  63,  63, 125,  24,  62,
       125,  64,  26, 125,  53,  39, 125, 125,  63,  65, 125, 125, 125,
       125, 125,  25, 125,  66,  24,  26, 125, 125, 125, 125, 125,  64,
        26,  63,  66, 125, 125, 125, 125,  64,  66, 125, 125,  64,  61,
        63,  25,  68,  64,  66,  24,  65,  64,  25,  74, 125, 125, 125,
       125,   0,  65, 125,  64, 125,  27, 125,  26,  66,  65,  64,  42,
       125, 125,  62,  25, 125, 125,  44,  70, 125, 125, 125, 125,  64,
        67,  65,  24, 125,   0,  63,  62,  66,  63,  68,  26,  66,  25,
        55, 125,  66, 125,  67, 125,  58, 125, 125, 125,  64, 125,  26,
        66,  25])}, {'ts_index': 127, 'loc': 99, 'gap': 0.06402236167273308, 'distances': array([0.04828615, 0.11891516, 0.15445865, 0.16022418, 0.1294548 ,
       0.12511754, 0.14855805, 0.13001517, 0.12978151, 0.12938341,
       0.12578665, 0.05014227, 0.13911802, 0.13512411, 0.12672529,
       0.13555044, 0.04621605, 0.028748  , 0.13523926, 0.13312201,
       0.07680358, 0.13268578, 0.04048213, 0.04432453, 0.13110392,
       0.12630224, 0.04435268, 0.12250641, 0.01706107, 0.14852096,
       0.14523888, 0.12672216, 0.16700737, 0.04390271, 0.12352073,
       0.15803778, 0.13966972, 0.05085707, 0.04162591, 0.13010685,
       0.12663282, 0.04971009, 0.12613431, 0.16432628, 0.01157157,
       0.03823022, 0.13633059, 0.04544108, 0.12698468, 0.10161529,
       0.13004586, 0.15798284, 0.13524588, 0.12302668, 0.12553656,
       0.1256138 , 0.02816321, 0.09006088, 0.13205219, 0.12497623,
       0.15331917, 0.16577481, 0.02407768, 0.12199566, 0.1616317 ,
       0.15130116, 0.02450296, 0.04948285, 0.14006862, 0.10943385,
       0.12642969, 0.02533358, 0.13079391, 0.15355115, 0.02180978,
       0.13482394, 0.08747347, 0.13266163, 0.12982758, 0.0993632 ,
       0.13949999, 0.10573451, 0.13413312, 0.02460246, 0.17881636,
       0.12623005, 0.03643424, 0.17352302, 0.05641141, 0.04302433,
       0.07544013, 0.12828253, 0.0506797 , 0.04125411, 0.02272338,
       0.04497125, 0.01928378, 0.13978853, 0.03637493, 0.07386965,
       0.12157598, 0.12754684, 0.02301637, 0.0381492 , 0.03983562,
       0.        , 0.02233962, 0.13176142, 0.09053471, 0.14765779,
       0.05255174, 0.02260824, 0.10964687, 0.02028097, 0.11886495,
       0.14190848, 0.03886245, 0.02031336, 0.16733386, 0.12408899,
       0.07499864, 0.12220521, 0.13897052, 0.1375018 , 0.13438534,
       0.12892357, 0.03415479, 0.02590814, 0.02384408, 0.13253657,
       0.02463775, 0.12073185, 0.10642667, 0.02084104, 0.1244758 ,
       0.1408217 , 0.12235309, 0.11419956, 0.1194362 , 0.14324009,
       0.03690662, 0.02489645, 0.12044023, 0.01841656, 0.14868707,
       0.15494646, 0.04040379, 0.02287236, 0.04926823, 0.13964801,
       0.1214553 , 0.13173567, 0.03190858, 0.02062488, 0.11738711,
       0.11807329, 0.10653318, 0.13641938, 0.12506691, 0.13623083,
       0.02081377, 0.04383897, 0.12059536, 0.1183512 , 0.13884817,
       0.02308078, 0.0416179 , 0.06034203, 0.10570263, 0.02403393,
       0.13549987, 0.12432664, 0.13509684]), 'delta_distances': array([0., 0., 0., 0., 0., 0., 0., 0., 0., 0., 0., 0., 0., 0., 0., 0., 0.,
       0., 0., 0., 0., 0., 0., 0., 0., 0., 0., 0., 0., 0., 0., 0., 0., 0.,
       0., 0., 0., 0., 0., 0., 0., 0., 0., 0., 0., 0., 0., 0., 0., 0., 0.,
       0., 0., 0., 0., 0., 0., 0., 0., 0., 0., 0., 0., 0., 0., 0., 0., 0.,
       0., 0., 0., 0., 0., 0., 0., 0., 0., 0., 0., 0., 0., 0., 0., 0., 0.,
       0., 0., 0., 0., 0., 0., 0., 0., 0., 0., 0., 0., 0., 0., 0., 0., 0.,
       0., 0., 0., 0., 0., 0., 0., 0., 0., 0., 0., 0., 0., 0., 0., 0., 0.,
       0., 0., 0., 0., 0., 0., 0., 0., 0., 0., 0., 0., 0., 0., 0., 0., 0.,
       0., 0., 0., 0., 0., 0., 0., 0., 0., 0., 0., 0., 0., 0., 0., 0., 0.,
       0., 0., 0., 0., 0., 0., 0., 0., 0., 0., 0., 0., 0., 0., 0., 0., 0.,
       0., 0., 0.]), 'locations': array([ 95,  90,  59,  99,  77,  88,  93,  61,  53,  95,  89,  98,  77,
        61,  62,  76,  95, 100,  92,  61,  91,  90,  96,  96,  90,  56,
        96,  62,  99,  58,  61,  77, 101,  95,  61,  92,  90,  97,  95,
        88,  93,  95,  56,  88,  99,  95,  61,  98,  87,  88,  61,  94,
        77,  90,  77,  89, 101,  90,  55,  90,  59,  59, 100,  92,  95,
        92, 100,  99,  57,  90,  90, 100,  77,  57,  30,  90,  90,  97,
        92,  91,  59,  91,  77, 100,  92,  79,  96,  50,  97,  96,  89,
        94,  29,  96, 100,  96,  99,  60,  95,  92,  61,  78,  99,  98,
        96,  99, 100,  77,  90,  92,  96,  99,  89,  99,  91,  92,  96,
       100,  91,  89,  90,  76,  96,  90,  78,  62,  99,  29,  99,  89,
       100,  57,  91, 100,  77,  57,  78,  94,  91,  59,  95, 100,  60,
        99,  57,  89,  95, 100,  96,  58,  96,  49,  97, 100,  89,  88,
        94,  76,  92,  77,  99,  96,  93,  89,  36, 100,  96,  93,  90,
        99,  62,  92,  76])}, {'ts_index': 21, 'loc': 88, 'gap': 0.09411032307233771, 'distances': array([0.11577695, 0.1577404 , 0.14114195, 0.01827052, 0.13626007,
       0.14016082, 0.01894005, 0.12283484, 0.12742524, 0.14825872,
       0.0124958 , 0.11543446, 0.02849009, 0.02095778, 0.12290942,
       0.        , 0.12689014, 0.14639859, 0.14060961, 0.15054075,
       0.02293799, 0.150986  , 0.11395422, 0.02876034, 0.13690928,
       0.01869723, 0.14535495, 0.13062571, 0.14873351, 0.13561861,
       0.14695693, 0.14577459, 0.13839436, 0.14181392, 0.13248468,
       0.01580573, 0.14384096, 0.02077288, 0.13862443, 0.0181506 ,
       0.14571238, 0.12866415, 0.12990076, 0.13171257, 0.15478075,
       0.16553088, 0.13965016, 0.13747866, 0.14606797, 0.15500168,
       0.13914688, 0.1412921 , 0.02523623, 0.13534718, 0.14448758,
       0.13034822, 0.12581354, 0.12564594, 0.14623643, 0.13752632,
       0.14483272, 0.03534556, 0.14624221, 0.03971892, 0.11415957,
       0.12609088, 0.14149357, 0.01864963, 0.13020895, 0.03112172,
       0.03491175, 0.02586038, 0.13563746, 0.14520149, 0.13955765,
       0.13550738, 0.12984833, 0.14094467, 0.13531736, 0.12206711,
       0.03037411, 0.12020659, 0.14559947, 0.02218079, 0.02852657,
       0.15151986, 0.15065472, 0.13152125, 0.02699891, 0.15628497,
       0.02342219, 0.11328707, 0.12731664, 0.15102694, 0.02355601,
       0.15763827, 0.16292089, 0.15403316, 0.12746629, 0.03292715,
       0.13413005, 0.13619729, 0.13042734, 0.03275687, 0.13035945,
       0.01739315, 0.13915015, 0.13987197, 0.12171127, 0.1338567 ,
       0.02525035, 0.12060325, 0.02648707]), 'delta_distances': array([0., 0., 0., 0., 0., 0., 0., 0., 0., 0., 0., 0., 0., 0., 0., 0., 0.,
       0., 0., 0., 0., 0., 0., 0., 0., 0., 0., 0., 0., 0., 0., 0., 0., 0.,
       0., 0., 0., 0., 0., 0., 0., 0., 0., 0., 0., 0., 0., 0., 0., 0., 0.,
       0., 0., 0., 0., 0., 0., 0., 0., 0., 0., 0., 0., 0., 0., 0., 0., 0.,
       0., 0., 0., 0., 0., 0., 0., 0., 0., 0., 0., 0., 0., 0., 0., 0., 0.,
       0., 0., 0., 0., 0., 0., 0., 0., 0., 0., 0., 0., 0., 0., 0., 0., 0.,
       0., 0., 0., 0., 0., 0., 0., 0., 0., 0., 0.]), 'locations': array([ 11, 103, 111,  88,  18, 111,  89,  18, 111, 104,  88, 105,  89,
        86, 110,  88,  13, 112,  14, 104,  89, 103, 106,  88, 112,  89,
       111,  14, 104,  13,  19, 108, 105,  19,  12,  88,  13,  88,  14,
        88, 106,  12,  19,  13, 103, 103, 113, 110,  15,  20, 104,  14,
        88,  18, 112,  13, 111, 103,  15, 105, 102,  88,  12,  89,  55,
        13,  18,  88,  14,  89,  88,  87,  12,  14,  20,  14, 111,  14,
        99,  14,  87, 111, 112,  89,  89,  19,  19,  14,  88, 103,  89,
        52,  79, 103,  88,  20, 102, 104, 111,  89,  13,  14, 112,  87,
        52,  88,  16,  19,  14,  13,  89, 110,  87])}], 'clusters': array([2, 0, 0, 1, 0, 3, 0, 0, 3, 0, 0, 0, 2, 3, 0, 1, 3, 3, 2, 2, 0, 3,
       0, 0, 1, 2, 2, 0, 0, 1, 1, 2, 3, 2, 1, 0, 0, 3, 0, 2, 3, 0, 0, 2,
       1, 2, 0, 0, 2, 0, 0, 2, 2, 1, 0, 2, 0, 0, 1, 1, 3, 0, 1, 3, 1, 0,
       3, 0, 2, 0, 0, 0, 0, 1, 1, 0, 1, 2, 0, 0, 0, 2, 2, 1, 0, 0, 0, 2,
       1, 3, 0, 2, 0, 0, 0, 1, 0, 0, 0, 1, 1, 0, 3, 1, 2, 0, 3, 2, 1, 0,
       2, 2, 0, 0, 2, 2, 2, 2, 2, 3, 2, 0, 3, 3, 2, 2, 2, 2, 2, 1, 3, 0,
       0, 2, 2, 0, 2, 0, 0, 2, 2, 0, 0, 0, 3, 0, 0, 1, 3, 1, 1, 3, 1, 2,
       2, 2, 0, 2, 1, 0, 0, 2, 3, 0, 3, 0, 0, 1, 0, 2, 2, 1, 3, 2, 0, 0,
       1, 2, 2, 2, 0, 1, 1, 0, 3, 2, 2, 0, 0, 1, 1, 0, 3, 0, 3, 1, 2, 1,
       2, 0, 0, 0, 2, 2, 2, 0, 2, 3, 0, 3]), 'time': 135.17848300933838}
lenSubsequence: 19{'RI': 0.6094326725905673, 'num_clusters': 3, 'uShapelets': [{'ts_index': 76, 'loc': 63, 'gap': 0.10911359319606269, 'distances': array([0.30831663, 0.19027008, 0.27595494, 0.02932472, 0.25341399,
       0.27803906, 0.27290329, 0.23955737, 0.27294501, 0.28979009,
       0.20471481, 0.26970792, 0.26632568, 0.26594087, 0.25781075,
       0.02202246, 0.27232289, 0.26399394, 0.30723352, 0.29612495,
       0.22536346, 0.25463891, 0.20574994, 0.20466942, 0.0409732 ,
       0.28515364, 0.3025983 , 0.20469802, 0.26878107, 0.0135572 ,
       0.01758682, 0.28124936, 0.24704824, 0.28598379, 0.01905401,
       0.27066205, 0.25802708, 0.27292557, 0.2305516 , 0.29273853,
       0.28349236, 0.23606076, 0.23431815, 0.27208657, 0.01852377,
       0.31377553, 0.27308906, 0.2282248 , 0.3025156 , 0.26595036,
       0.20269365, 0.2754635 , 0.28414574, 0.02445693, 0.26388599,
       0.26807255, 0.27872135, 0.19321519, 0.02281832, 0.19055216,
       0.27370587, 0.21692471, 0.02935248, 0.27192304, 0.01588855,
       0.20544364, 0.27313261, 0.27329227, 0.26947501, 0.20658256,
       0.28264821, 0.21540145, 0.28088268, 0.190674  , 0.18167085,
       0.27601632, 0.        , 0.29796037, 0.20361591, 0.21998597,
       0.2338114 , 0.28242093, 0.31152749, 0.03039805, 0.27038056,
       0.26067463, 0.21449312, 0.26514532, 0.17613136, 0.26764973,
       0.28198279, 0.26433683, 0.19826774, 0.18713128, 0.25114618,
       0.0229162 , 0.18572935, 0.21445279, 0.2593157 , 0.0333756 ,
       0.01694696, 0.26203914, 0.27817521, 0.01978135, 0.28411553,
       0.25757584, 0.29545789, 0.28338668, 0.02893694, 0.28837336,
       0.27357352, 0.27660714, 0.20842136, 0.19352579, 0.31045386,
       0.28789709, 0.27949169, 0.28634778, 0.26830686, 0.27164761,
       0.28638919, 0.19330491, 0.27866398, 0.26432188, 0.2917406 ,
       0.2926722 , 0.29381531, 0.28677439, 0.27105226, 0.02366719,
       0.27766457, 0.20440657, 0.23361621, 0.29330668, 0.26819999,
       0.26285338, 0.27412416, 0.19686553, 0.21258648, 0.2861389 ,
       0.26926508, 0.24034905, 0.1896833 , 0.18670722, 0.26696328,
       0.24647009, 0.20080149, 0.02490419, 0.2575843 , 0.02900086,
       0.02141627, 0.27692927, 0.17108248, 0.27186922, 0.27027779,
       0.26810452, 0.27377046, 0.21927542, 0.02559308, 0.26586847,
       0.18491122, 0.26905498, 0.28084442, 0.28105224, 0.27672692,
       0.22707255, 0.21500606, 0.02887824, 0.27405683, 0.31047971,
       0.26280257, 0.02313983, 0.2798463 , 0.28317664, 0.27700443,
       0.26140126, 0.17884383, 0.29741685, 0.2666331 , 0.28084974,
       0.2810963 , 0.03480173, 0.18335748, 0.20791354, 0.28464285,
       0.28258655, 0.25737177, 0.20217841, 0.19927664, 0.02786384,
       0.01813018, 0.2053016 , 0.27165606, 0.20375162, 0.26056309,
       0.01841218, 0.2717647 , 0.02379174, 0.28810924, 0.19173413,
       0.26944509, 0.21576196, 0.27045352, 0.28955363, 0.2791079 ,
       0.18978847, 0.27011877, 0.25159286, 0.2228954 , 0.27551843]), 'delta_distances': array([0., 0., 0., 0., 0., 0., 0., 0., 0., 0., 0., 0., 0., 0., 0., 0., 0.,
       0., 0., 0., 0., 0., 0., 0., 0., 0., 0., 0., 0., 0., 0., 0., 0., 0.,
       0., 0., 0., 0., 0., 0., 0., 0., 0., 0., 0., 0., 0., 0., 0., 0., 0.,
       0., 0., 0., 0., 0., 0., 0., 0., 0., 0., 0., 0., 0., 0., 0., 0., 0.,
       0., 0., 0., 0., 0., 0., 0., 0., 0., 0., 0., 0., 0., 0., 0., 0., 0.,
       0., 0., 0., 0., 0., 0., 0., 0., 0., 0., 0., 0., 0., 0., 0., 0., 0.,
       0., 0., 0., 0., 0., 0., 0., 0., 0., 0., 0., 0., 0., 0., 0., 0., 0.,
       0., 0., 0., 0., 0., 0., 0., 0., 0., 0., 0., 0., 0., 0., 0., 0., 0.,
       0., 0., 0., 0., 0., 0., 0., 0., 0., 0., 0., 0., 0., 0., 0., 0., 0.,
       0., 0., 0., 0., 0., 0., 0., 0., 0., 0., 0., 0., 0., 0., 0., 0., 0.,
       0., 0., 0., 0., 0., 0., 0., 0., 0., 0., 0., 0., 0., 0., 0., 0., 0.,
       0., 0., 0., 0., 0., 0., 0., 0., 0., 0., 0., 0., 0., 0., 0., 0., 0.,
       0., 0., 0., 0., 0., 0.]), 'locations': array([ 0, 66,  0, 54, 66, 26,  0, 68, 24,  0, 69,  0,  0, 26,  0, 66, 26,
       27, 51,  0, 67, 26, 66, 65, 68,  0,  0, 65,  0, 69, 68,  0, 26,  0,
       65,  0,  0, 25, 67,  0, 26, 66, 66,  0, 67, 76,  0, 67, 52,  0, 65,
        0,  0, 66,  0,  0,  0, 62, 67, 74, 26, 67, 55, 25, 65, 65, 26,  0,
        0, 65,  0, 65,  0, 66, 65,  0, 63,  0, 68, 67, 66,  0, 54, 65,  0,
        0, 65,  0, 65, 27, 39,  0, 65, 64, 71, 66, 67, 69,  0, 65, 65,  0,
       25, 64,  0, 65, 26,  0, 55, 40,  0,  0, 65, 66,  0,  0,  0,  0,  0,
       26,  0, 67, 25, 27,  0,  0,  0,  0,  0, 66, 26, 64, 67,  0,  0,  0,
        0, 65, 67,  0,  0, 65, 62, 64, 25, 68, 65, 68, 25, 67, 66, 26, 75,
        0,  0,  0,  0,  0, 67,  0, 65,  0, 28,  0, 26, 67, 65, 66,  0,  0,
        0, 64, 25,  0,  0,  0, 71,  0,  0,  0,  0, 66, 68, 66, 25,  0,  0,
       64, 63, 69, 65, 69, 26, 67, 26, 57,  0, 68,  0, 68,  0, 59,  0,  0,
        0, 65,  0, 27, 66, 26])}, {'ts_index': 209, 'loc': 30, 'gap': 0.06610828442248656, 'distances': array([0.11199215, 0.12065153, 0.11059244, 0.09309004, 0.01457657,
       0.12522179, 0.09706045, 0.02852505, 0.12724697, 0.09595954,
       0.12647796, 0.1094659 , 0.02232752, 0.11703088, 0.02017754,
       0.03282338, 0.11463377, 0.1132528 , 0.08470423, 0.02965718,
       0.10636342, 0.11001629, 0.11079101, 0.11196036, 0.10933425,
       0.13227926, 0.10987906, 0.03361234, 0.11324462, 0.11621644,
       0.10258637, 0.01616912, 0.09842352, 0.11325419, 0.02026596,
       0.08358819, 0.09241239, 0.10917129, 0.11211059, 0.12542075,
       0.08877752, 0.11248668, 0.12405807, 0.1130215 , 0.1137709 ,
       0.10948647, 0.10849507, 0.10875503, 0.12935145, 0.11522441,
       0.10957833, 0.01688604, 0.10360912, 0.02835089, 0.10906564,
       0.02566625, 0.12834994, 0.10065127, 0.10329632, 0.12803398,
       0.11036838, 0.09785432, 0.09702568, 0.10263266, 0.11896056,
       0.10535299, 0.09571491, 0.09562458, 0.11108204, 0.10880895,
       0.12330057, 0.1266301 , 0.10308658, 0.1004721 , 0.0266064 ,
       0.12871919, 0.11633696, 0.10907856, 0.11042438, 0.11539665,
       0.10753138, 0.12246684, 0.12506614, 0.01972603, 0.10419509,
       0.10301279, 0.02701267, 0.11176758, 0.09931902, 0.10879376,
       0.1095938 , 0.09476204, 0.10440362, 0.11747232, 0.1114301 ,
       0.10556519, 0.11057068, 0.11338182, 0.0142155 , 0.11121543,
       0.10504638, 0.0313656 , 0.02235907, 0.11343186, 0.10492258,
       0.1106086 , 0.11405661, 0.11088753, 0.02142836, 0.09750899,
       0.08882545, 0.10937537, 0.11359458, 0.12526263, 0.11117936,
       0.11277366, 0.08859127, 0.11065237, 0.1137995 , 0.0947245 ,
       0.10707553, 0.11094461, 0.02647907, 0.08041337, 0.09394859,
       0.02802032, 0.01757312, 0.10694467, 0.1113843 , 0.1178168 ,
       0.13004655, 0.08426587, 0.12606243, 0.11416166, 0.0287109 ,
       0.12213996, 0.03013161, 0.07481754, 0.07960221, 0.11590401,
       0.11374661, 0.11260399, 0.0285915 , 0.10898138, 0.10450517,
       0.12102359, 0.11202611, 0.11858715, 0.11155671, 0.10525547,
       0.08989486, 0.02742631, 0.11038783, 0.10766365, 0.1104972 ,
       0.11034824, 0.08387539, 0.02400842, 0.0882857 , 0.02758869,
       0.11238136, 0.11149559, 0.11306791, 0.12980942, 0.0960902 ,
       0.11202515, 0.11315778, 0.10912154, 0.11291521, 0.10415218,
       0.03419757, 0.08334755, 0.        ]), 'delta_distances': array([0., 0., 0., 0., 0., 0., 0., 0., 0., 0., 0., 0., 0., 0., 0., 0., 0.,
       0., 0., 0., 0., 0., 0., 0., 0., 0., 0., 0., 0., 0., 0., 0., 0., 0.,
       0., 0., 0., 0., 0., 0., 0., 0., 0., 0., 0., 0., 0., 0., 0., 0., 0.,
       0., 0., 0., 0., 0., 0., 0., 0., 0., 0., 0., 0., 0., 0., 0., 0., 0.,
       0., 0., 0., 0., 0., 0., 0., 0., 0., 0., 0., 0., 0., 0., 0., 0., 0.,
       0., 0., 0., 0., 0., 0., 0., 0., 0., 0., 0., 0., 0., 0., 0., 0., 0.,
       0., 0., 0., 0., 0., 0., 0., 0., 0., 0., 0., 0., 0., 0., 0., 0., 0.,
       0., 0., 0., 0., 0., 0., 0., 0., 0., 0., 0., 0., 0., 0., 0., 0., 0.,
       0., 0., 0., 0., 0., 0., 0., 0., 0., 0., 0., 0., 0., 0., 0., 0., 0.,
       0., 0., 0., 0., 0., 0., 0., 0., 0., 0., 0., 0., 0., 0., 0., 0., 0.,
       0., 0., 0.]), 'locations': array([ 3,  2, 89, 70, 30,  4, 72, 29,  4, 73,  5,  4, 30, 93, 30, 31,  3,
       81, 71, 30, 72,  3,  4,  3,  3,  4,  4, 30,  4, 90, 94, 29, 71,  3,
       30, 70, 70,  4, 53,  4, 72,  3,  4, 69,  4,  4, 92,  4,  4,  3, 78,
       30, 72, 29,  3, 30,  4, 81, 70,  4,  3, 89, 71, 89,  4, 73, 71, 70,
       81, 80,  4,  5,  3, 81, 31, 86, 81,  3,  3, 75,  3,  5,  5, 29, 81,
       93, 30,  4, 71,  4,  4, 70, 70,  3,  3, 80,  4,  4, 30,  4,  3, 29,
       31,  4, 54,  3,  4,  4, 30, 70, 71,  3,  4,  5,  4,  3, 71,  4,  4,
       69,  3, 70, 30, 73,  3, 29, 30,  4,  4,  5,  4,  6,  5,  4, 32, 89,
       30, 71, 70, 89,  3,  5, 29, 80, 89,  4,  3,  4,  3, 90, 70, 29,  4,
       81,  3,  3, 74, 30, 71, 30,  4,  4,  4,  5, 63,  4,  3,  4,  3, 80,
       31, 71, 30])}], 'clusters': array([0, 0, 0, 1, 0, 2, 0, 0, 2, 0, 0, 0, 0, 2, 0, 1, 2, 2, 0, 0, 0, 2,
       0, 0, 1, 0, 0, 0, 0, 1, 1, 0, 2, 0, 1, 0, 0, 2, 0, 0, 2, 0, 0, 0,
       1, 0, 0, 0, 0, 0, 0, 0, 0, 1, 0, 0, 0, 0, 1, 0, 2, 0, 1, 2, 1, 0,
       2, 0, 0, 0, 0, 0, 0, 0, 1, 0, 1, 0, 0, 0, 0, 0, 0, 1, 0, 0, 0, 0,
       1, 2, 0, 0, 0, 0, 0, 1, 1, 0, 0, 1, 1, 0, 2, 1, 0, 0, 2, 0, 1, 0,
       0, 0, 0, 0, 0, 0, 0, 0, 0, 2, 0, 0, 2, 2, 0, 0, 0, 0, 0, 1, 2, 0,
       0, 0, 0, 0, 0, 0, 0, 0, 0, 0, 0, 0, 2, 0, 0, 1, 2, 1, 1, 2, 1, 0,
       0, 0, 0, 0, 1, 0, 1, 0, 2, 0, 2, 0, 0, 1, 0, 0, 0, 1, 2, 0, 0, 0,
       1, 0, 0, 0, 0, 1, 1, 0, 2, 0, 0, 0, 0, 1, 1, 0, 2, 0, 2, 1, 0, 1,
       0, 0, 0, 0, 0, 0, 0, 0, 0, 2, 0, 2]), 'time': 131.19865608215332}
lenSubsequence: 20{'RI': 0.6034176349965824, 'num_clusters': 3, 'uShapelets': [{'ts_index': 195, 'loc': 57, 'gap': 0.10670459940608493, 'distances': array([0.30304406, 0.18617921, 0.26871661, 0.02727173, 0.25062135,
       0.27862849, 0.26659552, 0.23956945, 0.27135994, 0.28324098,
       0.20840035, 0.26311607, 0.26269646, 0.26550564, 0.25133778,
       0.02789256, 0.27423215, 0.26611053, 0.3002884 , 0.29385661,
       0.22570721, 0.25676208, 0.20156954, 0.20251773, 0.03901871,
       0.28241446, 0.30009131, 0.20329598, 0.26151979, 0.02116223,
       0.02002049, 0.27765825, 0.24940793, 0.28283716, 0.02787508,
       0.26273156, 0.25050279, 0.27337981, 0.22822819, 0.28976069,
       0.28502505, 0.23525332, 0.23387211, 0.26867408, 0.02270996,
       0.30681398, 0.26567476, 0.2311672 , 0.29515156, 0.25967634,
       0.20634549, 0.2705229 , 0.28139868, 0.02713863, 0.25622696,
       0.26357881, 0.27166011, 0.19021726, 0.02383537, 0.19328333,
       0.27524613, 0.21364452, 0.03001829, 0.27208201, 0.02402493,
       0.20223838, 0.27302731, 0.26627289, 0.2660707 , 0.20217814,
       0.27559011, 0.21373245, 0.27293431, 0.19137765, 0.18560096,
       0.2689552 , 0.01901204, 0.29583311, 0.20295583, 0.22088158,
       0.23289774, 0.27833034, 0.30262259, 0.0329344 , 0.2650995 ,
       0.25440796, 0.21132348, 0.26028288, 0.1742357 , 0.27026261,
       0.27259689, 0.2579968 , 0.19723018, 0.18397282, 0.24728123,
       0.02939813, 0.18459734, 0.21177476, 0.25277473, 0.0327055 ,
       0.01743896, 0.25555641, 0.27886269, 0.02549039, 0.27982161,
       0.25490471, 0.29468081, 0.28009355, 0.03009875, 0.28063941,
       0.26936176, 0.27313156, 0.20384451, 0.19370474, 0.30809086,
       0.28513187, 0.27598263, 0.28279481, 0.26338686, 0.27196859,
       0.28461996, 0.18955851, 0.27854562, 0.26293368, 0.2889118 ,
       0.28965684, 0.29109219, 0.2828128 , 0.26754113, 0.02584686,
       0.27700728, 0.19985046, 0.23277644, 0.29047492, 0.26376846,
       0.25555793, 0.27068889, 0.19485065, 0.21324572, 0.28304593,
       0.26447639, 0.23995006, 0.18657119, 0.18346933, 0.26582433,
       0.24452589, 0.19848763, 0.02273439, 0.2580449 , 0.02505853,
       0.01745881, 0.27794223, 0.16771345, 0.26720183, 0.26619467,
       0.26345453, 0.26662623, 0.21548956, 0.02911559, 0.25953495,
       0.18347064, 0.26533539, 0.28251084, 0.27338157, 0.27845109,
       0.22716438, 0.21397142, 0.03194699, 0.26653916, 0.30810998,
       0.25773653, 0.02113522, 0.27977199, 0.27963166, 0.26911174,
       0.25496962, 0.17686086, 0.29439159, 0.26151716, 0.27792482,
       0.27385876, 0.0369873 , 0.18519768, 0.20800773, 0.28614344,
       0.27944868, 0.24742343, 0.19941306, 0.19777911, 0.03158358,
       0.02407878, 0.20380609, 0.27102285, 0.20541927, 0.26142154,
       0.        , 0.26721297, 0.02597378, 0.28499633, 0.18941716,
       0.26237835, 0.21421442, 0.26536943, 0.2862559 , 0.27565767,
       0.18775648, 0.26571686, 0.25132877, 0.22185607, 0.27660065]), 'delta_distances': array([0., 0., 0., 0., 0., 0., 0., 0., 0., 0., 0., 0., 0., 0., 0., 0., 0.,
       0., 0., 0., 0., 0., 0., 0., 0., 0., 0., 0., 0., 0., 0., 0., 0., 0.,
       0., 0., 0., 0., 0., 0., 0., 0., 0., 0., 0., 0., 0., 0., 0., 0., 0.,
       0., 0., 0., 0., 0., 0., 0., 0., 0., 0., 0., 0., 0., 0., 0., 0., 0.,
       0., 0., 0., 0., 0., 0., 0., 0., 0., 0., 0., 0., 0., 0., 0., 0., 0.,
       0., 0., 0., 0., 0., 0., 0., 0., 0., 0., 0., 0., 0., 0., 0., 0., 0.,
       0., 0., 0., 0., 0., 0., 0., 0., 0., 0., 0., 0., 0., 0., 0., 0., 0.,
       0., 0., 0., 0., 0., 0., 0., 0., 0., 0., 0., 0., 0., 0., 0., 0., 0.,
       0., 0., 0., 0., 0., 0., 0., 0., 0., 0., 0., 0., 0., 0., 0., 0., 0.,
       0., 0., 0., 0., 0., 0., 0., 0., 0., 0., 0., 0., 0., 0., 0., 0., 0.,
       0., 0., 0., 0., 0., 0., 0., 0., 0., 0., 0., 0., 0., 0., 0., 0., 0.,
       0., 0., 0., 0., 0., 0., 0., 0., 0., 0., 0., 0., 0., 0., 0., 0., 0.,
       0., 0., 0., 0., 0., 0.]), 'locations': array([51, 66,  0, 54, 66, 26,  0, 68, 24,  0, 69,  0,  0, 26,  0, 66, 26,
       26, 51,  0, 67, 25, 66, 65, 68,  0,  0, 64,  0, 69, 68,  0, 26,  0,
       65,  0,  0, 25, 67,  0, 26, 65, 65,  0, 67, 75,  0, 67, 51,  0, 64,
        0,  0, 66,  0,  0,  0, 62, 67, 74, 26, 67, 55, 25, 65, 65, 26,  0,
        0, 65,  0, 65,  0, 66, 65, 44, 63,  0, 68, 67, 66,  0, 54, 65,  0,
        0, 65,  0, 65, 27, 40,  0, 65, 64, 71, 66, 67, 69,  0, 65, 65,  0,
       25, 64,  0, 65, 26,  0, 55, 39,  0,  0, 64, 65,  0,  0,  0,  0,  0,
       26,  0, 67, 24, 27,  0,  0,  0,  0,  0, 66, 26, 64, 66,  0,  0,  0,
        0, 64, 67,  0,  0, 65, 62, 64, 25, 68, 65, 68, 25, 67, 66, 26, 74,
        0,  0,  0,  0,  0, 67,  0, 65,  0, 28,  0, 26, 67, 65, 65,  0,  0,
        0, 64, 25,  0,  0,  0, 71,  0,  0,  0,  0, 66, 68, 65, 25,  0,  0,
       64, 63, 69, 65, 69, 26, 66, 26, 57,  0, 68,  0, 68,  0, 58,  0,  0,
        0, 65,  0, 26, 66, 26])}, {'ts_index': 7, 'loc': 23, 'gap': 0.0654670512584879, 'distances': array([0.06795769, 0.04520683, 0.05018254, 0.02269994, 0.15249635,
       0.04054087, 0.        , 0.14576713, 0.03798941, 0.03124272,
       0.04680537, 0.06073401, 0.14865357, 0.0437688 , 0.15549747,
       0.1229185 , 0.06681864, 0.07713934, 0.02178853, 0.1540124 ,
       0.03633996, 0.04063558, 0.07402135, 0.06911279, 0.04089175,
       0.04551851, 0.06885792, 0.14888389, 0.08577081, 0.04804032,
       0.05687504, 0.1528224 , 0.02941985, 0.06507991, 0.14989756,
       0.02569012, 0.02563328, 0.06535113, 0.06636741, 0.04857016,
       0.03615477, 0.06384227, 0.04177323, 0.02792087, 0.08379371,
       0.0665522 , 0.05409029, 0.05500643, 0.04497994, 0.05285698,
       0.0291638 , 0.15199938, 0.04201586, 0.15268084, 0.0443935 ,
       0.15024242, 0.05069707, 0.10660525, 0.03713479, 0.04202886,
       0.04827305, 0.04964985, 0.02693195, 0.03414348, 0.04199497,
       0.09419693, 0.02854873, 0.02028743, 0.0259938 , 0.08497173,
       0.07848151, 0.0388766 , 0.04868021, 0.04181441, 0.08693857,
       0.14233879, 0.04096199, 0.08234478, 0.03907259, 0.03782327,
       0.04155042, 0.0415657 , 0.04235599, 0.14623308, 0.08184966,
       0.04926774, 0.1301458 , 0.07275857, 0.03103341, 0.06368308,
       0.06192742, 0.05044641, 0.03359226, 0.06842258, 0.06861532,
       0.08378267, 0.06525542, 0.0866401 , 0.15100085, 0.0660504 ,
       0.04117536, 0.15286653, 0.14284333, 0.09182648, 0.07560207,
       0.06810536, 0.07155402, 0.09093659, 0.14373367, 0.03372784,
       0.02862564, 0.06126273, 0.08951194, 0.04800672, 0.08810777,
       0.05323589, 0.02595193, 0.06604249, 0.08814085, 0.0193167 ,
       0.04214893, 0.14835801, 0.02881263, 0.04235274, 0.14809499,
       0.15124004, 0.06254111, 0.08327157, 0.08385547, 0.0443169 ,
       0.08522337, 0.04540094, 0.08802517, 0.14468107, 0.04404134,
       0.14436657, 0.04155289, 0.03290482, 0.04473815, 0.0680532 ,
       0.07606954, 0.14865522, 0.07457632, 0.04733038, 0.03858853,
       0.06693297, 0.0947326 , 0.06737993, 0.04993934, 0.02912211,
       0.03141922, 0.1499624 , 0.06675764, 0.08808187, 0.04481928,
       0.04256924, 0.02784677, 0.13192416, 0.02956852, 0.15176328,
       0.09615784, 0.06588991, 0.04769452, 0.03913164, 0.04770705,
       0.08703035, 0.06533584, 0.05673899, 0.0521254 , 0.07060204,
       0.15302813, 0.03717116, 0.13955685]), 'delta_distances': array([0., 0., 0., 0., 0., 0., 0., 0., 0., 0., 0., 0., 0., 0., 0., 0., 0.,
       0., 0., 0., 0., 0., 0., 0., 0., 0., 0., 0., 0., 0., 0., 0., 0., 0.,
       0., 0., 0., 0., 0., 0., 0., 0., 0., 0., 0., 0., 0., 0., 0., 0., 0.,
       0., 0., 0., 0., 0., 0., 0., 0., 0., 0., 0., 0., 0., 0., 0., 0., 0.,
       0., 0., 0., 0., 0., 0., 0., 0., 0., 0., 0., 0., 0., 0., 0., 0., 0.,
       0., 0., 0., 0., 0., 0., 0., 0., 0., 0., 0., 0., 0., 0., 0., 0., 0.,
       0., 0., 0., 0., 0., 0., 0., 0., 0., 0., 0., 0., 0., 0., 0., 0., 0.,
       0., 0., 0., 0., 0., 0., 0., 0., 0., 0., 0., 0., 0., 0., 0., 0., 0.,
       0., 0., 0., 0., 0., 0., 0., 0., 0., 0., 0., 0., 0., 0., 0., 0., 0.,
       0., 0., 0., 0., 0., 0., 0., 0., 0., 0., 0., 0., 0., 0., 0., 0., 0.,
       0., 0., 0.]), 'locations': array([ 18, 111, 109,  22,  12, 108,  23,  42, 107,  24, 108,  21,  12,
        27,  42, 116,  18,  18,  22,  43, 111,  24, 112,  18,  24, 109,
        19,  44,  18,  25,  29,  42,  24, 111,  43,  22,  21,  20,  17,
       108,  21,  19, 109,  22,  19, 111,  27,  21, 108,  22,  28, 117,
       113,  42,  24,  12, 110,  18, 111, 108,  24,  25,  21,  20, 110,
        17,  25,  23,  22,  19,  16, 108, 108,  24,  19,  13, 109,  20,
        24,  27,  26,  26, 109,  42,  18,  22,  43,  19,  20,  21, 111,
        21,  23,  18, 111,  18,  20,  19, 117, 111, 111,  42,  13,  17,
        18, 111,  19,  18, 117, 111,  22,  19,  19, 109,  18,  23,  22,
       111,  19,  22,  22, 116,  23,  25,  43,  12,  20,  19,  19, 109,
        20, 109,  19, 117, 109,  44,  20,  20, 109, 111,  20,  42,  19,
        25,  27, 111,  19,  19,  25,  22,  21,  42, 111,  22,  23,  22,
        23, 116,  21,  44, 112,  20,  26, 109,  19,  19,  19, 111,  23,
        19,  44,  21, 116])}], 'clusters': array([2, 2, 2, 1, 2, 0, 2, 2, 0, 2, 2, 2, 2, 0, 2, 1, 0, 2, 2, 2, 2, 0,
       2, 2, 1, 2, 2, 2, 2, 1, 1, 2, 0, 2, 1, 2, 2, 0, 2, 2, 0, 2, 2, 2,
       1, 2, 2, 2, 2, 2, 2, 2, 2, 1, 2, 2, 2, 2, 1, 2, 0, 2, 1, 0, 1, 2,
       0, 2, 2, 2, 2, 2, 2, 2, 2, 2, 1, 2, 2, 2, 2, 2, 2, 1, 2, 2, 2, 2,
       1, 0, 2, 2, 2, 1, 2, 1, 1, 2, 2, 1, 1, 2, 0, 1, 2, 2, 0, 2, 1, 2,
       2, 2, 2, 2, 2, 2, 2, 2, 2, 0, 2, 2, 0, 0, 2, 2, 2, 2, 2, 1, 0, 2,
       2, 2, 2, 2, 2, 2, 2, 2, 2, 2, 2, 1, 0, 2, 2, 1, 0, 1, 1, 0, 1, 2,
       2, 2, 2, 2, 1, 2, 1, 2, 0, 2, 0, 2, 2, 1, 2, 2, 2, 1, 0, 2, 2, 2,
       1, 2, 2, 2, 2, 1, 2, 2, 0, 2, 2, 2, 2, 1, 1, 2, 0, 2, 0, 1, 2, 1,
       2, 2, 2, 2, 2, 2, 2, 2, 2, 0, 2, 0]), 'time': 102.1017735004425}
