lenSubsequence: 6{'RI': 0.5001649835016498, 'num_clusters': 5, 'uShapelets': [{'ts_index': 696, 'loc': 9, 'gap': 0.18976952798380337, 'distances': array([0.396808  , 0.1896165 , 0.152927  , ..., 0.13767967, 0.07789583,
       0.660838  ]), 'delta_distances': array([0.457702  , 0.508321  , 0.49903167, ..., 0.359307  , 0.188015  ,
       0.53450167]), 'locations': array([10,  8, 15, ..., 10,  9,  9])}, {'ts_index': 508, 'loc': 16, 'gap': 0.4049837888904807, 'distances': array([0.7270925 , 1.27513067, 0.14406133, 1.33903167, 0.54294367,
       0.58157733, 0.16005767, 0.55768767, 0.51826833, 0.861095  ,
       0.58528167, 0.475669  , 0.58087317, 0.35059983, 1.39578117,
       0.259054  , 0.25724183, 0.27120117, 0.93716817, 0.37752717,
       0.22811633, 0.14731783, 1.16662317, 1.58286467, 2.04753717,
       0.74347783, 0.712077  , 1.21247583, 0.50439133, 0.9262765 ,
       0.43746483, 1.36875867, 0.79313   , 0.14369767, 0.11725133,
       0.40431133, 0.45494967, 0.90817333, 0.29093317, 0.11232217,
       0.8964105 , 0.3457955 , 0.77249417, 0.82981167, 0.3942805 ,
       0.3179775 , 1.42064583, 0.573823  , 0.90119883, 0.37566917,
       1.00147383, 0.478069  , 1.50173267, 1.42341117, 0.2227385 ,
       0.29499067, 0.5698275 , 0.27610317, 0.50847933, 0.1925525 ,
       0.40437567, 0.15121533, 0.41057517, 0.06993033, 0.59745183,
       0.2519205 , 1.04338167, 0.57313633, 0.72850483, 0.78809833,
       1.070759  , 0.381174  , 0.34966667, 0.23808917, 0.57721783,
       0.23962283, 1.9517285 , 0.227002  , 1.54525533, 0.8164325 ,
       0.34522817, 1.28847267, 1.13558767, 0.937092  , 0.41365883,
       1.40806617, 0.59123567, 0.97007617, 0.47276017, 0.22924233,
       0.6863925 , 1.123752  , 0.        , 0.534844  , 1.13043833,
       0.29007933, 0.69719183, 0.5408465 , 1.00906133, 1.26285383,
       0.68291483, 0.32161967, 0.26663267, 0.490736  , 0.8840225 ,
       0.824796  , 0.45131033, 0.29638817, 0.35145417, 0.14137067,
       0.17894533, 1.33522067, 0.48986167, 0.34357267, 0.9455175 ,
       0.987997  , 0.82538717, 1.55504817, 0.36730717, 0.944602  ,
       0.47263717, 0.32592383, 1.34229817, 0.52172617, 0.54741717,
       0.464245  , 0.28330517, 1.186521  , 0.192611  , 0.55633267,
       0.80552733, 0.17932567, 0.46563567, 0.25637233, 0.47820633,
       0.48828083, 0.6776025 , 0.297399  , 0.43523283, 1.17025917,
       0.20787833, 0.54472433, 0.27023783, 0.68071967, 0.28850017,
       0.50170733, 0.72449467, 1.04872983, 0.61997767, 0.1899385 ,
       1.14774217, 0.14120283, 0.79229233, 0.70617517, 0.51216233,
       1.12376017, 1.61604717, 0.28382683, 1.57481067, 0.54433467,
       0.83918733, 0.76527   , 0.41207633, 0.59887317, 0.56743267,
       0.08291817, 0.32242583, 0.245093  , 1.5196305 , 0.946225  ,
       1.271299  , 1.55484833, 0.78771067, 0.844256  , 0.42776567,
       0.49334267, 0.5482635 , 0.63224633, 0.30891383, 1.02926867,
       0.4835475 , 0.2842115 , 1.38662883, 0.31333417]), 'delta_distances': array([0.95188133, 0.500632  , 0.22469467, 0.80625567, 1.04499133,
       0.66082733, 0.27779567, 0.849712  , 0.56582233, 0.90506367,
       0.76547967, 0.73571933, 0.63143033, 0.42131167, 0.66056933,
       0.367047  , 0.548982  , 0.59311533, 0.50682333, 0.66485833,
       0.50410833, 0.31460567, 0.553579  , 1.06966267, 1.18606367,
       0.547146  , 0.59552   , 1.12675733, 0.610888  , 0.69754833,
       0.55979433, 0.675916  , 1.09188633, 0.375615  , 0.25350233,
       0.72170433, 0.53117233, 0.55293067, 0.48513467, 0.26713167,
       0.58471667, 0.58261167, 0.429798  , 0.760541  , 0.91697067,
       0.79119067, 0.95930667, 0.671661  , 0.81916033, 0.46957233,
       0.85739467, 0.788421  , 0.93273633, 0.89277067, 0.38414967,
       0.433668  , 0.557461  , 0.484815  , 0.34975433, 0.60437333,
       0.653462  , 0.25128   , 0.721283  , 0.34402067, 0.37981167,
       0.404293  , 1.318724  , 0.77587867, 0.774392  , 0.67436833,
       0.73422867, 0.61034667, 0.83159067, 0.48952533, 0.58646633,
       0.66945467, 1.228491  , 0.41070267, 0.97876333, 0.692344  ,
       0.57435267, 0.98252533, 0.98797567, 0.543848  , 0.548343  ,
       1.27692267, 0.63546033, 0.58601233, 1.04566167, 0.376362  ,
       0.73851867, 0.70225733, 0.        , 0.891754  , 0.655417  ,
       0.529124  , 0.80853867, 0.450154  , 0.66966367, 1.79486267,
       0.977806  , 0.58273   , 0.45067433, 0.45067733, 0.89932533,
       0.74554   , 0.28484367, 0.53291067, 0.66745833, 0.48867133,
       0.35888   , 1.05494233, 0.73637333, 0.64680367, 1.02491   ,
       1.128627  , 0.90327067, 1.41663033, 0.551925  , 0.702223  ,
       0.54078167, 0.68631767, 1.165064  , 1.02108933, 0.28390067,
       0.93628867, 0.355978  , 0.82808567, 0.30165733, 0.553396  ,
       1.01985433, 0.32307567, 0.729783  , 0.35071333, 0.45887833,
       0.47163333, 0.66722833, 0.52415467, 0.482237  , 1.10779167,
       0.22601833, 0.59109367, 0.501613  , 0.561475  , 0.33194033,
       0.675915  , 1.22946   , 0.66131167, 0.70444833, 0.314195  ,
       0.521415  , 0.17977233, 0.57596767, 0.62963933, 0.589546  ,
       0.659455  , 1.09176233, 0.56145767, 0.942356  , 0.49246333,
       0.89647767, 0.988282  , 0.87290433, 1.207345  , 0.580896  ,
       0.300704  , 0.31715767, 0.45798467, 0.57252367, 0.84578933,
       1.166705  , 1.03036567, 0.78623633, 1.03066767, 0.819871  ,
       0.31182067, 0.94830433, 0.908414  , 0.60021233, 0.880426  ,
       0.65279667, 0.47148833, 0.91173867, 0.528623  ]), 'locations': array([17, 16, 17,  8, 15, 16, 16, 17, 17, 17, 17, 17, 14, 16,  9, 16, 16,
       16, 17, 15, 17, 16, 17,  8, 17, 17,  7, 17, 17, 17,  8,  7, 15, 16,
       16, 16, 17, 17, 16, 16, 17, 17, 17, 16, 17, 17, 17, 17, 16, 16, 17,
       15,  8,  8, 17, 17, 15, 17,  6, 16, 17, 15, 16, 16, 17, 15, 17, 17,
       17, 17,  8,  7, 16, 16, 17, 16, 17, 16,  8, 17, 15,  8, 17,  8, 15,
        6, 17, 17, 17, 16, 17, 17, 16, 16,  8, 16, 17,  7,  8, 17, 17, 15,
       16,  7, 17,  7, 17, 17, 16, 16, 15,  7, 17, 16, 17, 17, 17, 17, 17,
        8, 14, 15, 17, 16, 17, 17, 17, 17, 15, 17, 17, 15, 17, 16, 16,  7,
       17, 16,  7, 17, 16, 17, 15, 17, 16, 15,  6, 16, 16, 17, 17, 16, 17,
        8, 17, 17, 17, 15,  7,  8, 16, 17, 16, 17, 16, 17, 15, 17,  8, 15,
       17,  8, 17, 17, 17, 16, 15, 17, 16, 17, 17, 15, 17, 17])}, {'ts_index': 161, 'loc': 16, 'gap': 0.2760475281789434, 'distances': array([0.76321017, 1.490823  , 0.54503367, 1.10671017, 1.12085167,
       0.26142083, 0.369542  , 0.        , 0.28199583, 1.17137267,
       1.21304017, 1.26217417, 0.88701217, 0.70765517, 0.94140833,
       0.75521633, 0.52020417, 0.930138  , 1.028131  , 0.84055967,
       0.75974267, 0.817863  , 0.7331485 , 1.21130583, 0.41695133,
       0.85893417, 0.6988635 , 0.208309  , 0.98437033, 1.310108  ,
       0.7874945 ]), 'delta_distances': array([1.34470633, 1.78897367, 1.405863  , 1.50736   , 1.05487767,
       0.70836333, 0.77130333, 0.        , 0.80625133, 1.07969633,
       1.30480733, 1.01524133, 1.03299133, 0.859285  , 0.778835  ,
       0.84418967, 1.104849  , 1.66469867, 0.97635267, 0.96016667,
       1.45197333, 1.90082633, 0.76598133, 1.03399133, 0.81559367,
       1.33921233, 0.69315967, 0.700738  , 1.12672067, 1.649566  ,
       1.428977  ]), 'locations': array([15,  6, 17, 17,  5, 17, 15, 16, 16, 17, 17,  5, 16,  6,  5,  5, 16,
       16,  5, 16, 16, 17, 17, 16, 16, 17, 17, 16, 17, 17, 16])}, {'ts_index': 123, 'loc': 17, 'gap': 0.17411867049055174, 'distances': array([0.61837467, 0.47979733, 0.21096583, 0.        , 0.2289805 ,
       0.1827925 , 0.13062567, 0.32219067, 0.74115183, 0.14379983,
       0.76493517, 0.33402183, 0.39551317, 0.30342967, 0.204201  ,
       0.49808183, 0.4444285 , 0.152792  , 0.17622967, 0.59003617,
       0.12530433, 0.0255025 , 0.2466285 , 0.521837  ]), 'delta_distances': array([1.11631067, 0.66242533, 0.734633  , 0.        , 0.72367333,
       0.59927167, 0.411588  , 0.72008367, 0.45258267, 0.34188367,
       0.60556233, 0.57968867, 0.74464933, 0.62953867, 0.48211133,
       1.05223333, 1.26707533, 0.58722867, 0.40955667, 1.083015  ,
       0.412465  , 0.18959233, 0.306831  , 0.58814567]), 'locations': array([15, 15, 17, 17, 17, 17, 17, 17,  7, 17,  7,  5, 16, 16, 17, 16, 17,
       17, 17, 16, 17, 17, 17, 17])}], 'clusters': array([2, 1, 1, ..., 1, 1, 2]), 'time': 73.19015336036682}
lenSubsequence: 8{'RI': 0.5051844815518448, 'num_clusters': 5, 'uShapelets': [{'ts_index': 300, 'loc': 13, 'gap': 0.18287738157972624, 'distances': array([0.3095885 , 0.73074563, 0.71625337, ..., 0.64466413, 0.55442437,
       0.3768205 ]), 'delta_distances': array([0.61592275, 0.9830175 , 0.7984665 , ..., 1.03034925, 0.58339325,
       0.84747   ]), 'locations': array([15, 15,  4, ..., 14,  4, 13])}, {'ts_index': 164, 'loc': 3, 'gap': 0.14177440646552686, 'distances': array([0.82990987, 0.22166113, 0.38831675, 1.24880837, 0.22867012,
       0.46469063, 0.388301  , 0.53965638, 0.3773605 , 0.4940635 ,
       0.70352575, 0.56214537, 0.473862  , 0.55008787, 0.33501112,
       0.38076462, 0.93843   , 0.43859075, 0.19019225, 0.43588212,
       0.9021065 , 0.29687725, 0.39470562, 0.26497362, 0.3549575 ,
       0.908017  , 0.26905562, 0.50439175, 0.23839112, 0.364076  ,
       0.86688212, 0.27230413, 0.55009375, 0.383973  , 0.42923738,
       0.21840187, 0.31721562, 0.23633862, 0.346053  , 0.2299285 ,
       0.6642105 , 0.3648515 , 0.63992175, 1.46479875, 0.39543275,
       0.30608425, 0.40250037, 0.302734  , 0.4260665 , 0.3195655 ,
       0.475931  , 0.2299915 , 0.32327625, 0.20341975, 0.20643613,
       0.23133813, 0.29369387, 0.48014262, 0.52529725, 0.94778575,
       0.68720875, 0.14238087, 0.29515162, 0.4291235 , 0.38558562,
       0.3981325 , 0.38288012, 0.5586295 , 0.35483312, 0.52589537,
       0.4118405 , 0.26095812, 0.32471625, 0.89952313, 0.92475375,
       0.22545812, 0.33896412, 0.54338788, 0.43232212, 0.70841362,
       0.26485388, 0.39550337, 0.45858475, 0.3557745 , 0.3589335 ,
       0.60580037, 0.60540012, 0.25641263, 0.4099455 , 0.35081987,
       0.3119825 , 0.303417  , 0.16765175, 0.32305438, 0.82515075,
       0.3961865 , 0.25011412, 0.38975175, 0.231092  , 0.52542312,
       0.377634  , 0.726732  , 0.29708788, 0.34762875, 0.63046738,
       0.75221287, 0.39520312, 0.63124313, 0.65020813, 0.45740137,
       1.10931012, 0.35966887, 0.58747362, 0.2767215 , 0.318518  ,
       0.268969  , 0.3982115 , 0.66530025, 0.17679088, 0.28665075,
       0.34470537, 0.3046205 , 0.25957788, 0.7602155 , 0.33935937,
       0.79329675, 0.29553525, 0.57421587, 0.5070055 , 0.39447837,
       0.33880825, 0.435104  , 0.53457562, 0.33834313, 0.4663875 ,
       0.86433012, 0.4027755 , 0.8244065 , 0.        , 0.42854412,
       0.20797562, 0.32138587, 0.29215387, 0.35169075, 0.33345313,
       0.65842275, 0.38297338, 0.269273  , 0.34319887, 0.37386212,
       0.45584975, 0.29488387, 0.30014087, 0.30971287, 0.23643012,
       0.38740787, 0.26363925, 0.385734  , 0.38813312, 0.33576462,
       0.27167837, 0.40593412, 0.39581962, 0.851267  , 0.50992925,
       0.24404463, 0.259618  , 0.17794913, 0.737243  , 0.75672475,
       0.2879655 , 0.26422388, 0.21951675, 0.223324  , 0.460738  ,
       0.414293  , 0.38059612, 0.24736825, 0.32798363, 1.01589737,
       0.15200525, 0.4073395 , 0.46565312, 0.308143  , 0.24302462,
       0.267334  , 0.77412388, 0.30784963, 0.425884  , 0.50820187,
       0.524657  , 0.29423262, 0.61146675, 0.35900838, 0.34172112,
       0.48831287, 0.68760387, 0.6856295 , 0.3472925 , 0.443358  ,
       0.48472487, 0.90444762, 0.542754  , 0.39592862, 0.36590975,
       0.83982962, 0.40438975, 0.5788725 , 0.37522425, 0.39726937,
       0.38025412, 0.32940712, 0.35178187, 0.279902  , 0.22265187,
       0.71452238, 0.44451212, 0.74963012, 0.37293925, 0.55576112,
       0.40165438, 0.81288413, 0.3609225 , 0.49132237, 0.28651337,
       0.68368137, 0.262373  , 0.50112675, 0.39988113, 0.28797812,
       0.520962  , 0.32539812, 0.31360587, 0.482194  , 0.53506913,
       0.34875687, 0.47187475, 0.39349337, 0.391786  , 0.29314012,
       0.63619637, 0.17693412, 0.33165512, 0.40072287, 0.32088537,
       0.29989637, 0.3472    , 0.98844025, 0.39737287, 0.73119488,
       0.34491275, 0.52719063, 0.4509615 , 0.52625262, 0.50587988,
       0.46670825, 0.35030175, 0.18544612, 0.38670688, 0.26366925,
       0.2615375 , 0.38359625, 0.41982425, 0.304727  , 0.387552  ,
       0.46093738, 0.29534112, 0.53902962, 0.413722  , 0.45993738,
       0.19406125, 0.3100215 , 0.63201125, 0.42591912, 0.34284425,
       0.507653  , 0.48870162, 0.53231   , 0.43429737, 0.4373735 ,
       0.4547135 , 0.55561037, 0.34482487, 0.39735613, 0.11840037,
       0.41787   , 0.3992775 , 0.41419638, 0.37282962, 0.42583275,
       0.33972837, 0.34797412, 0.2863095 , 0.66557538, 1.12373763,
       0.21163225, 0.436752  , 0.33603837, 0.73833675, 0.30874737,
       0.4304225 , 0.40423962, 0.30205325, 0.7840995 , 0.48537425,
       0.44445012, 0.38726037, 0.292314  , 0.293405  , 0.50155375,
       0.376235  , 0.32055488, 0.27086763, 0.50495062, 0.47272725,
       0.21730162, 0.47424775, 0.12907987, 1.38382563, 0.17777125,
       0.308194  , 0.2816955 , 0.2801795 , 0.716618  , 0.38024587,
       0.29970425, 0.27234337, 0.25091537, 0.78411187, 0.18648787,
       0.66819775, 0.3651965 , 0.6166215 , 0.3753185 , 0.3773365 ,
       0.50582275, 0.2397375 , 0.493886  , 0.35236688, 0.37432213,
       0.20409525, 0.2742715 , 0.20533062, 0.52227888, 1.64531   ,
       0.92916225, 0.45586625, 0.504269  , 0.45807863, 0.39212063,
       0.420201  , 0.44720862, 0.43238925, 0.441702  , 0.76727112,
       0.805699  , 0.42414575, 0.30953525, 0.37949725, 0.32659712,
       0.448729  , 0.35780862, 0.18675862, 0.47536612, 0.5582275 ,
       0.21710275, 0.35453437, 0.2737515 , 0.19323013, 0.26200575,
       1.09027587, 0.2011395 , 0.211531  , 0.42807487, 0.92440875,
       0.314314  , 0.18009862, 0.50112675, 0.52190387, 0.33164387,
       0.405217  , 0.63095912, 0.66052087, 0.116698  , 0.544574  ,
       0.41668975, 0.234552  , 0.3751795 , 0.47073625, 0.34925362,
       0.30497525, 0.44761387, 0.83962087, 0.23266613, 0.30333475,
       0.23053137, 0.37031875, 0.64345012, 0.43243913, 0.84459438,
       0.27685863, 0.21563813, 0.52764225, 0.22559637, 0.71058025,
       0.46470325, 0.36325487, 0.2636245 , 0.3496555 , 0.5095545 ,
       0.30123012, 0.5175115 , 0.28121188, 0.309539  , 0.44380775,
       0.21812362, 1.02227475, 0.36756862, 0.34589238, 0.23283737,
       1.09815737, 0.19947912, 0.5215885 , 0.51975413, 0.39724262,
       0.77154075, 0.2153885 , 0.44039063, 0.25510787, 0.41161412,
       0.535289  , 0.53820775, 0.27913825, 0.35453287, 0.53217675,
       0.50783163, 1.0999805 , 0.8426995 , 0.3502395 , 0.38267513,
       0.31893313, 0.3719265 , 0.34854575, 0.41445262, 0.5804245 ,
       0.299388  , 0.40284012, 0.645523  , 0.2879635 , 1.49810775,
       0.33054912, 0.4025115 , 0.571461  , 0.33959412, 0.54493475,
       0.36523437, 0.98252712, 0.27026613, 0.37552988, 0.357216  ,
       0.5515505 , 0.351754  , 0.1029    , 0.15927587, 0.2409935 ,
       0.2758625 , 0.35041513, 0.5474795 , 0.30625938, 0.21948137,
       0.35313363, 0.55076737, 0.55288388, 0.48577975, 0.678215  ,
       0.437875  , 0.55979125, 0.51159463, 0.33546087, 0.6296725 ,
       0.3155895 , 0.57870262, 0.29732425, 0.25633213, 0.189593  ,
       0.36836687, 0.40553237, 0.35896162, 1.0162805 , 0.38368863,
       0.43940187, 0.436998  , 0.50362325, 0.66684725, 0.33104775,
       0.55267687, 0.361746  , 0.449735  , 0.3631245 , 0.3657135 ,
       0.825852  , 0.29311912, 0.43671537, 0.3813115 , 0.41252875,
       0.30336275, 0.19897962, 0.416586  , 0.3847925 , 0.251196  ,
       0.39942425, 0.4459175 , 0.324223  , 0.31775562, 0.30010038,
       0.47409725, 0.67141987, 0.24380162, 0.47687713, 0.334809  ,
       0.243724  , 0.63783687, 0.73940388, 0.487625  , 0.50776775,
       0.26568362, 0.32103337, 0.18461237, 0.30967387, 0.414237  ,
       0.451462  , 0.43582537, 0.98092162, 0.40502012, 0.83826787,
       0.2220735 , 0.338531  , 0.2442    , 0.2803815 , 0.7325    ,
       0.30151312, 0.42679975, 0.34989325, 0.290135  , 0.22761487,
       0.813397  , 0.680069  , 0.46608388, 0.24295687, 0.31335462,
       0.32400838, 0.29423675, 0.3504205 , 0.626009  , 0.9405065 ,
       0.55930925, 0.2975275 , 1.18086137, 0.3435565 , 0.45502125,
       0.249875  , 0.3337705 , 0.29815063, 0.26668437, 0.41830062,
       0.3441615 , 0.09301075, 0.333104  , 0.45553488, 0.42110562,
       0.44668725, 0.332396  , 0.25672075, 0.64116875, 0.1589205 ,
       0.26165138, 0.38751225, 0.32009138, 0.292746  , 0.1566975 ,
       0.31040787, 0.36598925, 0.77575212, 0.22828912, 0.33004763,
       0.56786287, 0.17733687, 0.24894237, 0.25272162, 0.23255   ,
       1.41382025, 0.41777825, 0.22290987, 0.33107262, 0.37297525,
       0.342666  , 0.58915463, 1.17879763, 0.50658675, 0.4050735 ,
       0.87094138, 0.37883037, 0.37205775, 0.27108425, 0.33830875,
       0.35941375, 0.26364138, 0.92379237, 0.15233975, 0.49978862,
       0.20315763, 0.2555855 , 0.213988  , 0.27119387, 0.45651238,
       0.2223195 , 0.26235125, 0.441483  , 0.50968525, 0.19325187,
       0.8976625 , 1.2778825 , 0.321565  , 0.372168  , 0.49398325,
       0.24725688, 0.37040112, 0.31382913, 0.419376  , 0.72549863,
       0.53783262, 0.38701113, 0.291429  , 0.44716512, 0.25927025,
       0.41285737, 0.440919  , 0.50275325, 0.47860563, 0.29118512,
       1.22212575, 0.45924525, 0.24701712, 0.35415487, 0.499992  ,
       0.25245062, 0.49904437, 0.27442875, 0.40607587, 0.207654  ,
       0.35124912, 0.31742312, 0.24337112, 0.3924295 , 0.37719925,
       0.24315687, 0.29474087, 0.51504225, 0.52257525, 0.37340325,
       0.26343262, 0.16140412, 1.0483295 , 0.41879975, 0.25975437,
       0.4685975 , 0.304353  , 0.13673812, 0.40756725, 0.31286812,
       0.52103575, 0.31438138, 0.42906375, 0.37671925, 0.61918325,
       0.28552137, 0.66815125, 0.31977612, 0.51483262, 0.21885488,
       0.40166625, 0.15984887, 0.46630212, 0.53808375, 0.53491012,
       0.628328  , 0.26585063, 0.41817387, 0.41563288, 0.23864975,
       0.29589775, 0.319199  , 0.28820187, 0.773754  , 0.26549175,
       0.26204887, 0.34668025, 0.22899663, 0.365514  , 0.24777312,
       0.34607625, 0.30011487, 0.52969963, 0.53690862, 0.5356465 ,
       0.32446337, 0.2428285 , 0.40748713, 0.24150675, 0.3255175 ,
       0.406807  , 0.33079975, 0.17140663, 1.00725287, 0.8366415 ,
       0.48534162, 0.23937662, 0.2365955 , 0.32122612, 0.7960405 ,
       0.38451112, 0.3431235 , 0.4009095 , 0.156109  , 0.47017862,
       0.28549437, 0.381966  , 1.1112135 , 0.75397275, 0.20456075,
       0.19202787, 0.31719037, 0.14298537, 0.3382015 , 0.82502625,
       1.06291462, 0.31999975, 0.28976925, 0.37510663, 0.45018725,
       0.27248337, 0.34995638, 0.35728275, 0.42320237, 1.4398645 ,
       0.33424212, 0.35167413, 0.65474775, 0.8627465 , 0.387849  ,
       0.38497513, 0.45673362, 0.26098738, 0.355037  , 0.3319205 ,
       0.348111  , 0.21926787, 0.37489963, 0.98068037, 0.30194825,
       0.24763225, 0.31462688, 0.53466713, 0.2276595 , 0.21614063,
       0.4525635 , 0.499505  , 0.1880615 , 1.0800465 , 0.43676862,
       0.29014   , 1.35076725, 0.51591212, 0.28828538, 0.30753763,
       0.28278175, 0.23327888, 0.41197575, 0.2942835 , 0.34414387,
       0.46200938, 0.41532737, 0.355999  , 0.17606888, 0.23132962,
       0.41112538, 0.5850375 , 0.44355   , 1.08863413, 0.21366163,
       0.44181637, 0.14089337, 0.38121225, 0.4173485 , 0.28421287,
       0.24669275, 0.41476513, 0.18591962, 0.79806025, 0.40079413,
       0.150232  , 0.42507187, 0.49626588, 0.45464662, 0.48193937,
       0.3868755 , 0.20514562, 0.249259  , 0.37628925, 0.51040575,
       0.35520675, 0.29794013, 0.39908388, 0.65061587, 0.47950187,
       0.24453   , 0.26161288, 0.25286137, 0.44423438, 0.237864  ,
       0.99890687, 0.487014  , 0.21591075, 0.39737637, 0.45122913,
       0.46211687, 0.4936025 , 0.5071865 , 0.3777845 , 0.5774055 ,
       0.47262112, 0.15757025, 0.2497055 , 0.60223025, 0.78588712,
       0.22765587, 0.31471737, 0.28272512, 0.803899  , 0.23765012,
       0.48112662, 0.52714175, 0.37680087, 0.3056675 , 0.3307845 ,
       0.401428  , 0.49396175, 0.45273313, 0.46910087, 0.37305612,
       0.6126195 , 0.41609162, 0.81528437, 0.19759562, 0.36917475,
       0.4078165 , 1.03621388, 0.2180645 , 0.3698925 , 1.72274387,
       0.635028  , 0.31041825, 0.44993025, 0.23261737, 0.41168475,
       0.42190912, 0.21499512, 0.501378  , 0.24183137, 0.33956875,
       0.22773888, 0.41673437, 0.38982862, 0.437711  , 0.30232912,
       0.42506987, 0.46092237, 0.49162463, 0.405748  , 0.58363525,
       0.86117888, 0.4156765 , 0.84682137, 0.3253685 , 0.45979762,
       0.5167085 , 0.47910213, 0.3261475 , 0.471855  , 0.5111715 ,
       0.33201488, 0.45383637, 0.79184475, 0.23326612, 0.56887325,
       0.20061637, 0.244322  , 0.3348195 , 0.38142625, 0.484869  ,
       0.4341    , 0.416843  , 0.42012188, 0.70680513, 0.3771515 ,
       0.46437375, 0.331342  , 0.40656975, 0.47235513, 0.3686655 ,
       0.88168937]), 'delta_distances': array([1.01649625, 0.5098985 , 0.6541795 , 0.955968  , 0.3810035 ,
       0.5058195 , 0.48948425, 0.587827  , 0.4624725 , 0.79968875,
       0.6689275 , 0.86641275, 0.5803815 , 0.8510475 , 0.39172625,
       0.358083  , 1.1801795 , 0.4867445 , 0.370395  , 0.5522635 ,
       0.8180515 , 0.604473  , 0.9688365 , 0.46965875, 0.369118  ,
       0.601776  , 0.318964  , 0.6033755 , 0.53626525, 0.62719875,
       0.8018995 , 0.27419375, 0.82357175, 0.30453375, 0.51761075,
       0.27377925, 0.58923575, 0.396547  , 0.529545  , 0.448233  ,
       0.4368415 , 0.66556075, 0.39335   , 1.17694025, 0.49404775,
       0.54814575, 0.62659775, 0.45461475, 0.76521975, 0.65217925,
       0.46844675, 0.506247  , 0.4739155 , 0.26251575, 0.37216375,
       0.33588925, 0.46906325, 0.52833575, 0.34929375, 1.06595475,
       0.69235725, 0.27942275, 0.566161  , 0.5401185 , 0.44307125,
       0.4236285 , 0.819578  , 0.49589925, 0.43423775, 0.53750975,
       0.321682  , 0.458261  , 0.49625875, 0.596355  , 0.6104665 ,
       0.34440425, 0.39845925, 0.7656175 , 0.65217475, 0.663266  ,
       0.2835825 , 0.48446125, 0.4432575 , 0.41466175, 0.6323715 ,
       0.58361775, 0.525324  , 0.3276385 , 0.48843   , 0.38902875,
       0.57482025, 0.34264675, 0.46076425, 0.57769225, 0.522411  ,
       0.40841775, 0.23574975, 0.65864275, 0.4021215 , 0.466915  ,
       0.466589  , 0.38559875, 0.4852255 , 0.374863  , 0.66540575,
       0.8073245 , 0.4739915 , 1.026171  , 0.46579375, 0.4469375 ,
       1.24025325, 0.6188235 , 0.53442875, 0.45300675, 0.5847285 ,
       0.474897  , 0.3662755 , 0.4238575 , 0.2096525 , 0.5210435 ,
       0.73048725, 0.5134665 , 0.32088825, 0.9375615 , 0.38917625,
       0.78291875, 0.6475375 , 0.72660925, 0.59879025, 0.4554925 ,
       0.56495375, 0.49107   , 0.37003525, 0.62324525, 0.5836045 ,
       1.0734935 , 0.75434425, 0.596057  , 0.        , 0.85532575,
       0.3694495 , 0.42306975, 0.6715585 , 0.35405475, 0.27056   ,
       0.68561275, 0.6875205 , 0.46564875, 0.44068075, 0.66282525,
       0.6238995 , 0.72867525, 0.72021275, 0.466845  , 0.436784  ,
       0.66991275, 0.41339925, 0.5739325 , 0.7267495 , 0.48070875,
       0.4302715 , 0.29519   , 0.57241475, 0.8958155 , 0.7310925 ,
       0.57164175, 0.63869675, 0.3069605 , 0.622451  , 0.5936075 ,
       0.630239  , 0.3428375 , 0.36734425, 0.4689305 , 0.5915185 ,
       0.82348275, 0.46839775, 0.689552  , 0.38635525, 0.98519675,
       0.400978  , 0.542728  , 0.525093  , 0.33996475, 0.3648775 ,
       0.3465825 , 0.6687705 , 0.34818475, 0.4928765 , 0.44469675,
       0.4829245 , 0.47555325, 0.85519575, 0.60628425, 0.4721935 ,
       0.44575125, 0.47095375, 0.4000365 , 0.4976805 , 0.57035675,
       0.5748645 , 0.80866625, 0.448636  , 0.69839575, 0.53242325,
       0.5387625 , 0.5023695 , 0.5669365 , 0.695948  , 0.49676975,
       0.5936065 , 0.5653555 , 0.99722825, 0.562972  , 0.46188575,
       0.422234  , 0.48181475, 0.60526925, 0.51479575, 0.40653925,
       0.78602475, 0.836534  , 0.3976385 , 0.391061  , 0.32206825,
       0.82106725, 0.40779525, 0.47087475, 0.43024425, 0.34078275,
       0.688903  , 0.307728  , 0.45866425, 0.59161275, 0.53969325,
       0.4932265 , 0.77018325, 0.7310845 , 0.50193075, 0.393203  ,
       0.703578  , 0.30209975, 0.640764  , 0.7170035 , 0.385062  ,
       0.61168575, 0.3831095 , 0.74122325, 0.635237  , 0.630713  ,
       0.7111525 , 0.64714725, 0.864169  , 0.60413675, 0.862782  ,
       0.58248875, 0.449962  , 0.329572  , 0.5153325 , 0.42594975,
       0.5289005 , 0.4871585 , 0.41267775, 0.236436  , 0.57590675,
       0.70773925, 0.5595135 , 0.5157975 , 0.51783875, 0.387733  ,
       0.47962225, 0.51936175, 0.70326375, 0.767626  , 0.5022945 ,
       0.465824  , 0.412567  , 0.6545075 , 0.540876  , 0.571376  ,
       0.28441325, 0.690988  , 0.5968245 , 0.31468125, 0.3128485 ,
       0.68702325, 0.627235  , 0.5417245 , 0.7254275 , 0.4777175 ,
       0.508416  , 0.3486715 , 0.5719455 , 0.98725575, 0.39226275,
       0.307616  , 0.72453475, 0.51310025, 0.62657825, 0.5184315 ,
       0.55126075, 0.57188075, 0.53723025, 0.57758475, 0.68650925,
       0.62665025, 0.57905325, 0.38882775, 0.55502025, 0.6151515 ,
       0.3126745 , 0.435179  , 0.41712875, 0.589301  , 0.82937875,
       0.320727  , 0.28743475, 0.23918725, 1.00995275, 0.50826375,
       0.49945975, 0.4620685 , 0.3299595 , 1.0430035 , 0.58366475,
       0.40215975, 0.40797075, 0.295479  , 0.7226675 , 0.27912375,
       0.436505  , 0.4861335 , 0.65087825, 0.2826225 , 0.602193  ,
       0.53041275, 0.47538525, 0.79175125, 0.485794  , 0.75505375,
       0.24840575, 0.49927525, 0.3620075 , 0.37637425, 1.02725275,
       0.70499275, 0.78362725, 0.654469  , 0.39664375, 0.678239  ,
       0.67372275, 0.6788375 , 0.7724625 , 0.73129225, 0.68735525,
       0.8730515 , 0.63853125, 0.31399475, 0.80939175, 0.42768625,
       0.608249  , 0.50252025, 0.3657075 , 0.568171  , 0.5587105 ,
       0.421647  , 0.4992575 , 0.3168465 , 0.42600325, 0.59451425,
       0.6117385 , 0.294215  , 0.241397  , 0.597485  , 0.6974895 ,
       0.28767975, 0.311567  , 0.45155425, 0.450457  , 0.326487  ,
       0.5390225 , 0.798596  , 0.6907345 , 0.214183  , 0.91553475,
       0.98239275, 0.44807875, 0.37994275, 0.6884445 , 0.49196475,
       0.6633    , 0.62776675, 0.635334  , 0.279223  , 0.40384025,
       0.491934  , 0.54239175, 0.69384625, 0.60577775, 1.038676  ,
       0.488347  , 0.4225085 , 0.49966125, 0.46014325, 0.42416825,
       0.679779  , 0.6901345 , 0.28260225, 0.42962175, 0.72210775,
       0.4330605 , 0.6735075 , 0.6469345 , 0.5182775 , 0.5652775 ,
       0.4048205 , 0.8687295 , 0.67618625, 0.64181425, 0.36859125,
       1.133585  , 0.5176385 , 0.684102  , 0.500968  , 0.593144  ,
       0.47360925, 0.5342365 , 0.502167  , 0.43111475, 0.72282875,
       0.65728925, 0.84247825, 0.52191225, 0.54697325, 0.53552025,
       0.6634005 , 0.867407  , 0.540596  , 0.3024105 , 0.6040365 ,
       0.427276  , 0.64329975, 0.49339575, 0.82484825, 0.458509  ,
       0.5336905 , 0.5532225 , 0.76412925, 0.682916  , 0.72249075,
       0.738294  , 0.55367375, 0.74506925, 0.584711  , 0.582939  ,
       0.46891475, 0.8410495 , 0.4117005 , 0.41870925, 0.75607575,
       0.74729825, 0.5780295 , 0.2772815 , 0.248229  , 0.184256  ,
       0.394434  , 0.37735775, 0.65801275, 0.43480325, 0.24494175,
       0.5274135 , 0.69206075, 0.59817025, 0.70550925, 0.858494  ,
       0.416367  , 0.44006875, 0.58787925, 0.73316675, 0.692595  ,
       0.482015  , 0.77604675, 0.5867395 , 0.31123725, 0.2944255 ,
       0.60371675, 0.428147  , 0.8545595 , 1.1359955 , 0.90961625,
       0.44344325, 0.670057  , 0.55202175, 0.61305975, 0.4316485 ,
       0.54635025, 0.62647125, 0.45905175, 0.68020475, 0.3935835 ,
       0.7373295 , 0.36208025, 0.629879  , 0.5332205 , 0.62687225,
       0.31224425, 0.331877  , 0.718729  , 0.58932675, 0.5429765 ,
       0.69081775, 0.60173175, 0.3212865 , 0.44042775, 0.24702825,
       0.87256075, 0.971263  , 0.76254975, 0.945616  , 0.5037405 ,
       0.467614  , 0.5515875 , 0.62378675, 0.551441  , 0.731123  ,
       0.4904975 , 0.54619375, 0.24517825, 0.51998825, 0.36253975,
       0.39978275, 0.4474785 , 0.87807175, 0.5464695 , 0.857948  ,
       0.305621  , 0.648401  , 0.54742275, 0.45072225, 0.7099345 ,
       0.448109  , 0.49302275, 0.44996   , 0.810039  , 0.37539775,
       0.8441935 , 0.4337795 , 0.45096525, 0.5589335 , 0.60603825,
       0.4465915 , 0.2675795 , 0.57649875, 0.81180825, 0.44893925,
       0.795244  , 0.38795925, 1.583203  , 0.56661425, 0.65726   ,
       0.43215775, 0.54034075, 0.4387565 , 0.2353285 , 0.53315725,
       0.503425  , 0.230777  , 0.550266  , 0.61305975, 0.508201  ,
       0.7349675 , 0.2807645 , 0.581724  , 0.82468925, 0.34336025,
       0.3674135 , 0.44062   , 0.696444  , 0.31255975, 0.33355925,
       0.31793575, 0.55244525, 0.685595  , 0.50112775, 0.38435575,
       0.82756975, 0.395972  , 0.49776575, 0.42994725, 0.3808335 ,
       0.83506375, 0.36321075, 0.376259  , 0.55107425, 0.46711725,
       0.45367775, 0.65705325, 0.88200625, 0.76067275, 0.5522155 ,
       0.697553  , 0.31160025, 0.3616415 , 0.45911425, 0.4199885 ,
       0.5532455 , 0.40312375, 0.59176525, 0.33730625, 0.49520625,
       0.2966035 , 0.557902  , 0.470482  , 0.4844385 , 0.62281525,
       0.38706725, 0.32259675, 0.4374425 , 0.70457275, 0.2177855 ,
       0.927936  , 0.61493475, 0.47838275, 0.4071955 , 0.5997295 ,
       0.752079  , 0.67379225, 0.39127775, 0.38448725, 0.82973375,
       0.74304425, 0.5620795 , 0.455443  , 0.57779475, 0.360813  ,
       0.53627975, 0.52892025, 0.6673055 , 0.56218375, 0.4949575 ,
       1.1223415 , 0.86814425, 0.48805125, 0.405033  , 0.52229775,
       0.3474975 , 0.35335675, 0.578482  , 0.481858  , 0.51807375,
       0.49199175, 0.48637075, 0.484137  , 0.53116625, 0.51547475,
       0.552556  , 0.54387175, 0.6759715 , 0.52079475, 0.7147885 ,
       0.41287725, 0.45862725, 0.52874975, 0.40955975, 0.614427  ,
       0.47734975, 0.5221665 , 0.256403  , 0.60588075, 0.488457  ,
       1.030198  , 0.76165375, 0.49575475, 0.395351  , 0.58785425,
       0.2970475 , 0.398124  , 0.63349   , 0.63736425, 0.3936405 ,
       0.634883  , 0.269924  , 0.7412935 , 0.51508075, 0.7201525 ,
       0.754659  , 0.5005445 , 0.59477375, 0.4076585 , 0.46410175,
       0.77248025, 0.56620325, 0.465605  , 0.7542065 , 0.4700555 ,
       0.31118525, 0.68653275, 0.3759895 , 0.63293625, 0.5991035 ,
       0.5174925 , 0.5732565 , 0.892351  , 0.5663305 , 0.51892675,
       0.87793375, 0.48003   , 0.5648445 , 0.47285525, 0.35233575,
       0.67694675, 0.685802  , 0.422477  , 0.50963625, 1.122988  ,
       0.4850675 , 0.46139325, 0.36495275, 0.531983  , 0.86935975,
       0.667795  , 0.39827825, 0.69855075, 0.43269   , 0.47990575,
       0.4806495 , 0.5157895 , 1.34172   , 0.8369045 , 0.46513625,
       0.39884825, 0.49243   , 0.335758  , 0.4206385 , 0.76260875,
       0.76653725, 0.4422735 , 0.593648  , 0.53518825, 0.5750355 ,
       0.48786725, 0.55808225, 0.460683  , 0.57153525, 1.1707895 ,
       0.4170395 , 0.49000525, 1.10841075, 0.655357  , 0.683853  ,
       0.555579  , 0.45835225, 0.6662355 , 0.80003575, 0.612408  ,
       0.519559  , 0.39596425, 0.46455825, 0.5749735 , 0.5290785 ,
       0.50112625, 0.6694215 , 0.61269225, 0.45957   , 0.5289165 ,
       0.5815395 , 0.97249175, 0.30365075, 0.73909775, 0.59634625,
       0.669885  , 1.4391305 , 0.695074  , 0.66625025, 0.46565525,
       0.37482175, 0.23733375, 0.59806   , 0.737614  , 0.53238425,
       0.32375125, 0.38460425, 0.608148  , 0.28531675, 0.4382225 ,
       0.4104    , 1.06598425, 0.41576425, 0.78647925, 0.24050725,
       0.7698435 , 0.312407  , 0.368496  , 0.56215675, 0.3969475 ,
       0.45691   , 0.38935875, 0.37305075, 0.824456  , 0.47922275,
       0.347388  , 0.42473075, 0.890711  , 0.5109095 , 0.72710225,
       0.32829575, 0.486666  , 0.39586525, 0.46109375, 0.5233455 ,
       0.498438  , 0.4694425 , 0.332762  , 0.90401275, 0.708323  ,
       0.3618875 , 0.5823245 , 0.3724935 , 0.63996075, 0.26445875,
       0.7843305 , 0.696687  , 0.2521935 , 0.37617   , 0.3314865 ,
       0.38817375, 0.557488  , 0.58784825, 0.3063115 , 0.606844  ,
       0.55845875, 0.22846125, 0.40453675, 0.57233325, 1.03780025,
       0.3428605 , 0.5112475 , 0.62380375, 0.46421875, 0.3811115 ,
       0.411069  , 0.39013175, 0.534206  , 0.36120125, 0.561068  ,
       0.519346  , 0.80307975, 0.65723825, 0.56177975, 0.68975375,
       0.60026475, 0.4506475 , 0.54944475, 0.2265795 , 0.5395195 ,
       0.564115  , 1.482415  , 0.35576775, 0.70699125, 1.4778615 ,
       0.8002645 , 0.48084625, 0.5308345 , 0.39213475, 0.5240775 ,
       0.37104475, 0.3162505 , 0.51839375, 0.50952   , 0.444274  ,
       0.635539  , 0.47483175, 0.47194775, 0.70008375, 0.47539925,
       0.4311975 , 0.687982  , 0.45669125, 0.57892025, 0.3635275 ,
       0.91388675, 0.546755  , 1.50539775, 0.2897775 , 0.633861  ,
       0.56330475, 0.75942225, 0.724638  , 0.67078975, 0.84209025,
       0.48747675, 0.43746325, 0.6783525 , 0.2440515 , 0.70637625,
       0.4224    , 0.5490725 , 0.41500575, 0.48956275, 0.7212455 ,
       0.703067  , 0.73900675, 0.5928225 , 0.99031275, 0.80029775,
       0.6842105 , 0.550652  , 0.618636  , 0.63986075, 0.52520575,
       0.59616375]), 'locations': array([15,  2,  3,  4,  3,  3,  3,  5,  2,  3,  5,  3,  4,  3,  3,  3,  4,
        3,  3,  2,  4,  3,  3,  3,  2,  3,  3,  3,  3,  3,  4,  3,  3,  2,
        4,  3,  3,  3,  3,  3,  3,  3,  2, 15,  3,  3,  3,  3,  3,  3,  3,
        3,  3,  3,  3,  2,  3,  3,  3,  5,  3,  3,  3,  3,  2,  3,  2,  2,
        3,  3,  3,  2,  3,  5,  5,  3,  3,  3,  3,  3,  3,  4,  3,  2,  4,
        5,  4,  3,  2,  3,  3,  3,  3,  3,  4,  3,  2,  3,  3,  3,  3,  2,
        3,  3,  3,  4,  2,  4,  4,  2, 15,  3,  3,  3,  3,  3,  3,  4,  3,
        3,  3,  3,  3,  3,  2,  5,  3,  4,  3,  3,  3,  3,  3,  4,  3, 15,
        3,  3,  3,  4,  2,  3,  3,  3,  3,  3,  2,  3,  3,  3,  2,  3,  3,
        3,  3,  3,  2,  3,  3,  3,  3,  3,  3,  4,  2,  3,  3,  3,  3,  4,
        3,  2,  3,  3,  3,  2,  2,  3,  3, 15,  2,  3,  3,  3,  3,  3,  1,
        3,  3,  3,  3,  3,  4,  3,  2,  2,  2,  2,  3,  3,  2,  4,  3,  3,
        3,  2,  3,  3,  3,  3,  2,  3,  4, 15,  3,  2,  3,  3,  4,  4,  3,
       15,  3,  3,  3,  3,  3,  3,  3,  3,  3,  3,  3,  2,  3,  2,  3,  3,
        3,  3,  3,  3,  3,  3,  2,  3,  3,  5,  3,  5,  3,  4,  3,  3,  2,
        3,  3,  3,  3,  3,  3,  3,  3,  3,  3,  4,  3,  2,  3,  2,  3,  3,
        3,  3,  3,  3,  2,  3,  2,  3,  3,  3,  3,  3,  3,  2,  4,  2,  3,
        3,  3,  3,  3,  3,  2,  3,  2,  3,  4,  2,  3,  3,  3,  3,  3,  3,
        3,  3,  3,  3,  3,  3,  3,  3,  2,  2,  3,  2, 15,  3,  3,  3,  3,
        3,  2,  3,  3,  2,  4,  3,  3,  2,  3,  3,  2,  3,  3,  2,  3,  3,
        2,  3,  3,  3,  5,  5,  2,  2,  2,  3,  3,  4,  2,  3,  2,  3,  4,
        3,  3,  3,  3,  2,  3,  3,  3,  4,  2,  3,  3,  3,  5,  3,  2,  3,
        4,  3,  2,  3,  2,  2,  3,  4,  5,  2,  3,  3,  3,  2,  3,  3,  3,
        2,  1,  2,  3,  3,  3, 15,  3,  4,  2,  3,  4,  3,  2,  3,  3,  2,
        3,  4,  3,  3,  3,  3,  3,  3,  3,  3,  3,  3, 15,  3,  3,  2,  3,
        4,  3,  3,  3,  4,  1,  3,  3,  3,  3,  2,  5,  5,  2,  3,  2,  2,
        3,  4,  2,  2,  4,  3,  2,  5,  2,  3,  3,  3,  3,  3,  4,  3,  2,
        4,  3,  2,  3,  3,  3,  3,  3,  3,  2,  3,  3,  2,  5,  3,  4,  2,
        3,  2,  3,  2,  3,  3,  3,  3,  3,  3,  3,  3, 15,  4,  3,  3,  2,
        5,  3,  3,  3,  4,  3,  3,  4,  3,  3,  3,  3,  3,  3,  3,  3,  3,
        2,  3,  2,  3,  3,  3,  3,  3,  3,  3,  3,  5,  4,  3,  2,  4,  3,
        3,  3,  3,  2,  3,  5,  3, 15,  3,  3,  3,  3,  2,  2,  3,  3,  3,
        3, 14,  4,  3,  3,  3,  3,  3,  3,  3,  2,  3,  3,  3,  3,  4,  3,
        3,  3,  3,  3,  3,  3,  3,  2,  3,  4,  3,  3,  4,  3,  3,  3,  3,
        3,  3,  3,  3,  3,  3,  3,  3,  3,  2,  3,  2,  6,  2,  3,  3,  3,
        3,  3,  4,  3,  3,  3,  2,  4,  3,  3,  3,  3,  5,  3,  3,  3,  3,
        2,  3,  2,  4,  3,  2,  4,  3,  4,  1,  3,  3,  2,  3,  3,  3,  3,
        1,  3,  3,  3,  3,  3,  3,  3,  3,  3,  3,  1,  3,  3,  3,  2,  3,
        3,  3,  4,  2,  3,  3,  2,  3,  3,  3,  3,  3,  4,  3,  3,  3,  5,
        3,  3,  4,  3,  3,  3,  3,  3,  3,  3,  3,  2,  3,  2,  3,  3,  3,
        2,  3,  4,  3,  3,  3,  3,  3,  3,  3,  3,  2,  3,  4,  3,  3,  3,
        3,  3,  3,  3,  3, 14,  3,  3,  3,  3,  3,  3,  3,  3,  3,  3,  4,
        2,  3,  3,  3,  2,  4,  3,  2,  3,  3,  3,  2,  3, 15,  3,  2,  3,
        3,  2,  3,  3, 15,  3,  3,  3,  4,  3,  3,  4,  4, 15,  3,  3,  4,
        4,  3,  3,  3,  2,  3,  3,  3,  3,  3,  3,  3,  3,  3,  2,  3,  2,
        3,  3,  3,  4,  4,  3, 13,  4,  3,  3,  3,  3,  3,  3,  3,  3,  2,
        3,  3,  3,  3,  3,  3, 13,  3,  4,  3,  3,  3,  2,  3,  3,  3,  5,
        3,  3,  2,  2,  3,  3,  3,  3,  3,  3,  3,  3,  3,  3,  2,  3,  3,
        3,  3,  3,  3,  4,  3,  3,  3,  3,  3,  3,  4,  3,  4,  2,  3,  3,
        5,  3,  3,  2,  3,  5,  3,  2,  4,  2,  3,  3,  3,  3,  3,  3,  3,
        3,  3,  4,  3,  3,  3, 15,  3,  3, 15,  4,  3,  3,  3,  3,  3,  3,
        2,  2,  2,  3,  3,  3,  3,  3,  2,  3,  3,  3,  3,  4,  3,  4,  3,
        2,  3,  3,  4,  3,  4,  3,  3,  5,  3,  4,  3,  3,  3,  3,  3,  3,
        3,  3, 15,  4,  3,  3,  3,  3,  3,  4])}, {'ts_index': 942, 'loc': 11, 'gap': 0.5555638005642969, 'distances': array([2.00853638, 1.34969425, 1.09012588, 0.62610175, 0.70870413,
       0.90706988, 1.73131163, 1.47127525, 0.68529462, 0.812443  ,
       1.89550075, 0.78988488, 0.83639437, 1.88605312, 1.06266938,
       0.6031435 , 1.08074875, 0.81271037, 1.0949755 , 0.79379525,
       0.76698037, 1.14774825, 0.93179862, 1.31998913, 2.6865975 ,
       0.56117763, 2.079997  , 1.51771325, 0.68565762, 0.70798888,
       1.92588675, 0.78235963, 0.79421825, 1.80266688, 0.81394488,
       0.70293563, 2.32298087, 0.87582187, 0.7868205 , 0.87806325,
       0.63301887, 0.68353225, 0.92197112, 0.78896075, 0.75802788,
       0.5908785 , 2.34279987, 0.61228362, 0.800331  , 2.06299887,
       1.6191145 , 0.52315263, 0.67465975, 1.253265  , 1.559814  ,
       0.86198325, 1.99643913, 1.03144287, 1.90389512, 0.54077225,
       0.29896863, 1.77522475, 1.76276813, 0.73958337, 0.7817885 ,
       1.5593625 , 0.74849425, 1.73270837, 0.8469695 , 0.81255513,
       2.108669  , 0.88095362, 0.69123462, 0.82201125, 1.9739435 ,
       1.349492  , 1.23551688, 0.68985175, 0.73347675, 1.2030045 ,
       1.85925163, 0.654425  , 0.984097  , 1.33750775, 1.0069785 ,
       1.05223837, 0.77015587, 2.24291688, 1.47932512, 0.8295715 ,
       0.54320813, 0.80060613, 1.0516435 , 1.00558225, 2.4792635 ,
       0.71153062, 1.96554787, 1.36608737, 0.52461988, 0.97298113,
       0.73420613, 1.10405788, 0.86370037, 1.09998387, 0.69306425,
       1.13077987, 0.71779988, 1.05096063, 0.37412375, 1.27281813,
       0.586854  , 0.71080125, 0.846916  , 0.75120712, 1.713077  ,
       0.6283945 , 0.65816537, 0.7360045 , 0.89472425, 1.39926488,
       1.07840625, 0.80469725, 1.72320425, 0.81419813, 0.76535987,
       2.10142063, 1.65416863, 0.69135762, 2.05474562, 0.99776138,
       1.236248  , 2.0365505 , 0.        , 1.77335263, 0.692181  ,
       0.714903  , 1.68669413, 0.98732937, 1.9601395 , 0.57551475,
       1.52311963, 0.56531337, 1.08255788, 2.05991912, 1.45856525,
       0.6740405 , 0.76104075, 0.72207963, 0.90016913, 1.52026863,
       1.02069288, 2.435088  , 1.65714475]), 'delta_distances': array([1.36615875, 1.07140225, 1.0712995 , 0.9639395 , 0.88796625,
       0.84540425, 1.20385075, 1.67231875, 0.7903795 , 1.1752155 ,
       1.1643385 , 0.77117525, 0.868677  , 1.60034775, 0.942053  ,
       0.75055   , 1.124043  , 1.12850075, 1.05760375, 1.3405865 ,
       0.8777045 , 1.2045455 , 0.861845  , 1.15645925, 1.9005205 ,
       0.57194375, 1.38417975, 1.56270175, 1.002383  , 0.866309  ,
       1.310443  , 1.037232  , 0.9044745 , 1.45188275, 0.77290525,
       0.8967665 , 1.68550825, 0.890506  , 0.79425225, 0.81015975,
       0.91370425, 1.06116275, 0.93336375, 0.60696775, 0.937538  ,
       0.80433175, 1.658962  , 0.825031  , 0.9401795 , 1.68927   ,
       1.3169565 , 0.934038  , 0.89901175, 1.30498025, 0.8273435 ,
       0.9135415 , 1.218845  , 1.24587675, 1.377771  , 0.70893625,
       0.335105  , 1.26607525, 1.79070225, 0.91553925, 0.90106975,
       1.13724225, 1.00124325, 1.23925975, 0.87950225, 1.0334105 ,
       1.430343  , 1.3211595 , 0.87877025, 0.66837025, 1.38456275,
       1.48707325, 1.23461375, 0.97276925, 1.09315825, 1.3330485 ,
       1.937273  , 0.674047  , 1.00571875, 0.94504475, 1.172124  ,
       1.2091555 , 0.79350925, 1.64605   , 1.43306725, 0.85834075,
       0.85307225, 1.1171075 , 0.67482375, 0.85984175, 1.5468605 ,
       0.75326125, 1.2592345 , 1.020201  , 0.73565025, 0.91178375,
       0.61160925, 1.044646  , 1.00468125, 1.20601425, 0.65136975,
       1.01631825, 1.103343  , 0.751072  , 0.83489375, 1.3559425 ,
       0.82171575, 1.08793525, 1.0045915 , 0.92378   , 1.654061  ,
       0.7580755 , 0.6246895 , 0.6453435 , 1.332524  , 1.411403  ,
       1.11016275, 1.06301525, 1.14302325, 0.68027325, 0.941046  ,
       1.83545725, 1.2281915 , 0.9006955 , 1.70732225, 0.85367375,
       1.31397775, 1.064616  , 0.        , 1.5711685 , 1.06771925,
       0.7694475 , 1.049973  , 1.462256  , 1.02042125, 0.91575875,
       1.178101  , 0.68036375, 1.1757865 , 1.60841775, 1.28839275,
       1.22315025, 0.964578  , 0.96437125, 0.9045095 , 1.30208375,
       1.45472175, 1.825432  , 1.28929775]), 'locations': array([ 8, 13, 15, 14, 11, 11, 11, 11, 11, 12, 14, 12, 10,  9, 10, 11, 11,
       14, 11, 10,  9, 12, 12, 15, 14,  8,  9, 12, 12,  9,  8, 12, 10, 11,
       10, 11, 10, 12,  8,  9, 11, 10, 12, 12, 10, 11,  4, 11, 14,  9, 15,
       14, 13, 10, 14,  9, 14,  8,  8,  8,  9,  0, 11, 10, 10, 15, 12,  8,
       11, 10,  6, 11, 11, 11,  2, 15, 10, 10, 10,  9, 11, 11, 10, 11, 10,
        8, 11,  8, 12, 11, 10, 10, 14, 14, 14, 10,  8,  8, 14,  9,  9, 12,
       12, 11, 12, 14, 14, 14, 14, 12, 10, 12, 13, 11, 12,  9, 10, 11, 10,
       11,  8, 11, 14, 12, 10, 10, 14, 10,  8, 12, 11, 15, 11, 11, 11, 10,
        8, 14, 15, 14, 10, 10, 11, 14, 14, 12, 12, 14, 13, 13,  9,  9, 10])}, {'ts_index': 140, 'loc': 4, 'gap': 0.18279433543564105, 'distances': array([0.28478913, 0.78229212, 0.54585737, 0.62734612, 0.        ,
       0.347786  , 0.203453  , 0.58529162, 0.43513938, 0.40949062,
       0.84177938, 0.33722288, 0.52337675, 0.43893288, 0.83113813,
       1.0152195 , 0.34091888, 0.40266687, 0.328283  , 0.33245425,
       0.30555475, 0.55962175, 0.30493287, 0.49862237, 0.49906825,
       0.26394962]), 'delta_distances': array([0.238465  , 0.5313065 , 0.86248575, 0.8518315 , 0.        ,
       0.4271095 , 0.240991  , 0.53002575, 0.53392475, 0.42922   ,
       1.18632075, 0.400884  , 0.5309535 , 0.4872005 , 1.0461715 ,
       0.87684275, 0.417231  , 0.778003  , 0.44855575, 0.378351  ,
       0.38921825, 0.788912  , 0.3372215 , 0.4057015 , 0.53073075,
       0.511524  ]), 'locations': array([ 5, 14, 15, 15,  4,  3,  5,  4, 15, 15, 15,  4,  5,  4, 15,  4,  4,
       15, 14,  4,  4, 14, 13, 15, 14, 15])}], 'clusters': array([4, 2, 2, ..., 2, 2, 3]), 'time': 102.90746235847473}
lenSubsequence: 10{'RI': 0.5006932640069326, 'num_clusters': 3, 'uShapelets': [{'ts_index': 496, 'loc': 9, 'gap': 0.4460789871065396, 'distances': array([1.4195944, 0.1472357, 0.0744313, ..., 0.2248069, 0.2279901,
       1.4055959]), 'delta_distances': array([1.410206 , 0.2733938, 0.2250802, ..., 0.5245576, 0.5250592,
       1.1130132]), 'locations': array([ 9, 10, 10, ...,  9,  9,  9])}, {'ts_index': 199, 'loc': 14, 'gap': 0.40161997818746764, 'distances': array([0.7953127, 0.8733859, 1.3218991, 0.7404287, 0.9936049, 0.705401 ,
       0.969155 , 0.8455765, 2.2554894, 2.229963 , 1.8023311, 0.8500057,
       1.4514498, 0.2397725, 0.5900703, 1.7530345, 0.9901192, 0.5781508,
       1.343743 , 1.1439757, 1.2997685, 2.0456777, 1.7545403, 0.6173445,
       0.8672275, 1.3314838, 0.5772207, 0.6487569, 0.9694893, 0.8753857,
       0.4295963, 1.1813835, 1.4694377, 1.5157637, 1.9719108, 0.679957 ,
       0.5107745, 1.5538713, 0.3762682, 1.0080532, 1.3676689, 1.493368 ,
       0.731309 , 0.9639515, 0.4208446, 1.0665446, 1.5906359, 0.9293777,
       1.2133106, 1.8441145, 0.3830274, 0.5349502, 1.5970371, 1.5937553,
       0.8832615, 1.2526947, 0.5607441, 0.5228756, 0.6843073, 1.1519351,
       0.3629247, 0.7296793, 0.6900568, 1.1084523, 0.8962092, 2.1228203,
       2.0692606, 1.126716 , 0.8710602, 1.6781996, 1.2440229, 1.5557695,
       1.4062981, 1.1506345, 0.6873524, 1.126514 , 0.9476801, 1.0832542,
       1.0142354, 0.2393768, 0.8514146, 1.0052625, 0.5294649, 0.9089198,
       2.2985103, 0.6551781, 0.6935314, 0.9886712, 0.2863714, 1.6281507,
       0.6680457, 1.0918739, 2.1763956, 1.2160278, 0.4626291, 0.7144974,
       1.2657628, 0.3416113, 1.3138455, 0.270246 , 1.4464691, 0.7566904,
       0.7343225, 0.8242997, 1.093444 , 1.4356861, 2.7352622, 1.3704196,
       1.8615556, 1.0726771, 1.0330566, 0.7329035, 0.4566104, 1.1973233,
       2.0092775, 0.8373174, 1.668506 , 1.1365028, 1.5772992, 0.2846221,
       1.2172507, 0.9067066, 0.336681 , 1.232102 , 0.9342886, 0.9399447,
       1.0208017, 0.6969194, 1.3281409, 0.3762778, 0.7687938, 1.4045402,
       0.7801847, 0.6848774, 1.0571504, 1.0287126, 0.5903389, 1.1019916,
       1.0315764, 0.5108198, 1.809667 , 1.2606035, 1.1645188, 1.1433827,
       2.4262461, 0.2804089, 1.1377072, 0.668351 , 1.0820333, 1.8561572,
       0.8303546, 1.3332179, 0.7695743, 0.7741204, 0.965176 , 0.8333009,
       1.3577397, 1.2111894, 0.3117561, 0.6800795, 1.7137412, 0.6250966,
       1.312338 , 0.7283487, 0.6145325, 0.3968386, 1.9390922, 1.8442778,
       1.1764866, 1.0825442, 0.5125847, 0.6367029, 1.7128047, 0.1113968,
       0.5563943, 1.6217439, 1.5214139, 0.5215736, 0.8474407, 0.6364187,
       0.5186658, 0.460287 , 1.7709249, 1.0522194]), 'delta_distances': array([0.8320222, 0.8367066, 1.3402944, 0.7666   , 1.266235 , 0.7872446,
       0.7501668, 0.978585 , 1.8686878, 1.581569 , 1.3693834, 0.8442328,
       1.2358754, 0.4439654, 0.4980184, 1.4859452, 0.9844334, 0.6703378,
       1.0456942, 1.2856524, 1.1001234, 1.3396886, 1.6142288, 0.9084914,
       0.9037196, 1.1137078, 0.5063952, 0.7193932, 1.1838232, 0.518129 ,
       0.6261036, 1.118602 , 1.3608278, 1.1621952, 1.331337 , 0.9606378,
       0.670143 , 1.4000298, 0.4803194, 1.024005 , 1.192898 , 1.2906632,
       0.7337042, 0.9724014, 0.6131884, 1.076966 , 1.2977398, 0.870817 ,
       0.8286312, 1.641435 , 0.529877 , 0.5765054, 1.2201814, 1.2852202,
       0.9096354, 0.9491296, 0.7391502, 0.6379942, 0.6114582, 0.985217 ,
       0.7138634, 0.7746288, 0.9646058, 1.1006476, 1.0502684, 1.3491454,
       1.5183172, 0.9845968, 0.6091336, 1.2924074, 1.2594704, 1.3901124,
       1.083799 , 0.9186578, 0.785351 , 1.0857088, 1.0024572, 1.2158392,
       1.1502136, 0.5177456, 0.9268218, 0.8212656, 0.6261434, 0.9311788,
       1.5844478, 0.914436 , 0.9229556, 0.718815 , 0.6976556, 1.0709244,
       0.7863422, 0.863334 , 1.4075354, 0.8879446, 0.8781624, 0.5914192,
       1.000628 , 0.607602 , 1.1282728, 0.2537426, 0.827155 , 0.8825768,
       0.8473824, 0.8786864, 1.1447768, 1.2653026, 1.7383772, 1.2361226,
       1.3517916, 0.8530348, 0.8222282, 1.414001 , 0.7682762, 1.067333 ,
       1.4972174, 1.035365 , 1.0104088, 0.861162 , 1.551589 , 0.5664596,
       1.369114 , 0.9499594, 0.6653046, 0.9393506, 0.8594426, 1.1019378,
       1.0435078, 0.6962628, 0.992267 , 0.5580514, 0.6676884, 1.3177938,
       0.7271976, 0.5876272, 1.0281602, 1.1389068, 0.6829218, 1.229248 ,
       0.993915 , 0.9212034, 1.3160924, 0.6707502, 0.9549122, 1.0774662,
       1.8171218, 0.7381552, 1.326968 , 0.7971392, 1.1708868, 1.6721596,
       0.8282604, 0.9290424, 0.9748984, 0.8076586, 0.8301278, 0.8282928,
       1.0075052, 1.0764544, 0.466365 , 0.997374 , 1.15021  , 0.6194878,
       1.2390198, 0.9358312, 0.5616994, 0.474578 , 1.416478 , 1.4304744,
       0.8466858, 1.0385838, 0.787884 , 0.6609354, 1.268827 , 0.3073   ,
       0.727504 , 1.4674544, 1.3434524, 0.7154064, 1.008443 , 0.3362094,
       0.6431152, 0.611573 , 1.0552418, 1.027746 ]), 'locations': array([ 6,  6,  7, 13, 13, 13,  6,  5, 13,  5,  8,  6,  7, 13, 13,  7,  6,
       13,  6,  6,  6,  6,  6,  5,  5,  6,  6,  5,  5,  5, 13, 13, 13,  6,
       12, 13, 13,  5, 13,  6,  7,  6,  6,  6,  5,  5,  6,  6, 13,  5, 13,
        5,  5,  5,  5,  5,  5, 13,  4, 13, 13, 13, 13,  5,  5,  5,  5,  5,
       13,  6, 13,  6,  5,  5, 13,  6,  6,  5,  5, 13,  5,  6, 13, 13,  1,
       13, 13,  6, 13, 12,  5,  5,  6,  6, 13,  5,  6, 13,  5,  5,  7,  6,
        5, 13,  5,  7, 13,  5,  5,  6,  5, 13, 13,  5,  5, 13, 13,  6, 11,
       13, 11,  6, 13, 13, 13,  6,  7,  5,  7, 13,  4,  6,  5, 13,  5, 13,
        5,  6,  5, 13,  6,  5,  6,  5, 11, 13,  5,  6, 13, 12, 13, 13,  5,
        5,  6, 13,  6,  6,  5, 13,  7,  5,  6,  6,  4,  5,  6, 11, 13, 13,
       13,  5,  6, 13, 13,  6,  5,  4, 13,  5,  5, 13,  6,  5])}], 'clusters': array([2, 1, 1, ..., 1, 1, 2]), 'time': 51.444188833236694}
