lenSubsequence: 31{'RI': 0.5811557788944723, 'num_clusters': 3, 'uShapelets': [{'ts_index': 129, 'loc': 1, 'gap': 0.37214062115351965, 'distances': array([0.88790526, 0.75001087, 1.17667339, 0.75983142, 1.35961826,
       0.87668452, 1.36526961, 0.68297271, 1.38341642, 0.948983  ,
       1.6894549 , 3.10103384, 3.44658897, 1.20475619, 1.63179352,
       0.8232901 , 0.67467948, 1.03205594, 2.17848416, 1.44396113,
       2.32860955, 0.95120561, 0.75314826, 1.068545  , 1.68272435,
       1.79989258, 1.28601465, 1.09237881, 1.32406184, 1.18118006,
       1.21338571, 1.15790245, 1.50366371, 1.22143697, 2.40731771,
       0.91909339, 0.8367261 , 1.01007184, 2.45709955, 1.2768109 ,
       0.93445   , 2.3880289 , 1.21318429, 0.9940879 , 0.83530261,
       0.64528529, 1.0612729 , 1.14334816, 0.7237849 , 1.18946771,
       0.66505887, 2.38500168, 0.8568841 , 1.01520784, 2.97617077,
       0.74191019, 0.88030519, 1.05877471, 2.45245629, 1.12597684,
       2.12172365, 1.39273255, 1.08833094, 1.04835994, 1.426112  ,
       1.18056481, 0.99101245, 1.00871003, 0.97602161, 1.10552129,
       0.83640361, 0.91447555, 0.94442145, 0.93986755, 1.15729577,
       0.97225252, 1.29874642, 0.72313329, 1.096078  , 0.70529923,
       0.98587348, 0.87697229, 2.339984  , 0.84295139, 1.36932   ,
       1.04794339, 1.14115797, 0.94853313, 0.89669394, 0.97931642,
       1.58719784, 2.55943494, 1.12866048, 1.00696152, 0.81658752,
       0.98687519, 0.80957642, 1.04706371, 1.75407487, 1.37970897,
       1.14547087, 1.74477484, 0.51017965, 1.11402345, 1.08939903,
       0.97709094, 0.84877397, 0.73430881, 0.77458565, 1.22961845,
       0.87466865, 0.82589597, 2.72454635, 0.70127629, 1.09369061,
       0.90779139, 0.49311594, 0.90560752, 0.94783361, 1.44256458,
       2.39356019, 1.24571735, 1.09008348, 1.63487358, 0.90340658,
       1.31719306, 1.09452594, 1.42701177, 1.25247326, 0.        ,
       0.68635935, 0.6379899 , 0.926461  , 0.80412561, 1.0862521 ,
       1.60101758, 1.44370887, 1.1165329 , 1.26298448, 0.98749526,
       0.86765671, 0.96586919, 0.92883039, 0.99783945, 1.56213594,
       0.76427968, 0.98906484, 1.16149316, 1.50392865, 1.27621694,
       0.97455829, 0.98439029, 0.77341652, 1.9232161 , 0.73495561,
       0.82121229, 1.4333999 , 0.900652  , 0.88659032, 1.00542855,
       0.61470281, 1.29626216, 1.39265426, 0.99327965, 1.13540106,
       2.190984  , 0.83663535, 1.10775455, 0.95229277, 0.6200731 ,
       0.73487239, 1.16296945, 0.88279497, 0.94097994, 0.85504103,
       1.04188248, 0.7073029 , 0.65625474, 0.77857913, 0.84643529,
       0.83614177, 1.72646968, 0.68176919, 0.88596671, 1.10862761,
       0.83457919, 2.17952981, 0.75683361, 0.88321265, 1.24882677,
       1.11162523, 1.0506399 , 0.75320858, 1.58825277, 1.01759455,
       1.00727487, 1.67941955, 1.05983458, 0.73329832, 0.83462555]), 'delta_distances': array([1.64752194, 1.42856368, 1.76066303, 1.59608329, 1.68585484,
       1.34204794, 2.34942148, 1.53330632, 1.82028058, 1.76929755,
       2.26707239, 3.30771703, 2.85205465, 1.56593774, 1.91781981,
       1.61111181, 1.34619703, 1.77143316, 2.38300877, 1.89835439,
       1.97520271, 1.70650239, 1.46265787, 1.70991342, 1.89314019,
       2.21550013, 1.76546168, 1.97127516, 1.76239561, 2.11136574,
       2.06955445, 1.73828013, 2.22799432, 1.68202684, 2.76334277,
       1.13580948, 1.65877613, 1.67823052, 1.95818948, 1.83548213,
       1.38159381, 2.45122065, 1.6820171 , 2.00573768, 1.43180052,
       1.44634587, 2.06504329, 1.45480735, 1.28680968, 1.93458845,
       1.360216  , 2.07101716, 1.34346419, 1.74449516, 2.60574077,
       1.5247549 , 1.48755877, 1.65611187, 2.16295884, 1.56139194,
       2.29581452, 2.37314632, 1.83558645, 1.41617561, 2.08752323,
       1.62603097, 1.69769045, 1.30965348, 1.71109942, 1.95983955,
       1.28698723, 1.89005665, 1.50568355, 1.61115768, 1.941964  ,
       1.41960748, 2.01024252, 1.46167155, 1.66581948, 1.1488431 ,
       2.03844219, 1.57003845, 2.54811723, 1.76612935, 1.88979452,
       1.53215974, 1.77017535, 1.56534555, 1.4420569 , 2.01938768,
       1.66592626, 2.4654791 , 1.46154013, 1.57200974, 1.51106316,
       1.59234426, 1.29192142, 1.53858645, 2.447444  , 1.76462026,
       1.76373239, 1.96759213, 1.03706555, 1.35269155, 1.56561445,
       1.58005245, 1.09355639, 1.25774542, 1.26971484, 1.61201529,
       1.23048806, 1.30950432, 2.13947729, 1.21025   , 1.39248561,
       1.42796394, 1.02787026, 1.38824077, 1.39389039, 1.49328974,
       2.56094316, 2.00282129, 1.63902671, 1.82914335, 1.52355484,
       1.79312426, 1.33612626, 1.82628116, 1.42119723, 0.        ,
       1.08660555, 1.01406626, 1.37493761, 1.11775181, 1.56341658,
       1.68081445, 1.82490806, 1.44875387, 1.80923387, 1.570698  ,
       1.71438316, 1.66376955, 1.42356084, 1.29006787, 2.4328529 ,
       1.35097174, 1.36980065, 1.37855381, 1.7453509 , 1.66038961,
       1.52540768, 1.2846709 , 1.18879871, 1.97589677, 1.34261439,
       1.34007729, 1.9093669 , 1.45963684, 1.56017542, 1.80596484,
       1.00517239, 1.60920923, 1.66817903, 1.25537529, 1.61169826,
       2.25507987, 1.31496052, 1.61669432, 1.41330103, 0.95970368,
       1.41231961, 1.95932839, 1.33185729, 1.59197413, 1.6020869 ,
       1.61987258, 1.29117084, 1.23276329, 1.22919058, 1.39965142,
       1.37180703, 2.35456471, 1.21069406, 1.46840839, 1.65744632,
       1.28088503, 2.08374529, 1.38403271, 1.24907942, 2.11734116,
       1.60114794, 1.67951155, 1.18898613, 1.8661431 , 1.59333555,
       1.53437813, 1.87246013, 1.63024826, 1.29218813, 1.23401942]), 'locations': array([ 2,  1,  3,  0, 10,  1,  1,  0,  0,  6,  1,  0, 11,  3,  9,  2,  0,
        0,  1,  0, 35,  1,  2,  1,  0,  1,  3,  1,  0,  1,  1,  1,  6,  1,
        1,  5,  1,  0, 24,  3,  2,  0,  0,  0,  2,  3,  1,  1,  1,  0,  2,
       38,  6,  4,  0,  3,  2,  3,  2,  6, 20,  1,  0,  0,  8,  7,  2,  2,
        1,  1,  2,  2,  2,  3,  1,  3,  1,  2,  1,  2,  3,  1,  0,  2,  4,
        3,  5,  4,  1,  1,  1, 38,  6,  2,  1,  1,  0,  7,  1,  3,  4,  0,
        5,  2,  0,  2,  4,  4,  1,  1,  4,  4,  1,  1,  7,  0,  1,  2,  2,
        5,  0,  1,  2,  1,  0,  0,  1,  4,  1,  1,  1,  1,  3,  2,  1,  0,
        1,  1,  0,  1,  4,  3,  0,  6,  0,  2,  0, 10,  6,  0,  6,  1,  0,
        4,  1,  1,  0,  6,  0,  2,  2,  0,  2,  3,  2,  0,  2,  1,  0,  1,
        3,  1,  5,  1,  0,  2,  1,  1,  1,  1,  0,  0,  2,  2,  4,  2,  0,
        1,  2,  0,  5,  0,  3,  0,  1,  4,  0,  4,  0,  2])}, {'ts_index': 98, 'loc': 0, 'gap': 0.9163707346684897, 'distances': array([1.28100677, 2.69648726, 3.50148006, 2.19165503, 0.98993023,
       0.95550248, 3.19575003, 1.68630965, 1.22048897, 2.05064771,
       1.98376961, 3.71861881, 2.21959077, 2.5033981 , 2.086612  ,
       1.78234997, 3.332976  , 1.80149297, 0.94410629, 3.86927861,
       0.        , 1.56167403, 1.93111874, 1.97792161, 1.53430029,
       0.74946881, 1.61076342, 1.23651019, 2.10058216, 1.73650019,
       1.24552226, 1.134065  , 1.72951323, 1.14507371]), 'delta_distances': array([2.12445806, 3.17763329, 3.53546594, 2.48302619, 2.0340951 ,
       1.9391531 , 3.23654806, 2.82511587, 2.01206426, 2.78276858,
       2.67875413, 3.73187639, 3.0301111 , 2.70921271, 2.53037039,
       2.61471271, 3.35515219, 2.16439974, 2.18023871, 3.32000142,
       0.        , 2.40636723, 2.98853103, 2.56434968, 1.85605768,
       1.46312652, 2.29848865, 2.1264451 , 2.76478381, 3.19131213,
       2.54783852, 1.88875361, 2.54138916, 1.9570651 ]), 'locations': array([ 0,  0,  4, 39,  0,  2, 34,  0,  0, 22,  0, 34,  2,  0,  0,  2, 28,
        1,  6, 40,  0,  2,  1,  3,  3,  0,  3,  6,  4,  0,  0,  1,  7,  1])}], 'clusters': array([1, 1, 1, 1, 1, 1, 1, 1, 1, 1, 2, 0, 0, 1, 2, 1, 1, 1, 2, 2, 0, 1,
       1, 1, 2, 2, 1, 1, 1, 1, 1, 1, 2, 1, 2, 1, 1, 1, 0, 1, 1, 2, 1, 1,
       1, 1, 1, 1, 1, 1, 1, 2, 1, 1, 2, 1, 1, 1, 2, 1, 0, 1, 1, 1, 1, 1,
       1, 1, 1, 1, 1, 1, 1, 1, 1, 1, 1, 1, 1, 1, 1, 1, 2, 1, 1, 1, 1, 1,
       1, 1, 2, 0, 1, 1, 1, 1, 1, 1, 2, 1, 1, 2, 1, 1, 1, 1, 1, 1, 1, 1,
       1, 1, 2, 1, 1, 1, 1, 1, 1, 1, 2, 1, 1, 2, 1, 1, 1, 1, 1, 1, 1, 1,
       1, 1, 1, 2, 1, 1, 1, 1, 1, 1, 1, 1, 2, 1, 1, 1, 2, 1, 1, 1, 1, 2,
       1, 1, 1, 1, 1, 1, 1, 1, 1, 1, 1, 2, 1, 1, 1, 1, 1, 1, 1, 1, 1, 1,
       1, 1, 1, 1, 1, 2, 1, 1, 1, 1, 2, 1, 1, 1, 1, 1, 1, 2, 1, 1, 2, 1,
       1, 1]), 'time': 28.446073055267334}
lenSubsequence: 32{'RI': 0.581356783919598, 'num_clusters': 3, 'uShapelets': [{'ts_index': 70, 'loc': 1, 'gap': 0.6995901856817, 'distances': array([0.56528225, 0.97222441, 1.05749444, 0.796898  , 1.84206828,
       0.51286081, 1.36110972, 1.04113697, 1.27172666, 0.78129578,
       1.59879931, 2.96072687, 2.96563669, 1.4087205 , 1.67890719,
       0.69393275, 0.47331784, 1.25682194, 2.58708172, 1.83843141,
       2.32271044, 0.87472075, 0.97678897, 0.64099322, 2.25277644,
       2.29667356, 1.35247366, 1.13247456, 1.53626166, 0.78376141,
       1.19238203, 1.16663069, 1.27532609, 1.05594953, 2.74331338,
       0.78335372, 1.13076841, 1.19393559, 2.34857091, 1.17351603,
       0.52209481, 2.80826881, 1.66641878, 0.90456063, 0.71177219,
       1.02077291, 0.83371153, 1.55481259, 0.52739388, 1.98210809,
       0.57233438, 2.42303912, 0.78661741, 1.04893472, 2.94975222,
       0.80553937, 0.54752331, 0.89809253, 3.22913784, 1.04128138,
       1.96685791, 1.28267559, 1.00974509, 0.82932156, 1.21781162,
       1.16202741, 0.87957978, 1.18871788, 0.40814984, 1.31969616,
       0.        , 0.86411341, 1.39222334, 1.09298997, 1.23966497,
       1.18707862, 0.85888341, 0.57727669, 1.15463225, 0.85210756,
       1.01235116, 1.50639806, 2.82913919, 0.78902097, 1.26183272,
       0.93484059, 1.23670556, 0.94221737, 0.68657478, 1.10194112,
       1.03431047, 2.38750469, 1.12490703, 0.63815137, 0.97596884,
       0.73902244, 1.07608037, 0.7854455 , 2.26684603, 1.06058291,
       1.00710469, 1.95488656, 0.68455125, 0.90557559, 0.88925141,
       1.02794706, 0.68762981, 0.63948275, 0.82252844, 0.93925369,
       0.62159375, 0.81672644, 2.65343559, 0.43841059, 0.73681425,
       0.69903656, 0.55119338, 0.62824813, 1.19143653, 1.266615  ,
       3.00949247, 1.50296284, 0.53836725, 1.68097959, 0.46893144,
       2.01810116, 0.66943641, 1.45201947, 1.59494206, 0.98342237,
       0.88833166, 0.47124428, 0.63899966, 0.43801541, 0.67046731,
       2.10644712, 1.6710795 , 0.64654506, 1.12545134, 0.64199412,
       0.62336441, 0.97145116, 1.07907647, 0.79924516, 2.27276794,
       0.69934706, 0.69043391, 1.09946659, 0.64437594, 1.22735506,
       0.49822931, 0.56322375, 1.13670175, 2.26443219, 0.65925275,
       0.38405966, 1.71932069, 0.76896559, 0.39997478, 0.64139334,
       0.55228309, 1.20569022, 0.93259728, 0.88934781, 1.59418475,
       2.78304534, 1.20356691, 0.7781375 , 0.71212934, 0.33457353,
       0.92377628, 1.04748931, 0.90457747, 1.00687109, 0.78476975,
       0.902143  , 0.36512722, 0.81119681, 0.45363275, 0.808894  ,
       0.76800256, 2.04523419, 0.34086866, 1.21361081, 0.95476056,
       0.98713041, 2.28254278, 0.38553941, 0.93059287, 1.28053128,
       0.83739725, 1.07706203, 0.54145503, 1.80476244, 0.894549  ,
       0.79181362, 2.28645584, 0.9601275 , 0.63462619, 0.82965484]), 'delta_distances': array([1.1252695 , 1.455514  , 1.80014594, 1.224469  , 2.65418581,
       1.12137856, 2.292216  , 1.71822494, 1.67083719, 1.70988269,
       2.16915069, 1.69036613, 1.98901044, 1.795101  , 1.90520575,
       1.12090537, 0.90657444, 1.64503306, 1.69085219, 1.39319594,
       2.05510087, 1.40343813, 1.40627581, 1.15699119, 1.72569787,
       2.44447787, 1.98575556, 1.85442856, 1.80556256, 1.57244506,
       2.14205531, 1.66515506, 1.68350563, 1.58904531, 1.91114569,
       1.2407135 , 1.48115356, 1.63429669, 1.77886694, 1.88867587,
       0.90642719, 2.31990956, 1.77022469, 1.75263656, 1.2047215 ,
       1.94680606, 1.69579175, 1.76872556, 0.99189656, 2.32554744,
       1.22495212, 1.87550394, 1.39786388, 1.98485662, 1.54132737,
       1.53548081, 1.14471181, 1.47419075, 2.5877005 , 1.70649631,
       1.77546081, 2.215191  , 1.68265869, 1.49343762, 1.70872956,
       1.51143719, 1.52746469, 1.64950706, 0.84475425, 1.90205069,
       0.        , 1.68071613, 2.01768169, 1.8192005 , 1.93160969,
       2.03200013, 1.35144038, 1.09497331, 1.73193288, 1.48083169,
       1.86268587, 2.17625719, 1.57060744, 1.34695062, 1.94697369,
       1.4654915 , 2.09303713, 1.40276994, 0.95675475, 1.81706675,
       1.36434569, 2.17224888, 1.52962869, 1.0884975 , 1.51679581,
       1.38941769, 1.74186031, 1.16995144, 2.99773812, 1.54613519,
       1.55724619, 1.28539056, 1.212825  , 1.16332175, 1.28224506,
       1.34551881, 1.13273681, 1.05677012, 1.17053038, 1.491107  ,
       0.81282475, 1.17088288, 1.62550738, 1.00768144, 1.16556444,
       1.31387794, 1.13322994, 1.16512744, 1.476441  , 1.40567113,
       2.24715525, 1.91400531, 1.23314631, 1.87967394, 0.931285  ,
       2.12358156, 1.11027206, 1.52427069, 1.48067719, 1.5579635 ,
       1.33388931, 0.95387931, 1.11967744, 0.78612413, 1.342439  ,
       2.2193895 , 1.71214588, 1.32349825, 1.52199913, 1.04574344,
       1.33598419, 1.51410981, 1.53630137, 1.34265544, 2.77794794,
       1.16069481, 1.13405581, 1.35913969, 1.10821356, 1.23387825,
       0.95849644, 0.95224256, 1.53129612, 2.05365525, 1.18887656,
       0.83221862, 1.36487794, 1.27692406, 0.81068744, 1.35241444,
       0.97273644, 1.33329394, 1.16712756, 1.26682437, 1.78665256,
       1.714278  , 1.53043106, 1.23065288, 1.1680785 , 0.82994737,
       1.35173875, 1.30771681, 1.40221169, 1.35220612, 1.49929956,
       1.35564381, 0.85676637, 1.40069206, 0.85751719, 1.19646019,
       1.17614362, 1.42490369, 0.81125669, 1.86551444, 1.55451437,
       1.76540637, 1.67367206, 0.82401956, 1.02481563, 1.9860555 ,
       1.22861256, 1.54426825, 1.07986187, 1.88092769, 1.58560562,
       1.33599794, 2.00265394, 1.67456375, 1.07967806, 1.11414744]), 'locations': array([ 1,  0,  2,  0,  2,  1,  0,  0,  0,  5,  0, 55, 61,  3,  8,  2,  0,
        0, 61, 55, 23,  1,  1,  1,  0,  0,  3,  0,  1,  1,  0,  0,  3,  1,
       55,  2,  0,  0, 26,  3,  1,  0,  0,  0,  2,  2,  1,  2,  0,  0,  1,
       47,  6,  4, 51,  2,  1,  3,  0,  7, 19,  0,  1,  0,  7,  0,  1,  0,
        1,  0,  1,  1,  0,  0,  0,  2,  0,  2,  0,  0,  2,  1, 53,  2,  4,
        1,  2,  4,  1,  0,  0, 37,  3,  1,  0,  0,  0,  6,  0,  0,  1, 51,
        4,  2,  0,  1,  3,  3,  1,  0,  3,  3, 55,  0,  7,  0,  0,  1,  1,
        4,  0,  1,  1,  0,  0,  0,  0,  5,  0,  1,  0,  0,  0,  1,  1,  0,
        1,  0,  0,  0,  4,  2,  0,  3,  0,  1,  0,  1,  0,  0,  0,  0,  1,
        3,  1,  1, 53,  5,  0,  1,  1,  0,  1,  1,  1, 46,  1,  0,  0,  0,
        2,  0,  3,  1,  0,  1,  1,  1,  1,  1,  0, 51,  1,  1,  5,  1, 47,
        1,  0,  0,  5,  0,  2,  0,  1,  2,  0,  2,  1,  1])}, {'ts_index': 196, 'loc': 8, 'gap': 0.5374160295807062, 'distances': array([1.20711716, 0.46056294, 1.10564278, 0.72073556, 0.68042672,
       0.49605228, 1.71933256, 0.62606341, 0.47715128, 0.86776791,
       1.50137153, 0.46651059, 0.39514966, 0.77783909, 0.43734703,
       0.39847981, 1.77121288, 0.77108156, 1.73440484, 0.64715225,
       0.55209047, 0.53839028, 0.32665156, 0.53199787, 0.46043925,
       0.29567794, 0.69305159, 0.83063434, 0.28854622, 0.47508022,
       0.47723831, 0.46435856, 0.44559956, 0.        ]), 'delta_distances': array([1.07903562, 0.77653775, 1.54375225, 0.87984662, 1.30195675,
       1.08343737, 1.95616481, 1.00157175, 0.98038731, 1.45807787,
       1.82220525, 0.956513  , 1.00270731, 1.12597638, 0.89324606,
       0.78420913, 1.82781313, 1.31435131, 1.8022415 , 1.01367319,
       1.21414637, 1.20926525, 0.910868  , 0.9872765 , 1.01704906,
       0.751287  , 0.96701825, 1.22271744, 0.66203937, 1.12205194,
       1.01208894, 0.93599363, 1.12071862, 0.        ]), 'locations': array([32, 10,  7, 53,  6,  8,  3,  8,  8, 14,  3, 16,  8,  4,  6,  9,  1,
        7,  2,  8,  8, 11, 13,  8, 11,  8, 11, 24,  8,  8,  8,  7, 25,  8])}], 'clusters': array([1, 1, 1, 1, 0, 1, 1, 1, 1, 1, 1, 2, 0, 1, 2, 1, 1, 1, 2, 2, 0, 1,
       1, 1, 2, 2, 1, 1, 1, 1, 1, 1, 1, 1, 2, 1, 1, 1, 0, 1, 1, 2, 1, 1,
       1, 1, 1, 1, 1, 2, 1, 2, 1, 1, 2, 1, 1, 1, 2, 1, 0, 1, 1, 1, 1, 1,
       1, 1, 1, 1, 1, 1, 1, 1, 1, 1, 1, 1, 1, 1, 1, 1, 2, 1, 1, 1, 1, 1,
       1, 1, 1, 0, 1, 1, 1, 1, 1, 1, 2, 1, 1, 2, 1, 1, 1, 1, 1, 1, 1, 1,
       1, 1, 2, 1, 1, 1, 1, 1, 1, 1, 2, 1, 1, 2, 1, 2, 1, 1, 1, 1, 1, 1,
       1, 1, 1, 2, 1, 1, 1, 1, 1, 1, 1, 1, 2, 1, 1, 1, 1, 1, 1, 1, 1, 2,
       1, 1, 2, 1, 1, 1, 1, 1, 1, 1, 1, 2, 1, 1, 1, 1, 1, 1, 1, 1, 1, 1,
       1, 1, 1, 1, 1, 2, 1, 1, 1, 1, 2, 1, 1, 1, 1, 1, 1, 2, 1, 1, 2, 1,
       1, 1]), 'time': 23.122450828552246}
lenSubsequence: 33{'RI': 0.5887437185929648, 'num_clusters': 3, 'uShapelets': [{'ts_index': 80, 'loc': 3, 'gap': 0.6416661568398971, 'distances': array([0.91750158, 1.01268585, 1.38241052, 0.72006794, 2.06946476,
       0.8018127 , 1.64329224, 1.14233579, 1.21611533, 1.13206252,
       2.04374824, 3.42501912, 4.23910188, 1.87830564, 2.14432158,
       0.94922076, 1.02264794, 1.17339115, 2.53483379, 2.01380009,
       3.25981991, 1.14099173, 1.03670555, 0.8020913 , 2.49968252,
       2.58759855, 1.29748318, 0.66497097, 2.05393282, 0.81310085,
       1.45974794, 1.56463285, 1.57251842, 1.83526491, 2.94182167,
       0.981142  , 1.09352282, 0.75105488, 3.5256457 , 1.41256442,
       0.82632988, 2.69723609, 1.25698018, 1.0841527 , 1.02712612,
       0.82705903, 1.31100312, 1.59635912, 0.83249064, 2.24070455,
       1.03253994, 3.28871079, 1.12561515, 1.29487936, 3.7666187 ,
       0.84940424, 0.79705597, 1.48602509, 2.97764418, 1.29703873,
       2.88331367, 1.44797776, 1.28285027, 1.25694085, 1.80436458,
       1.32564518, 1.03178482, 1.07566336, 1.25397218, 1.20964521,
       0.68085724, 0.99591655, 1.19303009, 1.38022248, 1.26381452,
       1.37831961, 0.78321591, 0.9807627 , 1.12929176, 1.30944676,
       0.        , 1.92288164, 2.77830418, 0.87594785, 1.6844177 ,
       1.03610779, 1.47926267, 1.13479033, 0.86689482, 1.17688206,
       1.13075406, 3.45062273, 1.49910085, 1.32249664, 1.33472648,
       1.16830085, 1.16852876, 1.13379155, 2.24867618, 1.36132964,
       1.32469024, 2.35806233, 0.89482888, 1.3771003 , 0.97686748,
       1.24164567, 1.09815212, 0.65416303, 1.03659164, 1.30632579,
       0.97842155, 0.97053006, 3.3728727 , 0.61267348, 1.24330148,
       1.02980145, 0.84042773, 0.70383588, 1.04902448, 1.4790347 ,
       2.42541242, 1.23249685, 1.27723439, 2.31142985, 0.90636261,
       1.909988  , 1.03740206, 1.70178145, 1.45059282, 0.92920579,
       0.89595576, 0.76373385, 0.87117942, 0.84092406, 1.24177618,
       2.16635209, 1.75391536, 1.02010252, 1.38034006, 1.22604   ,
       0.91903012, 1.35557958, 1.00878424, 1.24533624, 2.05626185,
       1.21595924, 1.15899345, 1.27175342, 1.02441521, 1.62231709,
       0.79388494, 0.99150842, 0.98928382, 1.99441455, 0.83907997,
       0.95338376, 1.94086515, 1.15707703, 0.84332952, 1.03573206,
       1.04757615, 1.80127727, 1.76826591, 1.08470309, 1.3992553 ,
       2.84116948, 1.07971239, 0.98225106, 0.90213327, 0.95264824,
       1.02188952, 1.51232627, 1.1065863 , 0.94871094, 1.03405652,
       1.10905285, 0.85457448, 1.09215512, 1.14038545, 1.01063461,
       0.76416394, 2.43453515, 0.78768594, 1.21726158, 1.32444742,
       1.41474339, 3.20432939, 0.84023158, 1.05997639, 1.08345918,
       1.16650994, 1.10251076, 0.92148467, 1.68151876, 1.06406321,
       1.31044939, 1.98176845, 1.18310388, 0.9104533 , 1.06815003]), 'delta_distances': array([1.96361927, 1.8068277 , 1.83296721, 1.62277067, 2.66001382,
       1.83206709, 2.74798327, 2.17413212, 2.46670879, 2.4739263 ,
       2.69362212, 3.71934291, 4.4565463 , 2.51135952, 2.65572915,
       1.94134218, 1.88556806, 2.15224127, 3.05374315, 3.0225503 ,
       3.00656006, 1.80404606, 1.59438085, 1.73896321, 2.82795509,
       2.8219957 , 2.37799527, 1.43792648, 2.73542109, 1.97457024,
       2.87212473, 2.21056667, 2.66126436, 2.31876642, 3.46386964,
       1.73498455, 1.91101079, 1.83927733, 3.04425552, 2.69596636,
       1.6283763 , 2.85625606, 2.22167461, 2.22291691, 1.85569394,
       2.26035909, 2.83007964, 2.4175057 , 1.7625497 , 3.18119321,
       2.08610018, 2.76900939, 1.851598  , 2.41500994, 3.90789582,
       1.81403521, 1.77966   , 2.48794218, 3.08052945, 2.3232657 ,
       3.21582982, 2.63849739, 2.48335539, 2.43036242, 2.82498176,
       2.04778061, 2.04007552, 1.87074055, 2.20659006, 2.09075842,
       1.40062939, 2.16059103, 2.54705042, 2.5812423 , 2.5627917 ,
       2.49331527, 1.73560018, 2.08325085, 2.22312945, 2.13358964,
       0.        , 2.64710818, 3.367556  , 2.09991558, 2.54020606,
       1.71985612, 2.59001909, 1.94346776, 1.79348079, 2.50694442,
       2.11993842, 3.18498103, 2.6514617 , 2.10233842, 2.2466863 ,
       2.14117648, 2.19334727, 1.93931176, 3.46430552, 2.29961248,
       1.80427648, 2.86163327, 1.88999261, 2.11097933, 2.18022636,
       1.98493042, 1.89540624, 1.30847533, 1.83437661, 2.0822663 ,
       1.79723485, 1.784348  , 2.87454897, 1.55563655, 2.12968782,
       2.05728218, 1.60028442, 1.52534024, 1.56527527, 2.29942152,
       2.82262921, 2.20225212, 2.25560745, 2.68337455, 1.99978764,
       2.41859752, 1.84341436, 2.30053994, 1.7436297 , 1.92110424,
       1.854752  , 1.60560345, 1.73366909, 1.49858812, 2.1658017 ,
       2.50323594, 2.126302  , 1.88722303, 2.36652206, 1.93050006,
       2.03493685, 1.97770436, 1.90452364, 2.17375642, 2.92145503,
       2.19314   , 2.11553436, 2.0006983 , 1.98039339, 2.15792721,
       1.70150873, 1.71739055, 1.79594321, 2.32900424, 1.8442103 ,
       1.86120909, 2.48088727, 2.16769673, 1.823808  , 1.96037545,
       1.57727624, 2.05741333, 2.25332915, 1.44448273, 2.49584115,
       2.859706  , 1.90646745, 1.646338  , 1.85463176, 1.85232182,
       1.85261485, 2.26576939, 1.80836806, 1.96526358, 2.07350503,
       1.95071642, 1.75492091, 1.86019455, 1.92581442, 2.00721558,
       1.31315048, 3.03416448, 1.37340552, 2.23593533, 2.35867958,
       2.56350048, 2.69804679, 1.54869158, 1.82495618, 2.30954715,
       1.99767242, 1.94084861, 1.90352691, 2.03693661, 1.87827806,
       1.988726  , 2.70066327, 1.82219206, 1.57836248, 1.90227091]), 'locations': array([ 1,  1,  7,  1, 10,  2,  1,  0,  1,  5,  0,  0,  4,  4,  9,  3,  1,
        1,  1,  0, 30,  1,  1,  2,  0,  0,  3,  2,  1,  2,  1,  1,  6,  1,
        0,  4,  1,  1, 26,  3,  2,  0,  0,  0,  2,  3,  1,  0,  1,  1,  1,
       41,  6,  4,  0,  3,  2,  5,  1,  6, 20,  1,  2,  2,  8,  7,  2,  1,
        2,  1,  2,  2,  0,  0,  1,  3,  1,  3,  2,  2,  3,  1,  0,  3,  4,
        2,  4,  7,  2,  2,  1, 40,  4,  2,  1,  1,  2,  7,  0,  3,  1,  0,
        5,  3,  3,  2,  4,  4,  2,  1,  4,  4,  0,  1,  8,  1,  1,  2,  2,
        6,  0,  2,  2,  0,  2,  0,  1,  5,  1,  1,  1,  2,  3,  2,  3,  0,
        1,  1,  1,  1,  5,  3,  1,  6,  0,  3,  0,  9,  1,  1,  1,  1,  2,
        4,  3,  2,  0,  7,  1,  2,  2,  1, 10,  1,  2,  0,  2,  1,  1,  3,
        2,  1,  5,  2,  1,  2,  1,  1,  2,  3,  0,  0,  2,  0,  6,  2, 48,
        2,  1,  0,  6,  1,  3,  8,  2, 10,  0,  2,  2,  2])}, {'ts_index': 135, 'loc': 1, 'gap': 0.7450391114029449, 'distances': array([1.60810036, 1.011548  , 1.47791412, 2.25173927, 1.37542788,
       0.53488267, 0.64725791, 2.489082  , 0.95492612, 0.79206464,
       0.66783018, 1.32778861, 2.65776545, 1.30124445, 0.72819173,
       1.49312882, 1.04433848, 1.02480912, 2.52003164, 0.86502815,
       2.98433827, 0.71197473, 0.878326  , 0.97894348, 1.03962533,
       0.92292491, 0.        , 1.05889045, 1.43510642, 0.39143503,
       0.82708073, 0.73690952, 0.64957518, 0.46690233]), 'delta_distances': array([2.32339248, 1.80019679, 2.47376085, 2.42676758, 1.75803509,
       1.28385036, 1.71040927, 2.67848806, 1.67896739, 1.50103642,
       1.44203097, 1.95352267, 2.68761127, 1.4759957 , 1.52309903,
       1.66805073, 1.96420358, 1.59219109, 3.06453503, 1.43351588,
       2.44122685, 1.44210982, 1.57091145, 1.52896412, 1.43483133,
       1.66951194, 0.        , 1.90241873, 2.24202909, 1.09906697,
       1.85371327, 1.53649079, 1.19235048, 1.12924085]), 'locations': array([10,  2,  3, 12, 38,  0,  2, 34,  0,  1,  2,  0,  0,  9,  1,  0,  0,
        4, 24,  2, 38,  1,  3,  1,  3,  2,  1,  2,  5,  2,  1,  1,  2,  1])}, {'ts_index': 4, 'loc': 20, 'gap': 0.381964039861449, 'distances': array([0.        , 0.62963148, 1.69228303, 1.91487894, 1.52977358,
       1.86964391]), 'delta_distances': array([0.        , 1.16294455, 1.61607345, 1.64283782, 2.29887606,
       1.70402818]), 'locations': array([20,  9, 41, 48, 31, 49])}], 'clusters': array([1, 1, 1, 1, 3, 1, 1, 1, 1, 1, 2, 2, 3, 1, 2, 1, 1, 1, 2, 2, 0, 1,
       1, 1, 2, 2, 1, 1, 2, 1, 1, 1, 1, 1, 2, 1, 1, 1, 0, 1, 1, 2, 1, 1,
       1, 1, 1, 1, 1, 2, 1, 2, 1, 1, 2, 1, 1, 1, 2, 1, 3, 1, 1, 1, 1, 1,
       1, 1, 1, 1, 1, 1, 1, 1, 1, 1, 1, 1, 1, 1, 1, 1, 2, 1, 1, 1, 1, 1,
       1, 1, 1, 0, 1, 1, 1, 1, 1, 1, 2, 1, 1, 2, 1, 1, 1, 1, 1, 1, 1, 1,
       1, 1, 2, 1, 1, 1, 1, 1, 1, 1, 2, 1, 1, 2, 1, 1, 1, 1, 1, 1, 1, 1,
       1, 1, 1, 2, 1, 1, 1, 1, 1, 1, 1, 1, 2, 1, 1, 1, 1, 1, 1, 1, 1, 2,
       1, 1, 2, 1, 1, 1, 1, 1, 1, 1, 1, 2, 1, 1, 1, 1, 1, 1, 1, 1, 1, 1,
       1, 1, 1, 1, 1, 2, 1, 1, 1, 1, 2, 1, 1, 1, 1, 1, 1, 1, 1, 1, 2, 1,
       1, 1]), 'time': 26.74345874786377}
lenSubsequence: 34{'RI': 0.597035175879397, 'num_clusters': 3, 'uShapelets': [{'ts_index': 157, 'loc': 13, 'gap': 0.37946740009292435, 'distances': array([0.68888776, 0.58415485, 0.46064812, 0.61371632, 0.72060515,
       0.45518253, 0.49297753, 0.62996971, 1.31495056, 0.51644035,
       1.51973138, 1.10663947, 1.42379271, 0.51798165, 0.37325938,
       0.47281871, 0.49281706, 0.56586259, 1.42824809, 1.28861103,
       1.80525576, 1.147442  , 0.73799585, 0.60728941, 1.43313632,
       1.09057518, 0.43806474, 0.68187735, 1.16062538, 0.77378744,
       0.94969391, 0.83806103, 0.39264079, 1.50293959, 0.97490779,
       0.36768394, 0.85532676, 0.78962618, 1.90814397, 0.53689403,
       0.59941129, 0.50672324, 1.28409879, 0.57646144, 0.85027535,
       0.89061991, 0.87775109, 0.40319774, 0.47231547, 1.46828068,
       0.66216621, 1.40512821, 0.33965388, 0.64053968, 1.40731915,
       0.61948003, 0.81114009, 0.38580732, 0.66936629, 0.32394018,
       1.576981  , 0.86478465, 0.39515794, 0.49333221, 0.40056715,
       0.28784747, 0.65737347, 0.58561753, 0.68859429, 0.59889318,
       0.70097515, 0.82014618, 1.064975  , 1.31540868, 0.58358941,
       1.29667291, 0.85385103, 0.33062971, 0.44877721, 0.54253368,
       1.03714897, 1.08783509, 1.075597  , 0.53580285, 0.39385885,
       0.55872962, 0.61218935, 0.30340103, 0.44109994, 0.613684  ,
       1.58306768, 1.88159976, 0.42174535, 0.6698985 , 0.41210285,
       1.11279326, 0.97302353, 0.46135259, 1.74296694, 0.63082906,
       0.34219579, 0.82011776, 0.34274326, 0.45322797, 0.71474374,
       0.79701568, 0.45497462, 0.52428135, 0.48279632, 1.46981182,
       0.52435047, 0.30512859, 0.99099991, 0.75283003, 0.25112471,
       1.06814685, 0.75101724, 0.49288503, 0.50556362, 0.71053915,
       0.45244629, 0.68761456, 0.49798774, 1.52644256, 0.78935685,
       0.87837441, 1.09759368, 0.44643265, 0.61758241, 0.95203103,
       0.40247882, 0.637122  , 0.61440012, 0.48996471, 0.62664347,
       1.67812635, 1.07758203, 1.00111659, 0.31959568, 0.47035538,
       0.42393388, 0.20999541, 0.46191197, 0.29399691, 1.14631991,
       0.7382935 , 1.43238106, 0.27265606, 1.07873353, 1.22366447,
       0.73502671, 0.62625047, 0.97564985, 0.41549006, 0.65549921,
       0.65477612, 1.46457653, 0.        , 0.63421294, 0.75596065,
       0.81973906, 1.53070962, 0.47597909, 0.65295506, 0.71742176,
       1.01268453, 0.86637629, 1.12120335, 0.67624965, 0.77983838,
       0.30209176, 1.02270597, 0.20850962, 0.63772474, 0.61323741,
       0.48107235, 0.47395726, 0.76732324, 0.94743176, 0.34890329,
       0.74380209, 1.11000721, 0.54328632, 0.53655165, 0.44831306,
       0.438473  , 1.3954915 , 0.65378753, 1.08740226, 0.90478071,
       0.43533044, 0.49082   , 0.51532618, 0.40046591, 0.35621982,
       0.3276475 , 1.68826935, 0.40198744, 0.25421544, 0.50815832]), 'delta_distances': array([1.455381  , 1.25924335, 1.10016829, 1.19773553, 1.32972565,
       1.09549288, 1.21461765, 1.20762659, 1.97534982, 1.39639053,
       1.50914924, 1.98963924, 2.13340859, 1.09800829, 0.74930706,
       1.00809606, 0.99521159, 1.07135724, 2.00790682, 1.72863424,
       1.51773124, 1.96548188, 1.38899412, 1.24609335, 1.80060647,
       1.84614382, 1.02276312, 1.22875794, 1.36080253, 1.51587035,
       1.89896741, 1.55083047, 1.17522924, 1.32908853, 1.71673829,
       0.90643235, 1.86633865, 1.33579065, 1.62740541, 1.24831724,
       1.09456841, 1.15201906, 1.86954094, 1.07453665, 1.51029241,
       1.74259394, 1.42710047, 0.89036818, 0.97097124, 1.28042671,
       1.31152347, 1.50435482, 0.81428671, 1.47992994, 2.04992529,
       1.32362971, 1.34079818, 0.93713812, 1.11474053, 1.05136312,
       1.59711047, 1.81967382, 1.08847229, 1.16484124, 1.08806688,
       0.82745476, 1.31127635, 1.215936  , 1.245128  , 1.10547429,
       1.30166029, 1.62218859, 1.71657947, 1.37528912, 1.18945706,
       1.83160053, 1.44102171, 0.89163953, 1.03835535, 1.19261924,
       1.763066  , 1.74715165, 1.87018459, 1.30372212, 1.10817865,
       1.08684329, 1.46886853, 0.822256  , 0.93277188, 1.27185824,
       1.56392688, 1.79006941, 0.944686  , 1.22979224, 0.93576224,
       1.68300065, 1.45051494, 0.97408806, 1.59792218, 1.33731141,
       0.766585  , 1.26334753, 0.805497  , 0.87994794, 1.43414447,
       1.345077  , 1.01843888, 1.21042712, 0.92618806, 1.82426994,
       1.04931624, 0.692596  , 1.278216  , 1.12996141, 0.70261459,
       1.71699018, 1.249959  , 1.036433  , 1.04785147, 1.18438365,
       1.07845765, 1.35924735, 1.09071235, 1.53908971, 1.47354276,
       1.44310647, 1.46097218, 0.85891276, 0.96835247, 1.23653482,
       0.97022106, 1.06517388, 1.12126282, 0.89958941, 1.23076188,
       1.56530571, 1.27243588, 1.49467047, 0.82180582, 0.98081359,
       1.12020941, 0.61638794, 0.990649  , 0.79917376, 1.68678535,
       1.18671224, 1.50490129, 0.70995153, 1.38988165, 1.34178682,
       1.30219971, 1.19534147, 1.38396159, 0.75763153, 0.99387729,
       1.16594429, 1.47968165, 0.        , 1.24488671, 1.40816976,
       1.33571212, 1.51593724, 1.11167747, 1.27075712, 1.27784929,
       1.49310635, 1.35387188, 1.60923812, 1.18561571, 1.38925341,
       0.78434512, 1.537752  , 0.58841082, 1.36951894, 1.27628106,
       0.93927712, 0.95825429, 1.34665212, 1.20708735, 0.87860247,
       1.26546141, 1.79941912, 0.99498606, 1.10316941, 1.01953735,
       1.15495176, 1.31727706, 1.34670241, 1.27966359, 1.45024371,
       1.02108959, 1.06491435, 0.99643224, 0.83549629, 0.92732029,
       0.79771118, 1.86785194, 0.96291518, 0.62979047, 0.97511524]), 'locations': array([ 4,  3, 10,  4, 10,  4,  6,  4,  5, 11, 61,  0,  4, 11, 33,  9,  4,
        4,  1,  1, 42,  4,  4,  4,  0,  0,  6,  4, 59,  4,  2,  4, 14, 61,
        0,  9,  4,  4, 37, 11,  4,  1,  0,  5,  5,  4,  7,  5,  4, 55,  4,
       56, 11, 13,  0,  7,  6, 11,  1, 14, 30,  4,  4,  8, 15, 11,  5,  3,
        5,  3,  5,  5,  4, 61,  7, 12,  3,  8,  4,  5,  6, 10,  0,  4, 15,
        6,  7, 10,  6,  3,  1, 42, 19,  7,  6,  4,  4, 10, 59, 11,  8,  1,
        9,  6,  4,  5,  7,  7,  4,  4,  6,  8,  0,  5, 15,  6,  5,  6,  6,
       11,  0,  4,  5, 58,  5,  0,  3, 12,  0,  3,  3,  5,  4,  5,  5, 56,
        0,  5,  7,  6,  9, 15,  4, 10,  0,  5, 58, 12,  4,  3,  4,  5,  4,
        0,  4,  5, 55, 13,  4,  4,  6, 60, 18,  5,  3,  0,  6,  3,  5,  5,
        6,  4,  7,  4,  4,  4,  4,  4,  5,  5,  3,  0,  5,  5, 17, 13, 52,
        4,  4,  2, 11,  6,  5,  4,  5, 14,  0,  6,  4,  4])}, {'ts_index': 149, 'loc': 6, 'gap': 0.6474001432152189, 'distances': array([0.50722524, 0.69227762, 1.17237385, 0.51188076, 0.29708935,
       2.01444215, 0.44805624, 0.69528494, 0.53277244, 0.51382359,
       1.98112579, 0.57780765, 0.47832524, 1.22898491, 0.40813565,
       1.70160612, 0.7407655 , 0.37500668, 0.35520374, 1.80392765,
       0.49590735, 0.90891556, 0.43365179, 0.6969615 , 0.50760356,
       0.48853194, 0.68096979, 0.        , 0.3090855 , 0.38770259,
       0.42935765, 0.28573071, 0.64648456, 0.41126947]), 'delta_distances': array([1.14582194, 1.20306929, 1.81992465, 0.97095818, 1.02971018,
       1.67067141, 1.11417429, 1.46767276, 1.01017206, 1.26660412,
       2.69065059, 1.16675729, 1.23323788, 1.89369647, 0.99764071,
       1.910236  , 1.18217394, 0.97208794, 0.99316353, 1.95900471,
       1.21112906, 1.73867382, 1.05628765, 1.33561735, 0.99395276,
       0.918433  , 1.27092435, 0.        , 0.81749565, 0.92124106,
       1.14105441, 0.93057276, 1.42853529, 1.01178371]), 'locations': array([ 9,  4, 12,  3,  5, 41,  9,  5,  5,  7,  0,  5,  4,  1,  2, 30, 11,
       12, 10,  0, 12,  8, 11,  4,  3,  7,  7,  6,  4,  6, 10,  2,  5,  5])}, {'ts_index': 20, 'loc': 2, 'gap': 0.24741742159567037, 'distances': array([1.79516444, 0.        , 0.87542126, 0.71577556, 0.91897706,
       1.24508676]), 'delta_distances': array([2.061761  , 0.        , 1.57371271, 1.31976018, 1.74415718,
       1.61328829]), 'locations': array([16,  2,  1,  3,  2,  1])}], 'clusters': array([1, 1, 1, 1, 1, 1, 1, 1, 2, 1, 2, 1, 0, 1, 1, 1, 1, 1, 2, 2, 3, 2,
       1, 1, 2, 1, 1, 1, 2, 1, 1, 1, 1, 2, 1, 1, 1, 1, 3, 1, 1, 1, 2, 1,
       1, 1, 1, 1, 1, 2, 1, 3, 1, 1, 2, 1, 1, 1, 1, 1, 3, 1, 1, 1, 1, 1,
       1, 1, 1, 1, 1, 1, 1, 2, 1, 2, 1, 1, 1, 1, 1, 1, 1, 1, 1, 1, 1, 1,
       1, 1, 2, 0, 1, 1, 1, 2, 1, 1, 2, 1, 1, 1, 1, 1, 1, 1, 1, 1, 1, 2,
       1, 1, 1, 1, 1, 1, 1, 1, 1, 1, 1, 1, 1, 2, 1, 1, 1, 1, 1, 1, 1, 1,
       1, 1, 1, 2, 1, 1, 1, 1, 1, 1, 1, 1, 2, 1, 2, 1, 1, 2, 1, 1, 1, 1,
       1, 1, 2, 1, 1, 1, 1, 2, 1, 1, 1, 1, 1, 2, 1, 1, 1, 1, 1, 1, 1, 1,
       1, 1, 1, 1, 1, 2, 1, 1, 1, 1, 2, 1, 1, 1, 1, 1, 1, 1, 1, 1, 2, 1,
       1, 1]), 'time': 26.152879238128662}
