lenSubsequence: 7{'RI': 0.6933165829145729, 'num_clusters': 12, 'uShapelets': [{'ts_index': 12, 'loc': 158, 'gap': 0.020546049893072932, 'distances': array([0.2123294 , 0.19303508, 0.20623862, 0.17422668, 0.21549489,
       0.17531812, 0.1723375 , 0.18182408, 0.1592204 , 0.18050321,
       0.18168348, 0.12957676, 0.        , 0.22328829, 0.21465739,
       0.11856122, 0.1481507 , 0.13016345, 0.13539213, 0.12858308,
       0.21029126, 0.19651068, 0.19404993, 0.18221127, 0.21461421,
       0.19794599, 0.18878504, 0.1546375 , 0.15686195, 0.11951336,
       0.16100614, 0.19078129, 0.19147104, 0.21073379, 0.17344926,
       0.15099434, 0.08899503, 0.16277572, 0.21412993, 0.19639678,
       0.16428521, 0.23255346, 0.19448429, 0.12744342, 0.11783105,
       0.15297797, 0.18052116, 0.18053863, 0.20121844, 0.11987886,
       0.20698015, 0.19678401, 0.19565347, 0.18394641, 0.20522339,
       0.18875999, 0.16777638, 0.16947982, 0.21983703, 0.19265481,
       0.17986991, 0.18989628, 0.13316044, 0.15682617, 0.11275435,
       0.15600624, 0.22327388, 0.18584549, 0.19382657, 0.20860883,
       0.14353702, 0.16827453, 0.19851966, 0.14905587, 0.18182789,
       0.22041026, 0.20239697, 0.19968281, 0.20563057, 0.21775915,
       0.20882426, 0.13895614, 0.1433315 , 0.21371593, 0.20821639,
       0.14093192, 0.18458301, 0.19778697, 0.18868766, 0.17720869,
       0.17987945, 0.22573258, 0.18299318, 0.20667493, 0.18496992,
       0.16928292, 0.17123568, 0.17898051, 0.20980395, 0.20698456,
       0.15593339, 0.19336832, 0.19747999, 0.19527249, 0.20733727,
       0.17241962, 0.20557707, 0.12944938, 0.16311484, 0.17879978,
       0.13487215, 0.17692347, 0.11499993, 0.21503686, 0.19504331,
       0.21957508, 0.18439321, 0.21431294, 0.18491827, 0.17841283,
       0.19086279, 0.1420134 , 0.18292114, 0.17841841, 0.19200423,
       0.20943165, 0.19526633, 0.16955775, 0.15498229, 0.21341319,
       0.18657778, 0.10800403, 0.14391806, 0.15034323, 0.19992158,
       0.1324019 , 0.21592315, 0.19429218, 0.21333388, 0.20271633,
       0.19694691, 0.16821272, 0.19646959, 0.189519  , 0.2203986 ,
       0.20940904, 0.21346175, 0.21123345, 0.18288477, 0.18865723,
       0.15150626, 0.21327013, 0.20208335, 0.09079431, 0.17682737,
       0.20024118, 0.20943201, 0.20244918, 0.14673553, 0.1686672 ,
       0.13331814, 0.21510181, 0.21000891, 0.19784001, 0.21310236,
       0.18544199, 0.08782199, 0.09139715, 0.2001455 , 0.17673462,
       0.16328811, 0.18129793, 0.21200469, 0.22576727, 0.18913147,
       0.17506604, 0.15586892, 0.18754084, 0.15072329, 0.21310636,
       0.2130365 , 0.14037031, 0.1645264 , 0.18836611, 0.20137973,
       0.15228207, 0.15771567, 0.20586042, 0.20219991, 0.19819329,
       0.1902336 , 0.21308543, 0.19941982, 0.12403826, 0.17780108,
       0.19150522, 0.1493021 , 0.21128154, 0.17227969, 0.21297464]), 'delta_distances': array([0., 0., 0., 0., 0., 0., 0., 0., 0., 0., 0., 0., 0., 0., 0., 0., 0.,
       0., 0., 0., 0., 0., 0., 0., 0., 0., 0., 0., 0., 0., 0., 0., 0., 0.,
       0., 0., 0., 0., 0., 0., 0., 0., 0., 0., 0., 0., 0., 0., 0., 0., 0.,
       0., 0., 0., 0., 0., 0., 0., 0., 0., 0., 0., 0., 0., 0., 0., 0., 0.,
       0., 0., 0., 0., 0., 0., 0., 0., 0., 0., 0., 0., 0., 0., 0., 0., 0.,
       0., 0., 0., 0., 0., 0., 0., 0., 0., 0., 0., 0., 0., 0., 0., 0., 0.,
       0., 0., 0., 0., 0., 0., 0., 0., 0., 0., 0., 0., 0., 0., 0., 0., 0.,
       0., 0., 0., 0., 0., 0., 0., 0., 0., 0., 0., 0., 0., 0., 0., 0., 0.,
       0., 0., 0., 0., 0., 0., 0., 0., 0., 0., 0., 0., 0., 0., 0., 0., 0.,
       0., 0., 0., 0., 0., 0., 0., 0., 0., 0., 0., 0., 0., 0., 0., 0., 0.,
       0., 0., 0., 0., 0., 0., 0., 0., 0., 0., 0., 0., 0., 0., 0., 0., 0.,
       0., 0., 0., 0., 0., 0., 0., 0., 0., 0., 0., 0., 0.]), 'locations': array([155, 161, 117,  70, 209, 163, 175, 158, 227, 139,  36, 220, 158,
       249, 236,  89, 264, 219,  15, 245, 267,  72, 208,  98, 230,  66,
       237, 251, 120,  35, 103, 108,  72,  44,  20, 142,  50, 145,  22,
        31,  14,  71,   8,  57, 121, 111, 207, 172, 161,  67,  61, 243,
        35,  91, 146, 145, 228, 167, 156,  96,  21, 181,  46,  63, 235,
        88, 113, 130, 207,   6, 245, 207, 140, 164,  98, 220, 136,  70,
       219,  90, 125,  42, 126,  97,  27, 248, 249, 236, 143, 105, 249,
       148, 153,  23, 201,  35, 198, 204, 125, 114,  90,  14, 181,  81,
       243, 206, 248, 135, 190, 127, 189,  73, 208, 255, 189,  33,  60,
        75, 152,  77, 159, 156, 145, 173, 242,  61, 156, 193, 166,  94,
         5, 246, 121, 209, 102, 115, 226, 235, 130,  97, 267,  18,  90,
        35, 205,  15, 154, 241,  98, 118, 232,  42,  51, 235, 148,  15,
        59,  30,   1,  70,  49,  33, 108,  55,  16,  24, 267, 251,  56,
       145, 122, 223, 114, 233, 149,  28,  12, 100, 116,  14,  36,  28,
       157, 203, 258, 166,   3,  13, 131,  94, 139, 257, 192, 168,  53,
       181, 183,  14, 188, 127])}, {'ts_index': 198, 'loc': 164, 'gap': 0.032661862620815954, 'distances': array([0.12869961, 0.05873401, 0.16275076, 0.11649026, 0.14985822,
       0.1255754 , 0.13994069, 0.09634883, 0.1573168 , 0.15965108,
       0.17461484, 0.15597574, 0.1821209 , 0.16800515, 0.05574076,
       0.09541832, 0.10557932, 0.18940957, 0.14623431, 0.02627486,
       0.0873342 , 0.15618532, 0.17826952, 0.10033997, 0.07243259,
       0.13316867, 0.12497336, 0.12215278, 0.15753338, 0.01912539,
       0.14215719, 0.19720325, 0.13698094, 0.15941108, 0.09055538,
       0.16241336, 0.04362502, 0.17190713, 0.14695059, 0.13016716,
       0.10329617, 0.17222911, 0.1729449 , 0.05026422, 0.05224885,
       0.16006609, 0.01874091, 0.10748499, 0.16127783, 0.15350771,
       0.188186  , 0.20611945, 0.11673048, 0.13252949, 0.18350196,
       0.16919948, 0.05961454, 0.21110533, 0.16465251, 0.05806364,
       0.13203995, 0.12980938, 0.03045421, 0.07571497, 0.1410313 ,
       0.15016933, 0.07573803, 0.09794514, 0.17136176, 0.18840935,
       0.12871693, 0.07419258, 0.18550902, 0.1078134 , 0.14604857,
       0.10692476, 0.09280698, 0.18664525, 0.08849923, 0.18277345,
       0.10867281, 0.12488959, 0.17868572, 0.1529225 , 0.09475638,
       0.16218197, 0.20058026, 0.15570251, 0.11517508, 0.15708113,
       0.15426078, 0.10754797, 0.11962272, 0.11569591, 0.03388821,
       0.17366905, 0.11398432, 0.09489697, 0.17736847, 0.13814186,
       0.11564886, 0.11541234, 0.22050684, 0.14237129, 0.14767222,
       0.09493175, 0.1227706 , 0.07619055, 0.15974808, 0.0833776 ,
       0.08402022, 0.15613156, 0.19613768, 0.13670726, 0.14082659,
       0.12253015, 0.14760187, 0.11472477, 0.14044416, 0.08725358,
       0.15873348, 0.14252083, 0.07268762, 0.14282863, 0.05376481,
       0.09850176, 0.15917534, 0.13665287, 0.14465235, 0.08942828,
       0.07373494, 0.13025808, 0.10174659, 0.16108236, 0.13871516,
       0.16879938, 0.05503568, 0.16128809, 0.14096911, 0.17464809,
       0.15642038, 0.13750209, 0.15341571, 0.1260604 , 0.14259102,
       0.12490396, 0.15080942, 0.13588764, 0.13139311, 0.13001057,
       0.13793056, 0.1624637 , 0.13684237, 0.11048652, 0.10917837,
       0.15039719, 0.07865757, 0.17490497, 0.17717947, 0.15830926,
       0.10602848, 0.13911531, 0.14407045, 0.        , 0.1367002 ]), 'delta_distances': array([0., 0., 0., 0., 0., 0., 0., 0., 0., 0., 0., 0., 0., 0., 0., 0., 0.,
       0., 0., 0., 0., 0., 0., 0., 0., 0., 0., 0., 0., 0., 0., 0., 0., 0.,
       0., 0., 0., 0., 0., 0., 0., 0., 0., 0., 0., 0., 0., 0., 0., 0., 0.,
       0., 0., 0., 0., 0., 0., 0., 0., 0., 0., 0., 0., 0., 0., 0., 0., 0.,
       0., 0., 0., 0., 0., 0., 0., 0., 0., 0., 0., 0., 0., 0., 0., 0., 0.,
       0., 0., 0., 0., 0., 0., 0., 0., 0., 0., 0., 0., 0., 0., 0., 0., 0.,
       0., 0., 0., 0., 0., 0., 0., 0., 0., 0., 0., 0., 0., 0., 0., 0., 0.,
       0., 0., 0., 0., 0., 0., 0., 0., 0., 0., 0., 0., 0., 0., 0., 0., 0.,
       0., 0., 0., 0., 0., 0., 0., 0., 0., 0., 0., 0., 0., 0., 0., 0., 0.,
       0., 0., 0., 0., 0., 0., 0., 0., 0., 0., 0., 0.]), 'locations': array([254, 208, 189,  81,  89, 100,  82, 237, 247, 175,  12, 108, 107,
       193, 101, 227, 207, 133, 138, 125, 179, 250,  97, 158, 136, 238,
        86,  83, 121, 266, 124, 237, 230,  95, 122,  94,  39, 257, 114,
       208,  15, 213, 110, 241,  89,  47, 263, 229,  94, 237,  38, 259,
        24, 122,   2, 142,  13, 260,  68,  46,  43,  35, 197, 246, 168,
        41, 190, 218,  44,  28, 235,  55, 226,  46,  17, 130,   9, 160,
       143, 161,  37,  96, 116, 178,  69,   2,  22,  56, 154,  89, 264,
       102, 237, 155,  83, 122,  12, 158, 264, 252, 114, 164,  51, 101,
       118,  32, 142, 242, 195, 208,   6, 186,  66,  13,  24,  81, 129,
       165,  99,  89,  35, 117, 251,  73, 183,  19, 117,  40,   1,  99,
        14,  68,   2, 199,  65,  27, 123,  23, 127, 261, 220, 164, 156,
       242, 226,  59, 196, 100, 162, 186,  24,  90, 226,  20,  42,  68,
       116,  69, 235, 118, 205, 160,  96, 164,  99])}, {'ts_index': 93, 'loc': 55, 'gap': 0.02160282542585612, 'distances': array([0.19304441, 0.07312356, 0.14224666, 0.16916461, 0.1736829 ,
       0.13448425, 0.17016799, 0.20821004, 0.1780143 , 0.20097737,
       0.21590142, 0.17933334, 0.1854308 , 0.20879442, 0.19672653,
       0.18943464, 0.12547998, 0.21152309, 0.14533809, 0.16960292,
       0.16306359, 0.14677792, 0.17297867, 0.17804547, 0.21538822,
       0.20245185, 0.06457686, 0.1982037 , 0.21878958, 0.15729757,
       0.20305299, 0.15033513, 0.20139138, 0.20566416, 0.1978492 ,
       0.18825481, 0.19973106, 0.19250196, 0.15337415, 0.2208385 ,
       0.20043622, 0.20752567, 0.08840318, 0.19876987, 0.21564044,
       0.15698691, 0.18879023, 0.20390325, 0.20697529, 0.2196597 ,
       0.21795635, 0.21195694, 0.20879336, 0.21021221, 0.18805991,
       0.15917079, 0.19958603, 0.2188769 , 0.        , 0.17527529,
       0.16186752, 0.20423916, 0.16447607, 0.19972104, 0.20208461,
       0.18725698, 0.17346183, 0.19273691, 0.15041237, 0.20192782,
       0.17380181, 0.20165655, 0.19042638, 0.20204262, 0.21835891,
       0.17492826, 0.20176543, 0.19878914, 0.21315764, 0.21055399,
       0.0828175 , 0.21481005, 0.18148264, 0.17769088, 0.18844408,
       0.17369854, 0.216269  , 0.19760771, 0.20248875, 0.11601648,
       0.17565018, 0.22236122, 0.17650952, 0.19867965, 0.17810091,
       0.21569208, 0.12384095, 0.17137956, 0.17880774, 0.19817892,
       0.20616222, 0.16120575, 0.20968916, 0.19293114, 0.20499969,
       0.18876823, 0.14450888, 0.22662692, 0.21701362, 0.16785937,
       0.11252214, 0.20901682, 0.14817617, 0.22654636, 0.22198377,
       0.12014731, 0.19149012, 0.18543016, 0.18483743, 0.18071194,
       0.18464798, 0.10051248, 0.22087137, 0.18091158, 0.20499645,
       0.20958545, 0.20566454, 0.19134081, 0.19332082, 0.18997615,
       0.20367945, 0.21594846, 0.18955719, 0.17180672, 0.07404867,
       0.19292242]), 'delta_distances': array([0., 0., 0., 0., 0., 0., 0., 0., 0., 0., 0., 0., 0., 0., 0., 0., 0.,
       0., 0., 0., 0., 0., 0., 0., 0., 0., 0., 0., 0., 0., 0., 0., 0., 0.,
       0., 0., 0., 0., 0., 0., 0., 0., 0., 0., 0., 0., 0., 0., 0., 0., 0.,
       0., 0., 0., 0., 0., 0., 0., 0., 0., 0., 0., 0., 0., 0., 0., 0., 0.,
       0., 0., 0., 0., 0., 0., 0., 0., 0., 0., 0., 0., 0., 0., 0., 0., 0.,
       0., 0., 0., 0., 0., 0., 0., 0., 0., 0., 0., 0., 0., 0., 0., 0., 0.,
       0., 0., 0., 0., 0., 0., 0., 0., 0., 0., 0., 0., 0., 0., 0., 0., 0.,
       0., 0., 0., 0., 0., 0., 0., 0., 0., 0., 0., 0., 0., 0., 0., 0., 0.]), 'locations': array([120, 190,  70, 105, 135, 197,  37, 227,  71,  70, 158,  98, 119,
        57,  94, 163,  77, 141, 118, 108, 146,  58,  76, 202,  21,  43,
        80, 108,  53, 171, 228, 211,  70, 105, 141, 104, 117, 217,  53,
        26, 219, 219,  97, 187, 221, 256, 124, 180, 230, 176,  85, 176,
        79, 236,  53,  18, 247, 213,  55, 201, 113, 208,  37,  79, 211,
       147, 154,  24, 102, 121, 166, 145, 228,  49, 240, 254, 220, 152,
        76, 193, 186,  92,  56, 245, 173, 156,  52, 156,  38, 265, 178,
        74, 192, 237,  92, 212, 177, 246,  85, 192, 193, 197, 243, 122,
       236, 144,  67,  11, 161,  72, 137,  10, 265, 123, 230, 262, 212,
       155,  67,   9, 259, 199, 217,  17,  76,  17, 233,  58,  32, 197,
       245,  14, 110, 213,  92,  52])}, {'ts_index': 88, 'loc': 135, 'gap': 0.019590855844296706, 'distances': array([0.27466931, 0.22923201, 0.3045648 , 0.26070116, 0.31095656,
       0.25319889, 0.31129918, 0.32341988, 0.31043398, 0.30838126,
       0.27307665, 0.28512899, 0.30139511, 0.21770682, 0.2458447 ,
       0.29115695, 0.3239723 , 0.29985002, 0.33071863, 0.33022736,
       0.28617107, 0.2376585 , 0.26480172, 0.31166424, 0.31559524,
       0.26499187, 0.30365043, 0.19090927, 0.29356022, 0.31871933,
       0.28843995, 0.31928458, 0.32125595, 0.32476554, 0.29114705,
       0.31986831, 0.30650232, 0.32595067, 0.31319394, 0.3134329 ,
       0.3026207 , 0.24847814, 0.        , 0.29147283, 0.28962999,
       0.31340783, 0.30782795, 0.20314423, 0.25381206, 0.32341929,
       0.32034559, 0.23783329, 0.32311759, 0.27840475, 0.32639955,
       0.32849066, 0.32765549, 0.25783244, 0.3342014 , 0.31122402,
       0.26895895, 0.20918659, 0.31660158, 0.23359146, 0.23661124,
       0.31772879, 0.27842103, 0.27834693, 0.29125097, 0.17557154,
       0.32107568, 0.29347308, 0.334316  , 0.22423381, 0.32418281,
       0.32793034, 0.32333401, 0.2835937 , 0.31049593, 0.24767646,
       0.29896563, 0.32339399, 0.34041006, 0.16167723, 0.33215773,
       0.28674976, 0.32048096, 0.31961781, 0.3020639 , 0.32576692,
       0.3061688 , 0.28921356, 0.19644385, 0.28982283, 0.32287917,
       0.3188063 , 0.31508892, 0.30793064, 0.32475896, 0.30203756,
       0.29172824, 0.22967505, 0.23947493, 0.25779234, 0.32049567,
       0.33326774, 0.33199104, 0.31131418, 0.32977122, 0.27340075,
       0.32336199, 0.24865641]), 'delta_distances': array([0., 0., 0., 0., 0., 0., 0., 0., 0., 0., 0., 0., 0., 0., 0., 0., 0.,
       0., 0., 0., 0., 0., 0., 0., 0., 0., 0., 0., 0., 0., 0., 0., 0., 0.,
       0., 0., 0., 0., 0., 0., 0., 0., 0., 0., 0., 0., 0., 0., 0., 0., 0.,
       0., 0., 0., 0., 0., 0., 0., 0., 0., 0., 0., 0., 0., 0., 0., 0., 0.,
       0., 0., 0., 0., 0., 0., 0., 0., 0., 0., 0., 0., 0., 0., 0., 0., 0.,
       0., 0., 0., 0., 0., 0., 0., 0., 0., 0., 0., 0., 0., 0., 0., 0., 0.,
       0., 0., 0., 0., 0., 0., 0., 0., 0., 0.]), 'locations': array([ 26, 213,  79, 200, 156,  75,  43,  53,  70,  74, 232, 172, 157,
       142, 194, 155, 101,   2, 225, 243, 247, 251, 200,  52, 213, 181,
        66, 240,  82, 251, 142,  58, 187,  52, 128,  45, 184,  80, 175,
        71,  79, 192, 135,  56, 130,  25, 125,  52,  38,  96,  84, 252,
         6, 199,  51,  99, 110, 239, 204, 240, 222,  35,  69,  45, 185,
       216, 205,  22, 154, 260,  97,  45, 196, 184,  41,  93,  97,  79,
        82, 254, 263, 249,  12,  98,  87, 201,  74, 113, 142, 230, 169,
         5, 233,  40, 256,  61,   0, 148, 105,  99,  35, 157, 209, 142,
       170, 198,  15,  28, 104, 162,  11, 146])}, {'ts_index': 123, 'loc': 148, 'gap': 0.019653208202819752, 'distances': array([0.14264349, 0.14575487, 0.13830439, 0.17948404, 0.16298812,
       0.12166005, 0.16285453, 0.16957024, 0.16996992, 0.11946205,
       0.16401235, 0.17288111, 0.15689697, 0.13937379, 0.14280847,
       0.16033386, 0.15126266, 0.14565145, 0.1310038 , 0.17069505,
       0.18356862, 0.15638672, 0.12612988, 0.1427034 , 0.16959087,
       0.17476836, 0.14807251, 0.18958961, 0.07127061, 0.16095918,
       0.17128913, 0.15589119, 0.10757279, 0.14579229, 0.17395134,
       0.12705669, 0.17777213, 0.15835327, 0.14552524, 0.11907869,
       0.17978273, 0.18139505, 0.17282315, 0.14697295, 0.09336103,
       0.15868372, 0.15925181, 0.15524806, 0.17053214, 0.16175304,
       0.15370239, 0.15204945, 0.08893883, 0.15402947, 0.        ,
       0.1127206 , 0.17575561, 0.08676041, 0.17468536, 0.17516841,
       0.15145995, 0.1666246 , 0.17592143, 0.14404801, 0.17890501,
       0.09961149, 0.17927778, 0.08257367, 0.11278523, 0.16602873,
       0.14579874, 0.17398418, 0.16712437, 0.13595317, 0.12678443,
       0.09844234, 0.13434377, 0.15696496, 0.20020906, 0.19703885,
       0.10173811, 0.14497764, 0.16477243, 0.17968045, 0.16161252,
       0.19492913, 0.15379865, 0.13734278, 0.0959838 , 0.1572829 ,
       0.13602816, 0.1629666 ]), 'delta_distances': array([0., 0., 0., 0., 0., 0., 0., 0., 0., 0., 0., 0., 0., 0., 0., 0., 0.,
       0., 0., 0., 0., 0., 0., 0., 0., 0., 0., 0., 0., 0., 0., 0., 0., 0.,
       0., 0., 0., 0., 0., 0., 0., 0., 0., 0., 0., 0., 0., 0., 0., 0., 0.,
       0., 0., 0., 0., 0., 0., 0., 0., 0., 0., 0., 0., 0., 0., 0., 0., 0.,
       0., 0., 0., 0., 0., 0., 0., 0., 0., 0., 0., 0., 0., 0., 0., 0., 0.,
       0., 0., 0., 0., 0., 0., 0.]), 'locations': array([195,  26, 248, 164, 128, 203, 221, 192,  59,  12,  82, 190, 223,
       245, 125, 240, 266, 130,  18, 259, 172, 129, 177,  59, 162, 171,
       118, 222, 228, 166, 102, 247, 267, 106,  47, 253, 185, 185, 250,
        72, 165, 132, 214, 190, 155,  67,  75, 208, 215,   9, 239, 132,
       260, 167, 148, 239, 226, 181,  30, 116, 244, 141,  50,  84, 135,
       215,   5, 106,  98, 123, 102, 104,   8,  68,  55, 234, 228, 151,
       211, 192,  29, 139,  43, 123,  44, 220, 148, 262, 131,   7, 201,
       112])}, {'ts_index': 14, 'loc': 65, 'gap': 0.017517364657478773, 'distances': array([0.24327098, 0.31759378, 0.33644636, 0.33469415, 0.33265416,
       0.33618943, 0.        , 0.30804266, 0.27551934, 0.33962158,
       0.34192588, 0.25511374, 0.23772282, 0.33168622, 0.33391684,
       0.31654956, 0.32804203, 0.34008637, 0.22833836, 0.32302327,
       0.15386332, 0.34762181, 0.33263361, 0.34360912, 0.29728343,
       0.27787935, 0.3205126 , 0.3270726 , 0.30799024, 0.30715069,
       0.33893635, 0.34867818, 0.31343468, 0.28710389, 0.27300094,
       0.312937  , 0.25929745, 0.34997428, 0.20906028, 0.32691548,
       0.32856058, 0.19874665, 0.29293973, 0.30526445, 0.33797042,
       0.30679993, 0.35008194, 0.3256628 , 0.17245574, 0.25204146,
       0.27848405, 0.34408125, 0.33377799, 0.30829676, 0.32954755,
       0.34791665, 0.32710855, 0.30560704, 0.26953317, 0.32306319,
       0.34609163, 0.32711748, 0.26197632, 0.26888124, 0.33944567,
       0.33746698, 0.29636214, 0.329323  , 0.33935965, 0.28728354,
       0.2731974 , 0.34708955, 0.33137807, 0.33476966, 0.34473481]), 'delta_distances': array([0., 0., 0., 0., 0., 0., 0., 0., 0., 0., 0., 0., 0., 0., 0., 0., 0.,
       0., 0., 0., 0., 0., 0., 0., 0., 0., 0., 0., 0., 0., 0., 0., 0., 0.,
       0., 0., 0., 0., 0., 0., 0., 0., 0., 0., 0., 0., 0., 0., 0., 0., 0.,
       0., 0., 0., 0., 0., 0., 0., 0., 0., 0., 0., 0., 0., 0., 0., 0., 0.,
       0., 0., 0., 0., 0., 0., 0.]), 'locations': array([ 42, 180, 160, 103,  16, 247,  65, 175, 115, 105,  39, 100, 246,
       182, 196, 242, 148,  21, 224, 189,  52, 218, 196, 245, 158, 235,
       231,   7,  68, 226,  60, 233,  58, 170,   6,  93, 172, 200,  45,
         5, 134, 170, 249,  87, 109, 153, 211, 188, 206, 263,  57, 261,
       229, 264, 121, 201, 142, 113, 189, 145, 199, 237, 233, 228,  12,
        67,  46,  22,  96, 218, 227,  39,  80, 168,  98])}, {'ts_index': 177, 'loc': 198, 'gap': 0.020333863646834566, 'distances': array([0.19190679, 0.12730562, 0.19243155, 0.15973532, 0.18121469,
       0.07562078, 0.16390475, 0.19444429, 0.151888  , 0.15450897,
       0.19487694, 0.15174862, 0.19079853, 0.19418184, 0.17010377,
       0.17520728, 0.18200487, 0.1605063 , 0.17146531, 0.18029439,
       0.15374719, 0.17662881, 0.18928763, 0.18943998, 0.08436771,
       0.19876961, 0.12397666, 0.17682863, 0.14826464, 0.17702431,
       0.1432293 , 0.13490278, 0.06195597, 0.18535386, 0.2062242 ,
       0.20142582, 0.17192984, 0.15043818, 0.14308078, 0.17882904,
       0.13307475, 0.12250981, 0.16155142, 0.14000493, 0.17056481,
       0.18503152, 0.05360675, 0.13616528, 0.18133711, 0.11362559,
       0.        , 0.12939203, 0.19266856, 0.14058225, 0.10245881,
       0.21234871, 0.16572775, 0.1703963 , 0.17712327, 0.16879005,
       0.15972724]), 'delta_distances': array([0., 0., 0., 0., 0., 0., 0., 0., 0., 0., 0., 0., 0., 0., 0., 0., 0.,
       0., 0., 0., 0., 0., 0., 0., 0., 0., 0., 0., 0., 0., 0., 0., 0., 0.,
       0., 0., 0., 0., 0., 0., 0., 0., 0., 0., 0., 0., 0., 0., 0., 0., 0.,
       0., 0., 0., 0., 0., 0., 0., 0., 0., 0.]), 'locations': array([215, 183, 244,   9, 250, 108,  49, 125, 243, 115,  96,  36,  44,
       160, 234,  35, 198,  79, 114, 109, 216, 206, 138, 129, 229, 201,
        44, 133,  96,   8,  68, 165, 127, 203, 196,  91, 239, 233, 175,
        13, 166,  59, 226, 265,  28, 200, 259, 110, 218,  78, 198,  25,
       205, 201, 182,  63, 250, 108,  67, 117, 102])}, {'ts_index': 65, 'loc': 171, 'gap': 0.017347993474984558, 'distances': array([0.16148118, 0.16050414, 0.12513015, 0.14451524, 0.11671809,
       0.16413679, 0.09643461, 0.11749998, 0.1692795 , 0.13221564,
       0.18761192, 0.12938642, 0.09649005, 0.1303758 , 0.18505893,
       0.        , 0.14984442, 0.09318167, 0.13233923, 0.17034315,
       0.14436348, 0.1195394 , 0.09316696, 0.13770329, 0.09462063,
       0.15933994, 0.14600588, 0.09935916, 0.18142039, 0.14708921,
       0.1269716 , 0.16885205, 0.1432443 , 0.17331087, 0.10364333,
       0.11939073, 0.09530538, 0.13681928, 0.1103848 , 0.11627268,
       0.17542668, 0.16883401, 0.07251302, 0.13392914, 0.179823  ,
       0.17689405, 0.16120495, 0.08932167, 0.14636897]), 'delta_distances': array([0., 0., 0., 0., 0., 0., 0., 0., 0., 0., 0., 0., 0., 0., 0., 0., 0.,
       0., 0., 0., 0., 0., 0., 0., 0., 0., 0., 0., 0., 0., 0., 0., 0., 0.,
       0., 0., 0., 0., 0., 0., 0., 0., 0., 0., 0., 0., 0., 0., 0.]), 'locations': array([206, 191,  56, 172,  89, 181, 137, 241, 111, 216, 211,  29,  96,
       202, 206, 171,   8, 174, 184,  81, 140, 156,   1, 183,  46, 251,
       227, 254, 214,  10, 214, 139,  10, 136,   0, 266,  63, 246,  21,
        18,  34, 120,  38, 132, 219, 153,  58, 138, 258])}, {'ts_index': 48, 'loc': 47, 'gap': 0.02245594742475565, 'distances': array([0.18148738, 0.18401605, 0.16915   , 0.14477522, 0.        ,
       0.11049516, 0.1732343 , 0.11373381, 0.17847387, 0.21259755,
       0.16080546, 0.16946704, 0.11251132, 0.14771866, 0.16564515,
       0.18132216]), 'delta_distances': array([0., 0., 0., 0., 0., 0., 0., 0., 0., 0., 0., 0., 0., 0., 0., 0.]), 'locations': array([199,  68, 108,  53,  47,  99, 221,  52,  60,  74, 218, 142, 109,
        46, 238, 259])}, {'ts_index': 128, 'loc': 251, 'gap': 0.020625993802120074, 'distances': array([0.16842011, 0.16104617, 0.14630716, 0.11754917, 0.16371305,
       0.10807636, 0.15999432, 0.        , 0.08110065, 0.1530147 ,
       0.15796723, 0.12962284]), 'delta_distances': array([0., 0., 0., 0., 0., 0., 0., 0., 0., 0., 0., 0.]), 'locations': array([192,  74, 178, 140, 241, 150, 206, 251, 260, 258, 250, 225])}, {'ts_index': 122, 'loc': 58, 'gap': 0.05601660273366452, 'distances': array([0.2817524 , 0.32724414, 0.19666616, 0.3299646 , 0.        ,
       0.31721026, 0.3404148 , 0.22905371]), 'delta_distances': array([0., 0., 0., 0., 0., 0., 0., 0.]), 'locations': array([ 70, 148, 105,  23,  58,  36,  61,  79])}, {'ts_index': 5, 'loc': 110, 'gap': 0.06355430133996061, 'distances': array([0.        , 0.21570727, 0.17683344, 0.20964229, 0.12009714]), 'delta_distances': array([0., 0., 0., 0., 0.]), 'locations': array([110, 159,  34, 206,  85])}], 'clusters': array([ 6,  2,  3,  3,  4, 12,  3,  7,  0,  8,  5,  1,  1,  8,  6,  1,  1,
        1,  1,  1,  7,  2,  5,  8, 11,  3,  2,  2,  4,  1,  3,  4,  2,  8,
        3,  6,  1,  6,  2,  8, 10,  3,  8,  1,  1,  4,  3,  2,  9,  1,  3,
        8,  6,  8,  5,  2,  2,  4,  2,  6,  3,  8,  1,  9,  1,  8,  3,  8,
        5,  3,  1,  2,  8,  1,  8,  2,  0,  5,  2,  2,  8,  1,  1,  8,  2,
        1,  7,  4,  4,  3,  2,  8,  7,  3,  8,  5,  4,  2,  8,  9,  6,  4,
        8,  5,  3,  6,  8,  1,  7,  6,  1, 10,  1,  8,  8,  4,  2,  5,  4,
        4,  3,  1, 11,  5,  5,  8,  4,  5, 10,  6,  2,  1,  1,  1,  3,  1,
        2,  2,  4,  6,  8,  7,  7,  8,  3,  4,  2,  5,  8,  2,  5,  2,  4,
        1,  5,  8,  8,  2,  1,  2,  1,  7,  3,  6,  8, 10,  1,  1,  2,  3,
        5,  3,  4,  7,  3,  6,  6,  7,  5,  7,  3,  1,  9,  8,  4,  4,  7,
        8,  0,  2, 12,  5, 11,  1,  8,  8,  1,  3,  2,  4]), 'time': 6764.51770401001}
lenSubsequence: 8{'RI': 0.4291457286432161, 'num_clusters': 2, 'uShapelets': [{'ts_index': 88, 'loc': 179, 'gap': 0.1079102469735245, 'distances': array([0.23378322, 0.17286562, 0.0753466 , 0.05839961, 0.20582929,
       0.22313912, 0.13947818, 0.06777317, 0.04728064, 0.1258784 ,
       0.22883977, 0.20080102, 0.22479594, 0.22816756, 0.13370247,
       0.2198096 , 0.04401891, 0.22247122, 0.22761715, 0.21762793,
       0.23040439, 0.22415486, 0.23160464, 0.22424906, 0.05332528,
       0.17941555, 0.21460578, 0.23296317, 0.22238891, 0.23054803,
       0.21469666, 0.15806723, 0.02126277, 0.20947075, 0.08301687,
       0.22979766, 0.09076554, 0.22665421, 0.05915508, 0.22039681,
       0.22700247, 0.22636537, 0.05534903, 0.10362347, 0.23327448,
       0.13644742, 0.21119408, 0.22194271, 0.1350769 , 0.22103376,
       0.21069213, 0.21757301, 0.06880845, 0.20653965, 0.04673224,
       0.11885077, 0.22084066, 0.22619236, 0.2239431 , 0.22685228,
       0.2209283 , 0.08497246, 0.13456744, 0.05938356, 0.2217393 ,
       0.21346279, 0.05748817, 0.22729942, 0.05735626, 0.09967481,
       0.12765282, 0.05623587, 0.23259216, 0.22721422, 0.21693226,
       0.21110743, 0.20656936, 0.21867401, 0.20366266, 0.21283199,
       0.2107509 , 0.22625682, 0.05231929, 0.22679097, 0.15553406,
       0.06681552, 0.22931528, 0.226046  , 0.        , 0.22534289,
       0.22651283, 0.21684511, 0.22811792, 0.21818952, 0.21719553,
       0.22232683, 0.0598802 , 0.17872503, 0.22480049, 0.23317781,
       0.22665152, 0.05498657, 0.22795082, 0.23260499, 0.13046042,
       0.18735717, 0.22944771, 0.2259745 , 0.22701108, 0.21991289,
       0.211105  , 0.20929407, 0.23340564, 0.22356005, 0.02957839,
       0.07711302, 0.22833509, 0.20990932, 0.2245953 , 0.23095993,
       0.20489241, 0.19346078, 0.2083044 , 0.2070984 , 0.22595935,
       0.20991578, 0.19810595, 0.23407157, 0.21206788, 0.23314961,
       0.22313614, 0.22681128, 0.1384185 , 0.23047873, 0.21296925,
       0.226784  , 0.21870173, 0.0547506 , 0.20792206, 0.22483928,
       0.22117   , 0.22831007, 0.21228472, 0.19600234, 0.21589863,
       0.21453622, 0.22216369, 0.22872381, 0.23472925, 0.07271059,
       0.2323481 , 0.2210944 , 0.21130286, 0.12668537, 0.22886443,
       0.05759224, 0.21163056, 0.21448171, 0.05809588, 0.22784876,
       0.22039029, 0.02048286, 0.23103025, 0.22620341, 0.23391205,
       0.12806669, 0.20696395, 0.22721707, 0.23213322, 0.22920047,
       0.05595458, 0.23066648, 0.05469711, 0.06233857, 0.21415281,
       0.22454595, 0.21223184, 0.1721545 , 0.22107167, 0.2180007 ,
       0.22521892, 0.22977022, 0.18368755, 0.22637519, 0.21540812,
       0.22789916, 0.21740048, 0.2301699 , 0.05277023, 0.20270312,
       0.2249501 , 0.03796549, 0.2333032 , 0.22067883, 0.21209668,
       0.22349772, 0.06262956, 0.21853281, 0.21959526, 0.21448262]), 'delta_distances': array([0., 0., 0., 0., 0., 0., 0., 0., 0., 0., 0., 0., 0., 0., 0., 0., 0.,
       0., 0., 0., 0., 0., 0., 0., 0., 0., 0., 0., 0., 0., 0., 0., 0., 0.,
       0., 0., 0., 0., 0., 0., 0., 0., 0., 0., 0., 0., 0., 0., 0., 0., 0.,
       0., 0., 0., 0., 0., 0., 0., 0., 0., 0., 0., 0., 0., 0., 0., 0., 0.,
       0., 0., 0., 0., 0., 0., 0., 0., 0., 0., 0., 0., 0., 0., 0., 0., 0.,
       0., 0., 0., 0., 0., 0., 0., 0., 0., 0., 0., 0., 0., 0., 0., 0., 0.,
       0., 0., 0., 0., 0., 0., 0., 0., 0., 0., 0., 0., 0., 0., 0., 0., 0.,
       0., 0., 0., 0., 0., 0., 0., 0., 0., 0., 0., 0., 0., 0., 0., 0., 0.,
       0., 0., 0., 0., 0., 0., 0., 0., 0., 0., 0., 0., 0., 0., 0., 0., 0.,
       0., 0., 0., 0., 0., 0., 0., 0., 0., 0., 0., 0., 0., 0., 0., 0., 0.,
       0., 0., 0., 0., 0., 0., 0., 0., 0., 0., 0., 0., 0., 0., 0., 0., 0.,
       0., 0., 0., 0., 0., 0., 0., 0., 0., 0., 0., 0., 0.]), 'locations': array([107, 183, 166,  56, 184,  72, 161,  67,  60,  95,  86,  54, 167,
        83,  70,  77, 147, 107, 202, 190, 180,  81,  90, 175,  80, 159,
        83,  86,  89,  72,  73, 165,  72,  84, 155, 104, 155,  70, 109,
       101,  91, 117,  87, 156, 102, 170, 148,  75,  54,  87,  73,  52,
       114, 197, 153, 161,  72,  84,  95,  85, 114, 187,  79, 102,  90,
       159,  91,  86,  79, 150, 167,  61, 203,  73, 136, 115,  89,  80,
        79,  66, 169, 196,  94,  94, 181,  87,  63, 202, 179,  59, 170,
       152,  55,  89,  78, 101,  89, 196, 165,  98,  49, 103,  61,  79,
       148, 109, 102,  46, 108, 102,  71,  76,  66,  90,  65, 187,  98,
        92,  79,  83, 100,  90, 156,  53,  86, 101,  75,  87,  99,  99,
       191,  48,  63, 115,  75, 208, 161,  85, 147,  46, 166,  99, 100,
        78,  77, 176,  82,  74, 106, 139,  70,  89,  70, 150,  63,  69,
        51, 167,  69,  78, 103,  84,  82, 185, 210, 163,  93,  82, 120,
        62,  67,  91,  71, 148,  62,  94, 160, 182,  75, 105,  42, 194,
       192,  93,  98, 100,  99,  85, 103, 169,  79,  84,  80, 211, 169,
       194,  94, 114, 201,  73])}], 'clusters': array([0, 0, 1, 1, 0, 0, 0, 1, 1, 0, 0, 0, 0, 0, 0, 0, 1, 0, 0, 0, 0, 0,
       0, 0, 1, 0, 0, 0, 0, 0, 0, 0, 1, 0, 1, 0, 1, 0, 1, 0, 0, 0, 1, 0,
       0, 0, 0, 0, 0, 0, 0, 0, 1, 0, 1, 0, 0, 0, 0, 0, 0, 1, 0, 1, 0, 0,
       1, 0, 1, 0, 0, 1, 0, 0, 0, 0, 0, 0, 0, 0, 0, 0, 1, 0, 0, 1, 0, 0,
       1, 0, 0, 0, 0, 0, 0, 0, 1, 0, 0, 0, 0, 1, 0, 0, 0, 0, 0, 0, 0, 0,
       0, 0, 0, 0, 1, 1, 0, 0, 0, 0, 0, 0, 0, 0, 0, 0, 0, 0, 0, 0, 0, 0,
       0, 0, 0, 0, 0, 1, 0, 0, 0, 0, 0, 0, 0, 0, 0, 0, 0, 1, 0, 0, 0, 0,
       0, 1, 0, 0, 1, 0, 0, 1, 0, 0, 0, 0, 0, 0, 0, 0, 1, 0, 1, 1, 0, 0,
       0, 0, 0, 0, 0, 0, 0, 0, 0, 0, 0, 0, 1, 0, 0, 1, 0, 0, 0, 0, 1, 0,
       0, 0]), 'time': 4288.879800081253}
lenSubsequence: 9{'RI': 0.39376884422110553, 'num_clusters': 2, 'uShapelets': [{'ts_index': 17, 'loc': 199, 'gap': 0.08084615227750373, 'distances': array([0.02081935, 0.00754118, 0.01005592, 0.03220783, 0.01333613,
       0.0138014 , 0.00965427, 0.00845146, 0.00750193, 0.00771804,
       0.0073517 , 0.00700333, 0.00851854, 0.01589704, 0.00984671,
       0.01366597, 0.03889998, 0.        , 0.06939005, 0.00993209,
       0.01991394, 0.00765969, 0.00965315, 0.15908855, 0.00851589,
       0.01201826, 0.02892791, 0.03569427, 0.00765912, 0.00708483,
       0.02647186, 0.00803251, 0.01461154, 0.17215071, 0.01207356,
       0.00730422, 0.04932576, 0.15718398, 0.01792212, 0.01425119,
       0.00717526, 0.00883601, 0.01587823, 0.06212737, 0.03359608,
       0.00740882, 0.17613176, 0.00639718, 0.13636836, 0.00768616,
       0.00645402, 0.02521778, 0.01079504, 0.03543629, 0.00735396,
       0.01463441, 0.16083   , 0.00887188, 0.12496511, 0.01171758,
       0.00632007, 0.16642453, 0.1452256 , 0.01752173, 0.01998187,
       0.14615665, 0.00926747, 0.09178382, 0.0875875 , 0.01298741,
       0.02093618, 0.01455399, 0.00732013, 0.02836716, 0.01824308,
       0.01663632, 0.00964595, 0.01197488, 0.00889164, 0.0097044 ,
       0.01369415, 0.00935132, 0.00718578, 0.02656843, 0.00703009,
       0.01810119, 0.02838184, 0.01368264, 0.03428455, 0.02404792,
       0.01507879, 0.00933607, 0.02679136, 0.01266665, 0.00684419,
       0.01292075, 0.01259085, 0.00831375, 0.01149936, 0.02270552,
       0.00706959, 0.15540149, 0.13587882, 0.00711372, 0.21156178,
       0.00755741, 0.00783839, 0.1407223 , 0.02347988, 0.00790873,
       0.01104687, 0.00844083, 0.14635352, 0.00836506, 0.00759552,
       0.00709714, 0.00818874, 0.15319164, 0.00714086, 0.01345407,
       0.0092616 , 0.01269089, 0.15601142, 0.00757266, 0.01760979,
       0.07348934, 0.00749374, 0.02677887, 0.01053366, 0.03351116,
       0.14138242, 0.1575711 , 0.0081126 , 0.00614562, 0.00622163,
       0.01023028, 0.00968451, 0.01693555, 0.01029511, 0.01524982,
       0.00700502, 0.01076389, 0.01685515, 0.0069093 , 0.00927374,
       0.00917351, 0.01603569, 0.01419743, 0.00793405, 0.00896363,
       0.0084319 , 0.00882021, 0.00827909, 0.17619941, 0.01026231,
       0.08262211, 0.16167695, 0.00991845, 0.01207828, 0.00606349,
       0.00770501, 0.07515055, 0.01443054, 0.00840253, 0.00789191,
       0.00900587, 0.00674212, 0.01362957, 0.01474271, 0.15230374,
       0.00716211, 0.06877751, 0.04764826, 0.03506097, 0.01383497,
       0.0088514 , 0.00808391, 0.0114089 , 0.0051319 , 0.00996101,
       0.00953402, 0.00779471, 0.05192818, 0.01285573, 0.00962427,
       0.00651844, 0.0048936 , 0.06447149, 0.17742599, 0.15975812,
       0.14371152, 0.00742735, 0.01348127, 0.01119137, 0.01088372,
       0.16508355, 0.14142004, 0.00787665, 0.00812803, 0.01602595]), 'delta_distances': array([0., 0., 0., 0., 0., 0., 0., 0., 0., 0., 0., 0., 0., 0., 0., 0., 0.,
       0., 0., 0., 0., 0., 0., 0., 0., 0., 0., 0., 0., 0., 0., 0., 0., 0.,
       0., 0., 0., 0., 0., 0., 0., 0., 0., 0., 0., 0., 0., 0., 0., 0., 0.,
       0., 0., 0., 0., 0., 0., 0., 0., 0., 0., 0., 0., 0., 0., 0., 0., 0.,
       0., 0., 0., 0., 0., 0., 0., 0., 0., 0., 0., 0., 0., 0., 0., 0., 0.,
       0., 0., 0., 0., 0., 0., 0., 0., 0., 0., 0., 0., 0., 0., 0., 0., 0.,
       0., 0., 0., 0., 0., 0., 0., 0., 0., 0., 0., 0., 0., 0., 0., 0., 0.,
       0., 0., 0., 0., 0., 0., 0., 0., 0., 0., 0., 0., 0., 0., 0., 0., 0.,
       0., 0., 0., 0., 0., 0., 0., 0., 0., 0., 0., 0., 0., 0., 0., 0., 0.,
       0., 0., 0., 0., 0., 0., 0., 0., 0., 0., 0., 0., 0., 0., 0., 0., 0.,
       0., 0., 0., 0., 0., 0., 0., 0., 0., 0., 0., 0., 0., 0., 0., 0., 0.,
       0., 0., 0., 0., 0., 0., 0., 0., 0., 0., 0., 0., 0.]), 'locations': array([256, 217, 186,  69, 102, 237, 206,  92,  89, 205,  36, 210, 196,
       218, 232, 193, 101, 199, 130, 252,  30, 218, 228, 248,  96,  38,
        38, 192, 262,   1,  43, 108,  67, 204, 247, 198,  30, 117, 232,
       182, 232, 183,  63, 225, 223, 239, 230, 216,  28, 242, 264,   6,
       150, 166,  38,  84, 236, 249, 165,  39,  53, 250, 244, 172,  26,
       209, 236, 122, 250, 103, 135, 245, 220,  64,  80, 149, 250, 219,
       242, 241,  97,  31,   6, 120,  99, 238,  12, 180, 111, 219,   5,
       234, 195, 226, 243, 165, 230, 255, 262, 194, 217, 263,   8, 254,
       113, 258, 212,  61, 176, 238, 222, 208, 231, 152, 263, 112, 234,
       145, 178, 237, 262, 248,  32, 265, 138, 134, 194,  72, 251, 256,
       139, 221,  22, 216, 244,  14,  75, 135,  66, 249,   1,  71, 232,
        39,   0,  97, 219, 204, 155, 190, 242, 255, 233, 238, 247, 233,
       243, 227, 243, 243,   1, 104, 255, 228,  59,  97, 238, 209,   4,
       207, 205,  41, 116, 183, 193, 233, 183, 235, 252, 263,  54, 221,
       146, 265, 175, 225, 171, 127, 225, 257,  52, 163,  23, 140, 246,
       238, 233, 251, 231,  95])}], 'clusters': array([1, 1, 1, 1, 1, 1, 1, 1, 1, 1, 1, 1, 1, 1, 1, 1, 1, 1, 0, 1, 1, 1,
       1, 0, 1, 1, 1, 1, 1, 1, 1, 1, 1, 0, 1, 1, 1, 0, 1, 1, 1, 1, 1, 1,
       1, 1, 0, 1, 0, 1, 1, 1, 1, 1, 1, 1, 0, 1, 0, 1, 1, 0, 0, 1, 1, 0,
       1, 0, 0, 1, 1, 1, 1, 1, 1, 1, 1, 1, 1, 1, 1, 1, 1, 1, 1, 1, 1, 1,
       1, 1, 1, 1, 1, 1, 1, 1, 1, 1, 1, 1, 1, 0, 0, 1, 0, 1, 1, 0, 1, 1,
       1, 1, 0, 1, 1, 1, 1, 0, 1, 1, 1, 1, 0, 1, 1, 0, 1, 1, 1, 1, 0, 0,
       1, 1, 1, 1, 1, 1, 1, 1, 1, 1, 1, 1, 1, 1, 1, 1, 1, 1, 1, 1, 1, 0,
       1, 0, 0, 1, 1, 1, 1, 0, 1, 1, 1, 1, 1, 1, 1, 0, 1, 0, 1, 1, 1, 1,
       1, 1, 1, 1, 1, 1, 1, 1, 1, 1, 1, 1, 0, 0, 0, 1, 1, 1, 1, 0, 0, 1,
       1, 1]), 'time': 2810.882485628128}
lenSubsequence: 12{'RI': 0.5735678391959799, 'num_clusters': 4, 'uShapelets': [{'ts_index': 124, 'loc': 90, 'gap': 0.042582368068989414, 'distances': array([0.08912798, 0.02732173, 0.04756578, 0.08514695, 0.00403808,
       0.07336263, 0.1194292 , 0.13306636, 0.087349  , 0.09038307,
       0.12032011, 0.11851018, 0.13937497, 0.09184849, 0.10568929,
       0.15490772, 0.10609615, 0.11655211, 0.12891619, 0.00989089,
       0.10854983, 0.09009624, 0.11525833, 0.02005115, 0.11648366,
       0.11520256, 0.0929395 , 0.0928827 , 0.06945898, 0.07292071,
       0.07708638, 0.1139263 , 0.08747742, 0.13944098, 0.02029074,
       0.08109784, 0.15519556, 0.01192178, 0.08799521, 0.10861887,
       0.0783217 , 0.04212021, 0.1117997 , 0.11051716, 0.07611961,
       0.08919245, 0.03834013, 0.1384602 , 0.07663273, 0.08297439,
       0.07211377, 0.0872721 , 0.10175263, 0.0880463 , 0.08241633,
       0.02093124, 0.10759944, 0.02924787, 0.08302829, 0.06569098,
       0.06708361, 0.02015819, 0.10192056, 0.11124034, 0.06402309,
       0.02138921, 0.05144081, 0.09292281, 0.11882416, 0.02144463,
       0.02154285, 0.16247666, 0.01993076, 0.13282443, 0.02220942,
       0.08083948, 0.06923496, 0.16376613, 0.09347009, 0.10827088,
       0.08494241, 0.08038154, 0.11628175, 0.02766271, 0.05485753,
       0.06910299, 0.13679553, 0.00408106, 0.00476753, 0.02346113,
       0.05841727, 0.09900706, 0.00813655, 0.08508673, 0.05843054,
       0.11186588, 0.09120619, 0.0521197 , 0.04259835, 0.08155491,
       0.09001885, 0.14261868, 0.03563711, 0.15042371, 0.01550087,
       0.09096188, 0.05928376, 0.02382277, 0.06217425, 0.04331183,
       0.08090787, 0.11536653, 0.08104993, 0.0897817 , 0.06266569,
       0.05364347, 0.07990513, 0.05412827, 0.10498135, 0.13590746,
       0.10207905, 0.11233307, 0.09376891, 0.12015284, 0.        ,
       0.08105535, 0.07427324, 0.13325296, 0.09973709, 0.07302057,
       0.02162071, 0.08913575, 0.11299848, 0.03540571, 0.11382231,
       0.00660135, 0.04848988, 0.09008453, 0.02103987, 0.13699416,
       0.10724662, 0.14739251, 0.0735734 , 0.04760677, 0.10437577,
       0.09126135, 0.12082077, 0.14721762, 0.07497838, 0.06852603,
       0.10804058, 0.09149146, 0.07821525, 0.01282051, 0.10303295,
       0.0986735 , 0.08920205, 0.13453645, 0.11683672, 0.01357083,
       0.09305878, 0.12143372, 0.07312284, 0.12201529, 0.07954309,
       0.148075  , 0.11701943, 0.00296916, 0.0779153 , 0.04499377,
       0.1276898 , 0.11559289, 0.08344653, 0.03738759, 0.10533519,
       0.09461826, 0.02015179, 0.09236032, 0.0883676 , 0.07505428,
       0.09087653, 0.14303902, 0.01216287, 0.14626037, 0.12244166,
       0.16224338, 0.11146225, 0.02016466, 0.09360381, 0.0258895 ,
       0.098565  , 0.0905734 , 0.08081181, 0.0092114 , 0.14659663,
       0.01954749, 0.08104012, 0.15565922, 0.02190324, 0.09702966]), 'delta_distances': array([0., 0., 0., 0., 0., 0., 0., 0., 0., 0., 0., 0., 0., 0., 0., 0., 0.,
       0., 0., 0., 0., 0., 0., 0., 0., 0., 0., 0., 0., 0., 0., 0., 0., 0.,
       0., 0., 0., 0., 0., 0., 0., 0., 0., 0., 0., 0., 0., 0., 0., 0., 0.,
       0., 0., 0., 0., 0., 0., 0., 0., 0., 0., 0., 0., 0., 0., 0., 0., 0.,
       0., 0., 0., 0., 0., 0., 0., 0., 0., 0., 0., 0., 0., 0., 0., 0., 0.,
       0., 0., 0., 0., 0., 0., 0., 0., 0., 0., 0., 0., 0., 0., 0., 0., 0.,
       0., 0., 0., 0., 0., 0., 0., 0., 0., 0., 0., 0., 0., 0., 0., 0., 0.,
       0., 0., 0., 0., 0., 0., 0., 0., 0., 0., 0., 0., 0., 0., 0., 0., 0.,
       0., 0., 0., 0., 0., 0., 0., 0., 0., 0., 0., 0., 0., 0., 0., 0., 0.,
       0., 0., 0., 0., 0., 0., 0., 0., 0., 0., 0., 0., 0., 0., 0., 0., 0.,
       0., 0., 0., 0., 0., 0., 0., 0., 0., 0., 0., 0., 0., 0., 0., 0., 0.,
       0., 0., 0., 0., 0., 0., 0., 0., 0., 0., 0., 0., 0.]), 'locations': array([112,  89, 160, 116,  80, 174, 164,  26,   5,  93,  74, 112,  72,
        81, 172,  79,  57,  25,  36,  91,  61,  74, 135,  76, 167,  52,
        78,  79, 172, 168, 112, 166, 153,  60,  59,  39, 147,  74, 110,
        93,  47, 110, 218,  62,  87,  13,  48,  99, 186,  86, 195,  52,
        42, 100, 167,  73, 129,  89, 151,  80,  82,  86,  54,  99,  73,
        63, 178,  85, 147,  58,  71, 159,  84,  59,  47,  14, 171, 118,
       108, 123, 192, 247,  92,  97, 164, 197, 154,  96,  83,  63,  70,
       169,  59,  89,  65,  97,  45, 184, 156,  74,  48,  61,  55, 158,
        63, 109,   9,  49, 215,  99, 167,  78,  98, 206,  63,  95,  40,
       176,  70,  18,  28,  89, 155, 132,  90,  84,  85,  13,  91,  30,
        93, 139, 166, 108, 155, 108, 146,  66,  48, 111, 178,  23,  98,
       170, 193,  80, 140, 148,  60,  91,  63, 161,   8,  61, 129, 155,
       120,  57, 170,  82,  53, 163, 175,  62,   0,  49, 177,  86, 154,
        60,  85,  86, 139,  53, 175, 102,  64,   8, 103, 214,   0,  46,
        95, 103, 144,  82,  86,  88, 196,  72,  82,  17, 155, 107, 124,
        92,  96, 110,  93,  52])}, {'ts_index': 94, 'loc': 69, 'gap': 0.0371312967356278, 'distances': array([0.04679945, 0.03881883, 0.08025554, 0.04008822, 0.12236511,
       0.13877123, 0.02939521, 0.12190395, 0.08019066, 0.11384875,
       0.03403964, 0.04812693, 0.0820621 , 0.04171682, 0.03531959,
       0.04944367, 0.04775267, 0.1244004 , 0.09338794, 0.14931234,
       0.04146909, 0.08367595, 0.07948841, 0.11498728, 0.06233155,
       0.09263717, 0.09240429, 0.14311512, 0.05451381, 0.06837432,
       0.15576069, 0.12612326, 0.11341137, 0.08538413, 0.04565097,
       0.1087358 , 0.05283027, 0.17268541, 0.08310724, 0.13469134,
       0.14306029, 0.10618785, 0.07405273, 0.07039335, 0.10520237,
       0.0669346 , 0.09546224, 0.05456251, 0.03376162, 0.04000803,
       0.06565762, 0.02000608, 0.13508461, 0.14477534, 0.13083152,
       0.05286648, 0.04298832, 0.14696243, 0.05362656, 0.04684823,
       0.06215888, 0.03348467, 0.04511296, 0.05507645, 0.0392479 ,
       0.06894355, 0.10479428, 0.03806037, 0.0709654 , 0.02505482,
       0.08942289, 0.05354565, 0.12789407, 0.05909885, 0.10821683,
       0.        , 0.14462498, 0.03750339, 0.06709376, 0.05669128,
       0.06889555, 0.15352175, 0.0382832 , 0.11601014, 0.10317374,
       0.13463328, 0.08482372, 0.03767979, 0.10195177, 0.03610161,
       0.03841442, 0.11896908, 0.10974986, 0.08132683, 0.07903557,
       0.05229055, 0.04561625, 0.06419124, 0.13814406, 0.10569328,
       0.15051506, 0.05431902, 0.11733219, 0.13774488, 0.1416063 ,
       0.04701449, 0.06862839, 0.04613404, 0.04328408, 0.13802586,
       0.10806784, 0.06024384, 0.14013881, 0.0451293 , 0.06697322,
       0.134456  , 0.09270078, 0.05674141, 0.08270622, 0.03507568,
       0.05009712, 0.08546067, 0.12854865, 0.03741903, 0.03596169,
       0.07061696, 0.09366577, 0.08069218, 0.08257808, 0.08154029,
       0.04320919, 0.09768301, 0.10602176, 0.04007393, 0.10788676,
       0.0480381 , 0.12125358, 0.07470811, 0.0311624 , 0.14392796,
       0.10357745, 0.05687635, 0.14647616, 0.15604863, 0.10159456,
       0.03497686, 0.10960741, 0.03815949, 0.04703495, 0.04232629,
       0.05872443, 0.04602015, 0.13231998, 0.10249198, 0.04932924,
       0.04912582, 0.08158462, 0.03704971, 0.03350037, 0.14361064,
       0.14831363, 0.14303976, 0.04012686, 0.07973088, 0.08439716]), 'delta_distances': array([0., 0., 0., 0., 0., 0., 0., 0., 0., 0., 0., 0., 0., 0., 0., 0., 0.,
       0., 0., 0., 0., 0., 0., 0., 0., 0., 0., 0., 0., 0., 0., 0., 0., 0.,
       0., 0., 0., 0., 0., 0., 0., 0., 0., 0., 0., 0., 0., 0., 0., 0., 0.,
       0., 0., 0., 0., 0., 0., 0., 0., 0., 0., 0., 0., 0., 0., 0., 0., 0.,
       0., 0., 0., 0., 0., 0., 0., 0., 0., 0., 0., 0., 0., 0., 0., 0., 0.,
       0., 0., 0., 0., 0., 0., 0., 0., 0., 0., 0., 0., 0., 0., 0., 0., 0.,
       0., 0., 0., 0., 0., 0., 0., 0., 0., 0., 0., 0., 0., 0., 0., 0., 0.,
       0., 0., 0., 0., 0., 0., 0., 0., 0., 0., 0., 0., 0., 0., 0., 0., 0.,
       0., 0., 0., 0., 0., 0., 0., 0., 0., 0., 0., 0., 0., 0., 0., 0., 0.,
       0., 0., 0., 0., 0., 0., 0., 0., 0., 0., 0., 0.]), 'locations': array([220,  82,  39,  55,  70,  20, 104, 116, 194, 162,  83, 171, 127,
       128,  43,  87,  38,  87, 109, 152,   3,  60, 195, 141, 144, 136,
       166, 145,  36,  53, 170,  78, 192,  57, 244,  14, 202, 175, 164,
       101,  38, 155, 185,  83, 234,  94, 119,  87, 102,  89, 189,  76,
        97, 132,  17,  80,  60, 155, 157,  26,  96,  25,   6,   7, 148,
        23,  49,  85,  86, 165,  34,   1, 151, 138,  73,  69,  19,  21,
        72, 142,  71,  40, 181, 112, 183, 118,  44,  61,  92, 164, 175,
        48, 158, 129,   0,  94,  83,  86,  95,  87, 163,  91,  31, 202,
       126,  97,  18, 149, 125,  49,  98, 180, 135, 165,  37, 122, 184,
        19, 166, 121, 159,  89,  87, 117,   7, 122, 117, 135,  87,   4,
        43, 145,   3,  49,  59, 132, 114,  53,  22,  39, 109, 107, 210,
       182, 140,  30,  94, 138,  84,  66, 145,  16, 162, 180, 191, 175,
        58,   4,  93,  69, 167, 118, 202, 134,  30])}, {'ts_index': 95, 'loc': 210, 'gap': 0.0412179283948754, 'distances': array([0.08537811, 0.14732969, 0.06472554, 0.05795347, 0.15482384,
       0.03726522, 0.11228352, 0.04046272, 0.03406437, 0.03821423,
       0.14204734, 0.03838483, 0.        , 0.09254326, 0.11173265,
       0.12645181, 0.13082402, 0.07910716, 0.08083057, 0.03985943,
       0.05743066, 0.04085933, 0.14856477, 0.05544751, 0.08670368,
       0.03305552, 0.12886945, 0.07900358, 0.15909335, 0.08640239]), 'delta_distances': array([0., 0., 0., 0., 0., 0., 0., 0., 0., 0., 0., 0., 0., 0., 0., 0., 0.,
       0., 0., 0., 0., 0., 0., 0., 0., 0., 0., 0., 0., 0.]), 'locations': array([ 66,   7, 140,  89,  48,  26, 209, 226,  62, 224,  14, 154, 210,
        56, 143, 119,  13,  46, 174, 164, 190, 174,  92, 210,  66, 180,
       142,  18, 160, 162])}, {'ts_index': 67, 'loc': 185, 'gap': 0.041780371895509774, 'distances': array([0.04437361, 0.09218138, 0.        , 0.08245068, 0.02734389,
       0.02495164, 0.10084015, 0.0391181 ]), 'delta_distances': array([0., 0., 0., 0., 0., 0., 0., 0.]), 'locations': array([127, 150, 185, 232, 118, 110, 210, 119])}], 'clusters': array([2, 1, 2, 2, 1, 2, 2, 3, 2, 2, 2, 2, 2, 2, 2, 2, 2, 2, 2, 1, 2, 2,
       4, 1, 2, 2, 2, 2, 2, 2, 2, 3, 2, 2, 1, 3, 2, 1, 2, 2, 2, 2, 2, 0,
       2, 3, 3, 2, 2, 2, 2, 2, 2, 2, 2, 1, 2, 1, 2, 2, 3, 1, 3, 3, 2, 1,
       2, 4, 2, 1, 1, 2, 1, 2, 1, 2, 2, 2, 2, 2, 2, 2, 2, 1, 2, 2, 2, 1,
       1, 1, 3, 2, 1, 2, 2, 3, 2, 2, 2, 2, 3, 2, 2, 2, 1, 3, 2, 1, 2, 2,
       2, 2, 2, 2, 2, 2, 2, 2, 2, 0, 2, 4, 2, 2, 1, 3, 3, 2, 2, 2, 1, 2,
       3, 2, 2, 1, 3, 2, 1, 2, 3, 2, 2, 2, 2, 2, 2, 4, 2, 2, 2, 2, 2, 1,
       2, 2, 2, 2, 2, 1, 2, 2, 2, 2, 2, 2, 3, 1, 2, 2, 3, 3, 2, 2, 2, 2,
       1, 2, 2, 2, 2, 0, 1, 2, 2, 2, 2, 1, 2, 1, 2, 3, 4, 1, 3, 1, 2, 2,
       1, 2]), 'time': 5219.961293697357}
lenSubsequence: 13{'RI': 0.40457286432160805, 'num_clusters': 4, 'uShapelets': [{'ts_index': 55, 'loc': 72, 'gap': 0.03530401011591924, 'distances': array([0.04008864, 0.01572481, 0.12058199, 0.05176463, 0.00713137,
       0.03606938, 0.05133566, 0.05702301, 0.03147658, 0.12131508,
       0.09105165, 0.13532826, 0.141151  , 0.14539855, 0.03851905,
       0.13661633, 0.07214649, 0.0757192 , 0.09387681, 0.01853906,
       0.06382964, 0.05298524, 0.12329375, 0.01310313, 0.05423707,
       0.0643598 , 0.06989574, 0.05810123, 0.09682339, 0.05237083,
       0.07639839, 0.11911673, 0.0707366 , 0.12084985, 0.10098699,
       0.11129688, 0.04610395, 0.06283262, 0.10746136, 0.07717794,
       0.02273154, 0.03076947, 0.11294847, 0.08524729, 0.05195763,
       0.04321198, 0.00792992, 0.11970407, 0.098842  , 0.02367862,
       0.0396979 , 0.03524616, 0.03816897, 0.08441915, 0.04041331,
       0.        , 0.10632426, 0.02039424, 0.02926623, 0.05054488,
       0.06233437, 0.00874026, 0.0438222 , 0.05392131, 0.04870655,
       0.01622611, 0.04687156, 0.06964751, 0.10214053, 0.01198127,
       0.0049181 , 0.04595564, 0.02940009, 0.07962994, 0.00576911,
       0.05207489, 0.04800124, 0.14976347, 0.04129887, 0.08587655,
       0.04571834, 0.06349005, 0.09677013, 0.01549983, 0.07221258,
       0.04318573, 0.10009278, 0.00788935, 0.00741525, 0.09136568,
       0.05872995, 0.03310396, 0.0160533 , 0.03925985, 0.13776213,
       0.11953611, 0.0349628 , 0.02719105, 0.0431664 , 0.07859568,
       0.06512909, 0.12993418, 0.07875075, 0.11055829, 0.01484044,
       0.08919682, 0.02631115, 0.00747989, 0.05688629, 0.08553751,
       0.03797392, 0.12195156, 0.04072781, 0.08881964, 0.05665472,
       0.01608668, 0.11824073, 0.04468814, 0.06724956, 0.13221593,
       0.025819  , 0.11581712, 0.03287992, 0.10228821, 0.00429735,
       0.04523516, 0.06354013, 0.12550125, 0.07491829, 0.04363849,
       0.00880808, 0.05915074, 0.10207628, 0.05974317, 0.08893968,
       0.11672798, 0.04333763, 0.06033501, 0.00700797, 0.04005106,
       0.08353732, 0.02846762, 0.05950086, 0.04917506, 0.04952402,
       0.01353568, 0.11794711, 0.05558143, 0.03581284, 0.05628065,
       0.05777613, 0.05544841, 0.0489259 , 0.01718321, 0.07122447,
       0.05174781, 0.05993051, 0.12029633, 0.08998318, 0.01017698,
       0.0738245 , 0.10631763, 0.0399545 , 0.05108198, 0.04532229,
       0.06660943, 0.10954485, 0.00640705, 0.04849791, 0.04165234,
       0.12237668, 0.13948462, 0.05952599, 0.05823666, 0.0801946 ,
       0.05589675, 0.12119282, 0.04695526, 0.03811685, 0.06405046,
       0.1024964 , 0.07213371, 0.01691808, 0.05067882, 0.07641389,
       0.05680701, 0.08533507, 0.10802465, 0.05672526, 0.01347723,
       0.11791997, 0.05666416, 0.11061936, 0.0069817 , 0.05577004,
       0.0100924 , 0.03967078, 0.13229982, 0.00948461, 0.06393735]), 'delta_distances': array([0., 0., 0., 0., 0., 0., 0., 0., 0., 0., 0., 0., 0., 0., 0., 0., 0.,
       0., 0., 0., 0., 0., 0., 0., 0., 0., 0., 0., 0., 0., 0., 0., 0., 0.,
       0., 0., 0., 0., 0., 0., 0., 0., 0., 0., 0., 0., 0., 0., 0., 0., 0.,
       0., 0., 0., 0., 0., 0., 0., 0., 0., 0., 0., 0., 0., 0., 0., 0., 0.,
       0., 0., 0., 0., 0., 0., 0., 0., 0., 0., 0., 0., 0., 0., 0., 0., 0.,
       0., 0., 0., 0., 0., 0., 0., 0., 0., 0., 0., 0., 0., 0., 0., 0., 0.,
       0., 0., 0., 0., 0., 0., 0., 0., 0., 0., 0., 0., 0., 0., 0., 0., 0.,
       0., 0., 0., 0., 0., 0., 0., 0., 0., 0., 0., 0., 0., 0., 0., 0., 0.,
       0., 0., 0., 0., 0., 0., 0., 0., 0., 0., 0., 0., 0., 0., 0., 0., 0.,
       0., 0., 0., 0., 0., 0., 0., 0., 0., 0., 0., 0., 0., 0., 0., 0., 0.,
       0., 0., 0., 0., 0., 0., 0., 0., 0., 0., 0., 0., 0., 0., 0., 0., 0.,
       0., 0., 0., 0., 0., 0., 0., 0., 0., 0., 0., 0., 0.]), 'locations': array([105,  89, 148,  23,  78, 178,  49,  66, 104, 103, 102,  42, 175,
        28, 179, 123,  56,  99,  22,  90, 176, 174, 111,  75,  79, 158,
        68,  25, 164, 166, 134, 176, 182,  59,  41, 126, 162, 195,  40,
       142, 175, 110, 199,  61,  77,  73,  48, 119,  47,  83, 194,  51,
       115, 143,  64,  72, 120,  88, 209,  80,  81,  85,  64,  68,  88,
        63,  91,  84,  89,  57,  70,  26,  83, 105,  46, 114, 170, 161,
       146, 147,  78, 211, 116,  96,  46, 197, 160,  94,  81,  38,  71,
        50,  58,  89, 182,  87,   7, 184, 155,  45,  47,  14, 101, 165,
        61,  11,   8,  48, 214,  15, 164,  67,  96, 212,  63,  97, 189,
       175, 108, 116,  94,   8, 153,  25,  88, 101,  69, 139,  14,  31,
        92, 118, 163, 153, 168, 209, 145,  84,  47, 134, 171, 192,  98,
        80, 191,  84,  26, 152,  60,  32, 128, 161, 175,  58, 122, 155,
        49, 163, 152,  80, 199,  16, 175,  65,   0,  37, 177,  84, 152,
        60, 180,  79,  71,  32,  57, 101,  12,  21,  76, 102, 125,  75,
        94,  86,  95, 186,  87, 184,  60,  71,  82,  16, 102, 105, 166,
        91,  95,  23,  92, 163])}, {'ts_index': 31, 'loc': 69, 'gap': 0.03584418459696953, 'distances': array([0.05280136, 0.09091329, 0.02339684, 0.11511994, 0.07373341,
       0.06557443, 0.06964425, 0.        , 0.0161739 , 0.11738188,
       0.00773222, 0.09884084, 0.06993223, 0.07830427, 0.07102958,
       0.09774388, 0.08588922, 0.06079184, 0.06202359, 0.0962145 ,
       0.07480338, 0.10096699, 0.08367167, 0.1302311 , 0.0981303 ,
       0.07191811, 0.0150427 , 0.0193037 , 0.08884555, 0.1012676 ,
       0.09003573, 0.09562889, 0.08573671, 0.08843647]), 'delta_distances': array([0., 0., 0., 0., 0., 0., 0., 0., 0., 0., 0., 0., 0., 0., 0., 0., 0.,
       0., 0., 0., 0., 0., 0., 0., 0., 0., 0., 0., 0., 0., 0., 0., 0., 0.]), 'locations': array([151, 189,  51, 259, 188,  83, 127,  69,  81, 187, 107,  75, 142,
        88, 261,  83, 100, 180, 104,  44, 215, 185, 229, 245, 238,  83,
        90,  64, 256, 106, 170,  59,  34, 194])}, {'ts_index': 135, 'loc': 193, 'gap': 0.04485809165285477, 'distances': array([0.10311116, 0.01892795, 0.03975385, 0.034389  , 0.08144799,
       0.11342407, 0.0947233 , 0.10981089, 0.04767281, 0.01900489,
       0.04320206, 0.03753671, 0.10847474, 0.02335369, 0.08095091,
       0.14474166, 0.14398744, 0.03805167, 0.        , 0.08951321,
       0.11417944, 0.13687682, 0.11722954, 0.10603254, 0.01764874,
       0.08518563, 0.04122327]), 'delta_distances': array([0., 0., 0., 0., 0., 0., 0., 0., 0., 0., 0., 0., 0., 0., 0., 0., 0.,
       0., 0., 0., 0., 0., 0., 0., 0., 0., 0.]), 'locations': array([123, 127, 172, 127,  75, 144,  72, 112, 131,  69, 127,  36, 134,
       175, 113, 166,  16,  97, 193,  74,  66, 178, 142,  33,  92, 158,
       132])}, {'ts_index': 187, 'loc': 180, 'gap': 0.03881871441741379, 'distances': array([0.10262405, 0.11931033, 0.03899305, 0.05404504, 0.05554246,
       0.03528918, 0.07542514, 0.08842316, 0.04752929, 0.04714218,
       0.12289248, 0.11865105, 0.04803478, 0.        , 0.05916224]), 'delta_distances': array([0., 0., 0., 0., 0., 0., 0., 0., 0., 0., 0., 0., 0., 0., 0.]), 'locations': array([219, 149, 108, 192, 113,  91, 216, 254, 100,  99, 123,  96, 165,
       180, 258])}], 'clusters': array([1, 1, 2, 1, 1, 1, 1, 1, 1, 4, 1, 2, 3, 3, 1, 3, 1, 1, 1, 1, 1, 1,
       0, 1, 1, 1, 1, 1, 1, 1, 1, 2, 1, 2, 1, 4, 1, 1, 2, 1, 1, 1, 4, 1,
       1, 1, 1, 4, 1, 1, 1, 1, 1, 1, 1, 1, 1, 1, 1, 1, 1, 1, 1, 1, 1, 1,
       1, 1, 1, 1, 1, 1, 1, 1, 1, 1, 1, 3, 1, 1, 1, 1, 1, 1, 1, 1, 1, 1,
       1, 1, 1, 1, 1, 1, 3, 3, 1, 1, 1, 1, 1, 3, 1, 4, 1, 1, 1, 1, 1, 1,
       1, 3, 1, 1, 1, 1, 4, 1, 1, 4, 1, 4, 1, 1, 1, 1, 1, 3, 1, 1, 1, 1,
       1, 1, 1, 3, 1, 1, 1, 1, 1, 1, 1, 1, 1, 1, 4, 1, 1, 1, 1, 1, 1, 1,
       1, 1, 1, 0, 1, 1, 1, 1, 1, 1, 1, 1, 2, 1, 1, 1, 2, 0, 1, 1, 1, 1,
       4, 1, 1, 1, 1, 1, 1, 1, 1, 1, 1, 4, 1, 1, 3, 1, 4, 1, 1, 1, 1, 3,
       1, 1]), 'time': 3386.461095094681}
lenSubsequence: 14{'RI': 0.6752261306532663, 'num_clusters': 3, 'uShapelets': [{'ts_index': 137, 'loc': 84, 'gap': 0.04898849627673658, 'distances': array([0.13018406, 0.07850786, 0.11591396, 0.01118619, 0.06883917,
       0.07400607, 0.00970652, 0.00512092, 0.01217776, 0.1297117 ,
       0.10420796, 0.09288985, 0.07637444, 0.05515653, 0.06402843,
       0.11528254, 0.0811275 , 0.1267771 , 0.12879519, 0.11332868,
       0.07116682, 0.11675578, 0.08173762, 0.05383037, 0.05645141,
       0.0998131 , 0.05603648, 0.11046201, 0.0958978 , 0.0770634 ,
       0.07779644, 0.00851333, 0.12465611, 0.00846073, 0.1080809 ,
       0.0888906 , 0.12433693, 0.08690413, 0.08703308, 0.11851294,
       0.13601102, 0.08574153, 0.05019866, 0.13158327, 0.09479365,
       0.09930728, 0.13271049, 0.11725305, 0.13055299, 0.07005358,
       0.00713827, 0.05357831, 0.03036947, 0.08156614, 0.04602788,
       0.09657126, 0.09641572, 0.13094292, 0.09692025, 0.08887398,
       0.0916157 , 0.03712035, 0.11675072, 0.00755587, 0.06406563,
       0.10424655, 0.09872628, 0.11017259, 0.01057475, 0.07223556,
       0.0792268 , 0.00961103, 0.08329104, 0.10913589, 0.10456014,
       0.02239574, 0.01119362, 0.09977962, 0.09762056, 0.01396226,
       0.0152165 , 0.09215745, 0.12377056, 0.0345694 , 0.13469618,
       0.10904605, 0.09331725, 0.09656415, 0.07722369, 0.08655759,
       0.11762204, 0.05332066, 0.12632512, 0.04420578, 0.10553993,
       0.13233857, 0.00771605, 0.01098338, 0.0722972 , 0.10735674,
       0.11466481, 0.09830595, 0.1276577 , 0.09743934, 0.12984183,
       0.13217757, 0.08877963, 0.09303353, 0.11927443, 0.11190261,
       0.04892622, 0.12747669, 0.11549602, 0.08221554, 0.07557432,
       0.08910044, 0.13514351, 0.00905002, 0.10509012, 0.12929619,
       0.12072846, 0.12278565, 0.07726183, 0.09221473, 0.09516861,
       0.0985223 , 0.13069189, 0.05780081, 0.00531529, 0.08756672,
       0.07822448, 0.13335729, 0.10024527, 0.11855237, 0.00969697,
       0.0746071 , 0.11710932, 0.        , 0.11771087, 0.10420624,
       0.10062621, 0.10065269, 0.13419193, 0.08091598, 0.06829226,
       0.10498644, 0.10726833, 0.1254636 , 0.12921936, 0.00853341,
       0.09787036, 0.11861696, 0.01253069, 0.05446849, 0.10656007,
       0.00494938, 0.12133444, 0.11247839, 0.01085048, 0.05478536,
       0.10868358, 0.01635232, 0.12355641, 0.11122564, 0.09624819,
       0.00954626, 0.10428926, 0.06280075, 0.11718106, 0.10504214,
       0.11098701, 0.09491592, 0.10055839, 0.0897658 , 0.07402649,
       0.09792429, 0.12483655, 0.02679955, 0.10668705, 0.12494904,
       0.07052619, 0.08718708, 0.12936352, 0.11337158, 0.08919471,
       0.10012673, 0.11171935, 0.12249442, 0.10623805, 0.07585929,
       0.1135818 , 0.08439277, 0.12073953, 0.11465374, 0.12288095,
       0.12319613, 0.03886516, 0.09080689, 0.07337536, 0.01330839]), 'delta_distances': array([0., 0., 0., 0., 0., 0., 0., 0., 0., 0., 0., 0., 0., 0., 0., 0., 0.,
       0., 0., 0., 0., 0., 0., 0., 0., 0., 0., 0., 0., 0., 0., 0., 0., 0.,
       0., 0., 0., 0., 0., 0., 0., 0., 0., 0., 0., 0., 0., 0., 0., 0., 0.,
       0., 0., 0., 0., 0., 0., 0., 0., 0., 0., 0., 0., 0., 0., 0., 0., 0.,
       0., 0., 0., 0., 0., 0., 0., 0., 0., 0., 0., 0., 0., 0., 0., 0., 0.,
       0., 0., 0., 0., 0., 0., 0., 0., 0., 0., 0., 0., 0., 0., 0., 0., 0.,
       0., 0., 0., 0., 0., 0., 0., 0., 0., 0., 0., 0., 0., 0., 0., 0., 0.,
       0., 0., 0., 0., 0., 0., 0., 0., 0., 0., 0., 0., 0., 0., 0., 0., 0.,
       0., 0., 0., 0., 0., 0., 0., 0., 0., 0., 0., 0., 0., 0., 0., 0., 0.,
       0., 0., 0., 0., 0., 0., 0., 0., 0., 0., 0., 0., 0., 0., 0., 0., 0.,
       0., 0., 0., 0., 0., 0., 0., 0., 0., 0., 0., 0., 0., 0., 0., 0., 0.,
       0., 0., 0., 0., 0., 0., 0., 0., 0., 0., 0., 0., 0.]), 'locations': array([110, 188,  58,  55,  47, 128,  72,  66,  59,  81, 180, 182, 149,
       156, 145,  64, 168, 203,   8,  55, 176, 122, 149,  71,  20,  55,
       122,  77, 160,  68,  71,  70,  43,  82,  85, 176,  25, 167, 205,
       143,  76, 109, 202,  56,  99,  71,  11,  59, 139,  88,  71, 104,
       111,  32, 153, 195,  89, 188, 204, 194,  67,  80, 164, 101,  89,
       136, 177, 145,  78,  10,  63,  60,  82,  79,  31, 112,  87,  75,
       114,  64,  77, 119, 138,  91,   4,  61,  76,  41,  81,  45, 115,
       167,  10, 118, 177, 100,  88,  93, 180,  81, 113,  97,  84, 162,
        27, 258, 211,  49, 174,  99,   7,  99, 141, 209,  73,  97, 141,
        90, 109, 107,  93, 107, 168,  23,  26, 187, 170,  13,  97, 109,
       188, 145, 168, 256,  73, 106,  41,  84, 119, 118, 165, 212,  13,
       180, 117, 166, 112, 114,  55,  47,  51, 192,  68,  55,  62,  68,
        12,  36,  68, 148,  50,  83, 129, 115, 154,  73, 165,  68, 152,
        90, 117, 175, 166,  39, 176, 111,  40,  74,  64, 192,  24,  46,
        79, 170, 250, 236,  83,  33,  95,  71,  92,  69,  42, 204,  84,
       199,  95,   2,  92,  71])}, {'ts_index': 145, 'loc': 85, 'gap': 0.05162597272158935, 'distances': array([0.1213022 , 0.01938092, 0.0845012 , 0.01068192, 0.09187227,
       0.12193198, 0.06202151, 0.08906862, 0.08989977, 0.11606338,
       0.06555558, 0.12320698, 0.12383269, 0.12828587, 0.00468642,
       0.09755712, 0.10711206, 0.10984532, 0.13454798, 0.00675152,
       0.08511869, 0.0413307 , 0.12060085, 0.07494404, 0.09970832,
       0.06161344, 0.09146554, 0.11715374, 0.02055315, 0.11026416,
       0.0914377 , 0.00577392, 0.03181125, 0.09354982, 0.1418946 ,
       0.08485538, 0.07102855, 0.13943865, 0.1287344 , 0.08042182,
       0.00338352, 0.07821607, 0.06801126, 0.0908379 , 0.09874126,
       0.01230951, 0.0061935 , 0.07402484, 0.01314164, 0.10425395,
       0.04364399, 0.07401353, 0.08561699, 0.11920202, 0.00503185,
       0.09885178, 0.0321835 , 0.00522406, 0.00620519, 0.04106724,
       0.13632511, 0.00642448, 0.12622498, 0.04953325, 0.08456086,
       0.13319678, 0.09190867, 0.09126774, 0.12052011, 0.07664225,
       0.00740074, 0.0089384 , 0.05035977, 0.01011266, 0.00640573,
       0.08288357, 0.06900167, 0.09457099, 0.08196265, 0.0160325 ,
       0.04735232, 0.12350714, 0.08417974, 0.09608486, 0.11524159,
       0.12737497, 0.00471886, 0.02715428, 0.0822572 , 0.11896916,
       0.07556735, 0.05018693, 0.0993828 , 0.00680858, 0.10258525,
       0.12481154, 0.10434092, 0.10293366, 0.09307146, 0.07047797,
       0.09815737, 0.02147937, 0.10675111, 0.13731815, 0.10471403,
       0.12799766, 0.00759408, 0.01084671, 0.1136402 , 0.1126563 ,
       0.00934773, 0.01447723, 0.00662188, 0.01193243, 0.07017044,
       0.05220047, 0.10467527, 0.05960796, 0.05470124, 0.        ,
       0.12344254, 0.1221709 , 0.13758664, 0.08914132, 0.09524168,
       0.00628491, 0.12087715, 0.12098026, 0.10471319, 0.10460729,
       0.06325144, 0.13240896, 0.05010344, 0.0613834 , 0.07942591,
       0.00523556, 0.12859144, 0.1240466 , 0.09402264, 0.08776839,
       0.14428376, 0.00244663, 0.08662341, 0.11609657, 0.00674288,
       0.09238015, 0.09825315, 0.03385297, 0.08522464, 0.02240707,
       0.08088648, 0.10853056, 0.12952643, 0.10986549, 0.00727585,
       0.07708345, 0.01976911, 0.11501606, 0.09729267, 0.11660078,
       0.00618177, 0.0335592 , 0.01055624, 0.07160545, 0.00472472]), 'delta_distances': array([0., 0., 0., 0., 0., 0., 0., 0., 0., 0., 0., 0., 0., 0., 0., 0., 0.,
       0., 0., 0., 0., 0., 0., 0., 0., 0., 0., 0., 0., 0., 0., 0., 0., 0.,
       0., 0., 0., 0., 0., 0., 0., 0., 0., 0., 0., 0., 0., 0., 0., 0., 0.,
       0., 0., 0., 0., 0., 0., 0., 0., 0., 0., 0., 0., 0., 0., 0., 0., 0.,
       0., 0., 0., 0., 0., 0., 0., 0., 0., 0., 0., 0., 0., 0., 0., 0., 0.,
       0., 0., 0., 0., 0., 0., 0., 0., 0., 0., 0., 0., 0., 0., 0., 0., 0.,
       0., 0., 0., 0., 0., 0., 0., 0., 0., 0., 0., 0., 0., 0., 0., 0., 0.,
       0., 0., 0., 0., 0., 0., 0., 0., 0., 0., 0., 0., 0., 0., 0., 0., 0.,
       0., 0., 0., 0., 0., 0., 0., 0., 0., 0., 0., 0., 0., 0., 0., 0., 0.,
       0., 0., 0., 0., 0., 0., 0., 0., 0., 0., 0., 0.]), 'locations': array([205,  89, 162,  80, 153, 123, 188,  53, 148,  80, 179,  81, 164,
       117,  99, 161, 123,  70, 153,  77,  81, 156, 178, 172,  58,  53,
       134, 163,  59,  74, 147,  74, 200, 146,  73, 103, 207,  70,  83,
        24,  50,  69,  47, 167,  33, 104,  74,  63,  90, 205,  81, 226,
       181,  70,  64,  58,  88,  59,  72,  85, 129,  48,  95,  74,  96,
       102, 170,   7, 156, 101,  83,  64, 165,  54,  59, 101, 200,  55,
        87,  52, 191,  49, 179,  58, 118, 109,  50, 115, 108,  73,  57,
       199,  63,  98, 197, 221,  65,  88, 109, 151,  52,  89, 196, 147,
        76,  94,  94,  51,  50, 107, 108,  60,  49,  50, 173, 195, 107,
        67, 183,  85,  25,  93,  92,  62, 195,  61,  47,  20, 132, 190,
       199, 167, 174, 199, 177,  86,  62,  54,  67, 183,  24,  55, 173,
       101,  65, 151, 142,  46, 186,  94,  86, 249, 184,  84,  89, 192,
        72,  81,  67, 161, 107, 164,  93, 107,  94])}], 'clusters': array([0, 2, 0, 1, 2, 0, 1, 1, 1, 0, 0, 0, 0, 0, 0, 0, 0, 0, 2, 0, 0, 0,
       0, 2, 0, 0, 0, 0, 0, 0, 0, 1, 0, 1, 2, 0, 0, 2, 0, 0, 0, 0, 0, 0,
       0, 0, 2, 0, 0, 0, 1, 0, 1, 2, 1, 2, 0, 2, 0, 0, 0, 1, 0, 1, 0, 2,
       0, 0, 1, 2, 2, 1, 0, 0, 2, 1, 1, 0, 0, 1, 1, 0, 0, 1, 0, 0, 0, 0,
       2, 2, 0, 2, 2, 1, 0, 0, 1, 1, 0, 0, 2, 0, 0, 0, 0, 0, 0, 2, 2, 0,
       1, 0, 0, 0, 0, 2, 0, 1, 0, 0, 0, 0, 0, 0, 2, 0, 0, 0, 1, 0, 2, 2,
       0, 0, 1, 2, 2, 1, 2, 2, 0, 0, 0, 0, 0, 2, 0, 0, 0, 1, 0, 0, 1, 2,
       0, 1, 0, 0, 1, 0, 0, 1, 0, 0, 0, 1, 0, 2, 0, 0, 0, 0, 0, 2, 0, 0,
       2, 1, 0, 0, 0, 0, 2, 0, 0, 0, 0, 2, 0, 2, 0, 0, 0, 2, 0, 2, 1, 0,
       2, 1]), 'time': 6838.909022331238}
