lenSubsequence: 11{'RI': 0.6170854271356784, 'num_clusters': 8, 'uShapelets': [{'ts_index': 192, 'loc': 352, 'gap': 0.3070699577376519, 'distances': array([1.48548964, 2.59331591, 2.19578618, 1.74894582, 2.22786645,
       2.26661055, 2.12019345, 2.13497136, 2.37218382, 2.311492  ,
       3.10585564, 1.89790918, 1.91239973, 1.78235136, 1.26432636,
       2.27226427, 1.44728109, 1.70400336, 2.70829991, 2.05767282,
       2.10309682, 2.14063955, 1.78874955, 2.44684355, 1.67831264,
       2.77053518, 2.18372909, 2.34113873, 2.52209073, 2.41270091,
       1.171085  , 2.22179082, 2.27320782, 1.35932609, 2.69717345,
       1.47078018, 1.51291127, 2.03255845, 2.13051355, 2.03132964,
       2.64267273, 1.91240555, 2.53008182, 2.39399118, 2.15101336,
       2.28895   , 2.204459  , 1.94211909, 1.77909627, 2.26950773,
       1.88376509, 2.85150327, 2.38012927, 1.68500464, 2.37773445,
       2.79220982, 2.59331218, 1.56104164, 1.75978455, 1.83546445,
       2.22874936, 2.48785982, 2.34795018, 2.138465  , 2.11246218,
       2.26237264, 2.01124891, 2.38019618, 1.74004755, 1.89040982,
       2.23003964, 2.44911182, 0.98816918, 2.206702  , 1.56809755,
       2.336917  , 2.25712382, 2.02465636, 2.18615273, 2.27228155,
       2.44180464, 1.63365573, 2.66299255, 2.47301536, 2.50254482,
       3.08821209, 1.86778227, 2.050056  , 2.41222727, 2.92467536,
       1.29463164, 1.418383  , 1.44675245, 1.41937927, 1.89823582,
       1.75695045, 1.54755764, 1.07261864, 1.718343  , 1.27272264,
       2.14865564, 1.14459045, 1.96050236, 2.44329655, 1.58166618,
       1.25821991, 1.30023909, 1.73716755, 1.048336  , 1.19140336,
       1.11679282, 1.56855636, 1.50631864, 1.37236827, 1.01756545,
       2.13644873, 1.03573627, 1.44965455, 1.75417273, 1.43633945,
       1.85477091, 1.53187882, 1.20134155, 1.60426327, 2.02127682,
       1.14189009, 1.35956627, 1.72769664, 1.40966709, 1.45738064,
       0.68658182, 0.64345191, 1.88230027, 1.535729  , 1.81199164,
       1.14568173, 0.95791909, 1.34239309, 1.65687227, 1.38694727,
       1.483819  , 1.41398345, 1.22670382, 0.90743227, 1.61257255,
       1.23629309, 1.504573  , 1.92601809, 1.40957191, 1.37383273,
       1.33555364, 1.20377182, 1.51903818, 2.73099491, 1.161907  ,
       1.41458236, 1.10684473, 0.97644482, 1.12288627, 1.55253155,
       1.78965782, 1.11629018, 1.27000545, 1.52605345, 1.46976009,
       1.43928545, 0.85769836, 1.252208  , 0.83152273, 0.77045364,
       1.43423309, 0.92649318, 1.56531873, 1.87279609, 1.24145891,
       1.57134382, 2.30617136, 0.74082136, 1.61330073, 1.83182891,
       2.16443191, 2.08704836, 2.30976518, 2.15586064, 2.23189318,
       2.04765045, 2.250588  , 1.69978364, 1.91142818, 1.62835827,
       1.44222864, 1.89955536, 0.        , 1.25558191, 1.08867827,
       1.25438809, 1.99859436, 1.81160755, 1.96635009, 0.83196936]), 'delta_distances': array([3.64774945, 4.62467   , 3.49316673, 3.81801618, 3.61990873,
       4.48713036, 4.22325945, 3.35779182, 3.55926218, 3.98031909,
       4.89509364, 3.83799818, 5.146388  , 3.46188164, 3.41570636,
       4.22159236, 3.50885055, 3.95208109, 3.88377891, 4.54342364,
       3.54853945, 3.42327564, 3.90273364, 4.39747527, 3.44096636,
       4.90433891, 3.31147782, 4.84970345, 4.24824018, 4.05552255,
       2.67916455, 3.99608745, 3.65997455, 3.33372982, 5.55993164,
       3.29353545, 3.91953   , 4.96750873, 4.76226291, 4.55706545,
       5.780876  , 4.01251545, 3.85330345, 4.31258964, 3.48154491,
       3.98918473, 3.18733745, 3.18152127, 4.20684636, 4.59276   ,
       4.105914  , 6.36989636, 3.64056145, 3.04845727, 4.28131855,
       4.38069818, 4.91019818, 2.78377964, 3.45107964, 3.86156545,
       3.41233091, 4.73168473, 4.10501909, 3.97237127, 3.82092855,
       4.07477127, 5.41144327, 4.22076655, 3.40201236, 4.01403945,
       4.25101527, 4.16863527, 3.05107055, 4.62359491, 2.86402545,
       4.48529255, 3.99871473, 3.87233345, 3.04425691, 3.85641309,
       4.53547491, 4.24371291, 4.21386218, 4.300986  , 5.03848636,
       5.48392818, 4.45409836, 3.56382109, 3.92369091, 4.553216  ,
       3.62329418, 3.16309236, 3.34812618, 4.16043109, 3.85734491,
       3.57800873, 3.45230745, 2.90823036, 3.63700218, 2.58993127,
       4.32555673, 3.28529655, 4.84694545, 3.77874491, 3.39743818,
       3.66788636, 3.80542818, 2.79468145, 3.02614964, 2.56790473,
       2.62988291, 3.75949055, 3.19004855, 2.62534545, 2.38795927,
       4.40223964, 3.27429673, 2.46788855, 3.74026818, 3.55783273,
       3.89317291, 2.96528655, 3.05556855, 2.93091273, 4.15565255,
       2.87900491, 2.15591527, 3.78652036, 3.51165127, 2.61731291,
       1.91164382, 2.02644382, 4.62449655, 3.23475655, 3.57391673,
       2.99553727, 3.17485255, 2.61424236, 3.89984618, 3.12562073,
       3.53115364, 3.809708  , 2.366524  , 2.54426473, 3.88856236,
       2.93882364, 2.79423055, 3.99601218, 3.56487345, 2.767352  ,
       3.44315182, 2.93437455, 3.32840582, 5.27525582, 2.68765418,
       3.06341364, 2.51791782, 2.41585527, 2.70844055, 3.91837982,
       3.70664527, 2.89668   , 3.36668709, 3.40689364, 3.39558455,
       2.927584  , 1.893418  , 3.51589836, 2.62387691, 2.93458909,
       3.89699855, 2.57181018, 2.33666636, 3.58216273, 3.43152527,
       4.00615727, 3.96316091, 2.11112218, 3.016232  , 3.75297309,
       4.38088945, 3.13325673, 4.68513182, 3.54499473, 4.61067836,
       3.29145727, 4.55871527, 4.01856927, 3.60840109, 3.88901545,
       4.48255127, 3.61709764, 0.        , 2.73316873, 3.03316273,
       2.45279036, 3.92781236, 3.96587618, 4.43829109, 2.70597655]), 'locations': array([ 25,  81, 239,  59, 165, 446,  67, 365,  33, 323, 102, 135,   0,
       267,  94, 391, 156,  68, 483,  67, 304, 368,  55, 249,  79, 388,
        87, 354, 218, 294,  85, 210, 221, 255,  66, 187,  47, 385, 177,
        19,  55, 379, 136, 111, 297, 186, 364, 347, 266, 353,  50, 444,
         0, 202,   1, 282,  10,  33, 127, 372, 436, 132, 438, 208, 122,
       200,   3, 155, 475,  76,  78,  76, 104, 237, 280, 300,  26, 430,
        37, 341, 416, 423, 318,  38, 412, 160,  88, 179, 164,  27, 425,
       119, 379, 387,  81, 382,  77, 414, 405, 249, 325, 296, 471,  99,
       447,  55, 291, 459, 138, 352, 189, 420, 436, 161, 210,  23, 350,
       107, 287, 427,  99, 373, 396, 154, 122, 298, 172,  79, 129, 188,
        20, 117, 202, 325, 395, 142, 337, 412, 354, 346,  50,  39,  53,
       204, 162, 288, 226, 300, 427, 385, 362,  90, 247, 421,  46, 269,
       307, 445, 157,  81, 249, 239,  27, 247, 391,  56, 243, 292, 131,
       252,  17,  75, 370,  66, 350, 369, 342, 416, 172, 264, 355, 476,
       322, 208, 319, 255, 178, 247, 347, 264,  93,  75, 352,  36, 179,
       387, 136, 416,  56, 342])}, {'ts_index': 83, 'loc': 350, 'gap': 0.2919076595462824, 'distances': array([2.35185127, 2.14735091, 1.61469709, 1.79740936, 0.85004464,
       1.65975618, 1.63028364, 2.18120955, 1.27214445, 1.85789045,
       1.97323082, 1.95197809, 1.54628927, 1.98558036, 1.23170118,
       1.83523009, 1.95136764, 2.38879891, 2.40242618, 2.11620627,
       2.08349936, 2.25323836, 2.25849809, 2.077175  , 1.43970927,
       2.12591891, 1.74444736, 1.80975764, 1.61545218, 1.78023745,
       1.97072555, 1.40645427, 1.90531455, 1.86465564, 2.12394418,
       1.17339827, 2.14246073, 1.75431791, 1.93882745, 1.94621673,
       1.37760491, 1.76473582, 1.101226  , 1.95306055, 1.66575918,
       1.65436336, 1.92422845, 1.74127936, 1.91067573, 1.99361018,
       1.245006  , 0.95160582, 1.69331145, 2.24155227, 2.28065118,
       2.38542673, 0.        , 2.18585391, 1.00203009, 1.67903718,
       2.400222  , 2.05793255, 2.16126291, 1.88091236, 1.69582282,
       0.72036109, 1.82781036, 1.89538673, 1.97469682, 1.49611727,
       1.97374882, 1.58363018, 1.91593945, 0.88582209, 1.59237318,
       1.372183  ]), 'delta_distances': array([4.24148527, 3.12618582, 2.94483291, 3.12960018, 2.32294982,
       3.78157   , 2.67632218, 2.848618  , 2.59249164, 2.46668964,
       2.84787509, 2.58390982, 2.70999364, 2.64488527, 3.04454509,
       3.17457364, 2.95061509, 4.25518418, 2.62000055, 3.35985273,
       2.89318073, 2.58600418, 3.87194291, 2.68618836, 2.91366964,
       3.79190855, 2.67123182, 2.980442  , 3.63696927, 3.88283964,
       3.02167273, 3.33270873, 2.57262545, 2.86210691, 3.10252382,
       2.96785564, 3.540914  , 3.97003618, 3.66685364, 3.77743764,
       2.41906018, 2.96620418, 2.74067945, 2.55059436, 2.52240182,
       2.64675564, 3.92646127, 2.61613509, 3.50009509, 2.24184327,
       2.22059945, 2.03883182, 2.629506  , 4.06924491, 3.24219836,
       2.61434055, 0.        , 3.19736091, 2.03910873, 2.50660564,
       3.31044818, 3.48241564, 3.38461109, 2.95034345, 3.16860418,
       1.91101655, 2.76728509, 3.70979145, 4.44201236, 2.43463964,
       3.690738  , 2.92195655, 3.34146491, 2.53058855, 2.00920345,
       2.59081382]), 'locations': array([ 14,  58, 239,   5,  21,   5, 166, 480, 354, 161, 358, 247, 106,
       310,  65, 125, 349,  97, 249, 253, 375, 456,  76, 424,  45, 427,
        58, 225, 261,  95, 342, 229, 116, 470,  29, 426, 211, 382, 208,
       428, 271,  96, 398, 120, 263, 113, 134, 387, 478, 174, 349, 197,
       306, 324, 217, 183, 350, 387, 263, 287, 370, 165, 423, 110,  57,
       220,  62,  76, 356, 163, 122,  82, 419,   1, 254, 332])}, {'ts_index': 43, 'loc': 0, 'gap': 0.24151325788026656, 'distances': array([1.46247682, 1.54664109, 1.33615464, 1.07015727, 1.590061  ,
       1.80287255, 1.26679209, 1.55217427, 1.99062291, 1.88503109,
       1.83615218, 1.97568727, 1.26618964, 1.92933518, 1.73579718,
       0.98611991, 1.91982618, 1.30159291, 2.03185745, 1.92169073,
       2.22082791, 0.42847845, 1.59636155, 1.94298391, 1.69856964,
       0.        , 2.19683182, 1.83584945, 1.56385609, 1.86579927,
       1.46833827, 1.64450818, 1.60528673, 1.57742791, 0.735925  ,
       1.80921227, 1.93807945, 2.10766827, 0.94245109, 2.02501   ,
       1.69726909, 1.89409091, 2.30011782, 1.21744636, 1.88315018,
       1.51625445, 1.91512491, 1.80306155, 1.85241027, 1.56064909,
       2.13618818, 1.72470627, 1.56474091, 1.96924827, 2.37999255,
       1.85088382, 2.079044  , 1.17043827, 1.91924755, 1.69420073,
       1.58662791, 1.75118064]), 'delta_distances': array([2.43250055, 2.81992382, 1.03640582, 1.30832764, 2.43534582,
       3.37033618, 2.09556182, 1.58861182, 3.50985545, 1.84339982,
       3.28152655, 2.43938891, 2.21641418, 2.16797127, 2.45323891,
       2.19190345, 2.73877818, 2.39826655, 2.44479236, 1.34927255,
       2.86872527, 0.93595127, 3.04450945, 2.80617   , 2.33982473,
       0.        , 1.77517527, 2.17107382, 2.27464273, 2.062036  ,
       1.73644818, 1.18103818, 2.22053091, 2.64612236, 1.54981218,
       1.65146491, 2.12980509, 2.35913945, 1.41227036, 2.46002836,
       2.40882182, 2.67177745, 2.95801982, 2.40731436, 1.88313364,
       1.76798073, 1.70423764, 1.80056345, 1.58048345, 2.69892309,
       1.98906345, 0.98537618, 1.68572945, 2.95759818, 1.58795545,
       2.72183691, 2.04311727, 1.96909636, 3.21536164, 2.27951382,
       2.58018564, 2.90284018]), 'locations': array([ 89, 115, 242, 286, 455, 169, 211,  68, 265, 263, 206, 389, 336,
        95,  53, 228,  78, 416,  86, 289, 270, 382, 430, 397,  36,   0,
       128, 279,  20, 307, 166, 131, 385, 211, 299, 299, 123, 189, 224,
       155, 289, 481, 195,  41, 284,  62, 290, 131,  48, 223,  12, 126,
       346, 414, 243, 354, 413, 227, 112,  58, 422, 300])}, {'ts_index': 80, 'loc': 1, 'gap': 0.16120648419038042, 'distances': array([1.36647391, 0.73072955, 1.11569436, 1.11133518, 1.44934355,
       1.38544373, 1.220902  , 1.18735155, 0.97050955, 0.76004336,
       0.83920382, 0.88969018, 0.92502545, 1.12696191, 0.88144073,
       1.36288   , 0.98710536, 1.45358155, 1.372038  , 1.09087236,
       0.88490809, 1.19623527, 1.030879  , 0.97823364, 1.333616  ,
       1.23944509, 0.87760936, 1.43450336, 0.90344673, 1.19171145,
       1.143308  , 0.83612545, 1.14337845, 0.94486645, 0.        ,
       1.58380018, 1.43435945, 1.54502964, 1.42026645, 1.51205645,
       1.08835909, 0.98808318, 1.116405  , 1.218188  , 1.00016064,
       1.04169255, 0.90898418, 1.39247136, 1.52160864, 1.03107873]), 'delta_distances': array([2.55023164, 1.80152145, 2.49049855, 2.73415127, 2.96648327,
       2.37390109, 3.20510473, 2.54854164, 1.90084927, 1.63687309,
       2.35790418, 2.75150509, 2.15122345, 2.300534  , 1.43356255,
       2.43212327, 2.36923491, 2.70973927, 2.83472655, 2.69462582,
       2.26173636, 2.42348964, 3.30852418, 2.44674491, 3.30512673,
       2.32398545, 2.28141364, 3.56969145, 1.93787709, 2.56260709,
       2.45235182, 2.61849673, 2.019464  , 1.99610582, 0.        ,
       3.05411345, 2.74146764, 2.80948309, 3.07347473, 2.54729418,
       2.91179073, 2.31559164, 2.68179673, 2.53457836, 1.60099273,
       2.52354527, 2.62394618, 2.69648036, 2.26338564, 2.61711527]), 'locations': array([227, 236, 166, 297, 178, 433, 390, 478, 284,  84, 424,  71, 199,
       112,   5, 487, 229, 212, 370, 411,  77, 100,  84,  34, 435,   3,
       257, 102, 110, 264, 321, 204, 343, 188,   1, 374, 186, 269, 289,
       187, 224,  96, 368, 343, 340, 321, 339, 115, 456, 427])}, {'ts_index': 88, 'loc': 244, 'gap': 0.2505913348425842, 'distances': array([0.35268764, 0.95508382, 1.06775391, 0.92307873, 0.92673027,
       0.81067091, 0.845626  , 0.62374882, 0.349686  , 0.83868464,
       0.85270291, 0.        , 0.76917973, 0.51343855, 0.77029273]), 'delta_distances': array([1.07103709, 1.62079345, 1.81789655, 1.44228109, 1.38420909,
       0.98309891, 1.31041255, 1.25363455, 0.95753164, 1.34499164,
       1.20727673, 0.        , 0.95247836, 1.01576509, 1.21782691]), 'locations': array([461, 378,  18, 303, 338, 147, 215,  95, 412, 104, 469, 244, 444,
       451, 208])}, {'ts_index': 15, 'loc': 268, 'gap': 0.2862853795347434, 'distances': array([0.        , 1.11813227, 0.57238009, 1.28865027, 1.04681373,
       0.64015209, 1.08578945, 0.86917955, 1.02870973, 1.21290355,
       1.10827973]), 'delta_distances': array([0.        , 1.67109473, 1.33391927, 2.30182345, 2.67905473,
       1.412714  , 2.59979309, 1.83972982, 1.95975018, 2.080338  ,
       2.15432709]), 'locations': array([268, 158, 216,  76, 480, 479, 390, 183, 136, 373, 473])}, {'ts_index': 184, 'loc': 242, 'gap': 0.23173069915700406, 'distances': array([0.74754982, 0.69998064, 0.80773727, 0.53691364, 0.22556382,
       0.72380345, 0.41194673, 0.        ]), 'delta_distances': array([1.84827745, 1.64415473, 1.85800255, 1.03204273, 0.80164982,
       1.91322855, 1.61951709, 0.        ]), 'locations': array([348,  79, 284, 444, 175, 374,  20, 242])}, {'ts_index': 65, 'loc': 11, 'gap': 0.2862065281910451, 'distances': array([0.48039555, 0.205581  , 0.620583  , 0.        , 0.90700327]), 'delta_distances': array([1.273434  , 0.864596  , 1.86097073, 0.        , 2.04498255]), 'locations': array([148, 209, 292,  11, 416])}], 'clusters': array([1, 5, 4, 1, 3, 3, 2, 4, 4, 3, 2, 1, 1, 1, 1, 6, 1, 1, 0, 4, 4, 4,
       1, 2, 1, 3, 4, 4, 3, 4, 1, 3, 4, 1, 4, 1, 1, 4, 3, 6, 4, 1, 8, 3,
       0, 4, 2, 1, 1, 4, 1, 4, 4, 1, 2, 4, 6, 1, 1, 1, 4, 3, 2, 4, 2, 8,
       4, 3, 1, 1, 4, 4, 1, 4, 1, 4, 2, 2, 3, 4, 4, 1, 5, 2, 7, 2, 1, 0,
       5, 7, 1, 1, 1, 1, 1, 1, 1, 1, 1, 1, 4, 1, 1, 4, 1, 1, 1, 1, 1, 1,
       1, 1, 1, 1, 1, 4, 1, 1, 1, 1, 1, 1, 1, 1, 2, 1, 1, 1, 1, 1, 1, 1,
       1, 1, 1, 1, 1, 1, 1, 1, 1, 1, 1, 1, 1, 1, 1, 1, 1, 1, 1, 1, 1, 4,
       1, 1, 1, 1, 1, 1, 1, 1, 1, 1, 1, 1, 1, 1, 1, 1, 1, 1, 1, 1, 1, 1,
       4, 1, 1, 1, 4, 3, 4, 5, 7, 2, 4, 1, 1, 1, 1, 1, 1, 1, 1, 1, 2, 1,
       1, 1]), 'time': 1641.576022863388}
lenSubsequence: 14{'RI': 0.6112562814070351, 'num_clusters': 13, 'uShapelets': [{'ts_index': 162, 'loc': 28, 'gap': 0.20971261607844938, 'distances': array([0.86107093, 1.4613875 , 1.03137057, 1.16239129, 0.69177364,
       1.08895736, 1.24300271, 1.02704093, 0.9322535 , 1.31840043,
       1.7034285 , 0.73027321, 1.31238429, 1.1715355 , 0.92571671,
       1.41959043, 0.95659186, 1.11286   , 1.24092914, 0.9458865 ,
       1.36467564, 1.18717557, 0.91140343, 0.9605205 , 1.26662021,
       1.64819179, 0.97535779, 1.30743643, 0.95429743, 1.1546505 ,
       1.22474114, 1.23966121, 1.04136736, 0.80909364, 1.51802864,
       0.85613036, 1.15698379, 1.09379764, 1.2993695 , 0.63803436,
       1.44685771, 0.91147371, 1.24193171, 1.37379414, 1.33781907,
       1.02818871, 1.31489036, 0.78269264, 1.00219164, 1.19899543,
       1.014201  , 1.24951529, 1.47821593, 0.68367964, 1.3867605 ,
       1.17671836, 1.30320329, 1.04694879, 1.47524407, 0.8246305 ,
       1.13199643, 1.26891857, 1.39074193, 1.00071957, 1.03073571,
       1.0337435 , 1.04292514, 1.33185193, 0.99396257, 0.57333564,
       1.38625   , 1.00854271, 0.98910186, 1.40443886, 1.56901671,
       1.31724343, 1.17850121, 0.67392464, 1.3367635 , 1.14964807,
       1.35821586, 1.58023343, 1.33865421, 1.268634  , 1.01457314,
       1.77980479, 0.60825314, 1.16841821, 1.04422157, 1.2999275 ,
       0.60413243, 0.66646979, 0.58592993, 1.07288021, 0.72706443,
       0.54682814, 0.699742  , 0.705171  , 0.68601779, 0.59411986,
       0.99497314, 0.58301486, 0.82176229, 1.213129  , 1.01453443,
       0.739506  , 0.62605971, 0.75349336, 0.61378493, 0.49385107,
       0.54481971, 0.34901779, 0.55757529, 0.75628629, 0.657604  ,
       0.75081421, 0.47470586, 0.87219693, 1.19263043, 1.11335186,
       0.58540571, 0.512739  , 0.40712043, 0.47451257, 1.11200914,
       0.75701371, 0.5601255 , 0.945482  , 1.06738936, 1.06874686,
       1.12367093, 0.47014907, 0.81541043, 0.84438893, 0.59186171,
       0.75774021, 0.53675543, 0.74790429, 0.41594607, 1.10717093,
       0.52262271, 0.90873564, 0.51767414, 0.83045871, 0.76373314,
       0.718591  , 0.54266221, 0.66011671, 0.37063293, 0.45747514,
       0.48549229, 0.64481214, 0.54806443, 1.32328979, 0.51798579,
       0.94864579, 0.61463036, 0.4115355 , 0.460339  , 1.09041186,
       0.77305864, 0.56363171, 0.        , 0.90071886, 0.76390871,
       0.93508443, 0.5160465 , 1.01802029, 0.58230257, 0.81024971,
       0.5873175 , 0.55765957, 0.53150871, 1.03688164, 0.5940505 ,
       0.93866236, 1.00405621, 0.80750921, 0.77008129, 1.18443179,
       1.385369  , 1.40619771, 1.14529057, 1.20864064, 1.53255857,
       0.73585164, 1.07495757, 1.12955821, 0.65850793, 1.18891807,
       0.79419593, 0.5028305 , 1.17028264, 0.81917121, 0.43860979,
       0.57047943, 0.62586171, 0.87335193, 0.86839129, 0.78344943]), 'delta_distances': array([2.16984857, 2.95287143, 2.11979043, 2.52062929, 1.886372  ,
       2.301012  , 2.60401071, 2.32829214, 2.44152571, 2.38796957,
       3.14734043, 1.83457229, 2.678039  , 2.09009029, 2.06086243,
       2.82508371, 2.34211214, 1.81644043, 2.80754357, 1.83101557,
       2.36794143, 2.01345786, 2.55645243, 2.51438   , 2.83554586,
       3.19613671, 2.26420371, 2.56839557, 2.11497943, 2.67157214,
       2.36609086, 2.92049843, 2.18279414, 2.10720886, 2.64221171,
       2.60516771, 2.81902257, 2.520824  , 2.78523443, 1.82759629,
       3.00306329, 1.85358757, 2.45523043, 2.68448086, 3.190385  ,
       2.31505214, 2.39056743, 2.195513  , 2.77146914, 1.90447657,
       2.71237443, 2.50382057, 3.309916  , 2.46906686, 2.11905986,
       2.31343843, 2.46432014, 2.29256457, 3.09521014, 1.76280557,
       2.60840157, 2.19197786, 3.22883643, 2.536572  , 2.19668986,
       2.132641  , 2.20201486, 2.25803771, 2.17881614, 2.12915957,
       2.46410714, 1.783104  , 2.28128114, 3.400206  , 2.40172871,
       2.51306914, 2.598071  , 1.96495357, 2.99514986, 2.08408486,
       2.98982729, 2.56638986, 1.79243414, 3.15234914, 2.33680114,
       2.68358614, 1.92946   , 2.54225943, 2.37239943, 3.02790486,
       1.52333414, 1.98413443, 1.65962257, 1.97231314, 2.05796714,
       1.69244043, 1.91745429, 2.23151829, 2.2172    , 1.77107757,
       1.87281129, 1.32879729, 2.94866986, 2.85332143, 2.71536386,
       2.27371071, 1.71649271, 2.04123443, 1.67344029, 1.86060457,
       1.89812229, 1.62117714, 1.84198   , 1.45376629, 2.27858529,
       1.98727471, 1.825834  , 2.49133014, 2.81876057, 2.31608629,
       2.00912743, 1.68348514, 1.22590671, 1.42460557, 3.02977643,
       1.53854957, 1.92043729, 2.64770657, 2.878448  , 2.604964  ,
       2.68647614, 1.65634986, 2.21830971, 2.09285071, 1.72485   ,
       2.16211071, 1.83156386, 2.00913286, 1.65408   , 2.489644  ,
       1.36748871, 2.10309929, 1.56869671, 2.73359014, 2.40512829,
       1.58037543, 1.75366543, 1.62983886, 1.65664214, 1.78587643,
       1.526329  , 1.73517871, 1.78351486, 2.42730786, 2.02050786,
       1.86825957, 1.51501486, 1.42950214, 1.60350657, 2.3674    ,
       1.84811829, 1.70768243, 0.        , 2.49432457, 1.81402743,
       1.56609886, 1.527309  , 2.93109257, 1.553708  , 2.42477986,
       1.47474114, 1.70810043, 1.982693  , 2.078115  , 1.81210714,
       2.24706871, 3.02922371, 1.85897014, 2.10714443, 2.64557686,
       2.74583943, 2.39313957, 3.03061057, 2.78232657, 2.77410686,
       1.80402571, 2.66666243, 2.78109414, 2.04197086, 2.471281  ,
       1.83725843, 1.855496  , 3.06664029, 1.84742671, 1.83046771,
       1.76040714, 1.90516243, 2.63969957, 2.59674871, 2.50457257]), 'locations': array([ 26, 229, 235,  58, 159, 389,  65, 363,  57, 263, 112, 135, 414,
        70,  98, 385, 209,  66, 429, 451, 303, 369, 409, 247, 268, 164,
        86, 348, 217, 293, 217, 449, 224, 253,  87, 187,  45, 385, 472,
        20, 453, 244,   6, 473, 402, 418, 365, 348, 267,  84,  45,  99,
       283, 197, 121, 281, 431,  29, 128, 294, 437, 403, 437, 201, 121,
       102, 225,  96, 145,  77, 108,  73,  99, 230, 194,  14, 335, 431,
       181, 342, 414, 462, 216, 139, 185, 237,  89, 180, 166, 369, 418,
       118, 375, 244,  80, 380,  75,  52, 290, 247, 415, 289, 467, 154,
       444,  51, 286, 106, 164, 351, 189, 421, 431, 461, 210,  21, 351,
       107, 367, 191, 100, 371, 397, 148, 118, 296, 168,  78, 122, 308,
       253, 118, 276, 320, 396, 135, 330, 410, 347, 346, 249, 202,  54,
       199, 159, 289, 225, 304, 424, 384, 362, 311,  27, 422,  47, 270,
       304, 441, 158,  78, 386, 232,  28, 240, 318, 451, 241, 291, 132,
       251, 104,  71, 371,  67, 351, 365, 339, 412, 167, 261, 402, 116,
       401, 205, 219, 256, 185, 248, 437, 259, 433,  72, 353, 387, 180,
       388, 136, 411, 150, 337])}, {'ts_index': 24, 'loc': 456, 'gap': 0.18610369885112799, 'distances': array([1.04992357, 1.67383529, 1.16261229, 1.63272807, 1.43509743,
       1.8267015 , 1.83946779, 1.91023786, 1.186381  , 1.57102264,
       1.62764643, 1.74522293, 2.07728057, 1.75287257, 1.90984493,
       1.85933157, 1.73685921, 1.85450657, 1.77042114, 1.28952193,
       2.11050421, 0.        , 1.28425907, 1.75843743, 0.93934014,
       2.19223207, 1.63149321, 1.95610364, 1.86465986, 1.62995571,
       2.02298007, 1.98694686, 1.71658964, 2.2379795 , 1.31080671,
       1.39773786, 1.49683529, 1.51962693, 1.50851929, 1.47611679,
       1.70456171, 1.819799  , 1.40015107, 1.52792907, 1.73801907,
       1.75919871, 1.21111364, 1.647117  , 1.69161871, 1.82241236,
       1.560944  , 1.76770693, 1.82331943, 1.28080586, 1.62844064,
       1.50340586, 1.17253043, 1.82525079, 0.8097215 , 1.53290293,
       1.783774  , 1.36178229, 1.07174093, 1.60326879, 1.23320429,
       1.2296225 , 1.62443536, 2.09084514, 1.79722207, 1.26573457,
       1.22131179, 1.88897886, 1.68297386, 1.5954055 , 1.71018371,
       1.61926457, 1.16125743, 1.27581207, 0.69701914, 1.72213636,
       2.16867379, 1.81922757, 1.44680864, 1.5440375 , 1.59710243,
       1.90761386, 2.01748671, 2.10093064, 1.651844  , 1.70140393,
       1.77393064, 1.85345029, 1.83714864, 0.96310457, 1.71697621,
       2.07917371, 1.87032236, 2.03954529, 2.17003393, 1.80882543,
       1.80307757, 1.89900986, 1.58446636, 1.80023643, 1.69869436,
       2.29262293, 1.84798836, 1.58338557, 1.86516521, 1.72353729]), 'delta_distances': array([2.10483057, 2.312743  , 2.35519614, 3.027675  , 2.47684014,
       3.34220486, 2.33158471, 2.18016   , 1.870737  , 3.10726357,
       1.96479757, 3.103361  , 2.18921914, 2.77992529, 1.705547  ,
       3.00303086, 2.47623857, 2.68625571, 2.38964557, 1.702062  ,
       2.91726829, 0.        , 1.96642443, 3.20650371, 2.01947957,
       3.53276971, 2.75007743, 2.33914529, 2.78153957, 2.64814014,
       3.46523614, 2.33257143, 1.93080643, 2.814267  , 2.35674757,
       2.85323843, 2.669237  , 2.58278   , 2.09316186, 2.218609  ,
       2.38624157, 2.26322657, 2.40208929, 2.006733  , 2.59005986,
       2.91992271, 1.85989057, 2.490076  , 2.47059014, 2.71233043,
       2.303749  , 2.65319357, 2.25479271, 2.00972657, 2.76393886,
       2.17447286, 1.21835829, 2.47635586, 1.89062457, 2.17246257,
       3.265119  , 2.19782143, 2.04855286, 2.41463771, 2.31943271,
       1.71385157, 2.51826771, 2.31032657, 2.19848714, 2.386024  ,
       2.23654743, 2.96908029, 3.20877386, 2.45313343, 3.05824257,
       2.39051914, 2.16435029, 2.32195257, 1.82688557, 2.60815114,
       1.90015857, 3.11391857, 2.923616  , 2.27734414, 2.391308  ,
       2.78510086, 3.42164243, 3.24240186, 2.96721857, 2.31351014,
       3.35676243, 2.14340343, 3.20315829, 1.743888  , 2.50591557,
       2.698333  , 3.10733871, 3.158701  , 3.50983143, 2.76134271,
       2.95733629, 1.78738   , 1.95981643, 2.584294  , 2.49690714,
       2.63469514, 2.28839843, 2.25043957, 2.76180729, 1.56248557]), 'locations': array([484, 472, 301,  24, 220, 376, 368, 354, 393,  36, 395, 485, 237,
       126, 116, 131, 129, 393,  62,  77, 382, 456, 230,  23, 145, 475,
       462,  17,  82, 314, 330,  71, 320, 124, 154, 485, 126, 119, 269,
       433,  14, 285, 126, 449, 390, 388, 209, 306, 392, 235, 342, 480,
       201, 336, 343,  48, 260, 171, 418,  59, 276,   7, 421, 385, 168,
       215, 377,   0,  66,  33,  17, 421,  41, 477, 382, 104,  84, 195,
       311,  44,  20,  94, 236, 362, 148,  69,  35, 139, 152, 216, 462,
       203, 158, 315, 346, 250, 247,  85, 119, 198, 473,  11, 378, 354,
       446, 332, 459,  58, 130,  95])}, {'ts_index': 139, 'loc': 470, 'gap': 0.1590888158086058, 'distances': array([1.00570464, 0.62550586, 1.2944455 , 1.59562186, 1.09787079,
       1.24149871, 1.73263593, 1.29212971, 0.93043743, 1.12496029,
       0.67168443, 1.44838807, 1.316656  , 1.39478657, 1.622903  ,
       1.25544564, 1.302084  , 0.82303936, 1.33472479, 1.42998964,
       1.10714921, 1.34466579, 1.35801607, 1.32598507, 1.34183186,
       1.16331886, 1.01887114, 1.10438571, 1.34096586, 1.3111865 ,
       1.22715521, 0.55669093, 1.29178164, 1.25475914, 1.27253529,
       1.44725307, 1.00524264, 1.158669  , 1.27569907, 1.39782493,
       1.33178043, 1.31659971, 0.81265071, 0.89399879, 1.26592029,
       1.33667286, 0.68570571, 1.45560679, 0.91017686, 1.25303407,
       1.08041014, 1.20890371, 1.0523925 , 1.21990336, 1.05936814,
       1.61973407, 0.91351757, 1.2813655 , 1.37878686, 1.13397029,
       1.09904357, 1.46687407, 1.00237871, 1.1666885 , 1.28494093,
       0.70561986, 0.88819071, 0.98155829, 1.1741405 , 0.        ,
       1.29738471, 1.30431057, 1.29010529, 1.45828029, 1.31144379,
       1.38772936, 1.41732464, 1.16912993, 1.15351171, 1.22733557,
       1.3266955 , 1.48228229, 1.0723195 , 1.12469079, 1.29350957,
       1.13550929, 1.50366021, 0.73824364, 0.728928  ]), 'delta_distances': array([2.40667357, 1.65383086, 2.93215871, 2.54412029, 1.95707743,
       2.46478886, 3.25063043, 2.28835786, 2.11307457, 1.50192214,
       1.87018729, 2.432726  , 2.143722  , 2.02905671, 2.16367843,
       1.95702386, 2.08024714, 2.00234471, 2.35098914, 1.87405386,
       2.03804114, 2.543888  , 2.03546629, 1.78708771, 3.25595571,
       1.76202114, 2.28532543, 2.32313114, 2.34633743, 1.809129  ,
       2.04315871, 1.22387557, 2.25860057, 1.62282286, 2.17988471,
       2.57363871, 2.257878  , 1.67090243, 2.50839857, 2.20807929,
       2.751492  , 1.90105471, 2.18453714, 2.02138957, 2.06960071,
       2.67279657, 1.04745786, 1.92859143, 2.38926914, 2.51262086,
       1.91281629, 1.89827871, 2.08729157, 2.36207714, 2.21250057,
       2.96403414, 2.30740214, 2.88351329, 2.78466214, 2.44714671,
       2.42877343, 2.69233871, 1.87039257, 2.29288143, 2.085931  ,
       1.798848  , 2.237117  , 1.70855714, 2.05469086, 0.        ,
       2.17135871, 2.08043457, 2.32990429, 1.731628  , 2.47256971,
       2.36012471, 2.54953114, 2.06091757, 2.43521486, 2.67764486,
       2.03147371, 3.17103571, 1.68631143, 1.72679   , 2.21416514,
       2.62791014, 2.29044229, 1.68193343, 2.06869343]), 'locations': array([456, 302, 297,  56, 286,  76,   2,   7, 228, 339, 187, 204, 429,
       431, 355, 401, 277, 349, 376, 386, 353, 118, 306, 300,  12, 187,
       411, 153, 386, 361, 377, 378, 153, 253, 241, 197,  93, 285,  93,
        39, 183, 384, 364, 443, 333, 123, 360, 276, 218, 429, 123, 325,
       311, 458, 224, 191,  89, 105,  58, 204, 191, 364, 217, 134,  74,
       205, 160, 461, 377, 470, 198, 409, 420, 403, 309, 123, 182, 469,
        76, 395, 314, 357, 255, 400, 240, 384, 201, 309, 422])}, {'ts_index': 153, 'loc': 135, 'gap': 0.16388873067745435, 'distances': array([1.00442964, 1.12471829, 0.76878671, 0.748394  , 0.79275329,
       1.03207829, 0.78126093, 0.9499155 , 1.13419693, 1.29447693,
       1.20224364, 0.64752421, 1.23725736, 0.67009443, 1.1826455 ,
       0.86565186, 1.07690471, 0.66221   , 1.10325264, 0.90835779,
       0.74117807, 1.15812386, 1.04758893, 1.09493414, 0.81970243,
       1.05307314, 1.26564886, 1.15821743, 1.28461936, 0.72245379,
       1.12291671, 0.90394907, 0.60969557, 1.04752757, 0.86917729,
       0.79130564, 0.90308214, 0.67835021, 1.16652629, 1.15462736,
       0.90805657, 0.80756607, 1.02934286, 0.82722757, 0.80527379,
       0.89657229, 1.1349055 , 1.19545064, 0.76372864, 0.88026571,
       0.55770893, 0.31497514, 0.40110171, 0.30959943, 1.02845793,
       0.71843671, 0.42656607, 0.        , 1.17581543, 0.85960257,
       0.57078193, 0.38815043, 0.770127  , 0.60975421, 1.08826364,
       0.29921236, 0.89891743, 1.05579943, 1.1727845 , 0.76547236,
       0.86483921, 0.61088307, 1.14426057]), 'delta_distances': array([2.280099  , 2.26393171, 1.89787071, 2.39056171, 1.59681429,
       2.55583271, 1.43295671, 1.90025757, 2.405794  , 2.51161414,
       2.19363   , 2.03933329, 2.81078643, 1.71636086, 2.50016257,
       2.64119757, 2.38780157, 1.42846314, 1.97795843, 2.43470171,
       2.16093814, 2.91794271, 2.55412143, 2.59240686, 1.80205786,
       2.61244757, 2.50392643, 2.959276  , 2.39320971, 2.313886  ,
       2.676087  , 2.19914143, 1.77863943, 2.52386014, 2.85332457,
       2.160016  , 1.76959271, 1.56474971, 2.70367371, 2.80528043,
       2.33373986, 2.14159857, 2.38164243, 2.68563129, 2.00758429,
       2.336723  , 2.251642  , 2.68376543, 1.55095686, 1.65221371,
       1.190921  , 1.44566457, 0.900559  , 1.07686629, 2.49962857,
       2.17319471, 1.47627271, 0.        , 1.97430371, 2.20450443,
       1.821787  , 1.40419971, 1.442354  , 1.36990486, 1.91190629,
       0.96735671, 2.58635829, 2.00080071, 3.033353  , 2.09519986,
       1.66751243, 1.70231657, 2.579176  ]), 'locations': array([342, 277, 413, 108, 104, 484, 458, 364, 430, 299, 469, 380, 484,
        97, 140, 241,  97,  47, 127, 190, 361,  61, 219, 424, 236, 348,
       276,  37, 454,  35,  82,  62, 132, 412,  74,  16, 336, 433, 405,
       189, 314, 289, 384, 281, 180, 108, 120, 354,   4, 307, 141, 429,
       311, 408, 250,   3,  20, 135, 383,  90, 276, 279,  55, 354, 424,
       102, 109, 282,  96, 292, 270, 136, 270])}, {'ts_index': 85, 'loc': 419, 'gap': 0.16467673893146428, 'distances': array([1.34189864, 1.30943121, 1.28265029, 1.26209129, 1.38199864,
       1.49542179, 0.97847093, 1.37746971, 0.92415621, 1.03281386,
       1.32758979, 1.35217914, 0.98368607, 1.15251229, 1.3662675 ,
       1.33934379, 1.50270557, 1.26067279, 1.30535964, 1.18079814,
       0.88955964, 1.31990586, 1.11462236, 1.28969207, 0.89601236,
       1.27712464, 1.39168879, 0.62422086, 0.92344714, 1.24475507,
       1.15434807, 0.85259614, 1.30041379, 1.38330229, 1.49944507,
       0.85666629, 1.27839543, 1.19383936, 1.43564679, 1.36235079,
       1.24419593, 1.13382029, 0.72427121, 1.13473643, 0.        ,
       1.261955  , 1.24000414, 1.5953345 , 1.3896805 , 0.80089914,
       1.448728  , 1.27347521, 1.38422164, 1.19476707, 1.246731  ,
       1.269201  , 0.67397471, 1.28458729, 1.22221764]), 'delta_distances': array([1.849037  , 2.42299286, 2.88268929, 1.97710443, 1.80368429,
       2.77541457, 2.03032371, 1.63299257, 1.839366  , 2.05456329,
       2.29406714, 1.643914  , 1.51753714, 2.30210229, 2.02103414,
       1.94470771, 2.24450343, 2.16591414, 1.72012757, 2.747741  ,
       1.789126  , 2.41082371, 1.76160057, 2.08170229, 1.39116429,
       2.67881257, 2.06397371, 1.28407971, 2.01748171, 2.16242757,
       2.50680029, 2.01402414, 2.53564071, 2.120221  , 2.30866   ,
       1.28395829, 1.84585257, 2.29599514, 2.80160914, 2.28443086,
       2.39034129, 2.27463486, 1.54583829, 2.14488771, 0.        ,
       2.03258543, 1.87275786, 2.36525686, 1.62948   , 1.51656643,
       2.24797214, 1.93110371, 2.55767271, 2.27415443, 2.32042286,
       2.14260171, 1.15203043, 2.14365957, 2.36358071]), 'locations': array([179, 205, 101, 263, 368, 112, 215, 465, 152, 131, 462,  47,  50,
       104, 219, 337,  86, 117, 123,  67,  93, 485, 250, 209, 409, 178,
       249,  54, 238, 259, 129, 154, 473, 342, 136, 301, 383,  30, 177,
        38, 422, 436, 405, 173, 419, 475, 294, 484, 455, 349, 270, 399,
       419, 225, 128, 407, 258, 230, 465])}, {'ts_index': 87, 'loc': 112, 'gap': 0.2364639247258402, 'distances': array([1.292379  , 1.57451043, 0.77511014, 1.4671815 , 1.77019964,
       1.588384  , 1.15115   , 1.81252421, 1.36633443, 1.79262436,
       1.66500914, 1.69838614, 1.8748185 , 0.8695625 , 1.39207414,
       0.94584621, 1.73024671, 1.54185593, 0.87678021, 2.00537986,
       0.69820086, 1.1390485 , 0.92262179, 1.67556229, 1.79595086,
       1.64003571, 1.45604814, 1.35208636, 1.59758071, 1.56640636,
       1.08492214, 1.04428379, 1.61458029, 1.73651621, 1.60557921,
       1.37107614, 0.        , 1.51200336, 1.66073143, 1.41908136,
       1.49980607, 1.34913107, 1.0838775 , 1.26132536, 0.92275329,
       1.571529  , 1.76161264, 1.44652393]), 'delta_distances': array([1.76108057, 2.69620214, 2.24009157, 2.13084414, 2.66948371,
       2.376567  , 1.99568686, 2.25285657, 1.86321786, 1.89019786,
       3.33986843, 1.97213657, 2.85759814, 2.05497643, 2.42092943,
       2.30963157, 3.26188671, 3.45247543, 1.761574  , 2.88889257,
       1.50423943, 2.24631   , 1.80277614, 2.53988429, 1.99942886,
       2.817298  , 2.163528  , 2.43520257, 2.44254043, 2.36685614,
       2.42857029, 2.03645014, 3.24675914, 2.245228  , 2.357761  ,
       2.37567557, 0.        , 1.77519257, 2.861029  , 2.08238971,
       2.74773657, 2.32548486, 2.11410586, 2.62078657, 2.389533  ,
       2.54958057, 2.69239571, 2.20048814]), 'locations': array([176, 409,  40, 181,  47,  61, 258, 378, 299, 116,  37,  32,  74,
       123, 253, 418, 418,  34, 130,  72, 195,  40, 467,  55,  36, 190,
       246, 236,  64,  83, 422, 382,  59, 227, 426,  49, 112, 369, 485,
       230, 424, 181,  20, 382, 142, 384,  90,  55])}, {'ts_index': 41, 'loc': 276, 'gap': 0.18837025325552692, 'distances': array([1.63187443, 1.53208071, 0.79225757, 1.18135757, 1.29153636,
       1.726976  , 1.86189693, 1.51230293, 1.54047907, 1.22464786,
       1.92297964, 1.20912429, 1.89103529, 1.57267557, 1.98033193,
       0.        , 1.49909086, 1.67764414, 1.70543243, 1.13633586,
       1.34405664, 0.97459929, 1.66554736, 1.83011171, 1.593813  ,
       1.983471  , 1.15136129, 1.73195364, 1.831046  , 1.71179886,
       1.7555785 , 1.93441821, 1.88725271, 1.69175036, 1.20767114,
       1.79278314, 1.76927521]), 'delta_distances': array([2.66291714, 2.20680271, 2.15281557, 2.27304886, 1.87870614,
       3.34407429, 2.78580486, 2.38644914, 2.713955  , 1.75639457,
       2.98597471, 1.68919329, 2.66144714, 2.79220457, 2.73898757,
       0.        , 2.13215214, 2.53298114, 2.95478457, 2.40169871,
       2.44033429, 1.63646229, 2.445295  , 2.85287271, 1.90667314,
       2.49627171, 2.21057314, 2.10857771, 2.76041871, 2.67940686,
       2.462307  , 2.38825029, 2.41581729, 2.68181143, 2.38488014,
       2.88400514, 2.52214243]), 'locations': array([474, 258, 121,  74,  38, 352, 469,  67, 176, 432, 357, 243, 300,
        46,  75, 276,  70,  98, 319, 120,  42, 141,  20, 222, 306, 191,
        44, 451, 194, 252, 118, 191, 217, 269, 302,  65, 422])}, {'ts_index': 76, 'loc': 358, 'gap': 0.23823402301212915, 'distances': array([2.52754293, 1.22398936, 1.73210021, 1.612302  , 1.81502236,
       1.22852814, 0.92454621, 1.6723455 , 1.81623136, 1.73481914,
       1.71090971, 1.77271379, 1.58113236, 0.588092  , 1.84989757,
       0.        , 1.45855857, 1.74343557, 0.99195586, 1.79766114,
       1.14828614, 1.64651993, 1.882223  , 1.83360343, 1.37997886,
       1.520809  ]), 'delta_distances': array([2.91171071, 2.32639771, 2.80910557, 3.22577529, 2.57973886,
       2.76776586, 1.83529929, 3.28245943, 2.686016  , 2.996796  ,
       2.46261586, 2.18514814, 3.17328729, 1.48070214, 3.03992614,
       0.        , 2.40658343, 2.77356486, 1.61806786, 2.34421271,
       3.13190529, 2.76345271, 2.67984329, 3.11810671, 2.79056957,
       3.28230157]), 'locations': array([222,  21, 435,  20, 341, 240,  65, 453, 351, 403, 198, 363, 244,
       157, 164, 358, 265, 326, 144,  91, 473,  51, 161, 471, 419, 201])}, {'ts_index': 30, 'loc': 471, 'gap': 0.22112987853422772, 'distances': array([0.947281  , 1.05764214, 0.45065179, 0.30664843, 0.894465  ,
       0.        , 0.79905636, 0.95697043, 0.39553343, 0.78364721,
       0.79580579, 0.82353314, 0.67975486, 0.78384821, 0.77012271,
       0.77631986, 0.51111886, 0.73389179, 0.78408186, 0.82493893]), 'delta_distances': array([2.389438  , 1.64441729, 1.28606429, 0.89574471, 1.41162457,
       0.        , 1.925494  , 1.79240543, 1.11072743, 1.62995714,
       1.72619814, 1.96474343, 2.34351586, 2.20581286, 2.06858186,
       1.49553029, 1.334768  , 2.19099271, 2.16825486, 1.69007886]), 'locations': array([349, 284, 274, 220,  35, 471, 413, 281, 443, 102, 128, 233,  23,
       214, 227,  55, 444, 334, 182, 114])}, {'ts_index': 68, 'loc': 405, 'gap': 0.38235736684991073, 'distances': array([3.16250707, 3.18277829, 2.065471  , 2.95278564, 2.90677186,
       3.602757  , 2.45337157, 0.        , 3.13171079, 3.40286093,
       1.82848714, 2.75357193, 2.990567  , 3.205182  , 3.21647857]), 'delta_distances': array([3.737457  , 2.89232586, 3.379759  , 3.80260171, 2.98211429,
       3.52342643, 3.69113914, 0.        , 2.00909843, 4.34886671,
       2.42083043, 2.82834371, 3.37762171, 3.76593743, 3.442967  ]), 'locations': array([246,  12, 214, 244, 203,  80, 138, 405, 328, 152, 432, 141, 480,
         2, 341])}, {'ts_index': 2, 'loc': 374, 'gap': 0.2975099145823956, 'distances': array([0.        , 1.60447757, 1.39690879, 1.58495414, 1.31273971,
       1.26703171, 1.63510614, 0.77755186, 1.39573443, 1.02076436,
       1.50500636]), 'delta_distances': array([0.        , 1.30571129, 2.20181429, 2.38460514, 2.45993814,
       2.065157  , 2.24200129, 1.55144686, 2.18058229, 2.05150771,
       1.95696414]), 'locations': array([374, 369, 448, 415, 432, 225, 413, 433, 298,  38, 271])}, {'ts_index': 187, 'loc': 263, 'gap': 0.3079141509491794, 'distances': array([1.66858914, 0.72191321, 1.49850607, 0.9647385 , 1.17778207,
       1.43216064, 1.41338186, 0.        ]), 'delta_distances': array([2.77208571, 2.41695729, 1.86497929, 2.588253  , 1.60320314,
       2.345764  , 1.48946343, 0.        ]), 'locations': array([ 37, 392, 358,  47, 288, 404,  71, 263])}, {'ts_index': 83, 'loc': 348, 'gap': 0.7671597761781078, 'distances': array([0.85886179, 1.80192779, 1.57919029, 0.        , 1.90769907]), 'delta_distances': array([2.865709  , 3.15708771, 3.25844029, 0.        , 3.353867  ]), 'locations': array([343, 422, 304, 348, 354])}], 'clusters': array([ 1,  2, 11,  2,  1,  3,  8,  6,  7,  7,  2,  1,  7, 13,  3,  9,  3,
        5,  9, 10,  4,  7,  2,  8,  2,  2,  3,  2,  7,  6,  9,  4,  6,  1,
       12,  1,  0,  6,  5,  1,  2,  7,  6,  9,  5,  3,  6,  1, 12,  5,  5,
       10,  4,  1,  2,  7,  5,  7,  7,  1,  3,  3,  2,  8,  5,  2,  3,  2,
       10,  1,  3,  6,  2,  6,  2,  2,  8,  1,  0,  7,  2,  2,  5, 13,  3,
        5,  1,  6,  2,  2,  1,  1,  1,  2,  1,  1,  1,  1,  1,  1,  8,  1,
        1,  4,  4,  1,  1,  1,  1,  1,  1,  1,  1,  1,  1,  1,  1,  1,  4,
        4,  1,  1,  1,  1, 10,  1,  1,  3,  3,  3,  8,  1,  1,  1,  1,  1,
        1,  1,  1,  3,  1,  4,  1,  1,  1,  1,  1,  1,  1,  1,  1,  1,  1,
        4,  1,  5,  1,  1,  1,  2,  1,  1,  1, 11,  1,  4,  1,  4,  1,  1,
        1,  1,  1,  9,  1,  4,  6,  1,  1,  4,  0,  6,  7,  5, 11,  1,  4,
       12,  1,  3,  1,  1,  3,  1,  1,  1,  1,  1,  1,  1]), 'time': 2250.9266226291656}
lenSubsequence: 15{'RI': 0.6187939698492463, 'num_clusters': 6, 'uShapelets': [{'ts_index': 192, 'loc': 348, 'gap': 0.256167999904783, 'distances': array([1.3357986 , 2.21533907, 1.94949687, 2.24510313, 2.12473053,
       2.10052447, 1.59492747, 2.1514618 , 2.32953693, 2.1612318 ,
       2.3390868 , 1.64587493, 1.85004993, 1.8116764 , 1.41149387,
       1.87080487, 1.3014058 , 1.53503087, 2.17232807, 1.84757667,
       1.64363767, 1.96928273, 1.70236547, 2.08019813, 1.74587167,
       2.2400454 , 2.06412387, 1.98908207, 1.97142847, 1.9020434 ,
       1.27658673, 2.13083027, 2.0613902 , 1.20181427, 2.1805902 ,
       1.71387947, 1.59524633, 1.5260566 , 1.9798816 , 1.9212608 ,
       2.21223493, 1.62384967, 2.06964773, 2.07879367, 1.78407693,
       1.7447688 , 2.56405093, 1.99829513, 1.94424627, 1.80495067,
       1.63687933, 2.39963847, 2.3974436 , 1.6092794 , 2.3573252 ,
       2.43125527, 2.47974967, 1.60198653, 1.66399227, 1.47807747,
       1.98009893, 2.04999767, 2.229965  , 1.97890167, 1.86061   ,
       2.1378872 , 1.93473807, 2.20418393, 1.3801046 , 1.6158034 ,
       2.28643767, 1.79929573, 1.7597634 , 1.84570733, 1.33324147,
       2.3663582 , 1.82445027, 2.00366353, 2.27535713, 2.04863933,
       1.96011193, 1.96122987, 2.128264  , 2.14442527, 2.12084453,
       2.79138627, 1.9671914 , 1.7119542 , 2.09816867, 2.3202334 ,
       1.22658753, 1.5425652 , 1.3222928 , 1.6786796 , 1.5001534 ,
       1.43922493, 1.1820854 , 1.24312367, 1.5346056 , 1.070734  ,
       1.83697313, 1.2685748 , 1.83176367, 2.0668948 , 1.4586022 ,
       1.3636476 , 1.22566127, 1.9598644 , 1.08386613, 1.09397987,
       1.08074073, 1.357492  , 1.17737907, 1.3141118 , 0.9765478 ,
       1.9388274 , 0.85570067, 1.8346346 , 1.53167713, 1.77933373,
       1.48487593, 1.31904133, 0.95523867, 1.4670942 , 1.78684473,
       1.15874267, 1.29748533, 1.9578892 , 1.87896433, 1.48830893,
       1.290369  , 0.87021073, 1.6522464 , 1.38986627, 1.9723508 ,
       1.2036048 , 1.19441147, 1.2212746 , 1.5703576 , 1.29775667,
       1.44570753, 1.62599307, 1.10646887, 0.9250706 , 1.2776064 ,
       1.31484073, 1.30949947, 1.42916947, 1.3455252 , 1.28347433,
       1.152673  , 1.25878913, 1.19196873, 2.32650147, 1.064227  ,
       1.73975947, 0.95962113, 1.35267587, 0.98944113, 1.1860252 ,
       1.7445698 , 1.26454353, 1.3562758 , 1.4578482 , 2.14896793,
       1.97695793, 0.94770453, 1.19779887, 1.85678333, 0.92366233,
       1.45051347, 1.0295374 , 1.3526296 , 1.5961672 , 1.37944647,
       1.47949713, 1.79745433, 0.92420593, 1.3871412 , 1.56412247,
       2.00147547, 2.04083753, 1.97420293, 1.84886347, 2.0919982 ,
       1.87798013, 2.03502487, 1.91149713, 1.46130033, 1.47088133,
       1.6952612 , 1.58176813, 0.        , 1.07516947, 0.96298527,
       1.0900096 , 1.98904507, 1.90238067, 1.7442176 , 1.060407  ]), 'delta_distances': array([3.43589907, 4.15778467, 2.95161547, 4.33049387, 3.86357467,
       3.70591653, 3.8088268 , 3.0940832 , 3.91767613, 3.89193373,
       3.82656227, 3.2664796 , 2.98245533, 3.23251827, 3.1287336 ,
       3.55284427, 2.99632813, 3.4500224 , 3.29292613, 3.96128227,
       2.9349384 , 3.64223467, 3.075646  , 3.56294133, 3.01761347,
       3.96037013, 2.95272507, 3.0270116 , 2.612932  , 3.2830092 ,
       2.75628453, 3.98120933, 3.28814147, 2.9103764 , 4.01013947,
       2.98737373, 3.544102  , 3.90909107, 4.1174684 , 3.25677107,
       3.84979467, 3.4967856 , 3.33636147, 2.68560013, 2.99362773,
       3.64349533, 3.15035493, 3.7705072 , 3.38744427, 3.69858373,
       3.51223933, 3.4600108 , 4.27037307, 3.13985227, 3.8932588 ,
       3.959668  , 3.8276464 , 2.82010853, 2.95178787, 3.16521293,
       2.83646373, 3.19649333, 3.54385667, 3.65896453, 3.30314973,
       4.14270307, 3.0855684 , 4.2655408 , 2.7417476 , 3.3809928 ,
       4.28206   , 3.0858492 , 3.75164853, 3.80651507, 2.36880973,
       3.77070427, 2.9731744 , 2.98757253, 2.89732947, 3.69064507,
       3.8076432 , 3.99302013, 3.31762787, 3.4474284 , 4.26822347,
       4.1491492 , 4.1262168 , 3.1143072 , 3.93534867, 3.87033573,
       3.0576756 , 3.1407584 , 2.77801253, 3.9559372 , 3.01413893,
       2.95285853, 2.77603933, 2.58062067, 2.87923907, 2.277394  ,
       3.80668093, 3.06929893, 3.83367547, 3.2024556 , 3.33776   ,
       3.21810853, 2.56703133, 3.28700667, 2.20730147, 2.410284  ,
       2.7027448 , 3.23056627, 2.90621573, 2.50937733, 2.2393052 ,
       3.77619547, 2.7407172 , 2.83703867, 2.89473707, 4.4531772 ,
       3.088504  , 2.58123173, 2.36000827, 3.49838413, 3.68948947,
       2.0645932 , 2.1948028 , 3.22615467, 3.97484947, 2.52772453,
       2.38517827, 1.99747173, 2.908962  , 2.9900412 , 2.80477773,
       2.65086013, 3.12678907, 2.37621027, 3.57702293, 2.81499627,
       3.1281852 , 3.59397213, 2.2465888 , 2.58649707, 3.23627107,
       2.85465187, 2.45020427, 3.05319293, 3.041576  , 2.416776  ,
       3.346936  , 2.90021893, 2.60467747, 2.9629548 , 2.33919667,
       2.65649747, 2.15934293, 2.70124373, 2.3066632 , 3.07716627,
       3.3315704 , 2.6672212 , 3.18514013, 2.91684453, 3.8394968 ,
       3.337014  , 1.94459547, 3.17511107, 3.4851984 , 2.8588648 ,
       3.70385987, 1.82321013, 2.0900196 , 3.5377808 , 3.3269252 ,
       3.36895347, 3.59931613, 2.21834987, 2.75579547, 3.03532267,
       3.75323147, 2.51299333, 4.60770973, 3.1177388 , 4.17737573,
       3.35013947, 3.4305824 , 3.83500413, 3.19008427, 3.2649608 ,
       4.44509427, 2.927894  , 0.        , 2.46989987, 2.54797427,
       2.3856556 , 3.5564388 , 3.5845888 , 3.94608733, 2.76469587]), 'locations': array([ 21,  77, 235, 186, 157, 349, 374, 361, 416, 287,  98, 131, 264,
       327,  90, 387, 152,  64, 479,  63, 300, 101,  51, 245,  75, 384,
        81, 457, 212, 290,  81, 335,   5, 251,  57, 184,  43, 381, 173,
        46, 389, 375,   3, 255, 293, 183, 359, 339, 231, 349,  46, 243,
        72, 442, 421,   6,   0,  29, 123, 368, 432, 161, 154, 204, 118,
       198,  81,  86, 471, 341,  74,  72, 100, 203, 276, 296, 220, 430,
        33, 337, 412, 419, 314, 279, 408, 480,  84, 175, 292,  23, 421,
       115, 375, 387,  75, 378,  73, 410, 289, 245, 322, 288, 123, 190,
       443,  51, 286, 106, 163, 348, 185, 416, 430, 157, 206,  19, 342,
       103, 283, 421,  92, 369, 392, 119, 118, 293, 167, 177, 120, 184,
        16, 113, 274, 321,  65, 138, 333, 408, 342, 342,  47, 197,  49,
       197, 158, 284, 222, 296, 423, 381, 228,  86,  23, 146,  42, 197,
       303, 441, 153,  77,  22, 235,  23, 243, 387,  52, 239, 288, 126,
       248, 102,  70, 367, 106, 346, 365, 337, 412, 168, 260, 351, 471,
       398, 204, 315, 233, 176, 243, 434, 260,  89,  62, 348,  32, 175,
       383, 345, 406,  51, 338])}, {'ts_index': 51, 'loc': 173, 'gap': 0.26156079989487635, 'distances': array([3.91302527, 3.97369287, 2.57282407, 3.5599076 , 3.42850287,
       2.7940748 , 3.43560473, 3.02779853, 3.3615608 , 3.39718447,
       3.06989093, 2.66248247, 3.44094367, 4.01951107, 3.57394907,
       3.3085606 , 3.06958127, 3.1512652 , 3.08013973, 4.02144727,
       3.61898553, 3.35243013, 3.22452887, 2.88805253, 2.87280327,
       3.14342787, 4.25116053, 2.31515307, 3.94908407, 3.832982  ,
       3.773463  , 3.25084127, 3.88401407, 3.43515213, 2.36731633,
       3.6341282 , 4.0667536 , 3.35084433, 0.        , 2.32668967,
       2.4021864 , 4.04147027, 3.07149873, 3.96499727, 2.69678947,
       3.41153433, 3.6690748 , 3.53930827, 3.71874753, 2.27713773,
       3.58122307, 3.14905033, 3.19017667, 3.56524633, 3.1722906 ,
       3.82922847, 2.4251136 , 2.81067493, 1.61301113, 2.79400233,
       3.74120027, 2.78768647, 3.33734273, 2.49909707, 3.6952648 ,
       2.7783058 , 3.13610127, 3.12261107, 3.83952793, 3.05584647,
       3.73414927, 2.8737816 , 2.8801926 , 3.33080887, 2.55827433,
       2.91105607, 3.1580986 , 2.59445993, 2.4603434 , 3.30935787,
       2.6443542 , 3.52625993, 3.91959747, 3.97671947, 2.65664227,
       3.07780913, 2.72509187, 3.1532658 , 2.84922093, 3.233593  ,
       3.02226007, 3.1841036 , 2.29371307, 3.48018393, 3.5168372 ,
       1.83939147, 2.85952327, 2.93392667, 3.06412853, 3.47195193,
       3.48168053]), 'delta_distances': array([4.50141987, 4.39936867, 2.92664947, 4.57098547, 2.82742653,
       2.64993973, 4.11151293, 3.5844672 , 3.94542547, 4.1790368 ,
       3.55266413, 2.992662  , 3.7359828 , 4.31644187, 2.89820813,
       4.761378  , 3.6728924 , 2.44545   , 3.6291172 , 4.5073944 ,
       3.80350853, 3.1636652 , 4.93867   , 3.74870453, 3.5606636 ,
       3.11233   , 3.1811212 , 3.67981533, 3.6304936 , 5.11034053,
       3.45104773, 3.75130547, 3.54042347, 3.48748707, 3.27472067,
       4.24942867, 2.8330636 , 3.54700867, 0.        , 3.08390053,
       3.65257253, 3.06545613, 3.5761076 , 4.20746133, 3.20629067,
       4.53024373, 4.76145973, 4.22184973, 3.99365   , 3.2336004 ,
       3.54616387, 3.18206467, 4.46115907, 3.00159987, 3.87716533,
       3.1237856 , 2.37379947, 2.87334707, 2.81464467, 3.0363172 ,
       3.1331352 , 3.09412467, 2.86068107, 4.0358592 , 4.9748972 ,
       2.52752627, 3.6283544 , 3.61909253, 3.11140707, 3.286746  ,
       3.68129293, 2.64560173, 3.54375787, 4.1232356 , 3.52877987,
       3.54152333, 3.47087453, 4.15294253, 3.3444116 , 3.7746792 ,
       2.22909227, 4.1859824 , 4.84182613, 3.21506987, 3.58794813,
       4.11545827, 3.5573736 , 4.70975   , 3.57498267, 2.6004812 ,
       4.13178667, 3.10183173, 2.7888304 , 3.75312213, 2.96488253,
       3.10768107, 4.08764653, 2.903136  , 4.8158136 , 3.24583133,
       3.36797747]), 'locations': array([112,  53, 186, 234, 112, 325, 161, 249, 349, 353, 340,  85,  87,
       235, 236, 274,  60, 380, 323,  18, 423, 397, 426, 370, 451, 385,
       145, 428, 154, 190, 460,  11, 460, 337, 168, 335, 156, 336, 173,
        35, 324, 378,   0, 203, 291, 266, 152, 393, 307,  94, 357, 147,
       281, 298, 104, 261, 202, 343,  33, 408, 183, 148, 321, 345, 444,
       258, 346, 236,  10,  23, 383,  61, 470, 105,  70, 406, 208,  41,
        48, 452, 287, 183, 417, 198, 449, 227, 124, 315, 208, 436, 300,
       117, 192, 163, 311, 249, 282, 474, 327,  64, 335])}, {'ts_index': 35, 'loc': 269, 'gap': 0.2403312472014114, 'distances': array([0.60246273, 1.77445273, 1.0394522 , 1.49177667, 0.        ,
       1.38385893, 1.43997387, 1.54191873, 1.44361833, 1.16566987,
       1.22490753, 1.25108653, 0.7624926 , 1.48776773, 1.22728407,
       1.57571213, 1.16722333]), 'delta_distances': array([1.0680624 , 2.72852307, 1.50803133, 1.6452836 , 0.        ,
       2.2226564 , 2.10050893, 2.5336144 , 2.01808973, 1.56249387,
       2.0589524 , 2.10110813, 1.7687964 , 1.92023813, 2.0005856 ,
       2.684048  , 1.74807693]), 'locations': array([227, 355, 287, 339, 269, 415, 404, 158, 117, 226, 243, 326, 321,
       369, 466, 441, 387])}, {'ts_index': 153, 'loc': 475, 'gap': 0.4108755409355319, 'distances': array([1.26656707, 1.21714067, 0.7154518 , 1.1055034 , 0.5707602 ,
       1.0692456 , 0.44887753, 1.30330733, 1.09832307, 1.14104873,
       1.17319873, 0.        , 0.47599473]), 'delta_distances': array([3.34653307, 3.67010347, 2.47865613, 2.844494  , 2.44351147,
       3.31038147, 1.8497816 , 3.01355293, 2.7655292 , 3.09191507,
       2.68037547, 0.        , 2.1621836 ]), 'locations': array([138, 168, 118,   5, 170, 123, 471,   8, 443, 366,  67, 475, 106])}, {'ts_index': 60, 'loc': 20, 'gap': 0.2811328345163078, 'distances': array([0.6882122 , 1.10212667, 1.47903333, 1.4566138 , 1.12091447,
       0.        , 0.71885407, 1.1192818 ]), 'delta_distances': array([1.23362627, 2.65335427, 2.9919124 , 2.53556227, 2.72963907,
       0.        , 2.0543124 , 2.82984173]), 'locations': array([198, 210, 404, 411, 206,  20, 322, 193])}, {'ts_index': 40, 'loc': 168, 'gap': 0.3716090297020491, 'distances': array([1.16467793, 0.        , 1.14334373, 1.1268562 , 0.7578674 ]), 'delta_distances': array([2.43806453, 0.        , 2.35852707, 1.99500227, 1.8133836 ]), 'locations': array([224, 168, 159, 463, 440])}], 'clusters': array([1, 3, 5, 2, 2, 2, 1, 2, 2, 2, 2, 1, 2, 2, 1, 2, 1, 1, 2, 3, 1, 2,
       2, 2, 2, 2, 0, 2, 2, 2, 1, 2, 2, 1, 2, 3, 1, 1, 2, 4, 6, 1, 4, 2,
       0, 2, 2, 2, 4, 2, 1, 2, 2, 1, 2, 0, 2, 1, 1, 1, 5, 2, 2, 2, 2, 2,
       2, 2, 1, 1, 2, 2, 2, 2, 1, 3, 2, 2, 2, 2, 5, 2, 2, 2, 2, 2, 2, 2,
       6, 2, 1, 1, 1, 2, 1, 1, 1, 1, 1, 1, 2, 1, 2, 2, 1, 1, 1, 2, 1, 1,
       1, 1, 1, 1, 1, 2, 1, 2, 1, 2, 1, 1, 1, 1, 2, 1, 1, 2, 2, 1, 1, 1,
       1, 1, 2, 1, 1, 1, 1, 1, 1, 1, 1, 1, 1, 1, 1, 1, 1, 1, 1, 1, 1, 4,
       1, 4, 1, 1, 1, 1, 2, 1, 1, 1, 2, 2, 1, 1, 2, 1, 1, 1, 1, 1, 1, 1,
       2, 1, 1, 1, 2, 2, 2, 2, 2, 2, 2, 2, 1, 1, 2, 1, 1, 1, 1, 1, 2, 2,
       2, 1]), 'time': 1495.5172576904297}
lenSubsequence: 16{'RI': 0.6591457286432161, 'num_clusters': 3, 'uShapelets': [{'ts_index': 135, 'loc': 142, 'gap': 0.29859460095851587, 'distances': array([1.2392565 , 1.71074888, 1.36786575, 1.173469  , 1.30846425,
       1.41900288, 1.07992244, 1.30437431, 1.66112056, 1.6085535 ,
       1.93130856, 1.23938387, 0.91336212, 1.430927  , 1.46130744,
       1.56596013, 0.83541162, 1.39150044, 1.03013556, 1.49501875,
       1.50884137, 1.51268687, 1.69927131, 1.37491437, 1.35245619,
       1.66426775, 1.20681337, 1.33432756, 1.63080387, 1.64041294,
       1.88170781, 1.61776131, 1.39022375, 0.78032931, 1.48215719,
       0.87367238, 0.92188531, 1.43809231, 1.76046956, 0.93647469,
       2.02575981, 1.408096  , 1.48649019, 1.39704462, 1.24514375,
       1.31790338, 1.85375806, 1.33647375, 1.57522638, 1.76991956,
       1.046397  , 1.93692662, 1.824114  , 1.11598981, 1.3865235 ,
       1.30743762, 1.56555563, 0.93571737, 1.74775056, 1.13613669,
       1.58224656, 1.69261325, 1.42457112, 1.13712025, 1.73502769,
       1.301934  , 1.27551844, 1.89108869, 1.259802  , 1.27135144,
       1.38077562, 1.46923325, 0.60042375, 1.618771  , 1.61138275,
       1.38130013, 0.95239956, 1.38045969, 1.32771062, 1.4962365 ,
       1.36423956, 1.30672644, 1.56006812, 1.34052356, 1.58413206,
       1.75883894, 1.1556315 , 1.30324025, 1.28131775, 1.62582663,
       0.61842   , 0.6535815 , 0.73037519, 0.736999  , 0.831155  ,
       0.91899694, 0.50948806, 0.98629681, 0.87820931, 0.62693775,
       1.39624338, 0.5989965 , 1.08743875, 1.53367806, 0.51391169,
       0.92923212, 0.51922388, 1.28524825, 0.58932475, 0.67697475,
       0.27172788, 0.70368888, 0.54207144, 0.50427137, 0.65732625,
       1.49795306, 0.81598331, 0.74213463, 1.02573263, 0.439942  ,
       0.834952  , 0.9819935 , 0.69981562, 0.66219475, 1.52486144,
       1.42723463, 0.69862456, 0.67099844, 0.87639262, 0.80826069,
       1.49202144, 0.58525213, 1.54039825, 0.76154719, 0.81733287,
       0.        , 1.41852062, 1.03748669, 0.69823181, 0.70358569,
       0.87059844, 1.26120944, 0.65129737, 0.59129687, 1.19155887,
       0.67004119, 0.86119744, 1.310438  , 0.69157344, 0.51498237,
       0.70875956, 0.88352738, 1.36882237, 1.09042988, 0.72641913,
       0.94485075, 0.81416069, 0.88901238, 0.31361344, 1.4245815 ,
       1.23770881, 0.36021163, 0.77225019, 0.76628387, 0.97998406,
       1.14764481, 0.50626694, 0.61496694, 0.76979306, 0.68883012,
       1.33393075, 0.61949056, 1.37378662, 1.18027837, 0.79439731,
       0.96937994, 1.04908919, 0.65020131, 0.71148638, 1.36244294,
       1.11927556, 1.20281719, 1.75655731, 1.54180219, 1.85682556,
       1.35863825, 1.34043294, 1.0025145 , 1.54094381, 1.59405031,
       0.94312419, 1.16565769, 0.75985981, 0.82080031, 0.72158088,
       0.99222213, 1.4282095 , 1.34258063, 1.05460669, 0.56136425]), 'delta_distances': array([2.55866038, 2.79218712, 2.6625735 , 2.49070463, 2.58466638,
       2.06795587, 2.48013562, 3.1243635 , 2.6166275 , 3.001373  ,
       3.080484  , 2.72818425, 2.06720562, 2.03961188, 2.62199637,
       2.34213488, 1.51926025, 2.94699037, 1.65197813, 3.05841238,
       2.97054375, 1.973044  , 2.99944087, 1.90441513, 2.67669325,
       2.64034762, 2.2573445 , 2.78832075, 2.5305345 , 2.73023675,
       2.27613125, 2.79397888, 2.59028762, 1.87131837, 3.107993  ,
       1.8129595 , 1.95783925, 2.51974225, 3.07164225, 1.82320475,
       3.07854487, 3.01971912, 2.22656813, 2.85647238, 2.63239175,
       3.08794388, 2.54015438, 2.58959487, 3.08322675, 2.80509562,
       1.69001238, 2.96865225, 2.9896185 , 2.61235688, 1.8882    ,
       3.1555815 , 2.2809285 , 2.17082013, 2.72577263, 2.33115112,
       2.5734405 , 2.77030275, 2.24066038, 2.1383645 , 2.8401575 ,
       3.2215    , 2.6999275 , 3.10274725, 2.30223662, 2.50849838,
       2.42572962, 2.8275405 , 1.50581737, 2.92211425, 2.59450125,
       2.23785562, 2.34815737, 2.80167875, 2.42897112, 2.377844  ,
       2.98625175, 2.96564688, 2.432091  , 2.97321575, 2.69204463,
       2.74982612, 2.26225363, 2.43939387, 3.04503625, 2.652091  ,
       1.69368425, 1.9483595 , 1.897267  , 1.86206363, 2.06621625,
       2.36085362, 1.38084125, 2.22366775, 1.91340487, 1.88456888,
       2.51960837, 1.81446562, 2.81089487, 3.11746675, 1.69806137,
       2.597134  , 1.57294212, 2.1702785 , 1.65427825, 2.37672312,
       1.10990213, 1.88289313, 1.48413013, 1.420532  , 2.10109537,
       3.14049375, 1.96027912, 2.23466975, 2.17618937, 1.491692  ,
       2.26398062, 2.28608525, 1.63994775, 1.68490937, 2.13978237,
       2.85668413, 1.90281325, 1.95744187, 2.30733   , 2.08823313,
       3.14861037, 1.58699575, 2.90685838, 1.94850275, 2.1385    ,
       0.        , 2.96666038, 2.490264  , 2.22141813, 1.69609975,
       1.90995425, 3.0133635 , 1.3887535 , 2.0922425 , 2.93511513,
       1.44368375, 1.85212437, 2.2833295 , 1.86838475, 1.31637937,
       2.12189125, 2.06463962, 2.85593775, 2.34894637, 1.718944  ,
       2.10363925, 2.27841138, 2.05838088, 1.2225475 , 3.01487225,
       2.42354275, 1.24063338, 2.16554413, 1.68080187, 1.93153275,
       2.14534775, 1.293404  , 1.7778095 , 1.83522337, 1.94288125,
       2.23541963, 2.06771238, 2.77697275, 2.60452825, 2.06008112,
       2.15291225, 2.0133605 , 1.53706588, 2.08265725, 2.98631675,
       2.1062235 , 1.58444575, 3.15783875, 2.93791625, 3.7780195 ,
       2.41851562, 2.716016  , 2.58637237, 2.591191  , 2.78045587,
       2.41211213, 2.20019063, 2.254492  , 2.4704115 , 1.71214175,
       2.15805375, 3.04965262, 2.70396425, 2.405742  , 1.989121  ]), 'locations': array([ 25, 435, 241,  61, 161, 314,  67, 169,  39, 128, 218, 142,   1,
       331,  96, 392, 158, 136, 483,  74, 304, 225, 408, 250, 385,  86,
        89, 356, 127, 277, 295, 339, 200, 256, 113, 190,  47, 418, 177,
        52,  28,  95, 163,  92, 176, 189, 189, 351, 266, 447,  26, 253,
         1, 206,   3, 221, 340,  33, 306,  60,  87, 135, 239, 208,  93,
       202,   3,  98, 148, 345,  79,  76, 104, 237, 195,  15,  26, 434,
       167, 343, 416, 424, 320, 145, 246, 242,  96, 317, 169, 376, 425,
       122, 382, 391,  82, 383,  79, 416, 293, 252, 327, 296, 470, 159,
       447,  57, 293, 462, 169, 358, 192, 425, 438, 163, 213,  24, 352,
       109, 329, 427, 107, 378, 248, 156, 286, 300, 173,  79, 129, 190,
        20, 119, 469, 328, 398, 142, 177, 413, 354, 348,  54,  40,  55,
       206, 165, 291, 228, 146, 429, 387, 364,  93,  31, 153,  51, 273,
       311, 448, 163, 129,  29, 239,  35, 247, 327,  56, 245, 295, 136,
       252, 112,  77, 374, 112, 350, 370, 388, 419, 174, 117, 326, 478,
       324, 440, 321,  88, 180, 247, 440, 266,  94,  76, 354,  37, 187,
       391, 138, 416, 157, 342])}, {'ts_index': 32, 'loc': 414, 'gap': 0.188611987175348, 'distances': array([1.05556119, 1.58605769, 1.5868305 , 1.90030006, 1.81081237,
       1.73258413, 2.21135806, 1.09824112, 1.38228756, 1.54691156,
       1.88980875, 2.04159175, 1.61131263, 1.63084869, 1.92921575,
       1.913727  , 1.32521525, 1.44232962, 1.92742838, 1.11545156,
       1.79044744, 1.97026369, 1.68698313, 1.93649862, 1.70421837,
       1.70109125, 1.74065356, 1.7807135 , 1.54787819, 0.        ,
       1.92251569, 1.81706475, 1.60305781, 1.620779  , 1.05207612,
       1.26810006, 1.26629287, 1.741835  , 1.66072881, 1.68527313,
       0.88225231, 1.86028438, 2.05812262, 2.15950488, 1.99007494,
       1.76298725, 1.829848  , 2.00192506, 1.17836256, 2.08092775,
       1.77810962, 1.81312906, 1.67812069, 1.43717756, 1.67779387,
       1.70890962, 1.73700225, 1.8214005 , 1.5116455 , 1.3531565 ,
       1.60796344, 1.67324831, 1.80169169, 1.37107175, 1.35438369,
       1.06473444, 1.16963044, 2.01301244, 1.90576775, 1.86577569,
       1.5674755 , 2.06655088, 1.128687  , 1.88081069, 1.45528275,
       1.65464256, 1.09266644, 1.80884588, 1.36504856, 2.12047563,
       1.55586781, 1.4839775 , 1.57766638, 1.62269537, 2.07363444,
       1.55004131, 1.215595  , 1.91149044, 1.36923687, 1.81522969,
       1.91063938, 1.85564287, 1.45346719, 1.99384219, 1.96800931,
       1.97710394, 1.21062219, 1.83419531, 1.79494556, 1.59599419,
       1.69391138, 1.58765481, 1.05722356, 1.91961512, 1.89199106,
       1.70582756, 1.04828375, 1.85442594, 1.60634375, 2.00697175,
       1.41990163, 2.00490175, 1.64545937]), 'delta_distances': array([2.78643862, 3.41998188, 2.6993095 , 3.65647887, 3.10675963,
       2.98685963, 3.35389025, 2.70646875, 2.9911955 , 2.59012375,
       3.35813275, 3.23405763, 2.47049162, 2.52681588, 2.646225  ,
       2.79344225, 3.00496113, 2.27457825, 2.48712063, 2.00479975,
       1.89695013, 3.3299485 , 2.40190775, 3.16721975, 2.20206775,
       2.85494212, 3.07240825, 3.96430137, 2.56453712, 0.        ,
       2.46223937, 2.66431875, 2.95652312, 3.22050963, 1.97303563,
       2.49866275, 3.23519675, 3.34816313, 2.50868575, 3.00391813,
       2.41798825, 2.72292512, 2.96084887, 2.7187675 , 3.02184275,
       2.327895  , 2.55311663, 2.51747838, 2.27722837, 3.05773388,
       3.65457075, 3.49333437, 2.43424225, 2.73103912, 2.30173725,
       3.19239963, 3.19390388, 2.71293063, 2.84979688, 3.381367  ,
       2.972978  , 1.99389575, 3.12723713, 3.16577737, 2.058238  ,
       2.48624538, 2.5224765 , 2.75224337, 3.62033425, 2.18116313,
       3.430823  , 3.44238812, 2.88351325, 1.95847038, 3.17883813,
       2.29910512, 2.21248737, 2.76285525, 2.46459525, 3.5920155 ,
       2.63369312, 2.99685625, 2.96938612, 2.63993475, 2.788367  ,
       2.31558087, 1.62333537, 3.21488975, 2.557811  , 3.106327  ,
       3.52762375, 2.87494637, 3.13258788, 3.92665675, 3.11922925,
       3.54215525, 2.4911615 , 3.921822  , 2.74030175, 2.59453837,
       2.79862   , 3.1375015 , 2.462051  , 3.31533013, 3.50586438,
       3.472803  , 2.44318225, 2.816431  , 2.77061438, 2.15270875,
       1.81919037, 3.41968337, 2.22894225]), 'locations': array([160, 384, 248,  20, 253, 425, 162,  36,  93, 331,  38,  33, 420,
       408, 304, 281, 133, 175, 445, 362, 321, 362, 336, 300, 316, 159,
       347, 334, 105, 414, 219, 252,  96, 298, 102, 191, 180,  61, 323,
       153, 121, 108, 198, 435,   7, 481,  40, 152,  17, 119, 389,  10,
        17,  50, 123, 404, 184, 283, 366, 314,   0, 119, 171,  75,   1,
       236,  15, 323,  15, 118,  21,  93,  45, 337,  95, 285, 108, 264,
       480, 365, 217, 267, 151, 426, 461, 259, 226, 317, 124, 286, 257,
        22, 191, 132, 201,  68, 321, 382, 458, 452,  98, 389, 138, 285,
       225, 177, 147,  62, 447,  12, 385, 264, 247])}], 'clusters': array([2, 0, 0, 0, 0, 0, 0, 2, 0, 0, 0, 0, 1, 0, 0, 0, 1, 0, 1, 2, 0, 0,
       2, 0, 0, 0, 0, 0, 0, 0, 0, 0, 2, 1, 0, 1, 1, 0, 0, 1, 0, 2, 2, 2,
       0, 0, 0, 2, 0, 0, 1, 0, 0, 0, 0, 0, 2, 1, 0, 0, 0, 0, 0, 0, 0, 0,
       0, 0, 2, 0, 0, 0, 1, 0, 2, 2, 1, 2, 0, 0, 0, 0, 0, 2, 0, 0, 0, 2,
       0, 0, 1, 1, 1, 1, 1, 1, 1, 1, 1, 1, 0, 1, 0, 0, 1, 1, 1, 0, 1, 1,
       1, 1, 1, 1, 1, 0, 1, 1, 1, 1, 1, 1, 1, 1, 0, 0, 1, 1, 1, 1, 2, 1,
       0, 1, 1, 1, 0, 1, 1, 1, 1, 0, 1, 1, 0, 1, 1, 0, 1, 1, 1, 1, 0, 0,
       1, 1, 1, 1, 1, 0, 0, 1, 1, 1, 1, 2, 1, 1, 1, 1, 0, 1, 0, 0, 1, 1,
       1, 1, 1, 0, 0, 2, 0, 0, 0, 2, 0, 1, 0, 0, 1, 0, 1, 1, 1, 1, 0, 0,
       1, 1]), 'time': 1799.423103094101}
