lenSubsequence: 8{'RI': 0.5362838294114591, 'num_clusters': 2, 'uShapelets': [{'ts_index': 186, 'loc': 2, 'gap': 0.07922160250160859, 'distances': array([0.0064666 , 0.09023834, 0.04558178, 0.03245606, 0.03341012,
       0.13167595, 0.24355351, 0.17088782, 0.02157527, 0.20960825,
       0.16397845, 0.01898775, 0.11212997, 0.24893095, 0.01694449,
       0.23007785, 0.03878842, 0.03853929, 0.19463677, 0.00696829,
       0.03476176, 0.05015734, 0.05045736, 0.10604541, 0.14477377,
       0.05295479, 0.04369302, 0.16653774, 0.12988395, 0.08113091,
       0.07853855, 0.03010777, 0.00993193, 0.07656892, 0.03254702,
       0.01431827, 0.04704261, 0.23976008, 0.12150473, 0.0183252 ,
       0.17775547, 0.01763154, 0.04770552, 0.10880843, 0.11326027,
       0.14264176, 0.00921804, 0.05053957, 0.06657988, 0.01837306,
       0.02234007, 0.01361552, 0.10318675, 0.02113218, 0.12018908,
       0.01425141, 0.0420647 , 0.00677911, 0.03467095, 0.04406671,
       0.03148651, 0.00956895, 0.24229727, 0.01396873, 0.10065513,
       0.2200519 , 0.1515641 , 0.01796509, 0.14462623, 0.25757731,
       0.07820613, 0.11152203, 0.02132877, 0.03451702, 0.0433337 ,
       0.01462024, 0.02153565, 0.01310059, 0.09676679, 0.05886873,
       0.0117763 , 0.17819625, 0.03385057, 0.08947468, 0.2082796 ,
       0.0633034 , 0.0200981 , 0.13191803, 0.07789668, 0.16509039,
       0.06064695, 0.16133287, 0.06721545, 0.08114448, 0.03009377,
       0.01804274, 0.03835286, 0.19970715, 0.03949232, 0.0431203 ,
       0.03615173, 0.2507237 , 0.04106745, 0.12590541, 0.11264901,
       0.01136193, 0.25412781, 0.07139565, 0.01336847, 0.0810298 ,
       0.05704048, 0.0260978 , 0.01901156, 0.02106085, 0.03120649,
       0.03536668, 0.04933044, 0.24633722, 0.13099333, 0.07171868,
       0.00851271, 0.01178442, 0.02601338, 0.06128351, 0.05197495,
       0.16819405, 0.01848579, 0.04239107, 0.02176405, 0.06298528,
       0.23889791, 0.01517738, 0.02570855, 0.14485475, 0.08997874,
       0.03222757, 0.0380081 , 0.07272406, 0.00767522, 0.06660895,
       0.04455767, 0.05705345, 0.02301771, 0.00710037, 0.00566824,
       0.03212389, 0.03313774, 0.11652013, 0.05346323, 0.12821727,
       0.05850873, 0.0254082 , 0.06048973, 0.01915601, 0.01937094,
       0.04698493, 0.11358748, 0.05298266, 0.07512429, 0.04351651,
       0.02145381, 0.02876999, 0.12444345, 0.04645164, 0.02328552,
       0.21230759, 0.01409681, 0.05473753, 0.01721118, 0.02862376,
       0.05179472, 0.03116668, 0.03501284, 0.16493284, 0.24099732,
       0.03719083, 0.03854821, 0.05337615, 0.13664954, 0.15674778,
       0.02232992, 0.05899662, 0.03928764, 0.04610602, 0.127529  ,
       0.03664308, 0.        , 0.06124419, 0.00993084, 0.02967233,
       0.20794763, 0.20483135, 0.02399663, 0.01779312, 0.01017259,
       0.04336605, 0.04927768, 0.03004784, 0.05923642, 0.08126057,
       0.02179892, 0.02767013, 0.08913256, 0.16401901, 0.03775575,
       0.08882815, 0.02936108, 0.01423985, 0.02272925, 0.14125171,
       0.02157879, 0.12963724, 0.24488391, 0.05400244, 0.03484793,
       0.01423141, 0.09443113, 0.01729915, 0.01583924, 0.23503231,
       0.17195906, 0.00803374, 0.18516295, 0.10948148, 0.03280445,
       0.01512135, 0.0725965 , 0.21422948, 0.07554629, 0.04504186,
       0.01521124, 0.23935384, 0.0522986 , 0.06014851, 0.03737553,
       0.00882343, 0.05231841, 0.00614026, 0.1377182 , 0.02800032,
       0.02275528, 0.1303066 , 0.08850437, 0.03419376, 0.01741309,
       0.02171327, 0.13720483, 0.02042092, 0.01877353, 0.05357111,
       0.09253637, 0.25117438, 0.02101496, 0.00570948, 0.02752699,
       0.03431087, 0.03297193, 0.06486618, 0.02063313, 0.00903082,
       0.16308353, 0.06666499, 0.00511801, 0.04741945, 0.21303727,
       0.0732403 , 0.06603203, 0.00469509, 0.01534595, 0.00331693,
       0.03197627, 0.24335726, 0.04886303, 0.08754928, 0.07698756,
       0.01121262, 0.0261551 , 0.21547553, 0.03731584, 0.05181687,
       0.00739923, 0.08754057, 0.21617041, 0.10504003, 0.00821879,
       0.04467783, 0.06963722, 0.02836948, 0.22133923, 0.04456514,
       0.09741979, 0.184782  , 0.03522884, 0.06917592, 0.13629567,
       0.14764354, 0.10663243, 0.21703665, 0.11901836, 0.03696714,
       0.02706722, 0.02364666, 0.02835994, 0.01874019, 0.03857609,
       0.02154851, 0.04479953, 0.04311781, 0.02024301, 0.02245632,
       0.06029463, 0.08170862, 0.08244196, 0.07967753, 0.03902491,
       0.03934399, 0.0350329 , 0.00565481, 0.15289109, 0.01581948,
       0.04400137, 0.04251179, 0.24823186, 0.06956516, 0.12959531,
       0.14451835, 0.01595365, 0.01447228, 0.21046585, 0.2332398 ,
       0.19724094, 0.06086085, 0.05420399, 0.0182478 , 0.00696029,
       0.02232767, 0.1127991 , 0.02919901, 0.01999932, 0.0273698 ,
       0.23377575, 0.09956624, 0.0128971 , 0.06757096, 0.02304662,
       0.04623112, 0.24388331, 0.03300029, 0.02586433, 0.18798802,
       0.07850675, 0.02511759, 0.0207044 , 0.04164132, 0.01488655,
       0.08651208, 0.02787305, 0.05492004, 0.16991024, 0.16154886,
       0.06274362, 0.10700968, 0.02718755, 0.01867968, 0.01932671,
       0.08313905, 0.04356358, 0.22777537, 0.07727869, 0.02195401,
       0.0135413 , 0.01980251, 0.07001181, 0.00735016, 0.02257455,
       0.0430189 , 0.0237138 , 0.04107047, 0.21104881, 0.03786213,
       0.08026529, 0.03295749, 0.05793924, 0.09009918, 0.16563845,
       0.062759  , 0.03632548, 0.03672679, 0.02486209, 0.01629113,
       0.07698522, 0.04762221, 0.02314156, 0.00804486, 0.04237826,
       0.04037583, 0.0180381 , 0.01435569, 0.05179762, 0.02311763,
       0.15231885, 0.0604277 , 0.22029684, 0.16338879, 0.12046682,
       0.08456672, 0.18183732, 0.04882245, 0.06534562, 0.04324832,
       0.03055707, 0.02183646, 0.01205265, 0.16251368, 0.16083993,
       0.04647797, 0.12569628, 0.14444531, 0.13931671, 0.23009372,
       0.02932749, 0.02394887, 0.08995189, 0.05191163, 0.01162434,
       0.24777104, 0.03195922, 0.02847887, 0.0332799 , 0.06091228,
       0.18476907, 0.11889786, 0.05890934, 0.08417915, 0.02700143,
       0.01733588, 0.03790359, 0.20146251, 0.02157152, 0.12238666,
       0.03203328, 0.03690532, 0.04735137, 0.06784998, 0.10859434,
       0.11300321, 0.01614672, 0.02016213, 0.05259036, 0.0297297 ,
       0.19216013, 0.12648293, 0.04146554, 0.02043829, 0.03739653,
       0.03727023, 0.09349233, 0.09559836, 0.24992216, 0.0600371 ,
       0.03644602, 0.04638797, 0.00842842, 0.01989601, 0.02665165,
       0.09209487, 0.26067946, 0.02076051, 0.03567373, 0.02520417,
       0.02994333, 0.05893964, 0.20331828, 0.02443108, 0.09205849,
       0.01712547, 0.12464434, 0.0255078 , 0.02556954, 0.04141864,
       0.01614338, 0.22727055, 0.09046313, 0.01917306, 0.05234824,
       0.03882106, 0.20945212, 0.03479273, 0.04006536, 0.04034876,
       0.01988283, 0.02980509, 0.19469814, 0.03219948, 0.02255124,
       0.03011302, 0.04164398, 0.02209933, 0.06412396, 0.01644459,
       0.04260545, 0.06311843, 0.00952994, 0.01135079, 0.14808643,
       0.04641599, 0.00950847, 0.05722685, 0.02007649, 0.24148608,
       0.0330512 , 0.11367484, 0.01040027, 0.05427126, 0.03935193,
       0.09595737, 0.03559428, 0.03005206, 0.01908122, 0.026121  ,
       0.13082478, 0.02979268, 0.0711445 , 0.02261317, 0.14592735,
       0.1669881 , 0.07242864, 0.08521539, 0.03499157, 0.01764434,
       0.03974256, 0.0663225 , 0.04641926, 0.09326749, 0.02913757,
       0.22131375, 0.06107447, 0.02059486, 0.02519631, 0.00638943,
       0.05151159, 0.03727849, 0.22188981, 0.00827772, 0.11832861,
       0.05160926, 0.0080406 , 0.24452558, 0.04198524, 0.07667457,
       0.07725543, 0.16081661, 0.06957895, 0.0581182 , 0.02273218,
       0.03549955, 0.01350355, 0.0223153 , 0.09527754, 0.08626553,
       0.03705623, 0.00926789, 0.01713432, 0.03108283, 0.06831808,
       0.02529059, 0.0384736 , 0.02038016, 0.04333956, 0.03348287,
       0.0528436 , 0.04175606, 0.02749591, 0.02849871, 0.05989643,
       0.05664843, 0.10383323, 0.04703268, 0.01480317, 0.14483986,
       0.03721906, 0.15920385, 0.1196789 , 0.03219742, 0.0523911 ,
       0.03569389, 0.01265062, 0.11956227, 0.02734491, 0.20837186,
       0.0672614 , 0.05892904, 0.00912423, 0.05999423, 0.00593651,
       0.04844749, 0.02433231, 0.05609606, 0.08699515, 0.05863373,
       0.19589254, 0.01876143, 0.08383506, 0.02303138, 0.07943675,
       0.02397843, 0.08262472, 0.1419701 , 0.15133382, 0.15475624,
       0.00641378, 0.10839832, 0.02340614, 0.14225098, 0.03605817,
       0.03793761, 0.24189226, 0.04875143, 0.05588735, 0.04934013,
       0.01536171]), 'delta_distances': array([0., 0., 0., 0., 0., 0., 0., 0., 0., 0., 0., 0., 0., 0., 0., 0., 0.,
       0., 0., 0., 0., 0., 0., 0., 0., 0., 0., 0., 0., 0., 0., 0., 0., 0.,
       0., 0., 0., 0., 0., 0., 0., 0., 0., 0., 0., 0., 0., 0., 0., 0., 0.,
       0., 0., 0., 0., 0., 0., 0., 0., 0., 0., 0., 0., 0., 0., 0., 0., 0.,
       0., 0., 0., 0., 0., 0., 0., 0., 0., 0., 0., 0., 0., 0., 0., 0., 0.,
       0., 0., 0., 0., 0., 0., 0., 0., 0., 0., 0., 0., 0., 0., 0., 0., 0.,
       0., 0., 0., 0., 0., 0., 0., 0., 0., 0., 0., 0., 0., 0., 0., 0., 0.,
       0., 0., 0., 0., 0., 0., 0., 0., 0., 0., 0., 0., 0., 0., 0., 0., 0.,
       0., 0., 0., 0., 0., 0., 0., 0., 0., 0., 0., 0., 0., 0., 0., 0., 0.,
       0., 0., 0., 0., 0., 0., 0., 0., 0., 0., 0., 0., 0., 0., 0., 0., 0.,
       0., 0., 0., 0., 0., 0., 0., 0., 0., 0., 0., 0., 0., 0., 0., 0., 0.,
       0., 0., 0., 0., 0., 0., 0., 0., 0., 0., 0., 0., 0., 0., 0., 0., 0.,
       0., 0., 0., 0., 0., 0., 0., 0., 0., 0., 0., 0., 0., 0., 0., 0., 0.,
       0., 0., 0., 0., 0., 0., 0., 0., 0., 0., 0., 0., 0., 0., 0., 0., 0.,
       0., 0., 0., 0., 0., 0., 0., 0., 0., 0., 0., 0., 0., 0., 0., 0., 0.,
       0., 0., 0., 0., 0., 0., 0., 0., 0., 0., 0., 0., 0., 0., 0., 0., 0.,
       0., 0., 0., 0., 0., 0., 0., 0., 0., 0., 0., 0., 0., 0., 0., 0., 0.,
       0., 0., 0., 0., 0., 0., 0., 0., 0., 0., 0., 0., 0., 0., 0., 0., 0.,
       0., 0., 0., 0., 0., 0., 0., 0., 0., 0., 0., 0., 0., 0., 0., 0., 0.,
       0., 0., 0., 0., 0., 0., 0., 0., 0., 0., 0., 0., 0., 0., 0., 0., 0.,
       0., 0., 0., 0., 0., 0., 0., 0., 0., 0., 0., 0., 0., 0., 0., 0., 0.,
       0., 0., 0., 0., 0., 0., 0., 0., 0., 0., 0., 0., 0., 0., 0., 0., 0.,
       0., 0., 0., 0., 0., 0., 0., 0., 0., 0., 0., 0., 0., 0., 0., 0., 0.,
       0., 0., 0., 0., 0., 0., 0., 0., 0., 0., 0., 0., 0., 0., 0., 0., 0.,
       0., 0., 0., 0., 0., 0., 0., 0., 0., 0., 0., 0., 0., 0., 0., 0., 0.,
       0., 0., 0., 0., 0., 0., 0., 0., 0., 0., 0., 0., 0., 0., 0., 0., 0.,
       0., 0., 0., 0., 0., 0., 0., 0., 0., 0., 0., 0., 0., 0., 0., 0., 0.,
       0., 0., 0., 0., 0., 0., 0., 0., 0., 0., 0., 0., 0., 0., 0., 0., 0.,
       0., 0., 0., 0., 0., 0., 0., 0., 0., 0., 0., 0., 0., 0., 0., 0., 0.,
       0., 0., 0., 0., 0., 0., 0., 0., 0., 0., 0., 0., 0., 0., 0., 0., 0.,
       0., 0., 0., 0., 0., 0., 0., 0., 0., 0., 0., 0., 0., 0., 0., 0., 0.,
       0., 0., 0., 0., 0., 0., 0., 0., 0., 0., 0., 0., 0., 0., 0., 0., 0.,
       0., 0., 0., 0., 0., 0., 0., 0., 0., 0., 0., 0., 0., 0., 0., 0., 0.,
       0., 0., 0., 0., 0., 0., 0., 0., 0., 0., 0., 0., 0., 0., 0., 0., 0.,
       0., 0., 0., 0., 0., 0., 0., 0., 0., 0., 0., 0., 0., 0., 0., 0., 0.,
       0., 0., 0., 0., 0., 0., 0., 0., 0., 0., 0., 0., 0., 0., 0., 0., 0.,
       0., 0., 0., 0., 0., 0., 0., 0., 0.]), 'locations': array([51, 46, 58, 29,  0, 32, 55, 18,  1, 56, 57, 27, 35, 56, 41, 40, 58,
       41, 29, 41, 44,  5, 46, 56, 31, 33,  6, 43, 33, 58, 19,  6,  4,  4,
       44, 42, 27, 57, 55, 32,  3, 36, 28, 20, 54, 18, 31, 60,  6, 19, 41,
       28, 57,  0, 19, 42, 55, 56, 16, 42,  5, 38, 18, 56, 25, 16, 15, 56,
       33, 16,  1, 61, 60, 19, 20, 38, 42, 61, 28, 55, 40,  4, 17, 19, 54,
       25,  7, 30,  5, 56, 33, 59, 30, 61, 54, 12, 33, 31,  5, 17, 20, 59,
        5, 16, 28,  7, 39, 29, 55,  5, 57,  1, 58, 50, 35, 43,  4, 35, 55,
       27, 28, 57,  5, 33,  2,  3, 41, 59, 46, 60, 19, 28, 15, 15, 41,  0,
       33, 39,  2, 61, 30, 33, 57,  1,  1,  0, 33, 17, 17, 26, 60,  1,  2,
       50, 58, 58, 19,  6,  1, 29,  1, 59, 45, 31,  4,  4, 19, 50, 44, 55,
       20, 20,  0, 17, 54,  6,  1, 61, 58, 29, 44,  4, 38,  4, 59, 47,  2,
       54, 16,  0, 32, 60, 41,  2,  5, 54, 28, 61, 14, 26, 55, 55, 55, 54,
        5, 56, 35, 34, 58, 54, 42, 54, 55, 17, 55, 41, 26, 16,  0, 32, 45,
       33, 28, 58, 17, 37, 44, 54, 32, 61, 42, 28, 44, 34,  0, 17, 15, 26,
        4, 61, 55, 31, 40, 58, 21,  0, 38, 40, 19, 58, 55, 55, 12, 45, 44,
        1,  4,  0, 58, 41, 58, 31, 60, 31, 56,  7, 60, 28, 35, 41,  1, 17,
       16, 41, 43,  0, 40, 56, 41, 56, 37, 60, 31, 61, 39, 30, 58, 52, 20,
        5, 58, 57, 43, 60, 57, 60, 19, 30, 31, 44, 54,  0,  6,  1, 29, 41,
       25, 56, 20, 42, 58, 21,  6, 30, 45, 40,  2, 39, 40, 28, 28, 56, 17,
       57, 55, 42, 18, 61, 56, 55, 41, 16, 33, 22, 52, 60,  3, 57, 61,  8,
       15, 58,  4, 60, 60, 46, 32, 56, 27, 57, 32, 44, 61, 28, 15, 40,  2,
       55, 15, 57, 21, 57,  1, 59, 61, 25, 59, 58, 15, 38,  1, 39, 37,  1,
       55,  5,  1, 39,  4,  0, 49, 26,  6, 40, 54,  5,  0,  5,  8, 24, 31,
       40,  6, 38, 60, 57, 36, 56, 29, 17, 31, 60, 56, 54, 56, 61,  2, 41,
        0, 17, 18, 60, 15, 56, 25, 41, 54, 30, 26, 27,  0, 38, 29, 28,  1,
       61, 24, 41, 39, 58, 19,  4, 19, 43,  1, 55, 58, 32, 32, 59, 55,  7,
       33, 57, 59, 56, 38, 53, 56,  5, 22, 57, 21, 24, 56, 42, 54, 32, 57,
       29, 43, 35, 20, 10, 46, 32, 35, 18, 41, 55, 40, 59,  5, 23, 55, 53,
       30,  7, 59, 18, 25, 31, 17, 17, 19, 54, 61,  0, 18, 50,  1, 43, 26,
       29, 57, 45, 56,  8, 34, 41, 45, 61,  1, 61, 15, 55, 15, 56, 38, 25,
        1, 43,  1, 15, 59,  1,  2, 58, 18, 41, 25, 59, 42,  5, 56, 13, 46,
       22, 57, 55,  5, 39, 40, 52, 44, 16, 35, 38,  7, 14, 55, 25, 28, 42,
       17, 44, 56, 55, 31, 20, 45, 19, 29, 39, 24,  2,  8, 38, 57, 60, 23,
        1,  6,  0, 55, 44, 46, 55, 61, 27, 15, 19, 26, 25,  5, 29, 56,  5,
       29, 43, 35, 46, 29,  5, 38,  7, 38, 61, 45, 61, 18, 45,  1,  7,  2,
       34, 55,  6, 54, 56, 55, 57,  5, 48, 61, 19, 57, 61, 32, 32, 29, 22,
        1, 22, 17, 58,  0,  0, 59, 15, 50])}], 'clusters': array([1, 1, 1, 1, 1, 1, 0, 0, 1, 0, 0, 1, 1, 0, 1, 0, 1, 1, 0, 1, 1, 1,
       1, 1, 0, 1, 1, 0, 1, 1, 1, 1, 1, 1, 1, 1, 1, 0, 1, 1, 0, 1, 1, 1,
       1, 0, 1, 1, 1, 1, 1, 1, 1, 1, 1, 1, 1, 1, 1, 1, 1, 1, 0, 1, 1, 0,
       0, 1, 0, 0, 1, 1, 1, 1, 1, 1, 1, 1, 1, 1, 1, 0, 1, 1, 0, 1, 1, 1,
       1, 0, 1, 0, 1, 1, 1, 1, 1, 0, 1, 1, 1, 0, 1, 1, 1, 1, 0, 1, 1, 1,
       1, 1, 1, 1, 1, 1, 1, 0, 1, 1, 1, 1, 1, 1, 1, 0, 1, 1, 1, 1, 0, 1,
       1, 0, 1, 1, 1, 1, 1, 1, 1, 1, 1, 1, 1, 1, 1, 1, 1, 1, 1, 1, 1, 1,
       1, 1, 1, 1, 1, 1, 1, 1, 1, 1, 1, 0, 1, 1, 1, 1, 1, 1, 1, 0, 0, 1,
       1, 1, 1, 0, 1, 1, 1, 1, 1, 1, 1, 1, 1, 1, 0, 0, 1, 1, 1, 1, 1, 1,
       1, 1, 1, 1, 1, 0, 1, 1, 1, 1, 1, 0, 1, 1, 0, 1, 1, 1, 1, 1, 1, 0,
       0, 1, 0, 1, 1, 1, 1, 0, 1, 1, 1, 0, 1, 1, 1, 1, 1, 1, 0, 1, 1, 1,
       1, 1, 1, 1, 0, 1, 1, 1, 1, 0, 1, 1, 1, 1, 1, 1, 1, 1, 0, 1, 1, 1,
       0, 1, 1, 1, 1, 1, 1, 0, 1, 1, 1, 1, 1, 0, 1, 1, 1, 1, 0, 1, 1, 1,
       1, 1, 0, 1, 1, 0, 1, 1, 1, 0, 1, 0, 1, 1, 1, 1, 1, 1, 1, 1, 1, 1,
       1, 1, 1, 1, 1, 1, 1, 1, 1, 1, 0, 1, 1, 1, 0, 1, 1, 0, 1, 1, 0, 0,
       0, 1, 1, 1, 1, 1, 1, 1, 1, 1, 0, 1, 1, 1, 1, 1, 0, 1, 1, 0, 1, 1,
       1, 1, 1, 1, 1, 1, 0, 0, 1, 1, 1, 1, 1, 1, 1, 0, 1, 1, 1, 1, 1, 1,
       1, 1, 1, 1, 0, 1, 1, 1, 1, 1, 0, 1, 1, 1, 1, 1, 1, 1, 1, 1, 1, 1,
       1, 1, 1, 1, 0, 1, 0, 0, 1, 1, 0, 1, 1, 1, 1, 1, 1, 0, 0, 1, 1, 0,
       0, 0, 1, 1, 1, 1, 1, 0, 1, 1, 1, 1, 0, 1, 1, 1, 1, 1, 1, 0, 1, 1,
       1, 1, 1, 1, 1, 1, 1, 1, 1, 1, 0, 1, 1, 1, 1, 1, 1, 1, 0, 1, 1, 1,
       1, 1, 1, 1, 0, 1, 1, 1, 1, 1, 0, 1, 1, 1, 1, 1, 1, 1, 1, 0, 1, 1,
       1, 1, 0, 1, 1, 1, 1, 1, 0, 1, 1, 1, 1, 1, 1, 1, 1, 1, 1, 1, 0, 1,
       1, 1, 1, 0, 1, 1, 1, 1, 1, 1, 1, 1, 1, 1, 1, 1, 1, 1, 0, 0, 1, 1,
       1, 1, 1, 1, 1, 1, 1, 0, 1, 1, 1, 1, 1, 1, 0, 1, 1, 1, 1, 0, 1, 1,
       1, 0, 1, 1, 1, 1, 1, 1, 1, 1, 1, 1, 1, 1, 1, 1, 1, 1, 1, 1, 1, 1,
       1, 1, 1, 1, 1, 1, 1, 0, 1, 0, 1, 1, 1, 1, 1, 1, 1, 0, 1, 1, 1, 1,
       1, 1, 1, 1, 1, 1, 0, 1, 1, 1, 1, 1, 1, 0, 0, 0, 1, 1, 1, 0, 1, 1,
       0, 1, 1, 1, 1]), 'time': 1482.8467376232147}
lenSubsequence: 9{'RI': 0.5320814503142693, 'num_clusters': 3, 'uShapelets': [{'ts_index': 247, 'loc': 40, 'gap': 0.09592187399162926, 'distances': array([0.01459424, 0.0867819 , 0.0312866 , 0.00692057, 0.02017195,
       0.02580265, 0.04982485, 0.16222487, 0.01178483, 0.22539801,
       0.21011664, 0.01885203, 0.04451007, 0.08953479, 0.01397712,
       0.1812424 , 0.00809018, 0.05412822, 0.2246894 , 0.03723078,
       0.00209905, 0.09484073, 0.22711219, 0.01933919, 0.13119914,
       0.03404836, 0.20581766, 0.10302713, 0.13057799, 0.05738424,
       0.02153789, 0.05067074, 0.00644543, 0.0274653 , 0.1734769 ,
       0.1592642 , 0.01860364, 0.230488  , 0.1377501 , 0.01999805,
       0.03057256, 0.02075346, 0.05124059, 0.13568216, 0.22971849,
       0.0284621 , 0.02774441, 0.01825211, 0.01585938, 0.01194916,
       0.01052106, 0.03509889, 0.04516779, 0.06067792, 0.10416883,
       0.06730426, 0.16566106, 0.05157031, 0.03400283, 0.01995906,
       0.01955057, 0.03729993, 0.22066745, 0.05297981, 0.22507875,
       0.16945881, 0.19239444, 0.03229051, 0.0543079 , 0.23384546,
       0.05266304, 0.19641746, 0.1580533 , 0.08647846, 0.0381572 ,
       0.00880391, 0.02166687, 0.04321774, 0.08921181, 0.02162675,
       0.02851964, 0.04937497, 0.01654446, 0.05595489, 0.02628437,
       0.07650332, 0.01637053, 0.11231846, 0.11535723, 0.0333646 ,
       0.06391792, 0.15131946, 0.04533118, 0.0359295 , 0.06940498,
       0.07984726, 0.01020713, 0.18609419, 0.04425976, 0.02887719,
       0.01129088, 0.23619641, 0.18080239, 0.15832923, 0.19567632,
       0.00999821, 0.21281131, 0.03835627, 0.00677612, 0.19199401,
       0.09036582, 0.03988741, 0.03085158, 0.01101745, 0.0111103 ,
       0.1370698 , 0.05482889, 0.04272266, 0.2309388 , 0.07093851,
       0.04000895, 0.02591795, 0.01213909, 0.03108291, 0.0320621 ,
       0.18029548, 0.04888833, 0.00833659, 0.01912555, 0.05522665,
       0.23061809, 0.01688156, 0.21850817, 0.14773328, 0.0206069 ,
       0.0304003 , 0.05576266, 0.09042606, 0.00696453, 0.22032433,
       0.02170829, 0.06587751, 0.02750761, 0.04165304, 0.03204201,
       0.0110308 , 0.01762854, 0.05007535, 0.14956502, 0.1491281 ,
       0.0356949 , 0.01314061, 0.16148402, 0.02008302, 0.08087979,
       0.02561003, 0.20877043, 0.0409207 , 0.02443382, 0.03531993,
       0.02561873, 0.02549415, 0.11513011, 0.03220038, 0.02611611,
       0.203331  , 0.02002614, 0.04846953, 0.02260979, 0.19436951,
       0.01159634, 0.20010975, 0.00802514, 0.23313207, 0.21280098,
       0.18969924, 0.01190237, 0.03338568, 0.10520168, 0.03368544,
       0.0107397 , 0.01895531, 0.00953267, 0.20018034, 0.22600853,
       0.02797685, 0.04168409, 0.0220563 , 0.02640554, 0.01872473,
       0.05459969, 0.02178255, 0.021436  , 0.0100046 , 0.01591041,
       0.18634614, 0.04656803, 0.04120003, 0.02241052, 0.13771712,
       0.03964927, 0.01598787, 0.05088807, 0.03624241, 0.01740972,
       0.0356477 , 0.03587647, 0.02645403, 0.0556752 , 0.17155867,
       0.05300577, 0.03766737, 0.20222012, 0.02856511, 0.01784761,
       0.03588518, 0.10621339, 0.18743432, 0.02016205, 0.19036831,
       0.1827981 , 0.2259427 , 0.04628561, 0.04545804, 0.04244933,
       0.03044887, 0.20343522, 0.14389677, 0.14788124, 0.11687443,
       0.01517803, 0.06564278, 0.15081189, 0.00643371, 0.00989393,
       0.06535526, 0.01951026, 0.02285147, 0.014185  , 0.00619189,
       0.0159144 , 0.06282439, 0.06545722, 0.02731073, 0.01181875,
       0.01315615, 0.0038283 , 0.        , 0.00439518, 0.19280352,
       0.2313973 , 0.06955754, 0.0075377 , 0.01629777, 0.0348421 ,
       0.02800388, 0.00523072, 0.03005803, 0.01379667, 0.01505415,
       0.15807104, 0.05398601, 0.01644812, 0.02509588, 0.19260535,
       0.03964148, 0.15937543, 0.01574318, 0.01436273, 0.00493153,
       0.02021707, 0.03186897, 0.04179866, 0.03162541, 0.05242987,
       0.01147821, 0.01733285, 0.21294848, 0.033473  , 0.03044454,
       0.03095935, 0.13511863, 0.22842909, 0.0323158 , 0.02174127,
       0.02703339, 0.20009593, 0.00970273, 0.19727325, 0.01549149,
       0.08167876, 0.19518635, 0.04623441, 0.05650703, 0.09137741,
       0.18634473, 0.0151164 , 0.03944772, 0.03086597, 0.00514137,
       0.01154901, 0.01036837, 0.02069794, 0.03654546, 0.04555614,
       0.01431473, 0.04834188, 0.07349169, 0.05202722, 0.03382231,
       0.10551133, 0.0167756 , 0.04392072, 0.07853041, 0.02284499,
       0.05043401, 0.01421288, 0.02184842, 0.15659132, 0.22374387,
       0.0035616 , 0.0467367 , 0.22926841, 0.02962291, 0.14901123,
       0.02204776, 0.14801787, 0.01799164, 0.10131789, 0.20710889,
       0.0418125 , 0.04773159, 0.01531121, 0.00687531, 0.01985282,
       0.02134106, 0.21242311, 0.0176782 , 0.02253517, 0.01989463,
       0.16643782, 0.09053719, 0.23270828, 0.0559107 , 0.04246237,
       0.18985701, 0.18084565, 0.02743403, 0.17785277, 0.23396048,
       0.03558723, 0.029311  , 0.01392303, 0.05662257, 0.01125079,
       0.06532978, 0.02743929, 0.01924063, 0.10741105, 0.10994729,
       0.04159135, 0.12405227, 0.03521287, 0.04120633, 0.00571051,
       0.09342802, 0.00452239, 0.23448823, 0.07852904, 0.01874841,
       0.01862064, 0.02246404, 0.07973822, 0.02895626, 0.17888438,
       0.08546001, 0.01077895, 0.01371432, 0.01605893, 0.01940915,
       0.05315218, 0.01319083, 0.16471588, 0.10552552, 0.21325258,
       0.01681582, 0.0173586 , 0.03934737, 0.03676887, 0.00888005,
       0.22856983, 0.03155769, 0.02228332, 0.00786373, 0.02295148,
       0.02467734, 0.02769347, 0.00923784, 0.03737872, 0.06129588,
       0.13662414, 0.1020966 , 0.06803998, 0.10967837, 0.11579638,
       0.07878736, 0.10566304, 0.08535648, 0.01687371, 0.05777572,
       0.21978082, 0.01887273, 0.00663489, 0.00722212, 0.14694567,
       0.031191  , 0.08928212, 0.07135801, 0.15475689, 0.22403488,
       0.03255573, 0.00399305, 0.19794902, 0.03688614, 0.05768714,
       0.02318583, 0.02642905, 0.01653981, 0.01892009, 0.14373837,
       0.17485414, 0.22805774, 0.02928238, 0.05550094, 0.01481364,
       0.17576034, 0.01469168, 0.20007976, 0.01898578, 0.15430624,
       0.01712839, 0.00611375, 0.02780974, 0.18692145, 0.15051754,
       0.0564407 , 0.03643976, 0.07449677, 0.08792582, 0.01981517,
       0.2286262 , 0.03883506, 0.00676524, 0.01899342, 0.00552871,
       0.07356421, 0.09201961, 0.22569227, 0.12776132, 0.14915367,
       0.00413856, 0.01164179, 0.02173705, 0.01821772, 0.0272572 ,
       0.06828009, 0.23716285, 0.14589802, 0.0153692 , 0.01093999,
       0.00893354, 0.2008964 , 0.04155012, 0.00965768, 0.0656214 ,
       0.01716182, 0.18522686, 0.05243946, 0.04616325, 0.20464963,
       0.05577309, 0.23156113, 0.07926817, 0.01222146, 0.0496808 ,
       0.01109982, 0.22995694, 0.04818333, 0.07937236, 0.03251941,
       0.01338961, 0.09513801, 0.02656637, 0.07906861, 0.0485845 ,
       0.14990311, 0.05063995, 0.08750875, 0.05719782, 0.03252362,
       0.09314276, 0.06093268, 0.02519419, 0.00996535, 0.12748579,
       0.03039887, 0.0099391 , 0.0359593 , 0.00389328, 0.13306969,
       0.03309553, 0.02315129, 0.03138681, 0.23180205, 0.00838575,
       0.11068885, 0.01751812, 0.02372209, 0.17477151, 0.022091  ,
       0.13579841, 0.05340487, 0.04548924, 0.00458421, 0.14891304,
       0.18169841, 0.01955159, 0.02303996, 0.02759251, 0.00862884,
       0.0260077 , 0.04132488, 0.04102173, 0.04057696, 0.00375963,
       0.07839503, 0.22810794, 0.02571609, 0.03409979, 0.0144672 ,
       0.02096991, 0.06494161, 0.16414   , 0.02351393, 0.10412845,
       0.01906242, 0.02675069, 0.21934828, 0.10104858, 0.05619927,
       0.02831929, 0.0556448 , 0.11535381, 0.03970736, 0.042515  ,
       0.06573344, 0.22904965, 0.02085644, 0.05501863, 0.04324523,
       0.02507233, 0.00855658, 0.00621782, 0.01021299, 0.02195655,
       0.06060782, 0.05411414, 0.15023443, 0.15058068, 0.04377635,
       0.03455781, 0.05427262, 0.03041723, 0.05932395, 0.02597941,
       0.10757802, 0.0461744 , 0.02437329, 0.01041941, 0.1609063 ,
       0.22929785, 0.20427713, 0.16627281, 0.03632214, 0.03055869,
       0.01708604, 0.09839209, 0.02315093, 0.05378478, 0.02148599,
       0.18441746, 0.16887743, 0.05272349, 0.02012244, 0.01039839,
       0.03458771, 0.20580845, 0.12496817, 0.07297486, 0.02470204,
       0.18662209, 0.01837174, 0.00583377, 0.12010919, 0.07764929,
       0.0088917 , 0.02180109, 0.11413329, 0.168719  , 0.18458889,
       0.03898696, 0.04123317, 0.0208181 , 0.22164528, 0.01785854,
       0.04360669, 0.07004102, 0.01211954, 0.01559423, 0.0301281 ,
       0.02977565]), 'delta_distances': array([0., 0., 0., 0., 0., 0., 0., 0., 0., 0., 0., 0., 0., 0., 0., 0., 0.,
       0., 0., 0., 0., 0., 0., 0., 0., 0., 0., 0., 0., 0., 0., 0., 0., 0.,
       0., 0., 0., 0., 0., 0., 0., 0., 0., 0., 0., 0., 0., 0., 0., 0., 0.,
       0., 0., 0., 0., 0., 0., 0., 0., 0., 0., 0., 0., 0., 0., 0., 0., 0.,
       0., 0., 0., 0., 0., 0., 0., 0., 0., 0., 0., 0., 0., 0., 0., 0., 0.,
       0., 0., 0., 0., 0., 0., 0., 0., 0., 0., 0., 0., 0., 0., 0., 0., 0.,
       0., 0., 0., 0., 0., 0., 0., 0., 0., 0., 0., 0., 0., 0., 0., 0., 0.,
       0., 0., 0., 0., 0., 0., 0., 0., 0., 0., 0., 0., 0., 0., 0., 0., 0.,
       0., 0., 0., 0., 0., 0., 0., 0., 0., 0., 0., 0., 0., 0., 0., 0., 0.,
       0., 0., 0., 0., 0., 0., 0., 0., 0., 0., 0., 0., 0., 0., 0., 0., 0.,
       0., 0., 0., 0., 0., 0., 0., 0., 0., 0., 0., 0., 0., 0., 0., 0., 0.,
       0., 0., 0., 0., 0., 0., 0., 0., 0., 0., 0., 0., 0., 0., 0., 0., 0.,
       0., 0., 0., 0., 0., 0., 0., 0., 0., 0., 0., 0., 0., 0., 0., 0., 0.,
       0., 0., 0., 0., 0., 0., 0., 0., 0., 0., 0., 0., 0., 0., 0., 0., 0.,
       0., 0., 0., 0., 0., 0., 0., 0., 0., 0., 0., 0., 0., 0., 0., 0., 0.,
       0., 0., 0., 0., 0., 0., 0., 0., 0., 0., 0., 0., 0., 0., 0., 0., 0.,
       0., 0., 0., 0., 0., 0., 0., 0., 0., 0., 0., 0., 0., 0., 0., 0., 0.,
       0., 0., 0., 0., 0., 0., 0., 0., 0., 0., 0., 0., 0., 0., 0., 0., 0.,
       0., 0., 0., 0., 0., 0., 0., 0., 0., 0., 0., 0., 0., 0., 0., 0., 0.,
       0., 0., 0., 0., 0., 0., 0., 0., 0., 0., 0., 0., 0., 0., 0., 0., 0.,
       0., 0., 0., 0., 0., 0., 0., 0., 0., 0., 0., 0., 0., 0., 0., 0., 0.,
       0., 0., 0., 0., 0., 0., 0., 0., 0., 0., 0., 0., 0., 0., 0., 0., 0.,
       0., 0., 0., 0., 0., 0., 0., 0., 0., 0., 0., 0., 0., 0., 0., 0., 0.,
       0., 0., 0., 0., 0., 0., 0., 0., 0., 0., 0., 0., 0., 0., 0., 0., 0.,
       0., 0., 0., 0., 0., 0., 0., 0., 0., 0., 0., 0., 0., 0., 0., 0., 0.,
       0., 0., 0., 0., 0., 0., 0., 0., 0., 0., 0., 0., 0., 0., 0., 0., 0.,
       0., 0., 0., 0., 0., 0., 0., 0., 0., 0., 0., 0., 0., 0., 0., 0., 0.,
       0., 0., 0., 0., 0., 0., 0., 0., 0., 0., 0., 0., 0., 0., 0., 0., 0.,
       0., 0., 0., 0., 0., 0., 0., 0., 0., 0., 0., 0., 0., 0., 0., 0., 0.,
       0., 0., 0., 0., 0., 0., 0., 0., 0., 0., 0., 0., 0., 0., 0., 0., 0.,
       0., 0., 0., 0., 0., 0., 0., 0., 0., 0., 0., 0., 0., 0., 0., 0., 0.,
       0., 0., 0., 0., 0., 0., 0., 0., 0., 0., 0., 0., 0., 0., 0., 0., 0.,
       0., 0., 0., 0., 0., 0., 0., 0., 0., 0., 0., 0., 0., 0., 0., 0., 0.,
       0., 0., 0., 0., 0., 0., 0., 0., 0., 0., 0., 0., 0., 0., 0., 0., 0.,
       0., 0., 0., 0., 0., 0., 0., 0., 0., 0., 0., 0., 0., 0., 0., 0., 0.,
       0., 0., 0., 0., 0., 0., 0., 0., 0., 0., 0., 0., 0., 0., 0., 0., 0.,
       0., 0., 0., 0., 0., 0., 0., 0., 0.]), 'locations': array([51, 27, 58, 29, 59, 32,  1, 18,  7, 27, 45, 24, 59,  4, 41, 40, 58,
       40, 25, 41, 41, 59, 60, 43, 30, 32,  4, 43, 17, 57, 18, 35,  5, 40,
       43, 39, 59, 41, 55,  2,  4,  8, 34, 54, 39, 19, 28, 33, 41,  1, 41,
        5, 58,  0, 17,  6, 58, 41, 38, 27,  5,  0, 18, 26,  4, 16, 55, 56,
        1, 43,  1, 54, 43, 19, 57, 38, 57, 58, 27, 55, 40, 59, 17, 18, 29,
        5, 19, 34, 28, 57, 32, 17, 18, 16, 34, 16,  2, 30, 37, 55, 18, 59,
       54, 16, 26,  4, 35, 59, 27, 25, 43,  1, 15,  0, 34, 59, 55, 34, 16,
       29, 27, 24,  5, 19, 30, 56, 40, 55,  1, 59, 55, 26, 43, 15, 43,  4,
       32, 28,  0, 55, 22, 32, 56,  0,  1,  0, 32,  5, 15, 59, 59,  0, 40,
       50, 41,  6, 54, 41, 45, 28,  0, 60, 44, 19,  9,  4, 15,  4, 16, 28,
       17, 21, 59, 42, 55,  5, 38, 56, 58, 25, 44, 33, 37,  5, 28, 39,  0,
       55, 16, 19, 34, 55, 41,  5, 60, 33, 28, 24,  1, 16, 41, 14, 55, 37,
        5, 54, 33, 34, 58, 54, 26, 21, 55, 17,  0, 16, 26, 54,  0, 32, 45,
        2, 25, 56, 17, 41, 54, 31, 32, 28, 42, 28, 44, 30,  0, 56,  0, 35,
        5,  6, 55, 29, 57, 21,  4,  0, 60, 40, 18, 42, 55, 29, 12, 44, 34,
        0, 59,  0,  7, 38, 58,  4, 29, 42, 56, 30, 60, 26,  0, 39,  0, 16,
       38, 40, 43, 42, 43, 57,  6, 56, 41, 59, 53, 60, 33,  5, 45, 29, 19,
        1, 58, 56, 43, 59, 44, 55, 44, 56, 26, 44, 54,  0,  6,  0, 26, 39,
       41, 14,  5, 42, 21, 21,  3, 28, 41, 56,  2, 37, 56, 55, 26, 58, 58,
        4, 55, 41, 16,  0, 55, 55, 40, 16, 32, 20, 40, 59, 58, 51, 60, 54,
       16, 44, 37, 59, 37, 53, 56, 56, 30, 43, 30, 44, 60, 28, 43, 37,  7,
       55, 31, 23, 21, 56,  1, 34, 54, 25, 59, 20, 15, 38,  5, 38, 34,  1,
       43, 60,  1, 40, 38,  2, 29, 29,  5, 40, 43, 41,  2, 24,  5, 23, 15,
       38, 42, 11, 60, 41, 40, 15, 26, 16, 30, 43, 57, 32, 27, 59, 27, 41,
       41, 17, 17,  0, 55, 29, 25,  5, 31, 26, 60, 23,  0, 38, 30, 37,  0,
       55, 24, 27, 39, 55, 15, 17, 19, 59,  0, 43, 58, 56,  5, 19, 55, 15,
       32, 54, 59, 14, 24, 32, 28, 58,  1, 30, 21, 23, 56, 42, 54, 30, 30,
       30, 47, 54, 33,  4, 38, 60,  3, 17, 40, 55, 41, 59, 15, 60, 55, 57,
       32, 44,  0, 54, 42,  4, 57, 17, 18, 54, 40,  1, 18, 45, 39, 59, 60,
       25, 41,  3, 56, 25, 42, 41, 56, 60,  5, 59, 15,  1, 15, 56, 36, 27,
        1, 44, 38, 41, 58, 53, 45, 58, 41, 39, 24, 26, 42,  5, 55, 13, 60,
       22,  1, 55, 18, 39, 37, 52, 43, 55, 29, 40, 38, 49, 18, 25, 28, 44,
       17, 56, 55, 55, 23, 15, 42, 30, 59, 15, 32, 57,  2,  5, 57,  5, 33,
       55, 18,  0, 58, 45, 15,  4, 54, 22, 15, 18, 38, 31, 36, 30, 52, 29,
       27, 43,  2, 55, 28, 56, 37, 41, 35,  4, 56, 30, 17,  4,  0,  7,  2,
        1, 54,  4, 21, 56, 55, 56, 45, 29, 60, 19, 58, 28, 31, 43, 42, 45,
        0, 22, 16, 58,  1,  0, 59, 15, 50])}, {'ts_index': 125, 'loc': 33, 'gap': 0.0656989831638185, 'distances': array([0.11237846, 0.19710453, 0.22161632, 0.04801184, 0.17841464,
       0.17574959, 0.07349747, 0.1732846 , 0.16488864, 0.17538488,
       0.09939711, 0.07105469, 0.12724215, 0.21365267, 0.13681324,
       0.17524233, 0.18776137, 0.17443941, 0.19793134, 0.06106335,
       0.08591241, 0.05156213, 0.03842448, 0.03090872, 0.        ,
       0.06297572, 0.07892696, 0.06063834, 0.18010765, 0.18100412,
       0.21189801, 0.05577534, 0.10154003, 0.10568097, 0.1948039 ,
       0.20614678, 0.11965147, 0.08655998, 0.04650669, 0.20686069,
       0.19107662, 0.06633374, 0.08236278, 0.1916713 , 0.07534998,
       0.18103786, 0.06922339, 0.13949127, 0.05737109, 0.10164306,
       0.03454887, 0.10041562, 0.12213991, 0.07880427, 0.18181459,
       0.09004797, 0.03689112, 0.114675  , 0.06315444, 0.1936595 ,
       0.07429546, 0.05987315, 0.11458139, 0.05720085, 0.19337471,
       0.03448787, 0.1227635 , 0.09893299, 0.05841353, 0.07706663,
       0.12310234, 0.08068704, 0.13112468, 0.19013464, 0.02895499,
       0.10850311, 0.2058829 , 0.09467102, 0.05700353, 0.06027678,
       0.05474998, 0.03524401, 0.07232543, 0.19459763, 0.10212036,
       0.20097871, 0.07754087, 0.04972166, 0.14550927, 0.07926394,
       0.05989764, 0.15939204, 0.075179  , 0.20597943, 0.0931365 ,
       0.10536913, 0.04352096, 0.1004808 , 0.05316012, 0.04649314,
       0.19864742, 0.14768962, 0.08502934, 0.05618462]), 'delta_distances': array([0., 0., 0., 0., 0., 0., 0., 0., 0., 0., 0., 0., 0., 0., 0., 0., 0.,
       0., 0., 0., 0., 0., 0., 0., 0., 0., 0., 0., 0., 0., 0., 0., 0., 0.,
       0., 0., 0., 0., 0., 0., 0., 0., 0., 0., 0., 0., 0., 0., 0., 0., 0.,
       0., 0., 0., 0., 0., 0., 0., 0., 0., 0., 0., 0., 0., 0., 0., 0., 0.,
       0., 0., 0., 0., 0., 0., 0., 0., 0., 0., 0., 0., 0., 0., 0., 0., 0.,
       0., 0., 0., 0., 0., 0., 0., 0., 0., 0., 0., 0., 0., 0., 0., 0., 0.,
       0., 0.]), 'locations': array([21, 53,  4, 55, 25, 16,  5, 18, 27, 54, 55, 28, 28, 17, 37, 55, 56,
       60, 20, 40, 34, 23, 58, 57, 33, 19, 31, 17, 28, 19, 53, 54, 58, 56,
       54, 41,  4, 17, 34, 33, 56, 32, 42, 59,  4, 43, 45, 56, 17, 58, 30,
       56, 18, 33, 31, 58, 30, 31,  6, 22,  4,  5, 21, 24, 16, 57, 55,  6,
       44, 58, 56, 26, 29, 19, 34, 55, 16, 45, 60, 58, 56, 31, 33, 25, 35,
       52, 33, 37, 56, 26, 35, 20, 55, 35, 59, 46, 35,  5, 34, 55, 45, 28,
       54, 30])}], 'clusters': array([1, 1, 1, 1, 1, 1, 1, 2, 1, 0, 0, 1, 1, 1, 1, 2, 1, 1, 0, 1, 1, 1,
       0, 1, 1, 1, 2, 1, 1, 1, 1, 1, 1, 1, 0, 1, 1, 0, 1, 1, 1, 1, 1, 1,
       0, 1, 1, 1, 1, 1, 1, 1, 1, 1, 1, 1, 2, 1, 1, 1, 1, 1, 2, 1, 2, 0,
       2, 1, 1, 0, 1, 0, 1, 1, 1, 1, 1, 1, 1, 1, 1, 1, 1, 1, 1, 1, 1, 1,
       1, 1, 1, 1, 1, 1, 1, 1, 1, 0, 1, 1, 1, 0, 2, 1, 2, 1, 2, 1, 1, 2,
       1, 1, 1, 1, 1, 1, 1, 1, 2, 1, 1, 1, 1, 1, 1, 2, 1, 1, 1, 1, 2, 1,
       2, 1, 1, 1, 1, 1, 1, 2, 1, 1, 1, 1, 1, 1, 1, 1, 1, 1, 1, 1, 0, 1,
       1, 1, 0, 1, 1, 1, 1, 1, 1, 1, 1, 0, 1, 1, 1, 2, 1, 2, 1, 2, 0, 0,
       1, 1, 1, 1, 1, 1, 1, 2, 2, 1, 1, 1, 1, 1, 1, 1, 1, 1, 1, 2, 1, 1,
       1, 1, 1, 1, 1, 1, 1, 1, 1, 1, 1, 0, 1, 1, 0, 1, 1, 1, 1, 2, 1, 2,
       0, 2, 1, 1, 1, 1, 0, 1, 1, 1, 1, 1, 1, 1, 1, 1, 1, 1, 1, 1, 1, 1,
       1, 1, 1, 1, 1, 1, 1, 2, 2, 1, 1, 1, 1, 1, 1, 1, 1, 1, 1, 1, 1, 1,
       2, 1, 1, 1, 1, 1, 1, 1, 1, 1, 1, 1, 1, 2, 1, 1, 1, 1, 2, 1, 1, 1,
       2, 1, 2, 1, 1, 2, 1, 1, 1, 0, 1, 1, 1, 1, 1, 1, 1, 1, 1, 1, 1, 1,
       1, 1, 1, 1, 1, 1, 1, 1, 1, 1, 1, 2, 1, 1, 2, 1, 1, 1, 1, 1, 1, 2,
       1, 1, 1, 1, 1, 1, 2, 1, 1, 1, 0, 1, 2, 1, 1, 2, 2, 1, 2, 0, 1, 1,
       1, 1, 1, 1, 1, 1, 1, 1, 1, 1, 1, 1, 1, 1, 1, 2, 1, 1, 1, 1, 1, 1,
       2, 1, 1, 1, 1, 1, 1, 1, 2, 1, 2, 1, 1, 1, 1, 1, 2, 1, 1, 1, 1, 1,
       1, 1, 1, 1, 1, 1, 1, 1, 1, 1, 1, 1, 1, 1, 2, 1, 1, 1, 1, 1, 1, 1,
       1, 2, 1, 1, 2, 1, 1, 1, 1, 1, 1, 1, 0, 2, 1, 1, 1, 2, 1, 0, 1, 1,
       1, 1, 1, 2, 1, 1, 1, 1, 1, 1, 2, 1, 1, 1, 1, 1, 1, 2, 1, 1, 1, 1,
       1, 1, 1, 1, 2, 1, 1, 1, 1, 2, 1, 1, 1, 1, 2, 1, 1, 0, 1, 2, 1, 1,
       1, 1, 0, 1, 1, 1, 1, 1, 1, 1, 1, 1, 1, 1, 1, 1, 1, 1, 1, 1, 1, 1,
       1, 1, 1, 1, 1, 1, 1, 2, 1, 1, 1, 1, 2, 1, 1, 1, 1, 1, 1, 2, 1, 1,
       1, 1, 1, 1, 1, 1, 1, 1, 2, 1, 1, 1, 1, 1, 2, 1, 1, 1, 1, 0, 1, 1,
       1, 1, 1, 1, 1, 1, 2, 1, 1, 1, 1, 1, 1, 1, 1, 1, 1, 1, 1, 1, 1, 1,
       1, 1, 1, 1, 1, 1, 1, 0, 2, 2, 2, 1, 1, 1, 1, 1, 1, 1, 2, 2, 1, 1,
       1, 1, 2, 1, 1, 1, 0, 1, 1, 1, 1, 1, 1, 1, 2, 2, 1, 1, 1, 2, 1, 1,
       1, 1, 1, 1, 1]), 'time': 1499.527901649475}
lenSubsequence: 10{'RI': 0.5394680795802815, 'num_clusters': 7, 'uShapelets': [{'ts_index': 86, 'loc': 5, 'gap': 0.09729927910935099, 'distances': array([0.20177314, 0.17177825, 0.19006728, 0.21872495, 0.09622444,
       0.06259916, 0.24036804, 0.22313653, 0.03386619, 0.23853482,
       0.22192712, 0.03629632, 0.22915227, 0.21745543, 0.05078812,
       0.20585164, 0.20878267, 0.11119012, 0.21552412, 0.24916904,
       0.04012765, 0.22932386, 0.17074849, 0.05094057, 0.23235897,
       0.21239778, 0.2387631 , 0.20671839, 0.20579052, 0.20442987,
       0.21500871, 0.09449478, 0.17795121, 0.23085102, 0.20375652,
       0.22258959, 0.22565392, 0.22676277, 0.21372973, 0.24821355,
       0.21573085, 0.11711963, 0.059248  , 0.06438298, 0.23051992,
       0.10046421, 0.21836557, 0.06025506, 0.06559488, 0.20317219,
       0.06479491, 0.04927501, 0.21247316, 0.14300613, 0.23727451,
       0.17567079, 0.20762677, 0.08115304, 0.18071633, 0.20141113,
       0.22895275, 0.12038162, 0.24131922, 0.22896614, 0.22650864,
       0.23339922, 0.20513565, 0.04335448, 0.23336489, 0.22683504,
       0.20777011, 0.23305803, 0.13233746, 0.08096987, 0.21553898,
       0.0345755 , 0.00735136, 0.22059215, 0.21737602, 0.04958345,
       0.0507223 , 0.04616438, 0.03795794, 0.08832218, 0.20968257,
       0.21520766, 0.        , 0.21870544, 0.21192614, 0.21248276,
       0.20226882, 0.24402488, 0.12432916, 0.19988038, 0.22609798,
       0.22328717, 0.17564385, 0.24135616, 0.07117998, 0.23699167,
       0.09104151, 0.23432102, 0.21280236, 0.20183685, 0.21633724,
       0.03802942, 0.20882492, 0.08741049, 0.1263792 , 0.24545454,
       0.2150305 , 0.06122318, 0.16351252, 0.20235967, 0.20428933,
       0.20463515, 0.21389864, 0.20580702, 0.23644189, 0.2269912 ,
       0.03567389, 0.05371998, 0.20099465, 0.18441176, 0.22745345,
       0.21443383, 0.03569449, 0.21403938, 0.09179364, 0.20757408,
       0.23481933, 0.17587302, 0.2121208 , 0.20267073, 0.21931683,
       0.21513211, 0.05416701, 0.25220862, 0.05864119, 0.22883931,
       0.1096747 , 0.2048769 , 0.17536747, 0.21932303, 0.22017374,
       0.20481586, 0.20317754, 0.21504065, 0.22812565, 0.24355938,
       0.12571705, 0.20248774, 0.16243626, 0.20321941, 0.19073622,
       0.2115564 , 0.22717206, 0.18785369, 0.19077339, 0.20485133,
       0.2200107 , 0.04855054, 0.04419745, 0.22255856, 0.20392567,
       0.24055207, 0.06683893, 0.09437583, 0.15476815, 0.223681  ,
       0.11064786, 0.2258574 , 0.20476997, 0.2013767 , 0.23610815,
       0.22358353, 0.06828063, 0.20090897, 0.22737001, 0.0378222 ,
       0.22169484, 0.0486938 , 0.03722219, 0.20725288, 0.17567466,
       0.20933992, 0.04580691, 0.05450131, 0.08388564, 0.07282583,
       0.04982984, 0.22907989, 0.21057837, 0.20376239, 0.19750427,
       0.13170839, 0.21969058, 0.22808053, 0.22633859, 0.17237697,
       0.25104684, 0.04323589, 0.24092409, 0.06387497, 0.20127505,
       0.08973016, 0.21674605, 0.200259  , 0.21289698, 0.21628997,
       0.21482793, 0.20240182, 0.22636618, 0.057358  , 0.13134379,
       0.04384842, 0.20686572, 0.24744772, 0.06051843, 0.08270652,
       0.21159236, 0.24427505, 0.24285827, 0.11203413, 0.17919677,
       0.19173052, 0.23199074, 0.11682595, 0.22839151, 0.23461233,
       0.20068448, 0.23918024, 0.04708493, 0.20982552, 0.22110511,
       0.24177454, 0.09542526, 0.21395873, 0.22188485, 0.22873719,
       0.07106593, 0.22763205, 0.21574039, 0.17249775, 0.18650853,
       0.19688043, 0.20764942, 0.20209593, 0.06722977, 0.23743338,
       0.24527227, 0.21884251, 0.07445932, 0.23100634, 0.21379664,
       0.20298524, 0.20198184, 0.21468245, 0.03965687, 0.09862134,
       0.2144847 , 0.20744731, 0.06485959, 0.06235936, 0.24340748,
       0.20163813, 0.22424077, 0.11436428, 0.2159299 , 0.05407147,
       0.20655307, 0.20029968, 0.22325546, 0.05826539, 0.20637798,
       0.04554749, 0.21998019, 0.04025829, 0.2165717 , 0.17646881,
       0.07443152, 0.23615648, 0.22619441, 0.23105905, 0.03729506,
       0.21905377, 0.23176798, 0.21991034, 0.22615565, 0.2203532 ,
       0.21633927, 0.21372129, 0.13244042, 0.20306078, 0.10823266,
       0.24671503, 0.2142426 , 0.20355685, 0.21257716, 0.20072971,
       0.17938765, 0.18575871, 0.11365994, 0.04878051, 0.19604645,
       0.04429902, 0.10652356, 0.24117498, 0.22320413, 0.21604753,
       0.08635839, 0.20330143, 0.1503903 , 0.21574817, 0.06433417,
       0.22459217, 0.0959475 , 0.20346278, 0.21997143, 0.04702886,
       0.05222008, 0.21015702, 0.23272679, 0.22655373, 0.22204465,
       0.22172995, 0.02767209, 0.05956737, 0.2140848 , 0.22549533,
       0.23076611, 0.18728108, 0.20413835, 0.09780561, 0.22228321,
       0.20643786, 0.23971518, 0.08439941, 0.186691  , 0.2153368 ,
       0.24372403, 0.23163164, 0.21984078, 0.22697007, 0.21101378,
       0.06819643, 0.22830526, 0.20192014, 0.18994582, 0.23797778,
       0.2152346 , 0.20617268, 0.21814671, 0.2431606 , 0.17518346,
       0.22104394, 0.23996417, 0.2133656 , 0.24128803, 0.18344256,
       0.2169594 , 0.22083735, 0.15938318, 0.23135046, 0.20760448,
       0.24504711, 0.20209091, 0.20904016, 0.09939628, 0.09538236,
       0.20758214, 0.10275972, 0.20619543, 0.05612666, 0.21784799,
       0.21313099, 0.05950024, 0.19009993, 0.02202432, 0.06334712,
       0.24401549, 0.20983745, 0.21080233, 0.20382585, 0.08498446,
       0.20301009, 0.22221997, 0.04332508, 0.23966729, 0.10136769,
       0.24089854, 0.08285675, 0.18249596, 0.20090234, 0.24065261,
       0.05387857, 0.03945165, 0.0662363 , 0.21386703, 0.12688546,
       0.2089015 , 0.2261109 , 0.24980955, 0.24111935, 0.22296378,
       0.11998887, 0.18683545, 0.21762836, 0.04028926, 0.07485747,
       0.2431161 , 0.20441649, 0.03767537, 0.21949113, 0.21401318,
       0.22597634, 0.10695327, 0.17927633, 0.20951077, 0.22202008,
       0.11863705, 0.05647451, 0.2160687 , 0.05463914, 0.22982614,
       0.06387611, 0.21953249, 0.20869128, 0.18664879, 0.23656695,
       0.21755769, 0.23130858, 0.12896013, 0.15607807, 0.2237102 ,
       0.22973733, 0.22459363, 0.21090644, 0.21355825, 0.22383866,
       0.20144889, 0.05386777, 0.2221595 , 0.08244478, 0.24855806,
       0.24735648, 0.21480319, 0.23246009, 0.22430898, 0.21954377,
       0.22271668, 0.21331098, 0.20469085, 0.03374521, 0.05288642,
       0.24435703, 0.08226519, 0.22310324, 0.21717289, 0.21383685,
       0.06777052, 0.13884894, 0.18731013, 0.03937824, 0.06475346,
       0.22483094, 0.23365925, 0.22292863, 0.22515168, 0.05046356,
       0.0423498 , 0.21279168, 0.20479013, 0.20164009, 0.11359442,
       0.07267768, 0.20052424, 0.09603962, 0.05770691, 0.24088591,
       0.20078991, 0.21669727, 0.23824718, 0.05315404, 0.21256966,
       0.05457348, 0.21569181, 0.08438143, 0.22013863, 0.20458943,
       0.04735535, 0.21238468, 0.09829205, 0.08007865, 0.06782033,
       0.20741554, 0.0594542 , 0.21691489, 0.06717676, 0.06159759,
       0.22182559, 0.22280874, 0.20162773, 0.05922418, 0.18820474,
       0.20869789, 0.20968743, 0.22740567, 0.04410125, 0.22155476,
       0.2207951 , 0.25300359, 0.05561196, 0.20162244, 0.21158414,
       0.21091643, 0.21837073, 0.03590365, 0.20226878, 0.20571297,
       0.2247332 , 0.20997126, 0.19041569, 0.22305362, 0.22281694,
       0.17833486, 0.21400146, 0.07535372, 0.23359713, 0.06584403,
       0.23940526, 0.10231271, 0.21449049, 0.1516253 , 0.05135502,
       0.17205637, 0.16283651, 0.15397726, 0.04205617, 0.06414486,
       0.18450391, 0.14708123, 0.22100535, 0.18600526, 0.2311883 ,
       0.22811637, 0.22139538, 0.15129849, 0.2034338 , 0.18121528,
       0.08547335, 0.22279537, 0.12922286, 0.20799235, 0.20013976,
       0.21016081, 0.2273148 , 0.05448828, 0.23917744, 0.20412523,
       0.10524409, 0.22360844, 0.04447531, 0.20071087, 0.22181324,
       0.12937784, 0.22143113, 0.24232915, 0.22434078, 0.12408706,
       0.20377221, 0.15368822, 0.05041379, 0.22751776, 0.02859677,
       0.21570545, 0.21605541, 0.22320235, 0.04149437, 0.24132923,
       0.22627674, 0.22419617, 0.22270502, 0.22284218, 0.05992871,
       0.07997872, 0.23117811, 0.2418425 , 0.08829852, 0.22999816,
       0.230695  , 0.07557307, 0.2164137 , 0.2205795 , 0.04368789,
       0.04529221, 0.23822474, 0.22095835, 0.21146775, 0.24391338,
       0.25298724, 0.22652924, 0.04455376, 0.21366656, 0.22063009,
       0.07011197, 0.21805977, 0.214303  , 0.215503  , 0.24444679,
       0.08616364, 0.20568411, 0.04711934, 0.21532241, 0.04072101,
       0.20360495, 0.23154835, 0.22564124, 0.20612152, 0.11644131,
       0.2238715 ]), 'delta_distances': array([0., 0., 0., 0., 0., 0., 0., 0., 0., 0., 0., 0., 0., 0., 0., 0., 0.,
       0., 0., 0., 0., 0., 0., 0., 0., 0., 0., 0., 0., 0., 0., 0., 0., 0.,
       0., 0., 0., 0., 0., 0., 0., 0., 0., 0., 0., 0., 0., 0., 0., 0., 0.,
       0., 0., 0., 0., 0., 0., 0., 0., 0., 0., 0., 0., 0., 0., 0., 0., 0.,
       0., 0., 0., 0., 0., 0., 0., 0., 0., 0., 0., 0., 0., 0., 0., 0., 0.,
       0., 0., 0., 0., 0., 0., 0., 0., 0., 0., 0., 0., 0., 0., 0., 0., 0.,
       0., 0., 0., 0., 0., 0., 0., 0., 0., 0., 0., 0., 0., 0., 0., 0., 0.,
       0., 0., 0., 0., 0., 0., 0., 0., 0., 0., 0., 0., 0., 0., 0., 0., 0.,
       0., 0., 0., 0., 0., 0., 0., 0., 0., 0., 0., 0., 0., 0., 0., 0., 0.,
       0., 0., 0., 0., 0., 0., 0., 0., 0., 0., 0., 0., 0., 0., 0., 0., 0.,
       0., 0., 0., 0., 0., 0., 0., 0., 0., 0., 0., 0., 0., 0., 0., 0., 0.,
       0., 0., 0., 0., 0., 0., 0., 0., 0., 0., 0., 0., 0., 0., 0., 0., 0.,
       0., 0., 0., 0., 0., 0., 0., 0., 0., 0., 0., 0., 0., 0., 0., 0., 0.,
       0., 0., 0., 0., 0., 0., 0., 0., 0., 0., 0., 0., 0., 0., 0., 0., 0.,
       0., 0., 0., 0., 0., 0., 0., 0., 0., 0., 0., 0., 0., 0., 0., 0., 0.,
       0., 0., 0., 0., 0., 0., 0., 0., 0., 0., 0., 0., 0., 0., 0., 0., 0.,
       0., 0., 0., 0., 0., 0., 0., 0., 0., 0., 0., 0., 0., 0., 0., 0., 0.,
       0., 0., 0., 0., 0., 0., 0., 0., 0., 0., 0., 0., 0., 0., 0., 0., 0.,
       0., 0., 0., 0., 0., 0., 0., 0., 0., 0., 0., 0., 0., 0., 0., 0., 0.,
       0., 0., 0., 0., 0., 0., 0., 0., 0., 0., 0., 0., 0., 0., 0., 0., 0.,
       0., 0., 0., 0., 0., 0., 0., 0., 0., 0., 0., 0., 0., 0., 0., 0., 0.,
       0., 0., 0., 0., 0., 0., 0., 0., 0., 0., 0., 0., 0., 0., 0., 0., 0.,
       0., 0., 0., 0., 0., 0., 0., 0., 0., 0., 0., 0., 0., 0., 0., 0., 0.,
       0., 0., 0., 0., 0., 0., 0., 0., 0., 0., 0., 0., 0., 0., 0., 0., 0.,
       0., 0., 0., 0., 0., 0., 0., 0., 0., 0., 0., 0., 0., 0., 0., 0., 0.,
       0., 0., 0., 0., 0., 0., 0., 0., 0., 0., 0., 0., 0., 0., 0., 0., 0.,
       0., 0., 0., 0., 0., 0., 0., 0., 0., 0., 0., 0., 0., 0., 0., 0., 0.,
       0., 0., 0., 0., 0., 0., 0., 0., 0., 0., 0., 0., 0., 0., 0., 0., 0.,
       0., 0., 0., 0., 0., 0., 0., 0., 0., 0., 0., 0., 0., 0., 0., 0., 0.,
       0., 0., 0., 0., 0., 0., 0., 0., 0., 0., 0., 0., 0., 0., 0., 0., 0.,
       0., 0., 0., 0., 0., 0., 0., 0., 0., 0., 0., 0., 0., 0., 0., 0., 0.,
       0., 0., 0., 0., 0., 0., 0., 0., 0., 0., 0., 0., 0., 0., 0., 0., 0.,
       0., 0., 0., 0., 0., 0., 0., 0., 0., 0., 0., 0., 0., 0., 0., 0., 0.,
       0., 0., 0., 0., 0., 0., 0., 0., 0., 0., 0., 0., 0., 0., 0., 0., 0.,
       0., 0., 0., 0., 0., 0., 0., 0., 0., 0., 0., 0., 0., 0., 0., 0., 0.,
       0., 0., 0., 0., 0., 0., 0., 0., 0., 0., 0., 0., 0., 0., 0., 0., 0.,
       0., 0., 0., 0., 0., 0., 0., 0., 0.]), 'locations': array([51, 43, 58, 33, 33, 41, 56, 15,  0, 22, 43, 39, 32,  3, 33, 38, 13,
       39,  8, 18, 42, 44, 18, 41, 56, 31, 23, 59, 17, 56, 58, 26, 38, 24,
       43, 14, 15, 27, 24, 28, 14,  9,  5, 21, 26,  3, 29, 59, 42, 14, 40,
        5, 56, 17, 18,  0,  3, 36, 31, 27, 14,  4, 31,  3, 54, 53, 36, 55,
       30, 54, 58,  9, 58, 19, 54, 36, 41, 38, 31, 54, 38, 59, 43, 22, 27,
       55,  5,  4, 43, 55, 58, 14, 20, 17, 41, 20, 39, 36, 37, 29, 19, 30,
       41, 16, 29,  6,  0, 28, 42,  3, 44, 15, 57, 36,  5, 29, 30, 44, 53,
       32, 27, 46,  5, 34, 42,  3, 39, 29,  0, 24, 56, 33,  0, 15, 47, 16,
       32, 23, 38, 55, 21, 32, 54, 46, 27,  1, 31,  5, 24,  6, 59,  0, 40,
       49, 31,  1,  9, 37,  2, 28, 28, 54, 47, 48,  9, 26, 38,  6, 15, 28,
       17, 36,  0, 57, 53, 49, 37, 30, 55, 37,  5,  4, 35, 30, 29, 18,  5,
       43, 16, 21, 33, 36,  4, 40, 41, 59, 17, 32, 53, 23, 28, 13, 28, 13,
       59, 59, 52, 59, 59, 21, 53, 21, 25, 59, 39, 40, 19,  6, 39,  4, 22,
       32, 56, 59, 34, 43, 55, 30, 25, 27, 43, 17, 41, 37, 54, 56,  0, 20,
       51, 40, 43, 26, 43, 32, 18, 57, 35, 39, 17, 43, 57, 28, 59, 55, 34,
       56, 58, 14, 58, 40, 54, 57,  8, 35, 26, 56, 59,  3, 56, 39,  0, 15,
       26, 26,  4, 44, 30, 58, 30, 57, 16, 57, 24, 58, 39, 30, 55, 29, 13,
       12,  2, 46, 49, 55, 14, 25, 16, 46, 30, 44, 27, 59, 10, 41, 24, 38,
       38, 36, 58, 55, 18, 22,  4, 54, 41, 55,  0, 37, 29, 26, 26, 54, 13,
        3, 26, 42, 17, 59,  6, 29, 36, 15, 37,  5, 15, 58,  5, 56, 59, 41,
       19, 55, 53, 17, 29,  4, 14, 25, 53, 19, 55, 55, 57, 58,  0, 59, 55,
       43, 37, 16, 26,  5, 31, 54, 37, 46, 57, 20, 20, 42, 31, 36, 21,  0,
       19, 57,  1, 41, 42, 59, 59, 34, 30, 59, 55, 37,  4,  6,  6, 20, 55,
       41,  0, 10, 15, 39, 36, 25, 26, 54, 27, 37, 18, 52, 27, 59, 27, 26,
       30, 36, 57,  0, 54,  9, 27, 41, 59, 24, 59, 24, 30, 36, 26, 30, 50,
       55, 58, 43, 43, 57, 35, 25,  6, 59, 18, 55, 14, 36, 55, 21, 54, 15,
       32, 45, 58, 48, 35, 47, 55, 42,  5, 30, 20, 40, 55,  8, 55, 56, 29,
       29, 47, 58, 25,  9, 48, 54, 16, 23, 32,  1, 38, 59, 14, 59, 25, 58,
       30, 42, 59, 47, 54, 35, 54, 23, 22, 36, 52,  0, 55, 43,  1, 58, 58,
       24, 41,  5, 56, 30, 41, 40, 53, 14, 59, 59, 17, 59, 15, 27, 35, 17,
       31, 20, 37, 55, 56,  2, 44, 49, 37, 29, 14, 25, 31, 54, 56, 13, 42,
       20, 31, 58, 52, 32, 37, 28, 42, 57, 26, 39, 41, 47, 18, 29, 34,  1,
       18, 34, 16, 18, 15, 58, 41, 13, 27, 16, 25, 29, 59,  5,  4,  4, 15,
       54, 37, 15,  5, 23, 27, 45, 13, 19, 12, 22,  3, 26,  8, 23, 53, 28,
       31, 28, 55, 56, 56, 43,  5, 41, 24, 53, 43, 54, 17,  4, 35, 28,  0,
       37, 30, 41, 20, 37, 14, 53, 46, 28, 29, 23, 26, 31, 27, 54, 43, 45,
        0, 19, 15, 57, 18,  2,  2, 45, 43])}, {'ts_index': 462, 'loc': 19, 'gap': 0.07587369640078387, 'distances': array([0.19524367, 0.20794608, 0.20378594, 0.20362938, 0.09512805,
       0.20476458, 0.20134902, 0.19813966, 0.19084528, 0.13257438,
       0.15957721, 0.14040056, 0.20257696, 0.20267017, 0.20030484,
       0.07172236, 0.2007255 , 0.20395258, 0.12802995, 0.20253594,
       0.20608545, 0.20542247, 0.20179308, 0.204722  , 0.07100849,
       0.20170936, 0.20496364, 0.14487869, 0.20307592, 0.20560309,
       0.17757354, 0.03217285, 0.20511665, 0.05147253, 0.2131297 ,
       0.06793267, 0.05255751, 0.2053648 , 0.06260805, 0.20477052,
       0.01385578, 0.20020305, 0.12382025, 0.05244769, 0.17395587,
       0.02182473, 0.20131563, 0.08468858, 0.20200259, 0.03920266,
       0.20355008, 0.15516327, 0.20267546, 0.07394156, 0.16872463,
       0.20248073, 0.20513588, 0.19682211, 0.20283266, 0.20188261,
       0.16638666, 0.20237184, 0.20298507, 0.20358717, 0.09441094,
       0.20365523, 0.17419927, 0.18813367, 0.18776329, 0.21485557,
       0.15247267, 0.20314022, 0.20685668, 0.20083126, 0.10401752,
       0.20761953, 0.02380694, 0.2048333 , 0.13500354, 0.03967014,
       0.12317371, 0.20173226, 0.04646479, 0.02116189, 0.15120096,
       0.14147546, 0.20124854, 0.16855074, 0.15233776, 0.06231892,
       0.04164084, 0.20710823, 0.20355746, 0.07311311, 0.2018945 ,
       0.04640317, 0.03487779, 0.03916078, 0.20816349, 0.06611972,
       0.20502247, 0.11003937, 0.20248831, 0.20207095, 0.2024067 ,
       0.01740104, 0.02590973, 0.10352883, 0.20694745, 0.20183798,
       0.2032546 , 0.20414748, 0.2040156 , 0.09885433, 0.1287504 ,
       0.20320778, 0.13759079, 0.15859996, 0.20541877, 0.19544484,
       0.14809326, 0.18951421, 0.08878384, 0.09112588, 0.07085115,
       0.20559664, 0.0388179 , 0.20565077, 0.09579562, 0.11163   ,
       0.08014264, 0.20816627, 0.13048349, 0.05849427, 0.20679926,
       0.20243562, 0.05437079, 0.17867704, 0.20317492, 0.05688262,
       0.17364352, 0.05061685, 0.03702296, 0.0551609 , 0.06224666,
       0.17501241, 0.1950312 , 0.20373763, 0.20660758, 0.14981531,
       0.20103625, 0.20749257, 0.08903258, 0.12751805, 0.20460262,
       0.19322038, 0.20798753, 0.19724943, 0.2012991 , 0.03434319,
       0.10257621, 0.14899008, 0.19951098, 0.20248767, 0.13230471,
       0.20869832, 0.2055399 , 0.20320279, 0.20273454, 0.12849764,
       0.20318585, 0.05812839, 0.10655352, 0.14935464, 0.11923719,
       0.20484939, 0.20471076, 0.02524188, 0.12290927, 0.04902357,
       0.20254263, 0.19159059, 0.20567272, 0.02919498, 0.19351563,
       0.20180782, 0.0403924 , 0.06181117, 0.08901023, 0.14456321,
       0.04249483, 0.20488169, 0.20140709, 0.02180618, 0.18340001,
       0.06016651, 0.2026616 , 0.19398407, 0.03597966, 0.15265546,
       0.02528641, 0.0450822 , 0.16888503, 0.20374876, 0.19914864,
       0.20091513, 0.16672255, 0.05293007, 0.20118613, 0.2044413 ,
       0.11596511, 0.18518852, 0.07417866, 0.16883716, 0.12672515,
       0.15021441, 0.204116  , 0.20224448, 0.1748398 , 0.20046179,
       0.18039555, 0.16913711, 0.09884768, 0.200603  , 0.0291734 ,
       0.1533752 , 0.20255846, 0.16786312, 0.01853226, 0.20316233,
       0.06149158, 0.05771265, 0.04289424, 0.17960917, 0.20421447,
       0.20233349, 0.0777766 , 0.17628952, 0.11040268, 0.16707852,
       0.20244982, 0.14831355, 0.20248758, 0.04336609, 0.2073847 ,
       0.1964061 , 0.07528092, 0.20735785, 0.07898002, 0.185517  ,
       0.20651525, 0.18492253, 0.13159166, 0.06691123, 0.17898682,
       0.14553922, 0.17022854, 0.2097232 , 0.13466456, 0.20418002,
       0.20757982, 0.07984227, 0.20476035, 0.20714528, 0.0866793 ,
       0.16104148, 0.20303601, 0.05906316, 0.06083831, 0.02384869,
       0.18808767, 0.10599387, 0.20533865, 0.20747177, 0.16728421,
       0.03307656, 0.06504661, 0.16975453, 0.20392705, 0.20363716,
       0.20321791, 0.03634655, 0.12132114, 0.20332246, 0.20507709,
       0.20363676, 0.08855865, 0.20452531, 0.02421463, 0.20263769,
       0.20389456, 0.04014737, 0.06974999, 0.20242734, 0.10384249,
       0.07371453, 0.2058694 , 0.20808928, 0.02967659, 0.18688526,
       0.20287259, 0.13221904, 0.21041151, 0.1488324 , 0.20569668,
       0.20318285, 0.20594032, 0.04945655, 0.20218075, 0.20369679,
       0.20224832, 0.20413325, 0.20561755, 0.20221469, 0.1867178 ,
       0.20318386, 0.20586147, 0.03269964, 0.14034863, 0.18212494,
       0.20625674, 0.20295646, 0.1108507 , 0.08083965, 0.20287842,
       0.20486444, 0.14819042, 0.20462895, 0.13984059, 0.20501978,
       0.17372955, 0.13397081, 0.20778881, 0.14551545, 0.2016764 ,
       0.19935581, 0.05972689, 0.20316626, 0.12109021, 0.1708936 ,
       0.20240855, 0.06179727, 0.06772115, 0.18329971, 0.20750304,
       0.20157593, 0.20313819, 0.08001335, 0.        , 0.20367986,
       0.16776137, 0.18261587, 0.1449758 , 0.13920681, 0.20602756,
       0.19320041, 0.20446943, 0.20128588, 0.2034716 , 0.20628097,
       0.2007498 , 0.04412267, 0.20264941, 0.20222943, 0.11324704,
       0.01868389, 0.20559584, 0.16662247, 0.2106883 , 0.14778142,
       0.15336824, 0.03430011, 0.18551058, 0.0878207 , 0.13937659,
       0.15628003, 0.20378747, 0.12705932, 0.19643059, 0.20370099,
       0.20323966, 0.19549582, 0.11869575, 0.07222072, 0.03771854,
       0.19521399, 0.13546765, 0.11190398, 0.14042081, 0.20247134,
       0.20195711, 0.20212676, 0.203094  , 0.20377512, 0.20394475,
       0.20425344, 0.2032828 , 0.20203409, 0.20623683, 0.20945875,
       0.20165482, 0.20413114, 0.01739218, 0.18648033, 0.20419414,
       0.06945876, 0.17444361, 0.0685279 , 0.20494792, 0.20385523,
       0.20100386, 0.04070483, 0.04935482, 0.0878593 , 0.20185585,
       0.192819  , 0.09561194, 0.018282  , 0.20447688, 0.14872418,
       0.20448333, 0.20320562, 0.07838279, 0.1229988 , 0.19093614,
       0.20564211, 0.20204022, 0.20351107, 0.10745598, 0.12662362,
       0.16482543, 0.1916366 , 0.20101874, 0.2023949 , 0.0654376 ,
       0.0663197 , 0.13060265, 0.08748407, 0.04221376, 0.18900945,
       0.12441275, 0.02393805, 0.16981119, 0.03417069, 0.20175148,
       0.0761252 , 0.20808441, 0.20773031, 0.15172634, 0.14660488,
       0.06631933, 0.20158313, 0.1965399 , 0.20547241, 0.20391177,
       0.14030367, 0.16725411, 0.17238388, 0.20478633, 0.08215171,
       0.059074  , 0.11180391]), 'delta_distances': array([0., 0., 0., 0., 0., 0., 0., 0., 0., 0., 0., 0., 0., 0., 0., 0., 0.,
       0., 0., 0., 0., 0., 0., 0., 0., 0., 0., 0., 0., 0., 0., 0., 0., 0.,
       0., 0., 0., 0., 0., 0., 0., 0., 0., 0., 0., 0., 0., 0., 0., 0., 0.,
       0., 0., 0., 0., 0., 0., 0., 0., 0., 0., 0., 0., 0., 0., 0., 0., 0.,
       0., 0., 0., 0., 0., 0., 0., 0., 0., 0., 0., 0., 0., 0., 0., 0., 0.,
       0., 0., 0., 0., 0., 0., 0., 0., 0., 0., 0., 0., 0., 0., 0., 0., 0.,
       0., 0., 0., 0., 0., 0., 0., 0., 0., 0., 0., 0., 0., 0., 0., 0., 0.,
       0., 0., 0., 0., 0., 0., 0., 0., 0., 0., 0., 0., 0., 0., 0., 0., 0.,
       0., 0., 0., 0., 0., 0., 0., 0., 0., 0., 0., 0., 0., 0., 0., 0., 0.,
       0., 0., 0., 0., 0., 0., 0., 0., 0., 0., 0., 0., 0., 0., 0., 0., 0.,
       0., 0., 0., 0., 0., 0., 0., 0., 0., 0., 0., 0., 0., 0., 0., 0., 0.,
       0., 0., 0., 0., 0., 0., 0., 0., 0., 0., 0., 0., 0., 0., 0., 0., 0.,
       0., 0., 0., 0., 0., 0., 0., 0., 0., 0., 0., 0., 0., 0., 0., 0., 0.,
       0., 0., 0., 0., 0., 0., 0., 0., 0., 0., 0., 0., 0., 0., 0., 0., 0.,
       0., 0., 0., 0., 0., 0., 0., 0., 0., 0., 0., 0., 0., 0., 0., 0., 0.,
       0., 0., 0., 0., 0., 0., 0., 0., 0., 0., 0., 0., 0., 0., 0., 0., 0.,
       0., 0., 0., 0., 0., 0., 0., 0., 0., 0., 0., 0., 0., 0., 0., 0., 0.,
       0., 0., 0., 0., 0., 0., 0., 0., 0., 0., 0., 0., 0., 0., 0., 0., 0.,
       0., 0., 0., 0., 0., 0., 0., 0., 0., 0., 0., 0., 0., 0., 0., 0., 0.,
       0., 0., 0., 0., 0., 0., 0., 0., 0., 0., 0., 0., 0., 0., 0., 0., 0.,
       0., 0., 0., 0., 0., 0., 0., 0., 0., 0., 0., 0., 0., 0., 0., 0., 0.,
       0., 0., 0., 0., 0., 0., 0., 0., 0., 0., 0., 0., 0., 0., 0., 0., 0.,
       0., 0., 0., 0., 0., 0., 0., 0., 0., 0., 0., 0., 0., 0., 0., 0., 0.,
       0., 0., 0., 0., 0., 0., 0., 0., 0., 0., 0., 0., 0., 0., 0., 0., 0.,
       0., 0., 0., 0., 0., 0., 0., 0., 0., 0., 0., 0., 0., 0., 0., 0., 0.,
       0., 0., 0., 0., 0., 0., 0., 0., 0., 0., 0., 0., 0., 0., 0., 0., 0.,
       0., 0., 0., 0., 0., 0., 0., 0., 0., 0., 0., 0., 0., 0., 0., 0., 0.,
       0., 0., 0.]), 'locations': array([41, 22, 11,  9,  0, 42, 18, 57, 59, 54,  4, 57,  1, 35, 40,  5, 37,
        3, 59, 18, 39, 59,  1, 39,  7, 39,  2, 55, 41, 52, 30,  6,  3, 35,
       51, 34, 17, 48, 45,  3, 41, 57, 36, 44,  4, 45, 55, 55, 55, 20,  9,
       16, 40,  6, 44, 21, 11, 14, 20, 53, 56, 41, 58, 25, 29,  2,  3, 57,
       33, 50, 58,  9, 23, 36, 59, 32, 34, 12, 54, 56,  4,  1, 41, 58, 58,
       13, 27, 56, 31,  6, 20, 51, 30, 15, 32, 19, 27, 31, 40,  2, 51, 38,
       51, 41, 16,  0,  0, 33, 47, 40, 10, 43, 51, 41, 30, 27, 57,  3, 29,
        6, 22, 25,  6, 28,  3, 42, 46,  3, 59, 21, 31, 15, 54,  5,  2, 16,
       45,  6, 20, 39, 57, 37,  0, 33, 34, 28, 55, 42, 39, 41, 38, 48, 39,
       34, 32, 23, 48, 30, 16, 54, 21, 54, 11, 59, 34,  3, 29, 53,  2, 32,
       46, 34, 39, 27, 28, 40, 42, 25, 32,  7,  3, 45, 42,  5, 30, 50,  1,
       45, 56, 56, 44, 48, 24, 22, 20, 32, 55, 43,  7, 55, 27, 40, 33, 29,
       16, 41, 38,  8,  6,  1, 29, 32,  7,  4, 51, 19, 11, 40, 12, 50, 57,
       55,  1, 46, 26, 54, 17, 16, 44, 10, 56,  6,  1, 54, 11, 18, 39, 34,
       55,  6, 32, 55, 40, 56, 40, 31, 41,  9, 30, 31, 50, 42, 16,  6, 15,
       33,  3, 26, 55,  2,  3, 24,  1,  2, 44, 45, 42, 14, 41, 33, 45, 31,
       41,  7, 21, 15, 32, 32, 40, 31, 42,  1, 22, 35,  6, 54, 28,  4,  6,
       53,  4,  7,  0, 52,  5, 58, 41, 56, 15, 57, 31, 56, 51, 33, 39, 32,
        3, 56, 57, 43, 41, 59, 51, 52, 26, 52, 40,  0, 26, 29, 52, 26, 15,
        4, 50, 30, 15, 40, 18, 16, 26, 17,  0, 33, 40, 13,  1, 43, 28, 19,
       14, 33, 56, 31,  3, 14,  2,  5, 19, 38, 56, 24, 40, 30, 41, 58, 35,
       39, 38, 25,  2, 21, 59, 43, 30, 50, 30,  6, 34, 44, 55,  0, 48, 33,
       14, 29, 54, 44, 45, 34, 24, 58,  1, 42,  7, 18, 59, 42,  8, 44, 10,
       40, 35, 10,  2,  1,  0, 35, 23,  4, 41,  3, 41,  6, 33, 45, 20,  1,
       39, 43,  1, 28, 33,  2, 56, 56, 45,  0, 40,  6, 22, 42,  4, 57, 26,
        8, 50, 30, 14, 40,  5, 43, 40, 25, 35,  6, 40, 32, 58, 57,  0,  0,
       54,  8,  2, 56, 51, 49, 56, 58, 59, 41, 30, 37, 35, 29, 30,  1, 41,
        0, 37, 33])}, {'ts_index': 586, 'loc': 40, 'gap': 0.06576842362686991, 'distances': array([0.10187126, 0.20473445, 0.20499274, 0.20417199, 0.13615115,
       0.2047996 , 0.20118952, 0.20217336, 0.08834157, 0.18115265,
       0.15347885, 0.1646435 , 0.20427186, 0.20109175, 0.2011778 ,
       0.20689897, 0.20394653, 0.07824265, 0.20483959, 0.20750719,
       0.20511416, 0.20384301, 0.20821956, 0.09195214, 0.20350171,
       0.02702152, 0.20274698, 0.20018777, 0.13240443, 0.16085894,
       0.21126205, 0.16723434, 0.20059378, 0.20176864, 0.06256089,
       0.0879658 , 0.20193896, 0.20271718, 0.19642462, 0.17050193,
       0.20368669, 0.20253735, 0.20017001, 0.20497784, 0.166619  ,
       0.20557917, 0.20055651, 0.18898347, 0.20290048, 0.20506898,
       0.21319148, 0.08999213, 0.19237601, 0.14504649, 0.11961714,
       0.20127778, 0.20502196, 0.04621348, 0.20607278, 0.20341612,
       0.20502572, 0.13910695, 0.20318276, 0.20483334, 0.15445215,
       0.15577154, 0.20657595, 0.08616047, 0.10086256, 0.2010633 ,
       0.20201255, 0.20364947, 0.20250944, 0.20585954, 0.20302691,
       0.20376812, 0.20889272, 0.07161632, 0.20300101, 0.20814275,
       0.20414081, 0.20326483, 0.18081928, 0.20056131, 0.20328865,
       0.20116622, 0.20427225, 0.08928912, 0.14106004, 0.19752185,
       0.06197481, 0.15080702, 0.20461031, 0.0911387 , 0.06987318,
       0.20338676, 0.20152176, 0.19465171, 0.14858788, 0.12958644,
       0.20338059, 0.12546515, 0.20204005, 0.20297681, 0.09264677,
       0.20497493, 0.06832906, 0.08772146, 0.09082623, 0.20317584,
       0.20440991, 0.0784156 , 0.20249288, 0.20259618, 0.07761773,
       0.20484222, 0.19498329, 0.20632081, 0.2040432 , 0.21019805,
       0.13097358, 0.15893284, 0.20407003, 0.20393899, 0.06512411,
       0.20598805, 0.20766379, 0.20351256, 0.20316538, 0.09574287,
       0.20226317, 0.0627154 , 0.14260521, 0.07865417, 0.20437922,
       0.20213165, 0.08345601, 0.20426656, 0.10340135, 0.20471278,
       0.09919211, 0.20205215, 0.11972283, 0.20731212, 0.20438564,
       0.17930058, 0.157871  , 0.17931562, 0.1607724 , 0.10136261,
       0.20236155, 0.09862748, 0.20529394, 0.06992287, 0.20158635,
       0.20439692, 0.0886464 , 0.10660064, 0.16337533, 0.02892839,
       0.10595095, 0.20622866, 0.20232551, 0.20729244, 0.13609236,
       0.20637752, 0.10907856, 0.12776588, 0.20103207, 0.09776613,
       0.20231473, 0.05669525, 0.20240145, 0.16479316, 0.13259001,
       0.20062429, 0.20108418, 0.16036594, 0.07344154, 0.20128381,
       0.18414682, 0.20211347, 0.20448508, 0.12917167, 0.20833405,
       0.2098425 , 0.20130046, 0.1924758 , 0.0983462 , 0.17255894,
       0.07647742, 0.19277474, 0.20518691, 0.03370841, 0.20497893,
       0.20108745, 0.20212637, 0.20260659, 0.19634054, 0.20571636,
       0.11317259, 0.13935089, 0.20310833, 0.20221087, 0.20081506,
       0.16880607, 0.20960289, 0.13745946, 0.20405591, 0.2013222 ,
       0.20203012, 0.20712807, 0.20143543, 0.20313977, 0.20438904,
       0.11220468, 0.20327584, 0.08065485, 0.2042554 , 0.21096136,
       0.08137357, 0.2050712 , 0.19690957, 0.20733243, 0.20230243,
       0.20564487, 0.20255268, 0.20625733, 0.20201434, 0.20111687,
       0.20343082, 0.20510232, 0.20568688, 0.20282417, 0.20087206,
       0.20263475, 0.20151811, 0.12019455, 0.2129975 , 0.2065233 ,
       0.20537048, 0.13822946, 0.15515141, 0.21108667, 0.04550026,
       0.2044023 , 0.14815681, 0.20585562, 0.20428764, 0.10133735,
       0.2038763 , 0.05989382, 0.20314514, 0.20106777, 0.20162815,
       0.11347081, 0.13459614, 0.20257447, 0.20272105, 0.203617  ,
       0.20454427, 0.20215593, 0.16904716, 0.05908951, 0.14353281,
       0.17063399, 0.18280505, 0.20355737, 0.12576533, 0.20165061,
       0.2048485 , 0.20205587, 0.20258984, 0.20388938, 0.20684074,
       0.20523949, 0.17328931, 0.20283169, 0.07034011, 0.20568644,
       0.0931702 , 0.14432995, 0.20679583, 0.09548546, 0.20938577,
       0.20521679, 0.14499477, 0.10067226, 0.20203519, 0.20246519,
       0.17797904, 0.01642762, 0.19631798, 0.0618032 , 0.1402196 ,
       0.15708621, 0.20037863, 0.20585642, 0.20115924, 0.20498803,
       0.20372562, 0.20189854, 0.20462212, 0.2006674 , 0.20466832,
       0.21180057, 0.2064263 , 0.20665676, 0.1459712 , 0.20464503,
       0.20098075, 0.20310181, 0.2027238 , 0.20250608, 0.2028033 ,
       0.20376079, 0.08779964, 0.10330868, 0.20751783, 0.05449297,
       0.22272863, 0.20975449, 0.20063564, 0.14446384, 0.14031222,
       0.202734  , 0.20103727, 0.12657195, 0.08307231, 0.06389848,
       0.13893149, 0.20141121, 0.20903882, 0.        , 0.20521164,
       0.03496252, 0.18868166, 0.2017083 , 0.20159246, 0.20548508,
       0.12740492, 0.19348323, 0.20588969, 0.16084515, 0.20210181,
       0.20301719, 0.07519458, 0.20075835, 0.06871768, 0.20935239,
       0.18711334]), 'delta_distances': array([0., 0., 0., 0., 0., 0., 0., 0., 0., 0., 0., 0., 0., 0., 0., 0., 0.,
       0., 0., 0., 0., 0., 0., 0., 0., 0., 0., 0., 0., 0., 0., 0., 0., 0.,
       0., 0., 0., 0., 0., 0., 0., 0., 0., 0., 0., 0., 0., 0., 0., 0., 0.,
       0., 0., 0., 0., 0., 0., 0., 0., 0., 0., 0., 0., 0., 0., 0., 0., 0.,
       0., 0., 0., 0., 0., 0., 0., 0., 0., 0., 0., 0., 0., 0., 0., 0., 0.,
       0., 0., 0., 0., 0., 0., 0., 0., 0., 0., 0., 0., 0., 0., 0., 0., 0.,
       0., 0., 0., 0., 0., 0., 0., 0., 0., 0., 0., 0., 0., 0., 0., 0., 0.,
       0., 0., 0., 0., 0., 0., 0., 0., 0., 0., 0., 0., 0., 0., 0., 0., 0.,
       0., 0., 0., 0., 0., 0., 0., 0., 0., 0., 0., 0., 0., 0., 0., 0., 0.,
       0., 0., 0., 0., 0., 0., 0., 0., 0., 0., 0., 0., 0., 0., 0., 0., 0.,
       0., 0., 0., 0., 0., 0., 0., 0., 0., 0., 0., 0., 0., 0., 0., 0., 0.,
       0., 0., 0., 0., 0., 0., 0., 0., 0., 0., 0., 0., 0., 0., 0., 0., 0.,
       0., 0., 0., 0., 0., 0., 0., 0., 0., 0., 0., 0., 0., 0., 0., 0., 0.,
       0., 0., 0., 0., 0., 0., 0., 0., 0., 0., 0., 0., 0., 0., 0., 0., 0.,
       0., 0., 0., 0., 0., 0., 0., 0., 0., 0., 0., 0., 0., 0., 0., 0., 0.,
       0., 0., 0., 0., 0., 0., 0., 0., 0., 0., 0., 0., 0., 0., 0., 0., 0.,
       0., 0., 0., 0., 0., 0., 0., 0., 0., 0., 0., 0., 0., 0., 0., 0., 0.,
       0., 0., 0., 0., 0., 0., 0., 0., 0., 0., 0., 0., 0., 0., 0., 0., 0.,
       0., 0., 0., 0., 0., 0., 0., 0., 0., 0., 0., 0., 0., 0., 0., 0., 0.,
       0., 0., 0., 0., 0., 0., 0., 0., 0., 0., 0., 0., 0., 0., 0., 0., 0.,
       0., 0., 0., 0., 0., 0., 0., 0., 0., 0., 0.]), 'locations': array([41, 24, 49, 54,  0, 58, 51, 42, 59, 54, 55, 57, 51, 32, 54, 46, 40,
       30, 11, 38, 55, 56,  3, 39, 52, 55, 49, 54, 30, 42,  4, 58, 38, 42,
       36,  4, 17, 59,  4, 16,  4, 15, 30, 41, 57,  4, 50, 56, 52, 55,  9,
       32, 21,  3, 57, 39, 15, 58, 46, 57, 48, 59, 58, 30, 13,  4, 28, 55,
       31, 53, 52, 41,  3, 38, 30, 28, 36, 38, 43, 40, 57, 20, 27, 55, 23,
       51,  2,  5,  4, 54, 57,  3, 52,  6, 22, 58, 51, 55, 29, 20, 14, 54,
       53, 52,  6,  9, 57, 28, 55, 59,  7, 40,  0, 40, 32, 16, 29, 16, 44,
        1, 21, 54, 43, 45, 34,  2, 45, 21,  5, 36, 14, 40, 27, 28,  2, 18,
        5, 22, 45, 39, 30,  9, 56,  0, 59,  1, 44, 56, 55, 55,  3, 16,  4,
       38, 53, 17, 30,  5,  4, 51, 19, 43, 19, 18,  5, 57, 55,  1, 49, 45,
       18, 16, 42,  3, 39, 14, 51, 55,  6, 35, 55, 27,  5, 31, 25,  0, 26,
       14, 16, 21, 33,  3, 30, 55, 25, 52, 28,  1, 45, 53, 45, 54, 10,  5,
       52, 32, 39, 55, 16, 12,  1, 45, 12, 21, 10,  4, 51, 29, 28, 17, 57,
       46, 56, 40, 23, 21, 12,  2, 41, 54, 47, 31,  2,  3, 26,  1,  0, 26,
        1, 40, 45, 15, 22,  4,  0, 42, 18,  4, 22, 17, 45, 33, 37, 11, 10,
       30, 39, 38,  2, 18, 18, 11, 32, 56, 26, 40, 30,  1, 58, 57, 24, 27,
       37,  4,  1,  4, 30, 29,  6, 49, 45, 55, 24, 14, 29, 11, 44, 45, 36,
       41, 58,  1, 18, 59, 42,  8, 52,  2, 40, 55, 24, 38, 18, 53, 34,  8,
       35, 51, 44, 25, 28, 23, 26, 56, 28, 52, 56, 31, 37,  6,  0,  0, 57,
       26, 55, 54, 57, 14, 40,  5, 43, 22, 42, 40, 43,  0, 54, 53,  8, 51,
       56, 58,  9, 30, 29, 50, 29, 10,  1, 20, 33])}, {'ts_index': 7, 'loc': 34, 'gap': 0.07126720487190683, 'distances': array([0.14616866, 0.03664386, 0.20068192, 0.20649313, 0.        ,
       0.19664278, 0.17003699, 0.17779284, 0.11006902, 0.12666655,
       0.06867778, 0.06165994, 0.10265787, 0.08680801, 0.08426268,
       0.19860817, 0.03994758, 0.03674128, 0.02493672, 0.17835878,
       0.10679565, 0.19395464, 0.01811679, 0.02369088, 0.15035908,
       0.06718294, 0.03735056, 0.20177853, 0.2048603 , 0.16963965,
       0.14281801, 0.1651655 , 0.019836  , 0.19782248, 0.04625504,
       0.05715328, 0.09893259, 0.0213076 , 0.08985058, 0.0270375 ,
       0.16055008, 0.07413543, 0.14453206, 0.04251718, 0.09575464,
       0.03748966, 0.02531298, 0.11333427, 0.17349522, 0.03967654,
       0.0941349 , 0.18196394, 0.08786559, 0.20268322, 0.07542956,
       0.20361824, 0.20213664, 0.14066816, 0.12473862, 0.04866734,
       0.20244034, 0.0927376 , 0.16229717, 0.10104985, 0.16996562,
       0.16999356, 0.18139023, 0.20804726, 0.19176857, 0.20452332,
       0.04196271, 0.20312138, 0.03919097, 0.20415479, 0.08789501,
       0.1894577 , 0.20510969, 0.06664032, 0.17550144, 0.04573885,
       0.05565648, 0.010995  , 0.19209075, 0.20029182, 0.20802878,
       0.05093857, 0.20209762, 0.17813333, 0.10958238, 0.05333475,
       0.06491372, 0.03884685, 0.1973756 , 0.12212036, 0.1610938 ,
       0.03406179, 0.03578643, 0.03190823, 0.20887147, 0.04241335,
       0.10163862, 0.01813336, 0.17465392, 0.0912889 , 0.02900607,
       0.19472355, 0.20640315, 0.03706702, 0.06425055, 0.02765622,
       0.08002502, 0.02585174, 0.077223  , 0.18023452, 0.10432286,
       0.06790296, 0.17728968, 0.17662381, 0.04212962, 0.04867602,
       0.13639966, 0.02583579, 0.08173978, 0.17129777, 0.18015789,
       0.20945975, 0.03312277, 0.18241816, 0.16160358, 0.06707441,
       0.0642915 , 0.10713554, 0.02829101, 0.14381648, 0.14831865,
       0.16375689, 0.04585172, 0.20310973, 0.18470583, 0.15981706,
       0.08519253, 0.03965363, 0.15007744, 0.03243689, 0.02547994,
       0.08212331, 0.14806517, 0.2078696 , 0.17099072, 0.19314457,
       0.09370724, 0.02901861, 0.04521224, 0.01873607, 0.1836555 ,
       0.15266505, 0.02842835, 0.20047444, 0.0577525 , 0.03261267,
       0.20453282, 0.19310096, 0.04356443, 0.03141551, 0.16763996,
       0.03265644, 0.16367973, 0.20149844, 0.03383264, 0.20454454,
       0.04650583, 0.19022975, 0.06191344, 0.0263603 , 0.17330472,
       0.19899189, 0.17652738, 0.10727   , 0.12865535, 0.10486925,
       0.20269774, 0.2125313 , 0.12903952, 0.19827801, 0.0299804 ,
       0.08752673, 0.05534031, 0.09210836, 0.16478029, 0.0295605 ,
       0.10310132, 0.03702069, 0.12836333, 0.18613372, 0.02806826,
       0.03442147, 0.05425249, 0.20017465, 0.05442375, 0.05040033,
       0.11795029, 0.14584709, 0.15810183, 0.050392  , 0.1280672 ,
       0.18439933, 0.11902935, 0.09085726, 0.1676853 , 0.15466232,
       0.04411506, 0.06024785, 0.20161851, 0.07770107, 0.032767  ,
       0.16659321, 0.16247675, 0.20219831, 0.04534921, 0.1945413 ,
       0.20078916, 0.03697413, 0.18160301, 0.18581648, 0.0626792 ,
       0.20150415, 0.17617899, 0.03585173, 0.03651045, 0.20757556,
       0.0446352 , 0.13163984, 0.19331419, 0.18854984, 0.20086178,
       0.17180132, 0.0647269 , 0.05571736, 0.20360285, 0.20169214,
       0.13114318, 0.03842168, 0.0490463 , 0.03262282, 0.20549867,
       0.1626045 , 0.02552377, 0.11201034, 0.20226397, 0.20721535,
       0.20568048, 0.0198964 , 0.17210672, 0.0774058 , 0.06402425,
       0.02815093, 0.03049266, 0.18676706, 0.06959162, 0.19427125,
       0.20584382, 0.15227455, 0.0455972 , 0.17892964, 0.07561805,
       0.07162718, 0.20454445, 0.03667504, 0.06597864, 0.16750349,
       0.20131335, 0.11606028, 0.0452514 , 0.12658497, 0.09356735,
       0.16642517, 0.12864443, 0.03054026, 0.18793416, 0.03733323,
       0.06416379, 0.06153664, 0.20218952, 0.20794352, 0.05218595,
       0.03536847, 0.19292425]), 'delta_distances': array([0., 0., 0., 0., 0., 0., 0., 0., 0., 0., 0., 0., 0., 0., 0., 0., 0.,
       0., 0., 0., 0., 0., 0., 0., 0., 0., 0., 0., 0., 0., 0., 0., 0., 0.,
       0., 0., 0., 0., 0., 0., 0., 0., 0., 0., 0., 0., 0., 0., 0., 0., 0.,
       0., 0., 0., 0., 0., 0., 0., 0., 0., 0., 0., 0., 0., 0., 0., 0., 0.,
       0., 0., 0., 0., 0., 0., 0., 0., 0., 0., 0., 0., 0., 0., 0., 0., 0.,
       0., 0., 0., 0., 0., 0., 0., 0., 0., 0., 0., 0., 0., 0., 0., 0., 0.,
       0., 0., 0., 0., 0., 0., 0., 0., 0., 0., 0., 0., 0., 0., 0., 0., 0.,
       0., 0., 0., 0., 0., 0., 0., 0., 0., 0., 0., 0., 0., 0., 0., 0., 0.,
       0., 0., 0., 0., 0., 0., 0., 0., 0., 0., 0., 0., 0., 0., 0., 0., 0.,
       0., 0., 0., 0., 0., 0., 0., 0., 0., 0., 0., 0., 0., 0., 0., 0., 0.,
       0., 0., 0., 0., 0., 0., 0., 0., 0., 0., 0., 0., 0., 0., 0., 0., 0.,
       0., 0., 0., 0., 0., 0., 0., 0., 0., 0., 0., 0., 0., 0., 0., 0., 0.,
       0., 0., 0., 0., 0., 0., 0., 0., 0., 0., 0., 0., 0., 0., 0., 0., 0.,
       0., 0., 0., 0., 0., 0., 0., 0., 0., 0., 0., 0., 0., 0., 0., 0., 0.,
       0., 0., 0., 0., 0., 0., 0., 0., 0., 0., 0., 0., 0., 0., 0., 0., 0.,
       0., 0., 0., 0., 0., 0., 0., 0., 0., 0., 0., 0., 0., 0., 0., 0., 0.,
       0., 0., 0., 0., 0., 0., 0., 0., 0., 0., 0., 0., 0., 0., 0.]), 'locations': array([35, 33, 23, 47, 34, 21, 24, 34, 28, 21, 31, 46,  6, 12, 31, 25,  5,
        8, 47, 14, 55, 19, 45, 34, 58, 25, 26, 51,  5, 43, 35,  5, 21, 22,
       31, 22,  5,  8, 14, 37, 14, 33, 21, 35, 36, 44, 32, 12, 46,  6,  5,
       14, 37, 37, 20, 18, 34, 48, 28, 11, 31, 45,  9, 15, 46, 33, 45, 47,
        7, 28, 12, 15, 46, 46, 48,  6, 59, 21, 58, 35, 46,  6, 46, 42, 20,
       23,  9, 30, 12, 27, 33,  5, 44, 47, 29,  6, 12, 34, 51,  6, 55, 24,
       40, 58,  7, 58, 23,  5, 44, 46,  7, 46, 20, 14, 20, 53, 20,  5, 59,
       24, 21, 18, 16, 19, 18, 17, 21, 36, 22,  9, 25, 31,  7, 23, 27, 24,
        7, 54, 38, 57, 31, 22, 29, 47, 36, 41,  8, 15, 20, 12,  7, 58, 56,
       23, 18, 32,  9, 16, 23, 46, 37, 21, 48, 10, 32, 59, 46, 25, 35, 18,
       49,  5, 24,  5, 10, 34, 39, 27, 55, 13, 30, 50, 47, 12, 11, 36,  6,
       48, 31, 31, 22, 19, 23, 46, 39,  8, 45,  7, 38, 13,  6,  7, 15, 22,
       28, 28, 49, 51, 27, 53,  8, 46, 27, 13, 23, 56, 30, 35, 32, 31, 10,
       19,  5, 18, 56, 40,  7, 36, 15, 36, 36, 48, 22,  2, 41, 18, 33, 34,
       15, 18, 40, 47, 37,  6, 59,  4,  7,  8, 21, 20,  8, 46, 43, 20, 52,
       18, 44, 47, 30, 44, 44, 55, 46, 20,  8, 28, 18, 35, 34, 22, 23, 53,
       12,  3, 55, 22,  8, 32, 36, 49,  5, 32, 23, 18,  5, 28, 15])}, {'ts_index': 575, 'loc': 53, 'gap': 0.07219039313814335, 'distances': array([0.18553285, 0.20247039, 0.09207836, 0.20116588, 0.18155106,
       0.08151073, 0.070787  , 0.2010262 , 0.20017955, 0.2009657 ,
       0.20152734, 0.20124903, 0.20015711, 0.20017962, 0.20199796,
       0.19722719, 0.20107693, 0.18438325, 0.20050357, 0.20418565,
       0.20034582, 0.16185008, 0.05170953, 0.07255024, 0.20052866,
       0.20135007, 0.20061031, 0.20365505, 0.20076615, 0.19423969,
       0.20085411, 0.20016923, 0.20215922, 0.15688246, 0.20171897,
       0.20082342, 0.09011773, 0.20073014, 0.20088247, 0.07827554,
       0.17476908, 0.20107955, 0.20136231, 0.20141699, 0.20108598,
       0.17769283, 0.20141068, 0.20109467, 0.20228741, 0.13533474,
       0.2013309 , 0.1034976 , 0.16632132, 0.20076897, 0.20112331,
       0.20123268, 0.04797868, 0.17390593, 0.20120661, 0.20075623,
       0.20214714, 0.0576398 , 0.20045748, 0.20138361, 0.09055525,
       0.2016815 , 0.20005817, 0.2041345 , 0.07157901, 0.20159934,
       0.0626041 , 0.20255722, 0.19083163, 0.20140063, 0.20025486,
       0.20022495, 0.14440101, 0.19855957, 0.20084065, 0.20028209,
       0.20123194, 0.20194651, 0.20441842, 0.18325855, 0.20193454,
       0.20030142, 0.20047422, 0.20548741, 0.20252525, 0.20073473,
       0.09613815, 0.20022075, 0.13465511, 0.20186837, 0.18363726,
       0.20050772, 0.06446144, 0.15120473, 0.12638209, 0.20065982,
       0.09858086, 0.05359703, 0.11138511, 0.18747649, 0.20137097,
       0.20111071, 0.20147529, 0.20140184, 0.20073506, 0.17296986,
       0.20110067, 0.12877744, 0.20095189, 0.09841701, 0.20076171,
       0.20013978, 0.12796081, 0.05576617, 0.20091411, 0.20017182,
       0.20088898, 0.20076149, 0.20062103, 0.20094337, 0.20119932,
       0.20031963, 0.20158065, 0.20029948, 0.20162432, 0.14920831,
       0.        , 0.08824014, 0.19131093, 0.20151143, 0.20324641,
       0.0907898 , 0.20018146, 0.20106707, 0.15429319]), 'delta_distances': array([0., 0., 0., 0., 0., 0., 0., 0., 0., 0., 0., 0., 0., 0., 0., 0., 0.,
       0., 0., 0., 0., 0., 0., 0., 0., 0., 0., 0., 0., 0., 0., 0., 0., 0.,
       0., 0., 0., 0., 0., 0., 0., 0., 0., 0., 0., 0., 0., 0., 0., 0., 0.,
       0., 0., 0., 0., 0., 0., 0., 0., 0., 0., 0., 0., 0., 0., 0., 0., 0.,
       0., 0., 0., 0., 0., 0., 0., 0., 0., 0., 0., 0., 0., 0., 0., 0., 0.,
       0., 0., 0., 0., 0., 0., 0., 0., 0., 0., 0., 0., 0., 0., 0., 0., 0.,
       0., 0., 0., 0., 0., 0., 0., 0., 0., 0., 0., 0., 0., 0., 0., 0., 0.,
       0., 0., 0., 0., 0., 0., 0., 0., 0., 0., 0., 0., 0., 0., 0., 0., 0.,
       0., 0., 0.]), 'locations': array([24, 44,  0, 18, 57, 54, 57, 39, 39, 39, 47, 28, 44, 45, 16,  4, 43,
       56, 41, 28,  4, 48, 13,  4,  2, 58, 53,  1, 40,  9, 41, 57, 51, 59,
       18, 43,  4, 20,  4, 29, 21,  0, 54, 54, 48, 54, 44,  4,  3, 42, 46,
       56,  1, 55, 57, 18,  4, 14, 25, 52, 10, 54, 11,  0, 55, 17, 18, 50,
       14, 58,  3, 39, 55, 52,  7, 16, 55, 22, 33, 54,  0, 41, 56, 14,  4,
        2, 41,  3, 50, 51, 26,  4, 22,  2, 54, 38, 13, 39, 20, 50, 26, 40,
       30, 43, 32, 41, 25, 42, 42,  3,  2, 29,  4, 44, 34, 10, 42,  8, 11,
       42, 38, 51, 23,  4, 39,  2, 21, 38, 59, 28, 53, 43, 21,  1, 51, 56,
       18, 51, 33])}, {'ts_index': 444, 'loc': 33, 'gap': 0.061855615509708736, 'distances': array([0.03727142, 0.20424241, 0.04804297, 0.05091861, 0.13189016,
       0.18751639, 0.09599808, 0.1732062 , 0.20029983, 0.04559028,
       0.05388343, 0.13864656, 0.05886903, 0.20091886, 0.07629806,
       0.01818736, 0.08214096, 0.10757485, 0.20119882, 0.04753871,
       0.04306571, 0.12076652, 0.1505327 , 0.05213053, 0.05298723,
       0.05913864, 0.17280995, 0.04512116, 0.19655884, 0.17849904,
       0.17472865, 0.18302683, 0.06747389, 0.0843753 , 0.06634989,
       0.0413497 , 0.05811357, 0.0644224 , 0.11328622, 0.20085039,
       0.05534773, 0.10562225, 0.04221866, 0.09773033, 0.06598816,
       0.10264716, 0.08922551, 0.0575083 , 0.10810719, 0.15855785,
       0.2020597 , 0.05627713, 0.05204384, 0.20322255, 0.07530048,
       0.07523312, 0.17121878, 0.15493599, 0.11363588, 0.03414702,
       0.09765559, 0.16671277, 0.13832894, 0.18847614, 0.07694854,
       0.07771912, 0.20023513, 0.05952298, 0.0638864 , 0.05461615,
       0.201155  , 0.08385962, 0.20058673, 0.20332811, 0.0173129 ,
       0.13246844, 0.10876284, 0.13474941, 0.15978713, 0.05287984,
       0.17897123, 0.        , 0.20117574, 0.12970122, 0.06363408,
       0.19302259, 0.07133174, 0.04543393, 0.201839  , 0.07525188,
       0.17196692, 0.14908223, 0.0668574 , 0.19929304, 0.17751285,
       0.17515729, 0.09166013, 0.20129151, 0.1226946 , 0.17918173,
       0.12474936, 0.07921406, 0.02972841, 0.05075291, 0.20128591,
       0.15088166, 0.05238717, 0.20508754, 0.16879779, 0.04909718,
       0.03899874, 0.01897531, 0.11691881, 0.08425082]), 'delta_distances': array([0., 0., 0., 0., 0., 0., 0., 0., 0., 0., 0., 0., 0., 0., 0., 0., 0.,
       0., 0., 0., 0., 0., 0., 0., 0., 0., 0., 0., 0., 0., 0., 0., 0., 0.,
       0., 0., 0., 0., 0., 0., 0., 0., 0., 0., 0., 0., 0., 0., 0., 0., 0.,
       0., 0., 0., 0., 0., 0., 0., 0., 0., 0., 0., 0., 0., 0., 0., 0., 0.,
       0., 0., 0., 0., 0., 0., 0., 0., 0., 0., 0., 0., 0., 0., 0., 0., 0.,
       0., 0., 0., 0., 0., 0., 0., 0., 0., 0., 0., 0., 0., 0., 0., 0., 0.,
       0., 0., 0., 0., 0., 0., 0., 0., 0., 0., 0., 0.]), 'locations': array([38,  6, 21, 46, 25,  9,  8, 58,  4, 34, 34,  8, 29, 48, 47,  7,  5,
       14,  5, 46, 47,  9, 50, 59, 46, 46, 45,  7, 15, 35, 29, 41, 55, 44,
       38,  9, 43, 44, 27, 44, 29, 53, 56,  6,  8,  5, 30, 19, 27, 26, 17,
       30, 34, 48,  9, 24, 15, 36, 18, 36, 55, 50, 43,  0, 31,  4,  7,  5,
       31, 34, 15, 42,  4, 43, 32, 46, 44,  7, 56, 34, 15, 33,  4, 45, 31,
       42,  5, 35, 42, 25,  8, 57, 22,  2, 18, 46, 33, 43, 33,  2,  6, 43,
       47, 44, 28, 24, 35, 41, 55, 55,  7,  5,  8, 16])}], 'clusters': array([3, 6, 4, 0, 1, 1, 5, 4, 1, 6, 6, 1, 3, 5, 1, 4, 5, 4, 4, 4, 1, 2,
       4, 1, 4, 3, 6, 4, 4, 4, 0, 1, 2, 3, 4, 3, 6, 4, 4, 2, 0, 2, 1, 1,
       4, 1, 2, 1, 1, 2, 1, 1, 4, 2, 0, 2, 6, 1, 3, 2, 3, 2, 6, 2, 6, 2,
       6, 1, 4, 0, 2, 4, 4, 1, 4, 1, 1, 4, 4, 1, 1, 1, 1, 1, 4, 6, 1, 4,
       6, 4, 3, 4, 4, 4, 4, 6, 3, 4, 1, 4, 1, 6, 4, 0, 2, 1, 4, 1, 5, 2,
       5, 1, 6, 2, 2, 3, 3, 6, 4, 6, 1, 1, 2, 2, 4, 0, 1, 2, 1, 4, 2, 2,
       2, 6, 2, 6, 1, 3, 1, 6, 1, 0, 6, 2, 2, 0, 4, 0, 4, 0, 4, 3, 5, 0,
       3, 4, 6, 3, 3, 4, 2, 1, 1, 2, 2, 4, 1, 1, 2, 4, 5, 6, 2, 6, 4, 2,
       1, 6, 6, 1, 2, 1, 1, 3, 4, 2, 1, 1, 1, 1, 1, 3, 2, 2, 2, 2, 3, 3,
       4, 4, 3, 1, 4, 1, 6, 1, 2, 3, 6, 0, 4, 4, 4, 1, 2, 1, 6, 4, 1, 1,
       4, 4, 3, 6, 4, 4, 6, 3, 6, 2, 3, 4, 1, 3, 4, 4, 1, 2, 3, 2, 1, 4,
       3, 4, 2, 3, 4, 2, 1, 2, 2, 5, 1, 2, 4, 4, 2, 6, 1, 1, 2, 6, 1, 1,
       4, 2, 4, 2, 2, 1, 3, 6, 3, 1, 4, 1, 3, 1, 2, 4, 1, 6, 3, 3, 1, 2,
       5, 3, 3, 6, 4, 0, 0, 4, 1, 3, 4, 4, 2, 3, 4, 3, 2, 1, 6, 1, 1, 2,
       2, 2, 1, 5, 6, 4, 1, 2, 1, 0, 5, 1, 1, 3, 6, 4, 4, 2, 1, 1, 6, 4,
       2, 4, 2, 1, 4, 0, 5, 1, 3, 2, 0, 3, 5, 4, 3, 1, 4, 4, 2, 4, 6, 2,
       6, 4, 2, 2, 2, 6, 4, 4, 0, 6, 2, 2, 4, 4, 0, 4, 1, 1, 2, 1, 6, 1,
       6, 4, 1, 0, 1, 1, 2, 4, 2, 6, 1, 4, 2, 1, 2, 1, 4, 1, 3, 2, 6, 1,
       1, 1, 6, 2, 3, 0, 4, 6, 4, 0, 0, 6, 1, 1, 2, 6, 1, 4, 4, 4, 1, 4,
       6, 4, 4, 1, 4, 1, 2, 1, 5, 6, 4, 4, 4, 2, 0, 4, 3, 4, 4, 6, 0, 3,
       4, 1, 3, 1, 6, 5, 2, 4, 4, 0, 5, 2, 2, 1, 1, 4, 1, 4, 6, 4, 1, 2,
       2, 1, 1, 4, 3, 5, 5, 1, 1, 5, 4, 6, 0, 1, 4, 1, 1, 6, 6, 4, 2, 1,
       0, 1, 6, 1, 4, 2, 1, 4, 1, 1, 1, 3, 1, 0, 1, 1, 3, 4, 2, 1, 0, 2,
       3, 6, 1, 0, 5, 3, 1, 0, 4, 4, 3, 1, 2, 2, 0, 3, 5, 5, 4, 4, 4, 1,
       6, 1, 0, 1, 4, 4, 1, 6, 0, 6, 1, 1, 4, 6, 4, 2, 4, 4, 2, 4, 2, 6,
       1, 4, 6, 2, 2, 2, 0, 1, 3, 3, 1, 2, 1, 0, 3, 4, 6, 2, 4, 4, 0, 4,
       1, 4, 1, 5, 3, 3, 1, 5, 4, 4, 2, 2, 1, 1, 3, 2, 1, 2, 0, 1, 3, 2,
       1, 1, 4, 2, 6, 2, 6, 4, 1, 5, 4, 1, 2, 4, 4, 6, 1, 6, 1, 3, 1, 4,
       3, 4, 2, 2, 6]), 'time': 3165.112329483032}
