lenSubsequence: 23{'RI': 0.5005350371409277, 'num_clusters': 3, 'uShapelets': [{'ts_index': 402, 'loc': 23, 'gap': 0.02781369313560128, 'distances': array([0.22315349, 0.209523  , 0.19602084, 0.23902082, 0.26915949,
       0.28132134, 0.14656427, 0.24473419, 0.23606839, 0.22056998,
       0.19703844, 0.21493618, 0.25477598, 0.17441427, 0.22565494,
       0.19470919, 0.25990947, 0.19124751, 0.26127733, 0.20852781,
       0.2196516 , 0.2144186 , 0.22764479, 0.22719095, 0.20691548,
       0.24781012, 0.1609929 , 0.29447533, 0.2587869 , 0.1843724 ,
       0.26239189, 0.28649616, 0.26409215, 0.31052503, 0.24778534,
       0.17696965, 0.21123323, 0.2063033 , 0.30529834, 0.28936212,
       0.24110441, 0.27979714, 0.29462229, 0.22597892, 0.24108463,
       0.32983353, 0.29560105, 0.27039979, 0.3122456 , 0.24798573,
       0.28625086, 0.19672343, 0.16869198, 0.2154349 , 0.25711833,
       0.224048  , 0.1890654 , 0.2043077 , 0.32904211, 0.25863274,
       0.27719823, 0.19776068, 0.16149462, 0.35473005, 0.20972907,
       0.23793156, 0.23548168, 0.23871671, 0.26185783, 0.22843439,
       0.23959394, 0.17522094, 0.22135416, 0.27827612, 0.25567972,
       0.29505268, 0.20656852, 0.25626104, 0.23564633, 0.25015016,
       0.21915084, 0.2868084 , 0.19905924, 0.24278263, 0.20584665,
       0.2363903 , 0.30822899, 0.32452781, 0.23740086, 0.17213252,
       0.28365502, 0.23863189, 0.19233416, 0.23454498, 0.24559381,
       0.20168376, 0.26879798, 0.21457328, 0.3005504 , 0.24343761,
       0.23371875, 0.23093755, 0.18700581, 0.23173504, 0.25547348,
       0.2743084 , 0.22344529, 0.21802123, 0.19837752, 0.19339357,
       0.2153264 , 0.27463135, 0.20695592, 0.29665057, 0.2256365 ,
       0.25001476, 0.25595527, 0.22145247, 0.2087486 , 0.20356317,
       0.21609265, 0.27161325, 0.29050896, 0.29342261, 0.26393096,
       0.28530675, 0.22999532, 0.21914541, 0.22303737, 0.27703222,
       0.2127003 , 0.30315913, 0.20863547, 0.22623123, 0.33151338,
       0.20068765, 0.19087796, 0.22090944, 0.24177889, 0.22575905,
       0.243134  , 0.26784127, 0.18220095, 0.25609946, 0.2310019 ,
       0.29603741, 0.25151271, 0.24288412, 0.23437959, 0.19657314,
       0.17651432, 0.26688595, 0.17969664, 0.24866431, 0.31482254,
       0.1968826 , 0.27707874, 0.25513854, 0.24943937, 0.2261677 ,
       0.29314037, 0.26851306, 0.22419095, 0.26243907, 0.24847898,
       0.1836616 , 0.24364712, 0.32332756, 0.19291238, 0.23327508,
       0.31891771, 0.21851081, 0.22462567, 0.24646322, 0.18703763,
       0.25206279, 0.29842608, 0.22390746, 0.25070691, 0.24637242,
       0.29578082, 0.26923865, 0.27318355, 0.18907449, 0.2382242 ,
       0.25887468, 0.24254858, 0.26806421, 0.19450403, 0.272956  ,
       0.23131566, 0.24043551, 0.25688346, 0.25243973, 0.28901844,
       0.2652847 , 0.18811226, 0.30132101, 0.20648271, 0.30872237,
       0.27019963, 0.22481294, 0.27673487, 0.25676008, 0.2848566 ,
       0.23253465, 0.24347915, 0.29444927, 0.22632819, 0.21695953,
       0.23642427, 0.21698864, 0.25191184, 0.19463941, 0.25579623,
       0.30492345, 0.25581563, 0.26343525, 0.2643817 , 0.22747295,
       0.21300489, 0.16724095, 0.2981254 , 0.20491761, 0.24110093,
       0.29906665, 0.25479679, 0.278608  , 0.22741347, 0.2755822 ,
       0.27331332, 0.21869597, 0.2584282 , 0.32053494, 0.23000158,
       0.18111487, 0.26187511, 0.28482098, 0.33043634, 0.20783283,
       0.21320059, 0.29605384, 0.19620114, 0.3190526 , 0.18619123,
       0.2305304 , 0.21777418, 0.23898323, 0.31218309, 0.21014876,
       0.22990647, 0.18837155, 0.24021965, 0.30197301, 0.29130215,
       0.23476155, 0.24569837, 0.2297777 , 0.29601436, 0.22204424,
       0.23785647, 0.26279417, 0.2754511 , 0.25350718, 0.24194223,
       0.27483654, 0.17810669, 0.2288751 , 0.26087821, 0.26920002,
       0.15458078, 0.20089971, 0.28400956, 0.22108917, 0.18429425,
       0.23163002, 0.26073983, 0.27682054, 0.27704989, 0.23702977,
       0.22701001, 0.25242768, 0.21873749, 0.17356737, 0.24482408,
       0.29011341, 0.24184476, 0.2578462 , 0.23866448, 0.27670696,
       0.25843109, 0.23069177, 0.31908417, 0.30932865, 0.14725097,
       0.20212015, 0.25607464, 0.14332791, 0.23069798, 0.22705229,
       0.27033578, 0.2853772 , 0.22692856, 0.29124321, 0.27570919,
       0.22002496, 0.19907126, 0.25795733, 0.19114004, 0.24027451,
       0.22193169, 0.24530746, 0.2459596 , 0.18639902, 0.23304978,
       0.27931928, 0.2310286 , 0.25480337, 0.19605859, 0.27448944,
       0.1951915 , 0.20859846, 0.21881325, 0.19647856, 0.17644896,
       0.22073785, 0.24163842, 0.24320766, 0.2271524 , 0.25123214,
       0.23776881, 0.30045122, 0.25233247, 0.21484072, 0.26461628,
       0.19625465, 0.26570542, 0.16813805, 0.31173426, 0.23512897,
       0.22400252, 0.26338932, 0.17777075, 0.23666501, 0.22749749,
       0.23489511, 0.26880118, 0.21158644, 0.22785637, 0.2189172 ,
       0.25315823, 0.21571208, 0.19500612, 0.17732357, 0.20890279,
       0.22691185, 0.25154085, 0.22662714, 0.22605005, 0.27004373,
       0.23545341, 0.26143008, 0.29140989, 0.25426157, 0.21753443,
       0.29875634, 0.23463337, 0.24057291, 0.26214418, 0.24310771,
       0.2874115 , 0.26914532, 0.22677486, 0.18539409, 0.19213774,
       0.21647942, 0.24363071, 0.29212591, 0.29584042, 0.32275551,
       0.15592966, 0.22794715, 0.22109528, 0.30627876, 0.25827535,
       0.2930187 , 0.27621874, 0.18673076, 0.28441458, 0.26854524,
       0.20588125, 0.31695484, 0.27757753, 0.24652543, 0.18544656,
       0.20205988, 0.26136209, 0.32401681, 0.19484648, 0.31994194,
       0.21498058, 0.19373805, 0.        , 0.20902309, 0.28990467,
       0.22038457, 0.24187255, 0.25016732, 0.23825224, 0.26430919,
       0.20217127, 0.25653125, 0.25006836, 0.24918273, 0.2213099 ,
       0.29909023, 0.24412855, 0.24839153, 0.21558011, 0.22181601,
       0.2511181 , 0.24107236, 0.20152128, 0.31728952, 0.24883722,
       0.22808424, 0.2679922 , 0.2577315 , 0.23504739, 0.24374173,
       0.2027221 , 0.32625663, 0.27385347, 0.19880011, 0.2112128 ,
       0.21006499, 0.18558812, 0.20677413, 0.25322835, 0.18628285,
       0.18325652, 0.29236583, 0.2334383 , 0.23832223, 0.19862862,
       0.18621622, 0.27134008, 0.20599266, 0.2767494 , 0.20705287,
       0.20951682, 0.22448378, 0.24378081, 0.22172106, 0.18820371,
       0.31736708, 0.20077121, 0.30942046, 0.29086813, 0.19617066,
       0.24049866, 0.26689331, 0.20635165, 0.24107844, 0.30082466,
       0.299694  , 0.23545266, 0.27049985, 0.29708306, 0.24733008,
       0.2551116 , 0.18539142, 0.21345574, 0.24397013, 0.25191574,
       0.21966265, 0.23093537, 0.23448427, 0.21354704, 0.21678212,
       0.17038744, 0.30020769, 0.2281775 , 0.21201185, 0.34403161,
       0.27188443, 0.21489306, 0.247879  , 0.1917824 , 0.27306154,
       0.23014994, 0.22754666, 0.2741272 , 0.24759233, 0.23877799,
       0.25209547, 0.30468385, 0.25329022, 0.29330966, 0.32909677,
       0.21832228, 0.19241628, 0.20222879, 0.32913445, 0.30620983,
       0.21592787, 0.17904243, 0.17710899, 0.26365334, 0.33690962,
       0.24026803, 0.19021808, 0.32502582, 0.26172664, 0.21093204,
       0.20074903, 0.18333532, 0.18562573, 0.28833133, 0.25626756,
       0.23755709, 0.22315746, 0.34723227, 0.24240278, 0.18335373,
       0.21004417, 0.26643284, 0.21682816, 0.24000234, 0.27126968,
       0.28832205, 0.2304849 , 0.28974957, 0.22507488, 0.20760616,
       0.34356489, 0.28440449, 0.21784887, 0.34237625, 0.24384086,
       0.23503983, 0.28498409, 0.26112754, 0.21999222, 0.25035847,
       0.20905687, 0.24516503, 0.21530062, 0.26974837, 0.22841311,
       0.29150427, 0.25610805, 0.2701511 , 0.24185447, 0.26352844,
       0.22591475, 0.17729068, 0.29627555, 0.2237972 , 0.29655263,
       0.24002055, 0.16085587, 0.36452936, 0.2070108 , 0.2167764 ,
       0.29664514, 0.2168983 , 0.25056628, 0.18040482, 0.27672923,
       0.29204355, 0.26703175, 0.27512693, 0.22571773, 0.24829488,
       0.25915451, 0.18118412, 0.25448599, 0.18810455, 0.25645291,
       0.30529713, 0.25344449, 0.25177818, 0.23292481, 0.23890399,
       0.27829806, 0.30025606, 0.22193324, 0.25833043, 0.17807862,
       0.23241587, 0.23858265, 0.23613632, 0.28891537, 0.27083305,
       0.2230022 , 0.2610661 , 0.25200171, 0.26377353, 0.19563949,
       0.2398303 , 0.22432039, 0.29714971, 0.22135457, 0.25059144,
       0.22890402, 0.22240836, 0.28806998, 0.22704241, 0.22967564,
       0.30907152, 0.24468999, 0.31697237, 0.23069955, 0.19161748,
       0.21161644, 0.18479117, 0.23095221, 0.21539125, 0.21197448,
       0.27523381]), 'delta_distances': array([0., 0., 0., 0., 0., 0., 0., 0., 0., 0., 0., 0., 0., 0., 0., 0., 0.,
       0., 0., 0., 0., 0., 0., 0., 0., 0., 0., 0., 0., 0., 0., 0., 0., 0.,
       0., 0., 0., 0., 0., 0., 0., 0., 0., 0., 0., 0., 0., 0., 0., 0., 0.,
       0., 0., 0., 0., 0., 0., 0., 0., 0., 0., 0., 0., 0., 0., 0., 0., 0.,
       0., 0., 0., 0., 0., 0., 0., 0., 0., 0., 0., 0., 0., 0., 0., 0., 0.,
       0., 0., 0., 0., 0., 0., 0., 0., 0., 0., 0., 0., 0., 0., 0., 0., 0.,
       0., 0., 0., 0., 0., 0., 0., 0., 0., 0., 0., 0., 0., 0., 0., 0., 0.,
       0., 0., 0., 0., 0., 0., 0., 0., 0., 0., 0., 0., 0., 0., 0., 0., 0.,
       0., 0., 0., 0., 0., 0., 0., 0., 0., 0., 0., 0., 0., 0., 0., 0., 0.,
       0., 0., 0., 0., 0., 0., 0., 0., 0., 0., 0., 0., 0., 0., 0., 0., 0.,
       0., 0., 0., 0., 0., 0., 0., 0., 0., 0., 0., 0., 0., 0., 0., 0., 0.,
       0., 0., 0., 0., 0., 0., 0., 0., 0., 0., 0., 0., 0., 0., 0., 0., 0.,
       0., 0., 0., 0., 0., 0., 0., 0., 0., 0., 0., 0., 0., 0., 0., 0., 0.,
       0., 0., 0., 0., 0., 0., 0., 0., 0., 0., 0., 0., 0., 0., 0., 0., 0.,
       0., 0., 0., 0., 0., 0., 0., 0., 0., 0., 0., 0., 0., 0., 0., 0., 0.,
       0., 0., 0., 0., 0., 0., 0., 0., 0., 0., 0., 0., 0., 0., 0., 0., 0.,
       0., 0., 0., 0., 0., 0., 0., 0., 0., 0., 0., 0., 0., 0., 0., 0., 0.,
       0., 0., 0., 0., 0., 0., 0., 0., 0., 0., 0., 0., 0., 0., 0., 0., 0.,
       0., 0., 0., 0., 0., 0., 0., 0., 0., 0., 0., 0., 0., 0., 0., 0., 0.,
       0., 0., 0., 0., 0., 0., 0., 0., 0., 0., 0., 0., 0., 0., 0., 0., 0.,
       0., 0., 0., 0., 0., 0., 0., 0., 0., 0., 0., 0., 0., 0., 0., 0., 0.,
       0., 0., 0., 0., 0., 0., 0., 0., 0., 0., 0., 0., 0., 0., 0., 0., 0.,
       0., 0., 0., 0., 0., 0., 0., 0., 0., 0., 0., 0., 0., 0., 0., 0., 0.,
       0., 0., 0., 0., 0., 0., 0., 0., 0., 0., 0., 0., 0., 0., 0., 0., 0.,
       0., 0., 0., 0., 0., 0., 0., 0., 0., 0., 0., 0., 0., 0., 0., 0., 0.,
       0., 0., 0., 0., 0., 0., 0., 0., 0., 0., 0., 0., 0., 0., 0., 0., 0.,
       0., 0., 0., 0., 0., 0., 0., 0., 0., 0., 0., 0., 0., 0., 0., 0., 0.,
       0., 0., 0., 0., 0., 0., 0., 0., 0., 0., 0., 0., 0., 0., 0., 0., 0.,
       0., 0., 0., 0., 0., 0., 0., 0., 0., 0., 0., 0., 0., 0., 0., 0., 0.,
       0., 0., 0., 0., 0., 0., 0., 0., 0., 0., 0., 0., 0., 0., 0., 0., 0.,
       0., 0., 0., 0., 0., 0., 0., 0., 0., 0., 0., 0., 0., 0., 0., 0., 0.,
       0., 0., 0., 0., 0., 0., 0., 0., 0., 0., 0., 0., 0., 0., 0., 0., 0.,
       0., 0., 0., 0., 0., 0., 0., 0., 0., 0., 0., 0., 0., 0., 0., 0., 0.,
       0., 0., 0., 0., 0., 0., 0., 0., 0., 0., 0., 0., 0., 0., 0., 0., 0.,
       0., 0., 0., 0., 0., 0., 0., 0., 0., 0., 0., 0., 0., 0., 0., 0., 0.,
       0., 0., 0., 0., 0., 0., 0., 0., 0., 0., 0., 0., 0., 0., 0., 0., 0.,
       0., 0., 0., 0., 0., 0., 0., 0., 0.]), 'locations': array([20, 19, 23, 20, 13, 24, 16, 19, 19, 22, 24, 23, 20, 21, 20, 20, 22,
       24, 43, 18, 10, 25, 25, 22, 19, 18, 21, 40, 26, 19, 20, 21, 20, 27,
       22, 19, 15, 18, 23, 24, 21, 23, 22, 23, 19, 20, 21, 21, 21, 24, 26,
       17, 21, 17, 25, 17, 21, 18, 18, 20, 40, 17, 20, 20, 21, 21, 20, 20,
       21, 21, 27, 21, 21, 40, 20, 15, 23, 17, 22, 18, 16, 21, 17, 19, 24,
       19, 20, 15, 18, 22, 24, 21, 22, 16, 22, 19, 21, 19, 21, 22, 15, 22,
       24, 15, 21, 19, 17, 19, 18, 21, 21, 17, 22,  5, 24, 23, 19, 22, 22,
       22, 21, 17, 18, 23, 14, 25, 19, 19, 17, 20, 22, 24, 23, 21, 22, 19,
       24, 20, 21, 22, 23, 24, 21, 21, 16, 13, 23, 20, 22, 23, 22,  9, 24,
       23,  1, 21, 23, 17, 18, 22, 16,  2, 19, 24, 19, 20, 15, 24, 15, 16,
       18, 14, 19, 17, 23, 23, 16, 20, 18, 16, 20, 21, 21, 22, 22, 18, 21,
       17, 22, 14, 23, 19, 23, 22, 25, 21, 22, 28, 23, 23, 11, 19, 24, 19,
       25, 19, 16, 18, 22, 21, 20, 22, 16, 23, 18, 15, 18, 22, 21, 21, 23,
       20, 22, 20, 18, 25, 46, 23, 22, 22, 20, 23, 16, 23, 19, 24, 15, 15,
       20, 18, 17, 43, 22, 13, 19, 23, 24, 44, 19, 22, 20, 23, 24, 15, 14,
       24, 21, 16,  6, 22, 23, 16, 20, 25, 23, 20, 22, 25, 16, 28, 21, 15,
       15, 16, 20, 23, 22, 21,  8, 19, 18, 19, 23, 20, 15, 22, 24, 20, 21,
       24, 17, 23,  6, 20, 24, 22, 14, 22, 24, 24, 23, 21, 10,  7, 41, 17,
       20, 19, 23, 16, 15, 24, 20, 23, 17, 17, 20, 26, 19, 17, 23, 21, 23,
       16, 24, 22, 20, 23, 20, 21, 17, 18, 21, 15, 19, 22,  2, 21, 16, 20,
       24, 20, 23, 21, 21, 22, 13, 17, 19, 22, 23, 19, 21, 21, 21, 24, 28,
       21, 19, 14, 20, 22,  1, 23, 24, 22, 25, 16, 20,  1, 20, 23, 18, 21,
       16, 15, 25, 18, 17, 15, 23, 20, 22, 17, 18, 24,  8, 18, 21, 18, 20,
       23, 21, 20, 19, 24, 26,  7, 18, 14, 19, 19, 23, 24, 22, 20, 20, 19,
       28, 17, 20, 23, 18, 22, 23,  5, 26, 21, 22, 22, 21, 20, 20, 27, 19,
       17, 22, 22, 16, 17, 15, 18, 40, 22, 17, 22, 23, 18, 15, 17, 23, 24,
       23, 20, 19, 17, 16, 21, 18, 19, 17, 21, 23, 19, 22, 20, 21, 23, 23,
       21, 20, 20, 23, 20, 17, 13, 24, 22, 25, 21, 18, 23, 21, 15, 24, 21,
       20, 20, 23, 19, 24, 15, 15, 19, 15, 26, 21, 21, 23,  5, 18, 22, 23,
       17, 15, 27, 22,  8, 23, 19, 23, 22, 21, 23, 18, 22, 22, 22, 25, 46,
       21, 21, 22, 15, 20, 24, 22, 23, 21,  6, 22, 22, 16, 21, 23, 20, 15,
       21, 22,  5, 15, 14, 17, 22, 23,  8, 26, 23,  9, 19, 19, 18, 42, 17,
       20, 22, 19, 25, 21, 14, 22, 23, 20, 20, 20, 15, 22,  9, 21, 23, 22,
       23,  1, 23, 21, 22, 24, 16, 18, 18, 24, 41, 17, 21, 18, 19, 18, 19,
       21, 18, 22, 42, 23, 24, 21, 22,  7, 25, 20, 21, 22, 22, 15, 20,  1,
       17, 17, 41, 22, 16, 19, 21, 20, 23, 23, 23, 22, 21, 21, 16, 14, 20,
        6, 21, 21, 25, 25, 21, 19, 24, 22])}, {'ts_index': 457, 'loc': 13, 'gap': 0.01862247937394018, 'distances': array([0.2745125 , 0.30198238, 0.2299128 , 0.29742755, 0.26487318,
       0.25998418, 0.28369318, 0.28815917, 0.25663172, 0.25229682,
       0.22516966, 0.23789619, 0.27267449, 0.27954983, 0.26963332,
       0.23678492, 0.23891777, 0.25195424, 0.29349878, 0.21417012,
       0.31556146, 0.27622625, 0.25250876, 0.28063248, 0.27585456,
       0.24207404, 0.27025515, 0.31011233, 0.26218738, 0.27394224,
       0.29149033, 0.28279188, 0.25956257, 0.3115879 , 0.22911629,
       0.29590557, 0.23740635, 0.27071747, 0.26370743, 0.23046564,
       0.27517863, 0.25708134, 0.20509805, 0.28505269, 0.26222253,
       0.25612525, 0.25716021, 0.22809975, 0.29667181, 0.2214157 ,
       0.31522869, 0.25136922, 0.32470825, 0.25303843, 0.27552627,
       0.28668905, 0.22794281, 0.23336354, 0.29401916, 0.23379257,
       0.2515987 , 0.25780012, 0.30944117, 0.23353816, 0.19767773,
       0.21732497, 0.2603418 , 0.23591973, 0.33250866, 0.32402664,
       0.        , 0.29104525, 0.25369387, 0.24976107, 0.34460011,
       0.23296447, 0.29154717, 0.28078227, 0.31203238, 0.23559839,
       0.23740021, 0.26546048, 0.24081702, 0.34132733, 0.25999969,
       0.33535882, 0.31709363, 0.23533583, 0.22894552, 0.24557604,
       0.27872417, 0.25125946, 0.24982211, 0.26139699, 0.34104176,
       0.22106053, 0.31386036, 0.21876075, 0.22318896, 0.25184472,
       0.23467368, 0.26216414, 0.2503616 , 0.21881672]), 'delta_distances': array([0., 0., 0., 0., 0., 0., 0., 0., 0., 0., 0., 0., 0., 0., 0., 0., 0.,
       0., 0., 0., 0., 0., 0., 0., 0., 0., 0., 0., 0., 0., 0., 0., 0., 0.,
       0., 0., 0., 0., 0., 0., 0., 0., 0., 0., 0., 0., 0., 0., 0., 0., 0.,
       0., 0., 0., 0., 0., 0., 0., 0., 0., 0., 0., 0., 0., 0., 0., 0., 0.,
       0., 0., 0., 0., 0., 0., 0., 0., 0., 0., 0., 0., 0., 0., 0., 0., 0.,
       0., 0., 0., 0., 0., 0., 0., 0., 0., 0., 0., 0., 0., 0., 0., 0., 0.,
       0., 0.]), 'locations': array([12, 13, 12, 12, 13, 11, 13, 14, 13, 14, 13, 12, 12, 14, 15, 14, 12,
       13, 17, 11, 13, 13, 13, 12, 12, 13, 16, 13, 11, 12, 46, 16, 13, 14,
       12, 46, 15, 16, 13, 15, 12, 11, 12, 13, 10, 12, 14, 13, 27, 13,  6,
       13, 17,  8, 14, 12, 13, 12, 11, 13, 13, 15, 11, 46, 14, 12, 12, 12,
       15, 46, 13, 16, 15, 11, 17, 14, 46, 13, 14, 12, 15, 11, 13, 43, 46,
       14, 45, 12, 13, 14, 14, 12, 46, 14, 46, 11, 17, 12, 46, 13, 13, 14,
       12, 13])}], 'clusters': array([1, 1, 1, 1, 1, 1, 1, 1, 1, 1, 1, 1, 1, 1, 1, 1, 1, 1, 1, 1, 1, 1,
       1, 1, 1, 1, 1, 2, 1, 1, 1, 0, 1, 2, 1, 1, 1, 1, 0, 2, 1, 1, 2, 1,
       1, 2, 2, 1, 2, 1, 2, 1, 1, 1, 1, 1, 1, 1, 2, 1, 1, 1, 1, 2, 1, 1,
       1, 1, 1, 1, 1, 1, 1, 1, 1, 2, 1, 1, 1, 1, 1, 2, 1, 1, 1, 1, 2, 2,
       1, 1, 1, 1, 1, 1, 1, 1, 1, 1, 2, 1, 1, 1, 1, 1, 1, 1, 1, 1, 1, 1,
       1, 1, 1, 2, 1, 1, 1, 1, 1, 1, 1, 1, 2, 2, 1, 0, 1, 1, 1, 1, 1, 2,
       1, 1, 2, 1, 1, 1, 1, 1, 1, 1, 1, 1, 1, 2, 1, 1, 1, 1, 1, 1, 1, 1,
       2, 1, 1, 1, 1, 1, 2, 1, 1, 1, 1, 1, 1, 2, 1, 1, 0, 1, 1, 1, 1, 1,
       2, 1, 1, 1, 2, 1, 1, 1, 1, 1, 1, 1, 1, 1, 1, 1, 1, 1, 2, 1, 1, 2,
       1, 2, 1, 1, 1, 1, 0, 1, 1, 2, 1, 1, 1, 1, 1, 1, 1, 2, 1, 1, 1, 1,
       1, 1, 2, 1, 1, 2, 1, 1, 1, 1, 1, 1, 1, 2, 1, 1, 1, 1, 2, 1, 1, 2,
       1, 2, 1, 1, 1, 1, 2, 1, 1, 1, 1, 2, 2, 1, 1, 1, 2, 1, 1, 1, 1, 1,
       1, 1, 1, 1, 1, 1, 1, 1, 1, 1, 1, 1, 1, 1, 1, 1, 1, 1, 1, 1, 1, 2,
       1, 1, 1, 1, 1, 1, 2, 0, 1, 1, 1, 1, 1, 1, 1, 2, 1, 0, 1, 1, 1, 1,
       1, 1, 1, 1, 1, 1, 1, 1, 1, 1, 1, 1, 1, 1, 1, 1, 1, 1, 1, 1, 1, 1,
       1, 2, 1, 1, 1, 1, 1, 1, 0, 1, 1, 1, 1, 1, 1, 1, 1, 1, 1, 1, 1, 1,
       1, 1, 1, 1, 1, 1, 1, 1, 1, 1, 2, 1, 1, 2, 1, 1, 1, 1, 2, 1, 1, 1,
       1, 1, 1, 2, 2, 2, 1, 1, 1, 2, 1, 2, 1, 1, 1, 1, 1, 2, 1, 1, 1, 1,
       1, 0, 1, 2, 1, 1, 1, 1, 2, 1, 1, 1, 1, 1, 1, 1, 1, 1, 1, 2, 1, 1,
       1, 1, 1, 1, 1, 2, 1, 1, 1, 1, 1, 1, 1, 2, 1, 1, 1, 1, 1, 1, 1, 1,
       1, 0, 1, 1, 1, 1, 1, 1, 1, 1, 1, 1, 1, 1, 1, 0, 1, 2, 2, 1, 1, 1,
       1, 1, 2, 2, 1, 1, 0, 1, 1, 1, 1, 1, 1, 1, 1, 1, 1, 1, 1, 2, 1, 1,
       2, 1, 1, 1, 1, 1, 1, 1, 1, 1, 1, 1, 2, 1, 0, 2, 1, 1, 1, 2, 2, 1,
       1, 1, 1, 2, 1, 1, 0, 1, 1, 1, 1, 1, 2, 1, 1, 1, 0, 1, 1, 1, 1, 1,
       1, 1, 0, 1, 2, 1, 1, 2, 1, 1, 2, 1, 1, 2, 1, 1, 1, 1, 1, 1, 1, 1,
       2, 1, 1, 1, 1, 1, 1, 2, 1, 2, 1, 1, 0, 1, 1, 2, 1, 1, 1, 1, 0, 1,
       1, 1, 1, 1, 1, 1, 1, 1, 2, 1, 1, 1, 1, 1, 2, 1, 1, 1, 1, 1, 1, 2,
       1, 1, 1, 1, 1, 1, 1, 1, 2, 1, 1, 1, 1, 2, 1, 1, 2, 1, 2, 1, 1, 1,
       1, 1, 1, 1, 1]), 'time': 98.1208987236023}
lenSubsequence: 27{'RI': 0.5091839384967015, 'num_clusters': 3, 'uShapelets': [{'ts_index': 601, 'loc': 22, 'gap': 0.02559079002964032, 'distances': array([0.22490176, 0.26239615, 0.14796547, 0.24446894, 0.26906029,
       0.22902734, 0.22299233, 0.28016652, 0.26181537, 0.19933043,
       0.13479995, 0.21024904, 0.25991468, 0.23553913, 0.26373111,
       0.18779496, 0.21117676, 0.23117194, 0.21769635, 0.22216664,
       0.20940973, 0.18366505, 0.22185011, 0.17964887, 0.21195278,
       0.22723675, 0.20503059, 0.26740582, 0.2382344 , 0.19686158,
       0.26772683, 0.27588694, 0.26253623, 0.28598967, 0.19811497,
       0.22245601, 0.20144086, 0.24013359, 0.29864345, 0.30979641,
       0.20570589, 0.193516  , 0.26888861, 0.27232726, 0.22692387,
       0.278285  , 0.21370372, 0.23193058, 0.26454674, 0.24292501,
       0.28323419, 0.24096985, 0.20003297, 0.17545679, 0.24473101,
       0.23343953, 0.2199509 , 0.25331733, 0.25551002, 0.26028065,
       0.21537407, 0.20258473, 0.22317529, 0.3057709 , 0.24140697,
       0.15307182, 0.22902401, 0.21671513, 0.25522993, 0.20431136,
       0.25533723, 0.25244194, 0.2058117 , 0.25566402, 0.24646954,
       0.27149797, 0.22957067, 0.24060976, 0.2325717 , 0.2539487 ,
       0.2853534 , 0.32167067, 0.20799472, 0.21228119, 0.21437663,
       0.24458364, 0.2796405 , 0.34622377, 0.24461669, 0.16880708,
       0.23983336, 0.2321628 , 0.20365694, 0.25336871, 0.23264804,
       0.32059628, 0.27619528, 0.28803847, 0.22475931, 0.20640862,
       0.22616207, 0.19414893, 0.18456327, 0.17842441, 0.27894447,
       0.25217044, 0.23386137, 0.22075413, 0.19673054, 0.16915713,
       0.22934602, 0.25514505, 0.19715937, 0.26594999, 0.24219865,
       0.29650931, 0.19339011, 0.16457158, 0.2054359 , 0.19091927,
       0.22582597, 0.33303943, 0.27892911, 0.27774633, 0.27951873,
       0.28742332, 0.240031  , 0.23019297, 0.22891093, 0.25047553,
       0.20532249, 0.26314013, 0.23470339, 0.29982583, 0.24265194,
       0.18994124, 0.20264928, 0.20169114, 0.25337413, 0.22547907,
       0.22270424, 0.23000724, 0.23581244, 0.25215382, 0.27434211,
       0.23343175, 0.29607945, 0.23775989, 0.21191683, 0.20578725,
       0.24949415, 0.23404747, 0.21607185, 0.28508212, 0.26701629,
       0.20785897, 0.17201799, 0.24445969, 0.17706865, 0.21322469,
       0.23373857, 0.27312483, 0.19910958, 0.22414804, 0.26464485,
       0.17183447, 0.24308356, 0.31659896, 0.21645695, 0.24722958,
       0.2644476 , 0.32627336, 0.2224636 , 0.280418  , 0.15974428,
       0.24333389, 0.2672596 , 0.21294725, 0.29313024, 0.20855392,
       0.26288256, 0.21378122, 0.23403822, 0.1792158 , 0.19780506,
       0.22431912, 0.19783916, 0.2479044 , 0.21268244, 0.25780527,
       0.2085526 , 0.24918611, 0.23530574, 0.21693548, 0.26144537,
       0.19744422, 0.26884355, 0.24418317, 0.15516247, 0.29009027,
       0.21859513, 0.20411557, 0.20282066, 0.23408539, 0.28480924,
       0.19132934, 0.18874926, 0.24532734, 0.19855785, 0.14468385,
       0.24231198, 0.24034304, 0.23519928, 0.19909004, 0.26009089,
       0.28074883, 0.28365863, 0.20032803, 0.22650504, 0.22371591,
       0.16025643, 0.19001606, 0.23438515, 0.19485313, 0.29172561,
       0.29490326, 0.27048632, 0.24896678, 0.15745455, 0.25853453,
       0.24634975, 0.2429866 , 0.21368479, 0.27328378, 0.20985797,
       0.18966272, 0.29536552, 0.31771607, 0.29999295, 0.20338062,
       0.23835184, 0.31627089, 0.23027237, 0.27855431, 0.21752443,
       0.24514162, 0.21654615, 0.26226381, 0.28825327, 0.24021814,
       0.29985281, 0.23430752, 0.19029488, 0.31052734, 0.29098526,
       0.2593957 , 0.1930467 , 0.29079336, 0.28824374, 0.26440411,
       0.22450531, 0.25544414, 0.21188491, 0.24368714, 0.26920235,
       0.24489284, 0.16080991, 0.16423531, 0.24771864, 0.26062619,
       0.15807495, 0.17071274, 0.22977139, 0.22561478, 0.2395316 ,
       0.21348381, 0.23469507, 0.22673838, 0.25063255, 0.22208147,
       0.25419821, 0.22120976, 0.17402037, 0.24102873, 0.25366901,
       0.25393266, 0.22079796, 0.23574734, 0.19561287, 0.22043945,
       0.25834908, 0.22395267, 0.27997835, 0.27243215, 0.21496928,
       0.20016911, 0.3015606 , 0.30945446, 0.2142226 , 0.2077261 ,
       0.21335596, 0.27750419, 0.20823315, 0.28398168, 0.2124184 ,
       0.19203396, 0.19891732, 0.21731384, 0.21823945, 0.24810692,
       0.22291105, 0.23166755, 0.23116525, 0.24534698, 0.28266259,
       0.28073132, 0.24670308, 0.23117309, 0.19421115, 0.30822075,
       0.20825163, 0.20963453, 0.24537071, 0.25345893, 0.19003809,
       0.20222141, 0.19184617, 0.20985823, 0.20413691, 0.19490944,
       0.2882934 , 0.27736859, 0.20847064, 0.29113193, 0.25821876,
       0.18832513, 0.27302416, 0.2068867 , 0.28222918, 0.25068292,
       0.17339306, 0.30928747, 0.2297476 , 0.24371898, 0.23749207,
       0.18900942, 0.28287177, 0.2907759 , 0.16157555, 0.22410262,
       0.20083698, 0.22957613, 0.21600098, 0.250579  , 0.21929905,
       0.19562157, 0.21525503, 0.23255089, 0.22664978, 0.3295169 ,
       0.26583179, 0.21447562, 0.25298956, 0.22312924, 0.23133936,
       0.2455773 , 0.22522409, 0.197003  , 0.27184082, 0.2535871 ,
       0.22013407, 0.19266279, 0.28067488, 0.25514984, 0.1939298 ,
       0.19202808, 0.22206492, 0.2913283 , 0.24044272, 0.28610253,
       0.21186524, 0.18835806, 0.21811064, 0.28530236, 0.27506142,
       0.31701167, 0.28009082, 0.25590564, 0.24568941, 0.26643659,
       0.22735696, 0.26512313, 0.2658912 , 0.22251869, 0.19983568,
       0.19481834, 0.23704398, 0.31372975, 0.25154523, 0.28093998,
       0.24047315, 0.32488159, 0.21511876, 0.21706038, 0.25354902,
       0.23892994, 0.23373145, 0.32718795, 0.22770808, 0.22839181,
       0.26354757, 0.17467867, 0.22468494, 0.24736563, 0.24416133,
       0.28347787, 0.1956157 , 0.21343779, 0.19448633, 0.23204256,
       0.26144306, 0.22047983, 0.16588958, 0.26926111, 0.33328798,
       0.23727182, 0.28758315, 0.30884899, 0.25002687, 0.31001912,
       0.17885729, 0.31511191, 0.29068133, 0.23976577, 0.19806645,
       0.19575647, 0.15545764, 0.22332542, 0.23106509, 0.23756653,
       0.16162465, 0.28345495, 0.24192026, 0.24251558, 0.18788389,
       0.17135077, 0.24914076, 0.21826801, 0.30620893, 0.21041007,
       0.23200045, 0.20777754, 0.26304048, 0.27403569, 0.21581855,
       0.30938992, 0.19861059, 0.25086147, 0.22437443, 0.22493794,
       0.2483949 , 0.24476635, 0.21505368, 0.1793666 , 0.2025052 ,
       0.25475603, 0.22111573, 0.27241724, 0.21933331, 0.26906515,
       0.21371401, 0.20254108, 0.24749561, 0.26334008, 0.21094744,
       0.23636445, 0.23259887, 0.18438035, 0.21518637, 0.19759328,
       0.20462185, 0.28969681, 0.2556461 , 0.25319758, 0.32954937,
       0.24310018, 0.15790207, 0.22767907, 0.2426583 , 0.26327047,
       0.22527253, 0.25473162, 0.2541592 , 0.25709539, 0.24190853,
       0.24338976, 0.27472935, 0.24958635, 0.28116553, 0.30843504,
       0.23131952, 0.22437093, 0.20319971, 0.26421171, 0.31656729,
       0.24164513, 0.20703166, 0.22459112, 0.21160788, 0.2872117 ,
       0.25167522, 0.24464036, 0.26421752, 0.20980203, 0.20380627,
       0.16302413, 0.18597266, 0.19821397, 0.24236796, 0.2282238 ,
       0.23174072, 0.20460711, 0.32614851, 0.26884343, 0.24596292,
       0.19747785, 0.25270322, 0.23048975, 0.22194483, 0.27259419,
       0.30930612, 0.22678557, 0.26003531, 0.23692862, 0.23040105,
       0.2880168 , 0.2586004 , 0.21871383, 0.26673949, 0.26239048,
       0.1730746 , 0.24320851, 0.267507  , 0.19335646, 0.24886598,
       0.22593498, 0.24963067, 0.2104142 , 0.23255503, 0.23060942,
       0.30121921, 0.19714473, 0.21260312, 0.23321901, 0.20194135,
       0.23327739, 0.15882169, 0.24589422, 0.20653605, 0.28534755,
       0.21231489, 0.17705449, 0.31140617, 0.198141  , 0.22687808,
       0.30349821, 0.22887884, 0.28959226, 0.2082735 , 0.32573009,
       0.22078804, 0.30626607, 0.24408857, 0.20144782, 0.21863477,
       0.22084902, 0.27343797, 0.27756811, 0.18190234, 0.2678919 ,
       0.27297164, 0.27766008, 0.23411383, 0.25839497, 0.23465634,
       0.22304842, 0.25847231, 0.20915882, 0.2405533 , 0.17415125,
       0.1660713 , 0.23529545, 0.18654422, 0.30833288, 0.25567631,
       0.22917245, 0.30682798, 0.25232221, 0.22262361, 0.2327856 ,
       0.27295529, 0.        , 0.245891  , 0.20449862, 0.22442024,
       0.21398702, 0.1802358 , 0.27342475, 0.21747595, 0.18484895,
       0.30152026, 0.23975496, 0.2747381 , 0.19561734, 0.15529278,
       0.2206344 , 0.25179601, 0.23614367, 0.20673183, 0.18316654,
       0.22736179]), 'delta_distances': array([0., 0., 0., 0., 0., 0., 0., 0., 0., 0., 0., 0., 0., 0., 0., 0., 0.,
       0., 0., 0., 0., 0., 0., 0., 0., 0., 0., 0., 0., 0., 0., 0., 0., 0.,
       0., 0., 0., 0., 0., 0., 0., 0., 0., 0., 0., 0., 0., 0., 0., 0., 0.,
       0., 0., 0., 0., 0., 0., 0., 0., 0., 0., 0., 0., 0., 0., 0., 0., 0.,
       0., 0., 0., 0., 0., 0., 0., 0., 0., 0., 0., 0., 0., 0., 0., 0., 0.,
       0., 0., 0., 0., 0., 0., 0., 0., 0., 0., 0., 0., 0., 0., 0., 0., 0.,
       0., 0., 0., 0., 0., 0., 0., 0., 0., 0., 0., 0., 0., 0., 0., 0., 0.,
       0., 0., 0., 0., 0., 0., 0., 0., 0., 0., 0., 0., 0., 0., 0., 0., 0.,
       0., 0., 0., 0., 0., 0., 0., 0., 0., 0., 0., 0., 0., 0., 0., 0., 0.,
       0., 0., 0., 0., 0., 0., 0., 0., 0., 0., 0., 0., 0., 0., 0., 0., 0.,
       0., 0., 0., 0., 0., 0., 0., 0., 0., 0., 0., 0., 0., 0., 0., 0., 0.,
       0., 0., 0., 0., 0., 0., 0., 0., 0., 0., 0., 0., 0., 0., 0., 0., 0.,
       0., 0., 0., 0., 0., 0., 0., 0., 0., 0., 0., 0., 0., 0., 0., 0., 0.,
       0., 0., 0., 0., 0., 0., 0., 0., 0., 0., 0., 0., 0., 0., 0., 0., 0.,
       0., 0., 0., 0., 0., 0., 0., 0., 0., 0., 0., 0., 0., 0., 0., 0., 0.,
       0., 0., 0., 0., 0., 0., 0., 0., 0., 0., 0., 0., 0., 0., 0., 0., 0.,
       0., 0., 0., 0., 0., 0., 0., 0., 0., 0., 0., 0., 0., 0., 0., 0., 0.,
       0., 0., 0., 0., 0., 0., 0., 0., 0., 0., 0., 0., 0., 0., 0., 0., 0.,
       0., 0., 0., 0., 0., 0., 0., 0., 0., 0., 0., 0., 0., 0., 0., 0., 0.,
       0., 0., 0., 0., 0., 0., 0., 0., 0., 0., 0., 0., 0., 0., 0., 0., 0.,
       0., 0., 0., 0., 0., 0., 0., 0., 0., 0., 0., 0., 0., 0., 0., 0., 0.,
       0., 0., 0., 0., 0., 0., 0., 0., 0., 0., 0., 0., 0., 0., 0., 0., 0.,
       0., 0., 0., 0., 0., 0., 0., 0., 0., 0., 0., 0., 0., 0., 0., 0., 0.,
       0., 0., 0., 0., 0., 0., 0., 0., 0., 0., 0., 0., 0., 0., 0., 0., 0.,
       0., 0., 0., 0., 0., 0., 0., 0., 0., 0., 0., 0., 0., 0., 0., 0., 0.,
       0., 0., 0., 0., 0., 0., 0., 0., 0., 0., 0., 0., 0., 0., 0., 0., 0.,
       0., 0., 0., 0., 0., 0., 0., 0., 0., 0., 0., 0., 0., 0., 0., 0., 0.,
       0., 0., 0., 0., 0., 0., 0., 0., 0., 0., 0., 0., 0., 0., 0., 0., 0.,
       0., 0., 0., 0., 0., 0., 0., 0., 0., 0., 0., 0., 0., 0., 0., 0., 0.,
       0., 0., 0., 0., 0., 0., 0., 0., 0., 0., 0., 0., 0., 0., 0., 0., 0.,
       0., 0., 0., 0., 0., 0., 0., 0., 0., 0., 0., 0., 0., 0., 0., 0., 0.,
       0., 0., 0., 0., 0., 0., 0., 0., 0., 0., 0., 0., 0., 0., 0., 0., 0.,
       0., 0., 0., 0., 0., 0., 0., 0., 0., 0., 0., 0., 0., 0., 0., 0., 0.,
       0., 0., 0., 0., 0., 0., 0., 0., 0., 0., 0., 0., 0., 0., 0., 0., 0.,
       0., 0., 0., 0., 0., 0., 0., 0., 0., 0., 0., 0., 0., 0., 0., 0., 0.,
       0., 0., 0., 0., 0., 0., 0., 0., 0., 0., 0., 0., 0., 0., 0., 0., 0.,
       0., 0., 0., 0., 0., 0., 0., 0., 0.]), 'locations': array([24, 19, 24, 21, 12, 25, 24, 26, 17, 23, 23, 24, 23, 22, 23, 21, 23,
       23, 23, 23, 11, 25, 25, 21, 22, 23, 22, 41, 21, 20, 22, 16, 20, 26,
       21, 22, 21, 21, 22, 25, 22, 18, 16, 23, 20, 22, 22, 23, 22, 23, 21,
       22, 27, 23, 24, 25, 24, 23, 17, 22, 23, 30, 22, 23, 22, 22, 16, 23,
       21, 23, 25, 22, 20, 23, 24, 13, 23, 23, 21, 13, 23, 24, 23, 18, 25,
       23, 23,  2, 22, 23, 23, 25, 23, 22, 21, 23, 31,  4, 22, 23, 22, 24,
       24, 24, 25, 22, 16, 23, 18, 20, 27, 23, 23, 22, 23, 25, 19, 23, 22,
       21, 21, 42, 19, 22,  9, 23, 24, 18, 16, 24, 27, 23, 21, 25, 22, 20,
       24, 18, 19, 21, 26, 22, 22, 19,  7, 23, 26, 22, 23, 23, 23, 23, 25,
       23, 13, 24, 22, 23, 24, 20, 21, 14, 23, 24, 23, 22, 23, 24, 23, 22,
       17, 20, 21, 23, 23, 18, 15, 23, 22, 23, 19, 21, 21, 22, 22, 23, 22,
       14, 23, 11, 25, 23, 24, 22, 24, 22, 17, 24, 24, 24, 14, 17, 22, 18,
       20, 18, 23, 14, 23, 22, 21, 23, 21, 24, 23, 25, 22, 23, 23, 20, 24,
       23, 21, 23, 12, 28, 23, 22, 21, 24, 15, 24, 21, 22, 20, 25, 27, 15,
       20, 25, 23, 42, 18, 13, 22, 24, 24, 24, 25, 23, 16, 23, 25, 42, 23,
       24, 23, 22,  5, 28, 22, 14, 21, 24, 22, 24, 23, 24, 17, 23, 22, 25,
       23, 18, 26, 22, 22, 23, 25, 24, 23, 29, 23, 22, 29, 21, 23, 22, 22,
       25, 23, 25, 12, 21, 25, 23, 23, 23, 24, 25, 22, 21, 13,  2, 24, 25,
       23, 21, 24, 25, 24, 29, 19, 22,  6, 23, 25, 22, 24,  6, 22, 21, 24,
       25, 24, 28, 21, 24, 23, 24, 15, 24, 17, 11, 23, 23,  2, 24, 11, 21,
       24, 23, 23, 22, 17, 21, 24, 26, 22, 24, 23, 20, 20, 24, 21, 23, 11,
       22, 19, 11, 24, 23, 20, 23, 24, 25, 26, 22, 20, 24, 20, 22, 19, 22,
       17, 23, 24, 22, 16, 11, 22, 23, 22, 13, 23, 12, 23, 23, 22, 29, 23,
       23, 23, 26, 23, 29, 24, 17, 21, 12, 23, 10, 24, 25, 23, 23, 18, 15,
       24, 25, 21, 24, 24, 21, 24,  8, 21, 22, 23, 22, 39, 21, 20, 22, 16,
       22, 24, 23, 16, 13, 24, 22, 38, 25, 23, 21, 23, 23, 16, 25, 24, 24,
       24, 25, 22, 23, 10, 23, 11, 20, 23, 23, 26, 23, 25, 21, 23, 24, 24,
       23, 19, 26, 25, 21, 22, 13, 23, 23, 24, 14, 24, 24, 22, 14, 24, 24,
       21, 22, 22, 22, 23, 10, 25, 21,  4, 26, 21, 27, 24,  6, 23, 12, 22,
       24, 21, 23, 22, 20, 39, 13, 22, 24, 23, 22, 25, 10, 22, 25, 20, 25,
       25, 17, 26, 21, 23, 25, 23, 24, 24, 16, 24, 21, 15, 26, 25, 20, 17,
       24, 23,  8, 23, 26, 16, 22, 22, 12, 26, 22, 22,  4, 23, 23, 15, 23,
       24, 23, 23, 25, 24, 22, 20, 21, 21, 20, 22, 24, 23, 17, 24,  5, 23,
       24, 16, 25, 23, 31, 25,  0, 21, 22, 24, 42, 23, 22, 18, 36, 19, 18,
       22, 14, 25, 23, 25, 23, 23, 23, 14, 24, 18, 23, 23, 23, 25, 11,  7,
       23, 23,  5, 22, 14, 23, 22, 22, 23, 24, 24, 21, 22, 21, 22, 12, 26,
       14, 21, 22, 24, 26, 24, 22, 25, 22])}, {'ts_index': 359, 'loc': 15, 'gap': 0.035981116690132764, 'distances': array([0.29154429, 0.40166571, 0.34336083, 0.36020014, 0.33883592,
       0.38063443, 0.37732865, 0.36159259, 0.27650404, 0.26161434,
       0.31174513, 0.26532119, 0.27530647, 0.37514132, 0.24677698,
       0.27697732, 0.34901143, 0.28423654, 0.38292364, 0.2683329 ,
       0.2918428 , 0.32598615, 0.26943785, 0.27518877, 0.30440368,
       0.39075073, 0.29037371, 0.23061825, 0.24440197, 0.31661841,
       0.31243911, 0.38149008, 0.26613698, 0.32368741, 0.33529302,
       0.31414466, 0.28833088, 0.27843586, 0.42669782, 0.33066658,
       0.25719306, 0.2234587 , 0.27786005, 0.38305975, 0.22495146,
       0.30199489, 0.37782454, 0.27402463, 0.30715241, 0.34681773,
       0.36273963, 0.37710871, 0.36532302, 0.2572922 , 0.37996102,
       0.23833022, 0.24390671, 0.32586928, 0.30086382, 0.27714993,
       0.25528921, 0.        , 0.32695496, 0.26462891, 0.33602806,
       0.31152727, 0.27068225, 0.37807325, 0.32323957, 0.26882772,
       0.38530404, 0.29374307, 0.33474517, 0.37373365, 0.27903057,
       0.27627921, 0.34774356, 0.29809171, 0.24405993, 0.31870317,
       0.33930685, 0.22932917, 0.39298401, 0.30985936, 0.40676659,
       0.31250264, 0.38507515, 0.27323131, 0.20875213, 0.44374809,
       0.27236109, 0.27735796, 0.29491136, 0.33502663, 0.39306212,
       0.28205258, 0.24595462, 0.26042062, 0.26197632, 0.28191519,
       0.35786718, 0.26480507, 0.27523333, 0.40542531]), 'delta_distances': array([0., 0., 0., 0., 0., 0., 0., 0., 0., 0., 0., 0., 0., 0., 0., 0., 0.,
       0., 0., 0., 0., 0., 0., 0., 0., 0., 0., 0., 0., 0., 0., 0., 0., 0.,
       0., 0., 0., 0., 0., 0., 0., 0., 0., 0., 0., 0., 0., 0., 0., 0., 0.,
       0., 0., 0., 0., 0., 0., 0., 0., 0., 0., 0., 0., 0., 0., 0., 0., 0.,
       0., 0., 0., 0., 0., 0., 0., 0., 0., 0., 0., 0., 0., 0., 0., 0., 0.,
       0., 0., 0., 0., 0., 0., 0., 0., 0., 0., 0., 0., 0., 0., 0., 0., 0.,
       0., 0.]), 'locations': array([15, 16, 38, 16, 15, 17, 20, 16, 15, 17, 21, 21, 19,  6, 20, 20, 22,
       13,  0, 19, 18, 16, 17, 22, 15, 20, 16, 16, 17, 19, 17, 21, 17, 18,
       16, 15, 20, 16, 18, 17, 22, 19, 17, 16, 18, 16,  6, 13, 19,  7, 14,
       13, 34, 13, 11, 17, 14, 19, 20, 19, 16, 15, 14, 14, 41, 16, 19,  7,
        2, 20,  8, 19, 14,  5, 19, 19, 14, 17, 17, 19, 19, 14,  0, 17, 32,
       14, 15, 17, 21, 12, 15, 17, 16, 32, 20, 13, 16, 19, 14, 14, 20, 14,
       18, 18])}], 'clusters': array([1, 1, 1, 1, 1, 1, 1, 2, 1, 1, 1, 1, 1, 1, 1, 1, 1, 1, 1, 1, 1, 1,
       1, 1, 1, 1, 1, 1, 1, 1, 1, 0, 1, 2, 1, 1, 1, 1, 2, 2, 1, 1, 1, 1,
       1, 0, 1, 1, 1, 1, 0, 1, 1, 1, 1, 1, 1, 1, 1, 1, 1, 1, 1, 2, 1, 1,
       1, 1, 1, 1, 1, 1, 1, 1, 1, 1, 1, 1, 1, 1, 2, 2, 1, 1, 1, 1, 2, 2,
       1, 1, 1, 1, 1, 1, 1, 2, 0, 2, 1, 1, 1, 1, 1, 1, 2, 1, 1, 1, 1, 1,
       1, 1, 1, 1, 1, 2, 1, 1, 1, 1, 1, 2, 0, 2, 2, 2, 1, 1, 1, 1, 1, 1,
       1, 2, 1, 1, 1, 1, 1, 1, 1, 1, 1, 1, 1, 1, 2, 1, 1, 1, 1, 1, 1, 2,
       1, 1, 1, 1, 1, 1, 1, 1, 1, 1, 1, 1, 1, 0, 1, 1, 1, 2, 1, 2, 1, 1,
       1, 1, 2, 1, 1, 1, 1, 1, 1, 1, 1, 1, 1, 1, 1, 1, 1, 1, 1, 1, 1, 1,
       1, 2, 1, 1, 1, 1, 2, 1, 1, 1, 1, 1, 1, 1, 1, 1, 1, 0, 2, 1, 1, 1,
       1, 1, 1, 1, 2, 2, 1, 1, 1, 1, 1, 1, 1, 1, 1, 1, 2, 2, 2, 1, 1, 0,
       1, 2, 1, 1, 1, 1, 2, 1, 2, 1, 1, 2, 0, 1, 1, 2, 2, 1, 1, 1, 1, 1,
       1, 1, 1, 1, 1, 1, 1, 1, 1, 1, 1, 1, 1, 1, 1, 1, 1, 1, 1, 1, 1, 1,
       1, 1, 1, 1, 1, 1, 0, 1, 1, 1, 2, 2, 1, 1, 1, 2, 1, 2, 1, 1, 1, 1,
       1, 1, 1, 1, 1, 1, 0, 2, 1, 1, 1, 2, 1, 1, 1, 1, 1, 1, 1, 1, 1, 1,
       0, 2, 1, 2, 1, 1, 1, 1, 2, 1, 1, 2, 1, 1, 1, 1, 2, 2, 1, 1, 1, 1,
       1, 1, 1, 1, 1, 1, 1, 2, 1, 1, 1, 1, 1, 1, 1, 1, 1, 1, 1, 1, 2, 1,
       1, 1, 1, 2, 1, 2, 1, 1, 1, 2, 2, 0, 2, 1, 1, 1, 1, 1, 1, 1, 1, 1,
       1, 2, 1, 0, 1, 2, 1, 1, 1, 1, 1, 2, 1, 1, 1, 1, 1, 1, 1, 0, 1, 1,
       1, 1, 1, 1, 1, 1, 2, 1, 2, 2, 1, 2, 1, 2, 2, 1, 1, 1, 1, 1, 1, 1,
       1, 2, 1, 1, 1, 1, 1, 1, 2, 1, 1, 1, 1, 1, 1, 0, 1, 1, 1, 1, 1, 1,
       1, 1, 1, 1, 1, 1, 1, 1, 1, 1, 1, 1, 1, 1, 1, 1, 1, 1, 1, 2, 1, 1,
       0, 1, 1, 1, 1, 1, 1, 1, 1, 1, 1, 1, 1, 1, 2, 0, 1, 1, 1, 1, 2, 1,
       1, 1, 1, 2, 1, 1, 1, 1, 1, 1, 1, 1, 1, 1, 1, 1, 0, 1, 1, 1, 1, 1,
       1, 1, 2, 1, 1, 1, 1, 2, 1, 1, 1, 1, 1, 1, 1, 1, 1, 1, 1, 1, 1, 1,
       2, 1, 1, 1, 1, 1, 1, 1, 1, 2, 1, 1, 0, 1, 1, 2, 1, 2, 1, 2, 1, 2,
       1, 1, 1, 1, 1, 2, 1, 1, 1, 2, 1, 1, 1, 1, 1, 1, 1, 1, 1, 1, 1, 2,
       1, 1, 2, 1, 1, 1, 1, 1, 1, 1, 1, 1, 1, 1, 1, 1, 0, 1, 1, 1, 1, 1,
       1, 1, 1, 1, 1]), 'time': 84.26519680023193}
lenSubsequence: 31{'RI': 0.4999844163939536, 'num_clusters': 3, 'uShapelets': [{'ts_index': 589, 'loc': 21, 'gap': 0.023400920551431337, 'distances': array([0.20323205, 0.21990994, 0.13631257, 0.22401279, 0.24875233,
       0.21872526, 0.18325954, 0.24282311, 0.2458925 , 0.17970493,
       0.23735706, 0.19864002, 0.25945577, 0.21533336, 0.20896889,
       0.15834541, 0.18626351, 0.19653523, 0.16937973, 0.17830726,
       0.18006424, 0.20176833, 0.22724622, 0.20439735, 0.18299733,
       0.21498393, 0.17985691, 0.28605966, 0.19933432, 0.15469672,
       0.23234593, 0.24883613, 0.24334466, 0.26429167, 0.1785685 ,
       0.14743236, 0.1698005 , 0.21200101, 0.25446523, 0.27012749,
       0.19846701, 0.22371903, 0.2557491 , 0.19881633, 0.21182375,
       0.26525206, 0.21794964, 0.21539859, 0.23622004, 0.24026789,
       0.210479  , 0.20224576, 0.1736324 , 0.19239886, 0.21138991,
       0.20304809, 0.17233637, 0.19458787, 0.28166303, 0.25023289,
       0.18356538, 0.17407147, 0.18297236, 0.26847095, 0.15333712,
       0.16228877, 0.18666055, 0.20651618, 0.24652677, 0.15399228,
       0.20344693, 0.20475092, 0.19401167, 0.22554357, 0.26578485,
       0.22454748, 0.21450909, 0.19029243, 0.22052587, 0.24927848,
       0.27345248, 0.23311471, 0.18842759, 0.21158964, 0.17943855,
       0.17936084, 0.220743  , 0.2833013 , 0.20796331, 0.1684851 ,
       0.21189898, 0.20829197, 0.17031786, 0.19758339, 0.18189004,
       0.24968613, 0.25464992, 0.22246822, 0.23729639, 0.21003413,
       0.21399368, 0.17856467, 0.15197047, 0.17397932, 0.24092908,
       0.22435023, 0.24398117, 0.17079381, 0.19408407, 0.18051386,
       0.20629596, 0.22800102, 0.17590184, 0.23308353, 0.2069801 ,
       0.24935896, 0.18639944, 0.17482433, 0.17311426, 0.16557799,
       0.15287412, 0.29419131, 0.2734238 , 0.29403693, 0.24941199,
       0.25725919, 0.17845105, 0.24355189, 0.22343882, 0.19979469,
       0.16492638, 0.20863984, 0.20720551, 0.25398335, 0.24812683,
       0.14292602, 0.17423001, 0.21632506, 0.2407728 , 0.19565804,
       0.19654209, 0.2119996 , 0.20343263, 0.28576622, 0.25965289,
       0.24553651, 0.23846109, 0.2288652 , 0.19572771, 0.1550314 ,
       0.19746045, 0.21363654, 0.17486584, 0.25835048, 0.26327713,
       0.17008685, 0.23635159, 0.2529151 , 0.16346327, 0.20820941,
       0.24303603, 0.27695747, 0.24961908, 0.19331622, 0.2057061 ,
       0.1422262 , 0.2427538 , 0.25670527, 0.25288201, 0.24257825,
       0.2577635 , 0.25859416, 0.2201178 , 0.2248264 , 0.16212102,
       0.2728959 , 0.23514132, 0.1825944 , 0.21257284, 0.19942697,
       0.24959137, 0.20519481, 0.22758545, 0.17637024, 0.17864322,
       0.26185579, 0.17945021, 0.24855793, 0.15640011, 0.26290696,
       0.17993993, 0.18210206, 0.20414127, 0.21325371, 0.26098246,
       0.17609214, 0.228589  , 0.21506393, 0.159613  , 0.23695145,
       0.24932128, 0.20880941, 0.20336571, 0.20514902, 0.24669763,
       0.20181796, 0.1943507 , 0.24103872, 0.16432408, 0.15173375,
       0.18714623, 0.16345085, 0.19133988, 0.17809617, 0.19993254,
       0.25210921, 0.23152258, 0.18237355, 0.19913899, 0.19415129,
       0.18333598, 0.15403266, 0.22001465, 0.15498094, 0.28012636,
       0.27462934, 0.23576708, 0.22629281, 0.16523258, 0.19568029,
       0.24775399, 0.17090743, 0.22712374, 0.25388127, 0.21125797,
       0.14558284, 0.24299895, 0.28689212, 0.27283324, 0.17368398,
       0.22712244, 0.31655141, 0.22220708, 0.27052714, 0.21777014,
       0.2126137 , 0.20460024, 0.22735764, 0.23303993, 0.19330228,
       0.27562074, 0.18271959, 0.20481543, 0.27588674, 0.2704836 ,
       0.1990693 , 0.17950233, 0.26814395, 0.23428239, 0.24719182,
       0.17310801, 0.24028804, 0.2143021 , 0.22766603, 0.26663649,
       0.22381398, 0.16195763, 0.15733037, 0.22653998, 0.2285907 ,
       0.16549608, 0.20322403, 0.20263014, 0.17860559, 0.21398296,
       0.19128569, 0.20869809, 0.22935525, 0.22445816, 0.15461136,
       0.21993156, 0.20944637, 0.19741486, 0.21119358, 0.24228933,
       0.21488678, 0.16515017, 0.16884363, 0.20616745, 0.20732055,
       0.24270541, 0.1714435 , 0.22380216, 0.23104006, 0.17040035,
       0.17890111, 0.25918086, 0.26387114, 0.18084963, 0.18613539,
       0.20738675, 0.24961799, 0.18685992, 0.26871158, 0.19789867,
       0.20962348, 0.17024666, 0.21353366, 0.21187056, 0.23569271,
       0.22891376, 0.19534975, 0.21472932, 0.20179164, 0.26984055,
       0.21858288, 0.23039357, 0.19681723, 0.18954794, 0.24903129,
       0.15394439, 0.17832992, 0.1892397 , 0.23489683, 0.17216743,
       0.20636936, 0.18944419, 0.17710536, 0.17830771, 0.20416294,
       0.27424795, 0.23149656, 0.20449111, 0.27196111, 0.22328948,
       0.15194469, 0.24408869, 0.20323092, 0.226556  , 0.22703888,
       0.18274429, 0.25118661, 0.194799  , 0.20773953, 0.23401021,
       0.17729847, 0.251227  , 0.24507793, 0.15530925, 0.19410681,
       0.16207162, 0.18692305, 0.18919944, 0.18905728, 0.18505234,
       0.22510998, 0.21876623, 0.20168949, 0.20748613, 0.27934435,
       0.21157144, 0.1880969 , 0.24740121, 0.23032752, 0.19821981,
       0.20652731, 0.15882271, 0.17510561, 0.20896068, 0.25197096,
       0.24670382, 0.20311781, 0.21929349, 0.25902006, 0.2058108 ,
       0.16184506, 0.19898733, 0.25777847, 0.24436824, 0.25617501,
       0.13883218, 0.1805039 , 0.23887889, 0.28009735, 0.2455959 ,
       0.26960684, 0.24473177, 0.19084747, 0.21295938, 0.24505189,
       0.17418946, 0.24790434, 0.24392698, 0.18760392, 0.15492595,
       0.18936123, 0.21315536, 0.2793764 , 0.23328521, 0.27752471,
       0.19712563, 0.24674565, 0.16305564, 0.20187792, 0.19383247,
       0.21726283, 0.23787457, 0.28091424, 0.20881107, 0.22429097,
       0.2248822 , 0.18974551, 0.22211263, 0.22957097, 0.1854095 ,
       0.21163168, 0.18529421, 0.1683787 , 0.17780173, 0.21664426,
       0.23806051, 0.21189288, 0.14613717, 0.25131062, 0.29777362,
       0.19462633, 0.21410397, 0.23832289, 0.25005867, 0.25528736,
       0.17877744, 0.25978353, 0.27424435, 0.17473   , 0.19732952,
       0.17364194, 0.12548558, 0.18986114, 0.23111537, 0.21054183,
       0.12696662, 0.26668959, 0.1701527 , 0.23926875, 0.16074584,
       0.13779565, 0.27331252, 0.1927212 , 0.26557048, 0.19628628,
       0.17148903, 0.17178808, 0.25146503, 0.21468745, 0.16624126,
       0.30179597, 0.13867497, 0.23703329, 0.20375255, 0.16773631,
       0.23292665, 0.22754076, 0.17099553, 0.18615173, 0.24250374,
       0.25184597, 0.1987892 , 0.2081924 , 0.2512389 , 0.25478696,
       0.2055419 , 0.17655463, 0.2150847 , 0.21541309, 0.16867527,
       0.1862044 , 0.19659491, 0.24225785, 0.20469432, 0.15370119,
       0.17890827, 0.24568712, 0.22900837, 0.20524588, 0.27870843,
       0.21623597, 0.17472645, 0.22099427, 0.20765487, 0.20681241,
       0.20102265, 0.20274215, 0.22071864, 0.20480923, 0.19249483,
       0.20736788, 0.2605263 , 0.23394665, 0.26061631, 0.28098466,
       0.19772375, 0.16532373, 0.17245255, 0.23749409, 0.26288921,
       0.20754537, 0.16970517, 0.18111426, 0.24270933, 0.25339897,
       0.21501271, 0.18483966, 0.26698033, 0.24018622, 0.17802384,
       0.16943882, 0.18687354, 0.19475731, 0.23451266, 0.20906674,
       0.18895725, 0.16467313, 0.30551727, 0.22337076, 0.17224104,
       0.17677981, 0.19746465, 0.20899933, 0.22708072, 0.20877826,
       0.26726328, 0.21822109, 0.2179192 , 0.21081924, 0.23284424,
       0.26716949, 0.21435288, 0.19947666, 0.25777177, 0.22134248,
       0.16938156, 0.24570128, 0.24759676, 0.18951829, 0.20792388,
       0.17166173, 0.24389538, 0.20201932, 0.19857343, 0.19685332,
       0.27212416, 0.21100435, 0.21484128, 0.17667971, 0.18950669,
       0.19867975, 0.13131306, 0.23358363, 0.18695074, 0.23296493,
       0.2063675 , 0.13324089, 0.29765864, 0.17644968, 0.19827801,
       0.2457629 , 0.20605645, 0.26642687, 0.18231361, 0.24110891,
       0.21362388, 0.26105298, 0.22615589, 0.19646991, 0.23575378,
       0.19994344, 0.26819593, 0.22470807, 0.16927835, 0.27579905,
       0.24127933, 0.24628756, 0.17765213, 0.19162821, 0.22578331,
       0.22092572, 0.27065533, 0.17017838, 0.23897742, 0.        ,
       0.17256277, 0.19936614, 0.17862154, 0.27627527, 0.20747089,
       0.19304354, 0.25845492, 0.2113072 , 0.21892967, 0.21813019,
       0.26421144, 0.16737037, 0.25213268, 0.19854795, 0.21077823,
       0.21986951, 0.16868083, 0.24400973, 0.18644275, 0.17188203,
       0.28870282, 0.2070303 , 0.23850553, 0.19301902, 0.1606204 ,
       0.20806135, 0.23415501, 0.1601894 , 0.15193696, 0.18811805,
       0.233215  ]), 'delta_distances': array([0., 0., 0., 0., 0., 0., 0., 0., 0., 0., 0., 0., 0., 0., 0., 0., 0.,
       0., 0., 0., 0., 0., 0., 0., 0., 0., 0., 0., 0., 0., 0., 0., 0., 0.,
       0., 0., 0., 0., 0., 0., 0., 0., 0., 0., 0., 0., 0., 0., 0., 0., 0.,
       0., 0., 0., 0., 0., 0., 0., 0., 0., 0., 0., 0., 0., 0., 0., 0., 0.,
       0., 0., 0., 0., 0., 0., 0., 0., 0., 0., 0., 0., 0., 0., 0., 0., 0.,
       0., 0., 0., 0., 0., 0., 0., 0., 0., 0., 0., 0., 0., 0., 0., 0., 0.,
       0., 0., 0., 0., 0., 0., 0., 0., 0., 0., 0., 0., 0., 0., 0., 0., 0.,
       0., 0., 0., 0., 0., 0., 0., 0., 0., 0., 0., 0., 0., 0., 0., 0., 0.,
       0., 0., 0., 0., 0., 0., 0., 0., 0., 0., 0., 0., 0., 0., 0., 0., 0.,
       0., 0., 0., 0., 0., 0., 0., 0., 0., 0., 0., 0., 0., 0., 0., 0., 0.,
       0., 0., 0., 0., 0., 0., 0., 0., 0., 0., 0., 0., 0., 0., 0., 0., 0.,
       0., 0., 0., 0., 0., 0., 0., 0., 0., 0., 0., 0., 0., 0., 0., 0., 0.,
       0., 0., 0., 0., 0., 0., 0., 0., 0., 0., 0., 0., 0., 0., 0., 0., 0.,
       0., 0., 0., 0., 0., 0., 0., 0., 0., 0., 0., 0., 0., 0., 0., 0., 0.,
       0., 0., 0., 0., 0., 0., 0., 0., 0., 0., 0., 0., 0., 0., 0., 0., 0.,
       0., 0., 0., 0., 0., 0., 0., 0., 0., 0., 0., 0., 0., 0., 0., 0., 0.,
       0., 0., 0., 0., 0., 0., 0., 0., 0., 0., 0., 0., 0., 0., 0., 0., 0.,
       0., 0., 0., 0., 0., 0., 0., 0., 0., 0., 0., 0., 0., 0., 0., 0., 0.,
       0., 0., 0., 0., 0., 0., 0., 0., 0., 0., 0., 0., 0., 0., 0., 0., 0.,
       0., 0., 0., 0., 0., 0., 0., 0., 0., 0., 0., 0., 0., 0., 0., 0., 0.,
       0., 0., 0., 0., 0., 0., 0., 0., 0., 0., 0., 0., 0., 0., 0., 0., 0.,
       0., 0., 0., 0., 0., 0., 0., 0., 0., 0., 0., 0., 0., 0., 0., 0., 0.,
       0., 0., 0., 0., 0., 0., 0., 0., 0., 0., 0., 0., 0., 0., 0., 0., 0.,
       0., 0., 0., 0., 0., 0., 0., 0., 0., 0., 0., 0., 0., 0., 0., 0., 0.,
       0., 0., 0., 0., 0., 0., 0., 0., 0., 0., 0., 0., 0., 0., 0., 0., 0.,
       0., 0., 0., 0., 0., 0., 0., 0., 0., 0., 0., 0., 0., 0., 0., 0., 0.,
       0., 0., 0., 0., 0., 0., 0., 0., 0., 0., 0., 0., 0., 0., 0., 0., 0.,
       0., 0., 0., 0., 0., 0., 0., 0., 0., 0., 0., 0., 0., 0., 0., 0., 0.,
       0., 0., 0., 0., 0., 0., 0., 0., 0., 0., 0., 0., 0., 0., 0., 0., 0.,
       0., 0., 0., 0., 0., 0., 0., 0., 0., 0., 0., 0., 0., 0., 0., 0., 0.,
       0., 0., 0., 0., 0., 0., 0., 0., 0., 0., 0., 0., 0., 0., 0., 0., 0.,
       0., 0., 0., 0., 0., 0., 0., 0., 0., 0., 0., 0., 0., 0., 0., 0., 0.,
       0., 0., 0., 0., 0., 0., 0., 0., 0., 0., 0., 0., 0., 0., 0., 0., 0.,
       0., 0., 0., 0., 0., 0., 0., 0., 0., 0., 0., 0., 0., 0., 0., 0., 0.,
       0., 0., 0., 0., 0., 0., 0., 0., 0., 0., 0., 0., 0., 0., 0., 0., 0.,
       0., 0., 0., 0., 0., 0., 0., 0., 0., 0., 0., 0., 0., 0., 0., 0., 0.,
       0., 0., 0., 0., 0., 0., 0., 0., 0.]), 'locations': array([21, 22, 21, 20,  5, 23, 23, 19,  7, 21, 20, 22, 21, 21, 21, 21, 21,
       22, 21, 22,  9, 21, 23, 21, 19, 20, 20,  3, 21, 19, 20, 19,  8, 25,
       20, 21, 20, 19, 22, 23, 19, 16,  3, 23, 18, 18, 21, 22, 20, 22, 24,
       21, 20, 22, 22, 22, 22, 20,  7, 20, 22, 22, 20, 20, 19, 20, 18, 21,
       21, 22, 24, 21, 20, 23, 20,  9, 21, 20, 21, 20, 21, 22, 20, 15, 21,
       22, 22,  6, 20, 20, 21, 22, 20, 20, 21, 21, 20, 23, 19, 22, 21, 23,
       22, 23, 24, 19, 22, 19, 16, 20, 22, 21, 21,  8, 21, 24, 17, 22, 20,
       20, 19,  0, 17, 21,  5, 22, 22, 18, 22, 23, 20, 22, 21, 22, 20, 18,
       22, 17, 24, 21, 24, 22, 22, 18,  2, 22, 23, 21, 22, 22, 22, 22, 24,
       21, 10, 21, 19, 21, 22, 19, 20,  2, 19, 22, 22, 19, 22, 22, 19, 21,
       15, 18, 19, 22, 22, 16,  5, 23, 20, 22,  3, 19, 19, 22, 20, 21, 19,
        9, 21, 15, 22, 21, 23, 20, 24, 20, 20, 22, 22, 22, 13, 17, 20, 17,
       20, 18, 21, 24, 21, 21, 19, 21, 18, 21, 20, 22, 19, 21, 20, 19, 22,
       20, 21, 20,  2, 18, 21, 21, 21, 22, 13, 22, 20, 20, 17, 21, 24,  0,
        4, 23, 22, 22, 18, 19, 16, 22, 22, 25, 23, 21, 25, 21, 21, 21, 20,
       24, 21, 20,  7, 26, 21, 22, 20, 22, 24, 22, 22, 22,  1, 22, 20, 21,
       20, 17, 22, 20, 20, 22, 22, 21, 16, 19, 19, 20, 26, 20, 22, 21, 19,
       24, 22, 22,  6, 20, 23, 21,  3,  3, 22, 22, 20, 10, 10,  2, 23, 21,
       20, 18, 20, 23, 18, 22, 18, 22, 15, 21, 18, 24, 21,  2, 21, 19, 22,
       22, 23, 21, 19, 21, 21, 23,  2, 23, 19,  7, 22, 20,  2, 22, 20, 24,
       23, 21, 23, 20, 18, 20, 22, 22, 19, 23, 21, 21, 22, 22, 21, 17, 20,
       22, 17, 19, 20, 21,  5, 21, 21, 22, 24, 22, 20,  6, 19, 21, 16, 21,
       26, 22, 23, 20, 15, 22, 21, 22, 20,  9, 21,  7,  3, 21, 19, 21, 21,
       21, 21, 24, 20, 26, 22,  1, 19,  8, 19, 21, 23, 22, 22, 21, 18,  5,
       24, 23, 21, 22, 21, 17, 22,  6, 20, 19, 20, 19, 20, 24, 18, 19,  6,
       19, 23, 21, 16, 19, 23, 21, 22, 23, 22, 20, 21, 23, 12, 23, 21, 24,
       23, 22, 19, 21,  7, 21,  6, 17, 22, 21, 23, 20, 23, 25, 21, 23, 22,
       22, 19, 20, 22, 21, 21, 23, 21, 22, 24, 23, 23, 24, 20, 20, 22, 21,
       18, 20, 18, 21, 23,  6, 22, 19,  4, 24, 20, 26, 22,  3, 20, 22, 21,
       22, 19, 22, 21, 20, 23,  4, 22, 22, 21, 24, 21, 10, 21, 23, 19, 24,
       22, 22, 19, 18, 20, 22, 22, 22, 22,  4, 22, 20, 15, 25, 23, 20, 15,
       21, 22,  5, 21, 23, 19, 20, 21,  8, 23, 22,  8,  4, 21, 19, 23, 17,
       22, 21, 22, 22, 22, 20,  5, 20, 21, 18, 19, 20, 21, 21, 22,  3, 23,
       21,  4, 21, 21, 19, 23,  2, 21, 21, 22, 21, 21, 21, 21, 20, 16, 18,
       19,  9, 22, 22, 22, 21, 22, 21, 11, 21, 18, 21, 22, 22, 21,  7,  6,
       22, 21, 11, 20, 23, 21, 20,  8, 22, 21, 21, 20, 21, 20, 21, 19, 23,
       24, 19, 21, 20, 23, 22, 21, 23, 19])}, {'ts_index': 170, 'loc': 39, 'gap': 0.020772012344395685, 'distances': array([0.33147588, 0.32732642, 0.33833133, 0.32680207, 0.30725789,
       0.33844301, 0.30940435, 0.29590173, 0.31898527, 0.31869098,
       0.29073276, 0.30164757, 0.32654069, 0.38694608, 0.31914372,
       0.28196566, 0.26008895, 0.28406229, 0.34760278, 0.28486887,
       0.34976345, 0.32549199, 0.30960255, 0.35309286, 0.33287608,
       0.32785845, 0.29698691, 0.3168611 , 0.35109102, 0.31139261,
       0.3130246 , 0.31286572, 0.32706956, 0.31072017, 0.36033239,
       0.32156495, 0.36435611, 0.28998632, 0.28499857, 0.30273211,
       0.25956099, 0.30912204, 0.31479173, 0.28671832, 0.35784452,
       0.33312567, 0.3538226 , 0.32629313, 0.29573845, 0.2755905 ,
       0.29187378, 0.35234781, 0.32883657, 0.28191102, 0.34373942,
       0.2988669 , 0.31185327, 0.30338464, 0.28021937, 0.30129638,
       0.27955883, 0.33854305, 0.31770602, 0.30687446, 0.32066417,
       0.32099951, 0.27832012, 0.29328702, 0.35695405, 0.36496384,
       0.29721116, 0.32368444, 0.34511682, 0.31707042, 0.36002648,
       0.33812563, 0.27594502, 0.37553049, 0.28461741, 0.34433699,
       0.27588675, 0.30197825, 0.35184881, 0.3644438 , 0.30851282,
       0.30535229, 0.26881379, 0.31509573, 0.3704178 , 0.35619362,
       0.27767793, 0.29466546, 0.31236695, 0.29904913, 0.35069741,
       0.30982683, 0.31965673, 0.25999205, 0.30933077, 0.34636353,
       0.29247246, 0.31316009, 0.34170433, 0.32775738]), 'delta_distances': array([0., 0., 0., 0., 0., 0., 0., 0., 0., 0., 0., 0., 0., 0., 0., 0., 0.,
       0., 0., 0., 0., 0., 0., 0., 0., 0., 0., 0., 0., 0., 0., 0., 0., 0.,
       0., 0., 0., 0., 0., 0., 0., 0., 0., 0., 0., 0., 0., 0., 0., 0., 0.,
       0., 0., 0., 0., 0., 0., 0., 0., 0., 0., 0., 0., 0., 0., 0., 0., 0.,
       0., 0., 0., 0., 0., 0., 0., 0., 0., 0., 0., 0., 0., 0., 0., 0., 0.,
       0., 0., 0., 0., 0., 0., 0., 0., 0., 0., 0., 0., 0., 0., 0., 0., 0.,
       0., 0.]), 'locations': array([ 0,  2,  5,  6,  6,  5,  4,  4,  2,  2,  4,  2,  3, 11,  3,  2, 37,
        4,  6,  3,  6,  6,  6,  3, 36, 37,  4, 10,  9,  3,  2,  6, 10, 35,
       37,  5,  3,  7,  4,  3,  5,  5,  7,  1,  3,  2,  1,  3,  2,  3,  4,
        6,  5, 38,  0,  4,  2,  3, 37,  2,  5, 38,  3,  4,  0,  5,  3,  5,
        0,  1,  1,  3,  3,  8, 38,  1,  7,  6,  4, 37,  0,  4, 38, 37, 10,
        2,  4, 38, 36,  8,  4, 36,  4, 36,  3,  4,  2,  4, 36,  6,  5,  2,
        5,  4])}], 'clusters': array([1, 1, 1, 1, 1, 1, 1, 1, 1, 1, 1, 1, 2, 1, 1, 1, 1, 1, 1, 1, 1, 1,
       1, 1, 1, 1, 1, 2, 1, 1, 1, 1, 1, 2, 1, 1, 1, 1, 2, 2, 1, 1, 2, 1,
       1, 2, 1, 1, 1, 1, 1, 1, 1, 1, 1, 1, 1, 1, 2, 2, 1, 1, 1, 2, 1, 1,
       1, 1, 1, 1, 1, 1, 1, 1, 2, 1, 1, 1, 1, 1, 2, 1, 1, 1, 1, 1, 1, 2,
       1, 1, 1, 1, 1, 1, 1, 0, 2, 1, 1, 1, 1, 1, 1, 1, 1, 1, 1, 1, 1, 1,
       1, 1, 1, 1, 1, 1, 1, 1, 1, 1, 1, 2, 2, 2, 1, 2, 1, 1, 1, 1, 1, 1,
       1, 2, 1, 1, 1, 1, 1, 1, 1, 1, 1, 0, 2, 1, 1, 1, 1, 1, 1, 1, 1, 2,
       0, 1, 1, 2, 1, 1, 1, 2, 2, 1, 1, 1, 1, 2, 0, 1, 2, 2, 1, 1, 1, 2,
       1, 1, 1, 1, 1, 1, 1, 1, 1, 2, 1, 1, 1, 2, 1, 1, 1, 1, 0, 1, 1, 1,
       1, 1, 1, 1, 1, 1, 1, 1, 1, 1, 1, 1, 1, 1, 1, 1, 1, 2, 1, 1, 1, 1,
       1, 1, 1, 1, 0, 2, 1, 1, 1, 1, 1, 1, 1, 2, 1, 1, 1, 2, 2, 1, 1, 2,
       1, 2, 1, 1, 1, 1, 1, 1, 2, 1, 1, 0, 2, 1, 1, 0, 1, 1, 1, 1, 1, 1,
       2, 1, 1, 1, 1, 1, 1, 1, 1, 1, 1, 1, 1, 1, 1, 1, 1, 1, 1, 1, 1, 1,
       1, 1, 1, 1, 1, 1, 1, 1, 1, 1, 2, 2, 1, 1, 1, 2, 1, 0, 1, 1, 1, 1,
       1, 1, 1, 1, 1, 1, 2, 1, 1, 1, 1, 1, 1, 1, 1, 1, 1, 1, 1, 1, 1, 1,
       2, 1, 1, 2, 1, 1, 1, 1, 1, 1, 1, 2, 1, 1, 1, 1, 2, 1, 1, 1, 1, 1,
       1, 1, 1, 1, 1, 1, 1, 2, 1, 1, 1, 1, 1, 1, 1, 1, 1, 2, 1, 1, 1, 2,
       1, 1, 1, 2, 1, 2, 1, 1, 1, 2, 1, 2, 1, 1, 1, 1, 1, 1, 1, 1, 1, 1,
       1, 2, 1, 2, 1, 1, 1, 1, 1, 1, 1, 2, 1, 1, 1, 1, 1, 1, 1, 1, 1, 1,
       1, 1, 1, 1, 1, 2, 0, 1, 1, 1, 0, 2, 1, 2, 2, 1, 1, 1, 1, 1, 1, 1,
       1, 2, 1, 1, 1, 1, 0, 1, 2, 1, 1, 1, 2, 1, 1, 0, 1, 1, 1, 1, 1, 1,
       1, 1, 1, 2, 1, 1, 2, 2, 1, 1, 1, 1, 1, 1, 1, 1, 1, 1, 1, 1, 1, 1,
       2, 1, 1, 1, 1, 1, 1, 1, 1, 1, 1, 1, 0, 1, 0, 2, 1, 1, 1, 1, 2, 1,
       1, 1, 1, 2, 1, 1, 2, 1, 1, 1, 1, 1, 1, 1, 1, 1, 0, 1, 1, 1, 1, 1,
       1, 1, 0, 1, 1, 1, 1, 2, 1, 1, 2, 1, 1, 1, 1, 1, 1, 1, 1, 1, 1, 1,
       2, 1, 1, 1, 1, 1, 1, 1, 1, 1, 1, 1, 2, 1, 1, 1, 1, 0, 1, 1, 1, 2,
       1, 1, 1, 1, 2, 1, 1, 2, 1, 1, 1, 1, 1, 1, 2, 1, 1, 1, 1, 1, 1, 2,
       1, 1, 2, 1, 1, 1, 2, 1, 2, 1, 1, 1, 1, 1, 1, 1, 2, 1, 1, 1, 1, 1,
       1, 1, 1, 1, 1]), 'time': 70.98080730438232}
