lenSubsequence: 6{'RI': 0.4988442211055276, 'num_clusters': 8, 'uShapelets': [{'ts_index': 15, 'loc': 90, 'gap': 0.14442534173166366, 'distances': array([1.0623682 , 1.28264391, 1.48356802, 1.18960708, 0.92756466,
       1.29044463, 0.94670565, 1.36072505, 1.48490918, 1.20030277,
       0.91297504, 1.52878156, 1.26898063, 0.92051616, 1.44136836,
       0.        , 1.16161349, 1.04211019, 1.1031988 , 1.37863235,
       1.43889391, 1.2373327 , 1.43009846, 0.69589231, 0.99804956,
       0.85757395, 0.87563623, 1.31548694, 1.43293844, 1.38369251,
       1.2665121 , 0.9943491 , 0.64539493, 1.53482012, 1.48311537,
       1.40204714, 1.20602083, 1.60397747, 0.94035121, 0.91376258,
       1.55741919, 0.57080808, 1.40721505, 1.14500444, 1.69547719,
       1.44243874, 0.93414709, 1.01063771, 1.37885979, 1.12049105,
       1.24450147, 1.00914649, 0.95084772, 1.53250212, 0.8114205 ,
       1.20056438, 1.32924463, 1.28874562, 0.70544035, 0.98780154,
       1.1560984 , 0.79865804, 1.32838283, 1.11770195, 1.04548431,
       1.45501942, 1.25453878, 1.45628261, 1.00500192, 1.21246503,
       1.01473951, 1.12528068, 1.27487582, 1.29824348, 0.96769471,
       1.4231185 , 0.69170142, 0.88116002, 0.90269464, 1.18651882,
       1.12231456, 0.83526521, 1.20378834, 0.81331419, 1.11976834,
       0.67419114, 1.55749831, 1.17957745, 1.24839535, 1.46582261,
       0.73990153, 0.81460415, 1.28463396, 1.38944292, 1.2755591 ,
       0.97222424, 1.17473729, 1.19406891, 1.24789784, 1.53081758,
       1.31120503, 1.21330235, 1.30405801, 1.46320369, 1.05034625,
       0.9872858 , 0.93947006, 0.66381057, 1.32821273, 1.28720321,
       0.84556125, 0.85995085, 1.39041011, 0.57190663, 1.35711423,
       0.92755082, 1.16961318, 1.55994718, 1.34176001, 0.92875335,
       1.52474297, 0.99169543, 0.97393034, 1.35508554, 0.80498711,
       0.81465315, 0.96908227, 1.27820016, 1.14108185, 0.46225976,
       0.53758764, 1.12202245, 1.24931161, 1.1350226 , 1.53320301,
       1.40804494, 1.3992941 , 0.78285358, 1.35647774, 1.49022074,
       1.31956243, 0.85360269, 1.29128691, 1.11296727, 1.35656959,
       1.07603761, 1.44697516, 1.28110378, 1.53417954, 1.22314717,
       1.2325889 , 1.63169839, 0.48041805, 1.31448319, 1.09114325,
       1.02910839, 1.10681321, 1.02282529, 1.1121125 , 1.22180908,
       0.93367183, 1.52470015, 1.11619876, 1.29058653, 0.90659643,
       1.03423212, 1.30288226, 1.56614521, 1.04922711, 1.23137326,
       0.86719417, 0.85009207, 1.0656764 , 1.1895478 , 1.26042858,
       0.74470231, 0.97539273, 1.10158208, 1.24219495, 0.74460857,
       1.47930704, 0.92254929, 1.16717986, 1.09936098, 1.27946322,
       0.93342526, 0.70290161, 1.2495464 , 1.27808737, 1.18504517,
       1.17497158, 0.76937014, 1.1074592 , 1.1044826 , 1.18276583,
       1.31618336, 1.2711462 , 1.33952419, 1.06455913, 1.37883097]), 'delta_distances': array([0., 0., 0., 0., 0., 0., 0., 0., 0., 0., 0., 0., 0., 0., 0., 0., 0.,
       0., 0., 0., 0., 0., 0., 0., 0., 0., 0., 0., 0., 0., 0., 0., 0., 0.,
       0., 0., 0., 0., 0., 0., 0., 0., 0., 0., 0., 0., 0., 0., 0., 0., 0.,
       0., 0., 0., 0., 0., 0., 0., 0., 0., 0., 0., 0., 0., 0., 0., 0., 0.,
       0., 0., 0., 0., 0., 0., 0., 0., 0., 0., 0., 0., 0., 0., 0., 0., 0.,
       0., 0., 0., 0., 0., 0., 0., 0., 0., 0., 0., 0., 0., 0., 0., 0., 0.,
       0., 0., 0., 0., 0., 0., 0., 0., 0., 0., 0., 0., 0., 0., 0., 0., 0.,
       0., 0., 0., 0., 0., 0., 0., 0., 0., 0., 0., 0., 0., 0., 0., 0., 0.,
       0., 0., 0., 0., 0., 0., 0., 0., 0., 0., 0., 0., 0., 0., 0., 0., 0.,
       0., 0., 0., 0., 0., 0., 0., 0., 0., 0., 0., 0., 0., 0., 0., 0., 0.,
       0., 0., 0., 0., 0., 0., 0., 0., 0., 0., 0., 0., 0., 0., 0., 0., 0.,
       0., 0., 0., 0., 0., 0., 0., 0., 0., 0., 0., 0., 0.]), 'locations': array([389, 117, 321,  76, 239, 481, 308, 330, 166, 254, 354, 485, 358,
       185, 263,  90,  86, 267,  92, 240, 456, 310, 279,  65,  99, 328,
       349, 200, 225, 431, 332, 413, 306, 201, 203, 402, 118, 267, 433,
       427, 195, 233, 126, 148, 454,  51, 229, 161, 159, 448, 373, 178,
        40, 271, 410, 107,   5, 343,  58, 470,   5, 296, 293, 333, 398,
       367,   4, 148, 476,  77,  29, 286,  66, 109, 281, 370, 358, 197,
        38, 192, 355, 215, 394, 284, 442, 485, 197, 392,  15, 375, 131,
       408,  77, 388, 231,  99,  42, 415, 146,  66, 223, 110, 475, 110,
       340, 221,  87,  75, 358, 170,  58, 465,  56,  35, 493, 411, 430,
       404,  11, 449, 222,  29, 176, 178,  53, 174, 101, 457, 204,  36,
       253, 267, 115, 412, 475, 161, 270,  12, 422, 476, 154,  84, 243,
       340, 331, 348,  25, 451, 170, 355, 215, 213,  93, 422, 267, 332,
        97, 324, 485, 234, 454, 182, 180, 127, 384, 272,  16,  89, 127,
       472,  18, 422, 379, 270, 171, 167, 275, 183, 373, 210, 471, 305,
       443,  55, 345,   1, 254, 287, 119, 297, 386, 320, 174,  26, 283,
       300, 332, 141, 340, 139])}, {'ts_index': 73, 'loc': 388, 'gap': 0.14644186081549226, 'distances': array([1.03609249, 1.02885204, 0.97164648, 1.07202047, 1.04993282,
       0.97341187, 0.71121873, 0.68265344, 0.85909984, 1.10498516,
       0.72566223, 0.63573   , 0.74758207, 1.1285311 , 0.81400392,
       1.0181    , 1.12585123, 0.66220591, 0.98949514, 0.80682209,
       1.24950353, 0.65750435, 0.72981799, 0.82398416, 1.04386068,
       0.9050292 , 0.75057561, 0.97162417, 1.09196097, 0.807876  ,
       0.62237065, 1.05737164, 1.2312336 , 1.26463174, 0.89881182,
       0.49782552, 0.96346031, 0.82197472, 0.71374102, 0.77686784,
       1.01993236, 0.77787278, 0.99235732, 0.85109668, 0.67345409,
       0.94333058, 0.8689112 , 1.04340105, 1.12565766, 1.01536872,
       1.09866391, 1.09479012, 1.03092332, 1.10002756, 0.78210361,
       1.1578315 , 1.04856514, 1.30595334, 0.84153001, 0.94343757,
       0.50663106, 1.22750119, 1.19867435, 1.05617038, 0.        ,
       1.0749772 , 0.77235257, 0.85999824, 0.58399788, 0.91696762,
       0.9094882 , 0.74431428, 0.80130078, 1.01725502, 0.49173703,
       0.82297209, 0.58105288, 0.89218164, 0.7356661 , 1.2539306 ,
       1.16798361, 0.69111508, 0.74837494, 1.23640622, 0.99882883,
       0.64971737, 0.76122182, 0.67440882, 0.88407125, 0.67313017,
       1.11450756, 0.45214258, 0.71726667, 0.71727689, 0.69307643,
       0.66855287, 0.63516756, 0.69512908, 1.25388079, 0.65014056,
       0.76827803, 0.89900986, 0.82582592, 1.01384109, 0.63161807,
       1.11578709, 0.70465813, 0.55177159, 0.77331756, 0.45152845,
       0.95407877, 0.67962886, 1.16253627, 0.61597064, 0.50168535,
       0.95429395, 1.27647241, 0.92836635, 0.77214665, 1.13577768,
       0.77384916, 0.99439409, 1.21065196, 1.19255742, 0.87779038,
       0.68454413, 0.87103546, 0.55038799, 0.60726953, 1.00245598,
       0.66534208, 0.51831977, 1.15076851, 0.84135478, 0.43073242,
       1.39224717, 0.97923655, 0.84725536, 0.96456997, 1.01963402,
       1.28968529, 0.8501442 , 0.90221491, 1.29640573, 0.5843421 ,
       1.08661636, 0.73168884, 1.11662913, 1.06233736, 1.20277336,
       0.8181492 , 1.2652996 , 1.04345801, 1.27705178, 0.65737506,
       0.91576337, 1.19698828, 0.86604163, 0.98192348, 0.87369395,
       0.9624584 , 0.61683953, 0.75792438, 1.36427959, 0.93767849]), 'delta_distances': array([0., 0., 0., 0., 0., 0., 0., 0., 0., 0., 0., 0., 0., 0., 0., 0., 0.,
       0., 0., 0., 0., 0., 0., 0., 0., 0., 0., 0., 0., 0., 0., 0., 0., 0.,
       0., 0., 0., 0., 0., 0., 0., 0., 0., 0., 0., 0., 0., 0., 0., 0., 0.,
       0., 0., 0., 0., 0., 0., 0., 0., 0., 0., 0., 0., 0., 0., 0., 0., 0.,
       0., 0., 0., 0., 0., 0., 0., 0., 0., 0., 0., 0., 0., 0., 0., 0., 0.,
       0., 0., 0., 0., 0., 0., 0., 0., 0., 0., 0., 0., 0., 0., 0., 0., 0.,
       0., 0., 0., 0., 0., 0., 0., 0., 0., 0., 0., 0., 0., 0., 0., 0., 0.,
       0., 0., 0., 0., 0., 0., 0., 0., 0., 0., 0., 0., 0., 0., 0., 0., 0.,
       0., 0., 0., 0., 0., 0., 0., 0., 0., 0., 0., 0., 0., 0., 0., 0., 0.,
       0., 0., 0., 0., 0., 0., 0., 0., 0., 0., 0., 0.]), 'locations': array([159, 339, 475,  51, 412, 157, 184, 487, 130,  21, 485,  58, 242,
       278, 488, 484, 129, 134, 487, 323,  65, 240, 459, 244, 233, 241,
       208,  25, 270, 250, 248,  22, 323, 489, 351, 245, 489, 309, 307,
       444, 462, 109,  47,  57, 412, 144, 427,  93, 318, 407, 299, 136,
        39, 221, 225, 344, 485, 338,  17,  18, 207, 158, 417, 377, 388,
       232, 288, 366,  46,  70, 212, 262, 281, 335, 198, 473, 314, 185,
       422, 380,  85, 330, 182,  26,  18, 216, 280, 161,  16,  53, 455,
       385, 214, 127, 181,  93, 101, 400, 417, 409, 154, 318, 307,  31,
       365, 433, 155,  91, 469, 386, 315,  25, 369, 173, 457, 109, 433,
       208, 471, 282,  12,   4, 278, 488, 109,  91, 343, 261, 141, 152,
       256, 318, 167,   1, 223, 270,  50, 364,   2, 450, 449, 314, 485,
       338,  15, 199, 446, 486, 381, 330, 224,  17, 426, 107, 457,  70,
       273,   7,  96, 232, 405, 128, 324, 141,  64])}, {'ts_index': 187, 'loc': 203, 'gap': 0.08686399396173972, 'distances': array([0.53822169, 0.62558446, 0.63277684, 0.49303792, 0.64788217,
       0.44005981, 0.52899265, 0.34984782, 0.34793953, 0.58135443,
       0.61385786, 0.71184853, 0.3030852 , 0.3494475 , 0.55516759,
       0.52188401, 0.47823144, 0.59132864, 0.51517384, 0.63101017,
       0.26065452, 0.68526019, 0.62818628, 0.34984711, 0.44476098,
       0.        , 0.59571787, 0.4182908 ]), 'delta_distances': array([0., 0., 0., 0., 0., 0., 0., 0., 0., 0., 0., 0., 0., 0., 0., 0., 0.,
       0., 0., 0., 0., 0., 0., 0., 0., 0., 0., 0.]), 'locations': array([125, 461, 109, 174, 446,  48, 196, 165, 329, 424, 220, 254,  68,
       430, 349, 163, 126, 145, 235, 301, 250, 179,  21, 405, 408, 203,
       177, 253])}, {'ts_index': 71, 'loc': 270, 'gap': 0.10655304789271663, 'distances': array([0.2495733 , 0.40881743, 0.16393901, 0.46869935, 0.4329573 ,
       0.39187378, 0.47241225, 0.        , 0.27431759, 0.22792994,
       0.41704233, 0.38464735, 0.46202501, 0.31497156, 0.45154952,
       0.40789333, 0.46365861, 0.48161992, 0.53061746, 0.47786725,
       0.42706111]), 'delta_distances': array([0., 0., 0., 0., 0., 0., 0., 0., 0., 0., 0., 0., 0., 0., 0., 0., 0.,
       0., 0., 0., 0.]), 'locations': array([ 47, 171,  34, 153, 459,  79,  42, 270, 284, 454,  86, 144,  97,
        82,   0, 107, 477, 434, 291,  37, 420])}, {'ts_index': 184, 'loc': 297, 'gap': 0.12106912389464819, 'distances': array([0.5928376 , 0.35110469, 0.58107451, 0.63059381, 0.23844933,
       0.52397705, 0.63235058, 0.61124222, 0.61780813, 0.66105457,
       0.46827253, 0.53886612, 0.54883316, 0.        , 0.66945316,
       0.64406791]), 'delta_distances': array([0., 0., 0., 0., 0., 0., 0., 0., 0., 0., 0., 0., 0., 0., 0., 0.]), 'locations': array([234,  47, 244, 265, 394, 484, 103,  60, 170, 292, 121, 442, 373,
       297,  15,  40])}, {'ts_index': 149, 'loc': 255, 'gap': 0.1385086432109443, 'distances': array([0.12296488, 0.56558625, 0.50906969, 0.37614049, 0.47493859,
       0.20469293, 0.        , 0.29779463, 0.39228674, 0.5513289 ,
       0.59817117, 0.40603818]), 'delta_distances': array([0., 0., 0., 0., 0., 0., 0., 0., 0., 0., 0., 0.]), 'locations': array([342, 205,  91, 297, 143, 489, 255,  80, 386, 270, 161, 107])}, {'ts_index': 143, 'loc': 258, 'gap': 0.2397494563127499, 'distances': array([1.1651567 , 1.04594338, 0.97867531, 0.        , 0.67608684,
       1.23579637, 0.61319002, 0.97070643]), 'delta_distances': array([0., 0., 0., 0., 0., 0., 0., 0.]), 'locations': array([ 95,  40, 316, 258, 144, 187, 258, 418])}, {'ts_index': 198, 'loc': 56, 'gap': 0.22131038457434227, 'distances': array([1.04773813, 0.70201278, 0.89093964, 1.07223795, 0.        ]), 'delta_distances': array([0., 0., 0., 0., 0.]), 'locations': array([308, 344, 175, 134,  56])}], 'clusters': array([2, 2, 2, 2, 2, 2, 2, 2, 2, 2, 2, 2, 2, 4, 2, 1, 2, 6, 2, 2, 2, 4,
       2, 1, 2, 1, 1, 2, 2, 2, 2, 2, 1, 2, 2, 2, 2, 5, 0, 2, 2, 1, 2, 2,
       2, 2, 2, 2, 2, 2, 2, 2, 2, 2, 1, 8, 2, 2, 1, 2, 2, 1, 2, 2, 5, 2,
       3, 2, 2, 2, 3, 4, 2, 2, 2, 2, 1, 1, 1, 2, 2, 1, 2, 1, 2, 1, 2, 2,
       2, 2, 1, 1, 2, 2, 2, 2, 4, 4, 2, 2, 3, 2, 2, 2, 2, 2, 2, 1, 2, 2,
       1, 1, 2, 1, 2, 2, 2, 2, 2, 3, 2, 2, 2, 2, 1, 1, 2, 2, 2, 1, 1, 2,
       2, 2, 2, 2, 2, 1, 0, 2, 2, 1, 2, 7, 2, 2, 6, 2, 2, 6, 6, 2, 1, 2,
       2, 2, 2, 2, 2, 2, 5, 2, 2, 3, 1, 2, 2, 2, 2, 7, 1, 1, 2, 2, 0, 1,
       2, 2, 2, 1, 2, 2, 3, 2, 5, 2, 1, 3, 2, 2, 7, 1, 2, 2, 2, 2, 2, 2,
       8, 2]), 'time': 1278.46653342247}
lenSubsequence: 10{'RI': 0.49809045226130655, 'num_clusters': 5, 'uShapelets': [{'ts_index': 129, 'loc': 36, 'gap': 0.06316373992300994, 'distances': array([0.72029319, 0.6848762 , 0.77107885, 0.76162472, 0.77614837,
       0.70350837, 0.70297305, 0.82882378, 0.869947  , 0.69612202,
       0.71962965, 0.81924021, 0.8841281 , 0.72118018, 0.9174057 ,
       0.58008764, 0.65952873, 1.01599199, 0.81234819, 0.73178211,
       0.8695105 , 0.81003793, 0.79048795, 0.58858335, 0.63766414,
       0.76521064, 0.62194839, 0.91766503, 0.7544974 , 0.93246386,
       0.70391341, 0.73487011, 0.46033255, 0.98929521, 0.82373518,
       0.813806  , 0.71169788, 0.93743371, 0.43207999, 0.84607035,
       0.79584133, 0.45822195, 0.98265281, 0.64303052, 0.99454539,
       0.82040166, 0.56592692, 0.66410525, 0.89307576, 0.7782075 ,
       0.71958284, 0.74304865, 0.64435857, 0.94176417, 0.4747655 ,
       0.81411338, 0.63479109, 0.66539519, 0.65131231, 0.68780658,
       0.9204892 , 0.85064419, 0.74579853, 0.7659956 , 0.78055414,
       0.90417144, 0.82229767, 0.89714443, 0.52910694, 0.77300931,
       0.66709025, 0.80966705, 0.74457086, 0.66469629, 0.60634555,
       0.82817465, 0.47111345, 0.82731747, 0.45308646, 0.76318362,
       0.70375276, 0.53919683, 0.74535589, 0.54486162, 0.87796727,
       0.70751833, 0.86011554, 0.61275946, 0.85117154, 0.8404193 ,
       0.59602363, 0.70635761, 0.72911474, 0.81776483, 0.84808727,
       0.60550144, 0.64468917, 0.60837438, 0.6883753 , 0.82229025,
       0.74180754, 0.67730225, 0.88319457, 0.86903526, 0.79837112,
       0.56248658, 0.54805098, 0.66737588, 0.82477438, 0.82599858,
       0.771933  , 0.41012827, 0.674847  , 0.44603258, 0.93740374,
       0.63029722, 0.70644061, 0.94155441, 0.84936437, 0.50273581,
       0.97199654, 0.76759034, 0.62396966, 0.85257769, 0.64325661,
       0.7794909 , 0.79862434, 0.8190175 , 0.71510131, 0.        ,
       0.3879889 , 0.69967569, 0.76490334, 0.78048159, 0.95590486,
       0.88811584, 0.86444244, 0.57945697, 0.84732776, 0.9344811 ,
       0.72687102, 0.67174043, 0.91426545, 0.66755454, 0.80642992,
       0.85471874, 0.8068678 , 0.83737492, 0.96155212, 0.7737532 ,
       0.6240877 , 0.93815198, 0.62447531, 0.75265709, 0.62402868,
       0.88832723, 0.76753468, 0.64739962, 0.85023373, 0.78203856,
       0.68934742, 0.75850773, 0.74355372, 0.81451134, 0.77177479,
       0.65080211, 0.69332978, 0.83304918, 0.71573105, 0.70609965,
       0.54954949, 0.38155044, 0.88453248, 0.69108332, 0.82501435,
       0.47885294, 0.63326363, 0.82945903, 0.64539488, 0.49561391,
       0.83566772, 0.57158491, 0.7642683 , 0.65509898, 0.9033208 ,
       0.63960377, 0.39017404, 0.6323591 , 0.80112344, 0.90943401,
       0.67633691, 0.52278993, 0.6917431 , 0.63171221, 0.72790636,
       0.80743079, 0.82296126, 0.79787139, 0.64526259, 0.78629608]), 'delta_distances': array([0., 0., 0., 0., 0., 0., 0., 0., 0., 0., 0., 0., 0., 0., 0., 0., 0.,
       0., 0., 0., 0., 0., 0., 0., 0., 0., 0., 0., 0., 0., 0., 0., 0., 0.,
       0., 0., 0., 0., 0., 0., 0., 0., 0., 0., 0., 0., 0., 0., 0., 0., 0.,
       0., 0., 0., 0., 0., 0., 0., 0., 0., 0., 0., 0., 0., 0., 0., 0., 0.,
       0., 0., 0., 0., 0., 0., 0., 0., 0., 0., 0., 0., 0., 0., 0., 0., 0.,
       0., 0., 0., 0., 0., 0., 0., 0., 0., 0., 0., 0., 0., 0., 0., 0., 0.,
       0., 0., 0., 0., 0., 0., 0., 0., 0., 0., 0., 0., 0., 0., 0., 0., 0.,
       0., 0., 0., 0., 0., 0., 0., 0., 0., 0., 0., 0., 0., 0., 0., 0., 0.,
       0., 0., 0., 0., 0., 0., 0., 0., 0., 0., 0., 0., 0., 0., 0., 0., 0.,
       0., 0., 0., 0., 0., 0., 0., 0., 0., 0., 0., 0., 0., 0., 0., 0., 0.,
       0., 0., 0., 0., 0., 0., 0., 0., 0., 0., 0., 0., 0., 0., 0., 0., 0.,
       0., 0., 0., 0., 0., 0., 0., 0., 0., 0., 0., 0., 0.]), 'locations': array([ 26, 166,  45,  76, 239, 447, 308, 152, 166, 182, 354, 304, 102,
       236, 301,  90,  86, 423,   7, 415, 456, 310, 279,  65,  99, 351,
       349, 200,   6, 488,  86, 375, 306, 256, 390, 268, 118, 172, 433,
       427, 448, 233,  40, 148, 283,  51, 229, 161, 159,  17, 301, 178,
        40, 417, 329, 107,   5, 343,  58, 470, 197, 296, 293, 333, 398,
       217, 483, 148, 476, 439, 152, 286,  66, 109, 281, 370, 358, 197,
        38, 413, 355, 215, 394, 284, 442, 149, 372, 392, 233, 375, 384,
       408,  77, 281,  52,  99,  42, 415, 146,  66,  66, 110, 475, 110,
        63, 221,  87,  75, 358, 199, 449, 465,  56,  35,   4, 411, 430,
       277, 480, 449, 222, 383, 176, 124,  53,  49, 213, 457, 204,  36,
       253, 100, 141, 437, 475, 126, 270,  12, 327, 306, 238, 256, 168,
       340, 390, 160, 124, 212, 194, 355, 215, 213,  93,  62, 267, 243,
       194, 324, 222, 412, 162, 107, 180, 224, 384, 354,  16,  89, 483,
        25,  53, 422, 473, 270, 135, 167, 213,  41, 373, 210, 356, 305,
       109,  55,  83, 349, 254, 287, 175, 123,  22,  67, 174,  26, 180,
        41, 332, 141, 340, 139])}, {'ts_index': 120, 'loc': 405, 'gap': 0.056056350126361676, 'distances': array([0.77076814, 0.61042477, 0.82046415, 0.8064506 , 0.81587631,
       0.73962742, 0.59605223, 0.68290524, 0.84664721, 0.84415812,
       0.54239784, 0.40738481, 0.61980378, 0.97237485, 0.62023749,
       0.83055356, 0.77661302, 0.66791074, 0.84174518, 0.54499451,
       0.84606652, 0.66839527, 0.72734699, 0.8781598 , 0.56137703,
       0.67220858, 0.71923892, 0.77748648, 0.84560236, 0.82885905,
       0.84530741, 0.67027884, 0.85405597, 0.85636038, 0.84113394,
       0.5397943 , 0.48554947, 0.67803302, 0.59646034, 0.93377594,
       0.70916817, 0.93635576, 0.77918781, 0.73093623, 0.72492856,
       0.77175952, 0.9233976 , 0.72399112, 0.7865559 , 0.92160844,
       0.77386163, 0.80752815, 0.8041926 , 0.8793733 , 0.89461114,
       0.70846535, 0.88287184, 0.78641165, 0.92384991, 0.61242084,
       0.81593259, 0.89733377, 0.85808118, 0.86735078, 0.56831594,
       0.76360659, 0.74696603, 0.63794113, 0.64356329, 0.8108389 ,
       0.50093853, 0.75406076, 0.73061285, 0.71448635, 0.70938086,
       0.81816973, 0.67905728, 0.72185773, 0.59809943, 0.87813625,
       0.54518927, 0.85702988, 0.95266008, 0.41616303, 0.54013907,
       0.50814181, 0.69981082, 0.6326102 , 0.83116778, 0.46125538,
       0.87561208, 0.78042236, 0.55480425, 0.7633213 , 0.6153634 ,
       0.71973663, 0.71358823, 0.        , 0.72827262, 0.85862989,
       0.67611689, 0.6998977 , 0.84958466, 0.47774998, 0.84916991,
       0.76030512, 0.74847367, 0.73034935, 0.70971684, 0.7434102 ,
       0.65995781, 0.79611266, 0.76435935, 0.74916502, 0.71884532,
       0.78624719, 0.93786307, 0.72251771, 0.65187205, 0.75364838,
       0.87876753, 0.81547963, 0.9296048 , 0.86833192, 0.69138154,
       0.74989529, 0.64106702, 0.75646594, 0.65551174, 0.74595188,
       0.74168844, 0.65473874, 0.88583335, 0.79090518, 0.71299752,
       0.96496887, 0.83390919, 0.72611856, 0.66775708, 0.7750393 ,
       0.74608073, 0.90354144, 0.56315918, 0.74103727, 0.76473343,
       0.52417331, 0.79115749, 0.7083519 , 0.70132644, 0.92073698,
       0.72115055, 0.80713773, 0.83444525, 0.87934059, 0.7333876 ,
       0.81172136, 0.92872031, 0.72225738, 0.57182035, 0.89161613,
       0.85430107, 0.68411471, 0.67665944, 0.92076958, 0.5842952 ]), 'delta_distances': array([0., 0., 0., 0., 0., 0., 0., 0., 0., 0., 0., 0., 0., 0., 0., 0., 0.,
       0., 0., 0., 0., 0., 0., 0., 0., 0., 0., 0., 0., 0., 0., 0., 0., 0.,
       0., 0., 0., 0., 0., 0., 0., 0., 0., 0., 0., 0., 0., 0., 0., 0., 0.,
       0., 0., 0., 0., 0., 0., 0., 0., 0., 0., 0., 0., 0., 0., 0., 0., 0.,
       0., 0., 0., 0., 0., 0., 0., 0., 0., 0., 0., 0., 0., 0., 0., 0., 0.,
       0., 0., 0., 0., 0., 0., 0., 0., 0., 0., 0., 0., 0., 0., 0., 0., 0.,
       0., 0., 0., 0., 0., 0., 0., 0., 0., 0., 0., 0., 0., 0., 0., 0., 0.,
       0., 0., 0., 0., 0., 0., 0., 0., 0., 0., 0., 0., 0., 0., 0., 0., 0.,
       0., 0., 0., 0., 0., 0., 0., 0., 0., 0., 0., 0., 0., 0., 0., 0., 0.,
       0., 0., 0., 0., 0., 0., 0., 0., 0., 0., 0., 0.]), 'locations': array([155, 335, 437, 198, 408, 274, 180, 483, 334,  91, 481,  54, 238,
       274, 484, 125, 125, 130, 362, 319,  61, 236, 486,  12, 240, 229,
       267, 204, 347, 266, 127, 244,  97,  92, 323, 121,  17, 413, 217,
        76, 105, 108, 247, 408, 217, 351, 232, 430, 403, 137, 270, 484,
       244, 367, 421, 221, 340, 481, 232,  13, 203, 467,   6, 181, 384,
       151, 324, 362,  42,  66, 208,  90, 422, 331,  49, 255, 469, 310,
       272, 181, 100, 178, 345, 232, 212, 262,  69, 112, 203, 434, 201,
       210, 361, 177,  89,  97,  55, 405, 420, 475, 174, 220, 489, 361,
        34, 126,  87, 465, 353,   5, 119, 272, 169, 453,  26, 400, 346,
       204, 467, 278,   8, 255,  66, 328, 279, 186, 143, 483, 275,  97,
       185, 201, 163, 472, 219, 286,  61, 147, 360, 153,  86,   9, 310,
         5, 469,  11, 195, 442, 425, 177, 220, 463, 142, 343, 371,  66,
       320,  66,  92, 383, 249, 124,  99, 460,  60])}, {'ts_index': 80, 'loc': 42, 'gap': 0.059262576928068134, 'distances': array([0.78557243, 0.76855357, 0.65190842, 0.79922564, 0.74354756,
       0.54878584, 0.68192342, 0.77764893, 0.77827584, 0.64361318,
       0.65789853, 0.62395643, 0.66579953, 0.78020055, 0.58261889,
       0.39980992, 0.75725014, 0.74558071, 0.66060581, 0.55063433,
       0.90341825, 0.76088495, 0.79751649, 0.58055663, 0.78929164,
       0.80633288, 0.62412998, 0.53910847, 0.68905347, 0.47423068,
       0.78092481, 0.60284061, 0.49058245, 0.65036343, 0.83464897,
       0.7907113 , 0.68263068, 0.71062207, 0.81816421, 0.62624178,
       0.81743932, 0.72252638, 0.8135158 , 0.69863781, 0.58583126,
       0.65078842, 0.60391767, 0.73389287, 0.52042717, 0.86654433,
       0.62731094, 0.64413649, 0.79334269, 0.47251654, 0.66509562,
       0.        , 0.64590661, 0.54568338, 0.65133048, 0.74533811,
       0.60923884, 0.73099585, 0.5924463 , 0.35969233, 0.87163301,
       0.7535605 , 0.83874116, 0.59126132, 0.64371551, 0.80215442,
       0.67366751, 0.66682802, 0.53415014, 0.52889897, 0.54237147,
       0.55000253, 0.59421695, 0.62714201, 0.84645045, 0.73438225,
       0.61238713, 0.50926096, 0.52179053, 0.47430451, 0.71462143,
       0.48247773, 0.75224115, 0.56908701, 0.6610826 , 0.62141092,
       0.54478929, 0.89428171, 0.7632572 , 0.37155253, 0.64585919,
       0.59331535, 0.74695835, 0.83520451, 0.72928691, 0.69270171,
       0.5845791 , 0.5464939 , 0.62115459, 0.51888205, 0.75757862,
       0.57464009, 0.6330706 , 0.83248438, 0.65647596, 0.5465655 ,
       0.64921803, 0.63419018, 0.74758762, 0.57842657, 0.6849481 ,
       0.68734907, 0.82378644, 0.6799656 , 0.84725232, 0.5866291 ,
       0.69667918, 0.77898795, 0.70279083, 0.62317243, 0.75720897,
       0.80493844, 0.82147285, 0.55405731, 0.72431813, 0.83425619,
       0.70748753, 0.8364223 , 0.63591437, 0.61077003, 0.63255389,
       0.82893016]), 'delta_distances': array([0., 0., 0., 0., 0., 0., 0., 0., 0., 0., 0., 0., 0., 0., 0., 0., 0.,
       0., 0., 0., 0., 0., 0., 0., 0., 0., 0., 0., 0., 0., 0., 0., 0., 0.,
       0., 0., 0., 0., 0., 0., 0., 0., 0., 0., 0., 0., 0., 0., 0., 0., 0.,
       0., 0., 0., 0., 0., 0., 0., 0., 0., 0., 0., 0., 0., 0., 0., 0., 0.,
       0., 0., 0., 0., 0., 0., 0., 0., 0., 0., 0., 0., 0., 0., 0., 0., 0.,
       0., 0., 0., 0., 0., 0., 0., 0., 0., 0., 0., 0., 0., 0., 0., 0., 0.,
       0., 0., 0., 0., 0., 0., 0., 0., 0., 0., 0., 0., 0., 0., 0., 0., 0.,
       0., 0., 0., 0., 0., 0., 0., 0., 0., 0., 0., 0., 0., 0., 0., 0., 0.]), 'locations': array([155, 437,  47, 408,  65, 483, 126,  17,  41, 480, 125, 130, 483,
        61, 123, 455, 179, 229, 267, 204, 347, 404, 127, 244,  18, 147,
       323,  80, 432, 105, 284,  53, 408, 217, 387, 232, 430, 403, 137,
       341, 121,  17, 183, 406, 221, 340, 448, 293, 203, 467,   6, 420,
       129, 290, 362,  42,  66, 418, 422, 259, 194, 472,  84, 310, 181,
       178, 131,  69, 451, 201, 210, 177,  97, 396,   5, 303, 147, 220,
        27, 429, 151,  87, 465, 353, 305, 119, 272, 215, 453,  26, 105,
       346, 204, 467, 278,   8, 255,  76,  39, 279, 186, 202,   2, 137,
        97,   1, 314,  26, 472, 219, 174, 302, 147, 447, 369, 303, 186,
         5, 469, 195, 442, 482, 353, 220, 158, 422, 343, 453, 350, 338,
        66, 356, 249, 124, 320, 240])}, {'ts_index': 4, 'loc': 259, 'gap': 0.06096506780932254, 'distances': array([0.        , 0.32880348, 0.26046969, 0.30166466, 0.35892576,
       0.31094993, 0.35286339, 0.34247028, 0.33537428, 0.27028368,
       0.18078617, 0.28204716, 0.22480985, 0.28651764, 0.35632231,
       0.32256974, 0.18225312, 0.3113354 , 0.33549754, 0.28918416,
       0.15677867, 0.31581294, 0.33247256]), 'delta_distances': array([0., 0., 0., 0., 0., 0., 0., 0., 0., 0., 0., 0., 0., 0., 0., 0., 0.,
       0., 0., 0., 0., 0., 0.]), 'locations': array([259, 264, 380, 258, 112, 350, 173, 209, 284, 116, 380, 370, 411,
        58, 111,  55, 310, 449, 298, 141, 464, 196, 160])}], 'clusters': array([3, 2, 3, 3, 4, 3, 2, 3, 3, 3, 2, 2, 2, 3, 2, 1, 3, 3, 3, 3, 2, 3,
       3, 1, 3, 3, 1, 2, 3, 3, 3, 0, 1, 3, 0, 3, 3, 0, 1, 3, 2, 1, 2, 3,
       2, 3, 1, 3, 3, 3, 3, 3, 0, 3, 1, 3, 3, 0, 3, 0, 3, 0, 3, 3, 3, 3,
       3, 2, 1, 3, 0, 3, 3, 2, 1, 3, 1, 3, 1, 3, 3, 1, 3, 1, 2, 3, 3, 1,
       3, 3, 1, 3, 3, 3, 2, 1, 0, 1, 2, 3, 4, 2, 2, 2, 3, 1, 1, 2, 3, 2,
       0, 1, 3, 1, 2, 3, 2, 3, 3, 1, 2, 3, 1, 3, 3, 3, 4, 2, 3, 1, 1, 3,
       3, 3, 3, 3, 3, 1, 3, 3, 3, 3, 3, 0, 3, 3, 3, 3, 3, 0, 3, 3, 3, 3,
       1, 3, 3, 3, 3, 3, 0, 3, 3, 3, 3, 3, 3, 3, 3, 4, 1, 1, 2, 3, 0, 1,
       2, 3, 3, 1, 3, 1, 3, 3, 3, 0, 1, 0, 3, 3, 4, 1, 3, 2, 0, 3, 3, 3,
       0, 2]), 'time': 1755.4211859703064}
lenSubsequence: 13{'RI': 0.49889447236180906, 'num_clusters': 3, 'uShapelets': [{'ts_index': 51, 'loc': 171, 'gap': 0.034631203413902245, 'distances': array([1.03031728, 1.17152407, 1.25557563, 1.16114627, 1.18235895,
       1.15597875, 0.76300859, 1.14638557, 1.26050609, 0.95606006,
       1.04941347, 1.22585862, 1.16126953, 0.90541086, 1.17955675,
       0.91885809, 1.03413286, 0.75795326, 1.14065928, 1.17853562,
       1.21761395, 1.10051202, 1.2168684 , 0.90464794, 0.93171358,
       0.77547231, 1.02338271, 1.15989968, 1.12350861, 1.13943176,
       1.18938779, 1.13182541, 0.80217308, 1.24623414, 1.17873347,
       1.20823241, 0.94317865, 1.22846   , 0.8845873 , 1.15423987,
       1.113896  , 0.87344845, 1.15206035, 1.05844448, 1.31430116,
       1.1624658 , 0.98157001, 1.04003962, 1.21396994, 1.08211212,
       0.97517669, 0.        , 1.01971083, 1.22241101, 0.92977764,
       1.17060286, 1.06827706, 1.05244163, 1.078101  , 0.98629734,
       1.17756207, 0.94746404, 1.11468231, 1.14232318, 1.05309501,
       1.06481846, 1.0384597 , 1.1538663 , 1.06424271, 1.03451057,
       1.04836217, 0.99856843, 1.10001116, 1.00464564, 1.00217525,
       1.17010867, 0.87146287, 1.09964931, 0.86899478, 1.03720381,
       1.20673512, 1.00568264, 1.10854789, 0.82807642, 1.11107784,
       0.9617541 , 1.20246451, 1.11902479, 1.21507328, 1.20908837,
       0.83923412, 0.80065627, 1.00473819, 1.0619389 , 1.11504482,
       0.85502138, 0.98967929, 1.05268717, 1.01417147, 1.21676592,
       1.07590761, 1.13791802, 1.23888097, 1.15526596, 1.0467134 ,
       1.0906916 , 1.03992473, 0.91207122, 1.09663489, 0.99162294,
       0.90038398, 0.9149183 , 1.21609773, 0.65764515, 1.1003589 ,
       0.96255243, 1.21196078, 1.2744682 , 1.13784564, 0.91966574,
       1.2706568 , 1.04553841, 0.86479602, 1.14709987, 0.95027236,
       0.99605205, 1.00101129, 1.03856921, 1.03767023, 0.90716045,
       0.96327358, 0.97133377, 1.03634105, 0.90314683, 1.23459729,
       1.11415216, 1.13260644, 1.10764214, 1.25047163, 1.22089616,
       1.08953953, 0.99764347, 1.05203381, 1.06990997, 1.16764604,
       1.06651105, 1.13025548, 0.95630306, 1.18847371, 1.08317525,
       1.13529982, 1.17496985, 0.7931274 , 1.06123238, 1.09745255,
       1.1050926 , 1.08734509, 1.10558449, 1.19606478, 1.11636477,
       0.87554083, 1.17410467, 1.13912158, 0.94682326, 1.18991308,
       0.94103565, 1.03856407, 1.1403287 , 0.98213449, 1.0680383 ,
       1.00926386, 0.93185035, 1.03776227, 1.04514069, 1.07555661,
       0.93995376, 1.09795006, 0.94511633, 1.22508847, 1.07117716,
       1.24778852, 0.90109758, 1.148214  , 0.99087528, 1.06382514,
       1.10441503, 0.81908921, 0.95756881, 1.1499677 , 1.14865081,
       1.095349  , 1.04805141, 0.9822918 , 1.19237596, 1.1281976 ,
       0.97489325, 1.17119134, 1.11392738, 1.06296398, 1.13319665]), 'delta_distances': array([0., 0., 0., 0., 0., 0., 0., 0., 0., 0., 0., 0., 0., 0., 0., 0., 0.,
       0., 0., 0., 0., 0., 0., 0., 0., 0., 0., 0., 0., 0., 0., 0., 0., 0.,
       0., 0., 0., 0., 0., 0., 0., 0., 0., 0., 0., 0., 0., 0., 0., 0., 0.,
       0., 0., 0., 0., 0., 0., 0., 0., 0., 0., 0., 0., 0., 0., 0., 0., 0.,
       0., 0., 0., 0., 0., 0., 0., 0., 0., 0., 0., 0., 0., 0., 0., 0., 0.,
       0., 0., 0., 0., 0., 0., 0., 0., 0., 0., 0., 0., 0., 0., 0., 0., 0.,
       0., 0., 0., 0., 0., 0., 0., 0., 0., 0., 0., 0., 0., 0., 0., 0., 0.,
       0., 0., 0., 0., 0., 0., 0., 0., 0., 0., 0., 0., 0., 0., 0., 0., 0.,
       0., 0., 0., 0., 0., 0., 0., 0., 0., 0., 0., 0., 0., 0., 0., 0., 0.,
       0., 0., 0., 0., 0., 0., 0., 0., 0., 0., 0., 0., 0., 0., 0., 0., 0.,
       0., 0., 0., 0., 0., 0., 0., 0., 0., 0., 0., 0., 0., 0., 0., 0., 0.,
       0., 0., 0., 0., 0., 0., 0., 0., 0., 0., 0., 0., 0.]), 'locations': array([382,  76, 105, 184, 220, 474, 301, 323, 159, 247, 347, 443, 351,
       229, 312,  83,  79, 260,  85, 233, 449,  89, 272,  58, 243, 321,
       342, 193, 395, 424,  79, 142, 299, 117, 383, 261, 111, 260, 426,
        13, 188, 226, 119,  68, 245,  44, 366, 333,  60, 441, 366, 171,
        33, 264, 403, 338, 452, 336,  25, 463,  95, 483, 286, 150, 391,
       337,  92, 158, 469,  70, 145, 279,  59, 102, 274, 363, 351, 190,
        31, 185, 348,  75, 387, 343, 435, 256, 180, 181,  43,  21, 338,
       401,  70, 381, 224,  92,  35, 408, 220,  59,  59, 103, 468, 232,
       333, 348,  80,  68, 328, 219, 272, 395,  49,  28, 486, 404, 298,
       196,   4, 442,  99,  22, 169, 117,  46, 167,  94, 450,   4,  29,
        14, 211, 124, 405, 264, 154, 263,   5, 340, 299, 231, 249, 236,
        74, 295, 341, 117, 444, 175, 348, 193,  84,  86, 415, 260, 325,
       187, 317, 234, 154, 447, 175, 173, 120, 179, 347,   9,  82, 177,
       363,  11, 415, 372,  60, 252, 160, 254, 373, 366, 203, 151, 298,
       102,  48, 338, 379, 247, 280,  51, 116,  15,  60, 167, 114, 276,
       251, 325, 134, 333, 132])}, {'ts_index': 99, 'loc': 19, 'gap': 0.018307315760115073, 'distances': array([0.39181968, 0.24577668, 0.30179434, 0.30287446, 0.33843167,
       0.36603191, 0.32162887, 0.32645144, 0.32357881, 0.33013366,
       0.32545584, 0.23989973, 0.30027238, 0.37712885, 0.39865911,
       0.32067245, 0.33382958, 0.39012788, 0.3443977 , 0.        ,
       0.40400937, 0.34352781, 0.39670823, 0.30289278, 0.28747054,
       0.33406789, 0.33187506, 0.25223498, 0.31252743, 0.2835779 ,
       0.35763335, 0.33199073, 0.29368348, 0.23625405]), 'delta_distances': array([0., 0., 0., 0., 0., 0., 0., 0., 0., 0., 0., 0., 0., 0., 0., 0., 0.,
       0., 0., 0., 0., 0., 0., 0., 0., 0., 0., 0., 0., 0., 0., 0., 0., 0.]), 'locations': array([168, 179, 172, 188, 215, 362, 483,  46, 144, 286, 359, 372, 147,
       425, 246, 367, 117, 464, 426,  19, 118, 403, 387, 126,  66, 338,
        60, 157, 329, 136, 446, 400, 421, 420])}, {'ts_index': 88, 'loc': 371, 'gap': 0.06681521301742832, 'distances': array([0.36723004, 0.28649982, 0.24078202, 0.        , 0.21505264,
       0.36255854]), 'delta_distances': array([0., 0., 0., 0., 0., 0.]), 'locations': array([351, 124, 462, 371, 370,  50])}], 'clusters': array([1, 1, 0, 1, 2, 1, 1, 1, 2, 1, 1, 2, 1, 1, 2, 1, 1, 1, 1, 1, 2, 1,
       2, 1, 1, 1, 1, 1, 1, 1, 2, 1, 1, 2, 2, 2, 1, 2, 1, 1, 1, 1, 1, 1,
       2, 1, 1, 1, 3, 1, 1, 1, 1, 3, 1, 1, 1, 1, 1, 1, 1, 1, 1, 1, 1, 1,
       1, 1, 1, 1, 1, 1, 1, 1, 1, 1, 1, 1, 1, 1, 2, 1, 1, 1, 1, 1, 2, 1,
       3, 2, 1, 1, 1, 1, 1, 1, 1, 1, 1, 2, 1, 1, 3, 1, 1, 1, 1, 1, 1, 1,
       1, 1, 2, 1, 1, 1, 0, 2, 1, 1, 2, 1, 1, 1, 1, 1, 1, 1, 1, 1, 1, 1,
       1, 1, 2, 1, 1, 1, 2, 2, 1, 1, 1, 1, 1, 1, 1, 1, 2, 1, 1, 1, 1, 1,
       1, 1, 1, 1, 2, 1, 1, 1, 1, 1, 2, 1, 1, 1, 1, 1, 1, 1, 1, 1, 1, 1,
       1, 1, 2, 1, 2, 1, 1, 1, 1, 1, 1, 1, 1, 1, 1, 1, 1, 2, 1, 1, 1, 1,
       1, 1]), 'time': 817.6230022907257}
