lenSubsequence: 6{'RI': 0.5094240575942406, 'num_clusters': 2, 'uShapelets': [{'ts_index': 729, 'loc': 13, 'gap': 0.31970884754345336, 'distances': array([0.0196735 , 0.86527167, 0.65633083, ..., 1.01937917, 0.66388633,
       0.032616  ]), 'delta_distances': array([0.011165  , 0.11805333, 0.14190867, ..., 0.16126833, 0.17255667,
       0.023314  ]), 'locations': array([13, 15, 17, ..., 13, 17, 13])}], 'clusters': array([1, 0, 0, ..., 0, 0, 1]), 'time': 112.50967478752136}
lenSubsequence: 8{'RI': 0.5013931940139319, 'num_clusters': 3, 'uShapelets': [{'ts_index': 211, 'loc': 8, 'gap': 0.3485398512979958, 'distances': array([0.61982137, 0.06189188, 0.11326212, ..., 0.07442513, 0.11841638,
       0.76249325]), 'delta_distances': array([0.10939275, 0.0399155 , 0.05243175, ..., 0.0475055 , 0.05002525,
       0.09964125]), 'locations': array([ 9,  8, 13, ...,  8,  9,  9])}, {'ts_index': 508, 'loc': 15, 'gap': 0.41857152678629417, 'distances': array([0.71766787, 0.89263575, 0.73582387, 0.905652  , 0.044582  ,
       0.051968  , 0.1226405 , 0.05748963, 0.47848675, 0.81583225,
       1.51060913, 1.55751887, 0.9884875 , 0.08100188, 1.13821575,
       0.22056088, 0.88562138, 0.0322025 , 0.05640163, 0.1549965 ,
       1.02548788, 0.3508095 , 0.01738837, 1.22712137, 0.30698487,
       0.90609637, 1.82865362, 1.2282785 , 0.38447325, 0.51342288,
       0.1742255 , 0.955481  , 0.70774762, 0.06652137, 0.06985188,
       0.10187963, 0.179091  , 0.79792712, 1.24806387, 0.03682125,
       0.07423575, 1.18812587, 0.05732575, 0.8393125 , 0.57657337,
       0.46813075, 0.50903425, 0.04557538, 0.61491287, 1.0774945 ,
       0.14567887, 0.35975937, 1.50489137, 0.01662375, 0.0529215 ,
       1.28601675, 1.0185095 , 0.348945  , 1.04255625, 0.85122637,
       0.0222525 , 0.27657813, 0.06100137, 0.2411195 , 0.08559462,
       0.198572  , 0.81074487, 0.10236513, 1.67157113, 1.374665  ,
       0.96192088, 0.07166387, 1.02502413, 0.48030212, 1.62276288,
       0.03375162, 1.2309715 , 0.88375462, 0.05582013, 0.83493338,
       0.47078487, 0.502016  , 0.93905   , 0.03438438, 0.22781175,
       0.8883295 , 0.7311705 , 0.04111562, 0.02464037, 2.18923962,
       0.        , 0.011843  , 0.69792488, 0.04723112, 0.05254062,
       0.99039263, 0.37536988, 0.4258365 , 1.43057887, 1.03494275,
       0.15822912, 0.02160175, 0.49502887, 0.10302037, 0.88414737,
       0.97470575, 0.04315387, 0.33172688, 0.01891737, 0.08077837,
       1.0075    , 0.75468537, 0.05210162, 0.69682338, 1.61297987,
       0.86456775, 1.35998412, 0.7656045 , 0.94095913, 0.04391012,
       0.23888275, 1.90149238, 0.09637862, 0.76834325, 0.73354175,
       1.11514675, 0.04562488, 1.00393313, 0.5816025 , 0.6496735 ,
       0.07896275, 0.309233  , 0.04367837, 0.692196  , 0.10692475,
       1.10553413, 0.0682745 , 0.1179595 , 1.09879062, 0.01242325,
       0.12408787, 0.50989712, 0.054773  , 0.02781275, 0.35690775,
       0.90160662, 0.02525575, 1.42775125, 0.86815763, 0.02611988,
       1.06057225, 2.05155312, 0.03595575, 1.27490475, 0.29673587,
       0.218225  , 1.78458613, 0.04437787, 0.14166275, 0.2198005 ,
       0.01217488, 0.32584875, 0.32483025, 0.842023  , 0.04053675,
       1.33092612, 1.17268313, 0.04104987, 0.59801412, 0.05780737,
       1.62486188, 1.83735075, 0.7734755 , 0.57128738, 0.035119  ,
       0.058409  , 0.813413  , 0.01774087, 0.082867  , 0.9022415 ,
       0.52550462, 0.023951  , 1.52835688, 0.900055  ]), 'delta_distances': array([0.11516275, 0.104145  , 0.12063675, 0.086482  , 0.0392115 ,
       0.03364925, 0.040779  , 0.0351625 , 0.09932875, 0.133789  ,
       0.17456725, 0.207185  , 0.10748275, 0.03135375, 0.10713525,
       0.08742   , 0.125204  , 0.023889  , 0.02575175, 0.07384725,
       0.13609075, 0.09591575, 0.01502825, 0.095339  , 0.08148775,
       0.11357575, 0.15459475, 0.11651675, 0.077359  , 0.0962635 ,
       0.058005  , 0.169667  , 0.116827  , 0.0322735 , 0.030402  ,
       0.04467275, 0.03977525, 0.11303775, 0.127514  , 0.01955175,
       0.03314925, 0.1824985 , 0.0225475 , 0.13238825, 0.1190415 ,
       0.142962  , 0.11615425, 0.0315655 , 0.12396425, 0.15101125,
       0.05167   , 0.08162525, 0.1597495 , 0.01924475, 0.018423  ,
       0.11349725, 0.128267  , 0.08968675, 0.13822425, 0.1190555 ,
       0.0182965 , 0.07339625, 0.03625675, 0.093499  , 0.0347325 ,
       0.05939825, 0.1485395 , 0.03162325, 0.18677075, 0.14662325,
       0.11308275, 0.03399725, 0.159442  , 0.09615275, 0.17085775,
       0.02544375, 0.11935175, 0.1616435 , 0.0477935 , 0.11677   ,
       0.09846325, 0.098733  , 0.0994765 , 0.018302  , 0.0583215 ,
       0.1417805 , 0.1059855 , 0.01990525, 0.027224  , 0.12003875,
       0.        , 0.0106115 , 0.08879175, 0.0226525 , 0.03688075,
       0.1283335 , 0.081071  , 0.08868775, 0.16021   , 0.11491525,
       0.08252   , 0.01606125, 0.10165075, 0.0445595 , 0.115248  ,
       0.1039345 , 0.02456925, 0.061101  , 0.0165095 , 0.033036  ,
       0.13926125, 0.15399975, 0.032697  , 0.11023775, 0.19222575,
       0.1629315 , 0.1635815 , 0.1360845 , 0.10440975, 0.03361725,
       0.05875   , 0.1272385 , 0.038867  , 0.09327   , 0.0997155 ,
       0.15896625, 0.03238225, 0.15531   , 0.09412525, 0.08869775,
       0.04274125, 0.0642715 , 0.01969425, 0.14328   , 0.04532825,
       0.12121325, 0.03331   , 0.055561  , 0.157815  , 0.0161235 ,
       0.04027075, 0.06866725, 0.041104  , 0.02358225, 0.0814295 ,
       0.111035  , 0.01545625, 0.171394  , 0.11149825, 0.0241855 ,
       0.159125  , 0.15354575, 0.02326675, 0.14054525, 0.0596545 ,
       0.0558225 , 0.17361   , 0.028954  , 0.0335075 , 0.0625585 ,
       0.01598925, 0.08180975, 0.092277  , 0.12675625, 0.03418075,
       0.123939  , 0.09258725, 0.01986   , 0.0909535 , 0.034709  ,
       0.19769675, 0.253905  , 0.15014625, 0.120136  , 0.02672625,
       0.0282985 , 0.15577625, 0.01825225, 0.04029025, 0.13697975,
       0.08906125, 0.02211575, 0.1252755 , 0.14037375]), 'locations': array([ 6, 15, 15,  8, 14, 15, 15, 15, 15,  6, 15, 15, 15, 15,  7, 15, 15,
       14, 15, 15,  7, 15, 15, 15, 15,  7,  6,  8,  6, 15, 15, 15,  6, 15,
       14, 15, 15, 15, 15, 15, 14, 15, 15,  7, 15, 15, 15, 14,  6, 15, 15,
       15,  6, 15, 15,  7,  7, 15,  6,  7, 15, 15, 15, 15, 15, 15,  6, 15,
       15, 15,  7, 15, 15, 15, 15, 15,  7,  6, 15,  7, 15,  6,  6, 14, 15,
        6, 15, 15, 15,  0, 15, 15,  8, 15, 14, 15,  6,  6, 15,  7, 15, 15,
       15, 15,  6, 15, 15, 15, 15, 14,  6, 15, 15,  7, 15, 15, 15, 15,  7,
       15, 15,  6, 15, 15, 15, 15, 14, 15, 15, 15, 14, 15, 15,  7, 15,  8,
       14, 14,  7, 15, 14,  6, 15, 15, 15,  7, 15, 15, 15, 14,  6, 15, 14,
        7,  7, 15, 15, 15, 15, 15, 15, 15, 15,  6, 15,  8,  8, 15,  6, 14,
       15, 15, 15, 15, 14, 14, 15, 14, 15, 15, 15, 15,  7,  6])}], 'clusters': array([2, 1, 1, ..., 1, 1, 2]), 'time': 60.453734397888184}
lenSubsequence: 10{'RI': 0.5024830850248309, 'num_clusters': 2, 'uShapelets': [{'ts_index': 210, 'loc': 14, 'gap': 0.20001812881775394, 'distances': array([0.497121 , 0.9557264, 0.8849342, ..., 0.8614234, 0.6835948,
       0.7529757]), 'delta_distances': array([0.1124738, 0.1367942, 0.1267296, ..., 0.147979 , 0.1046292,
       0.1320406]), 'locations': array([13,  3,  3, ...,  3,  3, 13])}], 'clusters': array([1, 0, 0, ..., 0, 0, 0]), 'time': 81.65900421142578}
