lenSubsequence: 5{'RI': 0.631077694235589, 'num_clusters': 8, 'uShapelets': [{'ts_index': 43, 'loc': 126, 'gap': 0.07478699847924736, 'distances': array([0.32318132, 0.12051056, 0.25567462, 0.1334314 , 0.37290347,
       0.09913435, 0.12743799, 0.23214105, 0.14845958, 0.16321716,
       0.19559946, 0.34395336, 0.19624283, 0.21673502, 0.11527075,
       0.17821441, 0.11572816, 0.21131928, 0.19409361, 0.11741805,
       0.36895281, 0.28298882, 0.18141933, 0.3182142 , 0.16378999,
       0.27871277, 0.33236265, 0.13969907, 0.34797119, 0.1875911 ,
       0.12953517, 0.18399705, 0.11729769, 0.28821391, 0.1437241 ,
       0.09982859, 0.0785128 , 0.14080845, 0.24697118, 0.3004722 ,
       0.14086399, 0.32294374, 0.29150171, 0.        , 0.10869465,
       0.26232743, 0.1586083 , 0.10503595, 0.21776424, 0.28227632,
       0.36105968, 0.27742417, 0.38238371, 0.38906691, 0.34486171,
       0.28161284, 0.13676343, 0.35496852, 0.3984631 , 0.30218146,
       0.26944342, 0.1907728 , 0.31402179, 0.1593279 , 0.08719046,
       0.21686592, 0.09768522, 0.28707077, 0.15615938, 0.38389077,
       0.22525605, 0.25022707, 0.36383708, 0.31774539, 0.27331158,
       0.29975715, 0.35145922, 0.24372151, 0.08371356, 0.16394248,
       0.08512142, 0.34589083, 0.32172268, 0.26873777, 0.19462733,
       0.09684591, 0.28962002, 0.23867518, 0.24315013, 0.34347536,
       0.29932891, 0.13752037, 0.25230859, 0.32717892, 0.34386993,
       0.07489203, 0.31934135, 0.33056256, 0.30389274, 0.16104836,
       0.16202571, 0.13990447, 0.19230406, 0.32912564, 0.36522202,
       0.38739634, 0.36400968, 0.23316187, 0.33715222, 0.27882157,
       0.18722408, 0.1896068 , 0.28368825, 0.04303551, 0.17615497,
       0.1790784 , 0.15438285, 0.09513446, 0.32197603, 0.02999156,
       0.39614781, 0.18035391, 0.08183467, 0.30477892, 0.28811733,
       0.33496866, 0.08223517, 0.2818717 , 0.28523017, 0.06639227,
       0.21370925, 0.32222014, 0.17736928, 0.36868273, 0.32876057,
       0.27657375, 0.1709559 , 0.37053701, 0.05450241, 0.15963818,
       0.12080444, 0.1712808 , 0.27506925, 0.18508183, 0.0938734 ,
       0.22098156, 0.16072168, 0.30962585, 0.06439316, 0.3136272 ,
       0.09313382, 0.35602424, 0.28202641, 0.21088689, 0.25442509,
       0.14536226, 0.28383878, 0.27028824, 0.22071073, 0.06842941,
       0.13456411, 0.10643289, 0.14134092, 0.08898477, 0.36114645,
       0.285424  , 0.06493894, 0.28057464, 0.36268633, 0.12419467,
       0.27694985, 0.25233899, 0.22709006, 0.25222114, 0.11567124,
       0.18701861, 0.18669051, 0.1721865 , 0.17327153, 0.32630931,
       0.11040531, 0.29319469, 0.13287509, 0.31155249, 0.08247196,
       0.20413918, 0.10140262, 0.27767013, 0.1826522 , 0.16633631,
       0.33194653, 0.24380714, 0.26191558, 0.32174345, 0.21405714,
       0.2783881 , 0.35546787, 0.06930238, 0.27857186, 0.10517962,
       0.25068354, 0.17748062, 0.1764008 , 0.0528619 , 0.18727941,
       0.13846552, 0.09479717, 0.266578  , 0.13853511, 0.10249832]), 'delta_distances': array([0., 0., 0., 0., 0., 0., 0., 0., 0., 0., 0., 0., 0., 0., 0., 0., 0.,
       0., 0., 0., 0., 0., 0., 0., 0., 0., 0., 0., 0., 0., 0., 0., 0., 0.,
       0., 0., 0., 0., 0., 0., 0., 0., 0., 0., 0., 0., 0., 0., 0., 0., 0.,
       0., 0., 0., 0., 0., 0., 0., 0., 0., 0., 0., 0., 0., 0., 0., 0., 0.,
       0., 0., 0., 0., 0., 0., 0., 0., 0., 0., 0., 0., 0., 0., 0., 0., 0.,
       0., 0., 0., 0., 0., 0., 0., 0., 0., 0., 0., 0., 0., 0., 0., 0., 0.,
       0., 0., 0., 0., 0., 0., 0., 0., 0., 0., 0., 0., 0., 0., 0., 0., 0.,
       0., 0., 0., 0., 0., 0., 0., 0., 0., 0., 0., 0., 0., 0., 0., 0., 0.,
       0., 0., 0., 0., 0., 0., 0., 0., 0., 0., 0., 0., 0., 0., 0., 0., 0.,
       0., 0., 0., 0., 0., 0., 0., 0., 0., 0., 0., 0., 0., 0., 0., 0., 0.,
       0., 0., 0., 0., 0., 0., 0., 0., 0., 0., 0., 0., 0., 0., 0., 0., 0.,
       0., 0., 0., 0., 0., 0., 0., 0., 0., 0., 0., 0., 0., 0., 0., 0., 0.,
       0., 0., 0., 0., 0., 0.]), 'locations': array([ 38,  40, 128,  86,  87,  37, 121,  49, 127,  10, 104,  37, 121,
        87,  10,  80,  53,  23,  10,  29,  79,  37,  79,   8, 101, 125,
        10,  84, 104, 100,  88,  81,  53,  60,  10,  37,  67,  60,  34,
         7,  23,  79, 124, 126, 126, 108, 113,  80,  31,  76,  84,  78,
       101,  55,  99,  43,  64,  26, 100, 127,  52,  27, 136,  63,  96,
       125,  23,  54, 123,  47,  81,  39,   7,  76, 123, 112,  12, 126,
       112,  35,   8,  77, 125,  50,   9,  10,  54,  47, 124,  54,  66,
        65,  60,  37,  40,  11,  80,  54,  95,  83,   0,  50,  36,   0,
        31,  54,  24, 125,  28, 128,  87, 124,  68, 125,  28,  38,  87,
       124,  35,  24,  32, 127,  22, 101,  60,   9,   9,  82, 122, 123,
       112,  80,  79,   9,  11,  64,  74,  93, 101,  47,  31,  60,   9,
       110,  51,  89,  38, 125, 113, 126,  78,  88,  87, 121,  47,  30,
       123,  45, 101,  77,  38, 125,  26,  36,  60,  92,  79,  45, 114,
         9,  51,  27,   7,  29,   7,  35,  84,  99, 126,  36,  98,  86,
       124,  79,  22,  50,  51, 125,  72,  31,   0,  68,  60,  95,  53,
         9,  88,  87,   5,  41,  48,  56,  13,  32,  57,  49,  44,   7,
        92,  38])}, {'ts_index': 55, 'loc': 3, 'gap': 0.07290350911144086, 'distances': array([0.24649759, 0.19765814, 0.18299824, 0.31044643, 0.23835542,
       0.29917054, 0.21555459, 0.26962824, 0.23425013, 0.29195321,
       0.30105054, 0.24353515, 0.33035872, 0.0819755 , 0.0963045 ,
       0.25343317, 0.19271983, 0.27986083, 0.31596735, 0.20520715,
       0.30525908, 0.29971326, 0.24450845, 0.        , 0.20654826,
       0.31427334, 0.27092199, 0.21184627, 0.25925121, 0.21860675,
       0.10149121, 0.27028619, 0.27621163, 0.24388487, 0.24078168,
       0.27985281, 0.29717562, 0.20220052, 0.11052542, 0.26598394,
       0.29937814, 0.27323597, 0.29411323, 0.25575381, 0.30504201,
       0.19046846, 0.24214219, 0.33544484, 0.27037669, 0.2741253 ,
       0.18904649, 0.31323793, 0.23792417, 0.25423299, 0.09478705,
       0.3001563 , 0.29651589, 0.25401411, 0.24216572, 0.28944223,
       0.35555054, 0.20676772, 0.23700005, 0.27336047, 0.13629703,
       0.33778222, 0.28511059, 0.13393992, 0.1386633 , 0.26891302,
       0.28430338, 0.17010255, 0.11500106, 0.21407203, 0.17265273,
       0.30495657, 0.25256139, 0.31722483, 0.24093778, 0.2943236 ,
       0.26866966, 0.09937879, 0.24034403, 0.28581206, 0.16761453,
       0.27214017, 0.30696191, 0.28837843, 0.24420001, 0.26363926,
       0.0977507 , 0.12991364, 0.05293177, 0.25659497, 0.25772277,
       0.28776829, 0.27945145, 0.26324024, 0.2830532 , 0.14417176]), 'delta_distances': array([0., 0., 0., 0., 0., 0., 0., 0., 0., 0., 0., 0., 0., 0., 0., 0., 0.,
       0., 0., 0., 0., 0., 0., 0., 0., 0., 0., 0., 0., 0., 0., 0., 0., 0.,
       0., 0., 0., 0., 0., 0., 0., 0., 0., 0., 0., 0., 0., 0., 0., 0., 0.,
       0., 0., 0., 0., 0., 0., 0., 0., 0., 0., 0., 0., 0., 0., 0., 0., 0.,
       0., 0., 0., 0., 0., 0., 0., 0., 0., 0., 0., 0., 0., 0., 0., 0., 0.,
       0., 0., 0., 0., 0., 0., 0., 0., 0., 0., 0., 0., 0., 0., 0.]), 'locations': array([ 97, 112, 100,  84, 115, 105,  19,  59, 117,  15, 130,  21,  73,
         6,  46, 121,  54, 132, 105,  18,   0,  48,  52,   3,   3,   9,
       113, 124, 106,  82,   4,  85,  90,  44, 134,  46,  78, 136, 121,
        18,  75, 116,  22, 130,   1,  91,  39,  59,  22,  25,  31, 114,
        79,  65,  35,  17,  72,  60,  24, 114,  90,  81,  23,  85,   3,
       130,  59,  75, 135,  24,  80, 118,  22,  23,  96,  11,  32, 134,
       116, 129,  96,   7,  58,   9,  82, 132, 118,  14,  22, 136, 121,
        21,  62,  81,   8, 118, 119,  65, 102,  94])}, {'ts_index': 167, 'loc': 126, 'gap': 0.07904829324378898, 'distances': array([0.35339644, 0.40906392, 0.32066769, 0.327587  , 0.31274666,
       0.30987629, 0.33830655, 0.30446855, 0.38089625, 0.38981057,
       0.32862495, 0.32303331, 0.36941725, 0.25286163, 0.33080599,
       0.3214909 , 0.31698824, 0.28049533, 0.31563385, 0.34061252,
       0.30915339, 0.33958245, 0.2559908 , 0.30180612, 0.25758446,
       0.22751108, 0.36204425, 0.26150732, 0.14328975, 0.3744436 ,
       0.37319543, 0.1423568 , 0.34066569, 0.41503842, 0.16497626,
       0.38504787, 0.17711289, 0.38457735, 0.31118832, 0.18813097,
       0.33251465, 0.27893909, 0.29064343, 0.25809079, 0.43456097,
       0.32261881, 0.19166418, 0.26933236, 0.28679516, 0.32464928,
       0.34907463, 0.40751792, 0.43852458, 0.40529135, 0.27899725,
       0.35520916, 0.12606004, 0.07703662, 0.17902749, 0.1499795 ,
       0.34951993, 0.29571919, 0.35293314, 0.25724789, 0.36409278,
       0.33768137, 0.33544139, 0.23742265, 0.32599481, 0.        ,
       0.27797077, 0.33901472, 0.16211077, 0.37944921, 0.35591303,
       0.34453018, 0.12659353, 0.2980156 , 0.3748185 , 0.32632325,
       0.420797  , 0.30360942]), 'delta_distances': array([0., 0., 0., 0., 0., 0., 0., 0., 0., 0., 0., 0., 0., 0., 0., 0., 0.,
       0., 0., 0., 0., 0., 0., 0., 0., 0., 0., 0., 0., 0., 0., 0., 0., 0.,
       0., 0., 0., 0., 0., 0., 0., 0., 0., 0., 0., 0., 0., 0., 0., 0., 0.,
       0., 0., 0., 0., 0., 0., 0., 0., 0., 0., 0., 0., 0., 0., 0., 0., 0.,
       0., 0., 0., 0., 0., 0., 0., 0., 0., 0., 0., 0., 0., 0.]), 'locations': array([  7,  38, 126,  36,  72, 125,  98, 127,  26,  48,  86,  34,  37,
        90,  67,  61,  38,  43,  61, 127,  33,  87,  28,  11,  60,  42,
        85,  61,   9,  28,  36,  39,  82,  11, 101,  36,  38,  78,  81,
        71,  11, 123,  91,   7,  26,  91,  85,  54,  13, 113,  32,  53,
        37,  34, 122, 102, 102,  65,   6, 100,  12,  26, 109,  39,   9,
        11, 122,  99,  24, 126,  53,  28,  11,  90, 127,  38, 129, 127,
        24,  10,   9, 125])}, {'ts_index': 103, 'loc': 11, 'gap': 0.08153120571036557, 'distances': array([0.24806169, 0.38222638, 0.15735109, 0.20490231, 0.1178649 ,
       0.29200377, 0.29491415, 0.34169148, 0.33209505, 0.24006311,
       0.36829364, 0.18128362, 0.1031657 , 0.34752086, 0.1210089 ,
       0.09438133, 0.30227442, 0.19525527, 0.39334898, 0.3936694 ,
       0.340021  , 0.17441581, 0.07864784, 0.23801036, 0.21042863,
       0.42068447, 0.12503422, 0.20405428, 0.3564847 , 0.12141847,
       0.15853113, 0.27159816, 0.34565119, 0.17635895, 0.05757082,
       0.16182351, 0.29582807, 0.35785383, 0.19590642, 0.31862984,
       0.        , 0.30878234, 0.1798349 , 0.26684301, 0.28987098,
       0.09800922, 0.2229958 , 0.38227205, 0.38100472, 0.08537764,
       0.27355302, 0.26995254, 0.35836461, 0.37295647, 0.40090487,
       0.35799055, 0.08886502, 0.17840515, 0.12974603, 0.20882346,
       0.16128869, 0.16700868, 0.33190312, 0.32737828, 0.23455736,
       0.33432576, 0.1855327 ]), 'delta_distances': array([0., 0., 0., 0., 0., 0., 0., 0., 0., 0., 0., 0., 0., 0., 0., 0., 0.,
       0., 0., 0., 0., 0., 0., 0., 0., 0., 0., 0., 0., 0., 0., 0., 0., 0.,
       0., 0., 0., 0., 0., 0., 0., 0., 0., 0., 0., 0., 0., 0., 0., 0., 0.,
       0., 0., 0., 0., 0., 0., 0., 0., 0., 0., 0., 0., 0., 0., 0., 0.]), 'locations': array([ 73, 123,  32, 125,  65,  79, 127,   8,  70,  46,  53,   7,  77,
        72,  86,  51,  84,  82,  11,  94, 121,  72, 126,  88,  35,  97,
         8,  41,  33, 123,  59,  89, 112,  10,  36,  72,  60,  40,  87,
        54,  11, 124,  56,  96,  95, 126,  38, 125,  32, 125,   9, 125,
         5,  14, 105,   9, 128,  33,   9,  11,  73,  60,  78,  47,  70,
       117,  38])}, {'ts_index': 198, 'loc': 35, 'gap': 0.07922420961106327, 'distances': array([0.29532169, 0.27545812, 0.1292907 , 0.31924617, 0.33253468,
       0.26219005, 0.32763009, 0.24636228, 0.32614067, 0.3421761 ,
       0.30217096, 0.28135919, 0.12839742, 0.19429453, 0.29297925,
       0.32013546, 0.32947816, 0.23725373, 0.33400083, 0.26269329,
       0.26527112, 0.28280815, 0.33391338, 0.14494007, 0.12625919,
       0.25882756, 0.29991044, 0.32413859, 0.18596932, 0.31100126,
       0.29494915, 0.        ]), 'delta_distances': array([0., 0., 0., 0., 0., 0., 0., 0., 0., 0., 0., 0., 0., 0., 0., 0., 0.,
       0., 0., 0., 0., 0., 0., 0., 0., 0., 0., 0., 0., 0., 0., 0.]), 'locations': array([ 18, 132,  24,  12, 114,  87,  83,  69,  58, 134,  61,  16,  64,
        55,  80,  38, 108, 130,  80,  35,  29, 133,  23,  48,  15,  45,
       131, 110,  98,  74, 120,  35])}, {'ts_index': 97, 'loc': 91, 'gap': 0.053752431395871936, 'distances': array([0.3737553 , 0.32829971, 0.33372529, 0.36347385, 0.35752228,
       0.17456772, 0.31481075, 0.26697477, 0.20476462, 0.3577088 ,
       0.24901988, 0.31078797, 0.35898013, 0.37573975, 0.        ,
       0.19462604, 0.37267629, 0.42976541, 0.36943936, 0.36749883,
       0.29276891, 0.40743332, 0.35815787, 0.31338548, 0.41729932]), 'delta_distances': array([0., 0., 0., 0., 0., 0., 0., 0., 0., 0., 0., 0., 0., 0., 0., 0., 0.,
       0., 0., 0., 0., 0., 0., 0., 0.]), 'locations': array([129, 125, 127,  30,   9, 126,  33, 125, 127, 124,  37,  89,   6,
       107,  91,  13,  77,  23,  35,  59,  39,  91,  11, 127,  95])}, {'ts_index': 108, 'loc': 8, 'gap': 0.04401624876446947, 'distances': array([0.0823949 , 0.07324835, 0.1176799 , 0.11601676, 0.07810719,
       0.1517405 , 0.10095741, 0.11736533, 0.22361234, 0.19755302,
       0.18695366, 0.        , 0.10696468, 0.15764529, 0.13210222,
       0.19936874, 0.15232428, 0.09907928, 0.11056455]), 'delta_distances': array([0., 0., 0., 0., 0., 0., 0., 0., 0., 0., 0., 0., 0., 0., 0., 0., 0.,
       0., 0.]), 'locations': array([138,  17, 131,  44,  28,  46,  24, 116,  18,  53,  22,   8,   0,
        43, 107, 114,  26,  34,  63])}, {'ts_index': 107, 'loc': 89, 'gap': 0.18001673100820453, 'distances': array([0.44427532, 0.26425859, 0.        , 0.44908863]), 'delta_distances': array([0., 0., 0., 0.]), 'locations': array([85, 91, 89, 14])}], 'clusters': array([4, 1, 7, 1, 4, 1, 1, 4, 1, 1, 1, 4, 1, 1, 1, 1, 1, 1, 1, 1, 7, 5,
       1, 7, 1, 7, 4, 1, 7, 1, 1, 1, 1, 4, 1, 1, 1, 1, 4, 2, 1, 2, 6, 1,
       1, 4, 1, 1, 1, 4, 7, 4, 6, 6, 7, 2, 1, 4, 4, 4, 4, 1, 3, 1, 1, 1,
       1, 6, 1, 2, 1, 4, 3, 4, 5, 3, 4, 4, 1, 1, 1, 2, 3, 5, 1, 1, 3, 7,
       4, 3, 4, 1, 4, 0, 8, 1, 4, 6, 3, 1, 1, 1, 1, 4, 6, 2, 4, 8, 7, 4,
       1, 1, 4, 1, 1, 1, 1, 1, 7, 1, 7, 1, 1, 3, 3, 2, 1, 3, 3, 1, 1, 2,
       1, 2, 4, 5, 1, 2, 1, 1, 1, 1, 2, 1, 1, 1, 1, 5, 1, 2, 1, 7, 0, 1,
       7, 1, 5, 3, 1, 1, 1, 1, 1, 1, 4, 2, 1, 3, 4, 1, 2, 4, 1, 3, 1, 1,
       1, 1, 1, 4, 1, 4, 1, 4, 1, 1, 1, 2, 1, 1, 2, 2, 3, 7, 1, 7, 4, 1,
       5, 1, 4, 1, 1, 1, 1, 1, 1, 2, 1, 1]), 'time': 921.9340620040894}
lenSubsequence: 6{'RI': 0.7883344725449989, 'num_clusters': 13, 'uShapelets': [{'ts_index': 132, 'loc': 60, 'gap': 0.052204001132593825, 'distances': array([0.32390181, 0.27748734, 0.26068299, 0.2633348 , 0.31722866,
       0.29982188, 0.29558247, 0.22511639, 0.29835157, 0.3674499 ,
       0.13816504, 0.36382642, 0.27623246, 0.32772359, 0.20305254,
       0.31171316, 0.24303767, 0.25283493, 0.26381784, 0.29500402,
       0.33499522, 0.32155634, 0.27790758, 0.32287844, 0.30066343,
       0.31862082, 0.21960993, 0.18328494, 0.23645514, 0.34790813,
       0.21984286, 0.29852644, 0.28852715, 0.22082229, 0.1854358 ,
       0.16472044, 0.26409898, 0.36038628, 0.23832803, 0.21992252,
       0.30060787, 0.31639115, 0.26741142, 0.2212765 , 0.15826044,
       0.32527815, 0.16338787, 0.22558008, 0.32417745, 0.32828401,
       0.28473766, 0.20717655, 0.35977606, 0.26877744, 0.3162601 ,
       0.30233638, 0.24329364, 0.22629143, 0.16879073, 0.30076979,
       0.17281904, 0.16428242, 0.26732537, 0.30327841, 0.16526191,
       0.28666486, 0.15613997, 0.27472701, 0.3632158 , 0.24824892,
       0.27102976, 0.16392408, 0.29344308, 0.31492927, 0.31400671,
       0.26539031, 0.21699696, 0.15512565, 0.18309024, 0.2584176 ,
       0.2745374 , 0.30610347, 0.31662111, 0.27403133, 0.29617175,
       0.2851072 , 0.19617069, 0.24080941, 0.36190058, 0.25704914,
       0.28214138, 0.29415094, 0.09722428, 0.21601815, 0.30614309,
       0.28653524, 0.35435494, 0.20244358, 0.2368379 , 0.28284503,
       0.27882763, 0.10729359, 0.12206232, 0.31211467, 0.2665867 ,
       0.34172994, 0.21666163, 0.10451522, 0.35069526, 0.26928205,
       0.20558951, 0.33432977, 0.14700161, 0.15840014, 0.2594369 ,
       0.25262487, 0.25558995, 0.36399078, 0.26200273, 0.3198717 ,
       0.17092904, 0.25739635, 0.30111728, 0.17578079, 0.32470954,
       0.30569516, 0.16667568, 0.33027898, 0.29983364, 0.3001731 ,
       0.34832309, 0.26879638, 0.        , 0.35584198, 0.19745749,
       0.26300295, 0.32287038, 0.14050813, 0.27107125, 0.32054961,
       0.3260346 , 0.31830183, 0.26404718, 0.37277984, 0.24524432,
       0.35703272, 0.3111729 , 0.26666299, 0.29346504, 0.34280034,
       0.3455396 , 0.25429808, 0.2619814 , 0.15604063, 0.29396975,
       0.17576707, 0.25580996, 0.17513749, 0.29962572, 0.24518004,
       0.29125807, 0.29506914, 0.24938464, 0.26768949, 0.2502938 ,
       0.22209349, 0.29016183, 0.32823204, 0.2285436 , 0.11614663,
       0.19469752, 0.3066284 , 0.29448118, 0.29188747, 0.19994488,
       0.24141935, 0.29467447, 0.3157428 , 0.22160124, 0.35507059,
       0.28878473, 0.13385336, 0.28484953, 0.22409052, 0.10024887,
       0.21371432, 0.24563235, 0.28995633, 0.35654148, 0.29915445,
       0.23902441, 0.3059571 , 0.32973628, 0.21220744, 0.33666795,
       0.34486573, 0.34976008, 0.23121937, 0.21914776, 0.19242578,
       0.35716776, 0.27593666, 0.32634118, 0.27800906, 0.38090328,
       0.19252367, 0.23867597, 0.13562637, 0.30927129, 0.18198209]), 'delta_distances': array([0., 0., 0., 0., 0., 0., 0., 0., 0., 0., 0., 0., 0., 0., 0., 0., 0.,
       0., 0., 0., 0., 0., 0., 0., 0., 0., 0., 0., 0., 0., 0., 0., 0., 0.,
       0., 0., 0., 0., 0., 0., 0., 0., 0., 0., 0., 0., 0., 0., 0., 0., 0.,
       0., 0., 0., 0., 0., 0., 0., 0., 0., 0., 0., 0., 0., 0., 0., 0., 0.,
       0., 0., 0., 0., 0., 0., 0., 0., 0., 0., 0., 0., 0., 0., 0., 0., 0.,
       0., 0., 0., 0., 0., 0., 0., 0., 0., 0., 0., 0., 0., 0., 0., 0., 0.,
       0., 0., 0., 0., 0., 0., 0., 0., 0., 0., 0., 0., 0., 0., 0., 0., 0.,
       0., 0., 0., 0., 0., 0., 0., 0., 0., 0., 0., 0., 0., 0., 0., 0., 0.,
       0., 0., 0., 0., 0., 0., 0., 0., 0., 0., 0., 0., 0., 0., 0., 0., 0.,
       0., 0., 0., 0., 0., 0., 0., 0., 0., 0., 0., 0., 0., 0., 0., 0., 0.,
       0., 0., 0., 0., 0., 0., 0., 0., 0., 0., 0., 0., 0., 0., 0., 0., 0.,
       0., 0., 0., 0., 0., 0., 0., 0., 0., 0., 0., 0., 0., 0., 0., 0., 0.,
       0., 0., 0., 0., 0., 0.]), 'locations': array([ 96,  51,  10, 115,  87,   7,  73,  43,  67, 137,  81,  63,  38,
        73,  96,  39,   6,   5,  70,  86,  79, 128,   9,  10,  82,  97,
        48,  76,  63,  48,  87,  48,  54, 100, 124,   7,  53,   7, 123,
        71, 128,  31,  72,  63, 125,  61,  84, 100, 119,  70,   7,  63,
       101, 127,  98,   9,  64,  33, 100,  57,  37,  63,   0,  37,  76,
        58,  48,  92, 105,  47,  11,  86, 118,  10,  33,  33,  96,  73,
       124,  63,  79, 122, 107,  30,  37,  35,  76, 123,   9,  38,  50,
        87,  37,  85,  56,  11,  82, 127, 122,  77, 126,  37, 126,  99,
        59,  62,   5,   7,  18,  48,  47,  57,  33,  76,  28, 102,  59,
       125, 123,   0,  69,  28, 111,   6, 124,   9,  84, 100,  28,  46,
        39, 125,  60,  71,   8, 124,  66, 125, 101,  98,  66,  99,  75,
         9, 127, 134, 126, 126,   5,  85, 125, 126,  63, 123, 132,   9,
        11,  36,  45,  38,  40,  33, 111,  43, 129,  33,   7,  96,  51,
        60,  51,  29,   5,  69,   7,  55,  65, 110,   3,  64,  73,  78,
         4, 110,   6, 123, 125,  65, 110,  37,  28,  10,  99, 125,  46,
       124,  35,  32, 124,  42, 119,  54, 123,  64,  97,  48, 100,   4,
       107, 111])}, {'ts_index': 165, 'loc': 77, 'gap': 0.05700261632709003, 'distances': array([0.34373178, 0.33336792, 0.29432714, 0.27534148, 0.22514309,
       0.33294224, 0.2833384 , 0.30413355, 0.30416021, 0.29554379,
       0.29238566, 0.3549398 , 0.27345929, 0.28645615, 0.34269565,
       0.15505456, 0.31320552, 0.33854871, 0.33257056, 0.33809559,
       0.13285731, 0.14158573, 0.33943838, 0.33114473, 0.33975121,
       0.31211774, 0.3623807 , 0.27718542, 0.20481394, 0.18057985,
       0.30696619, 0.31568537, 0.2989401 , 0.29028081, 0.32817989,
       0.28460761, 0.28482985, 0.29019467, 0.32589872, 0.31730261,
       0.32863554, 0.26765542, 0.1678682 , 0.32321645, 0.30401003,
       0.17217245, 0.14567227, 0.18433296, 0.34195762, 0.30527536,
       0.32879587, 0.22746817, 0.27971916, 0.19943767, 0.26899533,
       0.31430154, 0.31293541, 0.32897251, 0.30521475, 0.32760931,
       0.29568716, 0.30659388, 0.20799416, 0.35781487, 0.34113907,
       0.28745849, 0.30621471, 0.19599759, 0.29714031, 0.31813809,
       0.38123265, 0.30452197, 0.22013606, 0.32169995, 0.27348665,
       0.31964281, 0.2668281 , 0.30161066, 0.31180237, 0.30980339,
       0.34630233, 0.29388162, 0.23643725, 0.35119042, 0.25356138,
       0.28828209, 0.26680587, 0.33740404, 0.31766337, 0.36678906,
       0.34535563, 0.30413409, 0.29407795, 0.36065937, 0.29484731,
       0.33817314, 0.2800435 , 0.3180861 , 0.33896798, 0.25927718,
       0.33697339, 0.22243497, 0.3509661 , 0.18337539, 0.32555453,
       0.28306263, 0.12567841, 0.30026038, 0.25066888, 0.35397093,
       0.30171541, 0.35956398, 0.30147372, 0.31309687, 0.30010178,
       0.08241028, 0.33786133, 0.32100684, 0.32207875, 0.18813836,
       0.25638027, 0.15667253, 0.32834483, 0.31889208, 0.25924086,
       0.32850147, 0.33523547, 0.35023395, 0.32573547, 0.29719714,
       0.36264248, 0.26547296, 0.30105413, 0.29992675, 0.25297665,
       0.28133769, 0.        , 0.22318519, 0.2375786 , 0.20594839,
       0.3276558 , 0.25038822, 0.30544313, 0.15884936, 0.32398693,
       0.3340196 , 0.15743252, 0.30706184, 0.33006386, 0.33296126,
       0.27055748, 0.34403754, 0.28808001, 0.31460622, 0.29817681,
       0.31991073, 0.28580709, 0.22805223, 0.32626597, 0.34725988,
       0.29745009, 0.22957244, 0.31944813, 0.30774551, 0.28743193,
       0.3381715 , 0.32736997, 0.29422045, 0.34698679, 0.09333758,
       0.30995353, 0.30580676, 0.34283164]), 'delta_distances': array([0., 0., 0., 0., 0., 0., 0., 0., 0., 0., 0., 0., 0., 0., 0., 0., 0.,
       0., 0., 0., 0., 0., 0., 0., 0., 0., 0., 0., 0., 0., 0., 0., 0., 0.,
       0., 0., 0., 0., 0., 0., 0., 0., 0., 0., 0., 0., 0., 0., 0., 0., 0.,
       0., 0., 0., 0., 0., 0., 0., 0., 0., 0., 0., 0., 0., 0., 0., 0., 0.,
       0., 0., 0., 0., 0., 0., 0., 0., 0., 0., 0., 0., 0., 0., 0., 0., 0.,
       0., 0., 0., 0., 0., 0., 0., 0., 0., 0., 0., 0., 0., 0., 0., 0., 0.,
       0., 0., 0., 0., 0., 0., 0., 0., 0., 0., 0., 0., 0., 0., 0., 0., 0.,
       0., 0., 0., 0., 0., 0., 0., 0., 0., 0., 0., 0., 0., 0., 0., 0., 0.,
       0., 0., 0., 0., 0., 0., 0., 0., 0., 0., 0., 0., 0., 0., 0., 0., 0.,
       0., 0., 0., 0., 0., 0., 0., 0., 0., 0., 0., 0., 0., 0., 0., 0., 0.,
       0., 0., 0.]), 'locations': array([ 21,  77,  34,  75,   9,  37, 117,  49,  35,  10, 120,  98,  98,
         5, 121,  35,  97,  62,  89,   4,   6,  48,  45,  56,  46,  82,
        53, 101,  35,  87,  21,  49,  15,  23, 126,  33, 101,  98,  33,
        56,  11,  86, 123,  61,   9,   6, 125,  11, 107,  64, 124,  87,
       111, 115,  36,  39, 122,  59,  59,  35,  33,  60,  99,  75, 106,
       125, 126,  47,  85,  81,  27,   9, 106,  47,  31,  73,  74,  50,
        84,  53,  40,   8,  50,  74,  99,  37,  27,   9, 113,  58,  55,
        82,  10, 114,  38,  75,   2,  71, 111,  40,  22,  60,   8,  31,
        63,  38,   4,  77,  55,  98,   9, 106,   2,   9, 125,  59,  37,
         4,  23,  58,  50,  12, 113,  75,  30,  36, 126,  10, 122,  99,
        65,  78,   9,  25,  14, 128,  77,  30,  10,  95,  52,  45,  29,
        39,  35,  42, 125,  46,   5,  82,  29, 115, 126,  84, 125,  93,
        32,  33,  35, 135,  95,  75,  47, 124,  33,  99,  48,  55, 124,
        31,  86,  68,  51])}, {'ts_index': 125, 'loc': 9, 'gap': 0.04419608022439375, 'distances': array([0.20039836, 0.20187641, 0.2681108 , 0.20472701, 0.33773071,
       0.32479391, 0.29494236, 0.33206742, 0.36823459, 0.3461352 ,
       0.27107431, 0.29972655, 0.28518682, 0.31747858, 0.29613284,
       0.28416423, 0.30623468, 0.23653767, 0.31430727, 0.35258627,
       0.34485764, 0.1802825 , 0.16311962, 0.15507374, 0.33484682,
       0.25731905, 0.26517021, 0.30111183, 0.2629452 , 0.22264752,
       0.22733966, 0.31109008, 0.33615967, 0.28320744, 0.28985643,
       0.31261054, 0.33180278, 0.30380462, 0.32510159, 0.15480001,
       0.20816553, 0.18155311, 0.32203131, 0.29319869, 0.26654666,
       0.37357723, 0.30491346, 0.22609008, 0.2756935 , 0.34174194,
       0.30125096, 0.27012974, 0.28844221, 0.20883269, 0.28480469,
       0.33681824, 0.19252959, 0.31188445, 0.26470699, 0.2783386 ,
       0.30819485, 0.33797041, 0.34621503, 0.3362041 , 0.28422306,
       0.32689781, 0.33319346, 0.31993257, 0.25180546, 0.24173913,
       0.2228299 , 0.32324914, 0.29689648, 0.34151753, 0.31822494,
       0.30682653, 0.2329944 , 0.1236177 , 0.29951253, 0.16342637,
       0.3132284 , 0.3160034 , 0.26276615, 0.31419956, 0.3333545 ,
       0.        , 0.20586722, 0.29133855, 0.29588774, 0.34498005,
       0.22100467, 0.24967184, 0.19933776, 0.30776105, 0.28090361,
       0.26173927, 0.33604594, 0.36042076, 0.29084209, 0.15408845,
       0.24873146, 0.27759562, 0.36883844, 0.31856514, 0.32135527,
       0.18098168, 0.23263364, 0.34275876, 0.3337221 , 0.35094549,
       0.33591651, 0.32800922, 0.26251074, 0.31090954, 0.28088304,
       0.268293  , 0.29923317, 0.31818073, 0.30971134, 0.32820548,
       0.31221381, 0.33021683, 0.33000268, 0.31120194, 0.31173573,
       0.30741995, 0.25040119, 0.35660416, 0.34432105, 0.3033912 ,
       0.35428874, 0.23368684, 0.29900829, 0.34524453, 0.28240292,
       0.23012673, 0.32346751, 0.21236913, 0.11699274, 0.32124979,
       0.3042854 , 0.30343518, 0.33637421]), 'delta_distances': array([0., 0., 0., 0., 0., 0., 0., 0., 0., 0., 0., 0., 0., 0., 0., 0., 0.,
       0., 0., 0., 0., 0., 0., 0., 0., 0., 0., 0., 0., 0., 0., 0., 0., 0.,
       0., 0., 0., 0., 0., 0., 0., 0., 0., 0., 0., 0., 0., 0., 0., 0., 0.,
       0., 0., 0., 0., 0., 0., 0., 0., 0., 0., 0., 0., 0., 0., 0., 0., 0.,
       0., 0., 0., 0., 0., 0., 0., 0., 0., 0., 0., 0., 0., 0., 0., 0., 0.,
       0., 0., 0., 0., 0., 0., 0., 0., 0., 0., 0., 0., 0., 0., 0., 0., 0.,
       0., 0., 0., 0., 0., 0., 0., 0., 0., 0., 0., 0., 0., 0., 0., 0., 0.,
       0., 0., 0., 0., 0., 0., 0., 0., 0., 0., 0., 0., 0., 0., 0., 0., 0.,
       0., 0., 0., 0., 0., 0., 0.]), 'locations': array([ 96,  80,  53,  86,  36,  73,  81, 127, 126,  63,  38,  87,  87,
        30,  53,  10,  34, 124,  10,  13, 125,  10,   9, 128, 128,  50,
        68,  50,  51,  71,  51,  89,  34,  63,  49, 100, 104,  32,  41,
        58,  64,   8,  76,  74,  92,  50,  49,  80, 127,  76,  33, 123,
        36,   9,  36,  30,  37,  74,   9,   6,  50,  87, 106,  37,  84,
        87, 125,  31,  11,  32,  31,  62,   5,  53,  48,  47, 124,   3,
       124, 101,  87,  98,  74,  51,  77,   9,  88,  46, 125,  76, 123,
        77, 125, 125,  63,  66,   6,  89, 127, 126,  37, 127,  55, 112,
        49, 101, 125,  45,  37,  40,  82,  32,  36, 129,  96, 122, 128,
        73,  87,  65, 101,  95,  65,   4, 101, 123,  52,  39, 111, 125,
        10,  54,  62,  70, 101,  53,  33,  37,  54, 123, 125, 114,  91])}, {'ts_index': 175, 'loc': 9, 'gap': 0.03689149325803967, 'distances': array([0.29557042, 0.27873572, 0.25510776, 0.29300348, 0.28648869,
       0.1936247 , 0.23578614, 0.28675782, 0.28056382, 0.21365543,
       0.26282473, 0.3042882 , 0.29562929, 0.32417001, 0.31461784,
       0.23166101, 0.18786971, 0.25553733, 0.30722984, 0.31798434,
       0.35709463, 0.32871947, 0.25475539, 0.29336825, 0.28068219,
       0.27951258, 0.3205186 , 0.27505138, 0.33358296, 0.1781947 ,
       0.33038575, 0.24844881, 0.28075355, 0.27003983, 0.29412915,
       0.31405788, 0.33139108, 0.23356072, 0.3050395 , 0.37213409,
       0.13141728, 0.19921185, 0.19870721, 0.28155053, 0.23107304,
       0.29393076, 0.30793451, 0.25462539, 0.16837303, 0.21247396,
       0.34019499, 0.20481279, 0.27619453, 0.27959114, 0.29406409,
       0.27436334, 0.32105339, 0.2660361 , 0.32903998, 0.32528971,
       0.24858003, 0.28402864, 0.26992187, 0.14684601, 0.30648217,
       0.30944285, 0.19500343, 0.29911059, 0.19682734, 0.24783707,
       0.22821784, 0.33610281, 0.32258731, 0.24914281, 0.23594573,
       0.32724   , 0.29856337, 0.37424615, 0.26335552, 0.3408062 ,
       0.25984983, 0.19067729, 0.16583434, 0.36069138, 0.29488353,
       0.29583256, 0.16504834, 0.29091132, 0.24278282, 0.16428511,
       0.16261217, 0.24654348, 0.21842728, 0.28974982, 0.25460563,
       0.        , 0.22974869, 0.23454252, 0.28481707, 0.19902938,
       0.20391691, 0.36264531, 0.28449068, 0.24479616, 0.35741604,
       0.31286817, 0.39173854, 0.34918853, 0.37266444, 0.15342308,
       0.2751229 , 0.27869917, 0.23731129, 0.32890518, 0.34613709,
       0.2810529 , 0.17341179, 0.28321769]), 'delta_distances': array([0., 0., 0., 0., 0., 0., 0., 0., 0., 0., 0., 0., 0., 0., 0., 0., 0.,
       0., 0., 0., 0., 0., 0., 0., 0., 0., 0., 0., 0., 0., 0., 0., 0., 0.,
       0., 0., 0., 0., 0., 0., 0., 0., 0., 0., 0., 0., 0., 0., 0., 0., 0.,
       0., 0., 0., 0., 0., 0., 0., 0., 0., 0., 0., 0., 0., 0., 0., 0., 0.,
       0., 0., 0., 0., 0., 0., 0., 0., 0., 0., 0., 0., 0., 0., 0., 0., 0.,
       0., 0., 0., 0., 0., 0., 0., 0., 0., 0., 0., 0., 0., 0., 0., 0., 0.,
       0., 0., 0., 0., 0., 0., 0., 0., 0., 0., 0., 0., 0., 0., 0., 0.]), 'locations': array([ 30, 129,   9,   7, 126,  10, 119,  98,  49,   5,  83,  97,  60,
        48,  76,  97, 101,  62,  21,  61,  86,  85, 126,  77,  63,  56,
        11,  77,  39,  33, 127, 127,  59, 122,  81,  68,  38,  60,  81,
       123, 125, 124,  71, 123,  40,  31,   3, 101,  45,  84,  56,  40,
         9,  83,   0,  37,   8, 113, 115,  36,  49,  59,  38,   8,  83,
       111,  37,  22, 123,  97,   8,  64, 102,  47,  59, 126, 125, 120,
       113, 106, 125,  36, 126,  12,  98,  77,   6,   9,  25,  45, 128,
        45,  49,   8,  97,   9,  10,  46,  59,  48,  53, 115,  73,  84,
         7,  87,  91, 103,  97,  78,  47,  10, 101,  63, 124,   9, 102,
        92])}, {'ts_index': 179, 'loc': 17, 'gap': 0.03604099128120841, 'distances': array([0.24381373, 0.1574652 , 0.22204829, 0.23286987, 0.23819053,
       0.17911202, 0.20685316, 0.25368294, 0.10729553, 0.21382627,
       0.15815295, 0.23331403, 0.20312463, 0.24327334, 0.23355239,
       0.28076621, 0.12995408, 0.25518277, 0.23818598, 0.2313601 ,
       0.24726051, 0.27467331, 0.26120998, 0.23671624, 0.27150693,
       0.27004171, 0.23385908, 0.22978896, 0.25693637, 0.17860718,
       0.27886795, 0.26407792, 0.21364512, 0.17963278, 0.12497877,
       0.10242248, 0.25521716, 0.22209069, 0.21739568, 0.20782827,
       0.18833352, 0.11000172, 0.24317319, 0.24757219, 0.18809667,
       0.22464683, 0.23718219, 0.21854446, 0.17218311, 0.21159902,
       0.24680203, 0.11323264, 0.21416077, 0.27424424, 0.25936234,
       0.21403425, 0.16188655, 0.23304082, 0.17983971, 0.2221035 ,
       0.1934153 , 0.23172439, 0.2036776 , 0.27273486, 0.20262872,
       0.2390302 , 0.26304059, 0.14130122, 0.1820442 , 0.21654828,
       0.17791795, 0.15214075, 0.24465401, 0.0944999 , 0.26499992,
       0.17953274, 0.13865514, 0.14922555, 0.1183536 , 0.20286239,
       0.11773407, 0.        , 0.24900594, 0.22931226, 0.19560577,
       0.2214937 , 0.11412093, 0.16347939, 0.14838915, 0.22855817,
       0.15756036, 0.1783339 , 0.19933326, 0.27501837, 0.18414519,
       0.22527399, 0.16802751]), 'delta_distances': array([0., 0., 0., 0., 0., 0., 0., 0., 0., 0., 0., 0., 0., 0., 0., 0., 0.,
       0., 0., 0., 0., 0., 0., 0., 0., 0., 0., 0., 0., 0., 0., 0., 0., 0.,
       0., 0., 0., 0., 0., 0., 0., 0., 0., 0., 0., 0., 0., 0., 0., 0., 0.,
       0., 0., 0., 0., 0., 0., 0., 0., 0., 0., 0., 0., 0., 0., 0., 0., 0.,
       0., 0., 0., 0., 0., 0., 0., 0., 0., 0., 0., 0., 0., 0., 0., 0., 0.,
       0., 0., 0., 0., 0., 0., 0., 0., 0., 0., 0., 0.]), 'locations': array([109,  96,   7,  14,  74,  42,  63,  36, 109,  64,  19,  43, 113,
        19,  70,  86, 105,  53, 137, 121, 134,  34, 136, 116,  18,  43,
        40,  38,  60,  28, 110,  94, 137,  16,  72,  20, 117, 110,  70,
       115, 104, 113,  34,  48, 117,  69,  62, 129,  43,  92,   8,  83,
        13, 118,  15,   4, 112,  43, 103, 128, 105, 132, 121,  63,  23,
       115,   1,  11,  66,  60,  18,  76,  80,  41, 136, 117,  60,  11,
       131,  88, 132,  17,  81,  45, 132,  18,  16,  18,  88,  46, 123,
        84,  22, 109,  21,  81, 118])}, {'ts_index': 119, 'loc': 7, 'gap': 0.04898343804318664, 'distances': array([0.18961875, 0.3380209 , 0.29512495, 0.29517019, 0.33348958,
       0.33837508, 0.32778746, 0.3293931 , 0.10780412, 0.21400959,
       0.30854091, 0.28502556, 0.2389435 , 0.31713992, 0.24860085,
       0.08437605, 0.27635377, 0.25147946, 0.23976214, 0.21313628,
       0.28846333, 0.28870999, 0.29815616, 0.33349056, 0.29088604,
       0.17371473, 0.18431877, 0.25347688, 0.34807173, 0.28249883,
       0.22491753, 0.31964722, 0.329205  , 0.33613896, 0.3090397 ,
       0.30098653, 0.15204679, 0.24616062, 0.25016722, 0.12131991,
       0.28264691, 0.30656477, 0.34463813, 0.26220763, 0.34092273,
       0.30233656, 0.30134684, 0.28593507, 0.34328675, 0.        ,
       0.25992422, 0.33717881, 0.22799861, 0.35255422, 0.25285528,
       0.12692603, 0.27993924, 0.35926506, 0.20348711, 0.24756974,
       0.32349754, 0.3282184 , 0.30257262, 0.26180049, 0.12094898,
       0.31015023, 0.27309611, 0.3565112 , 0.26109786, 0.30898784,
       0.28080108, 0.27936881, 0.30809664, 0.33350821, 0.27467845,
       0.28981206, 0.35715946, 0.30565285, 0.2717105 ]), 'delta_distances': array([0., 0., 0., 0., 0., 0., 0., 0., 0., 0., 0., 0., 0., 0., 0., 0., 0.,
       0., 0., 0., 0., 0., 0., 0., 0., 0., 0., 0., 0., 0., 0., 0., 0., 0.,
       0., 0., 0., 0., 0., 0., 0., 0., 0., 0., 0., 0., 0., 0., 0., 0., 0.,
       0., 0., 0., 0., 0., 0., 0., 0., 0., 0., 0., 0., 0., 0., 0., 0., 0.,
       0., 0., 0., 0., 0., 0., 0., 0., 0., 0., 0.]), 'locations': array([127,  11,  55,  49,  63,  38,  87,  30,  52,  70,  86,  37,   8,
        44,   7,  67,  78, 109,  88,  72,  63,  61,  48, 110,  98,  58,
        38,  92, 103,   7,  11,  96,  35,  81,  98,  86, 126, 125, 125,
        30,  11, 100,  23,  37,  95,  47, 124,  72, 123,   7, 127,   0,
        76, 124,  95,  49,  57,  69,  89,  22,  41,  55,  11,  95,  26,
        96,  84, 125, 123,   7,   9,  57,  99,  81, 125,   9, 123,  97,
        10])}, {'ts_index': 67, 'loc': 84, 'gap': 0.04503130692946683, 'distances': array([0.3186615 , 0.31163236, 0.28485303, 0.26044009, 0.22546209,
       0.14513916, 0.24226966, 0.29625524, 0.30396816, 0.31862986,
       0.06378614, 0.28889322, 0.20674541, 0.27369281, 0.25873692,
       0.22103365, 0.30211596, 0.22812349, 0.31637401, 0.25798054,
       0.        , 0.29882368, 0.24290891, 0.30095764, 0.30694478,
       0.35985747, 0.33440591, 0.17720699, 0.28596699, 0.28460936,
       0.28099877, 0.19456658, 0.31019501, 0.3485982 , 0.3123219 ,
       0.24650296, 0.28468137, 0.14910714, 0.3637427 , 0.32519953,
       0.2804102 , 0.30562036, 0.18545062, 0.2591797 , 0.28807872,
       0.30415528, 0.26409926, 0.33965438, 0.31218195, 0.27076426,
       0.25383329, 0.31811381, 0.28631618, 0.27975192, 0.25078879,
       0.16062708, 0.15606289, 0.23673969, 0.26786027, 0.24476031,
       0.15185701, 0.31485955, 0.33084186, 0.24143553]), 'delta_distances': array([0., 0., 0., 0., 0., 0., 0., 0., 0., 0., 0., 0., 0., 0., 0., 0., 0.,
       0., 0., 0., 0., 0., 0., 0., 0., 0., 0., 0., 0., 0., 0., 0., 0., 0.,
       0., 0., 0., 0., 0., 0., 0., 0., 0., 0., 0., 0., 0., 0., 0., 0., 0.,
       0., 0., 0., 0., 0., 0., 0., 0., 0., 0., 0., 0., 0.]), 'locations': array([ 11,  81, 128, 118,  52,  51,  28,   8, 111,  74, 125,  60,  97,
         8,   9, 125,  49, 125,  86,  98,  84,  46, 126,  48,  10,  61,
        98,  92, 101, 125,  30,  54,  62,  64, 117, 125,  27, 124,  57,
         0,   0,  77,   3, 124,   6, 109, 126,  99,  66,  48, 126,  81,
        64,  49,  52,  84,  31, 100,  95,  86,  11,  32, 125,  10])}, {'ts_index': 8, 'loc': 115, 'gap': 0.05086713371728693, 'distances': array([0.28717263, 0.27551493, 0.        , 0.14022019, 0.29100056,
       0.26708326, 0.22858589, 0.29864958, 0.31026357, 0.2932772 ,
       0.26142525, 0.26439648, 0.30338217, 0.17888772, 0.28352087,
       0.27961219, 0.28024003, 0.17034927, 0.29631854, 0.08399665,
       0.28680403, 0.31352878, 0.17688135, 0.29207765, 0.25928479,
       0.20730766, 0.27875418, 0.22409122, 0.27833401, 0.2899735 ,
       0.27515482, 0.26513729, 0.29286727, 0.27896845, 0.17135723,
       0.22765365, 0.16455243, 0.31237455, 0.30484757, 0.29752787,
       0.26660657, 0.16946802, 0.21150966, 0.27224488, 0.24324074,
       0.27362267, 0.18947097, 0.30793936, 0.25602516, 0.11708991,
       0.17239447, 0.24573323]), 'delta_distances': array([0., 0., 0., 0., 0., 0., 0., 0., 0., 0., 0., 0., 0., 0., 0., 0., 0.,
       0., 0., 0., 0., 0., 0., 0., 0., 0., 0., 0., 0., 0., 0., 0., 0., 0.,
       0., 0., 0., 0., 0., 0., 0., 0., 0., 0., 0., 0., 0., 0., 0., 0., 0.,
       0.]), 'locations': array([ 87, 117, 115,  13,  15, 110,  70,  16, 132, 127,  82,  67, 135,
        64,  59,  50, 128,  40,  63,  60, 102, 132,  57,  69,  39, 128,
        93,  25,  35,  53,  51,  67,  93, 133,  13,  12,  84,  61, 129,
        13,  92, 128,  69, 111,  35,  69,  29,  80,  61,  33, 127,  71])}, {'ts_index': 45, 'loc': 0, 'gap': 0.034188000351375314, 'distances': array([0.25674077, 0.26991864, 0.12062326, 0.23033951, 0.20958679,
       0.21095081, 0.22850839, 0.16889939, 0.21965715, 0.24459456,
       0.        , 0.18774743, 0.25224099, 0.20613669, 0.15411329,
       0.07639197, 0.12755816, 0.17795107, 0.17962702, 0.20730911,
       0.15144607, 0.18748461, 0.24503682, 0.2047939 , 0.19659487,
       0.23550662, 0.0883204 , 0.20850953, 0.22986432, 0.22401964,
       0.20904725, 0.22168079, 0.21584776, 0.20755406, 0.25061087,
       0.25866949, 0.20247446, 0.23914129, 0.19640356, 0.22932762]), 'delta_distances': array([0., 0., 0., 0., 0., 0., 0., 0., 0., 0., 0., 0., 0., 0., 0., 0., 0.,
       0., 0., 0., 0., 0., 0., 0., 0., 0., 0., 0., 0., 0., 0., 0., 0., 0.,
       0., 0., 0., 0., 0., 0.]), 'locations': array([ 80,  16,  21, 112,  25,  88,  72, 111, 116, 120,   0,  37,  28,
        82,   8, 118, 123,  24,  75, 135,  17,  84,   0, 117,  20,   2,
         2,   4, 105, 119,  71, 107,  64,  29,  84, 132,  23,   5,  91,
        26])}, {'ts_index': 122, 'loc': 22, 'gap': 0.05708129168751436, 'distances': array([0.21312797, 0.31792483, 0.19019416, 0.30767809, 0.11891544,
       0.30572972, 0.30404688, 0.30299513, 0.2515021 , 0.27491079,
       0.2656607 , 0.30655692, 0.17156406, 0.30859272, 0.36258446,
       0.22616501, 0.33517787, 0.21791155, 0.        , 0.31295495,
       0.13891136, 0.34157087, 0.31338742, 0.34208383, 0.25587085,
       0.30311986, 0.34070158, 0.28254009, 0.17128891, 0.32940792,
       0.29476016, 0.32490951]), 'delta_distances': array([0., 0., 0., 0., 0., 0., 0., 0., 0., 0., 0., 0., 0., 0., 0., 0., 0.,
       0., 0., 0., 0., 0., 0., 0., 0., 0., 0., 0., 0., 0., 0., 0.]), 'locations': array([  9,  54,   2,  89,  76,  97,  77,  98, 104,  10,  59,  37,  52,
         9, 115,  29,  59,  83,  22, 120, 126,  32, 125,  78,   9,  10,
        92,  73,  84,  50, 101,  52])}, {'ts_index': 196, 'loc': 2, 'gap': 0.03484007133074257, 'distances': array([0.22241379, 0.16155271, 0.2561939 , 0.20991353, 0.12143216,
       0.23077744, 0.20240505, 0.1317205 , 0.21342592, 0.23612624,
       0.20158256, 0.24772015, 0.26834004, 0.22187163, 0.23176715,
       0.23544777, 0.25184085, 0.19752088, 0.15600311, 0.18805267,
       0.14381167, 0.10172026, 0.        , 0.24044046, 0.19502844]), 'delta_distances': array([0., 0., 0., 0., 0., 0., 0., 0., 0., 0., 0., 0., 0., 0., 0., 0., 0.,
       0., 0., 0., 0., 0., 0., 0., 0.]), 'locations': array([ 27,  16,  35,  22,   7,  30,  21,  23, 114,  15,  15, 119,   4,
        81, 100,   2,  49, 106,  27,  53,   2,  20,   2,  27,   4])}, {'ts_index': 97, 'loc': 53, 'gap': 0.037859597590312016, 'distances': array([0.19232   , 0.19280887, 0.14609919, 0.18100227, 0.27425806,
       0.1902758 , 0.        , 0.27641553, 0.25165724, 0.21638876,
       0.17461764, 0.1965842 , 0.17153412, 0.21878207, 0.16093569,
       0.28634798, 0.18849396, 0.14796504, 0.19407919]), 'delta_distances': array([0., 0., 0., 0., 0., 0., 0., 0., 0., 0., 0., 0., 0., 0., 0., 0., 0.,
       0., 0.]), 'locations': array([ 77, 121, 125,   2, 109,  23,  53,  36,  18,   3, 119,  56,  33,
        68,  39,  18,  85,  64, 120])}, {'ts_index': 108, 'loc': 5, 'gap': 0.045067175813549354, 'distances': array([0.24053674, 0.19546957, 0.        , 0.24327476]), 'delta_distances': array([0., 0., 0., 0.]), 'locations': array([  7, 112,   5,  17])}], 'clusters': array([ 3,  3,  6,  3,  2,  5, 10, 12,  8,  4,  1,  8,  9,  7,  5, 10,  2,
        6,  6, 12, 10,  2,  2, 12,  4,  7,  3,  1,  3,  3,  2,  2,  5,  9,
        1,  1,  6,  7, 12,  3,  3, 11,  6,  7,  1,  9,  1,  8,  2,  0,  4,
        2,  2,  2, 12,  3,  3,  2,  1,  3,  1,  1,  2,  6,  1,  6,  1,  7,
       11,  8,  3,  1,  6,  5,  2,  5,  9,  1,  1,  4,  3,  2,  4,  4,  3,
        8,  1,  2,  9,  9,  7,  5,  1,  4,  6,  8,  4, 12,  2,  6, 10,  1,
        1,  7,  3, 13,  9,  1, 13,  5, 12, 12,  1,  1,  3,  7,  3,  4, 12,
        6,  1,  4, 10,  1,  2,  3,  1,  2,  3,  4,  2,  9,  1,  6,  3, 12,
        3,  1,  7,  6,  8,  2, 10,  6,  8,  2,  3,  2,  5, 12, 12,  4,  4,
        1,  3,  1,  0,  1,  5, 11,  4,  5,  6,  4,  4,  2,  2,  8,  2,  1,
        1,  5,  5,  5,  2,  4, 12,  2,  5,  5,  4,  1,  4, 11,  1, 11, 10,
        7,  5,  7,  2,  5,  8,  4,  2,  5, 11, 12,  7,  1,  3,  3,  8,  2,
        8,  1,  4,  1, 12,  1]), 'time': 1888.0475451946259}
lenSubsequence: 7{'RI': 0.7660514923672819, 'num_clusters': 9, 'uShapelets': [{'ts_index': 117, 'loc': 8, 'gap': 0.02979898680708637, 'distances': array([0.26363553, 0.29889677, 0.22329673, 0.21767175, 0.25373436,
       0.25824263, 0.29906213, 0.20668015, 0.28531973, 0.30405863,
       0.30120753, 0.22959016, 0.24460418, 0.23938201, 0.31327453,
       0.2760444 , 0.26710045, 0.18156111, 0.31962112, 0.25185842,
       0.31300547, 0.31613614, 0.30497228, 0.27747096, 0.27942204,
       0.25445465, 0.28424163, 0.15225926, 0.34326522, 0.23580542,
       0.30646796, 0.25213627, 0.19011979, 0.30142167, 0.23232608,
       0.31117879, 0.22128416, 0.23503158, 0.2902161 , 0.31029483,
       0.24331102, 0.21156611, 0.18163757, 0.20031741, 0.16559124,
       0.21981679, 0.28798952, 0.25825025, 0.22215137, 0.2565708 ,
       0.23424573, 0.20892126, 0.28191159, 0.2829452 , 0.30264506,
       0.20269678, 0.14669501, 0.29508236, 0.30202888, 0.26822038,
       0.26664648, 0.30715889, 0.23969393, 0.23749325, 0.31264465,
       0.24180844, 0.11285161, 0.29605777, 0.29762691, 0.28804013,
       0.26938323, 0.22057484, 0.24575457, 0.21613638, 0.20959242,
       0.3204801 , 0.30562956, 0.2292557 , 0.14799606, 0.26597884,
       0.15094339, 0.31707201, 0.1774023 , 0.23867986, 0.2454336 ,
       0.22778107, 0.16765041, 0.23680529, 0.25585248, 0.20112915,
       0.10884464, 0.26088947, 0.30855794, 0.23234221, 0.24881446,
       0.21701357, 0.29892622, 0.24262729, 0.21601848, 0.18442397,
       0.26767862, 0.2609054 , 0.22303156, 0.30481405, 0.29082091,
       0.2608151 , 0.29547851, 0.27653782, 0.29355477, 0.27610708,
       0.23797086, 0.21220615, 0.2903431 , 0.18403711, 0.22796481,
       0.14779461, 0.26982353, 0.        , 0.26849623, 0.26402646,
       0.22928903, 0.14732611, 0.28677531, 0.27195445, 0.23221213,
       0.31610816, 0.26647703, 0.30220694, 0.26250713, 0.21784764,
       0.29098201, 0.31346225, 0.1789075 , 0.23136624, 0.28634498,
       0.22471218, 0.22220085, 0.30199506, 0.17912588, 0.1949703 ,
       0.11035755, 0.27054811, 0.24898899, 0.27933309, 0.18980067,
       0.2827705 , 0.25888699, 0.25115403, 0.312969  , 0.21425246,
       0.26915747, 0.20129831, 0.29322784, 0.12769364, 0.19915866,
       0.26767484, 0.29882173, 0.24993844, 0.29876679, 0.28449587,
       0.26015099, 0.19188333, 0.29166592, 0.26086699, 0.30503302,
       0.27415695, 0.22296685, 0.21239543, 0.1487763 , 0.23822141,
       0.29865964, 0.25727026, 0.19302076, 0.19265986, 0.19277542,
       0.21244002, 0.2303377 , 0.28121932, 0.25633853, 0.14106222,
       0.27657367, 0.28836682, 0.28041002, 0.27557728, 0.23054293,
       0.26947801, 0.2499215 , 0.30546444, 0.31425509, 0.28529771,
       0.27061424, 0.3073808 , 0.24797544, 0.30886417, 0.22593254,
       0.20773123, 0.20788364, 0.24083596, 0.25996338, 0.17928719,
       0.26441841, 0.24216745, 0.32253522, 0.31448075, 0.18517091,
       0.2442115 , 0.2161285 , 0.12249646, 0.25866478, 0.24635725]), 'delta_distances': array([0., 0., 0., 0., 0., 0., 0., 0., 0., 0., 0., 0., 0., 0., 0., 0., 0.,
       0., 0., 0., 0., 0., 0., 0., 0., 0., 0., 0., 0., 0., 0., 0., 0., 0.,
       0., 0., 0., 0., 0., 0., 0., 0., 0., 0., 0., 0., 0., 0., 0., 0., 0.,
       0., 0., 0., 0., 0., 0., 0., 0., 0., 0., 0., 0., 0., 0., 0., 0., 0.,
       0., 0., 0., 0., 0., 0., 0., 0., 0., 0., 0., 0., 0., 0., 0., 0., 0.,
       0., 0., 0., 0., 0., 0., 0., 0., 0., 0., 0., 0., 0., 0., 0., 0., 0.,
       0., 0., 0., 0., 0., 0., 0., 0., 0., 0., 0., 0., 0., 0., 0., 0., 0.,
       0., 0., 0., 0., 0., 0., 0., 0., 0., 0., 0., 0., 0., 0., 0., 0., 0.,
       0., 0., 0., 0., 0., 0., 0., 0., 0., 0., 0., 0., 0., 0., 0., 0., 0.,
       0., 0., 0., 0., 0., 0., 0., 0., 0., 0., 0., 0., 0., 0., 0., 0., 0.,
       0., 0., 0., 0., 0., 0., 0., 0., 0., 0., 0., 0., 0., 0., 0., 0., 0.,
       0., 0., 0., 0., 0., 0., 0., 0., 0., 0., 0., 0., 0., 0., 0., 0., 0.,
       0., 0., 0., 0., 0., 0.]), 'locations': array([ 96,  28, 127,  88,  36,  36,  36, 107, 111,  32,  51,  31,  38,
        98, 100,   2, 127,  83,  24,  48,  76,   6,  99,  97,  12,  62,
        61,  77, 122, 127,  57,  95,  37,  49,   0, 123,  79,  72,  65,
        61,  99, 124,  72,  32, 125,  60, 123,  87,   8, 110, 122, 124,
       125,  99,  84,  58, 113,  36,   6,  86,  35,  35,   1, 127,  81,
        49,  48, 122,  59,  59,  10,  97,  38,  60, 124,  75,  48,  56,
       124, 124, 124,  95,  85,  81,  37,  10,  47, 123,   9,  31,  34,
       101,  95, 106, 127,  84,  99,  81,  66, 123,  99,  36,   5, 120,
       108,  85, 113,  73,  95,  48,  47, 124, 126,  35,   9,  60,  75,
         8,  57,   2,  59,  79,  36, 101,  74, 100,  96, 122,  31,  53,
       128,  74,  78,  76,  11, 120,  39,  97,  95,   2,  66,  49,   6,
       125,  35,  38,  44,  85,  21, 102, 112,  94,  46, 121, 124,  31,
        38,  64,  53,  91,  98,   9,  97, 124,   7,   8,  30,  50,  51,
         9, 107,  27,   5,  51, 123,  35,  84, 122,   3,  46,  73,  11,
        92,  31, 126,  73,  51,  84,   8,  36,  33,  82,  97,   0,  51,
        45,  35,  32, 124,  81, 118, 124,  54,  61,  86,  36, 123, 126,
        91,  63])}, {'ts_index': 162, 'loc': 37, 'gap': 0.027847912522549173, 'distances': array([0.23012917, 0.17729037, 0.21314985, 0.18488543, 0.21652991,
       0.26514837, 0.24134977, 0.22602823, 0.2206124 , 0.23025618,
       0.16436364, 0.22527333, 0.25005271, 0.17626339, 0.17700172,
       0.18514524, 0.18520821, 0.15970378, 0.23047581, 0.16663159,
       0.12723996, 0.23652975, 0.18185794, 0.18759583, 0.20243026,
       0.2384592 , 0.21280618, 0.19752801, 0.20385131, 0.19535598,
       0.08502763, 0.14672187, 0.15945983, 0.2119532 , 0.16413679,
       0.21486666, 0.20276671, 0.22423864, 0.20363092, 0.22337604,
       0.18086238, 0.2261713 , 0.19325453, 0.24202665, 0.19377522,
       0.16355602, 0.20678139, 0.1463065 , 0.21753877, 0.16024438,
       0.18634273, 0.20350214, 0.18744345, 0.14778608, 0.10662891,
       0.11476188, 0.17748808, 0.17293468, 0.23869071, 0.22804074,
       0.19849316, 0.21394871, 0.21136391, 0.11843237, 0.22201208,
       0.21742694, 0.22839667, 0.21950109, 0.19140534, 0.21449008,
       0.22667534, 0.22216181, 0.24809491, 0.11135173, 0.19349167,
       0.19716911, 0.20478315, 0.16686075, 0.19787506, 0.18768462,
       0.11625933, 0.16685393, 0.2329877 , 0.10901135, 0.21871756,
       0.10026697, 0.16713687, 0.19927784, 0.20388026, 0.07981665,
       0.12860277, 0.22785621, 0.15442882, 0.23062994, 0.13037478,
       0.24623181, 0.1468926 , 0.18795674, 0.19748992, 0.18847682,
       0.15537435, 0.23039414, 0.1966761 , 0.14705362, 0.17254736,
       0.16134193, 0.16356049, 0.17927488, 0.19943411, 0.20747978,
       0.21192984, 0.17156975, 0.21659034, 0.15322118, 0.24451537,
       0.14055826, 0.17399557, 0.20298054, 0.24410862, 0.14681285,
       0.16769248, 0.16987144, 0.25408712, 0.22305004, 0.15521267,
       0.10946845, 0.21076874, 0.13406917, 0.16155714, 0.21757289,
       0.11957677, 0.16738836, 0.1247448 , 0.        , 0.21827191,
       0.21699022, 0.221095  , 0.20391808, 0.22097892, 0.2189297 ,
       0.21328158, 0.18851722, 0.20006139, 0.22045063, 0.16566139,
       0.20339476, 0.22226216, 0.18850249, 0.21860342, 0.23663857,
       0.23797751, 0.13950747, 0.26791031, 0.21868579, 0.13648312,
       0.18066954, 0.21671617, 0.14013546, 0.25240275, 0.18775986,
       0.21584075, 0.2167038 , 0.19933337, 0.18738852, 0.21067837,
       0.12765021, 0.09658863, 0.21609576, 0.20029556, 0.19844675,
       0.21096391, 0.18846957, 0.19343658]), 'delta_distances': array([0., 0., 0., 0., 0., 0., 0., 0., 0., 0., 0., 0., 0., 0., 0., 0., 0.,
       0., 0., 0., 0., 0., 0., 0., 0., 0., 0., 0., 0., 0., 0., 0., 0., 0.,
       0., 0., 0., 0., 0., 0., 0., 0., 0., 0., 0., 0., 0., 0., 0., 0., 0.,
       0., 0., 0., 0., 0., 0., 0., 0., 0., 0., 0., 0., 0., 0., 0., 0., 0.,
       0., 0., 0., 0., 0., 0., 0., 0., 0., 0., 0., 0., 0., 0., 0., 0., 0.,
       0., 0., 0., 0., 0., 0., 0., 0., 0., 0., 0., 0., 0., 0., 0., 0., 0.,
       0., 0., 0., 0., 0., 0., 0., 0., 0., 0., 0., 0., 0., 0., 0., 0., 0.,
       0., 0., 0., 0., 0., 0., 0., 0., 0., 0., 0., 0., 0., 0., 0., 0., 0.,
       0., 0., 0., 0., 0., 0., 0., 0., 0., 0., 0., 0., 0., 0., 0., 0., 0.,
       0., 0., 0., 0., 0., 0., 0., 0., 0., 0., 0., 0., 0., 0., 0., 0., 0.,
       0., 0., 0.]), 'locations': array([ 45,  23,  33,  67,  13,   6,   8,  47,  35, 115,  75,  97,  97,
         0,  98,  98,   3,  58,  89,  75,   1, 118, 121,  10,  86,  24,
        76, 125,  98,  81,  99,  23, 120, 123, 109, 117,  84,  98, 122,
        59,  32, 124, 113,  30,  21, 122, 100,  26,  33, 133, 120,   6,
       123,  35,  16,  19,  81, 123,  61,   4, 122,  61,  43,  55,  27,
       125, 119, 124,  48,   3,  45, 117,  60, 121,   4,  58,   6,   7,
        72,  35,  95,  74,  48,  83,  91,   5, 109, 120, 122, 125,  52,
         8,  17,  78,   4,   8,  32,  57,  49, 101,   3,  81, 109, 126,
        81,  29,  60,  29, 121,  45,  69,   8,  24, 124, 101, 123,  96,
       119,  61,  87,  24, 119,  80,  21,  74,   9,  43,   3,  29,   1,
        72, 122,  37,  37,  35,  34, 124, 121, 123,  59,  26,  70,   0,
       121, 119, 120,   7,  79,   8,  24,  32, 113,  59,  24, 125,  85,
       110, 126,   4,   9,   4, 110,  99,  10,   1,   3, 123,  81,  19,
         5,  98, 121,  23])}, {'ts_index': 91, 'loc': 38, 'gap': 0.0255852746955898, 'distances': array([0.2656073 , 0.22487592, 0.22660892, 0.21530732, 0.2105115 ,
       0.16076938, 0.22892333, 0.26100936, 0.26081019, 0.28376916,
       0.25068982, 0.18446248, 0.27182776, 0.23880187, 0.23969941,
       0.27032916, 0.17247961, 0.26581777, 0.2551817 , 0.22762126,
       0.26044714, 0.18150015, 0.2333898 , 0.22619329, 0.258906  ,
       0.21417227, 0.17759271, 0.27808359, 0.22741536, 0.17475144,
       0.22206283, 0.27427628, 0.25406002, 0.23137552, 0.25704434,
       0.20095995, 0.21673824, 0.2330846 , 0.18275995, 0.24533045,
       0.21242454, 0.22239329, 0.30253653, 0.22427805, 0.2369798 ,
       0.28163008, 0.26870926, 0.21960626, 0.13210958, 0.20005822,
       0.19154423, 0.27607464, 0.08690091, 0.25141345, 0.26378584,
       0.28863363, 0.2708798 , 0.13543156, 0.26694264, 0.22191468,
       0.24595329, 0.17927309, 0.17700332, 0.23789074, 0.239351  ,
       0.16115985, 0.177624  , 0.        , 0.26791825, 0.23569894,
       0.28123198, 0.19661474, 0.26722741, 0.11277879, 0.25582387,
       0.27911362, 0.24524686, 0.13820096, 0.26804554, 0.22908559,
       0.14085195, 0.25091503, 0.24857839, 0.23911187, 0.25224704,
       0.24174144, 0.14829964, 0.2194685 , 0.21888105, 0.23860711,
       0.2151172 , 0.1874483 , 0.24857877, 0.19236982, 0.20983481,
       0.20751584, 0.25203756, 0.17970384, 0.21245178, 0.14672533,
       0.18163262, 0.17269578, 0.26183803, 0.17104169, 0.26287312,
       0.25244312, 0.23875946, 0.24198116, 0.24953998, 0.17664055,
       0.14667243, 0.20202667, 0.24563185, 0.27576912, 0.21678433,
       0.26888822, 0.28683277, 0.23543365, 0.24065489, 0.14480678,
       0.21247409, 0.23222846, 0.24895023, 0.24251223, 0.20668836,
       0.14903152, 0.17321295, 0.20918147, 0.26379235, 0.1688759 ,
       0.18201913, 0.13107554, 0.18116971, 0.25158942, 0.27159858,
       0.25060523, 0.26441385, 0.2136057 , 0.18691508, 0.25400052,
       0.22742578, 0.25900984, 0.20301216]), 'delta_distances': array([0., 0., 0., 0., 0., 0., 0., 0., 0., 0., 0., 0., 0., 0., 0., 0., 0.,
       0., 0., 0., 0., 0., 0., 0., 0., 0., 0., 0., 0., 0., 0., 0., 0., 0.,
       0., 0., 0., 0., 0., 0., 0., 0., 0., 0., 0., 0., 0., 0., 0., 0., 0.,
       0., 0., 0., 0., 0., 0., 0., 0., 0., 0., 0., 0., 0., 0., 0., 0., 0.,
       0., 0., 0., 0., 0., 0., 0., 0., 0., 0., 0., 0., 0., 0., 0., 0., 0.,
       0., 0., 0., 0., 0., 0., 0., 0., 0., 0., 0., 0., 0., 0., 0., 0., 0.,
       0., 0., 0., 0., 0., 0., 0., 0., 0., 0., 0., 0., 0., 0., 0., 0., 0.,
       0., 0., 0., 0., 0., 0., 0., 0., 0., 0., 0., 0., 0., 0., 0., 0., 0.,
       0., 0., 0., 0., 0., 0., 0.]), 'locations': array([110,  91,  87,  26, 102,  68,  39,  82, 123,  94,  84,  66,  37,
        62,  56, 130,  89,  50, 126,  12,  52,  90,  58, 127, 126,  78,
        15,  94,  88, 128,  11,  64,  39,  77,  24, 102, 125, 106, 104,
        92,  38,  80,  90,  38, 100, 136,  34,  69, 129,  40,  82,  53,
       104,  93, 126,  68,  44,  94,  42,  54, 132,  65,  50,  55,  38,
       127,  42,  38, 128,  60,  13,  91,  92,  13, 115, 110, 125, 127,
       102, 130, 126,  94,  53,  37, 129,  63, 115, 103,  35,  73,  73,
       107, 101, 132,  91,  51,  80,  63,  78,  99,  12,  53,  36, 129,
       128, 129, 132,  17,  60,  97, 117, 106,  64, 106, 100,  43,  42,
       126,  86, 127,  51,  80,  13,  15,  12,  37,  17,  72,  14,  55,
       101,  38,  62,  48,  16,  87,  39, 103,  65, 128, 107,  14, 113])}, {'ts_index': 70, 'loc': 8, 'gap': 0.03866159028724725, 'distances': array([0.18670961, 0.2917642 , 0.30215308, 0.30615792, 0.29285079,
       0.13470631, 0.2904325 , 0.32110617, 0.25952216, 0.31834962,
       0.28944018, 0.2090517 , 0.24935672, 0.26475815, 0.23131699,
       0.30247871, 0.27354001, 0.18507219, 0.16899034, 0.32457154,
       0.30134353, 0.33444437, 0.26812833, 0.23932077, 0.2978799 ,
       0.14354795, 0.27233759, 0.15625954, 0.17272798, 0.27243782,
       0.22563209, 0.29205356, 0.21945467, 0.18883946, 0.16944732,
       0.28487108, 0.30369702, 0.17273775, 0.26206108, 0.21855994,
       0.22677631, 0.27898252, 0.26756259, 0.22717352, 0.24644376,
       0.        , 0.16228243, 0.3062043 , 0.30934175, 0.2448524 ,
       0.13233909, 0.28760945, 0.27919159, 0.23174969, 0.15667348,
       0.27169926, 0.14700152, 0.23476517, 0.22169458, 0.28476275,
       0.21388882, 0.33389013, 0.32291992, 0.25732142, 0.21911462,
       0.3208554 , 0.22422605, 0.33291734, 0.30043305, 0.12503953,
       0.25217755, 0.27525955, 0.21879746, 0.27199132, 0.21901622,
       0.29589392, 0.31207056, 0.28280838, 0.24591796, 0.32316558,
       0.15649857, 0.28446271, 0.25238163, 0.23845337, 0.22888388,
       0.23204732, 0.26754378, 0.33958863, 0.33016594, 0.2509474 ,
       0.28676563, 0.34419792, 0.18680789, 0.25249117, 0.17455308,
       0.30544987, 0.27231965, 0.19867201, 0.3261876 , 0.30624836,
       0.26007015, 0.2794018 , 0.25027309, 0.18803607, 0.22435998,
       0.23841973, 0.20882272, 0.24996007]), 'delta_distances': array([0., 0., 0., 0., 0., 0., 0., 0., 0., 0., 0., 0., 0., 0., 0., 0., 0.,
       0., 0., 0., 0., 0., 0., 0., 0., 0., 0., 0., 0., 0., 0., 0., 0., 0.,
       0., 0., 0., 0., 0., 0., 0., 0., 0., 0., 0., 0., 0., 0., 0., 0., 0.,
       0., 0., 0., 0., 0., 0., 0., 0., 0., 0., 0., 0., 0., 0., 0., 0., 0.,
       0., 0., 0., 0., 0., 0., 0., 0., 0., 0., 0., 0., 0., 0., 0., 0., 0.,
       0., 0., 0., 0., 0., 0., 0., 0., 0., 0., 0., 0., 0., 0., 0., 0., 0.,
       0., 0., 0., 0., 0., 0.]), 'locations': array([ 73,  79,  38,  88,  87,  36,  54, 128,  10, 123,  91, 128,   5,
        11,  70,  29, 109,   9,  82, 125,   9,  53, 125,   9,  35,  50,
        79,  85, 126,  88,  61, 124,   9,  61,   7, 102,  10,  84,  33,
        53,  87,  96,  88,  62,  97,   8,  76,  35,  64, 123,   4,  99,
       125,  95,  45,  37,  87,   8,  35,  32, 123,  87, 127,  28,  59,
       104,  23,  69,  29,   9,  62, 120,  28, 123,  97,  71,  35,  75,
       126,  80,  63,   9,  29,  37,  93,  31,  82,  35, 100,  52,  55,
       132,  46,  66, 125,  36, 125, 125,  30,  45, 124,  37,   2, 123,
        89, 124,  79,  52])}, {'ts_index': 167, 'loc': 14, 'gap': 0.02197622820273243, 'distances': array([0.20884383, 0.15680224, 0.13422683, 0.23184488, 0.20802529,
       0.21888723, 0.21569748, 0.14959718, 0.12609729, 0.24032445,
       0.20961477, 0.2348522 , 0.2128822 , 0.17886975, 0.19935548,
       0.1869489 , 0.17286132, 0.24658935, 0.11550495, 0.18572723,
       0.17863954, 0.20713763, 0.22555617, 0.18113569, 0.18727372,
       0.16414304, 0.1796607 , 0.2122189 , 0.16092936, 0.14045029,
       0.08235351, 0.12221567, 0.20653991, 0.22673362, 0.16261744,
       0.20653989, 0.15145307, 0.21947874, 0.16579148, 0.23334152,
       0.19356441, 0.20962262, 0.22753936, 0.20479778, 0.25809096,
       0.22854377, 0.12592244, 0.188296  , 0.20720337, 0.18720334,
       0.21370987, 0.21375826, 0.15370661, 0.20158772, 0.21779372,
       0.12634699, 0.19165993, 0.11985835, 0.21215141, 0.19793542,
       0.20889178, 0.23926151, 0.18782401, 0.19110992, 0.1439634 ,
       0.22732587, 0.19628708, 0.21494453, 0.19872748, 0.        ,
       0.22841347, 0.20303838, 0.18293459, 0.19140925, 0.20071486,
       0.19784181, 0.1750131 , 0.19530568, 0.21141824, 0.24446188,
       0.15987944, 0.20105359, 0.17858301, 0.21025155, 0.12532957,
       0.21483841, 0.22003649, 0.1679074 ]), 'delta_distances': array([0., 0., 0., 0., 0., 0., 0., 0., 0., 0., 0., 0., 0., 0., 0., 0., 0.,
       0., 0., 0., 0., 0., 0., 0., 0., 0., 0., 0., 0., 0., 0., 0., 0., 0.,
       0., 0., 0., 0., 0., 0., 0., 0., 0., 0., 0., 0., 0., 0., 0., 0., 0.,
       0., 0., 0., 0., 0., 0., 0., 0., 0., 0., 0., 0., 0., 0., 0., 0., 0.,
       0., 0., 0., 0., 0., 0., 0., 0., 0., 0., 0., 0., 0., 0., 0., 0., 0.,
       0., 0., 0.]), 'locations': array([ 60, 130, 130, 111,  73, 134,  39, 119,  68,  77,  13,  14,  55,
         1, 133, 128,  56, 128, 130,  18,  90,  10,  59, 130,  65,  53,
        16,  18, 102, 108, 130,  15,  55,  27, 115,  41,  18,  88,  25,
         8, 133,  12,  47,  43,  70,  18,   7, 129,  91,  80,  58,  83,
        90, 136, 114, 129,  13,  14,  69, 136,  80,  90,  80,  20,  60,
       108,  22, 108,  97,  14,  52,  80,  42,  46,  17, 134, 112,  54,
       114,  63, 129,  15,  65,  89,  92,  90, 109, 114])}, {'ts_index': 84, 'loc': 6, 'gap': 0.020443742466729586, 'distances': array([0.21342222, 0.16160546, 0.16015114, 0.17749751, 0.22495742,
       0.17402353, 0.25607477, 0.21192059, 0.17077346, 0.17327358,
       0.18968076, 0.1773735 , 0.14140245, 0.19315782, 0.12614648,
       0.20017004, 0.21343038, 0.22517205, 0.21007242, 0.22079091,
       0.15977931, 0.2333307 , 0.16512118, 0.18083557, 0.22396862,
       0.17083592, 0.1822085 , 0.16962989, 0.11202773, 0.18566664,
       0.        , 0.19446874, 0.21365487, 0.20195572, 0.20246984,
       0.1816477 , 0.211138  , 0.20002759, 0.11754436, 0.20802413,
       0.17400245, 0.2013096 , 0.1904469 , 0.17227917, 0.14294511,
       0.20081812, 0.17458208, 0.20468071, 0.2046883 , 0.1803721 ,
       0.10160241, 0.12926085, 0.21544962, 0.11802921, 0.1339564 ,
       0.14369855, 0.22679199, 0.22708545, 0.1844773 , 0.15758052,
       0.20297537, 0.22095768, 0.13819951, 0.17141196, 0.09706058,
       0.17723451, 0.17745829, 0.12543682, 0.1765784 , 0.17093794,
       0.20032457, 0.24483968]), 'delta_distances': array([0., 0., 0., 0., 0., 0., 0., 0., 0., 0., 0., 0., 0., 0., 0., 0., 0.,
       0., 0., 0., 0., 0., 0., 0., 0., 0., 0., 0., 0., 0., 0., 0., 0., 0.,
       0., 0., 0., 0., 0., 0., 0., 0., 0., 0., 0., 0., 0., 0., 0., 0., 0.,
       0., 0., 0., 0., 0., 0., 0., 0., 0., 0., 0., 0., 0., 0., 0., 0., 0.,
       0., 0., 0., 0.]), 'locations': array([  0,   8,  34,  96, 117,  22, 119,  51,  47,   2,   7,  28,  55,
       103,   4,  41,  20, 117,  22, 116,   5,  29,   9, 118,   9,  32,
       120, 119,  94, 103,   6,  58,  91,  14,  47,  29, 112,  99,   6,
        64, 102,  36, 119,   4, 103, 124,  96,  83,  29,  27, 122,   5,
        83,   3,  34, 121,  60,  73,  91, 111,  80, 110, 124, 122, 121,
        38, 121,  29, 109,  49,  61, 125])}, {'ts_index': 116, 'loc': 57, 'gap': 0.019364010032891482, 'distances': array([0.20517882, 0.15619787, 0.16672293, 0.17821979, 0.19637174,
       0.1797148 , 0.21158364, 0.19519035, 0.17850261, 0.21605825,
       0.09796291, 0.18563542, 0.16638082, 0.1495347 , 0.19531045,
       0.18538607, 0.16504875, 0.12617696, 0.20066916, 0.15506177,
       0.20439513, 0.19645338, 0.18935948, 0.19886682, 0.17115552,
       0.20762081, 0.19014108, 0.16304092, 0.20067603, 0.17698855,
       0.19312755, 0.15567508, 0.20326737, 0.17372579, 0.        ,
       0.20402558, 0.20480665, 0.10613581, 0.1860321 , 0.17822646,
       0.14780985, 0.13721495, 0.20679458, 0.22031787, 0.19963904,
       0.12726339, 0.18307012, 0.13539428, 0.15974205, 0.10460321,
       0.21063044, 0.17345318, 0.11671284, 0.12781911, 0.1951922 ,
       0.13478009, 0.20131224, 0.15829916]), 'delta_distances': array([0., 0., 0., 0., 0., 0., 0., 0., 0., 0., 0., 0., 0., 0., 0., 0., 0.,
       0., 0., 0., 0., 0., 0., 0., 0., 0., 0., 0., 0., 0., 0., 0., 0., 0.,
       0., 0., 0., 0., 0., 0., 0., 0., 0., 0., 0., 0., 0., 0., 0., 0., 0.,
       0., 0., 0., 0., 0., 0., 0.]), 'locations': array([ 33,   4,  78,   5,  24,  47,  66,   1,  15,   7, 120,   3,  29,
       118,  19,  96,  53,  94,  86,  62,  60,  34,   7,  26,  48,  26,
        21,  38, 125,  46, 107,  71,   6,  35,  57, 116, 124,   8,  21,
        20,  59, 106, 115, 100, 135,  29,  19,  54,  24,  52, 114,  82,
        68,   8,  29,   1,  85,  21])}, {'ts_index': 209, 'loc': 35, 'gap': 0.024861966427289134, 'distances': array([0.17935594, 0.16828712, 0.10307934, 0.21718588, 0.2716619 ,
       0.11722356, 0.1534246 , 0.1727019 , 0.09610875, 0.10167597,
       0.217611  , 0.13393449, 0.17168375, 0.19673088, 0.18842253,
       0.13508146, 0.10996038, 0.18393475, 0.21035979, 0.18519824,
       0.15218095, 0.1160049 , 0.15448192, 0.13481161, 0.11510249,
       0.15745843, 0.18196351, 0.11010375, 0.17881075, 0.13538192,
       0.20837918, 0.11116396, 0.22953695, 0.17228819, 0.19830565,
       0.24170332, 0.13418035, 0.24502459, 0.21795094, 0.15005103,
       0.15796789, 0.15305414, 0.16959214, 0.21524293, 0.14848541,
       0.1741666 , 0.        ]), 'delta_distances': array([0., 0., 0., 0., 0., 0., 0., 0., 0., 0., 0., 0., 0., 0., 0., 0., 0.,
       0., 0., 0., 0., 0., 0., 0., 0., 0., 0., 0., 0., 0., 0., 0., 0., 0.,
       0., 0., 0., 0., 0., 0., 0., 0., 0., 0., 0., 0., 0.]), 'locations': array([ 39,  20,  77, 110,  19,  20,  26,  24,  84, 119,   9, 118,  37,
        97, 118, 121, 115,  82, 133, 103,  25, 118,   1,  66,   8,  49,
       121,  39,  71,  73,  58, 101,   1,  19,  86, 113, 119,  42,  66,
        85, 134,  54,   5, 136,   4, 124,  35])}], 'clusters': array([4, 8, 5, 5, 8, 3, 4, 8, 0, 0, 5, 3, 5, 8, 8, 8, 3, 1, 8, 8, 7, 2,
       4, 3, 4, 0, 6, 1, 8, 3, 5, 6, 1, 2, 2, 3, 8, 4, 8, 4, 4, 8, 1, 1,
       1, 8, 7, 3, 8, 4, 4, 8, 8, 2, 4, 1, 1, 8, 5, 5, 3, 2, 2, 2, 5, 8,
       1, 8, 3, 8, 4, 4, 2, 8, 3, 5, 6, 4, 1, 3, 1, 3, 1, 8, 6, 2, 1, 3,
       3, 1, 1, 3, 8, 4, 8, 2, 4, 8, 2, 1, 3, 2, 8, 8, 8, 2, 2, 3, 5, 8,
       2, 3, 2, 1, 6, 1, 7, 1, 0, 8, 5, 1, 3, 2, 7, 4, 8, 5, 3, 6, 5, 0,
       1, 8, 2, 7, 2, 3, 1, 1, 1, 0, 3, 2, 1, 3, 3, 0, 3, 6, 2, 1, 4, 1,
       1, 2, 5, 6, 2, 8, 2, 1, 2, 3, 3, 6, 6, 5, 1, 6, 7, 8, 1, 1, 1, 7,
       8, 3, 4, 1, 7, 4, 8, 6, 3, 2, 3, 0, 2, 6, 3, 2, 3, 3, 3, 7, 7, 6,
       8, 1, 2, 2, 4, 3, 1, 5, 7, 1, 8, 8]), 'time': 1839.1716797351837}
