lenSubsequence: 11{'RI': 0.5646231155778895, 'num_clusters': 2, 'uShapelets': [{'ts_index': 67, 'loc': 89, 'gap': 1.9784533586982742, 'distances': array([5.42028336, 2.72241627, 5.71999773, 3.75776145, 1.18083718,
       3.94113864, 3.18263936, 2.79705173, 3.123614  , 5.56948918,
       5.83814927, 6.09532364, 5.61708682, 5.58957673, 5.57702082,
       5.80124691, 5.30450773, 6.09868127, 1.43960745, 2.28431673,
       5.24394209, 4.80910482, 5.71675609, 4.70643827, 3.44429882,
       5.700928  , 4.852633  , 5.83886318, 4.77267882, 4.86587045,
       5.56485673, 2.74124209, 4.51028227, 3.60348945, 1.69775909,
       5.55177864, 4.79198691, 2.39846491, 3.90353209, 5.63011464,
       6.34218273, 6.48934164, 4.66336927, 6.43871409, 5.87963691,
       3.44735809, 1.12220082, 5.18148336, 5.55278755, 5.49012418,
       3.54290582, 4.51136118, 3.64665745, 1.15609436, 4.69757   ,
       2.06650045, 4.60100427, 4.36539373, 6.12452236, 5.993707  ,
       5.74940591, 2.02092691, 4.88094418, 3.448602  , 6.24475636,
       1.88744573, 3.78240109, 0.        , 4.17287945, 1.24594418,
       0.96854845, 3.29290482, 6.52131909, 6.421725  , 1.72052536,
       4.02413545, 4.05915218, 6.35846364, 6.35824173, 4.02329909,
       5.37100691, 2.14757273, 5.86798227, 1.64728127, 3.95670955,
       3.98700355, 5.98332618, 1.41813191, 1.51678291, 1.84691418,
       5.73550645, 1.82698109, 1.49964491, 3.479451  , 5.343388  ,
       5.797131  , 3.44912873, 3.097023  , 4.67833418, 4.71509818,
       1.22648527, 3.66247709, 5.73605864, 5.41342927, 1.585437  ,
       6.78704773, 5.846436  , 2.12464582, 1.10369273, 5.61662455,
       4.44510918, 5.44022727, 4.98952318, 6.25276491, 4.84560855,
       2.10989145, 6.16350418, 4.38120509, 6.36664264, 6.38909136,
       4.78385918, 6.16387655, 5.92008109, 4.00689064, 1.38568564,
       4.10772782, 5.82854173, 5.98367545, 3.72081236, 5.87344418,
       1.33267055, 1.37505782, 5.29135618, 7.03447164, 3.06878273,
       1.66660327, 1.73026473, 4.19022491, 1.40177264, 1.94550973,
       5.69409209, 5.52550455, 5.99688809, 5.49278518, 4.70251736,
       1.66492764, 5.22504318, 4.99076891, 5.613975  , 5.34861473,
       5.80994045, 5.91702455, 2.45371582, 1.04944664, 5.97335882,
       4.19010936, 3.76164273, 3.98632136, 5.18653018, 1.02214636,
       4.90578127, 3.30553755, 5.65251691, 6.16466691, 6.345014  ,
       4.39007818, 2.80645109, 0.91565282, 4.22071427, 6.13651427,
       4.83366709, 5.41734264, 5.07642809, 0.96878855, 5.27109927,
       5.47217218, 1.37033227, 1.77190164, 5.45306791, 6.66090827,
       0.85445264, 5.722285  , 2.72996682, 5.96239209, 5.68519255,
       4.98360418, 5.73220236, 1.44159709, 3.17175127, 3.61406173,
       5.54972764, 6.03915609, 5.65348091, 1.31616173, 5.39348636,
       2.18479873, 3.25448664, 6.66849345, 1.12668627, 3.57806836]), 'delta_distances': array([6.76820491, 4.06422873, 5.71462418, 4.31899545, 2.619926  ,
       6.40469673, 5.32498582, 3.54669327, 5.19039782, 6.57654891,
       7.12606836, 5.77244345, 5.73365236, 5.79871236, 5.736844  ,
       6.36642109, 7.49690873, 6.12556745, 3.44419218, 4.84327364,
       6.69404982, 6.03624291, 7.11144909, 6.48314673, 5.37534564,
       6.74216982, 5.42785418, 6.86100873, 6.21453145, 6.09369145,
       7.16039236, 4.65699855, 7.20949782, 4.511474  , 4.21862491,
       8.05416218, 5.06934018, 3.97719964, 5.481374  , 6.28187927,
       5.78196091, 5.72612927, 6.19911691, 8.76586727, 5.030228  ,
       6.46251545, 2.61193036, 7.53362218, 8.48474218, 6.26130309,
       4.23632964, 6.77142182, 6.34314055, 2.92882582, 7.41404527,
       4.45178055, 5.88806545, 6.30082236, 6.26232727, 7.35309709,
       7.05463527, 3.95096345, 7.30309655, 5.04894182, 7.60604927,
       3.79571218, 4.81659491, 0.        , 5.82635764, 3.70353418,
       2.22152655, 4.44204255, 7.01704818, 5.99747782, 3.86674836,
       5.01524618, 5.22857545, 8.54845473, 7.05247455, 5.92696   ,
       7.40197909, 4.67944782, 6.59040345, 3.34399109, 5.93903655,
       7.00407273, 6.39538564, 3.94689527, 3.02351855, 3.92404473,
       6.00649727, 4.56149236, 2.97179564, 4.70331109, 6.55457364,
       7.42116436, 4.75295145, 4.26908964, 6.30130255, 5.75786036,
       3.56556655, 4.07832945, 6.03785418, 7.198794  , 3.84562891,
       5.820894  , 7.13533927, 4.54499491, 2.36946818, 8.49991291,
       6.32985818, 5.89117055, 6.21284127, 7.11613109, 6.15104782,
       4.20674091, 5.64819618, 6.11546018, 6.63963691, 7.39281855,
       8.05719891, 6.35734418, 9.09216945, 6.554162  , 3.16816255,
       5.64377527, 5.79339655, 7.72918691, 5.77979327, 6.71275673,
       2.51052945, 3.25250655, 6.93622218, 5.81242018, 5.095614  ,
       4.26567818, 3.70566709, 5.66758509, 3.39967491, 5.30884018,
       8.59912745, 6.97810109, 8.03255655, 5.24859818, 7.35801455,
       3.66163545, 6.35373109, 7.87498782, 6.86464909, 7.51803745,
       5.96546418, 7.04368364, 3.64326273, 2.97379545, 7.68627527,
       5.13486255, 4.63993527, 5.17076727, 7.95515236, 2.72542527,
       6.74621382, 4.75448   , 7.21374709, 5.152002  , 5.91393709,
       5.06782218, 3.85903782, 2.30409545, 6.395178  , 7.265436  ,
       5.06452945, 5.62464491, 6.48776509, 2.53198964, 6.41115418,
       6.87858273, 2.78543655, 3.96008382, 4.98015873, 4.87699727,
       2.75558473, 4.94977727, 5.50698527, 5.358182  , 6.42568455,
       6.47914527, 4.47773945, 2.76322364, 4.306032  , 5.53709182,
       6.45076291, 7.50179055, 7.11438818, 2.69303109, 5.99568473,
       4.30353418, 4.71178527, 7.41497327, 2.527568  , 4.07829509]), 'locations': array([107,  90, 160,  57,  80,  99,  73,  67,  61, 100,  96, 137, 138,
       109, 175, 105,  55, 118,  99,  91, 138,  96,  91,  74,  81,  74,
        88, 119, 143,  99,  36,  72,  73,  83,  59, 140, 149,  75, 109,
       105, 131, 163,  88,  63, 133,  72,  50,  88,  89, 109,  73,  67,
       111, 104, 102,  74,  70,  91, 173,  95, 147,  87,  95, 103,  80,
        64,  91,  89,  80,  59,  71,  62, 122, 181,  48, 115,  89,  87,
       106,  64,  77, 101, 107,  99,  88,  87, 105,  96,  83,  64, 123,
        55,  59,  88, 103, 129,  90,  95, 123,  48,  52, 104, 125, 139,
        62,  33, 143,  50, 116, 125, 122, 130,  98, 113, 100,  99, 142,
        91,  87, 101, 101, 149,  91,  53,  90, 101, 168,  64,  99, 115,
        94,  52,  74, 159,  74, 108,  60,  86,  49,  50,  77,  82, 102,
       173,  85,  85, 137,  94,  37,  46,  95, 100,  69,  62,  93,  70,
        50,  64,  66,  82,  52,  85,  88, 179, 134,  75,  93,  86, 114,
       109,  66, 137,  69,  55, 147, 109,  65,  83, 150, 205,  48, 162,
        95, 186, 149, 119,  58,  89, 104,  73,  94, 105, 115, 107,  85,
        93,  95, 146,  94,  72])}], 'clusters': array([0, 0, 0, 0, 1, 0, 0, 0, 0, 0, 0, 0, 0, 0, 0, 0, 0, 0, 1, 1, 0, 0,
       0, 0, 0, 0, 0, 0, 0, 0, 0, 0, 0, 0, 1, 0, 0, 0, 0, 0, 0, 0, 0, 0,
       0, 0, 1, 0, 0, 0, 0, 0, 0, 1, 0, 1, 0, 0, 0, 0, 0, 1, 0, 0, 0, 1,
       0, 1, 0, 1, 1, 0, 0, 0, 1, 0, 0, 0, 0, 0, 0, 1, 0, 1, 0, 0, 0, 1,
       1, 1, 0, 1, 1, 0, 0, 0, 0, 0, 0, 0, 1, 0, 0, 0, 1, 0, 0, 1, 1, 0,
       0, 0, 0, 0, 0, 1, 0, 0, 0, 0, 0, 0, 0, 0, 1, 0, 0, 0, 0, 0, 1, 1,
       0, 0, 0, 1, 1, 0, 1, 1, 0, 0, 0, 0, 0, 1, 0, 0, 0, 0, 0, 0, 0, 1,
       0, 0, 0, 0, 0, 1, 0, 0, 0, 0, 0, 0, 0, 1, 0, 0, 0, 0, 0, 1, 0, 0,
       1, 1, 0, 0, 1, 0, 0, 0, 0, 0, 0, 1, 0, 0, 0, 0, 0, 1, 0, 1, 0, 0,
       1, 0]), 'time': 596.6808683872223}
lenSubsequence: 15{'RI': 0.5110050251256282, 'num_clusters': 2, 'uShapelets': [{'ts_index': 198, 'loc': 95, 'gap': 1.8999388581957681, 'distances': array([4.47337227, 2.28802913, 4.58532753, 2.535969  , 0.89307873,
       4.33186607, 3.70080613, 2.5702408 , 2.59822993, 4.10769387,
       5.06845787, 4.96148393, 4.75926687, 5.1988194 , 3.97886167,
       5.10645367, 3.914615  , 4.45101933, 1.02424027, 3.94234293,
       4.40411793, 4.0215398 , 4.45465173, 3.62880273, 4.5665818 ,
       4.48705473, 4.92326373, 4.50643607, 4.35030033, 4.73846993,
       4.19787567, 2.80463207, 4.20340313, 3.3414196 , 1.80341173,
       5.55263807, 3.9424894 , 1.12634207, 3.11648873, 4.6916822 ,
       5.33607327, 4.70359453, 3.6822056 , 4.61086613, 4.91093193,
       4.60630093, 0.69710507, 4.69771627, 5.03855467, 4.7782674 ,
       2.613367  , 4.54712047, 4.1484926 , 1.023409  , 4.65475093,
       2.19133927, 4.88993047, 3.5864182 , 4.77150747, 5.39125707,
       5.37816833, 1.0304478 , 4.53693453, 3.13421767, 5.14036393,
       1.7093982 , 3.9051636 , 1.3043804 , 2.816798  , 0.78794247,
       0.59918247, 2.7124242 , 5.16635533, 4.88803387, 1.03728113,
       2.92760027, 3.71962073, 5.39979   , 4.83033167, 2.90915233,
       4.1851754 , 1.04176247, 5.12370087, 1.58534013, 2.6639656 ,
       3.79746787, 5.20630693, 1.4425134 , 0.93867627, 2.34254113,
       5.22745107, 1.2220392 , 0.47027413, 3.71747887, 4.57648447,
       4.9510288 , 2.90130193, 2.30609093, 3.9588494 , 3.84938213,
       1.2962638 , 2.99341093, 4.8570604 , 4.70650227, 1.8327722 ,
       4.9803952 , 4.41003487, 1.129807  , 0.826322  , 4.44585067,
       3.418234  , 4.4078546 , 4.67757627, 5.0791462 , 4.91197753,
       0.77240047, 4.45172527, 3.7918776 , 5.0085112 , 5.65372367,
       4.151346  , 4.98753673, 4.3720406 , 3.40857673, 0.78544733,
       3.1905196 , 4.92734793, 3.94802387, 2.6155448 , 4.56968247,
       0.48439167, 0.72940747, 4.7812054 , 5.56379027, 2.53444   ,
       0.73824127, 0.66616953, 3.44492727, 1.16169047, 1.7280676 ,
       4.85763133, 3.72972467, 5.07851053, 4.3869882 , 4.84836   ,
       1.21966293, 4.87881613, 4.88042927, 4.83738787, 3.826195  ,
       4.96856893, 5.05016653, 1.6019806 , 1.3243752 , 5.13926467,
       3.11889487, 3.78169387, 2.99231427, 3.32207667, 1.47141033,
       4.0572584 , 2.92028893, 5.2765026 , 4.58973753, 5.35138313,
       3.74904067, 3.42047113, 1.0386566 , 4.3060946 , 5.08404727,
       3.51514207, 4.914559  , 4.21387693, 0.71761327, 4.36912627,
       5.12368353, 0.62787647, 1.4784986 , 4.42611767, 4.709124  ,
       1.090542  , 4.57791813, 2.25237753, 5.31415913, 4.97746753,
       4.11787827, 4.80934927, 0.46412387, 2.23701773, 2.32357067,
       4.5867538 , 5.24434167, 4.76033453, 0.660721  , 4.38080547,
       0.86966047, 3.08345807, 5.36149653, 0.        , 3.26263967]), 'delta_distances': array([5.20642973, 3.05027987, 3.90238987, 3.01276213, 2.39129133,
       4.90845933, 4.91079667, 3.17741827, 3.8228408 , 3.70378187,
       4.9900996 , 4.0236172 , 4.12452667, 5.11020453, 3.96681187,
       4.79408533, 5.42745747, 5.81424533, 2.90032   , 5.43859893,
       4.28904667, 4.25605947, 4.71625387, 6.3896036 , 6.41358693,
       4.6238344 , 3.54260587, 5.51837653, 4.96416347, 5.53133667,
       5.20506747, 4.41330973, 5.78481547, 3.94963413, 3.47205693,
       3.96650733, 4.31541787, 2.81695133, 3.6297068 , 3.67925347,
       4.712486  , 4.64733707, 4.4227872 , 6.04479787, 4.66805307,
       6.45818907, 1.75787   , 4.29776933, 5.4345604 , 6.78914547,
       3.06691333, 4.8802212 , 5.85080667, 2.6307528 , 4.73307507,
       4.05424747, 4.66649253, 4.9430548 , 5.18812333, 4.48449733,
       4.3278036 , 2.562018  , 5.9316276 , 4.99953267, 6.12872547,
       3.18769907, 5.41929373, 2.60762267, 3.67314187, 2.15204173,
       1.7708424 , 3.16942707, 5.2394752 , 6.66849867, 2.63640573,
       3.6161584 , 4.885912  , 5.94660307, 4.60810427, 3.48415387,
       5.3986072 , 2.60975053, 5.55008973, 3.55028293, 4.1268304 ,
       5.41822853, 4.94723093, 3.3695096 , 2.31081427, 4.69717973,
       4.9406224 , 2.79093867, 1.834012  , 4.656014  , 4.54278333,
       5.08408067, 3.8828576 , 2.77942   , 5.2848992 , 3.76511733,
       3.22915147, 3.17609707, 5.7183876 , 4.27010693, 3.9838856 ,
       4.47184773, 5.65382373, 2.89692027, 1.87269107, 4.5996968 ,
       4.8148952 , 5.1185036 , 5.39341133, 3.37076533, 5.34644413,
       2.23789413, 5.8038872 , 4.1638816 , 5.33666867, 5.2743836 ,
       5.30623747, 4.535488  , 5.5729204 , 4.51847267, 2.10510053,
       3.58562867, 3.85954067, 5.33980533, 3.6861692 , 4.5233152 ,
       1.59944733, 1.71347867, 5.77257653, 4.31483307, 3.2377592 ,
       2.227748  , 1.8425788 , 4.49756587, 2.92719547, 4.18830413,
       4.55286907, 4.31786693, 3.27194013, 3.70993133, 3.734538  ,
       2.61851987, 5.8107228 , 5.20343133, 5.26527147, 4.2957072 ,
       5.32884773, 3.4423832 , 2.58721507, 3.58335613, 6.9489364 ,
       3.92207373, 5.3021496 , 3.88338133, 5.12263653, 2.925288  ,
       6.38408   , 3.18754613, 3.93376227, 3.53186987, 5.3538116 ,
       3.55914907, 4.51739627, 2.54468453, 4.51988293, 4.90144987,
       3.50090427, 3.72917773, 4.82711813, 2.1530768 , 4.76349813,
       5.41463533, 1.6895916 , 3.10986693, 5.29979733, 4.73036427,
       2.33427147, 4.07872213, 4.21835573, 3.93287133, 5.4362148 ,
       5.79335293, 4.49996987, 1.45781653, 2.99566587, 4.30822653,
       5.25279213, 5.30570813, 5.5661156 , 1.6479756 , 4.81485667,
       2.23641293, 3.91334267, 6.31280773, 0.        , 3.67240107]), 'locations': array([ 51,  89, 161,  56,  80,  98,  74,  67,  62,  14, 107, 137,  86,
       120, 174, 130,  54,  90, 100,  92, 169,  96,   5,  78,  81, 153,
       185, 118, 144,  99,  37,  73,  74,  83,  60, 170, 150,  75, 110,
       120, 160,  42,  89,  65,  82,  69,  50, 144,  84,  91,  72,  67,
       113, 105, 102,  76, 133,  90,  30, 156,  35,  87,  96,  98,  79,
        64,  90,  90,  80,  59,  72,  62, 134,  90,  48, 114,  89,  99,
       107,  66,  73, 103, 108,  98,  89,  86, 106,  96,  83,  64,  98,
        55,  60,  87, 166,   8,  90,  95, 124,  47,  53, 103, 110,  76,
        63,  73,  63,  51, 116,  21, 122, 105, 135, 199,  87,  99,  13,
        92, 134, 120, 101, 121,  92,  54,  91,  98, 168,  65,  98,  58,
        95,  52, 112,  28,  74, 108,  61,  84,  49,  51, 158,  82, 205,
       173, 185,  86,   8, 125, 121,  45,  95, 197,  70,  62,  65,  69,
        24,  63,  67,  83,  53,  85, 153, 175,   3,  74,  94,  86, 115,
        91,  66, 184,  69,  56, 147, 122,  66,  83,  86,  63,  48,  97,
        95, 185, 109, 119,  59,  89, 104,  73,  96, 140, 114, 108,  86,
        93,  96,  41,  95,  73])}], 'clusters': array([0, 0, 0, 0, 1, 0, 0, 0, 0, 0, 0, 0, 0, 0, 0, 0, 0, 0, 1, 0, 0, 0,
       0, 0, 0, 0, 0, 0, 0, 0, 0, 0, 0, 0, 0, 0, 0, 1, 0, 0, 0, 0, 0, 0,
       0, 0, 1, 0, 0, 0, 0, 0, 0, 1, 0, 0, 0, 0, 0, 0, 0, 1, 0, 0, 0, 0,
       0, 1, 0, 1, 1, 0, 0, 0, 1, 0, 0, 0, 0, 0, 0, 1, 0, 1, 0, 0, 0, 1,
       1, 0, 0, 1, 1, 0, 0, 0, 0, 0, 0, 0, 1, 0, 0, 0, 0, 0, 0, 1, 1, 0,
       0, 0, 0, 0, 0, 1, 0, 0, 0, 0, 0, 0, 0, 0, 1, 0, 0, 0, 0, 0, 1, 1,
       0, 0, 0, 1, 1, 0, 1, 0, 0, 0, 0, 0, 0, 1, 0, 0, 0, 0, 0, 0, 1, 1,
       0, 0, 0, 0, 0, 1, 0, 0, 0, 0, 0, 0, 0, 1, 0, 0, 0, 0, 0, 1, 0, 0,
       1, 1, 0, 0, 1, 0, 0, 0, 0, 0, 0, 1, 0, 0, 0, 0, 0, 1, 0, 1, 0, 0,
       1, 0]), 'time': 595.65096616745}
lenSubsequence: 19{'RI': 0.8101507537688443, 'num_clusters': 4, 'uShapelets': [{'ts_index': 70, 'loc': 71, 'gap': 1.9254780099140063, 'distances': array([4.62013511, 2.00304179, 5.51890958, 2.69900721, 0.65747416,
       5.52859274, 2.75953679, 2.66667768, 2.06936042, 4.96624995,
       5.51503611, 4.38694832, 5.35453142, 5.78976879, 4.67565979,
       5.60178753, 3.59189626, 4.82227053, 1.02662947, 3.46471632,
       5.25587779, 5.41121405, 4.51172384, 3.42971142, 3.53321458,
       4.92521705, 5.61638111, 5.12424995, 5.07432937, 5.64500347,
       4.18149142, 1.92921674, 3.53887111, 3.12793079, 1.27290795,
       5.25769132, 4.99583363, 1.40211979, 3.14386684, 5.65748068,
       5.10478747, 5.15769947, 3.25389358, 3.84304732, 5.24541421,
       5.04186411, 0.68695732, 5.68691516, 5.50595537, 5.50054079,
       2.16268426, 5.46585937, 3.23613568, 0.98228721, 5.63967884,
       0.90387468, 5.60361989, 3.35123042, 5.01098711, 5.55992195,
       5.32137489, 1.08140879, 5.31967932, 2.82550911, 5.573879  ,
       1.43773584, 3.51342032, 0.77807237, 2.78340284, 0.80814768,
       0.        , 2.56018611, 5.49400005, 5.45226732, 0.47757758,
       2.88709295, 3.03310984, 5.97411279, 5.36797779, 2.50748353,
       4.20105   , 0.69299342, 5.79255395, 1.42111632, 2.13350958,
       2.92929989, 5.79021579, 1.17182932, 0.73679747, 1.6571    ,
       6.07816179, 0.98470011, 0.74880284, 4.26666026, 4.72872774,
       5.02616905, 2.984741  , 2.11809079, 5.13677953, 4.37667084,
       0.79502584, 2.48270437, 5.27384405, 5.29344863, 1.37758853,
       4.93280468, 4.39430411, 0.72032111, 0.92497116, 4.35016905,
       4.66102795, 5.53530253, 5.88337432, 5.70186684, 6.06137795,
       1.39602458, 4.06927289, 2.97897011, 5.63744942, 6.20888768,
       5.38341921, 5.365357  , 4.74209411, 2.89386905, 0.45825053,
       2.94035884, 5.68823726, 4.61863674, 2.38905732, 4.47101416,
       0.96423695, 0.38088405, 5.60007879, 5.57930263, 2.44903853,
       1.10312737, 0.94854363, 2.82339542, 0.88430142, 1.45291558,
       5.36515311, 4.36519563, 5.66078563, 5.24534   , 5.50462021,
       0.72966216, 5.09531405, 5.39207732, 4.77465153, 3.31169874,
       4.93988905, 5.481397  , 1.56513042, 1.30652774, 5.96978053,
       2.53151058, 3.73189295, 2.53470079, 3.19846837, 1.15490479,
       4.34623868, 2.30021184, 5.74601968, 5.31379111, 5.54698979,
       3.07219663, 2.59141432, 0.84734263, 5.86188879, 5.67991468,
       2.94407837, 5.7968    , 3.77679237, 0.99962126, 5.22740821,
       5.51368511, 0.77365621, 0.97361258, 4.88676579, 4.75626547,
       0.77363821, 4.98177195, 1.58729447, 5.91479168, 5.677667  ,
       4.31355616, 4.95704137, 0.33980932, 2.26437   , 1.55967937,
       5.41791432, 5.76275947, 5.05729432, 0.55159868, 5.20544521,
       1.60766084, 2.70715947, 5.634561  , 0.50842032, 2.69379242]), 'delta_distances': array([5.33231716, 3.06073358, 4.20404   , 2.83788063, 1.98012095,
       4.87763821, 3.37960063, 2.88666632, 3.09272389, 4.42026611,
       6.13490653, 6.18805389, 5.64663305, 4.01099632, 3.88225158,
       5.10172958, 4.66872474, 4.45770042, 2.54634253, 4.72479232,
       3.89460284, 4.94990526, 3.331176  , 5.31692842, 5.29804389,
       4.40996832, 3.57612884, 5.60222663, 5.04244453, 4.67929979,
       4.40259084, 2.91292684, 4.66769295, 3.19510979, 2.50647147,
       4.67411979, 4.82081968, 2.96809095, 4.10641505, 4.95403674,
       4.02154968, 3.90731211, 3.73324663, 5.210116  , 4.70144568,
       6.24284853, 1.45974726, 6.07695284, 4.62066263, 4.35478495,
       2.54139726, 5.48987916, 4.87177832, 2.02369379, 4.81139105,
       2.77659453, 4.00627042, 4.71221779, 4.98719884, 4.305794  ,
       4.29339379, 2.65776326, 5.59169832, 4.07603611, 5.02405474,
       2.28088453, 3.72529589, 1.76242947, 4.11764747, 2.28424032,
       0.        , 3.86088811, 4.69284084, 6.52308811, 1.66195632,
       3.40781653, 4.41598705, 6.17891737, 4.96888705, 3.17811432,
       4.75763232, 2.29170663, 6.44964284, 3.20241095, 2.98276432,
       3.97252768, 4.28227737, 3.04146747, 1.83265421, 3.46964158,
       5.04832095, 2.34892821, 2.07759568, 4.64202221, 4.29993063,
       4.10244305, 3.74662653, 2.71854716, 5.48348526, 4.33136042,
       1.78100842, 2.73416789, 5.44329516, 4.44608632, 2.96009011,
       4.07114537, 4.80527621, 2.04571337, 1.52392116, 4.03600958,
       5.19488968, 4.46398242, 6.58964842, 3.46116579, 4.62473495,
       3.25198274, 5.06301863, 3.20260947, 4.11581684, 6.75166137,
       4.00557095, 5.21068063, 5.94892411, 4.02213337, 1.65736211,
       3.40273632, 4.16590432, 5.03903453, 3.49661032, 3.90497747,
       2.46644116, 1.277382  , 5.83157558, 4.65514768, 3.54269642,
       2.62224832, 2.35652316, 4.14117284, 2.66380537, 3.06175905,
       5.30461316, 5.74835568, 4.40871611, 3.59115074, 3.61744463,
       1.95314979, 4.91421947, 5.57150968, 5.54100253, 3.78370537,
       5.05549505, 4.45216242, 2.35538895, 2.84054021, 5.58493295,
       2.94838263, 3.88212926, 2.87193116, 4.58985495, 2.59750842,
       4.86779084, 2.78297232, 4.53867368, 3.59371042, 4.66174811,
       2.86267758, 2.836644  , 2.08124821, 5.29637421, 5.54344968,
       3.34872863, 3.87157611, 4.53606495, 2.10299042, 4.35900505,
       3.99249263, 1.92457937, 2.45618347, 4.47017189, 4.334906  ,
       1.99865379, 4.76100968, 3.28529253, 5.24033084, 6.05013705,
       3.70437505, 4.50550611, 1.16464274, 3.05656337, 3.04175442,
       5.75302389, 5.33116358, 5.61798042, 1.44915379, 4.07135042,
       3.34277895, 3.14710705, 3.66805063, 1.55072474, 3.39288305]), 'locations': array([ 50,  89, 155,  56,  79,  97,  72,  67,  61,  13,  47,  52,  13,
       180, 173, 128,  52,   9,  98,  90,  25,  95,   3,  74,  79, 150,
       184, 117, 143,  27,  36,  71,  72,  83,  59,  11, 149,  73, 109,
        53,  51,  58,  88,  64,  24,  66,  50, 104, 105,  12,  71, 122,
       111, 104,  21,  74, 163,  89,  30,  60,  36,  86,  96,  96,  47,
        63,  91,  89,  79,  59,  71,  58,  40,  90,  47, 114,  87,  30,
       106,  64,  67, 101,  55,  97,  88,  87,  64,  95,  82,  64,  34,
        53,  58,  82,  47,   8,  89,  94, 123,  14,  51, 102, 108, 172,
        62,  71,  62,  49, 116,  20, 122, 130, 109, 198, 149,  97,  13,
        91,   8,  91,  38,  40,  91,  52,  89,  99, 168,  64,  98,  58,
        93,  51, 110,  32,  73, 107,  60,  84,  48,  50,  25,  82,  75,
       173, 183,  84,   8, 124,  37,  45,   2,  23,  69,  61,  93,  68,
        50,  63,  66,  82,  51,  85, 146, 173,  49,  74,  92,  86, 113,
       131,  65, 182,  70,  54, 147,  54,  64,  82,  86,  61,  47,   2,
        95,  69, 108,  61,  58,  88, 103,  72,  95,  45, 114, 106, 159,
        93,  95,  60,  94,  71])}, {'ts_index': 8, 'loc': 57, 'gap': 1.037060025245867, 'distances': array([2.84166984, 2.22777668, 2.70996032, 1.39750553, 3.13852068,
       1.52763811, 0.66619263, 0.        , 2.67680132, 3.24875042,
       2.51820279, 3.12013737, 3.27919511, 2.92080837, 3.56616584,
       1.65846011, 2.76375158, 2.99856116, 2.95801011, 2.83503279,
       3.13674395, 2.02228479, 1.79337389, 2.63907395, 3.20691447,
       2.77179558, 2.98473468, 3.38651105, 2.99233184, 1.19665826,
       1.21187232, 1.11278637, 3.26559168, 2.946646  , 1.29892558,
       3.31227368, 3.51399805, 2.86676616, 1.18994342, 1.53948963,
       2.93272326, 2.61500553, 3.36639063, 3.20358426, 3.15532653,
       0.78788658, 2.525468  , 3.06885979, 3.03609721, 3.096502  ,
       2.50214421, 3.27681416, 2.86489032, 3.14925968, 3.05976742,
       1.07019774, 3.42332989, 1.87122084, 1.95440868, 0.61064758,
       3.43548047, 3.35263511, 1.58799474, 1.05863495, 3.776295  ,
       2.89445547, 1.91366479, 1.85078947, 3.14587005, 2.16662126,
       0.83721305, 2.94658095, 3.19707389, 1.75086868, 2.98688632,
       3.24596958, 1.16401242, 1.03598768, 3.05584563, 2.61195532,
       1.12155989, 2.94499837, 2.93334979, 2.93262442, 2.78570189,
       2.45333547, 2.56353695, 2.83293611, 3.40002426, 3.27189274,
       2.97070995, 2.62392163, 1.07831695, 3.35176158, 3.48395563,
       3.15661805, 3.49438879, 2.64799453, 1.29489989, 1.59420189,
       2.92733379, 3.30624195, 0.83665511, 3.47233684, 3.28128232,
       3.25100342, 1.05916042, 1.60061279, 2.73038816, 2.64369647,
       3.19287521, 3.30870726, 3.16899558, 2.64602211, 2.73357711,
       2.97881789, 2.16649479, 3.09388316, 3.31974974, 3.30950489,
       0.99350884, 1.86001289, 2.09318679, 1.51712226, 2.93187411,
       0.91866242, 2.89167737, 3.08234142, 3.13811468, 1.17199626,
       0.98523811, 3.01326384, 3.03946374, 1.79121532, 3.24717142,
       2.58278179, 2.935953  , 3.10816995, 2.73197137, 2.81583005,
       3.00394132, 3.64875879, 3.16385142, 3.05613242, 2.763174  ,
       0.94574053, 3.05971474, 3.23847058, 3.25023663, 2.87046542,
       1.84495742, 3.12832232, 0.63915195]), 'delta_distances': array([4.63590011, 3.40970579, 2.81626705, 2.49164505, 4.41238768,
       2.71409484, 1.72540642, 0.        , 4.25437958, 1.95646484,
       4.06086621, 2.67951874, 2.74022326, 3.87361589, 3.44303316,
       3.23085916, 3.63375779, 2.99568189, 1.98344221, 4.21388947,
       4.24041789, 2.54525253, 2.95633221, 2.64205905, 2.46139147,
       2.96193232, 3.26901547, 2.56448168, 3.94849832, 1.69848526,
       1.76271179, 2.03645547, 4.91268295, 3.84010042, 1.98065832,
       4.54967926, 4.61659137, 4.35692253, 2.66649063, 2.78234263,
       4.62877032, 2.70588137, 3.17765916, 3.11617537, 3.93786   ,
       2.39988547, 3.50824632, 4.49808579, 3.53780126, 2.35138211,
       3.47586463, 1.95168926, 4.75997779, 4.22173137, 3.31172989,
       1.59391368, 3.13908337, 2.87687758, 2.77674221, 1.60027621,
       5.39022853, 3.64334632, 2.40834358, 2.48012737, 4.50064032,
       3.12593305, 2.89195158, 3.35454242, 4.70710747, 3.15580305,
       1.79347884, 4.65589211, 3.79747137, 3.46477832, 2.24052863,
       3.64477053, 3.05061063, 2.857616  , 3.75602389, 3.501574  ,
       2.69982484, 3.736318  , 2.48380853, 4.35258116, 3.85710589,
       3.77344505, 3.07999053, 3.70477453, 4.46141779, 2.06142989,
       3.47822263, 4.18685632, 2.87598147, 4.15404874, 3.29394547,
       4.29702084, 3.53822168, 2.78863305, 1.78906442, 2.33338716,
       3.66142053, 3.85580326, 1.93321989, 4.00200526, 3.30312358,
       3.63356811, 2.07735832, 2.42907032, 2.75184853, 4.41254968,
       4.81560747, 2.56229505, 2.46639284, 3.82610421, 2.96489684,
       3.928998  , 2.30203716, 3.83966253, 1.96398989, 4.86885442,
       2.05108389, 3.18615611, 2.03718589, 2.89644105, 5.338298  ,
       2.03196179, 2.94865516, 2.50536347, 3.98413158, 2.48459263,
       1.80375095, 3.79347232, 3.71266032, 2.56836926, 3.68442411,
       3.57845958, 3.93780042, 4.39189705, 2.99178189, 3.83242379,
       3.66175389, 4.65101737, 3.12500432, 4.00422253, 4.83168295,
       2.15049232, 3.36668463, 4.48247284, 2.90915895, 2.934296  ,
       3.12649874, 4.66367589, 1.50025968]), 'locations': array([ 50,  86, 155,  51,  91,  68,  63,  57,   8, 185,  49, 153, 176,
       100, 129,  50,  29, 177, 163,  92,   3,  13,  77, 148, 181, 113,
       118, 147, 119,  69,  71,  78,   7, 145, 105,  10,  40,  38,  84,
        64,  25,  68, 140, 153, 105,  68, 122, 107,  97, 161,  40, 196,
         6,  18, 117,  98, 149,  85,  76,  58,  62,  95, 110,  85,  97,
       107,  61,  73,  51,  86,  85,  64,  96,  83, 162, 116,  86,  90,
       105,  68,  99, 114, 172,  29,  62,  19, 118, 126, 112, 197,  81,
        13,  87, 102, 150,  77, 144,  92,  49,  93, 121,  61,  94,  15,
       152,  53,  69,  81, 157,  78,  44, 169, 180,  91, 122,  36,  44,
        90, 195,  88,  64,  45,  60,  66,  14,  81, 148, 173,  43,  70,
        88,  68,  86,  65, 110, 147, 119,  49, 145,  57,   1,  53, 143,
        63,  54, 100, 142,  63, 142, 160,  91,  56,  69])}, {'ts_index': 19, 'loc': 87, 'gap': 1.6803508798859035, 'distances': array([7.84385274, 2.78445432, 7.44074921, 7.96841768, 5.300459  ,
       8.53749395, 9.07514958, 5.31063458, 8.599469  , 8.78279811,
       7.716104  , 8.62366358, 5.76134695, 8.31773574, 0.        ,
       8.35804568, 8.61225447, 7.87879458, 5.25810795, 3.36934305,
       7.49171716, 8.61124132, 7.42020195, 6.49761279, 6.42018468,
       7.17630668, 7.38025647, 8.33117332, 8.33492689, 9.20317547,
       8.59963758, 4.98571068, 7.29587158, 6.07579542, 6.49321447,
       7.82664995, 8.13352837, 8.08698453, 3.80135789, 8.04119837,
       8.50365589, 6.48943705, 8.916778  , 8.16231311, 8.19006511,
       7.98688784, 8.82695968, 5.15686332, 5.25639553, 8.32895947,
       8.71745758, 5.86024763, 9.08243742, 8.77469353, 6.07159095,
       7.18820189, 8.47619684, 4.122925  , 9.14310679, 8.83286221,
       5.55668053, 8.42648774, 8.49982163, 8.20898042, 8.49052174,
       6.55860832, 8.29042411, 8.14946137, 7.45592668, 7.86999358,
       7.69703711, 8.26081911, 8.17979632, 8.96587253, 8.84085032,
       7.45780874, 8.54067905, 9.19381832, 8.48962937, 7.78903847,
       7.68791932, 4.55839468, 8.07044405, 8.25822242, 8.98645695,
       8.25011884, 9.06348042, 4.24765811, 8.24885768, 8.77536568,
       8.84556626, 7.43954389, 8.50567132, 7.59205953, 8.06770453,
       6.38967489, 5.356931  , 8.94428932, 8.798322  , 8.30459032,
       4.68993889, 3.97174005, 8.61879937, 8.14248026, 8.53263895,
       7.73481626, 8.63913637, 8.76545   , 3.86053311, 8.82434474,
       4.55474379, 7.78939316, 8.26640605, 8.12112863, 7.50237663,
       8.69466679, 8.86420721, 8.41781095, 7.47699679, 7.78009774,
       8.85269358, 8.87726826, 8.64982332, 8.51593005, 4.69355653,
       9.00505668]), 'delta_distances': array([6.78594579, 2.46896474, 6.93985663, 6.00146568, 5.22493158,
       7.81528758, 3.81411895, 4.78920663, 6.41953189, 7.61004737,
       3.31712937, 5.18285779, 4.38825958, 6.91799495, 0.        ,
       4.45524242, 5.24975158, 5.51613189, 3.14325179, 3.87088842,
       6.15870937, 5.76784789, 5.61976389, 8.01041958, 6.88799316,
       6.37937295, 6.10869011, 4.54344516, 5.63540726, 5.14041516,
       5.23636411, 3.84715189, 5.45899011, 4.96634905, 6.94343695,
       7.53642274, 5.83924695, 5.90384916, 3.76622116, 4.87710768,
       4.04529926, 3.93657926, 6.59270589, 4.27771568, 6.06346937,
       5.61440495, 6.824434  , 3.65842558, 4.69454421, 6.60243074,
       6.40631768, 6.34987874, 7.70272379, 6.45400568, 4.03476042,
       6.47246484, 6.82826663, 3.95822095, 6.15583126, 6.324266  ,
       5.38745611, 3.90887179, 6.06824137, 5.72902432, 8.05287695,
       5.75290842, 6.31475579, 6.18165768, 7.41931368, 5.99159158,
       4.90892842, 6.60111621, 6.74583221, 3.48696021, 7.33901263,
       5.65200621, 6.28495389, 6.44654389, 7.57587179, 6.20042989,
       6.74439274, 5.60758463, 5.08508463, 5.92165253, 6.23775526,
       5.96704442, 5.59760663, 4.17067821, 6.76530905, 8.25798389,
       2.943518  , 7.48182032, 3.21621432, 6.21000389, 7.03767074,
       6.53412979, 5.49084568, 5.97698916, 3.08005474, 5.89818337,
       4.04975147, 3.50156126, 6.78429389, 5.81074863, 3.91174337,
       6.97497074, 6.11645621, 6.27517853, 4.642764  , 4.10279758,
       4.63502747, 6.81564674, 6.30373621, 5.25292168, 5.83079158,
       3.69989189, 5.68272316, 5.20083895, 6.95376105, 6.54807568,
       6.518398  , 8.34090579, 5.52670474, 4.45986063, 3.18672379,
       5.854142  ]), 'locations': array([ 50,  86,  86,  91,  70,  11, 184,  43,  11,  34, 171, 127,  51,
        40,  87, 129, 122,   2,  73,  76,  73,  19, 113,  77,  80,  33,
        63, 147,  51,  40,  55,  62,  22,  66, 103,  87,  88, 121, 106,
       140, 159,  85,  27, 124,  55, 116,  95,  85,  77, 102,  95, 110,
        29, 101,  63,  66, 103,  85,  64,  95,  81, 162, 119, 121,  92,
       114, 136,   0,  32,  18, 118,  95, 106, 195,  83,  10, 101,  93,
        76,  19,  90,  97, 121,  87,  55, 107,  73,  81, 101,  77, 200,
       109, 180,  90, 122,  35,  39,  90, 193,  88,  42,  58, 106, 148,
       170,   4, 105,  89,  61, 179,  64, 119, 117, 104,  25, 180, 111,
        51, 113, 115,  92,  76, 111, 157,  91,  56])}], 'clusters': array([0, 3, 0, 2, 1, 0, 3, 2, 2, 0, 0, 3, 0, 0, 0, 0, 3, 0, 1, 3, 0, 0,
       0, 3, 3, 0, 0, 0, 0, 0, 0, 2, 2, 2, 1, 0, 0, 1, 2, 0, 0, 0, 2, 3,
       0, 0, 1, 0, 0, 0, 2, 0, 3, 1, 0, 1, 0, 0, 0, 0, 0, 1, 0, 2, 0, 1,
       3, 1, 3, 1, 1, 2, 0, 0, 1, 3, 2, 0, 0, 3, 0, 1, 0, 1, 3, 2, 0, 1,
       1, 1, 0, 1, 1, 3, 0, 0, 2, 2, 0, 0, 1, 2, 0, 0, 1, 0, 0, 1, 1, 0,
       0, 0, 0, 0, 0, 1, 0, 2, 0, 0, 0, 0, 0, 2, 1, 3, 0, 0, 2, 0, 1, 1,
       0, 0, 2, 1, 1, 3, 1, 1, 0, 0, 0, 0, 0, 1, 0, 0, 0, 3, 0, 0, 1, 1,
       0, 2, 3, 3, 2, 1, 0, 2, 0, 0, 0, 2, 2, 1, 0, 0, 3, 0, 3, 1, 0, 0,
       1, 1, 0, 0, 1, 0, 1, 0, 0, 0, 0, 1, 2, 1, 0, 0, 0, 1, 0, 1, 3, 0,
       1, 2]), 'time': 772.034099817276}
