lenSubsequence: 28{'RI': 0.5010556361232532, 'num_clusters': 4, 'uShapelets': [{'ts_index': 529, 'loc': 28, 'gap': 0.06419032072118347, 'distances': array([0.13638416, 0.20167304, 0.25793569, 0.19867455, 0.29694691,
       0.13297788, 0.10084801, 0.31685818, 0.17516219, 0.24407179,
       0.19573781, 0.14099421, 0.16358972, 0.19797843, 0.30401027,
       0.19384102, 0.15185079, 0.13213143, 0.15459317, 0.1802482 ,
       0.2783978 , 0.19518867, 0.35808075, 0.11720055, 0.16009294,
       0.21244483, 0.13372656, 0.153168  , 0.20109718, 0.10737947,
       0.20306753, 0.20727402, 0.18464537, 0.18944638, 0.21657039,
       0.22630144, 0.22315495, 0.24527592, 0.30049834, 0.18536376,
       0.1907676 , 0.21667292, 0.14356036, 0.19928356, 0.24982491,
       0.20873738, 0.17161257, 0.21496075, 0.25976935, 0.10833344,
       0.26828477, 0.28817625, 0.15967465, 0.33873664, 0.22174077,
       0.22964141, 0.08911008, 0.17786692, 0.21159982, 0.1328185 ,
       0.16029031, 0.18897784, 0.30401992, 0.25584968, 0.25112159,
       0.22584485, 0.28196029, 0.1914401 , 0.14384232, 0.19542904,
       0.16247344, 0.33651051, 0.17689633, 0.2098403 , 0.13881868,
       0.23447929, 0.20296193, 0.18012095, 0.19121577, 0.2497919 ,
       0.20934231, 0.19457507, 0.08400657, 0.18826997, 0.16346171,
       0.10884325, 0.33547335, 0.22692035, 0.16054273, 0.16551747,
       0.16164359, 0.19829031, 0.28379009, 0.14159057, 0.2447723 ,
       0.2302604 , 0.22627086, 0.15780947, 0.19464279, 0.25649822,
       0.21917716, 0.13147362, 0.15051678, 0.13689029, 0.25188904,
       0.13063988, 0.0971126 , 0.17570518, 0.12692553, 0.17484376,
       0.32687512, 0.09629321, 0.25250399, 0.18846205, 0.20594098,
       0.23033264, 0.28681732, 0.23320417, 0.25626203, 0.13716431,
       0.20366552, 0.25888928, 0.09398409, 0.20345795, 0.16440617,
       0.1839315 , 0.1667261 , 0.20873453, 0.27665403, 0.19340683,
       0.16764794, 0.09753204, 0.14104735, 0.19131954, 0.17351643,
       0.34334033, 0.18635763, 0.15422118, 0.14095855, 0.20707968,
       0.21785877, 0.21741265, 0.21526773, 0.16493102, 0.15098732,
       0.29453883, 0.22086797, 0.21768302, 0.21129262, 0.1801487 ,
       0.19249817, 0.29578067, 0.26384448, 0.13881756, 0.2108083 ,
       0.28598162, 0.1779068 , 0.12147458, 0.14204242, 0.29618114,
       0.13864491, 0.33291585, 0.16678629, 0.20106528, 0.25967647,
       0.22293142, 0.16540536, 0.18322458, 0.14284185, 0.14016723,
       0.23349982, 0.19757737, 0.1555875 , 0.1964992 , 0.0847258 ,
       0.14546349, 0.19402217, 0.32785501, 0.22123562, 0.22786409,
       0.10473718, 0.24256451, 0.17186132, 0.09759603, 0.23523802,
       0.11490368, 0.21451531, 0.26005839, 0.16565159, 0.09559067,
       0.18299332, 0.30079738, 0.15238729, 0.14683229, 0.14274921,
       0.33207162, 0.19825553, 0.28490302, 0.20621969, 0.1462166 ,
       0.20192004, 0.1451875 , 0.17959897, 0.19584405, 0.25136352,
       0.16488619, 0.15477761, 0.09664174, 0.13822814, 0.18676843,
       0.11957207, 0.32808137, 0.34158914, 0.13625574, 0.22315186,
       0.22091206, 0.29460044, 0.35109821, 0.1759106 , 0.13499241,
       0.17269633, 0.1368591 , 0.17303494, 0.24717956, 0.17322688,
       0.15624042, 0.11647111, 0.19287874, 0.31432677, 0.17189332,
       0.19269895, 0.17339765, 0.29812118, 0.24936483, 0.19696157,
       0.20328123, 0.33447714, 0.17387021, 0.22013789, 0.33743836,
       0.16236032, 0.14988668, 0.11390382, 0.32002755, 0.10036575,
       0.20677826, 0.27299432, 0.17649876, 0.16952391, 0.24733592,
       0.08929339, 0.34029094, 0.14700995, 0.17779639, 0.26372866,
       0.10938748, 0.14439053, 0.13754039, 0.15174607, 0.19747405,
       0.13470772, 0.25686813, 0.23902109, 0.23261342, 0.12650833,
       0.31756449, 0.14550366, 0.19609438, 0.21147885, 0.10925747,
       0.13380919, 0.31464452, 0.11976138, 0.1338338 , 0.23071273,
       0.16738161, 0.16194407, 0.13265892, 0.1862927 , 0.19607036,
       0.27504071, 0.13606075, 0.26314893, 0.1118848 , 0.17178472,
       0.24295866, 0.33422858, 0.21726404, 0.22521881, 0.11221886,
       0.15621824, 0.11683664, 0.08441664, 0.21633032, 0.2912369 ,
       0.15618473, 0.12988792, 0.315442  , 0.20148251, 0.10690049,
       0.21560954, 0.10231071, 0.22510731, 0.11732926, 0.3011725 ,
       0.17959852, 0.20866594, 0.33373678, 0.34428696, 0.15219533,
       0.30293808, 0.1359709 , 0.17884867, 0.14008836, 0.12993768,
       0.27740938, 0.2012991 , 0.29880829, 0.09890888, 0.23244253,
       0.11074838, 0.13204829, 0.15268851, 0.19666793, 0.14813077,
       0.27819477, 0.27482915, 0.14139059, 0.24399118, 0.20354381,
       0.16640675, 0.18926605, 0.23602064, 0.18184667, 0.13715149,
       0.22291479, 0.23465076, 0.12202259, 0.30165534, 0.19401892,
       0.11666481, 0.17002634, 0.17023694, 0.21603985, 0.11952945,
       0.14195252, 0.14770156, 0.35794391, 0.24087286, 0.14980027,
       0.12610445, 0.21918398, 0.1689388 , 0.14005118, 0.28984587,
       0.17677841, 0.14168799, 0.08736728, 0.28966813, 0.2339874 ,
       0.18298071, 0.14008752, 0.1822106 , 0.28581466, 0.19500079,
       0.3286579 , 0.27369017, 0.13736925, 0.20704523, 0.13889585,
       0.06701964, 0.15962635, 0.17861244, 0.3142553 , 0.31973215,
       0.1359259 , 0.23468247, 0.09100408, 0.18921463, 0.27378358,
       0.20901032, 0.33261243, 0.17875129, 0.15363224, 0.19247399,
       0.16291027, 0.13737531, 0.12593804, 0.16545467, 0.24275756,
       0.15034965, 0.14164155, 0.09657282, 0.1772818 , 0.32287289,
       0.12822091, 0.15028902, 0.22804501, 0.20438069, 0.20318032,
       0.229796  , 0.15265438, 0.31202535, 0.21465071, 0.21150269,
       0.0904326 , 0.19453406, 0.20836599, 0.14910942, 0.35795596,
       0.15311045, 0.20776927, 0.18189004, 0.12241492, 0.15271393,
       0.19623632, 0.15271472, 0.11228347, 0.18067571, 0.1251754 ,
       0.14651031, 0.12769335, 0.29708395, 0.3428015 , 0.15943298,
       0.31727233, 0.24339446, 0.17269065, 0.20468834, 0.22537838,
       0.17087111, 0.29536409, 0.25950963, 0.3171561 , 0.10770457,
       0.22184212, 0.17064778, 0.27945889, 0.15355871, 0.11253982,
       0.26946554, 0.2451287 , 0.18624612, 0.18428738, 0.24024275,
       0.15450402, 0.21722579, 0.1896997 , 0.13922468, 0.34058771,
       0.20583947, 0.19771123, 0.1363344 , 0.26651251, 0.21951859,
       0.12593899, 0.28513379, 0.17285921, 0.22246796, 0.3531524 ,
       0.15533898, 0.12085161, 0.20243011, 0.32740304, 0.11425575,
       0.33778766, 0.22446516, 0.1496448 , 0.30840848, 0.17577104,
       0.14082112, 0.18758561, 0.20169353, 0.12123672, 0.29908154,
       0.30194043, 0.12489764, 0.20208746, 0.25091696, 0.31604882,
       0.18050554, 0.28375404, 0.13906355, 0.11689695, 0.19763951,
       0.11713201, 0.31799414, 0.12895353, 0.22300616, 0.11028006,
       0.17318214, 0.2669582 , 0.09111855, 0.10947505, 0.22156351,
       0.1054613 , 0.18096183, 0.2262064 , 0.20202396, 0.1701929 ,
       0.12801265, 0.26842028, 0.16953744, 0.08153832, 0.14935444,
       0.20726159, 0.27693832, 0.21446311, 0.10579554, 0.2168956 ,
       0.2490458 , 0.18729935, 0.22189567, 0.18871796, 0.11899585,
       0.12811499, 0.25313727, 0.1383055 , 0.31034588, 0.33709127,
       0.28742826, 0.14578964, 0.14428007, 0.24725478, 0.17395503,
       0.35153617, 0.18799838, 0.19526456, 0.12696019, 0.        ,
       0.17201567, 0.25115148, 0.16643529, 0.26439817, 0.3430228 ,
       0.18639241, 0.28891839, 0.19485324, 0.30436243, 0.2006978 ,
       0.2457927 , 0.18142458, 0.29870094, 0.33116094, 0.10800285,
       0.18674151, 0.16290456, 0.18800478, 0.19156001, 0.18911794,
       0.19853341, 0.1413716 , 0.19511016, 0.1442197 , 0.12756138,
       0.19045839, 0.15509644, 0.22853578, 0.1543572 , 0.1864113 ,
       0.17930025, 0.23105037, 0.1873704 , 0.23055357, 0.20916155,
       0.2689675 , 0.15901738, 0.25478225, 0.20724744, 0.22083115,
       0.23010848, 0.13547864, 0.21044593, 0.1833699 , 0.19829335,
       0.33763141, 0.11066973, 0.2101975 , 0.27685929, 0.23737002,
       0.23776973, 0.17304103, 0.19417847, 0.13043936, 0.15941161,
       0.19175086, 0.16318434, 0.12648074, 0.28804555, 0.17228979,
       0.17235181, 0.21841332, 0.23276716, 0.18171786, 0.19765635,
       0.19571748, 0.16805652, 0.10548316, 0.30331873, 0.1236498 ,
       0.13793442, 0.15154038, 0.17420814, 0.15701407, 0.12738836,
       0.13436577, 0.16231301, 0.20313224, 0.22021309, 0.18660344,
       0.24102363, 0.12550848, 0.17299002, 0.13791709, 0.21735364,
       0.15472565, 0.14783498, 0.16951871, 0.25964372, 0.16599165,
       0.2619205 , 0.18190691, 0.32511543, 0.18354369, 0.27442411,
       0.33110133, 0.15433163, 0.08966871, 0.11083717, 0.25029274,
       0.1514594 , 0.12856043, 0.10387483, 0.19373679, 0.17746334,
       0.17278523, 0.14705648, 0.12469793, 0.12267222, 0.20195427,
       0.1240363 , 0.11221526, 0.14676665, 0.11793948, 0.26032164,
       0.2150491 , 0.2384332 , 0.25417012, 0.21356231, 0.1445251 ,
       0.15815533, 0.15123807, 0.13492254, 0.1206356 , 0.2057566 ,
       0.2753025 , 0.27800047, 0.10066382, 0.14964357, 0.22512537,
       0.33683855, 0.16367006, 0.21137823, 0.16116651, 0.17908023,
       0.34054041, 0.20642724, 0.21084072, 0.19446095, 0.17138001,
       0.19043081, 0.17763765, 0.14409328, 0.12682898, 0.15832524,
       0.1632346 , 0.09270061, 0.10934347, 0.13339177, 0.13105262,
       0.14688249, 0.24008359, 0.27163241, 0.22100332, 0.14458922,
       0.15861253, 0.29821839, 0.30250724, 0.15172173, 0.2122302 ,
       0.17370379, 0.31253013, 0.12861636, 0.25478735, 0.10532305,
       0.1375342 , 0.16169256, 0.18964547, 0.17294534, 0.23217416,
       0.25021105, 0.12805442, 0.25365218, 0.13821848, 0.18966905,
       0.18998209, 0.22443211, 0.15005028, 0.1970137 , 0.28427879,
       0.22953799, 0.29106649, 0.17685468, 0.1376097 , 0.31847946,
       0.1202001 , 0.24661163, 0.17812403, 0.22602792, 0.23427205,
       0.29303327, 0.33960267, 0.28529737, 0.30862881, 0.30760407,
       0.16271967, 0.18031026, 0.18934232, 0.25233527, 0.13227904,
       0.1974971 , 0.21924219, 0.28233859, 0.23127586, 0.0955775 ,
       0.21200541, 0.22790191, 0.14553079, 0.1202541 , 0.2263542 ,
       0.16846696, 0.10184569, 0.30352644, 0.21563014, 0.19182679,
       0.09961361, 0.25560844, 0.12353123, 0.13850491, 0.07932937,
       0.15505968, 0.14651954, 0.15595413, 0.14629573, 0.12157526,
       0.19104375, 0.13896814, 0.13787661, 0.1045073 , 0.13959843,
       0.18040264, 0.24642005, 0.2429865 , 0.34574902, 0.0910081 ,
       0.14844418, 0.29324903, 0.13165772, 0.20703579, 0.20154066,
       0.31351147, 0.34805189, 0.16286273, 0.15650733, 0.16450916,
       0.11114675, 0.17988489, 0.16332251, 0.15496756, 0.32346148,
       0.20165964, 0.18312356, 0.20979406, 0.15251232, 0.13535723,
       0.24336884, 0.19340024, 0.28543634, 0.14546936, 0.32257212,
       0.12674367, 0.29781179, 0.19239114, 0.16214961, 0.15694459,
       0.14203818, 0.15667641, 0.19888192, 0.11767542, 0.18059662,
       0.26458768, 0.10025827, 0.31874483, 0.27335449, 0.22130038,
       0.09687608, 0.26050554, 0.23325368, 0.31305462, 0.18858832,
       0.15227496, 0.18612284, 0.13861776, 0.29607619, 0.11578162,
       0.1577781 , 0.16363931, 0.14667924, 0.19071627, 0.15619964,
       0.21318209, 0.19949035, 0.22355826, 0.22260094, 0.15533546,
       0.18060148, 0.17709405, 0.16601478, 0.17227263, 0.13855535,
       0.12279606, 0.26087891, 0.16625694, 0.34027878, 0.32136417,
       0.11598183, 0.2058542 , 0.33894469, 0.22720667, 0.15667823,
       0.13946001, 0.34703803, 0.14875798, 0.25752118, 0.16716298,
       0.146672  , 0.11974547, 0.18793886, 0.31092123, 0.27074356,
       0.27197305, 0.09988346, 0.20063878, 0.12467048, 0.17684782,
       0.22071479, 0.26122449, 0.11569206, 0.33505645, 0.16544532,
       0.16299915, 0.34529764, 0.19935746, 0.12226959, 0.14004066,
       0.15661842, 0.14013385, 0.17328735, 0.29552372, 0.17112584,
       0.1434826 , 0.13480262, 0.14443337, 0.11566587, 0.13661537,
       0.24567125, 0.13139009, 0.26662767, 0.25561664, 0.3296501 ,
       0.22829909, 0.21136655, 0.18180489, 0.16851412]), 'delta_distances': array([0., 0., 0., 0., 0., 0., 0., 0., 0., 0., 0., 0., 0., 0., 0., 0., 0.,
       0., 0., 0., 0., 0., 0., 0., 0., 0., 0., 0., 0., 0., 0., 0., 0., 0.,
       0., 0., 0., 0., 0., 0., 0., 0., 0., 0., 0., 0., 0., 0., 0., 0., 0.,
       0., 0., 0., 0., 0., 0., 0., 0., 0., 0., 0., 0., 0., 0., 0., 0., 0.,
       0., 0., 0., 0., 0., 0., 0., 0., 0., 0., 0., 0., 0., 0., 0., 0., 0.,
       0., 0., 0., 0., 0., 0., 0., 0., 0., 0., 0., 0., 0., 0., 0., 0., 0.,
       0., 0., 0., 0., 0., 0., 0., 0., 0., 0., 0., 0., 0., 0., 0., 0., 0.,
       0., 0., 0., 0., 0., 0., 0., 0., 0., 0., 0., 0., 0., 0., 0., 0., 0.,
       0., 0., 0., 0., 0., 0., 0., 0., 0., 0., 0., 0., 0., 0., 0., 0., 0.,
       0., 0., 0., 0., 0., 0., 0., 0., 0., 0., 0., 0., 0., 0., 0., 0., 0.,
       0., 0., 0., 0., 0., 0., 0., 0., 0., 0., 0., 0., 0., 0., 0., 0., 0.,
       0., 0., 0., 0., 0., 0., 0., 0., 0., 0., 0., 0., 0., 0., 0., 0., 0.,
       0., 0., 0., 0., 0., 0., 0., 0., 0., 0., 0., 0., 0., 0., 0., 0., 0.,
       0., 0., 0., 0., 0., 0., 0., 0., 0., 0., 0., 0., 0., 0., 0., 0., 0.,
       0., 0., 0., 0., 0., 0., 0., 0., 0., 0., 0., 0., 0., 0., 0., 0., 0.,
       0., 0., 0., 0., 0., 0., 0., 0., 0., 0., 0., 0., 0., 0., 0., 0., 0.,
       0., 0., 0., 0., 0., 0., 0., 0., 0., 0., 0., 0., 0., 0., 0., 0., 0.,
       0., 0., 0., 0., 0., 0., 0., 0., 0., 0., 0., 0., 0., 0., 0., 0., 0.,
       0., 0., 0., 0., 0., 0., 0., 0., 0., 0., 0., 0., 0., 0., 0., 0., 0.,
       0., 0., 0., 0., 0., 0., 0., 0., 0., 0., 0., 0., 0., 0., 0., 0., 0.,
       0., 0., 0., 0., 0., 0., 0., 0., 0., 0., 0., 0., 0., 0., 0., 0., 0.,
       0., 0., 0., 0., 0., 0., 0., 0., 0., 0., 0., 0., 0., 0., 0., 0., 0.,
       0., 0., 0., 0., 0., 0., 0., 0., 0., 0., 0., 0., 0., 0., 0., 0., 0.,
       0., 0., 0., 0., 0., 0., 0., 0., 0., 0., 0., 0., 0., 0., 0., 0., 0.,
       0., 0., 0., 0., 0., 0., 0., 0., 0., 0., 0., 0., 0., 0., 0., 0., 0.,
       0., 0., 0., 0., 0., 0., 0., 0., 0., 0., 0., 0., 0., 0., 0., 0., 0.,
       0., 0., 0., 0., 0., 0., 0., 0., 0., 0., 0., 0., 0., 0., 0., 0., 0.,
       0., 0., 0., 0., 0., 0., 0., 0., 0., 0., 0., 0., 0., 0., 0., 0., 0.,
       0., 0., 0., 0., 0., 0., 0., 0., 0., 0., 0., 0., 0., 0., 0., 0., 0.,
       0., 0., 0., 0., 0., 0., 0., 0., 0., 0., 0., 0., 0., 0., 0., 0., 0.,
       0., 0., 0., 0., 0., 0., 0., 0., 0., 0., 0., 0., 0., 0., 0., 0., 0.,
       0., 0., 0., 0., 0., 0., 0., 0., 0., 0., 0., 0., 0., 0., 0., 0., 0.,
       0., 0., 0., 0., 0., 0., 0., 0., 0., 0., 0., 0., 0., 0., 0., 0., 0.,
       0., 0., 0., 0., 0., 0., 0., 0., 0., 0., 0., 0., 0., 0., 0., 0., 0.,
       0., 0., 0., 0., 0., 0., 0., 0., 0., 0., 0., 0., 0., 0., 0., 0., 0.,
       0., 0., 0., 0., 0., 0., 0., 0., 0., 0., 0., 0., 0., 0., 0., 0., 0.,
       0., 0., 0., 0., 0., 0., 0., 0., 0., 0., 0., 0., 0., 0., 0., 0., 0.,
       0., 0., 0., 0., 0., 0., 0., 0., 0., 0., 0., 0., 0., 0., 0., 0., 0.,
       0., 0., 0., 0., 0., 0., 0., 0., 0., 0., 0., 0., 0., 0., 0., 0., 0.,
       0., 0., 0., 0., 0., 0., 0., 0., 0., 0., 0., 0., 0., 0., 0., 0., 0.,
       0., 0., 0., 0., 0., 0., 0., 0., 0., 0., 0., 0., 0., 0., 0., 0., 0.,
       0., 0., 0., 0., 0., 0., 0., 0., 0., 0., 0., 0., 0., 0., 0., 0., 0.,
       0., 0., 0., 0., 0., 0., 0., 0., 0., 0., 0., 0., 0., 0., 0., 0., 0.,
       0., 0., 0., 0., 0., 0., 0., 0., 0., 0., 0., 0., 0., 0., 0., 0., 0.,
       0., 0., 0., 0., 0., 0., 0., 0., 0., 0., 0., 0., 0., 0., 0., 0., 0.,
       0., 0., 0., 0., 0., 0., 0., 0., 0., 0., 0., 0., 0., 0., 0., 0., 0.,
       0., 0., 0., 0., 0., 0., 0., 0., 0., 0., 0., 0., 0., 0., 0., 0., 0.,
       0., 0., 0., 0., 0., 0., 0., 0., 0., 0., 0., 0., 0., 0., 0., 0., 0.,
       0., 0., 0., 0., 0., 0., 0., 0., 0., 0., 0., 0., 0., 0., 0., 0., 0.,
       0., 0., 0., 0., 0., 0., 0., 0., 0., 0., 0., 0., 0., 0., 0., 0., 0.,
       0., 0., 0., 0., 0., 0., 0., 0., 0., 0., 0., 0., 0., 0., 0., 0., 0.,
       0., 0., 0., 0., 0., 0., 0., 0., 0., 0., 0., 0., 0., 0., 0., 0., 0.]), 'locations': array([ 33,  28,  29,  34,  34,  28,  27,  32,  28,  34,  33,  27,  33,
        31,  34,  31,  28,  31,  28,  30,  30,  34,  19,  31,  31,  32,
        33,  27,  29,  27,  28,  33,  29,  32,  33,  28,  31,  32,  31,
        29,  30,  27,  33,  33,  33,  33,  33,  30,  34,  31,  33,  30,
        33,  33,  30,  27,  27,  28,  29,  33,  27,  31,  33,  28,  30,
        29,  30,  33,  33,  27,  28,  99,  28,  28,  33,  31,  30,  32,
        27,  28,  31,  31,  32,  27,  30,  30, 102,  31,  33,  30,  34,
        31,  32,  34,  31,  29,  32,  28,  34,  28,  33,  28,  30,  30,
        31,  30,  27,  32,  29,  31,  26,  27,  28,  28,  33,  33,  29,
        34,  32,  28,  32,  33,  31,  29,  28,  27,  31,  29,  34,  33,
        31,  31,  28,  31,  29,  98,  30,  31,  34,  32,  32,  28,  34,
        28,  32,  33,  33,  29,  29,  31,  31,  30,  32,  27,  29,  34,
        34,  33,  27,  28,  33, 107,  30,  31,  30,  32,  27,  32,  28,
        31,  32,  32,  28,  30,  27,  28,  34,  30,  32,  31,  28,  34,
        30,  30,  29,  29,  30,  32,  29,  27,  32,  27,  34,  33,  29,
       103,  29,  32,  29,  27,  34,  28,  29,  34,  33,  30,  32,  28,
        30,  32,  27,  27,  15,  27,  27,  29,  31,  18,  34,  31,  31,
        31,  33,  32,  29,  29,  32,  32,  32,  31,  30,  33,  33,  32,
        28,  34,  24,  32,  32,  99,  29,  31,  27,  32,  29,  28,  31,
        34,  30,  32,  27, 102,  28,  30,  31,  29,  33,  28,  28,  30,
        27,  30,  30,  28,  32,  30,  30,  32,  32,  27,  29,  27,  29,
        31,  27,  32,  33,  29,  29,  27,  32,  31,  30,  31,  33,  33,
        25,  31,  30,  30,  34,  28,  29,  29,  29,  30,  32,  32,  34,
        28,  32,  32,  31,  28,  32,  27,  30, 107,  32,  30,  32,  30,
        30,  31,  30,  34,  32,  32,  28,  28,  29,  29,  31,  33,  32,
        33,  30,  32,  33,  34,  27,  30,  32,  29,  28,  33,  34,  31,
        34,  33,  28,  27,  30,  33,  29,  34,  32,  24,  31,  32,  29,
        34,  30,  30,  27,  34,  31,  29,  29,  34,  30,  30,  30,  28,
        31,   2,  28,  33,  33,  32,  33,  32,  26,  14,  34,  30,  32,
        31,  29,  30,  29, 107,  33,  32,  31,  33,  33,  28,  29,  29,
        28,  32,  29,  28,  32,  30,  27,  31,  30,  28,  30,  31,  33,
        29,  30,  29,  30,  30,  31,  94,  30,  31,  34,  32,  29,  29,
        30,  30,  28,  27,  28,  28,  27,  99,  31,  30,  32,  29,  29,
        33,  30,  33,  29,  29,  29,  29,  29,  34,  28,  27,  28,  30,
        32,  34,  32,  34,  31,  31,  30,  12,  30,  30,  30,  29,  32,
        27,  33,  29,  29, 100,  32,  28,  31,  32,  31,  31,  29,  28,
        31,  29,  30,  30,  33,  29,  32,  31,  27,  31,  29,  28,  32,
        28,  32,  29,  27,  32,  30,  33,  28,  28,  31,  30,  28,  29,
        30,  27,  33,  31,  30,  29,  29,  31,  30,  27,  33,  33,  34,
        32,  30,  30,  27,  30,  28,  27,  32,  32,  32,  31,  32,  24,
        32,  33,  28,  32,  29, 107,  29,  29,  29,  28,  31,  28,  32,
        27,  91,  31,  31,  28,  33,  33,  29,  29,  29, 104,  30,  27,
        30,  27,  32,  33,  28,  28,  30,  29,  28,  34,  28,  31,  33,
        28,  32,  30,  33,  31,  30,  28,  30,  32,  29,  31,  33,  28,
        29,  29,  27,  31,  34,  32,  28,  32,  30,  27,  33,  33,  31,
        28,  30,  33,  34,  33,  33,  30,  31,  33,  30,  31,  31,  27,
        30,  30,  31,  32,  28,  28,  30,  33,  33,  31,  29,  33,  27,
        34,  30,  28,  32,  28,  29,  30,  34,  33,  34,  33,  31,  27,
        33,  98,  28,  27,  30,  34,  28,  31,  29,  31,  27,  28,  30,
        29,  32,  33,  29,  29,  34,  29,  34,  30,  28,  30,  29,  32,
        32,  31,  33,  30,  31,  30,  27,  28,  29,  29,  28,  29,  28,
        31,  32,  15,  28,  30,  31,  28,  31,  33,  31,  27,  28,  29,
        30,  28,  28,  30,  29,  28,  31,  32,  34,  29,  28,  32,  31,
        28,  32,  28,  30,  34,  28,  33,  31,  28,  31,  32,  32,  28,
        28,  32,  29,  29,  31,  28,  31,  32,  28,  28,  28,  28,  31,
        30,  28,  31,  33,  32,  31,  26,  28,  34,  34,  34,  31,  30,
        32,  29,  27,  32,  29,  29,  33,  32,  30,  29,  33,  28,  30,
        30,  27,  29,  30,  29,  33,  30,  29,  30,  29,  28,  33,  27,
        32,  29,  28,  29,  31,  34,  27,  30,  32,  32,  31,  27,  28,
        29,  33,  26,  31, 107,  31,  27,  28,  29,  27,  30,  32,  32,
        29,  30,  32,  30,  33,  30,  30,  34,  31,  27,  28,  34,  32,
        29,  29,  33,  31,  29,  33,  29,  33,  30, 105,  27,  30,  28,
        31,  33,  24,  34,  31,  30,  31,  29,  29,  34,  27,  30,  29,
        34,  28,  30,  34,  31,  30,  29,  33,  29,  28,  30,  27,  30,
        27, 107, 107,  27,  33,  16,  32,  34,  33, 103,  34,  32,  33,
        31,  33,  29,  31,  34,  27,  28,  32,  28,  28,  29,  33,  29,
        24,  31,  32,  17,  31,  34,  28,  29,  27,  31,  33,  29,  31,
        31,  28,  27,  33,  27,  28,  28,  28,  34,  28,  31,  32,  29])}, {'ts_index': 4, 'loc': 58, 'gap': 0.06665061961270291, 'distances': array([0.        , 0.24515274, 0.16418632, 0.15885801, 0.09052632,
       0.23218499, 0.19704557, 0.28087079, 0.19342505, 0.14529271,
       0.2060732 , 0.17139937, 0.30558684, 0.13370019, 0.15049807,
       0.20928837, 0.11338765, 0.26645583, 0.10374347, 0.19109603,
       0.12677851, 0.21350944, 0.23155042, 0.2958962 , 0.1142318 ,
       0.17112317, 0.13802185, 0.31072561, 0.11019244, 0.13464164,
       0.31181605, 0.13118537, 0.2132182 , 0.14882909, 0.11569777,
       0.20209395, 0.18152189, 0.35378528, 0.203498  , 0.15137035,
       0.13253525, 0.15527612, 0.20696122, 0.16068314, 0.09840529,
       0.13689247, 0.13556825, 0.19657036, 0.12622794, 0.16064454,
       0.12782727, 0.14403929, 0.14165055, 0.14864352, 0.25059849,
       0.35290639, 0.26410144, 0.25495976, 0.14949561, 0.13340215,
       0.14523875, 0.21187376, 0.1341215 , 0.1503626 , 0.09136929,
       0.13242735, 0.23939016, 0.14541478, 0.18980047, 0.19427403,
       0.18658563, 0.13097795, 0.37395077, 0.22365499, 0.16722332,
       0.1826176 , 0.26474475, 0.12752009, 0.3274492 , 0.21618174,
       0.15047401, 0.28104141, 0.1803443 , 0.21857592, 0.27719053,
       0.19139208, 0.13799066, 0.11920608, 0.14818505, 0.15676267,
       0.15756639, 0.21333146, 0.2865218 , 0.18505273, 0.27734044,
       0.14441463, 0.17959767, 0.14600474, 0.12419584, 0.2048354 ,
       0.10600521, 0.21054288, 0.26419953, 0.14969606, 0.16552099,
       0.1639397 , 0.14172058, 0.3271032 , 0.18676324, 0.32610878,
       0.16822203, 0.16908075, 0.11528821, 0.18024787, 0.18178451,
       0.16445489, 0.17180492, 0.20856183, 0.31077111, 0.13686251,
       0.15167842, 0.15989797, 0.09434085, 0.16563795, 0.20064911,
       0.22602662, 0.26884847, 0.15357053, 0.1472073 , 0.36827226,
       0.10116637, 0.23206506, 0.09201806, 0.29851883, 0.13075101,
       0.28385118, 0.2509552 , 0.14171738, 0.14731543, 0.10312158,
       0.30564139, 0.11495525, 0.29927886, 0.1442224 , 0.26732147,
       0.20914972, 0.28330664, 0.0992883 ]), 'delta_distances': array([0., 0., 0., 0., 0., 0., 0., 0., 0., 0., 0., 0., 0., 0., 0., 0., 0.,
       0., 0., 0., 0., 0., 0., 0., 0., 0., 0., 0., 0., 0., 0., 0., 0., 0.,
       0., 0., 0., 0., 0., 0., 0., 0., 0., 0., 0., 0., 0., 0., 0., 0., 0.,
       0., 0., 0., 0., 0., 0., 0., 0., 0., 0., 0., 0., 0., 0., 0., 0., 0.,
       0., 0., 0., 0., 0., 0., 0., 0., 0., 0., 0., 0., 0., 0., 0., 0., 0.,
       0., 0., 0., 0., 0., 0., 0., 0., 0., 0., 0., 0., 0., 0., 0., 0., 0.,
       0., 0., 0., 0., 0., 0., 0., 0., 0., 0., 0., 0., 0., 0., 0., 0., 0.,
       0., 0., 0., 0., 0., 0., 0., 0., 0., 0., 0., 0., 0., 0., 0., 0., 0.,
       0., 0., 0., 0., 0., 0., 0., 0., 0., 0., 0., 0.]), 'locations': array([58, 56, 58, 55, 55, 55, 57, 54, 57, 57, 55, 55, 55, 56, 57, 57, 58,
       57, 57, 55, 58, 54, 54, 54, 55, 58, 56, 55, 55, 56, 58, 56, 57, 56,
       58, 58, 57, 58, 57, 58, 57, 57, 53, 56, 57, 57, 56, 56, 58, 56, 56,
       54, 58, 57, 51, 54, 53, 54, 53, 56, 58, 55, 56, 57, 57, 56, 59, 55,
       54, 57, 53, 58, 25, 56, 54, 58, 56, 56, 55, 57, 55, 55, 54, 57, 58,
       54, 56, 58, 56, 59, 56, 55, 59, 55, 58, 53, 57, 52, 56, 53, 58, 54,
       58, 57, 55, 54, 58, 57, 55, 55, 52, 56, 52, 55, 54, 55, 55, 56, 52,
       58, 58, 55, 55, 56, 53, 55, 54, 55, 58, 60, 58, 58, 58, 53, 56, 53,
       60, 55, 57, 58, 55, 58, 54, 57, 53, 59, 52, 58])}, {'ts_index': 660, 'loc': 26, 'gap': 0.0367957579417551, 'distances': array([0.13950856, 0.19824158, 0.194842  , 0.16160327, 0.16546809,
       0.09801782, 0.08083138, 0.13333693, 0.18354089, 0.13744137,
       0.09148068, 0.13310941, 0.10899901, 0.20336971, 0.        ,
       0.11048344, 0.10300414, 0.21133645, 0.07313497, 0.09568739,
       0.16399718, 0.20125964, 0.10990384, 0.13802113, 0.15203522]), 'delta_distances': array([0., 0., 0., 0., 0., 0., 0., 0., 0., 0., 0., 0., 0., 0., 0., 0., 0.,
       0., 0., 0., 0., 0., 0., 0., 0.]), 'locations': array([26, 24, 26, 27, 25, 28, 25, 25, 25, 27, 28, 27, 28, 24, 26, 28, 24,
       27, 24, 24, 26, 11, 24, 26, 25])}, {'ts_index': 538, 'loc': 81, 'gap': 0.045045146528310626, 'distances': array([0.11977037, 0.09899233, 0.        , 0.17022199, 0.17510936]), 'delta_distances': array([0., 0., 0., 0., 0.]), 'locations': array([84, 82, 81, 79, 81])}], 'clusters': array([1, 1, 1, 1, 2, 1, 1, 2, 1, 1, 1, 1, 1, 1, 2, 1, 1, 1, 1, 1, 2, 1,
       2, 1, 1, 1, 1, 1, 1, 1, 1, 1, 1, 1, 1, 1, 1, 1, 2, 1, 1, 1, 1, 1,
       1, 1, 1, 1, 1, 1, 2, 3, 1, 2, 1, 1, 1, 1, 1, 1, 1, 1, 2, 1, 1, 1,
       2, 1, 1, 1, 1, 2, 1, 1, 1, 1, 1, 1, 1, 1, 1, 1, 1, 1, 1, 1, 4, 1,
       1, 1, 1, 1, 2, 1, 1, 1, 1, 1, 1, 1, 1, 1, 1, 1, 1, 1, 1, 1, 1, 1,
       2, 1, 1, 1, 1, 1, 2, 1, 1, 1, 1, 1, 1, 1, 1, 1, 1, 1, 2, 1, 1, 1,
       1, 1, 1, 4, 1, 1, 1, 1, 1, 1, 1, 1, 1, 2, 1, 1, 1, 1, 1, 2, 1, 1,
       1, 2, 1, 1, 1, 2, 1, 2, 1, 1, 1, 1, 1, 1, 1, 1, 1, 1, 1, 1, 1, 1,
       1, 3, 1, 1, 1, 1, 1, 1, 1, 1, 1, 1, 1, 1, 1, 2, 1, 1, 1, 2, 1, 2,
       1, 1, 1, 1, 1, 1, 1, 1, 1, 1, 1, 1, 1, 3, 2, 1, 1, 1, 2, 3, 1, 1,
       1, 1, 1, 1, 1, 1, 1, 1, 2, 1, 1, 1, 2, 1, 1, 1, 2, 1, 1, 2, 1, 1,
       1, 2, 1, 1, 2, 1, 1, 1, 1, 3, 1, 1, 1, 1, 1, 1, 1, 1, 1, 1, 1, 1,
       1, 2, 1, 1, 1, 1, 1, 2, 1, 1, 1, 1, 1, 1, 1, 1, 2, 1, 1, 1, 1, 1,
       2, 1, 1, 1, 1, 1, 1, 1, 2, 1, 1, 2, 1, 1, 1, 1, 1, 1, 2, 1, 1, 2,
       2, 1, 2, 1, 1, 1, 1, 2, 1, 2, 1, 1, 1, 1, 1, 1, 1, 2, 2, 1, 1, 1,
       1, 1, 1, 1, 1, 1, 1, 1, 2, 1, 1, 1, 1, 1, 1, 1, 1, 2, 1, 1, 1, 1,
       1, 1, 2, 1, 1, 1, 3, 1, 1, 1, 1, 2, 1, 2, 2, 1, 1, 1, 1, 1, 1, 2,
       2, 1, 1, 1, 1, 2, 1, 2, 1, 1, 1, 1, 1, 1, 1, 1, 1, 1, 1, 1, 2, 1,
       1, 1, 1, 1, 1, 1, 2, 1, 1, 1, 1, 1, 1, 2, 1, 1, 1, 1, 1, 1, 1, 1,
       1, 1, 1, 1, 2, 2, 1, 2, 1, 1, 1, 1, 1, 2, 1, 2, 1, 1, 1, 2, 1, 1,
       3, 1, 1, 1, 1, 1, 1, 1, 1, 2, 1, 1, 1, 2, 1, 1, 2, 1, 1, 2, 1, 1,
       1, 2, 1, 3, 1, 1, 2, 1, 1, 1, 1, 1, 2, 3, 1, 1, 1, 2, 1, 2, 1, 1,
       1, 1, 3, 1, 1, 1, 1, 2, 1, 1, 1, 1, 1, 1, 1, 1, 1, 2, 1, 1, 1, 1,
       2, 1, 1, 1, 1, 1, 1, 1, 1, 1, 1, 1, 2, 2, 2, 1, 1, 1, 1, 2, 1, 1,
       1, 1, 1, 1, 1, 1, 3, 1, 2, 1, 4, 1, 1, 1, 2, 2, 1, 1, 1, 1, 1, 1,
       1, 1, 1, 1, 1, 1, 1, 1, 1, 1, 1, 1, 1, 1, 1, 2, 1, 1, 1, 1, 1, 1,
       1, 1, 1, 2, 1, 1, 2, 1, 1, 1, 1, 1, 1, 1, 1, 1, 2, 1, 1, 1, 1, 1,
       1, 1, 1, 1, 2, 1, 1, 1, 1, 1, 1, 1, 1, 1, 1, 1, 1, 1, 1, 1, 1, 1,
       1, 1, 1, 1, 1, 1, 2, 1, 2, 2, 1, 1, 1, 1, 1, 1, 1, 1, 1, 1, 1, 1,
       1, 1, 1, 1, 1, 1, 1, 1, 1, 1, 1, 1, 1, 1, 1, 1, 1, 2, 2, 1, 1, 1,
       3, 1, 1, 1, 1, 2, 1, 1, 1, 1, 1, 1, 1, 1, 1, 1, 1, 1, 1, 1, 1, 1,
       3, 1, 1, 1, 2, 2, 1, 1, 1, 2, 1, 1, 1, 1, 1, 1, 1, 1, 1, 1, 1, 1,
       1, 1, 1, 1, 1, 2, 1, 2, 1, 1, 2, 1, 1, 1, 1, 1, 2, 2, 3, 2, 2, 1,
       1, 1, 1, 1, 1, 1, 2, 1, 1, 1, 1, 1, 1, 1, 1, 1, 2, 1, 1, 1, 1, 1,
       1, 1, 1, 1, 1, 1, 1, 1, 1, 1, 1, 1, 1, 1, 1, 2, 1, 1, 2, 1, 1, 1,
       2, 0, 1, 1, 1, 1, 1, 1, 1, 2, 1, 1, 1, 1, 1, 1, 1, 2, 1, 3, 1, 2,
       1, 1, 1, 1, 1, 1, 1, 1, 2, 1, 2, 3, 1, 1, 1, 1, 2, 1, 1, 1, 1, 3,
       1, 1, 1, 1, 1, 1, 1, 1, 1, 1, 1, 1, 1, 1, 1, 1, 1, 1, 1, 2, 2, 1,
       1, 2, 1, 1, 1, 2, 1, 1, 1, 1, 1, 1, 0, 2, 3, 1, 1, 1, 1, 1, 1, 1,
       2, 1, 1, 3, 1, 1, 1, 1, 1, 1, 2, 1, 1, 1, 1, 1, 1, 1, 1, 3, 1, 2,
       1, 1, 1, 1]), 'time': 827.3422503471375}
lenSubsequence: 32{'RI': 0.5017038786940858, 'num_clusters': 7, 'uShapelets': [{'ts_index': 805, 'loc': 35, 'gap': 0.05346073677574331, 'distances': array([0.11453233, 0.191537  , 0.21575907, 0.15670389, 0.27200122,
       0.21459875, 0.15677645, 0.28096577, 0.14565821, 0.21531545,
       0.14018549, 0.16475224, 0.14817717, 0.17119581, 0.26503753,
       0.22879831, 0.2186309 , 0.16928203, 0.14327726, 0.17480499,
       0.26795397, 0.19856537, 0.31164483, 0.13681767, 0.16563069,
       0.19997544, 0.12186803, 0.17972486, 0.22699565, 0.15587748,
       0.22183063, 0.18501662, 0.19222423, 0.16588817, 0.20416511,
       0.22132609, 0.20563958, 0.24318037, 0.26888488, 0.2004119 ,
       0.21414307, 0.22626464, 0.14820715, 0.14984983, 0.2632933 ,
       0.17567472, 0.18512404, 0.21177919, 0.21957894, 0.12306366,
       0.26789469, 0.27666317, 0.1872741 , 0.30201268, 0.22678171,
       0.29637249, 0.13577486, 0.18597825, 0.18377762, 0.13154531,
       0.18652771, 0.19561329, 0.27647613, 0.28830297, 0.24783549,
       0.25771136, 0.24730028, 0.16126129, 0.14040708, 0.30891008,
       0.17938706, 0.29587288, 0.20900814, 0.22995941, 0.16226205,
       0.21562608, 0.19207279, 0.28715706, 0.22750163, 0.26897038,
       0.19474496, 0.1997854 , 0.13081225, 0.20216921, 0.10086533,
       0.11931672, 0.30078683, 0.19797942, 0.12189788, 0.17948167,
       0.15181564, 0.18463494, 0.26483195, 0.14140021, 0.22005767,
       0.18161942, 0.20740531, 0.16893242, 0.18255378, 0.25410001,
       0.18226737, 0.16697975, 0.13946619, 0.16987961, 0.23208434,
       0.10292842, 0.1294294 , 0.20216326, 0.14282044, 0.176313  ,
       0.30115386, 0.26805029, 0.24450411, 0.14671034, 0.21329679,
       0.21197822, 0.31019896, 0.23193612, 0.20329715, 0.17895037,
       0.16183549, 0.23623826, 0.1297664 , 0.19622702, 0.2543008 ,
       0.18867762, 0.16138696, 0.21172568, 0.25663495, 0.16693527,
       0.18095836, 0.09103708, 0.15219217, 0.18319663, 0.14030565,
       0.29971324, 0.19694946, 0.16156358, 0.13420331, 0.18894782,
       0.17762698, 0.2118508 , 0.20017018, 0.14169562, 0.13603102,
       0.26264561, 0.19177393, 0.21652342, 0.2127107 , 0.22083099,
       0.19435938, 0.2908246 , 0.2206585 , 0.15471577, 0.20223104,
       0.25916222, 0.18942177, 0.11875453, 0.23865444, 0.29147657,
       0.10779578, 0.30412688, 0.21664966, 0.19707126, 0.23699148,
       0.22986243, 0.17190634, 0.2171157 , 0.21179759, 0.14011407,
       0.24614875, 0.15156533, 0.14672533, 0.25517359, 0.16999806,
       0.30206578, 0.17369034, 0.29350263, 0.19318535, 0.21633488,
       0.15075602, 0.23695012, 0.20161155, 0.12675265, 0.23434106,
       0.13663977, 0.24388413, 0.23067251, 0.14075923, 0.20839051,
       0.17576584, 0.25267723, 0.15574508, 0.14285722, 0.14629145,
       0.30729575, 0.20897579, 0.27326691, 0.19583775, 0.20174901,
       0.19280342, 0.14255156, 0.20280579, 0.18259318, 0.23496528,
       0.18064889, 0.12500027, 0.12514447, 0.12477225, 0.19715328,
       0.16834652, 0.29677156, 0.29986995, 0.19331574, 0.24180143,
       0.19307667, 0.27947677, 0.31354579, 0.16088014, 0.11606167,
       0.17506774, 0.16729498, 0.16099641, 0.23074903, 0.24368167,
       0.17335679, 0.09301469, 0.19137703, 0.30153386, 0.17716976,
       0.19843108, 0.14365633, 0.2405105 , 0.2177252 , 0.20522338,
       0.16259225, 0.30283479, 0.14857124, 0.24885101, 0.30388065,
       0.17241976, 0.14467622, 0.11586556, 0.29679413, 0.08576727,
       0.214021  , 0.25487507, 0.12858832, 0.16007285, 0.22253416,
       0.14303959, 0.30240646, 0.11726267, 0.17754967, 0.28897455,
       0.16576571, 0.15215466, 0.12647739, 0.1934989 , 0.20612567,
       0.28680732, 0.25067403, 0.21864745, 0.27397771, 0.09863119,
       0.29688064, 0.09770854, 0.18287449, 0.18334264, 0.16302984,
       0.24156613, 0.30262787, 0.0993289 , 0.11933158, 0.25872697,
       0.15821379, 0.1435878 , 0.14831716, 0.238064  , 0.19187892,
       0.25915462, 0.15369425, 0.29177124, 0.15933346, 0.15420153,
       0.21581636, 0.31052083, 0.2116159 , 0.2181928 , 0.09466783,
       0.12686914, 0.14681217, 0.08764184, 0.21119036, 0.26378327,
       0.14828666, 0.15654522, 0.30403749, 0.19171519, 0.17232886,
       0.18165266, 0.12495658, 0.24157883, 0.14942718, 0.27445079,
       0.14311693, 0.26528518, 0.30643061, 0.28447721, 0.18319661,
       0.28365399, 0.18254861, 0.16302636, 0.1286824 , 0.13456077,
       0.25565888, 0.15663513, 0.27665561, 0.12411579, 0.30769729,
       0.12343912, 0.12600378, 0.14042453, 0.15175135, 0.14435536,
       0.24861258, 0.26741037, 0.16441699, 0.20344506, 0.17710188,
       0.16526054, 0.16961809, 0.17723224, 0.16793951, 0.14068151,
       0.22564544, 0.17348038, 0.10360084, 0.25302444, 0.17899287,
       0.1172585 , 0.16125463, 0.15635242, 0.18263113, 0.14923149,
       0.13941652, 0.13851609, 0.32220427, 0.22136225, 0.14754521,
       0.16376796, 0.17753292, 0.16735263, 0.18269061, 0.25539638,
       0.14213239, 0.13745254, 0.19205338, 0.2975526 , 0.20529966,
       0.18016689, 0.19540848, 0.20646844, 0.27823266, 0.22302135,
       0.28970347, 0.24015428, 0.11516285, 0.18319205, 0.1217074 ,
       0.09667116, 0.15327402, 0.28004919, 0.27844738, 0.29836666,
       0.13587421, 0.17883726, 0.13103836, 0.24205143, 0.23694559,
       0.19594795, 0.30453287, 0.16235138, 0.14156733, 0.20527602,
       0.11956308, 0.12301927, 0.13773199, 0.18434976, 0.25418718,
       0.22327263, 0.12365694, 0.13094315, 0.19934826, 0.27678473,
       0.13904336, 0.19742214, 0.22095685, 0.18578492, 0.23492966,
       0.25002364, 0.13527496, 0.29987304, 0.29194528, 0.20554885,
       0.09691278, 0.174303  , 0.17697174, 0.18296423, 0.30925852,
       0.13321441, 0.13342077, 0.19520652, 0.17918919, 0.12985198,
       0.23082568, 0.16496178, 0.12276175, 0.30021561, 0.21930174,
       0.14046039, 0.16798042, 0.3052124 , 0.30253028, 0.30350581,
       0.26710555, 0.22404612, 0.28117329, 0.16303306, 0.19560644,
       0.23839619, 0.25931329, 0.26946471, 0.28403255, 0.15337073,
       0.2394221 , 0.16876193, 0.23880721, 0.12033673, 0.29438042,
       0.30698887, 0.26738035, 0.20901622, 0.18489274, 0.22044349,
       0.15564651, 0.20325542, 0.19257539, 0.18212069, 0.29053516,
       0.15638074, 0.22077802, 0.11932   , 0.22898925, 0.21130667,
       0.15872848, 0.23814004, 0.3068371 , 0.24858451, 0.31276732,
       0.15722194, 0.25386226, 0.20022308, 0.27598608, 0.17708809,
       0.3026757 , 0.23702731, 0.14230103, 0.25745054, 0.18520089,
       0.20196163, 0.14353111, 0.19125786, 0.10456947, 0.26952888,
       0.29777646, 0.10912413, 0.17057411, 0.2437231 , 0.30011985,
       0.17518091, 0.23416097, 0.17687627, 0.11733774, 0.20146396,
       0.14605879, 0.27593969, 0.0495945 , 0.24309231, 0.14021214,
       0.16684999, 0.27483108, 0.14132919, 0.16229516, 0.24387906,
       0.16328045, 0.16044437, 0.25283191, 0.2230408 , 0.18547675,
       0.14427632, 0.23989334, 0.15531032, 0.14082292, 0.11382296,
       0.17253832, 0.27287036, 0.20023362, 0.13698782, 0.1892666 ,
       0.29941103, 0.19893803, 0.24118371, 0.26665617, 0.12684435,
       0.11816468, 0.24918519, 0.14299039, 0.29049381, 0.31033535,
       0.26819819, 0.10916788, 0.17296533, 0.22700339, 0.12906528,
       0.30525566, 0.20318699, 0.19376358, 0.1271009 , 0.12751713,
       0.19687875, 0.21897581, 0.19446459, 0.25559316, 0.30106067,
       0.14514145, 0.2755303 , 0.2198319 , 0.30978231, 0.20472226,
       0.20735792, 0.1684368 , 0.28379691, 0.28598025, 0.11809557,
       0.21376303, 0.14234249, 0.18961341, 0.18682065, 0.19075625,
       0.30745834, 0.17955374, 0.18273891, 0.15834235, 0.19102357,
       0.17006134, 0.18777511, 0.21549008, 0.14469121, 0.22495294,
       0.17179056, 0.17749231, 0.14430153, 0.19487855, 0.17473277,
       0.28318527, 0.16354451, 0.25040168, 0.21343708, 0.19241779,
       0.22855938, 0.2440628 , 0.22446132, 0.22316445, 0.2656838 ,
       0.3032017 , 0.11229854, 0.20682952, 0.2753863 , 0.17784338,
       0.27001183, 0.17177249, 0.18874994, 0.11084484, 0.15522926,
       0.30624982, 0.14155058, 0.11594147, 0.26784925, 0.14367448,
       0.16197026, 0.21842708, 0.26906128, 0.1480348 , 0.18291839,
       0.17968064, 0.18350288, 0.17129354, 0.28426699, 0.14815902,
       0.17493787, 0.11009694, 0.17824209, 0.15141881, 0.11911582,
       0.10126401, 0.16833567, 0.21478508, 0.24907871, 0.13802127,
       0.24879206, 0.16622115, 0.21604206, 0.19806612, 0.189801  ,
       0.18751847, 0.16920907, 0.17237134, 0.24943748, 0.11881686,
       0.24908151, 0.15620621, 0.27855022, 0.2723368 , 0.22722953,
       0.30112939, 0.17035195, 0.13747481, 0.13819856, 0.2283317 ,
       0.21740367, 0.11655875, 0.15414744, 0.1635335 , 0.25983983,
       0.19118369, 0.15828442, 0.13799594, 0.11684789, 0.15208762,
       0.12544561, 0.1338984 , 0.12363302, 0.09708641, 0.23232319,
       0.23781089, 0.25206921, 0.21092588, 0.2558934 , 0.13221991,
       0.15601225, 0.13884272, 0.10357695, 0.18164552, 0.17055577,
       0.28394126, 0.31039672, 0.19955893, 0.11369656, 0.18899169,
       0.30705907, 0.17065354, 0.19845478, 0.16094741, 0.18292304,
       0.30712297, 0.26526624, 0.17284085, 0.25181252, 0.16276   ,
       0.1544428 , 0.1725723 , 0.15019277, 0.1246473 , 0.1220651 ,
       0.18676017, 0.14177942, 0.15303058, 0.14190945, 0.22828111,
       0.16099815, 0.24033008, 0.30042293, 0.22943844, 0.14269417,
       0.2004978 , 0.28798235, 0.28570916, 0.17882483, 0.25908266,
       0.15507331, 0.28367184, 0.11559979, 0.23367748, 0.12480955,
       0.1500361 , 0.14936007, 0.28444588, 0.17519587, 0.19208458,
       0.28644056, 0.1411631 , 0.24517005, 0.13818058, 0.18724486,
       0.16317305, 0.23888239, 0.10456429, 0.20181289, 0.25093951,
       0.23888467, 0.26930117, 0.21822432, 0.16099475, 0.29697189,
       0.12404264, 0.22734565, 0.17298567, 0.19109625, 0.23764145,
       0.23970217, 0.30771214, 0.30706174, 0.28764549, 0.29883793,
       0.15083438, 0.17479107, 0.17889638, 0.25280377, 0.11493792,
       0.18692362, 0.20114485, 0.27239057, 0.2394048 , 0.12173671,
       0.22284613, 0.22292554, 0.14045385, 0.125059  , 0.26899869,
       0.14292096, 0.12610389, 0.27854885, 0.20230996, 0.21456343,
       0.27942009, 0.25919675, 0.18797767, 0.17095919, 0.13294859,
       0.17296884, 0.1864397 , 0.15183782, 0.14118145, 0.15732557,
       0.15820252, 0.22873055, 0.17086408, 0.1189652 , 0.14878795,
       0.1839021 , 0.2328701 , 0.22589433, 0.30841502, 0.09073603,
       0.11214054, 0.26533573, 0.15282705, 0.1607544 , 0.29386196,
       0.28463216, 0.30531424, 0.13167361, 0.21637302, 0.18038149,
       0.16420633, 0.20439745, 0.19718264, 0.10730075, 0.28148583,
       0.18502965, 0.18172516, 0.17569833, 0.18218128, 0.13639304,
       0.23251232, 0.17532523, 0.24624417, 0.11484263, 0.3162702 ,
       0.26923168, 0.27867936, 0.22247165, 0.11386871, 0.19515657,
       0.12905737, 0.16795735, 0.21525715, 0.09431789, 0.18075559,
       0.2423256 , 0.12855885, 0.30253239, 0.30388116, 0.21819368,
       0.        , 0.27071858, 0.21838957, 0.30228756, 0.15922571,
       0.18118486, 0.20527746, 0.16717794, 0.25921677, 0.19206368,
       0.15650156, 0.18589866, 0.14767289, 0.20624924, 0.15986428,
       0.21505885, 0.20883508, 0.23030457, 0.19254523, 0.13510638,
       0.20848868, 0.21198303, 0.21586617, 0.26245034, 0.14250737,
       0.19940263, 0.29348397, 0.20912129, 0.30163439, 0.30811227,
       0.14623963, 0.19786789, 0.30322563, 0.20571883, 0.15665122,
       0.15572271, 0.30814195, 0.13665008, 0.26247491, 0.12481917,
       0.13420086, 0.10431514, 0.30996056, 0.3121467 , 0.26907959,
       0.27311583, 0.10255742, 0.2605332 , 0.12432806, 0.22159424,
       0.23155474, 0.2479822 , 0.17535646, 0.28625295, 0.17553129,
       0.16384948, 0.31332046, 0.24966877, 0.1253068 , 0.12109868,
       0.15265955, 0.15933614, 0.15210544, 0.29673577, 0.2519382 ,
       0.12903061, 0.1699809 , 0.24109393, 0.17499599, 0.13860075,
       0.26027921, 0.13379536, 0.25114954, 0.25662879, 0.30601035,
       0.22913029, 0.16934051, 0.17928399, 0.19100529]), 'delta_distances': array([0., 0., 0., 0., 0., 0., 0., 0., 0., 0., 0., 0., 0., 0., 0., 0., 0.,
       0., 0., 0., 0., 0., 0., 0., 0., 0., 0., 0., 0., 0., 0., 0., 0., 0.,
       0., 0., 0., 0., 0., 0., 0., 0., 0., 0., 0., 0., 0., 0., 0., 0., 0.,
       0., 0., 0., 0., 0., 0., 0., 0., 0., 0., 0., 0., 0., 0., 0., 0., 0.,
       0., 0., 0., 0., 0., 0., 0., 0., 0., 0., 0., 0., 0., 0., 0., 0., 0.,
       0., 0., 0., 0., 0., 0., 0., 0., 0., 0., 0., 0., 0., 0., 0., 0., 0.,
       0., 0., 0., 0., 0., 0., 0., 0., 0., 0., 0., 0., 0., 0., 0., 0., 0.,
       0., 0., 0., 0., 0., 0., 0., 0., 0., 0., 0., 0., 0., 0., 0., 0., 0.,
       0., 0., 0., 0., 0., 0., 0., 0., 0., 0., 0., 0., 0., 0., 0., 0., 0.,
       0., 0., 0., 0., 0., 0., 0., 0., 0., 0., 0., 0., 0., 0., 0., 0., 0.,
       0., 0., 0., 0., 0., 0., 0., 0., 0., 0., 0., 0., 0., 0., 0., 0., 0.,
       0., 0., 0., 0., 0., 0., 0., 0., 0., 0., 0., 0., 0., 0., 0., 0., 0.,
       0., 0., 0., 0., 0., 0., 0., 0., 0., 0., 0., 0., 0., 0., 0., 0., 0.,
       0., 0., 0., 0., 0., 0., 0., 0., 0., 0., 0., 0., 0., 0., 0., 0., 0.,
       0., 0., 0., 0., 0., 0., 0., 0., 0., 0., 0., 0., 0., 0., 0., 0., 0.,
       0., 0., 0., 0., 0., 0., 0., 0., 0., 0., 0., 0., 0., 0., 0., 0., 0.,
       0., 0., 0., 0., 0., 0., 0., 0., 0., 0., 0., 0., 0., 0., 0., 0., 0.,
       0., 0., 0., 0., 0., 0., 0., 0., 0., 0., 0., 0., 0., 0., 0., 0., 0.,
       0., 0., 0., 0., 0., 0., 0., 0., 0., 0., 0., 0., 0., 0., 0., 0., 0.,
       0., 0., 0., 0., 0., 0., 0., 0., 0., 0., 0., 0., 0., 0., 0., 0., 0.,
       0., 0., 0., 0., 0., 0., 0., 0., 0., 0., 0., 0., 0., 0., 0., 0., 0.,
       0., 0., 0., 0., 0., 0., 0., 0., 0., 0., 0., 0., 0., 0., 0., 0., 0.,
       0., 0., 0., 0., 0., 0., 0., 0., 0., 0., 0., 0., 0., 0., 0., 0., 0.,
       0., 0., 0., 0., 0., 0., 0., 0., 0., 0., 0., 0., 0., 0., 0., 0., 0.,
       0., 0., 0., 0., 0., 0., 0., 0., 0., 0., 0., 0., 0., 0., 0., 0., 0.,
       0., 0., 0., 0., 0., 0., 0., 0., 0., 0., 0., 0., 0., 0., 0., 0., 0.,
       0., 0., 0., 0., 0., 0., 0., 0., 0., 0., 0., 0., 0., 0., 0., 0., 0.,
       0., 0., 0., 0., 0., 0., 0., 0., 0., 0., 0., 0., 0., 0., 0., 0., 0.,
       0., 0., 0., 0., 0., 0., 0., 0., 0., 0., 0., 0., 0., 0., 0., 0., 0.,
       0., 0., 0., 0., 0., 0., 0., 0., 0., 0., 0., 0., 0., 0., 0., 0., 0.,
       0., 0., 0., 0., 0., 0., 0., 0., 0., 0., 0., 0., 0., 0., 0., 0., 0.,
       0., 0., 0., 0., 0., 0., 0., 0., 0., 0., 0., 0., 0., 0., 0., 0., 0.,
       0., 0., 0., 0., 0., 0., 0., 0., 0., 0., 0., 0., 0., 0., 0., 0., 0.,
       0., 0., 0., 0., 0., 0., 0., 0., 0., 0., 0., 0., 0., 0., 0., 0., 0.,
       0., 0., 0., 0., 0., 0., 0., 0., 0., 0., 0., 0., 0., 0., 0., 0., 0.,
       0., 0., 0., 0., 0., 0., 0., 0., 0., 0., 0., 0., 0., 0., 0., 0., 0.,
       0., 0., 0., 0., 0., 0., 0., 0., 0., 0., 0., 0., 0., 0., 0., 0., 0.,
       0., 0., 0., 0., 0., 0., 0., 0., 0., 0., 0., 0., 0., 0., 0., 0., 0.,
       0., 0., 0., 0., 0., 0., 0., 0., 0., 0., 0., 0., 0., 0., 0., 0., 0.,
       0., 0., 0., 0., 0., 0., 0., 0., 0., 0., 0., 0., 0., 0., 0., 0., 0.,
       0., 0., 0., 0., 0., 0., 0., 0., 0., 0., 0., 0., 0., 0., 0., 0., 0.,
       0., 0., 0., 0., 0., 0., 0., 0., 0., 0., 0., 0., 0., 0., 0., 0., 0.,
       0., 0., 0., 0., 0., 0., 0., 0., 0., 0., 0., 0., 0., 0., 0., 0., 0.,
       0., 0., 0., 0., 0., 0., 0., 0., 0., 0., 0., 0., 0., 0., 0., 0., 0.,
       0., 0., 0., 0., 0., 0., 0., 0., 0., 0., 0., 0., 0., 0., 0., 0., 0.,
       0., 0., 0., 0., 0., 0., 0., 0., 0., 0., 0., 0., 0., 0., 0., 0., 0.,
       0., 0., 0., 0., 0., 0., 0., 0., 0., 0., 0., 0., 0., 0., 0., 0., 0.,
       0., 0., 0., 0., 0., 0., 0., 0., 0., 0., 0., 0., 0., 0., 0., 0., 0.,
       0., 0., 0., 0., 0., 0., 0., 0., 0., 0., 0., 0., 0., 0., 0., 0., 0.,
       0., 0., 0., 0., 0., 0., 0., 0., 0., 0., 0., 0., 0., 0., 0., 0., 0.,
       0., 0., 0., 0., 0., 0., 0., 0., 0., 0., 0., 0., 0., 0., 0., 0., 0.,
       0., 0., 0., 0., 0., 0., 0., 0., 0., 0., 0., 0., 0., 0., 0., 0., 0.]), 'locations': array([ 41,  35,  38,  41,  41,  36,  34,  39,  35,  41,  40,  35,  40,
        38,  41,  38,  35,  38,  36,  37,  37,  41,   7,  39,  38,  39,
        40,  35,  36,  34,  36,  40,  37,  40,  40,  36,  38,  40,  38,
        36,  38,  34,  40,  40,  40,  40,  40,  37,  41,  38,  41,  37,
        40, 103,  37,  18,  34,  36,  36,  40,  35,  38,  40,  35,  37,
        37,  39,  40,  41,  99,  35,  95,  35,  35,  40,  38,  37,  39,
        35,  36,  38,  38,  39,  34,  37,  38, 100,  38,  40,  37,  41,
        38,  39,  41,  39,  37,  39,  36,  41,  36,  41,  35,  37,  37,
        38,  37,  34,  40,  36,  39,   1,  34,  36,  35,  40,  41,  99,
        42,  39,  35,  40,  40,  38,  37,  35,  34,  39,  36,  41,  40,
        39,  38,  36,  38,  36, 103,  37,  38,  41,  40,  40,  35,  41,
        36,  39,  41,  41,  37,  36,  38,  39,  38,  39,  34,  37,  41,
        41,  40,  34,  36,  41,  98,  37,  39,  37,  40,  35,  40,  35,
        39,  39,  39,  35,  38,  35,   5,  41,  94,  40,  37,  35,  41,
        37,  38,  37,  37,  38,  40,  36,  35,  40,  39,  41,  40,  37,
       102,  37,  39,  36,  34,  41,  35,  36,  42,  41,  37,  39,  35,
        37,  39,  35, 102,   6,  34,  35,  37,  39, 103,  41,  38,  38,
        38,  40,  39,  37,  37,  39,  40,  39,  38,  37,  40,  40,  40,
        35,  41, 102,  39,  39, 103,  36,  38,  35,  39,  36,  35,  38,
        41,  38,  40,  34, 101,  36,  37,  38,  36,  40,  35,  36,  37,
        35,  38,  38,  35,  39,  38,  37,  40,  40,  34,  36, 103,  37,
        39,  35,  39,  40,  37,  36,  35,  40,  38,  38,  38,  40,  40,
       102,  38,  37,  37,  41,  35,  36,  36,  37,  37,  39,  96,  41,
        35,  40,  39,  38,  35,  40,  35,  37, 100,  40,  37,  40,  37,
        37,  38,  37,  41,  39,  40,  35,  89,  37,  36,  38,  40,  39,
        40,  37,  39,  41,  41,  35,  38,  39,  37,  35,  40,  41,  38,
        41,  40,  35,  34,  38,  40,  37,  41,  39,  94,  39,  39,  36,
        41,  37,  37,  35,  41,  38,  36, 103,  42,  38,  37,  38,  36,
        38,   9,  36,  40,  40,  39,  40,  39,  34,  20,  41,  37,  39,
        38,  36,  37,  37,  99,  41,  39,  38,  40,  40,  36,  36,  37,
        35,  39,  36,  36,  39,  37,  35,  38,  38,  36,  37,  39,   5,
        37,  37,  36,  37,  38,  39, 101,  37,  38,  41,  39,  37,  36,
        37,  37, 102,  34,  36,  35,  14,  21, 103,  37,  39,  36,  36,
        40,  37,  41,  37,  36,  36,  36,  35,  42,  35,  18,  18,  38,
        39,  41,  39,  41,  39,  38,  38,  20,  37,  37,  38,  37,  39,
        35,  41,  19,  37,  93,  39,  35,  38,  40,  38,  21,  36,  36,
        39,  37,  37,  37,  40,  36,  39,   5,  34,  38,  36, 103,  40,
        39,  39,  36,  34,  39,  38,  40,  36,  36,  39,  37,  35,  36,
        38,  34,  40,  38,  37,  36,  36,  38,  37,  34,  41,  40,  41,
        39,  37,  37,  35,  38,  35,  35,  39,  40,  40,  39,  40,   0,
        39,  41,  35,  39,  36, 101,  36,  36,  37,  35,  38,  37,  39,
        34,  98,  38,  39,  36,  40,  40,  37,  36,  37,  40,  38,  34,
        37,  35,  40,  40, 101,  35,  38,  36,  35,  41,  36,  39,  40,
        36,  39,  39,  40,  38,  37,  35,  37,  40,  35,  38,  40,  35,
        37,  37,  34,  39,  41,  40,  35,  40,  38,  36,  40,  40,  38,
        35,  38,  41,  41,  40,  40,  37,  38,  41,  37,  38,  38,  34,
        38,  38,  38,  39,  35,  35,  37,  40,  40,  39,  36,  40,  35,
        41,  37,  35,  39,  35,  36,  37,  41,  41,  42,  40,  40,  35,
        41, 103,  35,  34,  37,  42,  35,  38,  36,  38,  35,  35,  37,
        36,  39,  40,  36,  36,  41,  36,  41,  37,  35,  37,  36,  40,
        39,  38,  40,  37,  39,  37,   7,  35,  36,  37, 100,  36,  35,
        38,  40,  21,  35,  38,  39,  36,  39,  40,  38,  35,  36,  37,
        37,  36,  35,  37,  36,  36, 103,  40,  41,  36,  35,  39,  38,
        35,  39,  36,  37,  41,  35,  41,  38,  35,  38,  40,  39,  36,
        36,  40,  37,  36,  39,  36,  39,  39,  35,  36,  35,  35,  38,
        37,  35,  39,  40,  40,  39, 102,   0,  42,  41,  41,  38,  38,
        39,  36,  35,  39,  36,  37,  40,  40,  37,  37,  40,  35,  38,
        37,  39,  38,  37,  36,  41,  37,  37,  37,  37,  36,  40,  34,
        39,  37,  35,  36,  38,  41,  35,  39,  40, 103,  38,  35,  35,
        36,  40,  33,  39, 100,  39,  35,  35,  37,  35,  37,  39,  39,
        36,  37,  40,  37,  41,  37,  37,  42,  38,   4,  35,  42,  40,
        36,  36,  40,  38,  36,  41,  36,  40,  37, 101,  91,  37,  35,
        38,  40, 100,  41,  38,  38,  38,  37,  36,  41,  35,  37,  37,
        41,  35,  37,  41,  38,  37,  37,  40,  36,  35,  38,  34,  38,
        34, 101,  95,  35,  40,  14,  39,  41,  40,  93,  41,  40,  41,
        38,  41,  38,  95,  41,  35,  36,  40,  35,  35,  36,  41,  36,
        40,  39,  39,  94,  38,  41,  36,  37,  34,  39,  40,  36,  38,
        38,  35,  34,  40,  35,  36,  35,  35,  11,  36,  39,  39,  36])}, {'ts_index': 592, 'loc': 27, 'gap': 0.05459751619398284, 'distances': array([0.3588771 , 0.27091487, 0.19041768, 0.33062118, 0.23160206,
       0.2144713 , 0.33171883, 0.18315998, 0.26474518, 0.21602422,
       0.10731621, 0.16791647, 0.34851198, 0.13123889, 0.26397594,
       0.25861873, 0.35703939, 0.15979443, 0.26287667, 0.3872163 ,
       0.26856818, 0.21679705, 0.26729589, 0.21844507, 0.28260514,
       0.27941206, 0.19885974, 0.29845584, 0.37613913, 0.21712187,
       0.34278856, 0.23970517, 0.37410753, 0.26109099, 0.24044468,
       0.24439447, 0.20685233, 0.23216114, 0.1932791 , 0.28536649,
       0.3572306 , 0.13880436, 0.38061106, 0.19923314, 0.32036015,
       0.24895622, 0.23153449, 0.31074509, 0.2645754 , 0.1826501 ,
       0.35143094, 0.34623812, 0.29264755, 0.37356588, 0.15086892,
       0.36151845, 0.27335156, 0.28093338, 0.30989882, 0.12509712,
       0.1779795 , 0.21526976, 0.24387337, 0.34997599, 0.33449511,
       0.19540252, 0.15113912, 0.15175967, 0.24118931, 0.22968687,
       0.29960374, 0.32909304, 0.15630146, 0.34325662, 0.23111882,
       0.36920983, 0.2312772 , 0.25635053, 0.28110526, 0.30782402,
       0.18215037, 0.15003433, 0.27140555, 0.20456766, 0.25753798,
       0.23383155, 0.2551944 , 0.295111  , 0.19599826, 0.27619851,
       0.15038861, 0.30999405, 0.19371199, 0.16679872, 0.20993434,
       0.26371885, 0.21173786, 0.23465319, 0.        , 0.24021883,
       0.32983631, 0.18382812, 0.29080903, 0.21025927, 0.23686156,
       0.29014136, 0.20488609, 0.15145573, 0.19157929, 0.25487757,
       0.13220408, 0.10174361, 0.25162843, 0.1795136 , 0.19664493,
       0.31695383, 0.30234576, 0.16602874, 0.19882169, 0.27149612,
       0.18921904, 0.31601022, 0.20121027, 0.23871337, 0.25085365,
       0.30717026, 0.24776523, 0.18559686, 0.26272624, 0.22529553,
       0.18802733, 0.24950804, 0.2675731 , 0.23733872, 0.22762959,
       0.17339337, 0.37517497, 0.16775627, 0.24518047, 0.28613819,
       0.24001591, 0.22784212, 0.25656243, 0.29225248, 0.34667199,
       0.28167988, 0.19123542, 0.34237877]), 'delta_distances': array([0., 0., 0., 0., 0., 0., 0., 0., 0., 0., 0., 0., 0., 0., 0., 0., 0.,
       0., 0., 0., 0., 0., 0., 0., 0., 0., 0., 0., 0., 0., 0., 0., 0., 0.,
       0., 0., 0., 0., 0., 0., 0., 0., 0., 0., 0., 0., 0., 0., 0., 0., 0.,
       0., 0., 0., 0., 0., 0., 0., 0., 0., 0., 0., 0., 0., 0., 0., 0., 0.,
       0., 0., 0., 0., 0., 0., 0., 0., 0., 0., 0., 0., 0., 0., 0., 0., 0.,
       0., 0., 0., 0., 0., 0., 0., 0., 0., 0., 0., 0., 0., 0., 0., 0., 0.,
       0., 0., 0., 0., 0., 0., 0., 0., 0., 0., 0., 0., 0., 0., 0., 0., 0.,
       0., 0., 0., 0., 0., 0., 0., 0., 0., 0., 0., 0., 0., 0., 0., 0., 0.,
       0., 0., 0., 0., 0., 0., 0., 0., 0., 0., 0., 0.]), 'locations': array([29, 28, 26, 27, 26, 29, 25, 29, 23, 29, 24, 23, 27, 28, 24, 26, 23,
       23, 26, 93, 26, 24, 26, 24, 26, 29, 28, 23, 94, 27, 26, 28, 20, 29,
       28, 24, 27, 23, 24, 26, 30, 26, 21, 28, 27, 29, 28, 28, 28, 24, 29,
       23, 24, 27, 22,  9, 29, 27, 28, 29, 25, 28, 24, 30, 27, 27, 25, 25,
       24, 23, 24, 25, 25, 25, 28, 25, 27, 27, 25, 26, 26, 30, 23, 28, 30,
       28, 27, 26, 27, 29, 25, 28, 24, 24, 27, 24, 26, 24, 27, 26, 27, 23,
       27, 25, 29, 25, 27, 27, 24, 28, 24, 24, 28, 24, 26, 28, 23, 30, 30,
       25, 24, 23, 25, 28, 22, 28, 25, 27, 23, 23, 30, 30, 23, 27, 28, 26,
       28, 27, 28, 30, 25, 26, 29, 23, 28, 24, 29, 29])}, {'ts_index': 271, 'loc': 48, 'gap': 0.04360116699902261, 'distances': array([0.28960731, 0.42854898, 0.40904141, 0.42030981, 0.25032871,
       0.44009067, 0.28784121, 0.39427575, 0.25848502, 0.        ,
       0.44405618, 0.42364602, 0.4467971 , 0.43969259, 0.37543582,
       0.28918381, 0.44081078, 0.39319146, 0.38121991, 0.44546673,
       0.40003533, 0.33498107, 0.34036546, 0.43617336, 0.39472614]), 'delta_distances': array([0., 0., 0., 0., 0., 0., 0., 0., 0., 0., 0., 0., 0., 0., 0., 0., 0.,
       0., 0., 0., 0., 0., 0., 0., 0.]), 'locations': array([ 47,  82,  43,  45,  47,  46,  46,  49,  46,  48,   8,  45,  96,
       103,  45,  46,   8,  46,  47, 102,  47,  49,  51, 103,  46])}, {'ts_index': 286, 'loc': 22, 'gap': 0.07556516432022545, 'distances': array([0.06251293, 0.29204213, 0.1439017 , 0.15604769, 0.23492215,
       0.        , 0.155534  , 0.05088304, 0.24371494, 0.14386826,
       0.1772356 , 0.09476582, 0.19994   , 0.23264405, 0.27807387,
       0.23583252, 0.24193271, 0.07793154, 0.24694046]), 'delta_distances': array([0., 0., 0., 0., 0., 0., 0., 0., 0., 0., 0., 0., 0., 0., 0., 0., 0.,
       0., 0.]), 'locations': array([21, 19, 22, 23, 22, 22, 22, 21, 27, 22, 25, 23, 21, 21, 24, 22, 24,
       21, 23])}, {'ts_index': 304, 'loc': 39, 'gap': 0.05207987852722318, 'distances': array([0.33940918, 0.38053937, 0.22529584, 0.37416321, 0.        ,
       0.34930934, 0.37817776, 0.3654893 , 0.25805013, 0.3907189 ,
       0.33638957, 0.35273578, 0.38711515, 0.26131722]), 'delta_distances': array([0., 0., 0., 0., 0., 0., 0., 0., 0., 0., 0., 0., 0., 0.]), 'locations': array([37, 93, 40, 39, 39, 36,  8, 42, 38, 20, 38, 39, 99, 40])}, {'ts_index': 71, 'loc': 46, 'gap': 0.11500620008984708, 'distances': array([0.47381504, 0.        , 0.41705315, 0.4164003 , 0.28806619,
       0.24721347, 0.47867493, 0.47714281, 0.42128282, 0.45001671]), 'delta_distances': array([0., 0., 0., 0., 0., 0., 0., 0., 0., 0.]), 'locations': array([82, 46, 46, 51, 46, 49, 45, 78, 46, 52])}, {'ts_index': 833, 'loc': 68, 'gap': 0.034250075552861164, 'distances': array([0.13908359, 0.1616345 , 0.08696324, 0.1525699 , 0.1037348 ,
       0.07967281, 0.        ]), 'delta_distances': array([0., 0., 0., 0., 0., 0., 0.]), 'locations': array([60, 60, 62, 60, 60, 63, 68])}], 'clusters': array([1, 1, 1, 1, 3, 1, 1, 2, 1, 1, 1, 1, 1, 1, 1, 1, 1, 1, 1, 1, 2, 1,
       4, 1, 1, 1, 1, 1, 1, 1, 1, 1, 1, 1, 1, 1, 1, 1, 2, 1, 1, 1, 1, 1,
       1, 1, 1, 1, 1, 1, 2, 0, 1, 2, 1, 2, 1, 1, 1, 1, 1, 1, 2, 2, 1, 1,
       1, 1, 1, 2, 1, 6, 1, 1, 1, 1, 1, 2, 1, 2, 1, 1, 1, 1, 1, 1, 2, 1,
       1, 1, 1, 1, 1, 1, 1, 1, 1, 1, 1, 1, 1, 1, 1, 1, 1, 1, 1, 1, 1, 1,
       3, 2, 1, 1, 1, 1, 2, 1, 1, 1, 1, 1, 1, 1, 1, 1, 1, 1, 1, 1, 1, 1,
       1, 1, 1, 5, 1, 1, 1, 1, 1, 1, 1, 1, 1, 1, 1, 1, 1, 1, 1, 2, 1, 1,
       1, 1, 1, 1, 1, 2, 1, 2, 1, 1, 1, 1, 1, 1, 1, 1, 1, 1, 1, 1, 1, 2,
       1, 2, 1, 1, 1, 1, 1, 1, 1, 1, 1, 1, 1, 1, 1, 1, 1, 1, 1, 2, 1, 2,
       1, 1, 1, 1, 1, 1, 1, 1, 1, 1, 1, 1, 1, 2, 3, 1, 1, 1, 2, 0, 1, 1,
       1, 1, 1, 1, 1, 1, 1, 1, 2, 1, 1, 1, 1, 1, 1, 1, 3, 1, 1, 2, 1, 1,
       1, 2, 1, 1, 1, 1, 1, 1, 1, 2, 1, 1, 2, 1, 1, 1, 1, 1, 2, 1, 1, 2,
       1, 2, 1, 1, 1, 1, 1, 3, 1, 1, 1, 1, 1, 1, 1, 1, 1, 1, 2, 1, 1, 1,
       4, 1, 1, 1, 1, 1, 1, 1, 1, 1, 1, 2, 1, 1, 1, 1, 1, 1, 5, 1, 1, 2,
       2, 1, 2, 1, 1, 1, 1, 1, 1, 2, 1, 2, 1, 1, 1, 1, 1, 1, 1, 1, 1, 1,
       1, 1, 1, 1, 1, 1, 1, 1, 1, 1, 1, 1, 1, 1, 1, 1, 1, 4, 1, 1, 1, 1,
       1, 1, 1, 1, 1, 1, 7, 1, 1, 1, 1, 2, 1, 6, 1, 1, 1, 1, 1, 1, 2, 3,
       2, 1, 1, 1, 1, 1, 1, 2, 1, 1, 1, 1, 1, 1, 1, 1, 1, 1, 1, 1, 2, 1,
       1, 1, 1, 1, 1, 1, 2, 2, 1, 1, 1, 1, 1, 2, 1, 1, 1, 1, 1, 1, 1, 1,
       2, 1, 1, 1, 6, 4, 2, 1, 1, 2, 1, 1, 1, 1, 2, 2, 1, 1, 1, 1, 1, 2,
       2, 1, 1, 1, 1, 1, 1, 1, 1, 5, 1, 1, 1, 1, 1, 1, 1, 2, 1, 0, 1, 1,
       1, 2, 1, 7, 1, 1, 1, 1, 1, 1, 1, 1, 2, 2, 1, 1, 1, 2, 1, 1, 1, 1,
       1, 1, 2, 1, 1, 1, 1, 2, 1, 1, 1, 1, 1, 1, 1, 1, 1, 1, 1, 1, 1, 1,
       2, 1, 1, 1, 2, 1, 1, 1, 1, 1, 1, 1, 2, 2, 2, 1, 1, 1, 1, 2, 1, 1,
       1, 1, 1, 1, 1, 1, 2, 1, 2, 1, 2, 1, 1, 1, 2, 2, 1, 1, 1, 1, 1, 1,
       2, 1, 1, 1, 1, 1, 1, 1, 1, 1, 1, 1, 1, 1, 1, 2, 1, 1, 1, 1, 1, 1,
       1, 1, 1, 2, 1, 1, 2, 1, 2, 1, 1, 1, 1, 2, 1, 1, 1, 1, 1, 1, 2, 1,
       1, 1, 1, 1, 2, 1, 1, 1, 1, 1, 1, 1, 1, 1, 1, 1, 1, 1, 1, 1, 1, 1,
       1, 1, 1, 1, 1, 1, 7, 2, 1, 2, 1, 1, 1, 1, 1, 1, 1, 1, 1, 1, 1, 1,
       1, 1, 1, 1, 1, 1, 1, 1, 1, 1, 1, 1, 1, 1, 1, 1, 1, 2, 2, 1, 1, 1,
       2, 1, 1, 1, 1, 2, 1, 1, 1, 1, 1, 1, 1, 1, 1, 1, 1, 1, 1, 1, 1, 1,
       2, 1, 1, 1, 2, 2, 1, 1, 1, 2, 1, 1, 1, 1, 1, 2, 1, 1, 2, 1, 1, 1,
       1, 1, 1, 1, 1, 1, 1, 2, 1, 1, 2, 1, 1, 1, 1, 1, 1, 2, 2, 2, 2, 1,
       1, 1, 1, 1, 1, 1, 2, 1, 1, 1, 1, 1, 1, 2, 1, 1, 2, 1, 1, 2, 1, 1,
       1, 1, 1, 1, 1, 1, 1, 1, 1, 1, 1, 1, 1, 1, 1, 2, 1, 1, 1, 1, 1, 2,
       2, 2, 1, 1, 1, 1, 1, 1, 1, 2, 1, 1, 1, 1, 1, 1, 1, 1, 1, 2, 2, 2,
       1, 1, 1, 1, 1, 1, 1, 1, 1, 1, 2, 2, 1, 1, 2, 1, 2, 1, 1, 1, 1, 1,
       1, 1, 1, 1, 1, 1, 1, 1, 1, 1, 1, 1, 1, 1, 1, 1, 1, 2, 1, 7, 2, 1,
       1, 2, 1, 1, 1, 2, 1, 1, 1, 1, 1, 2, 2, 2, 2, 1, 1, 1, 1, 1, 1, 1,
       4, 1, 1, 2, 1, 1, 1, 1, 1, 1, 2, 1, 1, 1, 1, 1, 1, 1, 1, 1, 1, 5,
       1, 1, 1, 1]), 'time': 707.6139805316925}
lenSubsequence: 36{'RI': 0.5000076866708004, 'num_clusters': 8, 'uShapelets': [{'ts_index': 370, 'loc': 38, 'gap': 0.048046536489040254, 'distances': array([0.10212167, 0.17364602, 0.20915885, 0.16603751, 0.2291291 ,
       0.22550957, 0.12968703, 0.24465797, 0.13887231, 0.19182782,
       0.1533475 , 0.1344348 , 0.1362979 , 0.1558034 , 0.25135081,
       0.22152266, 0.16262507, 0.13658244, 0.1297322 , 0.15343029,
       0.21350814, 0.12815002, 0.27361006, 0.1134959 , 0.1576169 ,
       0.17307953, 0.11482603, 0.12468514, 0.18662979, 0.13307266,
       0.19680995, 0.17152418, 0.21376573, 0.15110496, 0.17933408,
       0.2116734 , 0.21462428, 0.21313808, 0.22659554, 0.1741059 ,
       0.18321257, 0.17857347, 0.12918994, 0.15089374, 0.19293977,
       0.18821852, 0.15782153, 0.16234671, 0.19554457, 0.11847638,
       0.2268    , 0.21857312, 0.1545081 , 0.26899249, 0.1791293 ,
       0.22975532, 0.10595796, 0.16072903, 0.14157557, 0.10075177,
       0.16542069, 0.17362641, 0.24420914, 0.23280035, 0.20333136,
       0.2206359 , 0.21733341, 0.16248135, 0.11371073, 0.27193887,
       0.13638335, 0.25936233, 0.17051324, 0.19730053, 0.13893766,
       0.17851513, 0.1692834 , 0.23164999, 0.16925501, 0.21355985,
       0.16932881, 0.1743661 , 0.08918292, 0.16700579, 0.14055769,
       0.07428862, 0.26275768, 0.18921395, 0.12393812, 0.15002829,
       0.13707991, 0.172362  , 0.21789921, 0.12484157, 0.19550606,
       0.18040115, 0.16883167, 0.12571613, 0.14812322, 0.1994648 ,
       0.15965667, 0.12521058, 0.13362689, 0.12341366, 0.19275955,
       0.10231165, 0.0885122 , 0.18829556, 0.1294663 , 0.14454367,
       0.26755318, 0.23078424, 0.22424981, 0.1256209 , 0.16889575,
       0.18194681, 0.27077672, 0.19156058, 0.1906803 , 0.13275838,
       0.15711284, 0.19585955, 0.11865105, 0.1749369 , 0.19974582,
       0.16914522, 0.12604259, 0.16939563, 0.21204324, 0.16756574,
       0.16271172, 0.07844953, 0.13173102, 0.17837896, 0.15267731,
       0.26466202, 0.129859  , 0.13787115, 0.10578075, 0.16960859,
       0.16563752, 0.16656596, 0.17634027, 0.14404262, 0.11901025,
       0.22233117, 0.15246454, 0.19997036, 0.16554781, 0.19629139,
       0.14217996, 0.24660167, 0.21319693, 0.1406014 , 0.16533959,
       0.22521676, 0.16977526, 0.10253095, 0.17240491, 0.25721357,
       0.12910477, 0.26602437, 0.19844793, 0.16018771, 0.19456554,
       0.18346506, 0.12244669, 0.15937287, 0.1578955 , 0.13025908,
       0.18533244, 0.15447517, 0.12681759, 0.21340448, 0.15141309,
       0.26468589, 0.16098469, 0.2577604 , 0.16341231, 0.19274451,
       0.13431655, 0.19390721, 0.17522829, 0.09409048, 0.20308635,
       0.13203816, 0.19092164, 0.19524467, 0.14275221, 0.19446858,
       0.18181354, 0.24420309, 0.12462154, 0.12203342, 0.15242749,
       0.2685611 , 0.17181517, 0.23072332, 0.17505559, 0.13014945,
       0.17106524, 0.13269369, 0.14922635, 0.14724888, 0.21049616,
       0.13432886, 0.11816344, 0.07815836, 0.1326034 , 0.14206824,
       0.10420467, 0.26101395, 0.26109942, 0.16280893, 0.19474417,
       0.18312161, 0.24589742, 0.27570925, 0.13572725, 0.11559438,
       0.14536391, 0.1262568 , 0.14600128, 0.2121676 , 0.18097462,
       0.15021072, 0.08636883, 0.14534724, 0.25038024, 0.15074798,
       0.16386682, 0.14509092, 0.24201504, 0.19884141, 0.15076693,
       0.13622229, 0.26990421, 0.12975152, 0.19566899, 0.27292139,
       0.14033595, 0.14374569, 0.11789659, 0.26251708, 0.10467016,
       0.18035986, 0.24763285, 0.13360321, 0.13430368, 0.19315049,
       0.13355632, 0.26433689, 0.11577477, 0.15561419, 0.24794503,
       0.14339714, 0.12234047, 0.11397237, 0.14457553, 0.15184189,
       0.23939757, 0.25965796, 0.18832693, 0.24520859, 0.10254672,
       0.26001749, 0.10359029, 0.14330759, 0.161594  , 0.12193885,
       0.16927961, 0.26973679, 0.10845986, 0.11868077, 0.20821791,
       0.13411288, 0.12949767, 0.13387724, 0.18156407, 0.1933207 ,
       0.22283746, 0.13381694, 0.22477185, 0.13134379, 0.12817619,
       0.193256  , 0.27259372, 0.18041889, 0.17475587, 0.08941795,
       0.10101247, 0.13313264, 0.09694449, 0.16393616, 0.23384367,
       0.11931912, 0.11556631, 0.25260423, 0.17118422, 0.13877477,
       0.17381658, 0.10297411, 0.19022761, 0.12607319, 0.23994672,
       0.13743162, 0.21226614, 0.26999313, 0.25771604, 0.15578069,
       0.25669317, 0.14963694, 0.14687741, 0.10380401, 0.10849831,
       0.22405793, 0.14172213, 0.24266702, 0.12962971, 0.26839255,
       0.09707277, 0.11272096, 0.11468295, 0.14638509, 0.10344362,
       0.22513996, 0.21841148, 0.134668  , 0.19820478, 0.17215471,
       0.14557725, 0.16136792, 0.18009807, 0.136389  , 0.14307662,
       0.20090465, 0.18214988, 0.12396262, 0.22770689, 0.17096814,
       0.10668788, 0.15111764, 0.13889116, 0.17942138, 0.11318032,
       0.09855603, 0.13063472, 0.28276159, 0.20422934, 0.11784176,
       0.12603243, 0.16419015, 0.14059538, 0.12976575, 0.22313998,
       0.12773531, 0.11234217, 0.13607835, 0.25920752, 0.17771405,
       0.16157146, 0.1494851 , 0.17378113, 0.22439215, 0.16370264,
       0.25146739, 0.21791688, 0.11690045, 0.1734931 , 0.10546375,
       0.        , 0.13024551, 0.23626368, 0.26904015, 0.26237899,
       0.10823699, 0.19352416, 0.08069211, 0.20087147, 0.22457687,
       0.15955389, 0.26658956, 0.15163951, 0.12557625, 0.18000588,
       0.13432064, 0.10868249, 0.10356478, 0.14370409, 0.21348448,
       0.16137262, 0.10657619, 0.11071669, 0.18024668, 0.26901873,
       0.12708766, 0.14172763, 0.20101438, 0.15652927, 0.19755294,
       0.22132333, 0.11438618, 0.25770874, 0.26648508, 0.1639239 ,
       0.11433427, 0.15955111, 0.17471661, 0.14102166, 0.27278089,
       0.14439024, 0.15654834, 0.15613497, 0.12484761, 0.10934772,
       0.18473227, 0.15156967, 0.11666532, 0.26400529, 0.16269171,
       0.12114909, 0.12950381, 0.26626756, 0.26708693, 0.26869782,
       0.23699147, 0.20312616, 0.26286285, 0.17102815, 0.16560912,
       0.17645862, 0.21894095, 0.21337297, 0.24180616, 0.15483959,
       0.19134325, 0.12823173, 0.2111373 , 0.11779584, 0.24765561,
       0.26965221, 0.22245548, 0.14669341, 0.1176523 , 0.20071866,
       0.12361457, 0.16967193, 0.16094237, 0.16787352, 0.26321689,
       0.17797133, 0.20243319, 0.10540491, 0.20921321, 0.17192913,
       0.12679173, 0.23193931, 0.26951415, 0.18644998, 0.27438377,
       0.12477838, 0.2165087 , 0.18312905, 0.25992291, 0.13760792,
       0.25332452, 0.19807349, 0.14510081, 0.2454011 , 0.16674787,
       0.17180551, 0.15740728, 0.17096057, 0.13139938, 0.24154151,
       0.25877048, 0.1206488 , 0.16028471, 0.18303651, 0.26344957,
       0.16623424, 0.23013551, 0.11862741, 0.11523768, 0.19967264,
       0.11771778, 0.23986507, 0.09245516, 0.197036  , 0.09356278,
       0.14855446, 0.24359444, 0.11362886, 0.11545341, 0.17846284,
       0.11689827, 0.15532574, 0.19785015, 0.17845002, 0.18104506,
       0.12530151, 0.21539033, 0.15401597, 0.12650542, 0.12497952,
       0.15792376, 0.22853031, 0.16835919, 0.10451036, 0.18257227,
       0.25754673, 0.16628595, 0.21776773, 0.25289584, 0.08864568,
       0.107192  , 0.20911328, 0.12877519, 0.23638609, 0.26280325,
       0.22363855, 0.13877805, 0.14525328, 0.21928936, 0.13060834,
       0.26771838, 0.15393529, 0.15445162, 0.10676747, 0.08775195,
       0.19407988, 0.19646914, 0.15018691, 0.21406232, 0.26113321,
       0.17005053, 0.22087977, 0.1884255 , 0.24389345, 0.17070844,
       0.17766301, 0.1539252 , 0.23836624, 0.24942381, 0.08780819,
       0.17528252, 0.14921371, 0.16729657, 0.16267772, 0.16912296,
       0.26969516, 0.14684529, 0.14861759, 0.1145131 , 0.16930091,
       0.15802585, 0.13846094, 0.23044536, 0.12374584, 0.16399832,
       0.15491718, 0.1940867 , 0.15559663, 0.17122957, 0.18906496,
       0.22987265, 0.1523304 , 0.20518968, 0.1972157 , 0.1664858 ,
       0.19319517, 0.20018647, 0.20884548, 0.19163551, 0.23022862,
       0.26971578, 0.07205161, 0.16842001, 0.21664593, 0.17228158,
       0.25745175, 0.17671791, 0.17665454, 0.1183441 , 0.13867876,
       0.24417123, 0.1522778 , 0.11466954, 0.23692575, 0.14430641,
       0.1274324 , 0.18802067, 0.20590601, 0.15976122, 0.17735684,
       0.1538319 , 0.17056635, 0.14732419, 0.25007625, 0.11727514,
       0.13758382, 0.13360305, 0.16149356, 0.16270959, 0.13110875,
       0.09953551, 0.13449931, 0.17796345, 0.20220434, 0.14297023,
       0.20416194, 0.11149587, 0.19799091, 0.18116626, 0.19697002,
       0.14291128, 0.1357796 , 0.13856477, 0.20873713, 0.13456335,
       0.20422801, 0.14248257, 0.24963016, 0.21324064, 0.21789857,
       0.2657234 , 0.14331012, 0.09204069, 0.11371096, 0.19701704,
       0.15691862, 0.10882591, 0.12987108, 0.15807509, 0.24048458,
       0.16771858, 0.14643447, 0.13330581, 0.09910797, 0.14897831,
       0.11686302, 0.10985783, 0.10211531, 0.07863721, 0.1915528 ,
       0.21545628, 0.19983576, 0.18947762, 0.17619428, 0.11152186,
       0.14335656, 0.10293228, 0.11866642, 0.14331333, 0.14602535,
       0.24110584, 0.26412599, 0.12525411, 0.12538539, 0.16122025,
       0.26747182, 0.16353677, 0.17102981, 0.12671907, 0.12297928,
       0.25479788, 0.21544432, 0.17368795, 0.22471549, 0.16849736,
       0.17528687, 0.13746589, 0.12808222, 0.09827293, 0.12323627,
       0.12021705, 0.13709075, 0.13402876, 0.12148605, 0.21929515,
       0.13724784, 0.20549283, 0.2659791 , 0.19075539, 0.13425485,
       0.15409175, 0.2542417 , 0.24539184, 0.14392221, 0.18908967,
       0.14499891, 0.25082121, 0.11122883, 0.17908178, 0.10101487,
       0.12672846, 0.12249756, 0.2208583 , 0.14139478, 0.19160862,
       0.25878708, 0.17277703, 0.17588798, 0.11893232, 0.1462346 ,
       0.15851923, 0.17870989, 0.11683843, 0.1674264 , 0.21551248,
       0.19740237, 0.23491525, 0.17795518, 0.1205159 , 0.26229935,
       0.10578456, 0.20103481, 0.16898444, 0.17655825, 0.18520494,
       0.21257997, 0.27064146, 0.26197289, 0.24152706, 0.24928463,
       0.12988239, 0.15146231, 0.14649926, 0.20284959, 0.12649861,
       0.17260979, 0.17453607, 0.24257611, 0.21127224, 0.08145682,
       0.18866869, 0.19102501, 0.12044882, 0.09989116, 0.2327911 ,
       0.15182884, 0.08348925, 0.26724229, 0.18515934, 0.17409009,
       0.2154676 , 0.20658685, 0.15231608, 0.15842934, 0.06223307,
       0.13962597, 0.17381852, 0.13049699, 0.13143636, 0.11293605,
       0.16375234, 0.17476493, 0.17438986, 0.09166734, 0.10794045,
       0.14752514, 0.20479083, 0.20308423, 0.26514049, 0.08146999,
       0.12568426, 0.22171916, 0.18168782, 0.15739934, 0.23228561,
       0.25721865, 0.26740989, 0.11540981, 0.18521235, 0.17869414,
       0.1137975 , 0.18864205, 0.14474023, 0.11863177, 0.25520956,
       0.17531502, 0.14189898, 0.15691612, 0.14495189, 0.10812166,
       0.19334503, 0.16194277, 0.21194822, 0.12764144, 0.27797603,
       0.23422958, 0.23454535, 0.17155178, 0.12963861, 0.14270076,
       0.11569623, 0.15787784, 0.18926895, 0.09125921, 0.17681462,
       0.21485585, 0.10319836, 0.26465684, 0.26754972, 0.18138405,
       0.08661047, 0.22741976, 0.19505561, 0.26308012, 0.11929576,
       0.15756076, 0.15975968, 0.12144012, 0.22700887, 0.16669697,
       0.13451255, 0.1420265 , 0.15719553, 0.20562291, 0.13573519,
       0.17237628, 0.17519257, 0.19749846, 0.19150219, 0.14007607,
       0.1967062 , 0.16822096, 0.17021091, 0.23169185, 0.11439347,
       0.18889396, 0.22727889, 0.17335611, 0.26422718, 0.26969903,
       0.1466222 , 0.17160536, 0.26264272, 0.17667632, 0.10959896,
       0.1037306 , 0.26955848, 0.13034315, 0.20453885, 0.12571984,
       0.11000153, 0.12115435, 0.27319337, 0.27367601, 0.2118268 ,
       0.23957185, 0.07507112, 0.23590496, 0.10953672, 0.19162084,
       0.21275789, 0.20431143, 0.12418229, 0.25454885, 0.14672124,
       0.13346904, 0.27563978, 0.20202619, 0.10866586, 0.1211743 ,
       0.14320479, 0.13247062, 0.14874909, 0.26261879, 0.19887568,
       0.11094978, 0.15457997, 0.19457258, 0.15671835, 0.11945526,
       0.23582139, 0.10216421, 0.2215096 , 0.20847819, 0.26741108,
       0.20369152, 0.14964271, 0.15316916, 0.13871235]), 'delta_distances': array([0., 0., 0., 0., 0., 0., 0., 0., 0., 0., 0., 0., 0., 0., 0., 0., 0.,
       0., 0., 0., 0., 0., 0., 0., 0., 0., 0., 0., 0., 0., 0., 0., 0., 0.,
       0., 0., 0., 0., 0., 0., 0., 0., 0., 0., 0., 0., 0., 0., 0., 0., 0.,
       0., 0., 0., 0., 0., 0., 0., 0., 0., 0., 0., 0., 0., 0., 0., 0., 0.,
       0., 0., 0., 0., 0., 0., 0., 0., 0., 0., 0., 0., 0., 0., 0., 0., 0.,
       0., 0., 0., 0., 0., 0., 0., 0., 0., 0., 0., 0., 0., 0., 0., 0., 0.,
       0., 0., 0., 0., 0., 0., 0., 0., 0., 0., 0., 0., 0., 0., 0., 0., 0.,
       0., 0., 0., 0., 0., 0., 0., 0., 0., 0., 0., 0., 0., 0., 0., 0., 0.,
       0., 0., 0., 0., 0., 0., 0., 0., 0., 0., 0., 0., 0., 0., 0., 0., 0.,
       0., 0., 0., 0., 0., 0., 0., 0., 0., 0., 0., 0., 0., 0., 0., 0., 0.,
       0., 0., 0., 0., 0., 0., 0., 0., 0., 0., 0., 0., 0., 0., 0., 0., 0.,
       0., 0., 0., 0., 0., 0., 0., 0., 0., 0., 0., 0., 0., 0., 0., 0., 0.,
       0., 0., 0., 0., 0., 0., 0., 0., 0., 0., 0., 0., 0., 0., 0., 0., 0.,
       0., 0., 0., 0., 0., 0., 0., 0., 0., 0., 0., 0., 0., 0., 0., 0., 0.,
       0., 0., 0., 0., 0., 0., 0., 0., 0., 0., 0., 0., 0., 0., 0., 0., 0.,
       0., 0., 0., 0., 0., 0., 0., 0., 0., 0., 0., 0., 0., 0., 0., 0., 0.,
       0., 0., 0., 0., 0., 0., 0., 0., 0., 0., 0., 0., 0., 0., 0., 0., 0.,
       0., 0., 0., 0., 0., 0., 0., 0., 0., 0., 0., 0., 0., 0., 0., 0., 0.,
       0., 0., 0., 0., 0., 0., 0., 0., 0., 0., 0., 0., 0., 0., 0., 0., 0.,
       0., 0., 0., 0., 0., 0., 0., 0., 0., 0., 0., 0., 0., 0., 0., 0., 0.,
       0., 0., 0., 0., 0., 0., 0., 0., 0., 0., 0., 0., 0., 0., 0., 0., 0.,
       0., 0., 0., 0., 0., 0., 0., 0., 0., 0., 0., 0., 0., 0., 0., 0., 0.,
       0., 0., 0., 0., 0., 0., 0., 0., 0., 0., 0., 0., 0., 0., 0., 0., 0.,
       0., 0., 0., 0., 0., 0., 0., 0., 0., 0., 0., 0., 0., 0., 0., 0., 0.,
       0., 0., 0., 0., 0., 0., 0., 0., 0., 0., 0., 0., 0., 0., 0., 0., 0.,
       0., 0., 0., 0., 0., 0., 0., 0., 0., 0., 0., 0., 0., 0., 0., 0., 0.,
       0., 0., 0., 0., 0., 0., 0., 0., 0., 0., 0., 0., 0., 0., 0., 0., 0.,
       0., 0., 0., 0., 0., 0., 0., 0., 0., 0., 0., 0., 0., 0., 0., 0., 0.,
       0., 0., 0., 0., 0., 0., 0., 0., 0., 0., 0., 0., 0., 0., 0., 0., 0.,
       0., 0., 0., 0., 0., 0., 0., 0., 0., 0., 0., 0., 0., 0., 0., 0., 0.,
       0., 0., 0., 0., 0., 0., 0., 0., 0., 0., 0., 0., 0., 0., 0., 0., 0.,
       0., 0., 0., 0., 0., 0., 0., 0., 0., 0., 0., 0., 0., 0., 0., 0., 0.,
       0., 0., 0., 0., 0., 0., 0., 0., 0., 0., 0., 0., 0., 0., 0., 0., 0.,
       0., 0., 0., 0., 0., 0., 0., 0., 0., 0., 0., 0., 0., 0., 0., 0., 0.,
       0., 0., 0., 0., 0., 0., 0., 0., 0., 0., 0., 0., 0., 0., 0., 0., 0.,
       0., 0., 0., 0., 0., 0., 0., 0., 0., 0., 0., 0., 0., 0., 0., 0., 0.,
       0., 0., 0., 0., 0., 0., 0., 0., 0., 0., 0., 0., 0., 0., 0., 0., 0.,
       0., 0., 0., 0., 0., 0., 0., 0., 0., 0., 0., 0., 0., 0., 0., 0., 0.,
       0., 0., 0., 0., 0., 0., 0., 0., 0., 0., 0., 0., 0., 0., 0., 0., 0.,
       0., 0., 0., 0., 0., 0., 0., 0., 0., 0., 0., 0., 0., 0., 0., 0., 0.,
       0., 0., 0., 0., 0., 0., 0., 0., 0., 0., 0., 0., 0., 0., 0., 0., 0.,
       0., 0., 0., 0., 0., 0., 0., 0., 0., 0., 0., 0., 0., 0., 0., 0., 0.,
       0., 0., 0., 0., 0., 0., 0., 0., 0., 0., 0., 0., 0., 0., 0., 0., 0.,
       0., 0., 0., 0., 0., 0., 0., 0., 0., 0., 0., 0., 0., 0., 0., 0., 0.,
       0., 0., 0., 0., 0., 0., 0., 0., 0., 0., 0., 0., 0., 0., 0., 0., 0.,
       0., 0., 0., 0., 0., 0., 0., 0., 0., 0., 0., 0., 0., 0., 0., 0., 0.,
       0., 0., 0., 0., 0., 0., 0., 0., 0., 0., 0., 0., 0., 0., 0., 0., 0.,
       0., 0., 0., 0., 0., 0., 0., 0., 0., 0., 0., 0., 0., 0., 0., 0., 0.,
       0., 0., 0., 0., 0., 0., 0., 0., 0., 0., 0., 0., 0., 0., 0., 0., 0.,
       0., 0., 0., 0., 0., 0., 0., 0., 0., 0., 0., 0., 0., 0., 0., 0., 0.,
       0., 0., 0., 0., 0., 0., 0., 0., 0., 0., 0., 0., 0., 0., 0., 0., 0.,
       0., 0., 0., 0., 0., 0., 0., 0., 0., 0., 0., 0., 0., 0., 0., 0., 0.]), 'locations': array([38, 33, 35, 39, 39, 34, 32, 37, 33, 39, 38, 32, 38, 36, 39, 36, 33,
       36, 34, 35, 35, 39,  4, 36, 36, 37, 38, 32, 34, 32, 33, 37, 35, 37,
       38, 33, 35, 37, 35, 34, 35, 32, 38, 38, 38, 38, 38, 35, 39, 36, 38,
       34, 38, 99, 35, 32, 32, 33, 34, 38, 33, 36, 38, 33, 35, 34, 36, 38,
       38, 97, 33, 93, 33, 33, 38, 36, 35, 37, 32, 33, 36, 36, 37, 32, 35,
       35, 97, 35, 38, 35, 39, 36, 37, 39, 36, 34, 37, 33, 39, 33, 38, 33,
       34, 35, 37, 35, 32, 38, 34, 36,  5, 32, 34, 32, 38, 38, 97, 39, 37,
       33, 38, 38, 36, 35, 33, 32, 36, 34, 39, 38, 36, 36, 33, 36, 34, 98,
       35, 36, 39, 37, 37, 33, 39, 33, 37, 38, 38, 34, 34, 36, 36, 36, 37,
       32, 34, 39, 39, 38, 32, 34, 39, 95, 34, 36, 35, 37, 32, 37, 33, 36,
       37, 36, 33, 35, 32,  4, 39, 92, 38, 35, 33, 39, 34, 35, 34, 34, 35,
       37, 34, 32, 38, 37, 39, 38, 34, 99, 34, 37, 34, 32, 39, 33, 34, 39,
       38, 35, 37, 33, 35, 37, 32, 99,  3, 32, 32, 34, 36,  0, 39, 36, 36,
       36, 38, 37, 34, 34, 37, 37, 37, 36, 34, 37, 37, 37, 33, 38, 99, 37,
       37, 93, 34, 35, 33, 37, 33, 33, 36, 39, 35, 37, 32, 98, 33, 35, 36,
       34, 38, 33, 33, 35, 32, 36, 35, 33, 37, 92, 35, 37, 37, 32, 34, 99,
       34, 36, 32, 37, 38, 35, 34, 33, 37, 36, 35, 36, 38, 38, 99, 36, 35,
       35, 39, 33, 34, 33, 35, 34, 37, 37, 39, 33, 37, 37, 36, 33, 37, 33,
       35, 98, 37, 35, 37, 35, 35, 36, 35, 39, 37, 37, 33, 95, 34, 34, 36,
       37, 37, 38, 35, 37, 38, 39, 32, 36, 36, 34, 32, 38, 39, 36, 39, 38,
       33, 32, 35, 38, 34, 39, 37,  9, 37, 37, 34, 39, 35, 35, 33, 39, 36,
       34, 99, 39, 35, 35, 35, 33, 36,  6, 33, 38, 38, 37, 38, 37, 31, 16,
       14, 35, 36, 36, 34, 35, 34, 95, 39, 37, 36, 38, 38, 33, 34, 35, 33,
       37, 34, 33, 37, 35, 32, 36, 35, 33, 34, 36, 38, 34, 35, 34, 35, 35,
       36, 98, 35, 35, 39, 37, 35, 34, 35, 35, 98, 32, 33, 33, 11, 18, 88,
       34, 37, 34, 33, 38, 35, 38, 34, 33, 34, 34, 34, 39, 33, 32,  7, 36,
       37, 39, 36, 39, 36, 36, 35, 16, 35, 35, 35, 34, 37, 32, 39, 34, 34,
       92, 37, 33, 36, 37, 36, 35, 34, 34, 37, 34, 34, 34, 38, 34, 36,  1,
       32, 36, 33, 94, 38, 38, 37, 34, 32, 37, 35, 38, 33, 33, 36, 35, 33,
       34, 35, 32, 38, 36, 35, 34, 34, 36, 35, 32, 39, 38, 39, 36, 35, 34,
       32, 36, 32, 36, 37, 37, 37, 37, 37, 39, 37, 39, 33, 37, 34, 99, 34,
       34, 34, 33, 35, 34, 37, 32, 96, 36, 36, 33, 38, 38, 34, 34, 34, 37,
       35, 32, 35, 32, 37, 38, 98, 33, 35, 34, 33, 39, 33, 37, 37, 33, 37,
       37, 37, 35, 35, 33, 35, 37, 33, 36, 38, 33, 34, 34, 31, 95, 39, 37,
       33, 37, 17, 33, 38, 38, 36, 33, 36, 39, 39, 38, 38, 34, 36, 38, 34,
       35, 36, 32, 35, 35, 36, 37, 33, 33, 35, 38, 38, 37, 34, 38, 32, 39,
       34, 33, 36, 33, 34, 35, 39, 39, 40, 38, 37, 32, 38, 99, 33, 32, 35,
       39, 33, 36, 34, 36, 33, 33, 34, 34, 37, 38, 33, 34, 38, 34, 39, 35,
       33, 35, 34, 37, 37, 35, 38, 35, 36, 35, 39, 33, 33, 34, 98, 33, 33,
       36, 37, 36, 33, 35, 36, 34, 37, 38, 36, 32, 33, 34, 35, 33, 33, 35,
       34, 33, 97, 38, 39, 34, 33, 37, 36, 33, 37, 33, 35, 39, 33, 38, 36,
       33, 36, 37, 97, 34, 33, 37, 34, 34, 36, 34, 37, 37, 33, 34, 33, 33,
       35, 35, 33, 36, 38, 37, 36, 99, 32, 39, 39, 39, 36, 35, 37, 33, 33,
       37, 35, 34, 38, 37, 34, 34, 38, 33, 35, 35,  0, 35, 35, 34, 38, 35,
       34, 35, 34, 33, 38, 32, 37, 34, 33, 34, 36, 39, 32, 38, 37, 37, 36,
       32, 33, 34, 38, 31, 36, 97, 36, 32, 33, 34, 33, 35, 37, 37, 34, 35,
       37, 35, 38, 35, 35, 39, 36,  1, 33, 39, 37, 34, 34, 37, 36, 34, 38,
       34, 38, 35, 99, 89, 35, 33, 35, 38, 99, 39, 36, 35, 36, 34, 33, 39,
       32, 35, 34, 39, 33, 35, 39, 36, 35, 34, 38, 34, 34, 35, 31, 35, 32,
       99, 94, 32, 38, 12, 37, 39, 38, 91, 39, 37, 38, 36, 38, 36, 93, 39,
       34, 33, 38, 33, 33, 34, 38, 34, 38, 36, 37,  3, 36, 39, 33, 35, 32,
       37, 38, 34, 36, 35, 33, 31, 38, 33, 33, 33, 33, 39, 34, 36, 37, 34])}, {'ts_index': 691, 'loc': 32, 'gap': 0.048274858237088825, 'distances': array([0.36311718, 0.27745536, 0.30982098, 0.23540585, 0.18415095,
       0.32834625, 0.16886377, 0.15038707, 0.32497256, 0.30012156,
       0.24677106, 0.33309991, 0.36439529, 0.28858544, 0.34902703,
       0.31648868, 0.22372189, 0.23842496, 0.24704875, 0.35354792,
       0.27648937, 0.35007514, 0.23122934, 0.17265745, 0.34828638,
       0.36145053, 0.17228314, 0.32811733, 0.21525248, 0.34205377,
       0.36097741, 0.21266176, 0.23217587, 0.29188638, 0.30647667,
       0.22163263, 0.3233063 , 0.25495449, 0.22011481, 0.35921233,
       0.36490551, 0.3501787 , 0.18661099, 0.14485289, 0.2541804 ,
       0.18091172, 0.18297286, 0.30680134, 0.23774729, 0.30388061,
       0.33532629, 0.35341765, 0.35735433, 0.26710352, 0.35045289,
       0.22670594, 0.20733856, 0.29036309, 0.10838666, 0.2493335 ,
       0.14620554, 0.36060693, 0.26628732, 0.30169642, 0.29570151,
       0.28461168, 0.24644245, 0.1827656 , 0.33943331, 0.36165882,
       0.30861281, 0.24155412, 0.32148728, 0.34409556, 0.20043641,
       0.32820891, 0.22730402, 0.24807073, 0.28320862, 0.28616872,
       0.30179953, 0.31501155, 0.21718009, 0.13513964, 0.31558474,
       0.30739491, 0.1931366 , 0.23469508, 0.22956344, 0.32318147,
       0.30963736, 0.12886412, 0.24334155, 0.31096675, 0.27364546,
       0.12920386, 0.32296026, 0.17334719, 0.31894579, 0.33334521,
       0.28031146, 0.18017221, 0.29602082, 0.24934862, 0.33370311,
       0.19092914, 0.20285215, 0.32373615, 0.18937906, 0.26599842,
       0.14573887, 0.20591337, 0.        , 0.27461579, 0.19978171,
       0.17945235, 0.33101541, 0.34030412, 0.10812696, 0.14095933,
       0.25135226, 0.23390681, 0.36385669, 0.16056959, 0.32180055,
       0.3135565 , 0.22993383, 0.16868364, 0.35361769, 0.29477232,
       0.17149146, 0.19161148, 0.32175029, 0.15240433, 0.28735794,
       0.34159917, 0.125654  , 0.20562507, 0.26211146, 0.33183391,
       0.27272889, 0.32513574, 0.26911164, 0.32729282, 0.24297382,
       0.20388075, 0.25901182, 0.2799384 ]), 'delta_distances': array([0., 0., 0., 0., 0., 0., 0., 0., 0., 0., 0., 0., 0., 0., 0., 0., 0.,
       0., 0., 0., 0., 0., 0., 0., 0., 0., 0., 0., 0., 0., 0., 0., 0., 0.,
       0., 0., 0., 0., 0., 0., 0., 0., 0., 0., 0., 0., 0., 0., 0., 0., 0.,
       0., 0., 0., 0., 0., 0., 0., 0., 0., 0., 0., 0., 0., 0., 0., 0., 0.,
       0., 0., 0., 0., 0., 0., 0., 0., 0., 0., 0., 0., 0., 0., 0., 0., 0.,
       0., 0., 0., 0., 0., 0., 0., 0., 0., 0., 0., 0., 0., 0., 0., 0., 0.,
       0., 0., 0., 0., 0., 0., 0., 0., 0., 0., 0., 0., 0., 0., 0., 0., 0.,
       0., 0., 0., 0., 0., 0., 0., 0., 0., 0., 0., 0., 0., 0., 0., 0., 0.,
       0., 0., 0., 0., 0., 0., 0., 0., 0., 0., 0., 0.]), 'locations': array([ 2, 36, 38, 35, 37, 31, 37, 32, 31, 35, 36, 34, 69, 31, 34, 36, 34,
       32, 33, 14, 34, 65, 37, 36, 31, 93, 35, 34, 36, 35, 71, 37, 36, 34,
       32, 35, 31, 34, 32, 92, 99, 37, 33, 36, 35, 37, 36, 36, 36, 32, 67,
       31, 34, 30, 16, 37, 35, 36, 37, 33, 36, 17, 38, 35, 34, 33, 33, 32,
       30, 86, 33, 37, 33, 33, 36, 33, 35, 35, 35, 33, 32, 34, 34, 38, 31,
       31, 36, 38, 35, 34, 37, 33, 35, 32, 35, 32, 30, 35, 34, 31, 38, 34,
       35, 35, 31, 33, 37, 33, 35, 35, 32, 36, 32, 36, 32, 34, 36, 31, 38,
       38, 33, 31, 16, 36, 30, 36, 34, 35, 31, 31, 38, 38, 31, 36, 32, 37,
       35, 36, 38, 34, 35, 31, 36, 36, 33, 37, 31, 37])}, {'ts_index': 427, 'loc': 21, 'gap': 0.04081616677379757, 'distances': array([0.29314398, 0.23606436, 0.25524157, 0.28619762, 0.22074022,
       0.10687842, 0.30426013, 0.07776955, 0.27107995, 0.27510903,
       0.12466723, 0.20308028, 0.31827654, 0.22839918, 0.15343075,
       0.22968715, 0.12567862, 0.24220414, 0.25631493, 0.28739762,
       0.28575566, 0.31417006, 0.30484417, 0.2074157 , 0.28747181,
       0.30141696, 0.22750375, 0.18019296, 0.21055365, 0.20413237,
       0.13883879, 0.17757271, 0.18221026, 0.0991126 , 0.26319151,
       0.27595837, 0.3144202 , 0.26685323, 0.2456233 , 0.22849474,
       0.1834466 , 0.28083678, 0.27936812, 0.30605265, 0.11818488,
       0.29257281, 0.24438249, 0.2708722 , 0.21440308, 0.16296401,
       0.19426215, 0.29084782, 0.27136598, 0.11146581, 0.23469512,
       0.        , 0.17641202, 0.26631226, 0.28078196, 0.19915928,
       0.12179912, 0.25639184, 0.22391429, 0.29674979, 0.20390529,
       0.21857863, 0.2107481 , 0.21307444, 0.21850648, 0.25844084,
       0.11739283, 0.22452712, 0.19016931, 0.1967979 , 0.18450641,
       0.29673934, 0.26154822, 0.25111812, 0.11551488, 0.19344636,
       0.19033809, 0.21798781, 0.20751556, 0.23326209, 0.23895953,
       0.2692338 , 0.18158826, 0.24500912, 0.30208756, 0.14237187,
       0.19908911, 0.1925624 , 0.14496005, 0.27675133, 0.27303751,
       0.20114754, 0.09181734, 0.24116678, 0.22575605, 0.2395376 ,
       0.20055018, 0.29041361, 0.14087952, 0.20169872, 0.17879142,
       0.30640045, 0.21603747, 0.24274578, 0.21306887, 0.15268405,
       0.23744971, 0.18638271, 0.28117581, 0.20380779, 0.17319254,
       0.17684973, 0.26300747]), 'delta_distances': array([0., 0., 0., 0., 0., 0., 0., 0., 0., 0., 0., 0., 0., 0., 0., 0., 0.,
       0., 0., 0., 0., 0., 0., 0., 0., 0., 0., 0., 0., 0., 0., 0., 0., 0.,
       0., 0., 0., 0., 0., 0., 0., 0., 0., 0., 0., 0., 0., 0., 0., 0., 0.,
       0., 0., 0., 0., 0., 0., 0., 0., 0., 0., 0., 0., 0., 0., 0., 0., 0.,
       0., 0., 0., 0., 0., 0., 0., 0., 0., 0., 0., 0., 0., 0., 0., 0., 0.,
       0., 0., 0., 0., 0., 0., 0., 0., 0., 0., 0., 0., 0., 0., 0., 0., 0.,
       0., 0., 0., 0., 0., 0., 0., 0., 0., 0., 0., 0., 0., 0., 0.]), 'locations': array([26, 24, 26, 24, 20, 19, 23, 24, 22, 19, 19, 22, 90, 23, 21, 22, 20,
       22, 20, 25, 20, 90, 23, 24, 24, 16, 25, 24, 23, 20, 23, 20, 22, 20,
       22, 20, 17, 24, 25, 24, 20, 25, 19, 23, 18,  6, 26, 23, 24, 22, 21,
       19, 24, 23, 21, 21, 19, 20, 22, 26, 21, 22, 25, 21, 23, 24, 23, 21,
       20, 23, 22, 20, 19, 26, 23, 23, 26, 24, 20, 23, 19, 23, 20, 26, 23,
       23, 20, 25, 20, 23, 24, 24, 21, 24, 20, 21, 20, 20, 18, 24, 22, 19,
       20, 19, 20, 25, 24, 26, 21, 23, 19, 24, 24, 21, 25, 19, 26])}, {'ts_index': 116, 'loc': 24, 'gap': 0.03154232642238086, 'distances': array([0.34459712, 0.41265444, 0.37978554, 0.44233708, 0.38938386,
       0.47188252, 0.46931671, 0.33125558, 0.        , 0.46507923,
       0.43323492, 0.46313244, 0.42302104, 0.28657832, 0.41793965,
       0.40529811, 0.25639708, 0.46194202, 0.3864096 , 0.37952283,
       0.33488956, 0.39935724, 0.31398424, 0.30087705, 0.46807932,
       0.36633239, 0.22769311, 0.16443515, 0.39499177, 0.46718947,
       0.32898533, 0.36695761, 0.40763116, 0.36708521, 0.41894351,
       0.3965335 , 0.473199  , 0.28147079, 0.35199946, 0.46616348,
       0.32814616, 0.23938071, 0.4536959 , 0.46738378, 0.26555751,
       0.40998992, 0.37920808, 0.35570541, 0.41251206, 0.38725573,
       0.43446204, 0.26074239, 0.3900646 , 0.47707552, 0.28981329,
       0.37763843, 0.40866252, 0.436668  , 0.31758142, 0.32150678,
       0.36921481, 0.44964464, 0.39435245, 0.41842915, 0.21153566,
       0.34532078, 0.24065733, 0.36520931, 0.38704526, 0.41010377,
       0.41909838, 0.31183818, 0.3570204 , 0.48481663, 0.42197475,
       0.36460572, 0.39615609, 0.42391683, 0.31839728, 0.33173588,
       0.42435003, 0.3571951 , 0.34839678, 0.48146625, 0.31067757,
       0.33906943, 0.47136364, 0.40172013, 0.43089947, 0.31766532,
       0.33426862, 0.34796462, 0.41525452, 0.41929826, 0.3372728 ,
       0.41188823]), 'delta_distances': array([0., 0., 0., 0., 0., 0., 0., 0., 0., 0., 0., 0., 0., 0., 0., 0., 0.,
       0., 0., 0., 0., 0., 0., 0., 0., 0., 0., 0., 0., 0., 0., 0., 0., 0.,
       0., 0., 0., 0., 0., 0., 0., 0., 0., 0., 0., 0., 0., 0., 0., 0., 0.,
       0., 0., 0., 0., 0., 0., 0., 0., 0., 0., 0., 0., 0., 0., 0., 0., 0.,
       0., 0., 0., 0., 0., 0., 0., 0., 0., 0., 0., 0., 0., 0., 0., 0., 0.,
       0., 0., 0., 0., 0., 0., 0., 0., 0., 0., 0.]), 'locations': array([24, 26, 27, 25, 21, 90, 16, 24, 24, 25, 23, 24, 24, 23, 27, 25, 23,
       28, 26, 26, 23, 26, 26, 24, 19, 20, 24, 24, 28, 17, 25, 24, 26, 22,
       26, 22, 14, 23, 27, 25, 25, 23, 19, 25, 23, 22, 24, 28, 21, 26, 23,
       25, 25, 15, 23, 25, 24, 22, 21, 28, 24, 25, 26, 26, 25, 20, 24, 23,
       28, 26, 25, 22, 27, 87, 25, 27, 25, 20, 22, 22, 18, 26, 24, 19, 21,
       21, 98, 25, 28, 23, 21, 27, 26, 23, 21, 26])}, {'ts_index': 423, 'loc': 33, 'gap': 0.048693004407652896, 'distances': array([0.30666746, 0.16237119, 0.340709  , 0.31999632, 0.26367265,
       0.28801804, 0.34561429, 0.34846612, 0.17687108, 0.30375511,
       0.28758962, 0.        , 0.27325888, 0.32478255, 0.32804595,
       0.34584995, 0.32787481]), 'delta_distances': array([0., 0., 0., 0., 0., 0., 0., 0., 0., 0., 0., 0., 0., 0., 0., 0., 0.]), 'locations': array([33, 32, 31, 33, 31, 32, 95, 86, 32, 32, 35, 33, 32, 36, 60,  6, 38])}, {'ts_index': 789, 'loc': 18, 'gap': 0.05693060294328295, 'distances': array([0.28077402, 0.24095884, 0.30404806, 0.27496529, 0.17667902,
       0.31994904, 0.26337712, 0.30153257, 0.19187211, 0.18583994,
       0.09292098, 0.        , 0.15398237]), 'delta_distances': array([0., 0., 0., 0., 0., 0., 0., 0., 0., 0., 0., 0., 0.]), 'locations': array([22, 21, 23, 21, 18, 23, 22, 18, 21, 21, 20, 18, 23])}, {'ts_index': 286, 'loc': 48, 'gap': 0.06080007333707893, 'distances': array([0.29045627, 0.49399536, 0.40782814, 0.47306843, 0.        ,
       0.30276751, 0.39118442]), 'delta_distances': array([0., 0., 0., 0., 0., 0., 0.]), 'locations': array([47, 82, 49, 45, 48, 47, 50])}, {'ts_index': 135, 'loc': 79, 'gap': 0.030808643288447096, 'distances': array([0.08478256, 0.        , 0.11843316, 0.1155912 ]), 'delta_distances': array([0., 0., 0., 0.]), 'locations': array([83, 79, 73, 85])}], 'clusters': array([1, 1, 1, 1, 4, 1, 1, 4, 1, 1, 1, 1, 1, 1, 4, 1, 1, 1, 1, 1, 1, 1,
       7, 1, 1, 1, 1, 1, 1, 1, 1, 1, 1, 1, 1, 1, 1, 1, 1, 1, 1, 1, 1, 1,
       1, 1, 1, 1, 1, 1, 1, 1, 1, 2, 1, 4, 1, 1, 1, 1, 1, 1, 2, 2, 1, 1,
       1, 1, 1, 3, 1, 5, 1, 1, 1, 1, 1, 3, 1, 1, 1, 1, 1, 1, 1, 1, 8, 1,
       1, 1, 1, 1, 1, 1, 1, 1, 1, 1, 1, 1, 1, 1, 1, 1, 1, 1, 1, 1, 1, 1,
       4, 3, 1, 1, 1, 1, 4, 1, 1, 1, 1, 1, 1, 1, 1, 1, 1, 1, 1, 1, 1, 1,
       1, 1, 1, 8, 1, 1, 1, 1, 1, 1, 1, 1, 1, 1, 1, 1, 1, 1, 1, 4, 1, 1,
       1, 1, 1, 1, 1, 3, 1, 5, 1, 1, 1, 1, 1, 1, 1, 1, 1, 1, 1, 1, 1, 3,
       1, 4, 1, 1, 1, 1, 1, 1, 1, 1, 1, 1, 1, 1, 1, 4, 1, 1, 1, 4, 1, 2,
       1, 1, 1, 1, 1, 1, 1, 1, 1, 1, 1, 1, 1, 4, 4, 1, 1, 1, 2, 0, 1, 1,
       1, 1, 1, 1, 1, 1, 1, 1, 4, 1, 1, 1, 4, 1, 1, 1, 4, 1, 1, 4, 1, 1,
       1, 4, 1, 1, 4, 1, 1, 1, 1, 6, 1, 1, 3, 1, 1, 1, 1, 1, 4, 4, 1, 3,
       1, 4, 1, 1, 1, 1, 1, 4, 1, 1, 1, 1, 1, 1, 1, 1, 1, 1, 1, 1, 1, 1,
       7, 1, 1, 1, 1, 1, 1, 1, 2, 1, 1, 2, 1, 1, 1, 1, 1, 1, 4, 1, 1, 2,
       2, 1, 4, 1, 1, 1, 1, 1, 1, 4, 1, 4, 1, 1, 1, 1, 1, 1, 1, 1, 1, 1,
       1, 1, 1, 1, 1, 1, 1, 1, 1, 1, 1, 1, 1, 1, 1, 1, 1, 4, 1, 1, 1, 1,
       1, 1, 1, 1, 1, 1, 4, 1, 1, 1, 1, 1, 1, 5, 1, 1, 1, 1, 1, 1, 3, 4,
       4, 1, 1, 1, 1, 1, 1, 7, 1, 1, 1, 1, 1, 1, 1, 1, 1, 1, 1, 1, 4, 1,
       1, 1, 1, 1, 1, 1, 2, 3, 1, 1, 1, 1, 1, 2, 1, 1, 1, 1, 1, 1, 1, 1,
       4, 1, 1, 1, 0, 5, 3, 4, 1, 3, 1, 1, 1, 1, 1, 2, 1, 1, 1, 1, 1, 3,
       4, 1, 1, 1, 1, 1, 1, 1, 1, 4, 1, 1, 1, 1, 1, 1, 4, 3, 1, 4, 1, 1,
       1, 4, 1, 4, 1, 1, 4, 1, 1, 1, 1, 1, 4, 6, 1, 1, 1, 4, 1, 4, 1, 1,
       1, 1, 4, 1, 1, 1, 1, 3, 1, 1, 1, 1, 1, 1, 1, 1, 1, 1, 1, 1, 1, 1,
       2, 1, 1, 1, 4, 1, 1, 4, 1, 1, 1, 1, 2, 4, 1, 1, 1, 1, 1, 4, 1, 1,
       1, 1, 1, 1, 1, 1, 6, 1, 1, 1, 4, 1, 1, 1, 2, 4, 1, 1, 1, 1, 1, 1,
       3, 1, 1, 1, 1, 1, 1, 4, 1, 1, 1, 1, 1, 1, 1, 2, 1, 1, 1, 1, 1, 1,
       1, 1, 4, 2, 1, 1, 1, 1, 4, 1, 1, 1, 1, 4, 1, 1, 4, 1, 1, 1, 1, 1,
       1, 1, 1, 1, 2, 1, 1, 1, 1, 1, 1, 1, 1, 1, 1, 1, 1, 1, 1, 1, 1, 1,
       1, 1, 1, 1, 1, 1, 4, 1, 1, 4, 1, 1, 1, 1, 1, 1, 1, 1, 4, 1, 1, 1,
       1, 1, 1, 1, 1, 1, 1, 1, 1, 1, 1, 1, 1, 1, 1, 1, 1, 2, 4, 1, 1, 1,
       6, 1, 1, 1, 1, 2, 1, 1, 1, 1, 1, 1, 1, 1, 1, 1, 1, 1, 1, 1, 1, 1,
       3, 1, 1, 1, 2, 4, 1, 1, 1, 2, 1, 1, 1, 1, 1, 1, 1, 1, 4, 1, 1, 1,
       1, 1, 1, 1, 1, 1, 1, 3, 1, 1, 2, 1, 1, 1, 1, 1, 1, 4, 4, 2, 2, 1,
       1, 1, 1, 1, 1, 1, 4, 1, 1, 1, 1, 1, 1, 3, 1, 1, 4, 1, 1, 1, 1, 1,
       1, 1, 1, 1, 1, 1, 1, 1, 1, 1, 1, 1, 1, 1, 1, 2, 1, 1, 1, 1, 1, 4,
       4, 4, 1, 1, 1, 1, 1, 1, 1, 2, 1, 1, 1, 1, 1, 1, 1, 1, 1, 6, 3, 2,
       1, 1, 1, 1, 1, 1, 1, 1, 1, 1, 2, 4, 1, 1, 1, 1, 2, 1, 1, 1, 1, 1,
       1, 1, 1, 1, 1, 1, 1, 1, 1, 1, 1, 1, 1, 1, 4, 1, 1, 1, 1, 6, 2, 1,
       1, 4, 1, 1, 1, 4, 1, 1, 1, 1, 1, 4, 3, 1, 4, 1, 4, 1, 1, 1, 1, 1,
       4, 1, 1, 4, 1, 1, 1, 1, 1, 1, 3, 1, 1, 1, 1, 1, 1, 4, 1, 1, 1, 4,
       1, 1, 1, 1]), 'time': 709.0383579730988}
