lenSubsequence: 12{'RI': 0.49899497487437183, 'num_clusters': 10, 'uShapelets': [{'ts_index': 19, 'loc': 220, 'gap': 0.03598269519651725, 'distances': array([0.05002278, 0.04697018, 0.07701015, 0.11587144, 0.04818447,
       0.09330218, 0.07311861, 0.15368271, 0.09988975, 0.04134473,
       0.08297537, 0.03783172, 0.07511532, 0.08068633, 0.1425649 ,
       0.09542827, 0.09325218, 0.12334587, 0.13171959, 0.        ,
       0.1192117 , 0.09003579, 0.14285464, 0.06268391, 0.02707247,
       0.01523711, 0.10919849, 0.0887103 , 0.04819674, 0.02751365,
       0.14105904, 0.11846713, 0.07299595, 0.00843905, 0.11850946,
       0.12174569, 0.05938279, 0.1159236 , 0.04086819, 0.09959157,
       0.11740072, 0.1391178 , 0.08438193, 0.04090133, 0.13232181,
       0.05298268, 0.10691389, 0.07391509, 0.14286594, 0.06216687,
       0.09092884, 0.11775432, 0.08771328, 0.11345115, 0.03368287,
       0.1273783 , 0.09143099, 0.0922874 , 0.05341962, 0.12146277,
       0.1163682 , 0.09155772, 0.03057936, 0.12622469, 0.0893622 ,
       0.10277656, 0.11760389, 0.11223486, 0.11351656, 0.0744839 ,
       0.01921856, 0.12389776, 0.09084741, 0.04845628, 0.1443184 ,
       0.04165158, 0.00930657, 0.09984538, 0.10188783, 0.02572401,
       0.14165146, 0.08257194, 0.11632067, 0.08563833, 0.051573  ,
       0.14570151, 0.03532933, 0.10402212, 0.1083939 , 0.10297689,
       0.13571737, 0.1143086 , 0.09766637, 0.03989407, 0.04817322,
       0.10181346, 0.01540322, 0.04322676, 0.02020155, 0.10322129,
       0.13740263, 0.12764692, 0.1222447 , 0.14700132, 0.08428105,
       0.03709471, 0.08928126, 0.02206214, 0.07811991, 0.11917965,
       0.12069158, 0.10587293, 0.0516512 , 0.08409724, 0.1028521 ,
       0.10728991, 0.04155746, 0.11171208, 0.01668662, 0.03714814,
       0.03620677, 0.13585539, 0.10296102, 0.13771032, 0.08486719,
       0.0349946 , 0.04795367, 0.07215508, 0.07447086, 0.09641496,
       0.11678337, 0.11843618, 0.12436752, 0.04579823, 0.08136137,
       0.13298334, 0.08032651, 0.13300946, 0.12058835, 0.13513455,
       0.05169718, 0.0828206 , 0.10351472, 0.10425242, 0.06445081,
       0.11208764, 0.10818952, 0.0707085 , 0.09733056, 0.11208334,
       0.04071117, 0.13929927, 0.12411272, 0.12570116, 0.15370569,
       0.13510344, 0.12943316, 0.07952166, 0.03819556, 0.02331616,
       0.0970514 , 0.11610325, 0.14844948, 0.12175732, 0.12081916,
       0.11823423, 0.01729195, 0.11547034, 0.12864574, 0.04571132,
       0.09363982, 0.1280217 , 0.13095073, 0.11267579, 0.13496062,
       0.06812931, 0.09672019, 0.01968485, 0.09157225, 0.08265887,
       0.09000852, 0.08939326, 0.07742223, 0.08654347, 0.14462904,
       0.1239335 , 0.06528514, 0.14180316, 0.13443346, 0.13246279,
       0.04836974, 0.04139214, 0.06470209, 0.10687833, 0.12008027,
       0.08223895, 0.10963363, 0.12798914, 0.08889296, 0.11243093]), 'delta_distances': array([0., 0., 0., 0., 0., 0., 0., 0., 0., 0., 0., 0., 0., 0., 0., 0., 0.,
       0., 0., 0., 0., 0., 0., 0., 0., 0., 0., 0., 0., 0., 0., 0., 0., 0.,
       0., 0., 0., 0., 0., 0., 0., 0., 0., 0., 0., 0., 0., 0., 0., 0., 0.,
       0., 0., 0., 0., 0., 0., 0., 0., 0., 0., 0., 0., 0., 0., 0., 0., 0.,
       0., 0., 0., 0., 0., 0., 0., 0., 0., 0., 0., 0., 0., 0., 0., 0., 0.,
       0., 0., 0., 0., 0., 0., 0., 0., 0., 0., 0., 0., 0., 0., 0., 0., 0.,
       0., 0., 0., 0., 0., 0., 0., 0., 0., 0., 0., 0., 0., 0., 0., 0., 0.,
       0., 0., 0., 0., 0., 0., 0., 0., 0., 0., 0., 0., 0., 0., 0., 0., 0.,
       0., 0., 0., 0., 0., 0., 0., 0., 0., 0., 0., 0., 0., 0., 0., 0., 0.,
       0., 0., 0., 0., 0., 0., 0., 0., 0., 0., 0., 0., 0., 0., 0., 0., 0.,
       0., 0., 0., 0., 0., 0., 0., 0., 0., 0., 0., 0., 0., 0., 0., 0., 0.,
       0., 0., 0., 0., 0., 0., 0., 0., 0., 0., 0., 0., 0.]), 'locations': array([ 18,  66, 340, 415, 376, 177,  72, 308, 388, 444, 407,  44, 398,
        76, 433, 392, 361, 150,  19, 220,  54, 419,  56, 472, 383,  16,
        90, 310, 399, 251, 284, 399, 429, 147, 346, 376, 432, 450,  34,
         5, 166, 388, 446, 260,  34,  59, 358, 311, 321, 294, 380,  30,
       244, 228, 345,  36, 280, 152, 128, 253, 297, 131, 204, 378, 319,
       204, 202, 313,  39, 376,  77, 170, 198, 406, 159, 139, 347, 295,
       410, 383, 207, 253, 108, 270, 199, 167, 310,  76, 174, 452,  91,
       212, 174, 367, 381, 421, 168, 222, 369, 229, 413, 465, 389,  56,
       269, 169, 446,  31, 139, 129, 459, 128, 404, 370, 302,   5, 276,
       108, 193, 301, 155, 474, 446, 162, 142, 154, 219, 276, 458, 123,
       272, 215, 211, 450, 483, 396, 383,   4, 236,  54, 164, 405, 476,
       451, 323, 136, 283,  87, 182, 223, 439,  54, 173, 139, 412,  76,
       479, 370, 247, 460, 399, 249, 202, 135, 305, 240, 451, 373, 293,
       264, 130, 124,  64, 203, 201,  22, 422,  78, 183,  83,  90, 238,
        94, 130, 320,   0,  66, 281, 263, 242, 153, 195, 439, 391, 293,
        31, 291, 160,  55, 320])}, {'ts_index': 83, 'loc': 395, 'gap': 0.033124869004420056, 'distances': array([0.09726954, 0.15467776, 0.10194527, 0.1172517 , 0.05881844,
       0.04556913, 0.15556266, 0.16278351, 0.13107118, 0.12405408,
       0.1627881 , 0.06865231, 0.16351711, 0.03505907, 0.11618333,
       0.04507877, 0.04899477, 0.14232115, 0.11022111, 0.06238888,
       0.15031385, 0.15214536, 0.07501124, 0.1128765 , 0.11814921,
       0.16921318, 0.11802529, 0.12967113, 0.08288827, 0.04387696,
       0.11675794, 0.05551258, 0.12742263, 0.13218282, 0.09876479,
       0.07077142, 0.11882134, 0.10496264, 0.07561349, 0.11590764,
       0.12323685, 0.12921579, 0.14076864, 0.15172622, 0.08918351,
       0.07274348, 0.12417688, 0.12273773, 0.13209583, 0.04064929,
       0.11270436, 0.09757615, 0.13871897, 0.09628071, 0.16915485,
       0.148853  , 0.10520462, 0.15198481, 0.11947247, 0.11864189,
       0.13038415, 0.        , 0.14265842, 0.09435725, 0.12179615,
       0.04959479, 0.15745071, 0.14907266, 0.05175434, 0.15130515,
       0.06582595, 0.13727172, 0.16145822, 0.10642226, 0.12014628,
       0.09804308, 0.10693791, 0.09671452, 0.12577093, 0.15178909,
       0.13228284, 0.12741757, 0.14212735, 0.1206846 , 0.12308275,
       0.04661231, 0.14253532, 0.14403982, 0.11778201, 0.11187114,
       0.14018757, 0.10474783, 0.10381826, 0.10966968, 0.07645493,
       0.13908342, 0.0379844 , 0.04592655, 0.07010318, 0.13136751,
       0.08637376, 0.12673485, 0.09212708, 0.09171383, 0.11206732,
       0.1441018 , 0.13189338, 0.12473614, 0.05831522, 0.10909114,
       0.13335194, 0.14723688, 0.14123526, 0.03144636, 0.11031406,
       0.0827273 , 0.12412681, 0.13996262, 0.0695803 , 0.13639933,
       0.09052474, 0.1167551 , 0.13912128, 0.08641732, 0.13748377,
       0.15395686, 0.05544799, 0.09536464, 0.0937332 , 0.08186014,
       0.08364936, 0.1142777 , 0.07617611, 0.04880726, 0.06140909,
       0.04908171, 0.10376548, 0.13244083, 0.15055797, 0.05591144,
       0.13690671, 0.14461535, 0.14642135, 0.16244252, 0.09088282,
       0.06778123, 0.07590943, 0.03727989, 0.12723074, 0.04882976,
       0.15736883, 0.07301144]), 'delta_distances': array([0., 0., 0., 0., 0., 0., 0., 0., 0., 0., 0., 0., 0., 0., 0., 0., 0.,
       0., 0., 0., 0., 0., 0., 0., 0., 0., 0., 0., 0., 0., 0., 0., 0., 0.,
       0., 0., 0., 0., 0., 0., 0., 0., 0., 0., 0., 0., 0., 0., 0., 0., 0.,
       0., 0., 0., 0., 0., 0., 0., 0., 0., 0., 0., 0., 0., 0., 0., 0., 0.,
       0., 0., 0., 0., 0., 0., 0., 0., 0., 0., 0., 0., 0., 0., 0., 0., 0.,
       0., 0., 0., 0., 0., 0., 0., 0., 0., 0., 0., 0., 0., 0., 0., 0., 0.,
       0., 0., 0., 0., 0., 0., 0., 0., 0., 0., 0., 0., 0., 0., 0., 0., 0.,
       0., 0., 0., 0., 0., 0., 0., 0., 0., 0., 0., 0., 0., 0., 0., 0., 0.,
       0., 0., 0., 0., 0., 0., 0., 0., 0., 0., 0., 0., 0., 0., 0., 0.]), 'locations': array([257, 334, 194, 320,  78, 243, 227,  55, 170,  17,  87, 408, 124,
       210, 265, 406, 215, 320, 325, 244, 176, 138, 181, 234, 302, 118,
       169, 379, 322, 462, 111, 264, 397,  28, 483,  97, 103, 468, 183,
        73, 470, 213,  75, 480, 233, 416,  18, 250, 388, 459, 169, 341,
       242,   9,  15, 141,  87, 266, 472, 375, 398, 395, 157, 229, 384,
        37, 313, 430,  11, 159, 314,   8, 360, 109,  21, 365, 100, 205,
        67,   0, 204, 305, 204, 381, 278,  93,  91,  71, 244,   6, 243,
        21, 345, 339, 333, 180, 471,  62, 240, 190, 468, 244, 310, 393,
       127, 302, 435,  81, 289, 349, 264, 440, 357, 233, 431, 472, 385,
       441, 187, 308, 477, 396, 187, 364, 205, 478,  36,  98, 140, 202,
        35,   6, 217, 254, 216,  26, 385, 445, 117, 287, 315, 390, 296,
       187, 293, 222, 162, 243, 102, 304, 356, 483])}, {'ts_index': 129, 'loc': 113, 'gap': 0.032060125840606704, 'distances': array([0.15817878, 0.14657677, 0.12915151, 0.0464969 , 0.12234608,
       0.0854433 , 0.13127326, 0.04576569, 0.06101202, 0.15713064,
       0.08337334, 0.13205446, 0.05271723, 0.07429017, 0.14917061,
       0.06659126, 0.13348878, 0.16373514, 0.13945262, 0.05329273,
       0.13542718, 0.14359921, 0.11426684, 0.15395067, 0.05770348,
       0.05177533, 0.13726552, 0.10132116, 0.08299933, 0.07819978,
       0.14162887, 0.07378161, 0.13105609, 0.06741383, 0.12983392,
       0.08688186, 0.12460773, 0.127262  , 0.05923818, 0.15074021,
       0.10658982, 0.05080823, 0.10830215, 0.13994518, 0.08506184,
       0.06010663, 0.04730276, 0.10487151, 0.15935342, 0.11468164,
       0.04704951, 0.12826431, 0.06790552, 0.10674383, 0.16339844,
       0.09588078, 0.11947125, 0.05368237, 0.12709113, 0.11766174,
       0.11524807, 0.09912555, 0.14321386, 0.10173014, 0.08342001,
       0.1320771 , 0.07335156, 0.14917488, 0.09003292, 0.06302764,
       0.14207622, 0.13990079, 0.04050697, 0.11423129, 0.14800414,
       0.06374278, 0.        , 0.14329525, 0.12694391, 0.08676781,
       0.16126301, 0.13574109, 0.04821461, 0.1488308 , 0.12141149,
       0.08900038, 0.09503824, 0.08816455, 0.10274107, 0.14872616,
       0.04912641, 0.13877371, 0.11702103, 0.14543703, 0.12581281,
       0.10927299, 0.03250629, 0.09706601, 0.1392549 , 0.05696835,
       0.14430301, 0.13447183, 0.0917004 , 0.10449834, 0.05266357,
       0.15233175, 0.11527799, 0.04319469, 0.06711198, 0.12482111,
       0.07082104, 0.13098237, 0.10774935, 0.1350272 , 0.14613524,
       0.14405126, 0.13486458, 0.12033837, 0.0744665 , 0.07124537,
       0.12540452, 0.1322889 , 0.04539098, 0.1098575 , 0.14118152]), 'delta_distances': array([0., 0., 0., 0., 0., 0., 0., 0., 0., 0., 0., 0., 0., 0., 0., 0., 0.,
       0., 0., 0., 0., 0., 0., 0., 0., 0., 0., 0., 0., 0., 0., 0., 0., 0.,
       0., 0., 0., 0., 0., 0., 0., 0., 0., 0., 0., 0., 0., 0., 0., 0., 0.,
       0., 0., 0., 0., 0., 0., 0., 0., 0., 0., 0., 0., 0., 0., 0., 0., 0.,
       0., 0., 0., 0., 0., 0., 0., 0., 0., 0., 0., 0., 0., 0., 0., 0., 0.,
       0., 0., 0., 0., 0., 0., 0., 0., 0., 0., 0., 0., 0., 0., 0., 0., 0.,
       0., 0., 0., 0., 0., 0., 0., 0., 0., 0., 0., 0., 0., 0., 0., 0., 0.,
       0., 0., 0., 0., 0., 0.]), 'locations': array([376, 373,  85, 462, 174,  53, 425,  80, 404, 109,  33, 223, 436,
        13, 163,  35,  91, 432, 264,  86, 383, 450,  26, 313, 318,  89,
       267,  11, 415, 135,   7, 384, 169, 428,  24, 259, 183, 181, 343,
       277, 474, 253, 241,  54, 129, 100, 189, 390, 270,  39, 249, 279,
       187, 444,   1, 351, 433, 220, 140,  83, 251, 239,  36, 206,  41,
       206, 230,   0, 395, 250, 184, 409,  20,  28, 308, 337, 113, 446,
        71, 142, 312, 159,  36, 296, 475, 341, 376, 336, 116, 271, 126,
       135, 476, 314, 393, 466, 426, 287, 406, 351,   4,  29, 420, 274,
        53, 453, 401,  34, 427,  47, 195,   9, 227, 246, 142, 128, 430,
       175,  90, 270, 430, 163,  70, 309, 140])}, {'ts_index': 12, 'loc': 323, 'gap': 0.03167764576470118, 'distances': array([0.07597039, 0.12606136, 0.08781708, 0.12347746, 0.        ,
       0.14015249, 0.06339907, 0.09635055, 0.12920631, 0.13740072,
       0.11432425, 0.13223822, 0.0540575 , 0.10579094, 0.07272563,
       0.14125907, 0.11385881, 0.12872143, 0.10281328, 0.07931872,
       0.13454319, 0.09703477, 0.06459177, 0.10440756, 0.13360788,
       0.09995367, 0.13214593, 0.10653762, 0.10407775, 0.06886901,
       0.03716433, 0.05996273, 0.11196318, 0.12505342, 0.14313769,
       0.13063267, 0.10531639, 0.03528718, 0.10382165, 0.11533485,
       0.07484778, 0.13448359, 0.11051143, 0.05394903, 0.07357013,
       0.12138537, 0.11664442, 0.05665139, 0.09761444, 0.14893795,
       0.04073102, 0.04541604, 0.14458184, 0.1429595 , 0.11649915,
       0.12316172, 0.12162372, 0.05436939, 0.12945293, 0.11167268,
       0.04670608, 0.04776477, 0.11158501, 0.14626657, 0.12577344,
       0.1178321 , 0.10700197, 0.03327872, 0.12263553, 0.10601593,
       0.12141458, 0.05820861, 0.07171734, 0.12516454, 0.10690143,
       0.12278831, 0.11694504, 0.10370485, 0.13039051, 0.14762891,
       0.0710209 , 0.03505999, 0.11903587, 0.14083825, 0.10461594,
       0.08010075, 0.11019586, 0.12851487, 0.08222086, 0.10137547]), 'delta_distances': array([0., 0., 0., 0., 0., 0., 0., 0., 0., 0., 0., 0., 0., 0., 0., 0., 0.,
       0., 0., 0., 0., 0., 0., 0., 0., 0., 0., 0., 0., 0., 0., 0., 0., 0.,
       0., 0., 0., 0., 0., 0., 0., 0., 0., 0., 0., 0., 0., 0., 0., 0., 0.,
       0., 0., 0., 0., 0., 0., 0., 0., 0., 0., 0., 0., 0., 0., 0., 0., 0.,
       0., 0., 0., 0., 0., 0., 0., 0., 0., 0., 0., 0., 0., 0., 0., 0., 0.,
       0., 0., 0., 0., 0.]), 'locations': array([207, 166, 473,   9, 323, 347,  66, 483, 485, 421,  62, 225,  45,
        68, 420,  68, 153, 152, 165, 318, 232,  80, 300, 125,   1, 168,
       308, 469, 379, 464, 103, 414,  76, 194, 264, 146, 419, 278, 306,
        56, 370, 314,  22, 222, 401, 453, 375, 160, 192,  93, 415,  21,
        72,  24,  49, 428, 399, 330, 441, 355, 125, 332, 378, 449, 358,
       433,  46, 410, 311,  75, 453, 429,  30, 432, 291, 178,  33, 325,
       142, 111, 286, 258, 436,  24,  82,  16, 355, 226,  33, 248])}, {'ts_index': 23, 'loc': 391, 'gap': 0.03407431031290127, 'distances': array([0.08595484, 0.10366637, 0.02477981, 0.05370492, 0.16773073,
       0.12337044, 0.        , 0.13374442, 0.11827607, 0.08297157,
       0.02756961, 0.10336039, 0.03698708, 0.07946304, 0.07300584,
       0.08326024, 0.03474237, 0.04189423, 0.12563202, 0.15330626,
       0.086828  , 0.08162136, 0.13058984, 0.09222153, 0.1142139 ,
       0.10880179, 0.11395133, 0.14565665, 0.12595382, 0.12931721,
       0.15104468, 0.10594831, 0.08194927, 0.04635295, 0.06102412,
       0.13143801, 0.14254342, 0.10996262, 0.06745242, 0.08751344,
       0.07957515, 0.03642969, 0.11311034, 0.04510872, 0.09592197,
       0.11785634, 0.11798677, 0.12237343, 0.11237038, 0.1110447 ,
       0.10012086, 0.11518074, 0.16178097, 0.12437931, 0.16153393,
       0.12744289, 0.04356348, 0.10876786, 0.08791656, 0.12807916,
       0.12099087, 0.11192849, 0.13590692, 0.13682139, 0.11845879,
       0.12903088, 0.0917243 , 0.09436766, 0.12798805, 0.10052983,
       0.13635562, 0.05872746, 0.09345951]), 'delta_distances': array([0., 0., 0., 0., 0., 0., 0., 0., 0., 0., 0., 0., 0., 0., 0., 0., 0.,
       0., 0., 0., 0., 0., 0., 0., 0., 0., 0., 0., 0., 0., 0., 0., 0., 0.,
       0., 0., 0., 0., 0., 0., 0., 0., 0., 0., 0., 0., 0., 0., 0., 0., 0.,
       0., 0., 0., 0., 0., 0., 0., 0., 0., 0., 0., 0., 0., 0., 0., 0., 0.,
       0., 0., 0., 0., 0.]), 'locations': array([353, 456, 294, 199, 291, 321, 391, 235, 125, 167,  87, 111, 183,
       372, 319,  40, 303, 171, 421, 439, 336, 283, 242,  69,  12,  25,
        73, 263,  51,  12, 482,  14, 236, 261, 395,  53, 397, 175, 268,
        77, 456, 330, 427,  57, 326,   8, 263, 371, 407, 364, 284, 118,
       436, 330,   9, 358, 468,  28, 283, 306, 165, 185, 456,  96,  99,
        94, 106,  48,  75,  60, 475, 485, 111])}, {'ts_index': 132, 'loc': 167, 'gap': 0.03216519190597393, 'distances': array([0.0604587 , 0.08065072, 0.12180929, 0.04195582, 0.14436994,
       0.04818881, 0.03701306, 0.12390414, 0.07945153, 0.03770992,
       0.07605235, 0.0891704 , 0.05490426, 0.03843317, 0.03606033,
       0.07613788, 0.05295214, 0.11916177, 0.07200746, 0.13882878,
       0.07858004, 0.14059221, 0.05818277, 0.09224097, 0.10782012,
       0.10727191, 0.02927751, 0.07814496, 0.06839681, 0.13999547,
       0.13108105, 0.06234509, 0.        , 0.08777953, 0.02703029,
       0.12530225, 0.1136031 , 0.12694901, 0.04419162, 0.06545394,
       0.08446352, 0.08791779, 0.0532403 , 0.07309892, 0.11304485,
       0.10638753, 0.13866883, 0.06598841, 0.07867206, 0.13168688,
       0.11073879, 0.13767147, 0.13250216, 0.0607422 , 0.13115935,
       0.11246729, 0.1287298 , 0.13312636, 0.05527333]), 'delta_distances': array([0., 0., 0., 0., 0., 0., 0., 0., 0., 0., 0., 0., 0., 0., 0., 0., 0.,
       0., 0., 0., 0., 0., 0., 0., 0., 0., 0., 0., 0., 0., 0., 0., 0., 0.,
       0., 0., 0., 0., 0., 0., 0., 0., 0., 0., 0., 0., 0., 0., 0., 0., 0.,
       0., 0., 0., 0., 0., 0., 0., 0.]), 'locations': array([ 44, 440,  85,  98, 455,  31, 118, 107, 179,  89, 293, 108, 340,
        35,  84, 471, 262, 424, 321, 142, 446, 422, 329, 351, 439, 108,
       216,  27, 234,  98,  35,  70, 167, 145,  96, 326,  43, 355, 276,
       294, 405, 232,  57,  51, 375,  90, 249, 269, 298,  76,  68, 352,
       468, 151, 408, 456, 201, 362, 187])}, {'ts_index': 80, 'loc': 144, 'gap': 0.03042534994747978, 'distances': array([0.15665246, 0.10294969, 0.04254901, 0.07276348, 0.        ,
       0.04926623, 0.12564892, 0.11355974, 0.13825807, 0.03684796,
       0.06887732, 0.06233679, 0.08981979, 0.0435545 , 0.15134325,
       0.09031762, 0.11633082, 0.04321172, 0.09530685, 0.12398237,
       0.04104326, 0.0385896 , 0.09907202, 0.10273533]), 'delta_distances': array([0., 0., 0., 0., 0., 0., 0., 0., 0., 0., 0., 0., 0., 0., 0., 0., 0.,
       0., 0., 0., 0., 0., 0., 0.]), 'locations': array([ 44, 456, 480, 388, 144, 171,  47, 478,  16, 470, 260, 314, 197,
       208, 154,  60, 396, 311, 347, 243, 295, 160, 180, 124])}, {'ts_index': 101, 'loc': 395, 'gap': 0.03882433098494857, 'distances': array([0.12064868, 0.105262  , 0.0708385 , 0.        , 0.1275407 ,
       0.13395026, 0.1287251 , 0.06570501, 0.14435909, 0.1279603 ,
       0.06261533, 0.14331801, 0.12581031]), 'delta_distances': array([0., 0., 0., 0., 0., 0., 0., 0., 0., 0., 0., 0., 0.]), 'locations': array([222, 251, 326, 395, 472,   2, 297, 429, 471,  93, 433, 418,  90])}, {'ts_index': 31, 'loc': 440, 'gap': 0.047891561901710976, 'distances': array([0.09779504, 0.        , 0.14307193, 0.14633488, 0.12481063,
       0.03957116, 0.14305659, 0.06021243, 0.10153245]), 'delta_distances': array([0., 0., 0., 0., 0., 0., 0., 0., 0.]), 'locations': array([ 45, 440, 239, 263, 434, 247, 282,  57, 244])}, {'ts_index': 178, 'loc': 89, 'gap': 0.052014734935530965, 'distances': array([0.04704008, 0.09346334, 0.0371078 , 0.12627881, 0.        ,
       0.14411155]), 'delta_distances': array([0., 0., 0., 0., 0., 0.]), 'locations': array([289, 400, 166,  67,  89, 354])}], 'clusters': array([ 1,  1,  6,  6,  1,  5,  3,  2,  2,  1,  5,  1,  4, 10,  3,  3,  2,
        4,  2,  1,  6,  2,  2,  5,  1,  1,  3,  2,  1,  1,  3,  9,  3,  1,
        6,  6,  4,  3,  1,  5,  7,  2,  5,  1,  2,  1,  6,  3,  3,  6,  6,
        5,  3,  5,  1,  3,  6,  3,  1,  4,  6,  6,  1,  6,  3,  6,  2,  6,
        3,  7,  1,  6,  4,  1,  3,  1,  1,  3,  4,  1,  7,  6,  3,  2,  1,
        7,  1,  3,  6,  2,  6,  4,  2,  1,  1,  8,  1,  1,  1,  2,  3,  8,
        5,  5,  6,  1,  4,  1,  6,  6,  5,  3,  1,  4,  0,  3,  1,  7,  1,
        1,  1,  2,  4,  3,  4,  1,  1,  5,  3,  3,  6,  5,  6,  1,  6,  2,
        2,  4,  3,  6,  1,  7,  4,  4,  7, 10,  6,  3,  2,  6,  1,  6,  4,
        6,  2,  6,  3,  6,  1,  1,  4,  3,  5,  7,  0,  8,  1,  3,  6,  1,
        6,  2,  3,  3,  9,  3,  7,  1, 10,  2,  2,  2,  4,  8,  6,  2,  7,
        7,  3,  3,  1,  1,  9,  2,  0,  2,  3,  2,  5,  6]), 'time': 25536.975291728973}
lenSubsequence: 13{'RI': 0.5003015075376884, 'num_clusters': 6, 'uShapelets': [{'ts_index': 172, 'loc': 424, 'gap': 0.03169741317861108, 'distances': array([0.0845758 , 0.10547044, 0.10020981, 0.1006937 , 0.14729929,
       0.14757492, 0.13970685, 0.11180098, 0.06739821, 0.0763325 ,
       0.11647896, 0.10266445, 0.13135326, 0.11321899, 0.13317271,
       0.1242865 , 0.12809613, 0.14636754, 0.0482869 , 0.07947209,
       0.14952768, 0.13607679, 0.11682631, 0.1227229 , 0.09462859,
       0.12734775, 0.05140963, 0.0516899 , 0.09389976, 0.04132337,
       0.14995803, 0.09365768, 0.04133759, 0.13100277, 0.04644649,
       0.1260079 , 0.094505  , 0.11445098, 0.08648986, 0.13859112,
       0.12434672, 0.11404247, 0.08083188, 0.13113155, 0.06426914,
       0.0986233 , 0.12822292, 0.15471983, 0.11382442, 0.04137701,
       0.05103228, 0.11717346, 0.08687007, 0.12409168, 0.08988478,
       0.09345184, 0.03981579, 0.04878178, 0.08446749, 0.15423016,
       0.08839164, 0.06482218, 0.04521169, 0.14028313, 0.05394772,
       0.0531504 , 0.03155182, 0.1117557 , 0.11882992, 0.14511099,
       0.08799468, 0.0692356 , 0.1029359 , 0.13100102, 0.10461731,
       0.10879065, 0.08905085, 0.10787724, 0.08961283, 0.13513431,
       0.1463102 , 0.12326536, 0.10864127, 0.11745291, 0.14108863,
       0.12909316, 0.14491191, 0.04017505, 0.06022606, 0.10583038,
       0.13478643, 0.05579094, 0.08635169, 0.11138765, 0.1227036 ,
       0.12869922, 0.08853955, 0.07984681, 0.13826161, 0.13616348,
       0.15187627, 0.05801916, 0.05883469, 0.13570037, 0.12011173,
       0.12992039, 0.04218199, 0.13463343, 0.12679871, 0.13731095,
       0.11777484, 0.04842826, 0.14463926, 0.07576875, 0.13722533,
       0.14006605, 0.06756074, 0.09048913, 0.11388589, 0.13615276,
       0.13375402, 0.10769952, 0.12205445, 0.10109369, 0.0897355 ,
       0.09560615, 0.03535542, 0.09335259, 0.08094718, 0.05226229,
       0.03217474, 0.13498757, 0.05493811, 0.11368915, 0.14017844,
       0.15096539, 0.13255027, 0.10507767, 0.05899896, 0.09530438,
       0.1495068 , 0.05767671, 0.12260302, 0.12188062, 0.01728504,
       0.09960687, 0.1028536 , 0.11329843, 0.11805191, 0.14413112,
       0.0982374 , 0.07918841, 0.10350684, 0.06944685, 0.11554497,
       0.14729308, 0.11432455, 0.10746678, 0.12770101, 0.12549949,
       0.10647941, 0.07959964, 0.12635408, 0.13275537, 0.0913177 ,
       0.07550106, 0.1377819 , 0.07252064, 0.04079889, 0.1287043 ,
       0.09385971, 0.06405968, 0.        , 0.14226308, 0.09036557,
       0.06739667, 0.11854537, 0.11568922, 0.1278388 , 0.12530007,
       0.14073405, 0.11172526, 0.11889358, 0.10599132, 0.10788018,
       0.1151334 , 0.13863951, 0.09429717, 0.11693974, 0.08971721,
       0.13881701, 0.06988714, 0.1252753 , 0.10054183, 0.08086603,
       0.147117  , 0.14453127, 0.11131753, 0.09717024, 0.03845515]), 'delta_distances': array([0., 0., 0., 0., 0., 0., 0., 0., 0., 0., 0., 0., 0., 0., 0., 0., 0.,
       0., 0., 0., 0., 0., 0., 0., 0., 0., 0., 0., 0., 0., 0., 0., 0., 0.,
       0., 0., 0., 0., 0., 0., 0., 0., 0., 0., 0., 0., 0., 0., 0., 0., 0.,
       0., 0., 0., 0., 0., 0., 0., 0., 0., 0., 0., 0., 0., 0., 0., 0., 0.,
       0., 0., 0., 0., 0., 0., 0., 0., 0., 0., 0., 0., 0., 0., 0., 0., 0.,
       0., 0., 0., 0., 0., 0., 0., 0., 0., 0., 0., 0., 0., 0., 0., 0., 0.,
       0., 0., 0., 0., 0., 0., 0., 0., 0., 0., 0., 0., 0., 0., 0., 0., 0.,
       0., 0., 0., 0., 0., 0., 0., 0., 0., 0., 0., 0., 0., 0., 0., 0., 0.,
       0., 0., 0., 0., 0., 0., 0., 0., 0., 0., 0., 0., 0., 0., 0., 0., 0.,
       0., 0., 0., 0., 0., 0., 0., 0., 0., 0., 0., 0., 0., 0., 0., 0., 0.,
       0., 0., 0., 0., 0., 0., 0., 0., 0., 0., 0., 0., 0., 0., 0., 0., 0.,
       0., 0., 0., 0., 0., 0., 0., 0., 0., 0., 0., 0., 0.]), 'locations': array([228, 133, 107,  96, 288, 187, 130, 273, 111, 311, 203,  52, 423,
       226,   3, 406,  30, 281, 384, 365, 311, 462, 410,  86, 158, 244,
       275, 219,  34, 196, 175, 250, 347, 119, 318,  62,  60, 287, 149,
       222, 150, 474,  52,  20, 262, 215, 409,  74, 311, 444, 341, 242,
       180, 269, 176,  29, 458, 166, 202, 186, 258, 358, 408,  94, 344,
       285,  98, 279, 484, 293, 423, 353,  84, 363, 482, 158, 273, 188,
       390, 447, 386, 182, 309, 320, 315,  84,  93, 145, 480, 292,  16,
       475,  58, 157, 259, 286,  87, 322,  92, 108, 250,  99, 431, 231,
        40, 393, 246, 254,  88, 408, 206, 129, 199, 381, 156, 124,  21,
       238, 466, 337, 352, 453, 230, 313, 402, 232, 366, 295, 337, 229,
       265, 313, 175, 242, 463, 438, 297, 111, 254, 422, 399, 108,  91,
       134, 400,   1, 337, 381, 290,  18, 450, 154, 241,  77, 483, 113,
       164, 237, 116, 243, 439, 345,  95, 154,  16, 100, 464, 359, 443,
        33, 199, 237, 424, 178, 365, 171,  11, 154,  25,   5, 133, 443,
       482, 342,  39, 273, 369, 139, 238,  10, 459, 483,  48, 164, 192,
       448, 208, 178, 203, 152])}, {'ts_index': 1, 'loc': 337, 'gap': 0.029401479608482717, 'distances': array([0.03021097, 0.        , 0.06470738, 0.07855291, 0.12531387,
       0.08277352, 0.09946503, 0.13035126, 0.07214724, 0.10464941,
       0.15172555, 0.1125388 , 0.01824274, 0.11475754, 0.13539823,
       0.10898381, 0.10449615, 0.11399014, 0.08549956, 0.12559675,
       0.04180636, 0.12189976, 0.11300715, 0.04264219, 0.10760853,
       0.05520769, 0.02514495, 0.11370155, 0.03132944, 0.08250021,
       0.10759344, 0.02327993, 0.12468906, 0.03347565, 0.10037863,
       0.0980679 , 0.11549649, 0.08691924, 0.04926972, 0.03053354,
       0.05696783, 0.0827611 , 0.09939987, 0.1343577 , 0.0570754 ,
       0.08772719, 0.10890641, 0.10876265, 0.08401788, 0.09266651,
       0.08501832, 0.12121976, 0.08702991, 0.11418474, 0.08164446,
       0.08836222, 0.10681586, 0.06189853, 0.07799726, 0.04209959,
       0.04555408, 0.07483022, 0.04146321, 0.07756392, 0.06152409,
       0.07536473, 0.12510876, 0.02684101, 0.08873287, 0.1286247 ,
       0.04864688, 0.11737163, 0.10258597, 0.09716603, 0.10873486,
       0.05404354, 0.11650241, 0.08366465, 0.09452113, 0.03355893,
       0.05412219, 0.06357945, 0.02150349, 0.0277461 , 0.06926879,
       0.02796703, 0.05473783, 0.11733452, 0.05655159, 0.08904837,
       0.09673133, 0.12241804, 0.09170126, 0.12094331, 0.10065133,
       0.07286457, 0.10603843, 0.04819463, 0.02413972, 0.03944878,
       0.07155425, 0.09099453, 0.02645515, 0.02264219, 0.10235066,
       0.0633893 , 0.11890258, 0.05715257, 0.02829153, 0.11487708,
       0.09022263, 0.08074863, 0.09411122, 0.1138453 , 0.07518827,
       0.07033764, 0.07613776, 0.09481937, 0.03885929, 0.13440106,
       0.08633488, 0.10998407, 0.11934017, 0.06162423, 0.01803743,
       0.06949366, 0.08781446, 0.10916751, 0.09229517, 0.06631793,
       0.06164779, 0.07110815, 0.09977315, 0.0454647 , 0.08821487,
       0.06854385, 0.12852115, 0.08489184, 0.10312838, 0.12960946,
       0.08437569, 0.10316353, 0.08554912, 0.09704897, 0.07072617,
       0.08926707, 0.11022304, 0.03387505, 0.09335634, 0.0736697 ,
       0.11115337, 0.01876001, 0.11978724, 0.11065896, 0.02427427,
       0.06361752, 0.08364513, 0.03837124, 0.05594847, 0.05232886,
       0.08315921, 0.13601071, 0.11532471, 0.04495692, 0.0882438 ]), 'delta_distances': array([0., 0., 0., 0., 0., 0., 0., 0., 0., 0., 0., 0., 0., 0., 0., 0., 0.,
       0., 0., 0., 0., 0., 0., 0., 0., 0., 0., 0., 0., 0., 0., 0., 0., 0.,
       0., 0., 0., 0., 0., 0., 0., 0., 0., 0., 0., 0., 0., 0., 0., 0., 0.,
       0., 0., 0., 0., 0., 0., 0., 0., 0., 0., 0., 0., 0., 0., 0., 0., 0.,
       0., 0., 0., 0., 0., 0., 0., 0., 0., 0., 0., 0., 0., 0., 0., 0., 0.,
       0., 0., 0., 0., 0., 0., 0., 0., 0., 0., 0., 0., 0., 0., 0., 0., 0.,
       0., 0., 0., 0., 0., 0., 0., 0., 0., 0., 0., 0., 0., 0., 0., 0., 0.,
       0., 0., 0., 0., 0., 0., 0., 0., 0., 0., 0., 0., 0., 0., 0., 0., 0.,
       0., 0., 0., 0., 0., 0., 0., 0., 0., 0., 0., 0., 0., 0., 0., 0., 0.,
       0., 0., 0., 0., 0., 0., 0., 0., 0., 0., 0., 0.]), 'locations': array([120, 337, 158, 289, 127, 445, 355,  26,  79, 486, 244,  18, 355,
        26, 333, 275, 342, 191, 484,   5, 160, 428, 349, 270, 179, 221,
       248, 345, 230, 452,  89, 321,  76, 423, 417, 412, 127, 268,  80,
       197,  52,  66, 166, 382,  42, 416, 248, 446, 341, 129, 476, 275,
       138, 440, 323, 272, 269, 341, 473, 331, 108, 444, 456, 169,  44,
       399,   0, 380, 440, 386,  61, 312, 326,  42, 348,  19, 117, 270,
       132, 203, 167, 443, 424, 318, 219, 196, 269, 478, 306, 464, 205,
       109, 254, 235, 364, 387, 205, 425,  61, 267, 221, 461, 170, 210,
       330, 323, 398, 226,  61, 148, 115,  60, 383, 471, 406, 484, 449,
        30,  69, 292, 265,  82, 215, 277, 266, 123, 119,  38, 468, 479,
       108,  35, 221, 220, 408, 291, 139, 209,  80, 193, 249, 401, 448,
       212,  66, 320, 445, 291, 468,  23,   5, 212, 163,  90, 115, 134,
       261, 396,  82, 212, 288, 224, 356, 154, 245])}, {'ts_index': 145, 'loc': 112, 'gap': 0.04200901700705906, 'distances': array([0.06851447, 0.12690602, 0.13820203, 0.06475201, 0.12500868,
       0.12511775, 0.14281048, 0.14231933, 0.11391367, 0.08261487,
       0.09504054, 0.05456994, 0.12941706, 0.05166719, 0.08764839,
       0.10485122, 0.07946817, 0.14428833, 0.12585726, 0.1206067 ,
       0.11199617, 0.10141141, 0.10542876, 0.13422556, 0.118659  ,
       0.13407016, 0.13019603, 0.06214845, 0.10971578, 0.10436355,
       0.13747327, 0.11871296, 0.11874274, 0.13333032, 0.14486251,
       0.05586981, 0.13154239, 0.06206239, 0.14280949, 0.05124691,
       0.12839545, 0.10344337, 0.15504617, 0.09994491, 0.12861939,
       0.08900419, 0.12842766, 0.04227537, 0.12988724, 0.05273941,
       0.14268769, 0.09459172, 0.14230852, 0.11982471, 0.14039485,
       0.12361174, 0.13712239, 0.11767907, 0.12599175, 0.14811723,
       0.04941718, 0.11949325, 0.09886052, 0.10714942, 0.10702079,
       0.11941291, 0.12600318, 0.1174263 , 0.11155827, 0.15118487,
       0.10928153, 0.11938086, 0.04665607, 0.0384052 , 0.13632421,
       0.12891099, 0.11538324, 0.13255556, 0.11614737, 0.0726571 ,
       0.13166352, 0.1469625 , 0.0602672 , 0.11019805, 0.10224655,
       0.06310765, 0.06874524, 0.11079567, 0.04808712, 0.12080507,
       0.1251747 , 0.0422139 , 0.03790883, 0.        , 0.12645655,
       0.10759743, 0.13568147, 0.13245872, 0.10267442, 0.13132787,
       0.12512063, 0.13481085, 0.04110403, 0.11958203, 0.1459219 ,
       0.10811304, 0.13782841, 0.12845521, 0.14455211, 0.10474796,
       0.0385308 , 0.02718434, 0.11629981, 0.088724  , 0.15172939,
       0.11657491, 0.02035582, 0.02187328, 0.15054292, 0.15287617,
       0.13498718, 0.09140863, 0.04002212, 0.13207643, 0.13223859,
       0.07995572, 0.11806227, 0.14291664, 0.1354205 , 0.02847313,
       0.13443305, 0.13870966, 0.12433745, 0.06537721, 0.1115888 ,
       0.12674675]), 'delta_distances': array([0., 0., 0., 0., 0., 0., 0., 0., 0., 0., 0., 0., 0., 0., 0., 0., 0.,
       0., 0., 0., 0., 0., 0., 0., 0., 0., 0., 0., 0., 0., 0., 0., 0., 0.,
       0., 0., 0., 0., 0., 0., 0., 0., 0., 0., 0., 0., 0., 0., 0., 0., 0.,
       0., 0., 0., 0., 0., 0., 0., 0., 0., 0., 0., 0., 0., 0., 0., 0., 0.,
       0., 0., 0., 0., 0., 0., 0., 0., 0., 0., 0., 0., 0., 0., 0., 0., 0.,
       0., 0., 0., 0., 0., 0., 0., 0., 0., 0., 0., 0., 0., 0., 0., 0., 0.,
       0., 0., 0., 0., 0., 0., 0., 0., 0., 0., 0., 0., 0., 0., 0., 0., 0.,
       0., 0., 0., 0., 0., 0., 0., 0., 0., 0., 0., 0., 0., 0., 0., 0., 0.]), 'locations': array([286, 325, 360, 163, 359, 393, 284,  85, 419, 199, 371, 179, 103,
       467, 423,  91, 215, 178, 347, 372, 321, 234,   8,  11, 449,  18,
       249, 221, 284, 315, 476,  31, 137, 235,  17,  61, 337,  23, 281,
        82,  57,  17,  36, 477, 472, 415, 352, 376, 276,  56, 203, 283,
        26, 122, 100, 312, 219, 119,  77, 378, 142,  54, 198, 115, 211,
       189, 388, 463, 304, 246, 222, 155,   4, 482, 236, 153, 475, 131,
        42,  61, 348, 399, 321,   5, 355, 272, 160, 226, 374, 228, 219,
       196, 442, 112, 399, 295, 124, 228, 246, 279, 435,  87, 486,  91,
       133, 392, 277, 268, 145, 422, 373, 125, 213, 390, 285, 175, 461,
       292,  34,  34, 263, 162,  77, 410,  44, 231, 316, 122, 292, 266,
       215, 361, 254, 445, 457, 408])}, {'ts_index': 9, 'loc': 226, 'gap': 0.030746151160973206, 'distances': array([0.03996996, 0.02997497, 0.04146961, 0.01411134, 0.0445116 ,
       0.03445895, 0.        , 0.05429075, 0.06902644, 0.09510032,
       0.0924273 , 0.09841577, 0.11123454, 0.02049417, 0.05551931,
       0.03279161, 0.09844944, 0.08312961, 0.04179745, 0.01942761,
       0.12024772, 0.06806108, 0.03546542, 0.03355727, 0.14138759,
       0.04873729, 0.01746681, 0.09815428, 0.09343613, 0.03905664,
       0.01742171, 0.1090028 , 0.03340197, 0.05142482, 0.04754965,
       0.05585541, 0.05961955, 0.0427755 , 0.03003236, 0.02632986,
       0.09595979, 0.0535891 , 0.02158443, 0.08185348, 0.03062581,
       0.06284713, 0.05152279, 0.02069248, 0.03145069, 0.10031024,
       0.13536349, 0.07074615, 0.076977  , 0.02223276, 0.07742966,
       0.05206614, 0.03232248, 0.04400291, 0.10983505, 0.12413871,
       0.03892485, 0.01404593, 0.080738  , 0.07617738, 0.09639818,
       0.03869397, 0.03065602, 0.06306248, 0.11962955, 0.11079746,
       0.01656101, 0.08185219, 0.0345614 , 0.09934035, 0.01958922,
       0.03549079, 0.07272856, 0.025097  , 0.03599316, 0.05369481,
       0.04067971, 0.12292069, 0.06932479, 0.08903264, 0.06683077,
       0.1042626 , 0.03497048, 0.11431276, 0.08139269, 0.05612989,
       0.09844362, 0.03237627, 0.04346938, 0.1000752 , 0.0644456 ,
       0.05768636, 0.11569782, 0.11272594, 0.06615221, 0.01400626,
       0.1263794 , 0.03998982, 0.04327013, 0.0334247 , 0.02617718,
       0.03042337, 0.03613284, 0.09840552, 0.05106746, 0.06865686]), 'delta_distances': array([0., 0., 0., 0., 0., 0., 0., 0., 0., 0., 0., 0., 0., 0., 0., 0., 0.,
       0., 0., 0., 0., 0., 0., 0., 0., 0., 0., 0., 0., 0., 0., 0., 0., 0.,
       0., 0., 0., 0., 0., 0., 0., 0., 0., 0., 0., 0., 0., 0., 0., 0., 0.,
       0., 0., 0., 0., 0., 0., 0., 0., 0., 0., 0., 0., 0., 0., 0., 0., 0.,
       0., 0., 0., 0., 0., 0., 0., 0., 0., 0., 0., 0., 0., 0., 0., 0., 0.,
       0., 0., 0., 0., 0., 0., 0., 0., 0., 0., 0., 0., 0., 0., 0., 0., 0.,
       0., 0., 0., 0., 0., 0., 0., 0.]), 'locations': array([287, 227,  30, 184,  54, 454, 226, 387, 233, 291, 470, 402,   6,
       341, 182, 428,  37, 165, 257, 118, 335, 314, 479, 130, 272, 126,
       403, 465, 190, 287, 183, 252, 270, 339,  16,  26, 295, 342, 383,
       258, 217,   3, 173, 281, 345, 479, 449,  14, 426, 126,  33, 101,
       337, 154,  27, 135, 375, 136, 249,  16, 392, 364, 320, 118,  34,
       208, 240, 251, 367, 444,  39,  41, 198, 402,  97, 128, 425, 449,
       154, 420, 273, 210, 324,  24, 402, 236, 394, 202,  41, 114, 470,
       222,  40, 348, 159, 283, 448, 239, 486, 225,  67, 258, 362,  84,
       408, 145, 463, 264, 337, 424])}, {'ts_index': 183, 'loc': 165, 'gap': 0.03510560220636391, 'distances': array([0.03911772, 0.11492352, 0.05892406, 0.09904064, 0.05011361,
       0.05387846, 0.13192878, 0.04517957, 0.0570956 , 0.11634087,
       0.0591383 , 0.12201835, 0.05998094, 0.07688356, 0.0519604 ,
       0.04044732, 0.08547584, 0.03490998, 0.04933546, 0.0338808 ,
       0.10008043, 0.04508532, 0.05694325, 0.07752798, 0.08562543,
       0.11912078, 0.03632353, 0.        , 0.07600085]), 'delta_distances': array([0., 0., 0., 0., 0., 0., 0., 0., 0., 0., 0., 0., 0., 0., 0., 0., 0.,
       0., 0., 0., 0., 0., 0., 0., 0., 0., 0., 0., 0.]), 'locations': array([ 17, 283, 339, 122,  93,  20,  33, 155, 251, 411, 476, 216, 409,
       236, 455, 358, 102,  13, 443, 158,  75, 155, 348,  31, 249,  31,
       132, 165,  46])}, {'ts_index': 89, 'loc': 112, 'gap': 0.03018215002492418, 'distances': array([0.10306547, 0.13565714, 0.0767208 , 0.        , 0.12208863]), 'delta_distances': array([0., 0., 0., 0., 0.]), 'locations': array([ 80, 228, 382, 112, 451])}], 'clusters': array([2, 2, 4, 4, 4, 3, 4, 4, 4, 4, 4, 4, 2, 5, 3, 0, 3, 5, 1, 5, 4, 2,
       4, 4, 2, 5, 1, 1, 4, 1, 2, 4, 1, 2, 1, 4, 5, 2, 4, 2, 4, 4, 3, 0,
       1, 4, 2, 4, 5, 1, 1, 5, 4, 4, 3, 6, 1, 1, 3, 4, 3, 1, 1, 4, 1, 1,
       1, 4, 4, 4, 4, 4, 4, 3, 5, 2, 3, 4, 2, 4, 4, 4, 4, 2, 4, 4, 4, 1,
       1, 6, 5, 1, 3, 4, 4, 4, 4, 4, 2, 4, 4, 1, 1, 2, 2, 5, 1, 2, 5, 4,
       4, 1, 3, 3, 4, 4, 5, 4, 4, 4, 5, 2, 2, 5, 3, 2, 1, 2, 4, 1, 1, 4,
       1, 3, 4, 2, 5, 3, 1, 4, 4, 1, 3, 3, 1, 3, 4, 4, 2, 4, 4, 4, 5, 4,
       2, 5, 3, 4, 5, 4, 5, 4, 4, 5, 3, 3, 4, 4, 1, 5, 4, 1, 1, 3, 3, 1,
       4, 0, 5, 4, 3, 2, 4, 5, 4, 2, 4, 4, 2, 4, 3, 2, 4, 4, 5, 3, 4, 2,
       4, 1]), 'time': 27484.796302318573}
lenSubsequence: 14{'RI': 0.5073869346733668, 'num_clusters': 12, 'uShapelets': [{'ts_index': 83, 'loc': 105, 'gap': 0.025607161625876507, 'distances': array([0.12764457, 0.0607075 , 0.0587538 , 0.10822133, 0.13823726,
       0.088123  , 0.12921189, 0.09596211, 0.09321747, 0.02371802,
       0.10161622, 0.12705001, 0.10382251, 0.07451567, 0.11183791,
       0.1055966 , 0.10268855, 0.08832727, 0.08647307, 0.12319835,
       0.06685446, 0.11676394, 0.12901745, 0.11474973, 0.10246063,
       0.12929531, 0.12279913, 0.12867668, 0.13119814, 0.05866384,
       0.1033364 , 0.11861468, 0.11671572, 0.1252574 , 0.11772056,
       0.06186624, 0.10586365, 0.08470988, 0.06889616, 0.06340337,
       0.05921857, 0.12335993, 0.1037837 , 0.13584955, 0.12843091,
       0.07511763, 0.0801185 , 0.08096102, 0.12505081, 0.04832457,
       0.06250514, 0.11282367, 0.05311946, 0.09550916, 0.09857521,
       0.11579862, 0.08998266, 0.11121935, 0.05648315, 0.12258283,
       0.12444913, 0.03943621, 0.12418139, 0.11845839, 0.11301436,
       0.11140561, 0.10114799, 0.10807062, 0.05987431, 0.08401629,
       0.08890186, 0.09104918, 0.12561674, 0.09770032, 0.12397792,
       0.06140076, 0.09551708, 0.04382505, 0.11591707, 0.11849748,
       0.05176326, 0.09871607, 0.11641376, 0.        , 0.13107841,
       0.1072321 , 0.03844997, 0.11421087, 0.0653488 , 0.07972402,
       0.13996968, 0.0610622 , 0.10799699, 0.10999927, 0.10423348,
       0.11904924, 0.12753608, 0.09219778, 0.12897304, 0.13217939,
       0.06019628, 0.1211765 , 0.1115411 , 0.08073245, 0.10098881,
       0.12313494, 0.08750279, 0.13637247, 0.10578666, 0.12684847,
       0.11855601, 0.10060847, 0.09040305, 0.12090854, 0.10366799,
       0.11712383, 0.120057  , 0.0458197 , 0.10797366, 0.06520207,
       0.08246002, 0.10204888, 0.07934394, 0.1335714 , 0.12707867,
       0.12171527, 0.10266513, 0.09679269, 0.06126219, 0.13493161,
       0.1244639 , 0.09397036, 0.11416425, 0.12161035, 0.06470021,
       0.10242221, 0.11618634, 0.10503109, 0.11350548, 0.10432002,
       0.10222673, 0.1296335 , 0.11725974, 0.10867182, 0.1208104 ,
       0.11630712, 0.10764861, 0.08488164, 0.12167782, 0.12991239,
       0.0997457 , 0.0762421 , 0.10783109, 0.0667538 , 0.1039269 ,
       0.09662631, 0.09375726, 0.1175431 , 0.12605165, 0.12330781,
       0.10677572, 0.13751553, 0.09803032, 0.11968542, 0.08652904,
       0.10912517, 0.05319053, 0.11737218, 0.10007321, 0.04466973,
       0.06003253, 0.08198118, 0.10247073, 0.08482034, 0.09892933,
       0.12083675, 0.13124189, 0.08593265, 0.13587861, 0.12507043,
       0.10745299, 0.12910304, 0.05199721, 0.08629691, 0.06705251,
       0.09931643, 0.11767944, 0.12039914, 0.08526599, 0.10237777,
       0.11105635, 0.11291128, 0.07944537, 0.10752609, 0.11525773,
       0.12333083, 0.03663939, 0.11589929, 0.11978858, 0.12696882]), 'delta_distances': array([0., 0., 0., 0., 0., 0., 0., 0., 0., 0., 0., 0., 0., 0., 0., 0., 0.,
       0., 0., 0., 0., 0., 0., 0., 0., 0., 0., 0., 0., 0., 0., 0., 0., 0.,
       0., 0., 0., 0., 0., 0., 0., 0., 0., 0., 0., 0., 0., 0., 0., 0., 0.,
       0., 0., 0., 0., 0., 0., 0., 0., 0., 0., 0., 0., 0., 0., 0., 0., 0.,
       0., 0., 0., 0., 0., 0., 0., 0., 0., 0., 0., 0., 0., 0., 0., 0., 0.,
       0., 0., 0., 0., 0., 0., 0., 0., 0., 0., 0., 0., 0., 0., 0., 0., 0.,
       0., 0., 0., 0., 0., 0., 0., 0., 0., 0., 0., 0., 0., 0., 0., 0., 0.,
       0., 0., 0., 0., 0., 0., 0., 0., 0., 0., 0., 0., 0., 0., 0., 0., 0.,
       0., 0., 0., 0., 0., 0., 0., 0., 0., 0., 0., 0., 0., 0., 0., 0., 0.,
       0., 0., 0., 0., 0., 0., 0., 0., 0., 0., 0., 0., 0., 0., 0., 0., 0.,
       0., 0., 0., 0., 0., 0., 0., 0., 0., 0., 0., 0., 0., 0., 0., 0., 0.,
       0., 0., 0., 0., 0., 0., 0., 0., 0., 0., 0., 0., 0.]), 'locations': array([159, 151,  94,  32,  92, 453, 177,  55, 409, 224, 375,  66, 197,
         3, 395, 417,  46, 282,  98, 240,  79, 276, 299, 293, 110, 120,
       421, 128, 479, 229, 117, 473, 111, 428,  95, 118,  90, 184,  97,
       325, 367,   0, 398, 196, 185,  68, 338, 400, 178,  88, 239, 126,
       287, 181,  93, 374, 104, 321, 190,  92,  40, 381, 143, 338, 396,
        76, 410, 187,  18, 295,  39, 152, 243, 152, 124, 367, 475,   3,
        24, 431, 259, 385, 220, 105, 407, 296, 252,  57, 240, 131, 468,
       450,  66,  71, 331, 466,  25, 480,  10, 411, 133, 190, 376, 451,
       189,  44, 430,   1, 278, 239, 305, 234, 182, 220, 223, 455, 485,
       468, 227, 299, 165, 449, 150, 198, 263, 170, 160,  53,  36, 472,
       201, 294,  45,   0, 197, 274, 231,  98,  78, 401, 484, 169, 242,
        25, 315,  19, 273, 201, 187, 222,  31, 222,  62, 298, 241, 188,
       271, 200, 469, 297, 335,  69, 404, 401, 410,   5, 276, 132, 326,
       367, 295, 432, 403, 158,  76, 233, 312, 441, 132, 380, 167,  54,
       222, 224,  88, 413,  13,  83, 215, 224, 397, 370, 145, 460, 337,
        65, 336, 131,  22,  32])}, {'ts_index': 17, 'loc': 341, 'gap': 0.0238132325428922, 'distances': array([0.12739601, 0.12092207, 0.1140758 , 0.04041952, 0.04854135,
       0.13534476, 0.01982263, 0.04131844, 0.11285531, 0.11521389,
       0.08514525, 0.07814181, 0.04866874, 0.        , 0.11474088,
       0.08509192, 0.13175071, 0.09444075, 0.11177822, 0.05568428,
       0.13651048, 0.06942627, 0.12009838, 0.11783596, 0.13172282,
       0.13531399, 0.0801753 , 0.12604251, 0.11976643, 0.07938394,
       0.127862  , 0.0808989 , 0.05812136, 0.13157922, 0.07499861,
       0.09760837, 0.07905929, 0.10087471, 0.04533656, 0.04716269,
       0.12136418, 0.1155583 , 0.11571348, 0.07376005, 0.13405498,
       0.06075994, 0.1260564 , 0.06977865, 0.13849433, 0.09534681,
       0.11918378, 0.1005101 , 0.10757032, 0.11529785, 0.11889767,
       0.12452775, 0.09569648, 0.08573899, 0.1356844 , 0.10970903,
       0.12738   , 0.07786817, 0.11627843, 0.08430476, 0.10362456,
       0.06004284, 0.10948986, 0.07856755, 0.08244056, 0.07004503,
       0.12573702, 0.11146428, 0.12187694, 0.09770247, 0.12764565,
       0.11967814, 0.10051343, 0.11980805, 0.12727112, 0.10342587,
       0.11206674, 0.12338432, 0.09553328, 0.09255051, 0.09698999,
       0.09218025, 0.10173114, 0.11679286, 0.08386863, 0.03832964,
       0.09549375, 0.13281341, 0.12841849, 0.10751063, 0.11176763,
       0.06588365, 0.0331372 , 0.12716641, 0.11904509, 0.09075782,
       0.11284004, 0.11935176, 0.07865773, 0.10610872, 0.11157282,
       0.12199297, 0.07445371, 0.06859878, 0.12151205, 0.09965501,
       0.0521977 , 0.05048622, 0.09495619, 0.04715956, 0.08938713,
       0.09335941, 0.05981346, 0.11965417, 0.10121837, 0.10772958,
       0.06878691, 0.05866375, 0.07804187, 0.0263569 , 0.07198712,
       0.08344525, 0.11652253, 0.06778021, 0.0903927 , 0.0829768 ,
       0.11298079, 0.09709851, 0.08300494, 0.03641371, 0.11258968,
       0.10229804, 0.09696711, 0.0810057 , 0.11087306, 0.10751812,
       0.13583651, 0.07442996, 0.07103118, 0.11042341, 0.10099227,
       0.12023015, 0.04810772, 0.08478178, 0.13474325, 0.07314955,
       0.09006495, 0.05371284, 0.10984417, 0.09291587, 0.06329781,
       0.10404823, 0.03349904, 0.12918031, 0.07065758, 0.04293304,
       0.11683157, 0.11260711, 0.13786582, 0.13322834, 0.12020674]), 'delta_distances': array([0., 0., 0., 0., 0., 0., 0., 0., 0., 0., 0., 0., 0., 0., 0., 0., 0.,
       0., 0., 0., 0., 0., 0., 0., 0., 0., 0., 0., 0., 0., 0., 0., 0., 0.,
       0., 0., 0., 0., 0., 0., 0., 0., 0., 0., 0., 0., 0., 0., 0., 0., 0.,
       0., 0., 0., 0., 0., 0., 0., 0., 0., 0., 0., 0., 0., 0., 0., 0., 0.,
       0., 0., 0., 0., 0., 0., 0., 0., 0., 0., 0., 0., 0., 0., 0., 0., 0.,
       0., 0., 0., 0., 0., 0., 0., 0., 0., 0., 0., 0., 0., 0., 0., 0., 0.,
       0., 0., 0., 0., 0., 0., 0., 0., 0., 0., 0., 0., 0., 0., 0., 0., 0.,
       0., 0., 0., 0., 0., 0., 0., 0., 0., 0., 0., 0., 0., 0., 0., 0., 0.,
       0., 0., 0., 0., 0., 0., 0., 0., 0., 0., 0., 0., 0., 0., 0., 0., 0.,
       0., 0., 0., 0., 0., 0., 0., 0., 0., 0., 0., 0.]), 'locations': array([249, 115,  22, 315, 150, 306, 381, 396, 212, 269, 309, 169, 140,
       341, 269, 250, 103, 311, 378,   0, 467,  91, 102, 411, 410, 333,
        30, 409, 410,   0, 360,   2, 370, 447, 285, 198, 416, 273, 155,
       344, 255, 120, 399,  72,  28, 339, 281, 267, 108, 119, 469, 313,
       151, 353, 176, 305, 101, 294, 104, 393,  92, 365, 158, 130, 332,
        92, 479, 146, 411, 398,  17,  60, 248, 293, 396, 159, 454, 274,
       245,  23, 404, 288, 107,  98,  18, 469, 129,  79, 432, 173, 421,
       405, 183, 293,  98, 416, 245, 151,  24, 201,  82,  33, 268, 205,
       349, 260, 329, 143, 286, 153, 324, 140, 455, 137, 307, 206, 148,
        38, 221, 374, 276, 381, 359, 313, 250, 314, 446,  50, 437, 154,
        23, 391, 241,  34,  13,  52, 471, 211, 140, 280, 348,  84, 122,
       355, 409,  62, 339,  64, 112, 447, 171, 426,  23,  15, 408, 260,
       271, 238,  17,  30, 446, 387, 299, 166, 286])}, {'ts_index': 33, 'loc': 406, 'gap': 0.022378187500255206, 'distances': array([0.06157365, 0.13896152, 0.09180065, 0.11624236, 0.0725951 ,
       0.11208937, 0.08413079, 0.12547898, 0.11121096, 0.13388167,
       0.09896461, 0.11362214, 0.07737558, 0.12002358, 0.05591099,
       0.09550929, 0.10376684, 0.12468191, 0.09198223, 0.117154  ,
       0.        , 0.07832597, 0.12760239, 0.08929111, 0.10281567,
       0.11019435, 0.13157546, 0.1227923 , 0.12991341, 0.12397871,
       0.05273637, 0.09034488, 0.11273742, 0.10346587, 0.12896779,
       0.09746185, 0.11967926, 0.10562411, 0.11837665, 0.12438884,
       0.13229413, 0.11395451, 0.06631996, 0.07954868, 0.11838532,
       0.1142131 , 0.12060406, 0.12080538, 0.13552599, 0.11773841,
       0.04577864, 0.13174723, 0.07203937, 0.11156593, 0.08545929,
       0.13526525, 0.11143766, 0.11856527, 0.11747444, 0.10925538,
       0.10954584, 0.14400334, 0.113125  , 0.05991993, 0.11473786,
       0.1321231 , 0.06415682, 0.12181122, 0.05519181, 0.12710962,
       0.08569136, 0.08286453, 0.07376618, 0.11221179, 0.03639224,
       0.11225779, 0.07268925, 0.09967786, 0.13705591, 0.12857983,
       0.10219883, 0.0996874 , 0.1003763 , 0.10217466, 0.10993157,
       0.050418  , 0.09860054, 0.12588391, 0.10571035, 0.06297614,
       0.05626977, 0.05266798, 0.10511193, 0.12686862, 0.11370865,
       0.08855729, 0.11621977, 0.05792868, 0.06192881, 0.12673771,
       0.095839  , 0.14446231, 0.09494303, 0.12214476, 0.11871476,
       0.11514346, 0.11188824, 0.10146975, 0.0981413 , 0.12809486,
       0.082521  , 0.07445295, 0.12036744, 0.12044901, 0.11748679,
       0.12436113, 0.10329758, 0.08350206, 0.09682997, 0.12918605,
       0.12891963, 0.11132311, 0.09885271, 0.12006429, 0.11739984,
       0.12890718, 0.10111828, 0.10218509, 0.10237237, 0.07567293,
       0.09814842, 0.10933073, 0.09150624, 0.06942297, 0.13376646,
       0.05424625]), 'delta_distances': array([0., 0., 0., 0., 0., 0., 0., 0., 0., 0., 0., 0., 0., 0., 0., 0., 0.,
       0., 0., 0., 0., 0., 0., 0., 0., 0., 0., 0., 0., 0., 0., 0., 0., 0.,
       0., 0., 0., 0., 0., 0., 0., 0., 0., 0., 0., 0., 0., 0., 0., 0., 0.,
       0., 0., 0., 0., 0., 0., 0., 0., 0., 0., 0., 0., 0., 0., 0., 0., 0.,
       0., 0., 0., 0., 0., 0., 0., 0., 0., 0., 0., 0., 0., 0., 0., 0., 0.,
       0., 0., 0., 0., 0., 0., 0., 0., 0., 0., 0., 0., 0., 0., 0., 0., 0.,
       0., 0., 0., 0., 0., 0., 0., 0., 0., 0., 0., 0., 0., 0., 0., 0., 0.,
       0., 0., 0., 0., 0., 0., 0., 0., 0., 0., 0., 0., 0., 0., 0., 0., 0.]), 'locations': array([455, 207, 282,  93,  71, 336,  78, 406,  42, 450, 464, 231, 192,
       428, 169, 324,  47,  12, 165, 243, 406, 241, 189, 444, 221, 364,
        32, 393, 309,  80, 483,  47,  42, 250,  77, 323, 130,  93, 178,
       338, 362, 191, 280, 379, 229, 129, 369, 197, 408, 378, 113, 246,
       435,  26,  89, 416,  24, 144, 106, 357, 136,  89, 343,  46, 114,
        38, 292, 166, 471,  35, 162, 232,  58, 286,   1, 270, 223,  65,
       255, 142, 172, 461, 414, 340, 370,  47, 127, 336,  60,  78, 216,
       467, 402,  56, 341, 221,  40, 234, 180, 270, 468, 142, 266, 362,
       112, 217, 105, 107,  48, 335,  58,  32,  34, 178, 450, 329, 354,
       402,  66,  58,  17,  81,  29, 266, 342, 416, 226, 402,  16,  86,
       125, 371, 446, 240, 346, 463])}, {'ts_index': 174, 'loc': 463, 'gap': 0.022813165867490034, 'distances': array([0.08682487, 0.07082613, 0.10963618, 0.08171495, 0.09099224,
       0.12325881, 0.09420437, 0.03778611, 0.10506681, 0.09366368,
       0.05741184, 0.11313867, 0.09235115, 0.03623598, 0.10118546,
       0.11735967, 0.12514664, 0.13959945, 0.10084041, 0.11800196,
       0.12886033, 0.09560646, 0.13220748, 0.12049644, 0.145978  ,
       0.09107471, 0.11193962, 0.04369007, 0.07273475, 0.11449685,
       0.12145947, 0.09280992, 0.12411856, 0.11182511, 0.08081733,
       0.11262395, 0.10760004, 0.08379555, 0.11870416, 0.12520822,
       0.06424574, 0.09378675, 0.05516523, 0.07602264, 0.13839712,
       0.09980048, 0.07187579, 0.11316243, 0.07496213, 0.12962579,
       0.12482243, 0.11784725, 0.10232771, 0.10815833, 0.0623792 ,
       0.07564969, 0.13258971, 0.11335016, 0.12459562, 0.13196407,
       0.10938747, 0.08887327, 0.12403252, 0.0938378 , 0.1375959 ,
       0.10624001, 0.12222725, 0.13786293, 0.11447948, 0.11826855,
       0.09005581, 0.12167102, 0.0959824 , 0.13203231, 0.13931246,
       0.12847182, 0.11376757, 0.03146533, 0.15109196, 0.12860548,
       0.04360598, 0.09946682, 0.08495593, 0.13421294, 0.0695648 ,
       0.08195887, 0.13167108, 0.06013126, 0.11461419, 0.12690637,
       0.04667568, 0.13420668, 0.11466889, 0.11509325, 0.11648347,
       0.06555382, 0.07037352, 0.        , 0.06510215, 0.12021873,
       0.09996058, 0.0555136 , 0.09399447, 0.10325595, 0.12288445,
       0.10295062, 0.050286  , 0.09058775, 0.13099188, 0.14825241,
       0.13302918, 0.07642498]), 'delta_distances': array([0., 0., 0., 0., 0., 0., 0., 0., 0., 0., 0., 0., 0., 0., 0., 0., 0.,
       0., 0., 0., 0., 0., 0., 0., 0., 0., 0., 0., 0., 0., 0., 0., 0., 0.,
       0., 0., 0., 0., 0., 0., 0., 0., 0., 0., 0., 0., 0., 0., 0., 0., 0.,
       0., 0., 0., 0., 0., 0., 0., 0., 0., 0., 0., 0., 0., 0., 0., 0., 0.,
       0., 0., 0., 0., 0., 0., 0., 0., 0., 0., 0., 0., 0., 0., 0., 0., 0.,
       0., 0., 0., 0., 0., 0., 0., 0., 0., 0., 0., 0., 0., 0., 0., 0., 0.,
       0., 0., 0., 0., 0., 0., 0., 0., 0., 0.]), 'locations': array([345, 451,  30, 117, 122, 408, 355, 110, 457, 473, 228, 291, 136,
       116,  18, 160, 163, 237, 191, 429, 227, 103, 119, 270, 332,  80,
       150, 232, 253, 240,  64, 173, 178,  39, 337, 319, 384, 269,  48,
       403, 262, 411, 412, 379, 329, 205, 361, 289, 305, 171, 318, 261,
        36, 430, 426,  22, 110, 332,  90, 419, 454, 145, 108,   1, 124,
        83, 105, 232, 376, 446,  31, 372, 336, 189,  97, 305, 209, 218,
        33, 103, 259, 432, 408, 219, 170, 134, 305, 483, 309, 313,  56,
       139, 453, 345, 405, 288, 459, 463, 138, 151, 300, 369, 253, 305,
       232, 458, 362,  18, 448, 319, 336, 354])}, {'ts_index': 105, 'loc': 418, 'gap': 0.022317592540107456, 'distances': array([0.12352712, 0.07066968, 0.09032685, 0.11379979, 0.09626233,
       0.07109667, 0.05311143, 0.10114224, 0.09000277, 0.05806571,
       0.11884331, 0.08973269, 0.1172722 , 0.06255522, 0.08148678,
       0.13263779, 0.10810221, 0.14127975, 0.05731099, 0.13658521,
       0.13398062, 0.12776648, 0.07543185, 0.10122601, 0.12770831,
       0.11524917, 0.11028112, 0.06651548, 0.05668284, 0.1118864 ,
       0.11211657, 0.13606862, 0.11240763, 0.10476356, 0.05746721,
       0.1068735 , 0.12049384, 0.1062288 , 0.10363356, 0.05600216,
       0.07241012, 0.10914889, 0.14744458, 0.08578585, 0.09274502,
       0.14684461, 0.11861555, 0.06355596, 0.12498919, 0.        ,
       0.03731782, 0.10412344, 0.10770296, 0.13329405, 0.11403882,
       0.07042272, 0.1059046 , 0.11958865, 0.11522164, 0.1303617 ,
       0.10477155, 0.09335901, 0.12830754, 0.10995686, 0.10047143,
       0.06408772, 0.1234382 , 0.1320995 , 0.14661707, 0.09565678,
       0.13842064, 0.09331712, 0.10516615, 0.05339508, 0.13973246,
       0.10738706, 0.10363792, 0.11394236, 0.13984996, 0.08489438,
       0.13459035, 0.10292785, 0.1116209 , 0.12654215, 0.11156581,
       0.10360893, 0.0909584 , 0.05152444, 0.08289644, 0.13440627,
       0.07492494, 0.13737844]), 'delta_distances': array([0., 0., 0., 0., 0., 0., 0., 0., 0., 0., 0., 0., 0., 0., 0., 0., 0.,
       0., 0., 0., 0., 0., 0., 0., 0., 0., 0., 0., 0., 0., 0., 0., 0., 0.,
       0., 0., 0., 0., 0., 0., 0., 0., 0., 0., 0., 0., 0., 0., 0., 0., 0.,
       0., 0., 0., 0., 0., 0., 0., 0., 0., 0., 0., 0., 0., 0., 0., 0., 0.,
       0., 0., 0., 0., 0., 0., 0., 0., 0., 0., 0., 0., 0., 0., 0., 0., 0.,
       0., 0., 0., 0., 0., 0., 0.]), 'locations': array([ 96, 228, 343, 140,  28, 393, 180, 451, 250, 220, 231, 485, 432,
       151, 257,  39,  58, 356, 386,  71,  17, 369, 390, 157, 286, 395,
        94, 352, 264, 368, 311, 163, 320, 149, 452, 135,  87,  41, 172,
        39,   1, 162, 124, 273, 283,  63, 301, 117,   3, 418, 463, 274,
        60, 205,  46, 190, 168,  64, 173, 273, 257, 365, 419, 323, 233,
        73,  28,  19, 243, 253,  17, 396, 481, 231, 119, 295, 159, 220,
       392,  68, 447, 243, 400, 313,  32, 428, 451,  94, 256, 203, 334,
       142])}, {'ts_index': 147, 'loc': 199, 'gap': 0.022567974854311126, 'distances': array([0.05314447, 0.12326875, 0.03470828, 0.07155294, 0.08981059,
       0.10765457, 0.1089248 , 0.13096471, 0.1291664 , 0.11826445,
       0.07897446, 0.11337424, 0.11571624, 0.11634853, 0.11939653,
       0.04344981, 0.04687881, 0.10990998, 0.0884548 , 0.09161075,
       0.10509881, 0.09951144, 0.10737039, 0.09903902, 0.12728324,
       0.09056449, 0.1030766 , 0.10827728, 0.07939734, 0.05760846,
       0.11111818, 0.12670002, 0.07282501, 0.13575108, 0.10860228,
       0.09741789, 0.08547567, 0.09787356, 0.03170475, 0.12911758,
       0.1139293 , 0.06778344, 0.11425973, 0.12070012, 0.11204799,
       0.10785814, 0.07302595, 0.12557536, 0.10777846, 0.09395067,
       0.12834894, 0.10752659, 0.        , 0.07112397, 0.12261415,
       0.12504286, 0.0376146 , 0.11429028, 0.06866217, 0.13516354,
       0.09913202, 0.08002078, 0.0905898 , 0.10554375, 0.10997971,
       0.10458183, 0.12404416, 0.10447682, 0.12062864, 0.11957441,
       0.09259019, 0.12025026]), 'delta_distances': array([0., 0., 0., 0., 0., 0., 0., 0., 0., 0., 0., 0., 0., 0., 0., 0., 0.,
       0., 0., 0., 0., 0., 0., 0., 0., 0., 0., 0., 0., 0., 0., 0., 0., 0.,
       0., 0., 0., 0., 0., 0., 0., 0., 0., 0., 0., 0., 0., 0., 0., 0., 0.,
       0., 0., 0., 0., 0., 0., 0., 0., 0., 0., 0., 0., 0., 0., 0., 0., 0.,
       0., 0., 0., 0.]), 'locations': array([225, 195, 224, 419, 397, 347, 124, 478, 227, 403,  33, 323, 409,
        61, 274, 392, 217, 197, 182,  11,  45, 468, 138, 341, 132, 216,
       371, 448, 445, 109, 181, 337, 152, 480, 421, 210,   2, 100,  38,
       325, 254, 228, 199, 121, 320, 172, 338,  73, 294,  62, 261, 348,
       199,  30, 462, 441, 238, 422, 477, 414, 138, 275, 374, 282,  56,
       448,  29, 357, 378,  44, 223, 335])}, {'ts_index': 36, 'loc': 412, 'gap': 0.018964901910232174, 'distances': array([0.0589882 , 0.05887823, 0.11366221, 0.13062588, 0.1049635 ,
       0.12220959, 0.        , 0.13451254, 0.10375214, 0.06532016,
       0.1030112 , 0.10726447, 0.06603648, 0.11366726, 0.04429545,
       0.10112092, 0.09133518, 0.06725541, 0.08687835, 0.1185042 ,
       0.03873899, 0.12282275, 0.12673393, 0.12981483, 0.0539507 ,
       0.0957127 , 0.09765869, 0.07505429, 0.10363442, 0.11383827,
       0.04848309, 0.05637596, 0.09123169, 0.09039747, 0.1110495 ,
       0.11643569, 0.06604526, 0.12105567, 0.11618188, 0.07824478,
       0.12007732, 0.04524492, 0.0757006 , 0.10849448, 0.08149024,
       0.07346801, 0.09908865, 0.05239299, 0.09093872, 0.09776382,
       0.09104049, 0.09539022, 0.10290894, 0.11469368, 0.09863944,
       0.10920358, 0.06232195, 0.07621384]), 'delta_distances': array([0., 0., 0., 0., 0., 0., 0., 0., 0., 0., 0., 0., 0., 0., 0., 0., 0.,
       0., 0., 0., 0., 0., 0., 0., 0., 0., 0., 0., 0., 0., 0., 0., 0., 0.,
       0., 0., 0., 0., 0., 0., 0., 0., 0., 0., 0., 0., 0., 0., 0., 0., 0.,
       0., 0., 0., 0., 0., 0., 0.]), 'locations': array([226, 385, 306, 263, 385, 379, 412, 152, 420,  28, 358,  33, 271,
       379, 269, 400, 193, 155,  54, 299, 232, 349, 124,  66, 205, 433,
       337, 325, 176, 275,  12, 194, 345, 181, 320, 358, 139, 265,   8,
         1, 332, 223, 391, 426, 390, 468, 280, 263,  24, 349, 275, 179,
        77, 335, 306,  24, 412, 258])}, {'ts_index': 96, 'loc': 168, 'gap': 0.027218734901550967, 'distances': array([0.05356089, 0.1191299 , 0.0817855 , 0.10350021, 0.11056694,
       0.11656611, 0.1233718 , 0.10697057, 0.11862124, 0.11912019,
       0.08627922, 0.04744906, 0.12382553, 0.09856855, 0.06456775,
       0.13265149, 0.10743689, 0.        , 0.05304758, 0.11768038,
       0.10385079, 0.04771351, 0.12891063, 0.0562918 , 0.0946949 ,
       0.12307246, 0.05935632, 0.11411205, 0.09655624, 0.11119349,
       0.11084447, 0.04976005, 0.09580256, 0.12787982, 0.10508381,
       0.07745017, 0.10455429, 0.09744405, 0.10561302, 0.0872884 ,
       0.1342187 , 0.08336788, 0.09512987]), 'delta_distances': array([0., 0., 0., 0., 0., 0., 0., 0., 0., 0., 0., 0., 0., 0., 0., 0., 0.,
       0., 0., 0., 0., 0., 0., 0., 0., 0., 0., 0., 0., 0., 0., 0., 0., 0.,
       0., 0., 0., 0., 0., 0., 0., 0., 0.]), 'locations': array([ 15, 210, 391, 476, 155,  87, 422,   6, 466, 448, 335,  76,  45,
       240, 188, 164, 373, 168, 214, 225,  27, 276,  19,  10, 213, 127,
        33, 241,  34, 361, 264, 384, 229, 292, 121, 141, 365, 244, 245,
       448, 169, 462, 132])}, {'ts_index': 103, 'loc': 218, 'gap': 0.024074166635997013, 'distances': array([0.03745891, 0.06825641, 0.09163215, 0.1024699 , 0.09585488,
       0.11902088, 0.09654499, 0.1004099 , 0.11111794, 0.08629153,
       0.09377153, 0.12710588, 0.07540805, 0.05250738, 0.        ,
       0.05758996, 0.08513166, 0.0439426 , 0.04804155, 0.08014368,
       0.12307991, 0.10164545, 0.11222599, 0.10988634, 0.0948654 ,
       0.04125702, 0.09832667, 0.0797617 , 0.14757485, 0.10777229,
       0.1031328 , 0.10812739, 0.12892877, 0.06448683]), 'delta_distances': array([0., 0., 0., 0., 0., 0., 0., 0., 0., 0., 0., 0., 0., 0., 0., 0., 0.,
       0., 0., 0., 0., 0., 0., 0., 0., 0., 0., 0., 0., 0., 0., 0., 0., 0.]), 'locations': array([480,  86, 316, 201, 151, 406, 373, 291, 417, 187, 415, 253, 109,
       353, 218, 392, 297, 266,  62,  39, 183, 365, 379, 250, 202, 248,
       360,   2, 143,  55, 452,  19, 411,  23])}, {'ts_index': 152, 'loc': 463, 'gap': 0.021128805723399924, 'distances': array([0.12198694, 0.15036161, 0.13798516, 0.12521964, 0.11158196,
       0.12992327, 0.1266367 , 0.12803386, 0.1214563 , 0.13851543,
       0.12771148, 0.1181794 , 0.14295548, 0.10604752, 0.11760243,
       0.        , 0.08120092, 0.12720227, 0.09429122, 0.14260423,
       0.0492734 , 0.0609592 , 0.13368826, 0.11816394, 0.08829314,
       0.10773786, 0.127452  ]), 'delta_distances': array([0., 0., 0., 0., 0., 0., 0., 0., 0., 0., 0., 0., 0., 0., 0., 0., 0.,
       0., 0., 0., 0., 0., 0., 0., 0., 0., 0.]), 'locations': array([299, 322, 238, 146, 303, 150, 313, 425, 396, 253,  58,  67,  77,
       406, 359, 463,  44, 238,  59, 399, 167, 117, 234, 470, 412,  91,
        31])}, {'ts_index': 192, 'loc': 39, 'gap': 0.018141276736658024, 'distances': array([0.11905438, 0.10081606, 0.09778896, 0.11762371, 0.10926924,
       0.1001264 , 0.13718117, 0.06660844, 0.07433082, 0.10408265,
       0.08853302, 0.08098076, 0.13356479, 0.07229094, 0.06148313,
       0.12838174, 0.14480669, 0.0966835 , 0.07628211, 0.        ,
       0.0730624 ]), 'delta_distances': array([0., 0., 0., 0., 0., 0., 0., 0., 0., 0., 0., 0., 0., 0., 0., 0., 0.,
       0., 0., 0., 0.]), 'locations': array([427, 324, 474, 241, 332,  63, 297,  92, 406, 153, 368, 291, 188,
       243,  67, 462, 151, 289,  67,  39, 360])}, {'ts_index': 120, 'loc': 364, 'gap': 0.038302309505275495, 'distances': array([0.11353165, 0.        , 0.07522934, 0.11582891]), 'delta_distances': array([0., 0., 0., 0.]), 'locations': array([177, 364,   2, 438])}], 'clusters': array([ 3,  1,  1,  6,  4,  2,  2,  5,  2,  1,  2,  3,  7,  1,  6,  6,  2,
        2,  5,  4,  1,  5,  7,  4,  2,  8,  3,  5,  4,  1,  9, 11, 11,  3,
        5,  1,  7, 11,  1,  1,  1, 11,  2,  7,  5, 11, 11,  6,  2,  1,  1,
        2,  1,  3,  5,  4,  6,  7,  1,  2,  0,  1,  7,  5,  5, 11, 11,  7,
        1,  3,  8, 11,  5,  4,  7,  1,  4,  1, 11,  3,  1,  8,  3,  1, 11,
        2,  1,  4,  1,  5,  5,  1,  6,  7,  9,  6,  8,  4,  3,  8,  1,  5,
        3,  9,  3,  5,  5,  9,  3,  7,  3,  6,  3,  2,  7,  5,  8,  1,  6,
        1, 12,  2,  2,  8,  9,  7,  3,  6,  1,  9,  8,  3,  3,  3,  1,  2,
        5, 11,  2,  2, 11,  2,  4,  7,  2,  3,  3,  6,  4,  2,  6,  2, 10,
        1, 10,  4,  2,  5,  6,  4,  8,  6,  2,  4,  3, 12,  1, 10,  7,  1,
        1,  9,  4,  4,  4,  4,  0, 10,  2,  4, 10, 11,  1, 11,  1,  2, 10,
        4,  2,  5,  2,  3, 11,  2,  7,  5,  1,  3, 11,  3]), 'time': 34707.87065196037}
