lenSubsequence: 8{'RI': 0.49899497487437183, 'num_clusters': 4, 'uShapelets': [{'ts_index': 159, 'loc': 229, 'gap': 0.060335823682720946, 'distances': array([0.19247045, 0.19933919, 0.19930501, 0.23844954, 0.19430566,
       0.23138108, 0.1621783 , 0.14034959, 0.21999937, 0.2025957 ,
       0.19650578, 0.19408651, 0.27206679, 0.09506232, 0.16858713,
       0.19322937, 0.21833274, 0.27577379, 0.22553764, 0.00733588,
       0.18703623, 0.23456546, 0.18522552, 0.18458958, 0.24449099,
       0.1551363 , 0.11210966, 0.19189375, 0.23627607, 0.18884322,
       0.23043212, 0.21221648, 0.25366011, 0.22204199, 0.19190618,
       0.26818881, 0.19588251, 0.20363267, 0.04584711, 0.01265678,
       0.24805096, 0.25748461, 0.23368647, 0.21581001, 0.00179911,
       0.19522141, 0.17688773, 0.25018476, 0.21069102, 0.21914542,
       0.21569201, 0.21506201, 0.26005966, 0.23073484, 0.2477422 ,
       0.22446291, 0.21040434, 0.21286309, 0.15947663, 0.22946531,
       0.19961744, 0.19047494, 0.00411988, 0.23604095, 0.15355323,
       0.21102422, 0.08969742, 0.14062588, 0.23114842, 0.23710562,
       0.17184044, 0.19363636, 0.00748615, 0.24104443, 0.21400327,
       0.22878836, 0.23857281, 0.23577623, 0.23363342, 0.18790941,
       0.00970845, 0.16968431, 0.24709077, 0.13931069, 0.17903682,
       0.18601926, 0.23877652, 0.25001974, 0.23186504, 0.19234813,
       0.215731  , 0.21141359, 0.2409404 , 0.17125433, 0.21912107,
       0.23753427, 0.07871644, 0.16546738, 0.1800105 , 0.1875506 ,
       0.21938541, 0.22140341, 0.2282146 , 0.21746751, 0.24203613,
       0.18292425, 0.22010523, 0.25720302, 0.23836893, 0.27465985,
       0.24373522, 0.13956151, 0.22596345, 0.27532877, 0.0387535 ,
       0.20474609, 0.21870677, 0.23269477, 0.23929346, 0.15972197,
       0.19393118, 0.25329046, 0.14176346, 0.23092037, 0.0422881 ,
       0.25725444, 0.22649784, 0.22693866, 0.23599996, 0.24848256,
       0.24490718, 0.23387056, 0.2418276 , 0.18536749, 0.25957182,
       0.25797966, 0.19941891, 0.15024227, 0.26930067, 0.19583317,
       0.13957414, 0.11438715, 0.0240571 , 0.21313327, 0.16784592,
       0.26308841, 0.23936759, 0.1832875 , 0.26109791, 0.12982319,
       0.27300077, 0.20706397, 0.19444914, 0.18327996, 0.02865124,
       0.20257349, 0.22900023, 0.08970606, 0.21147272, 0.        ,
       0.18489684, 0.20945575, 0.19970716, 0.19310738, 0.20429281,
       0.19773867, 0.08864711, 0.22392517, 0.23111841, 0.2533184 ,
       0.13701237, 0.22203983, 0.25493032, 0.21247466, 0.21896709,
       0.03318428, 0.21052701, 0.21029852, 0.20068192, 0.19983944,
       0.28419983, 0.21623491, 0.22356774, 0.2887215 , 0.24255594,
       0.24699387, 0.19757756, 0.24467571, 0.20666347, 0.18268241,
       0.07979521, 0.22170044, 0.00372332, 0.19299979, 0.1837525 ,
       0.26136146, 0.00879179, 0.04074414, 0.21195999, 0.20980741]), 'delta_distances': array([0., 0., 0., 0., 0., 0., 0., 0., 0., 0., 0., 0., 0., 0., 0., 0., 0.,
       0., 0., 0., 0., 0., 0., 0., 0., 0., 0., 0., 0., 0., 0., 0., 0., 0.,
       0., 0., 0., 0., 0., 0., 0., 0., 0., 0., 0., 0., 0., 0., 0., 0., 0.,
       0., 0., 0., 0., 0., 0., 0., 0., 0., 0., 0., 0., 0., 0., 0., 0., 0.,
       0., 0., 0., 0., 0., 0., 0., 0., 0., 0., 0., 0., 0., 0., 0., 0., 0.,
       0., 0., 0., 0., 0., 0., 0., 0., 0., 0., 0., 0., 0., 0., 0., 0., 0.,
       0., 0., 0., 0., 0., 0., 0., 0., 0., 0., 0., 0., 0., 0., 0., 0., 0.,
       0., 0., 0., 0., 0., 0., 0., 0., 0., 0., 0., 0., 0., 0., 0., 0., 0.,
       0., 0., 0., 0., 0., 0., 0., 0., 0., 0., 0., 0., 0., 0., 0., 0., 0.,
       0., 0., 0., 0., 0., 0., 0., 0., 0., 0., 0., 0., 0., 0., 0., 0., 0.,
       0., 0., 0., 0., 0., 0., 0., 0., 0., 0., 0., 0., 0., 0., 0., 0., 0.,
       0., 0., 0., 0., 0., 0., 0., 0., 0., 0., 0., 0., 0.]), 'locations': array([230, 241,  96,  33, 258,  85,  73, 150, 152,  90,  86,  52,  99,
       240, 183, 251,   3, 134, 200, 227, 117, 133, 260, 260, 170, 163,
       256,  89,  83,  90,  80, 167,  19, 207, 248, 101, 250,  18, 251,
       225,  93, 112,  66, 163, 246,  71, 150, 109, 166,  85, 174, 156,
        46, 198,  88, 175,  69, 185, 131, 136,  94, 158, 234,  13, 222,
       152, 241,  56,  81,  12, 168, 165, 263, 144, 139, 107, 182, 114,
        83, 171, 239,  50, 116,  92,  34,  26, 146, 203, 184,  23,  87,
        21,   3,  40, 143, 132, 136, 251,  82,  96, 160,  46, 121,  85,
       140, 247, 109,  29,  64, 100,  90,  78,  85,  94, 234,  13,  90,
       179, 111, 255,  96, 163, 127, 138, 246,  13,  94,  88,  76, 121,
        78, 130,  92, 259, 154,  69, 144, 181, 136, 136,  71, 240, 262,
        79,  55, 139, 141, 240, 109,   0,  62,  84, 173, 241, 207, 155,
       142, 262, 149, 229,  51, 173, 255, 131,  99, 169, 249, 181, 137,
       183, 153,  99, 161,  31,  49, 227, 179, 172, 118,  28, 118, 100,
         8, 113, 121, 125, 229, 195,  55, 176, 266,  84, 235, 134, 167,
        57, 226, 246, 195, 167])}, {'ts_index': 31, 'loc': 59, 'gap': 0.05207815487038078, 'distances': array([0.13478617, 0.04633081, 0.08056645, 0.04338979, 0.14736268,
       0.01882137, 0.13681289, 0.07271297, 0.0289449 , 0.05956066,
       0.10753908, 0.04374891, 0.08085318, 0.05076357, 0.02194668,
       0.1674574 , 0.04710163, 0.07747292, 0.01768704, 0.05637915,
       0.09827298, 0.03958585, 0.14316399, 0.02902636, 0.06446714,
       0.08756352, 0.        , 0.05275026, 0.0318371 , 0.03506478,
       0.02979066, 0.09351938, 0.03638742, 0.03880668, 0.11066265,
       0.04571582, 0.07416851, 0.04865392, 0.02406492, 0.08290079,
       0.04005059, 0.12171233, 0.03547073, 0.04057961, 0.05077108,
       0.14326357, 0.03817501, 0.07307224, 0.07841088, 0.08245264,
       0.14837971, 0.06637946, 0.16062661, 0.05623969, 0.04141624,
       0.08414049, 0.03721146, 0.04479387, 0.06512308, 0.03028181,
       0.06524208, 0.06405733, 0.13331285, 0.14438017, 0.01388226,
       0.11815484, 0.0267597 , 0.04339208, 0.0512174 , 0.02028052,
       0.04018928, 0.14827729, 0.02536912, 0.05994038, 0.03437197,
       0.01211754, 0.04084699, 0.02432327, 0.00717888, 0.12453409,
       0.13244649, 0.02931951, 0.05704047, 0.08446695, 0.07018468,
       0.02937892, 0.01483942, 0.06369412, 0.08426078, 0.10475526,
       0.19913428, 0.11159146, 0.06773319, 0.11449272, 0.05543734,
       0.03026847, 0.0278596 , 0.05162721, 0.05575054, 0.13977004,
       0.00996751, 0.06976004, 0.15942115, 0.08713163, 0.13115627,
       0.13648593, 0.13699771, 0.07562903, 0.07391624, 0.16411312,
       0.05756356, 0.04185418, 0.01815581, 0.16329993, 0.16475103,
       0.03509525, 0.02685365, 0.0082217 , 0.03244229, 0.17045825,
       0.02222469, 0.03788225, 0.06537456, 0.05921141, 0.09189515,
       0.04125979, 0.06568439, 0.04647195, 0.05473231, 0.03623798,
       0.0314241 , 0.06777576, 0.038635  , 0.07992241, 0.05916913,
       0.0839085 , 0.16939259, 0.12118622, 0.01277827, 0.08387081,
       0.01942476, 0.17746291, 0.06660287, 0.04190295, 0.06598036,
       0.04065241, 0.07520615, 0.06011892, 0.10249742, 0.03433053,
       0.08335719, 0.06686829, 0.16934631, 0.06493182, 0.02732366,
       0.05152192, 0.03126911, 0.02256518, 0.02510304, 0.07986579,
       0.02905651, 0.14525509, 0.09517077, 0.08143514, 0.12480764]), 'delta_distances': array([0., 0., 0., 0., 0., 0., 0., 0., 0., 0., 0., 0., 0., 0., 0., 0., 0.,
       0., 0., 0., 0., 0., 0., 0., 0., 0., 0., 0., 0., 0., 0., 0., 0., 0.,
       0., 0., 0., 0., 0., 0., 0., 0., 0., 0., 0., 0., 0., 0., 0., 0., 0.,
       0., 0., 0., 0., 0., 0., 0., 0., 0., 0., 0., 0., 0., 0., 0., 0., 0.,
       0., 0., 0., 0., 0., 0., 0., 0., 0., 0., 0., 0., 0., 0., 0., 0., 0.,
       0., 0., 0., 0., 0., 0., 0., 0., 0., 0., 0., 0., 0., 0., 0., 0., 0.,
       0., 0., 0., 0., 0., 0., 0., 0., 0., 0., 0., 0., 0., 0., 0., 0., 0.,
       0., 0., 0., 0., 0., 0., 0., 0., 0., 0., 0., 0., 0., 0., 0., 0., 0.,
       0., 0., 0., 0., 0., 0., 0., 0., 0., 0., 0., 0., 0., 0., 0., 0., 0.,
       0., 0., 0., 0., 0., 0., 0., 0., 0., 0., 0., 0.]), 'locations': array([ 49, 180,  64, 152,  29,  64, 159, 137,  89,  85, 156,  76,  65,
       153, 143, 103,  41, 143,  91,  94, 195, 150, 150,  93, 126,  77,
        59, 159,  67, 147, 169,  91, 165,  89,  58, 185,  27, 168, 151,
        79, 103, 138,   6, 103,  24,  61, 173,  53,  75, 186, 174, 113,
       108,  23, 117, 155, 155, 170,  63, 154,  97,   0,  94, 186,  77,
        81, 172,  67, 110,  46,  27,  60,   0,  21, 143,  94, 160,   0,
        37, 106, 124,  77, 100,  31,  41,  52, 123, 141, 159, 107, 104,
        41,  77,  12, 179, 143,  87, 199, 180,  90, 106, 136, 115, 123,
       141,  49,  61,  60,  27,  57,  22, 112, 117, 119, 160,   0,  39,
       147, 146, 117,  87, 173, 130,  88,  95,  68, 119, 167, 157,   2,
       128,  53, 115, 165, 149, 113,  95, 129,  44,  67, 117,  92,   2,
       149,  63,  11,  14,  93,  61, 142,  92,  62, 115, 128,  60,  91,
       189, 197,  30,  87,  96, 152,  56, 192, 176])}, {'ts_index': 58, 'loc': 133, 'gap': 0.03852696508327026, 'distances': array([0.06402227, 0.03182417, 0.02868337, 0.05159958, 0.1488075 ,
       0.02179921, 0.        , 0.03949509, 0.0798131 , 0.03536662,
       0.06884958, 0.00977666, 0.06043573, 0.0145678 , 0.02820065,
       0.1270552 , 0.0364877 , 0.03213568, 0.04740207, 0.07625913,
       0.11889807, 0.09067115, 0.00963747, 0.09218354, 0.0414379 ,
       0.13087513, 0.10346083, 0.08754416]), 'delta_distances': array([0., 0., 0., 0., 0., 0., 0., 0., 0., 0., 0., 0., 0., 0., 0., 0., 0.,
       0., 0., 0., 0., 0., 0., 0., 0., 0., 0., 0.]), 'locations': array([ 27,  28,  19,   8,  61,  10, 133,  48, 114,  30, 112,  76, 132,
        98, 178, 115, 159,  13,  94,  95, 114,  73, 109, 107,  96,  87,
       152, 162])}, {'ts_index': 183, 'loc': 116, 'gap': 0.031507794550198455, 'distances': array([0.01496339, 0.08139184, 0.03018963, 0.        , 0.05888382]), 'delta_distances': array([0., 0., 0., 0., 0.]), 'locations': array([ 85, 138, 133, 116, 107])}], 'clusters': array([3, 2, 2, 2, 3, 2, 3, 1, 2, 2, 2, 2, 2, 1, 2, 2, 2, 3, 2, 1, 2, 2,
       2, 2, 2, 1, 1, 4, 2, 2, 2, 2, 2, 2, 2, 2, 2, 2, 1, 1, 2, 2, 2, 2,
       1, 2, 2, 2, 2, 2, 2, 2, 2, 3, 2, 2, 2, 2, 3, 2, 3, 2, 1, 2, 1, 2,
       1, 1, 2, 2, 2, 2, 1, 2, 2, 3, 3, 2, 2, 2, 1, 2, 2, 1, 2, 2, 3, 2,
       2, 2, 2, 2, 2, 2, 3, 3, 1, 2, 2, 2, 2, 2, 2, 2, 2, 2, 3, 2, 2, 2,
       2, 1, 2, 2, 1, 2, 2, 3, 2, 2, 0, 2, 1, 3, 1, 3, 3, 2, 2, 3, 2, 2,
       2, 4, 3, 2, 2, 1, 2, 2, 1, 1, 1, 3, 2, 2, 2, 2, 2, 1, 2, 2, 2, 2,
       1, 2, 2, 1, 2, 1, 2, 2, 2, 2, 3, 2, 1, 2, 2, 2, 1, 3, 2, 2, 2, 1,
       2, 2, 2, 2, 2, 2, 2, 4, 2, 2, 2, 2, 2, 2, 1, 2, 1, 2, 0, 2, 1, 1,
       2, 3]), 'time': 4367.910211324692}
lenSubsequence: 10{'RI': 0.5858291457286432, 'num_clusters': 7, 'uShapelets': [{'ts_index': 122, 'loc': 217, 'gap': 0.06199471020563621, 'distances': array([0.11878951, 0.18041738, 0.10714189, 0.02042304, 0.17494067,
       0.11463973, 0.09985096, 0.01218927, 0.03222467, 0.19080616,
       0.02364203, 0.20086913, 0.0528095 , 0.15092541, 0.03151549,
       0.1945087 , 0.01728816, 0.06047118, 0.19572193, 0.03139968,
       0.05665934, 0.20007747, 0.18363581, 0.20015307, 0.15522551,
       0.06263958, 0.08918309, 0.02921154, 0.15892611, 0.04173914,
       0.18036949, 0.02025433, 0.07394298, 0.01754513, 0.05498453,
       0.01658091, 0.05130026, 0.17281541, 0.04276014, 0.08244316,
       0.02823174, 0.04067989, 0.1233816 , 0.03596534, 0.08985072,
       0.14604124, 0.17046279, 0.03376736, 0.0687478 , 0.19283077,
       0.20006915, 0.14467787, 0.10894077, 0.15417763, 0.08657201,
       0.04458256, 0.01320197, 0.20213152, 0.15512945, 0.12994568,
       0.01125359, 0.11490178, 0.01611565, 0.11955171, 0.20139388,
       0.14280341, 0.1631219 , 0.20024029, 0.16004949, 0.19023678,
       0.20015161, 0.03420124, 0.15708686, 0.04951673, 0.02468469,
       0.02236115, 0.09609032, 0.03519254, 0.06419534, 0.16818187,
       0.14191091, 0.10765669, 0.04562922, 0.0153668 , 0.15580484,
       0.06452956, 0.028631  , 0.08522621, 0.16908717, 0.14139723,
       0.10999129, 0.15139748, 0.14969561, 0.16134452, 0.17926883,
       0.02646616, 0.03026806, 0.19818821, 0.08685045, 0.16404065,
       0.17581902, 0.12059499, 0.01966336, 0.20002757, 0.20210691,
       0.19955733, 0.06155035, 0.08516622, 0.17607723, 0.04754761,
       0.1385103 , 0.2000769 , 0.1411348 , 0.14365528, 0.20028609,
       0.19890719, 0.12007747, 0.05093071, 0.05719322, 0.02366899,
       0.03584357, 0.04202707, 0.        , 0.08692111, 0.06455026,
       0.1990167 , 0.19444728, 0.1163749 , 0.04325248, 0.0561518 ,
       0.1732503 , 0.08914358, 0.20044493, 0.19331008, 0.15844267,
       0.13944753, 0.12781572, 0.18176478, 0.14446688, 0.09877471,
       0.07983006, 0.0487405 , 0.02681566, 0.05155687, 0.04707555,
       0.19194651, 0.12659812, 0.14799957, 0.024745  , 0.09198225,
       0.02330616, 0.00425543, 0.05598444, 0.18395722, 0.16462158,
       0.08607606, 0.0169772 , 0.02304692, 0.20019756, 0.15682025,
       0.17531408, 0.0910239 , 0.05331229, 0.05603188, 0.16807685,
       0.1475184 , 0.01112057, 0.20191953, 0.18675238, 0.09918074,
       0.04825294, 0.03573093, 0.20229673, 0.1517636 , 0.20011693,
       0.04143898, 0.05054095, 0.01011572, 0.19683074, 0.03998093,
       0.07176365, 0.11128467, 0.0342668 , 0.0555627 , 0.10964616,
       0.03537407, 0.04605428, 0.16510913, 0.10886735, 0.19119564,
       0.17569876, 0.19666139, 0.05111084, 0.18366448, 0.20237578,
       0.09748092, 0.17825433, 0.04719225, 0.12097226, 0.18284699]), 'delta_distances': array([0., 0., 0., 0., 0., 0., 0., 0., 0., 0., 0., 0., 0., 0., 0., 0., 0.,
       0., 0., 0., 0., 0., 0., 0., 0., 0., 0., 0., 0., 0., 0., 0., 0., 0.,
       0., 0., 0., 0., 0., 0., 0., 0., 0., 0., 0., 0., 0., 0., 0., 0., 0.,
       0., 0., 0., 0., 0., 0., 0., 0., 0., 0., 0., 0., 0., 0., 0., 0., 0.,
       0., 0., 0., 0., 0., 0., 0., 0., 0., 0., 0., 0., 0., 0., 0., 0., 0.,
       0., 0., 0., 0., 0., 0., 0., 0., 0., 0., 0., 0., 0., 0., 0., 0., 0.,
       0., 0., 0., 0., 0., 0., 0., 0., 0., 0., 0., 0., 0., 0., 0., 0., 0.,
       0., 0., 0., 0., 0., 0., 0., 0., 0., 0., 0., 0., 0., 0., 0., 0., 0.,
       0., 0., 0., 0., 0., 0., 0., 0., 0., 0., 0., 0., 0., 0., 0., 0., 0.,
       0., 0., 0., 0., 0., 0., 0., 0., 0., 0., 0., 0., 0., 0., 0., 0., 0.,
       0., 0., 0., 0., 0., 0., 0., 0., 0., 0., 0., 0., 0., 0., 0., 0., 0.,
       0., 0., 0., 0., 0., 0., 0., 0., 0., 0., 0., 0., 0.]), 'locations': array([112, 185, 203, 233, 255, 255, 252, 215, 254, 116, 240, 221, 262,
       121, 238, 183, 228, 254, 198, 258, 239,  34, 246, 261, 194, 253,
       219, 245,  91, 242, 250, 259, 257, 222, 251, 264, 253, 191, 226,
       222, 224, 239, 241, 212,   9, 228, 225, 235, 121, 253, 241, 163,
       264, 258, 258, 216, 241,   2, 246, 248, 242, 250, 256,  96, 230,
        28, 242, 123,  72,   9, 199, 256, 116, 227, 250, 151, 260, 233,
       238, 248, 262, 250, 231, 247, 120, 263, 224, 252, 245, 256,  76,
        39,  90, 263, 221, 215, 128, 164, 258, 232,  31, 225, 251, 254,
       135, 220, 263, 127, 122, 247, 202, 239,  73, 240,  93, 135, 211,
       264, 244, 259, 262, 228, 217, 224, 259, 226, 184, 237, 256, 221,
        58, 233, 258,  43, 234, 208, 224,  79, 239,  68, 114, 229, 255,
       233, 254, 107, 264, 139, 252, 226, 241, 225, 253, 207, 117, 227,
       246, 248, 211, 106,  49, 250, 230, 230, 221,  49, 243, 108, 247,
       185, 263, 232,  15,  31, 233, 207, 232, 251, 118, 232, 123, 240,
       245, 235, 258, 232, 223, 144,  41, 226, 152, 255, 244, 126,  13,
       256,  68, 233, 206, 264])}, {'ts_index': 125, 'loc': 255, 'gap': 0.0678613614190741, 'distances': array([0.17802734, 0.04252346, 0.19096715, 0.19556315, 0.07336004,
       0.03210683, 0.10466275, 0.1390605 , 0.18544706, 0.04073325,
       0.01669007, 0.20117375, 0.03650974, 0.18797038, 0.02446919,
       0.04202442, 0.10451886, 0.20072724, 0.02571422, 0.06784678,
       0.0507293 , 0.08308438, 0.09573924, 0.1721496 , 0.03513752,
       0.06862189, 0.04662222, 0.044769  , 0.03634732, 0.01820032,
       0.03832357, 0.02400874, 0.14407333, 0.08800075, 0.07210067,
       0.05271685, 0.14012875, 0.17670793, 0.08543353, 0.08435119,
       0.15576263, 0.07734306, 0.01667477, 0.00631341, 0.14662495,
       0.18324558, 0.03873673, 0.16437984, 0.00481431, 0.0972475 ,
       0.18739532, 0.09919135, 0.06486142, 0.03808579, 0.1973615 ,
       0.04482518, 0.02281857, 0.17618968, 0.17914641, 0.03208216,
       0.03772325, 0.01350027, 0.11579517, 0.09747256, 0.        ,
       0.02955121, 0.15324723, 0.01630523, 0.16699346, 0.04402671,
       0.04151446, 0.10506504, 0.07133573, 0.0297592 , 0.02615715,
       0.05956454, 0.13430044, 0.0171485 , 0.02794447, 0.15536733,
       0.15313693, 0.14391759, 0.12861596, 0.16495718, 0.070254  ,
       0.01782352, 0.16941833, 0.10935425, 0.15956793, 0.19677378,
       0.02339246, 0.02157761, 0.19769548, 0.04870702, 0.14125397,
       0.1027823 , 0.0338458 , 0.16676872, 0.16783456, 0.05264725,
       0.16359549, 0.20112295, 0.01515463]), 'delta_distances': array([0., 0., 0., 0., 0., 0., 0., 0., 0., 0., 0., 0., 0., 0., 0., 0., 0.,
       0., 0., 0., 0., 0., 0., 0., 0., 0., 0., 0., 0., 0., 0., 0., 0., 0.,
       0., 0., 0., 0., 0., 0., 0., 0., 0., 0., 0., 0., 0., 0., 0., 0., 0.,
       0., 0., 0., 0., 0., 0., 0., 0., 0., 0., 0., 0., 0., 0., 0., 0., 0.,
       0., 0., 0., 0., 0., 0., 0., 0., 0., 0., 0., 0., 0., 0., 0., 0., 0.,
       0., 0., 0., 0., 0., 0., 0., 0., 0., 0., 0., 0., 0., 0., 0., 0., 0.,
       0.]), 'locations': array([ 50, 130,  21, 164, 261,  48, 240, 220,  23, 224, 236, 235, 231,
       179, 236, 215, 141,  14, 215, 233, 230, 184, 223,  66, 237, 263,
       196,  30, 222, 166, 235, 246, 231, 210, 235, 230, 241,  54, 203,
       263,  67, 140, 256, 230, 242, 215, 228, 180,  59, 230, 139, 238,
       125, 234,  45, 191, 172,  33,  23, 236, 255, 264, 226, 207, 255,
       238,  74, 138,  43, 184, 111, 162, 222, 224, 255, 251, 207, 242,
       228,  33, 150, 232, 264,   9, 123, 209,  13,  71,  30,  75, 262,
       209, 149, 228, 100,  82, 238, 243,  21, 217, 263, 187, 239])}, {'ts_index': 193, 'loc': 50, 'gap': 0.0660586924562819, 'distances': array([0.22226689, 0.09351251, 0.04525263, 0.20902815, 0.22155595,
       0.09758206, 0.15849769, 0.21658624, 0.04297618, 0.21224194,
       0.2059595 , 0.21656286, 0.21221188, 0.10973595, 0.20120849,
       0.21406077, 0.17812489, 0.16390498, 0.21676626, 0.20538185,
       0.22004497, 0.21774484, 0.11357887, 0.20348885, 0.1397103 ,
       0.19384557, 0.20882728, 0.08981162, 0.20582778, 0.07259021,
       0.10974298, 0.21141939, 0.11805295, 0.20772777, 0.        ,
       0.21363435, 0.20199658]), 'delta_distances': array([0., 0., 0., 0., 0., 0., 0., 0., 0., 0., 0., 0., 0., 0., 0., 0., 0.,
       0., 0., 0., 0., 0., 0., 0., 0., 0., 0., 0., 0., 0., 0., 0., 0., 0.,
       0., 0., 0.]), 'locations': array([250,  66, 163,  82, 200,  84,  20, 251, 205, 186,  53,  85, 119,
        89, 163, 187, 107,  47,  78,  75, 149,  90, 112,  97, 151, 116,
       167, 101, 125, 162, 127, 152,  11, 108,  50,  66,  17])}, {'ts_index': 160, 'loc': 19, 'gap': 0.08618845822142397, 'distances': array([0.02955912, 0.1468184 , 0.19080269, 0.18875953, 0.04889036,
       0.16206511, 0.13618165, 0.18207049, 0.18866997, 0.14897486,
       0.05119083, 0.05477436, 0.18939029, 0.15610925, 0.18203742,
       0.03162552, 0.14669976, 0.1315226 , 0.13787095, 0.14502002,
       0.        , 0.13118285, 0.17700848, 0.15933505, 0.18875472,
       0.15218887]), 'delta_distances': array([0., 0., 0., 0., 0., 0., 0., 0., 0., 0., 0., 0., 0., 0., 0., 0., 0.,
       0., 0., 0., 0., 0., 0., 0., 0., 0.]), 'locations': array([105,  79,   7,  46,  53,  16, 174,  97, 175,  24,  82,  33,   0,
       116,  74,  89,  56, 126, 156,   4,  19,  65, 151,  91,   2,  79])}, {'ts_index': 111, 'loc': 178, 'gap': 0.07642720572074552, 'distances': array([0.21025839, 0.20291252, 0.10401741, 0.20811357, 0.20126484,
       0.02738613, 0.0647329 , 0.20232844, 0.19379862, 0.06158008,
       0.        , 0.20770988, 0.05043211, 0.10121497, 0.18280424,
       0.15426463, 0.10115224, 0.17012945, 0.17604727, 0.20216083]), 'delta_distances': array([0., 0., 0., 0., 0., 0., 0., 0., 0., 0., 0., 0., 0., 0., 0., 0., 0.,
       0., 0., 0.]), 'locations': array([180, 143, 192,  69,   2,  86,  50,  92,  43,  92, 178,  90, 122,
       160, 188,  63, 132,  98,  90, 119])}, {'ts_index': 168, 'loc': 54, 'gap': 0.06878630178506633, 'distances': array([0.15009626, 0.03179392, 0.16847638, 0.15574438, 0.07403152,
       0.18704995, 0.04081335, 0.098848  , 0.        , 0.02482237,
       0.08733618, 0.17018959]), 'delta_distances': array([0., 0., 0., 0., 0., 0., 0., 0., 0., 0., 0., 0.]), 'locations': array([208, 262, 231, 223, 105, 245,   7, 230,  54,  49, 263,  22])}, {'ts_index': 198, 'loc': 81, 'gap': 0.08040466598001683, 'distances': array([0.16257194, 0.20053955, 0.09019034, 0.21402363, 0.        ]), 'delta_distances': array([0., 0., 0., 0., 0.]), 'locations': array([ 26,  71,  12, 232,  81])}], 'clusters': array([4, 2, 3, 1, 3, 2, 1, 1, 1, 2, 1, 2, 1, 0, 1, 6, 1, 1, 2, 1, 1, 2,
       3, 2, 5, 1, 1, 1, 2, 1, 2, 1, 1, 1, 1, 1, 1, 2, 1, 1, 1, 1, 4, 1,
       1, 2, 2, 1, 1, 2, 2, 2, 3, 2, 1, 1, 1, 2, 2, 2, 1, 2, 1, 2, 2, 2,
       0, 2, 2, 2, 7, 1, 5, 1, 1, 1, 1, 1, 1, 2, 2, 5, 1, 1, 2, 1, 1, 1,
       2, 2, 3, 6, 2, 4, 2, 1, 1, 2, 1, 4, 2, 2, 1, 2, 0, 2, 1, 1, 2, 1,
       5, 5, 2, 2, 2, 2, 2, 1, 1, 1, 1, 1, 1, 1, 1, 2, 2, 4, 1, 1, 2, 1,
       6, 2, 2, 2, 2, 2, 2, 1, 1, 1, 1, 1, 1, 2, 3, 2, 1, 1, 1, 1, 1, 2,
       5, 1, 1, 1, 5, 6, 4, 1, 1, 1, 3, 2, 1, 2, 6, 1, 1, 1, 2, 3, 3, 1,
       1, 1, 2, 1, 1, 2, 1, 1, 5, 1, 1, 2, 3, 2, 2, 6, 1, 3, 2, 1, 6, 1,
       7, 2]), 'time': 3712.618398666382}
lenSubsequence: 13{'RI': 0.6777889447236181, 'num_clusters': 10, 'uShapelets': [{'ts_index': 64, 'loc': 245, 'gap': 0.03724129182207296, 'distances': array([0.10546158, 0.02986349, 0.10509689, 0.04743532, 0.06404698,
       0.09094343, 0.13312893, 0.0427908 , 0.08456441, 0.0862996 ,
       0.12645853, 0.1427362 , 0.14383672, 0.1271782 , 0.02622761,
       0.13305768, 0.06667128, 0.10063757, 0.1047222 , 0.04751393,
       0.12531672, 0.02513659, 0.13648854, 0.05203874, 0.04455147,
       0.0442388 , 0.12738347, 0.10199104, 0.13355651, 0.02649712,
       0.14186355, 0.11708029, 0.0258444 , 0.10732183, 0.02895458,
       0.14017275, 0.1363016 , 0.14097718, 0.13035309, 0.0107123 ,
       0.13976801, 0.10874133, 0.14244508, 0.03091802, 0.03219232,
       0.13563122, 0.14184803, 0.04325559, 0.11904798, 0.01943846,
       0.09579122, 0.10999341, 0.04260453, 0.13862395, 0.15031807,
       0.11648096, 0.09986714, 0.08782851, 0.12223429, 0.08613886,
       0.10458915, 0.03087144, 0.11781359, 0.03359339, 0.        ,
       0.12538286, 0.02957695, 0.07661293, 0.08918918, 0.12298132,
       0.12105099, 0.10798105, 0.12733261, 0.03716672, 0.08768254,
       0.11980983, 0.07284979, 0.01594368, 0.06322037, 0.11369472,
       0.04734971, 0.08752798, 0.02289861, 0.12036922, 0.13295427,
       0.13531016, 0.13296899, 0.0776999 , 0.08778701, 0.10396843,
       0.13361915, 0.10055239, 0.08499332, 0.13001442, 0.03986137,
       0.07083822, 0.12112458, 0.04929823, 0.06654292, 0.06665366,
       0.12875405, 0.13631856, 0.06665761, 0.11578531, 0.12026044,
       0.0594765 , 0.03897804, 0.10866904, 0.12714157, 0.04163082,
       0.11515794, 0.11021164, 0.13477281, 0.05611415, 0.09111295,
       0.1066081 , 0.09426695, 0.07049411, 0.11853646, 0.052244  ,
       0.05403761, 0.03802027, 0.14093376, 0.04556502, 0.140572  ,
       0.1305223 , 0.07143421, 0.12511396, 0.12404543, 0.08152691,
       0.04109931, 0.11963804, 0.05513643, 0.03726051, 0.11373391,
       0.10201914, 0.12901036, 0.12501904, 0.09607203, 0.14631776,
       0.05752607, 0.08671843, 0.12469347, 0.02231092, 0.08483246,
       0.13163181, 0.11386183, 0.12220611, 0.06881671, 0.14114093,
       0.13678082, 0.05600746, 0.12159493, 0.06545841, 0.13954733,
       0.089792  , 0.05851645, 0.03296849, 0.12574452, 0.03709878,
       0.12158557, 0.11106729, 0.11839109, 0.10673896, 0.04905786,
       0.1395756 , 0.05438236, 0.02678958, 0.08588083, 0.1136968 ,
       0.12893388, 0.10507221, 0.06865529, 0.03554588, 0.08913941,
       0.03979288, 0.1296881 , 0.01199514, 0.06172639, 0.02072537,
       0.14044343, 0.12998404, 0.06974395, 0.12551807, 0.02718568,
       0.12692243, 0.05040869, 0.12804506, 0.12181733, 0.08136967,
       0.10407466, 0.09598276, 0.11014519, 0.10749052, 0.09350348,
       0.08075275, 0.10577921, 0.11564052, 0.10452876, 0.10112097]), 'delta_distances': array([0., 0., 0., 0., 0., 0., 0., 0., 0., 0., 0., 0., 0., 0., 0., 0., 0.,
       0., 0., 0., 0., 0., 0., 0., 0., 0., 0., 0., 0., 0., 0., 0., 0., 0.,
       0., 0., 0., 0., 0., 0., 0., 0., 0., 0., 0., 0., 0., 0., 0., 0., 0.,
       0., 0., 0., 0., 0., 0., 0., 0., 0., 0., 0., 0., 0., 0., 0., 0., 0.,
       0., 0., 0., 0., 0., 0., 0., 0., 0., 0., 0., 0., 0., 0., 0., 0., 0.,
       0., 0., 0., 0., 0., 0., 0., 0., 0., 0., 0., 0., 0., 0., 0., 0., 0.,
       0., 0., 0., 0., 0., 0., 0., 0., 0., 0., 0., 0., 0., 0., 0., 0., 0.,
       0., 0., 0., 0., 0., 0., 0., 0., 0., 0., 0., 0., 0., 0., 0., 0., 0.,
       0., 0., 0., 0., 0., 0., 0., 0., 0., 0., 0., 0., 0., 0., 0., 0., 0.,
       0., 0., 0., 0., 0., 0., 0., 0., 0., 0., 0., 0., 0., 0., 0., 0., 0.,
       0., 0., 0., 0., 0., 0., 0., 0., 0., 0., 0., 0., 0., 0., 0., 0., 0.,
       0., 0., 0., 0., 0., 0., 0., 0., 0., 0., 0., 0., 0.]), 'locations': array([181,  32,   7, 225, 235, 205,  25, 242,  66, 165, 196, 172,  62,
       258, 234, 246,  69, 192, 156, 254,  32, 233, 252, 246, 250, 208,
       184, 111,  42, 227, 204, 122, 228,   8, 172, 234, 145, 123, 209,
       232, 107,  89,  35, 240, 229,  17,  95, 260,  80, 255, 186,  15,
       190, 214,  41,  67, 218, 254, 228, 224,  10, 229, 228,  23, 245,
       111, 250, 199, 243, 251, 141, 220, 149, 257, 191, 131, 221, 130,
       196, 182, 245, 126, 214, 178, 130, 142,  82, 239, 229, 200, 115,
       256, 126, 161, 232, 237,  14, 259, 218, 239,   5, 145, 247, 252,
        78, 245, 256,  82, 242, 245, 139, 167, 213, 231, 136,  28, 200,
       259, 238, 136, 257, 253,  38, 248, 206, 199, 183, 109, 259, 219,
       255, 234, 217, 227, 202, 244, 187,  85,  79,   2, 181, 200, 249,
       239, 254, 221, 256, 226, 252,  24, 171, 241, 187, 145,  72,  82,
       210, 174,  76, 241,  45, 256,  52, 168, 244, 106, 126, 183,  39,
        36, 250,   7,  10, 229,  97, 228, 169, 226,  99, 230, 106, 109,
       218,  98, 237, 216, 105, 189,  29, 166, 223, 259, 230, 118,  42,
       206, 223, 261, 194, 115])}, {'ts_index': 108, 'loc': 248, 'gap': 0.03363409048354763, 'distances': array([0.07121188, 0.13030109, 0.12894228, 0.05836824, 0.12547487,
       0.03289481, 0.10146222, 0.10009739, 0.11835977, 0.04969139,
       0.08163052, 0.09678924, 0.09336919, 0.07768654, 0.11482465,
       0.03754269, 0.11886282, 0.12583215, 0.10087836, 0.13281182,
       0.14080241, 0.02891462, 0.09428969, 0.10062778, 0.08865853,
       0.04976278, 0.13894308, 0.08660293, 0.10409042, 0.04508248,
       0.11496259, 0.08883212, 0.12422693, 0.11612726, 0.10833716,
       0.1165799 , 0.11484715, 0.12305987, 0.06246977, 0.13601178,
       0.10101663, 0.1204164 , 0.09312927, 0.13622123, 0.11781792,
       0.0929157 , 0.11019709, 0.11927357, 0.1006767 , 0.05236389,
       0.10043598, 0.12833753, 0.13010864, 0.10335032, 0.08701034,
       0.10431002, 0.12799673, 0.125201  , 0.09279603, 0.13676208,
       0.11815479, 0.11725592, 0.11083833, 0.12256388, 0.09116548,
       0.10225255, 0.10668661, 0.03518031, 0.06822819, 0.10445275,
       0.09875395, 0.09820769, 0.10929475, 0.06248387, 0.1108594 ,
       0.13561971, 0.1201177 , 0.01600614, 0.        , 0.13144878,
       0.10972298, 0.10356059, 0.10626342, 0.11575884, 0.11544851,
       0.10616737, 0.09363696, 0.11021463, 0.13764116, 0.09373258,
       0.07907601, 0.13200234, 0.1181815 , 0.09070763, 0.09588528,
       0.10770518, 0.03013456, 0.05177957, 0.1364803 , 0.10239258,
       0.12393754, 0.11160023, 0.09604529, 0.05997977, 0.09869725,
       0.02543108, 0.11725981, 0.08560348, 0.01930571, 0.10338234,
       0.08546979, 0.1291406 , 0.11459421, 0.09159817, 0.04455386,
       0.08147146, 0.05428472, 0.11938663, 0.11503379, 0.04895406,
       0.05216941, 0.1306662 , 0.09705789, 0.09274592, 0.1299576 ,
       0.12572139, 0.13078368, 0.05683778, 0.12402753, 0.09380177,
       0.09012639, 0.13268101, 0.08654055, 0.08108824, 0.1185717 ,
       0.08168668, 0.12855586, 0.04843375, 0.10549905, 0.09981686,
       0.13269309, 0.13427763, 0.05583153, 0.11170081, 0.04954337,
       0.0923784 ]), 'delta_distances': array([0., 0., 0., 0., 0., 0., 0., 0., 0., 0., 0., 0., 0., 0., 0., 0., 0.,
       0., 0., 0., 0., 0., 0., 0., 0., 0., 0., 0., 0., 0., 0., 0., 0., 0.,
       0., 0., 0., 0., 0., 0., 0., 0., 0., 0., 0., 0., 0., 0., 0., 0., 0.,
       0., 0., 0., 0., 0., 0., 0., 0., 0., 0., 0., 0., 0., 0., 0., 0., 0.,
       0., 0., 0., 0., 0., 0., 0., 0., 0., 0., 0., 0., 0., 0., 0., 0., 0.,
       0., 0., 0., 0., 0., 0., 0., 0., 0., 0., 0., 0., 0., 0., 0., 0., 0.,
       0., 0., 0., 0., 0., 0., 0., 0., 0., 0., 0., 0., 0., 0., 0., 0., 0.,
       0., 0., 0., 0., 0., 0., 0., 0., 0., 0., 0., 0., 0., 0., 0., 0., 0.,
       0., 0., 0., 0., 0., 0., 0., 0., 0., 0.]), 'locations': array([246,   7, 241, 203,  87, 175,  46,  66, 165, 258,  59, 181, 102,
       192, 130, 199,  31, 216, 220, 107, 144, 238, 259, 229, 158, 214,
       230, 170, 246, 241, 108, 237, 146, 186, 116, 167, 223, 224,   7,
       182, 225, 178, 186, 216, 235, 246, 172, 213, 224, 101, 214, 195,
       136, 214, 227, 220, 204, 126, 130,  69, 229, 239, 194,  79, 186,
       104, 223, 135, 153, 219,  11, 260,  71, 224, 192,  19,  48, 199,
       248,  77, 113, 213,  16, 190, 199, 212, 223,  70, 194, 166, 202,
        51, 245,  45, 252, 234, 188, 251,  85,  39,  46, 175, 115,  44,
       254,  19,   2,  28, 256, 215, 252, 239,  22, 236, 206, 173, 245,
       152,   1, 111, 256,   3, 186,  41, 100, 133,  29, 122,  76,  11,
       241, 154, 244, 243,  55, 246, 178,  49,  59, 124, 259, 206, 212,
        75, 102, 251])}, {'ts_index': 51, 'loc': 249, 'gap': 0.03337263715983105, 'distances': array([0.09320847, 0.10582595, 0.10728155, 0.13310781, 0.0115409 ,
       0.02490395, 0.09883665, 0.11579303, 0.08667039, 0.03469559,
       0.03976537, 0.12562862, 0.06422938, 0.04716562, 0.10344692,
       0.08819906, 0.07291186, 0.13361621, 0.06809666, 0.09315679,
       0.12467916, 0.13249632, 0.03855082, 0.1002624 , 0.06917358,
       0.13701293, 0.04018202, 0.        , 0.12429369, 0.09852002,
       0.0999415 , 0.12246559, 0.07737046, 0.06046228, 0.09247529,
       0.04207705, 0.07528739, 0.09605353, 0.11744141, 0.09135467,
       0.13598322, 0.04737623, 0.07146902, 0.0911203 , 0.11116206,
       0.11142547, 0.05075835, 0.03205287, 0.1069358 , 0.09618624,
       0.114269  , 0.0992662 , 0.10193353, 0.08770138, 0.08751098,
       0.11861054, 0.07626735, 0.05405373, 0.03491569, 0.07314086,
       0.14264092, 0.06003874, 0.08793111, 0.12704675, 0.13990354,
       0.11033631, 0.02545323, 0.09682216, 0.14382377, 0.09301324,
       0.13383116, 0.06157478, 0.12537863, 0.07224373, 0.03182172,
       0.11829272, 0.12002216, 0.10015842, 0.12939292, 0.10080757,
       0.0318173 , 0.06167074, 0.06684341, 0.1383894 , 0.06522648,
       0.09982479, 0.0225098 , 0.02543994, 0.08709299, 0.12229871,
       0.05287345, 0.08789314, 0.09055182, 0.03618868, 0.13238315,
       0.09966354, 0.12440016, 0.05910539, 0.02073367, 0.10807592,
       0.08882762, 0.1006566 , 0.07338554, 0.08342058, 0.11531462,
       0.10845803, 0.13372838, 0.0370108 , 0.10749239, 0.10692197,
       0.06586352, 0.10146463, 0.07983308, 0.11827361, 0.11037541,
       0.12358944, 0.1165159 , 0.11637046, 0.0380687 , 0.10447102]), 'delta_distances': array([0., 0., 0., 0., 0., 0., 0., 0., 0., 0., 0., 0., 0., 0., 0., 0., 0.,
       0., 0., 0., 0., 0., 0., 0., 0., 0., 0., 0., 0., 0., 0., 0., 0., 0.,
       0., 0., 0., 0., 0., 0., 0., 0., 0., 0., 0., 0., 0., 0., 0., 0., 0.,
       0., 0., 0., 0., 0., 0., 0., 0., 0., 0., 0., 0., 0., 0., 0., 0., 0.,
       0., 0., 0., 0., 0., 0., 0., 0., 0., 0., 0., 0., 0., 0., 0., 0., 0.,
       0., 0., 0., 0., 0., 0., 0., 0., 0., 0., 0., 0., 0., 0., 0., 0., 0.,
       0., 0., 0., 0., 0., 0., 0., 0., 0., 0., 0., 0., 0., 0., 0., 0., 0.,
       0.]), 'locations': array([254, 204, 237, 166, 209, 239,  90, 243, 234, 258, 220,  28,  10,
       227, 202, 228, 215,  94,   8, 257, 139, 131,  32, 247, 232,  13,
       233, 249,  47, 151, 239, 132, 242, 242, 144, 257,  79,  29, 176,
         4, 107, 215, 243, 145,  89, 240, 239, 233, 200,   0,  66, 224,
       256, 251, 121, 240, 193, 256, 244, 199,  27,   1, 238, 142, 251,
       229, 220,  21, 245, 246, 227, 257,  76, 232, 167, 138, 161, 256,
       242, 244, 129, 223, 232,  47,  40, 251, 245, 245, 132,   3, 254,
       168, 260, 260, 210, 261, 222, 230, 170, 228, 232, 248, 176,  42,
       228,  78, 256, 216, 230, 255, 231, 260, 223, 242, 223, 191,  47,
       255, 211, 259])}, {'ts_index': 188, 'loc': 255, 'gap': 0.03807925121518792, 'distances': array([0.01960388, 0.04391731, 0.0852815 , 0.09125078, 0.08958667,
       0.01917851, 0.13073349, 0.07236207, 0.12286934, 0.09864579,
       0.09728979, 0.02098357, 0.02508462, 0.10226732, 0.13124731,
       0.12155061, 0.08576937, 0.04135476, 0.07818606, 0.09609295,
       0.11455789, 0.15452539, 0.05883725, 0.09407439, 0.13529598,
       0.05552455, 0.11445198, 0.03493722, 0.02513963, 0.08337328,
       0.0974327 , 0.11453122, 0.12150975, 0.09492565, 0.09499914,
       0.01598458, 0.11714463, 0.03913368, 0.12209359, 0.08577031,
       0.09879055, 0.03874675, 0.03204917, 0.01572945, 0.01372203,
       0.10799801, 0.11779613, 0.05861237, 0.05110695, 0.0604995 ,
       0.10407143, 0.01413169, 0.11030927, 0.01652367, 0.09368371,
       0.02253609, 0.11319782, 0.07489696, 0.01992558, 0.08821383,
       0.11456393, 0.11180602, 0.03865564, 0.07018684, 0.12742456,
       0.09258418, 0.03001424, 0.02599481, 0.09695921, 0.09000176,
       0.11223025, 0.10356078, 0.03235637, 0.03134587, 0.11905678,
       0.10769626, 0.10193359, 0.02275345, 0.07124256, 0.11615811,
       0.03146086, 0.0777452 , 0.04365004, 0.07593708, 0.00784461,
       0.09395018, 0.06995906, 0.05290841, 0.09370348, 0.10002821,
       0.        , 0.08112039, 0.13454038, 0.03683331, 0.07468282,
       0.02730833, 0.03305174, 0.0803597 ]), 'delta_distances': array([0., 0., 0., 0., 0., 0., 0., 0., 0., 0., 0., 0., 0., 0., 0., 0., 0.,
       0., 0., 0., 0., 0., 0., 0., 0., 0., 0., 0., 0., 0., 0., 0., 0., 0.,
       0., 0., 0., 0., 0., 0., 0., 0., 0., 0., 0., 0., 0., 0., 0., 0., 0.,
       0., 0., 0., 0., 0., 0., 0., 0., 0., 0., 0., 0., 0., 0., 0., 0., 0.,
       0., 0., 0., 0., 0., 0., 0., 0., 0., 0., 0., 0., 0., 0., 0., 0., 0.,
       0., 0., 0., 0., 0., 0., 0., 0., 0., 0., 0., 0., 0.]), 'locations': array([232, 178, 261,  15,  69, 215, 196, 258,  89,  29, 232, 234,  92,
        83, 209, 154, 212, 252,  94, 235, 231, 253, 199, 166,   9, 223,
       249, 183, 212,  94, 256, 212, 208, 229, 216, 248,  82, 110, 103,
       178, 232, 242, 246, 236, 224, 246, 157, 233, 181, 224, 228, 209,
       251, 219,   5, 205, 246, 227, 231,   1,  79, 213, 260, 252, 236,
       193, 189, 214, 228,  61, 246, 229, 256, 226, 250,  67,  96, 251,
       232, 208, 255,  58, 215, 226, 235,  62, 243, 199,  72, 256, 255,
        37, 237, 235, 125, 206, 133, 235])}, {'ts_index': 193, 'loc': 236, 'gap': 0.0373129427393618, 'distances': array([0.02801944, 0.03451126, 0.04078877, 0.07152899, 0.10805479,
       0.07874926, 0.11099122, 0.04763386, 0.08649312, 0.12189703,
       0.05158043, 0.07481734, 0.11294253, 0.02587476, 0.11160052,
       0.03311558, 0.07597544, 0.04471305, 0.06331746, 0.05790036,
       0.02614281, 0.0388391 , 0.11380209, 0.13414389, 0.132231  ,
       0.10075976, 0.1281312 , 0.13496846, 0.07709813, 0.01788439,
       0.12158267, 0.0758089 , 0.03546151, 0.0961172 , 0.08968775,
       0.07357598, 0.12584968, 0.12802289, 0.11298231, 0.01258788,
       0.03743038, 0.09973852, 0.11306063, 0.05266717, 0.0391776 ,
       0.0559554 , 0.1186898 , 0.04009367, 0.04716395, 0.0449212 ,
       0.12265055, 0.02997771, 0.14454829, 0.10016319, 0.10941646,
       0.02336987, 0.03173897, 0.09157605, 0.11489252, 0.11777906,
       0.13409597, 0.14290767, 0.09591788, 0.10658655, 0.01760321,
       0.        , 0.02365455]), 'delta_distances': array([0., 0., 0., 0., 0., 0., 0., 0., 0., 0., 0., 0., 0., 0., 0., 0., 0.,
       0., 0., 0., 0., 0., 0., 0., 0., 0., 0., 0., 0., 0., 0., 0., 0., 0.,
       0., 0., 0., 0., 0., 0., 0., 0., 0., 0., 0., 0., 0., 0., 0., 0., 0.,
       0., 0., 0., 0., 0., 0., 0., 0., 0., 0., 0., 0., 0., 0., 0., 0.]), 'locations': array([226, 216,  61, 237, 239, 202, 228, 212, 198,  24, 254, 252,  19,
       224, 100,  30, 235, 226, 212, 248, 224,  88, 241, 230, 175, 129,
       216, 147, 212,   7, 169,  53, 259, 200,  57,  68, 243, 226, 230,
       254, 192,  58, 243, 235, 225, 109, 242, 203, 233, 225, 115, 240,
       207, 206, 243, 218, 241, 260, 143, 219, 203, 252, 130, 239, 248,
       236, 243])}, {'ts_index': 183, 'loc': 177, 'gap': 0.031048930880349303, 'distances': array([0.0460901 , 0.05142404, 0.08491152, 0.0456217 , 0.10500964,
       0.03298825, 0.10125163, 0.07227587, 0.07571632, 0.10259477,
       0.04794852, 0.01985329, 0.02954932, 0.09034182, 0.0818044 ,
       0.01934142, 0.10621056, 0.04599897, 0.12674533, 0.0199499 ,
       0.08805374, 0.10290519, 0.02497057, 0.03151883, 0.10607068,
       0.02363656, 0.0299733 , 0.06737773, 0.03219506, 0.08890437,
       0.02169793, 0.0831043 , 0.06317891, 0.02695918, 0.03124833,
       0.        , 0.05611645, 0.01692209, 0.02261389]), 'delta_distances': array([0., 0., 0., 0., 0., 0., 0., 0., 0., 0., 0., 0., 0., 0., 0., 0., 0.,
       0., 0., 0., 0., 0., 0., 0., 0., 0., 0., 0., 0., 0., 0., 0., 0., 0.,
       0., 0., 0., 0., 0.]), 'locations': array([175,  89,  43, 235, 181,  38,  48,  44, 256, 100,  11, 121, 214,
        22, 192, 154, 168, 166,  40, 142, 218,  18, 248, 203, 152,  37,
        28,  71, 159,  87,   4, 159, 213,  15,  92, 177, 127, 139, 102])}, {'ts_index': 100, 'loc': 96, 'gap': 0.032312739699127034, 'distances': array([0.04725725, 0.0858111 , 0.02037914, 0.08904996, 0.0942088 ,
       0.08569815, 0.04159082, 0.06829698, 0.06996935, 0.09649424,
       0.02210446, 0.        , 0.10210137, 0.07279203, 0.09256541,
       0.08976301]), 'delta_distances': array([0., 0., 0., 0., 0., 0., 0., 0., 0., 0., 0., 0., 0., 0., 0., 0.]), 'locations': array([171, 170, 246,  22,   4, 149, 181, 197, 154, 189, 216,  96, 193,
       207, 184, 104])}, {'ts_index': 46, 'loc': 18, 'gap': 0.03740796542747876, 'distances': array([0.10402103, 0.        , 0.08271926, 0.1281956 , 0.03418792,
       0.07094908, 0.10118559, 0.10120266, 0.11794095, 0.0423128 ,
       0.08498294]), 'delta_distances': array([0., 0., 0., 0., 0., 0., 0., 0., 0., 0., 0.]), 'locations': array([159,  18, 166, 156,  41,  35,  44, 216,  67,  80,   5])}, {'ts_index': 131, 'loc': 120, 'gap': 0.027486269967896063, 'distances': array([0.02294127, 0.07825628, 0.03918412, 0.10404276, 0.0859529 ,
       0.03751699, 0.        , 0.0631256 ]), 'delta_distances': array([0., 0., 0., 0., 0., 0., 0., 0.]), 'locations': array([153,  79,  12,  61, 258, 152, 120, 191])}, {'ts_index': 53, 'loc': 167, 'gap': 0.04400805550286409, 'distances': array([0.        , 0.11758638, 0.05266405, 0.0966721 ]), 'delta_distances': array([0., 0., 0., 0.]), 'locations': array([167, 211, 227, 258])}], 'clusters': array([ 4,  1,  4,  1,  5,  2,  5,  1,  2,  3,  3,  5,  2,  4,  1,  6,  3,
        3,  6,  1,  2,  1,  7,  1,  1,  1,  3,  6,  5,  1,  4,  2,  1,  4,
        1,  9,  6,  2,  5,  1,  7,  3,  2,  1,  1,  4,  8,  1,  5,  1,  3,
        3,  1, 10,  5,  9,  2,  5,  5,  5,  5,  1,  3,  1,  1,  4,  1,  4,
        5,  6,  6,  2,  3,  1,  6,  7,  8,  1,  4,  3,  1,  3,  1,  6,  4,
        0,  5,  6,  4,  4,  4,  4, 10,  2,  1,  3,  5,  1,  6,  7,  7,  2,
        6,  4,  6,  1,  1,  2,  2,  1,  3,  4,  9,  1,  4,  5,  5,  4,  6,
        1,  1,  1,  3,  1,  6,  5,  4,  5,  5,  3,  1,  9,  1,  1,  4,  2,
        2,  4,  5,  5,  1,  3,  3,  1,  2,  5,  2,  6,  4,  2,  4,  1,  5,
        3,  8,  6,  1,  1,  2,  1,  4,  2,  0,  3,  1,  2,  1,  1,  2,  5,
        4,  5,  4,  1,  6,  1,  4,  1,  2,  1,  6,  6,  3,  6,  1,  6,  1,
        6,  4,  6,  5,  2,  4,  5,  4,  4,  2,  3,  2,  5]), 'time': 7373.457832574844}
