lenSubsequence: 11{'RI': 0.657788944723618, 'num_clusters': 8, 'uShapelets': [{'ts_index': 28, 'loc': 92, 'gap': 0.08044538065458229, 'distances': array([0.97802364, 1.26539112, 1.16183479, 1.00720097, 0.99737281,
       0.96322233, 1.10272519, 1.03611627, 1.18421255, 0.83479953,
       0.86524944, 0.85605562, 0.97825243, 1.20656164, 1.12851695,
       0.9499275 , 1.10085307, 0.8927634 , 1.11229766, 0.73601987,
       1.17808507, 1.06758567, 1.25347375, 1.19179312, 1.12623849,
       1.10820977, 0.94708893, 1.08740407, 0.        , 0.90744934,
       1.24314806, 0.74132867, 0.99460497, 1.20021146, 0.58329712,
       0.94389745, 0.56945722, 1.22746229, 0.96378261, 1.12242619,
       1.11614509, 1.1816557 , 1.13545583, 1.31064855, 0.73015503,
       1.10421976, 1.12689673, 0.79081021, 1.02287338, 0.97455012,
       1.09944727, 1.16601988, 0.69420737, 0.95784902, 0.90368873,
       0.9250584 , 0.7989525 , 0.66333339, 1.18374493, 1.12265181,
       0.71537163, 1.08630645, 1.17118095, 1.23666077, 1.16946041,
       0.80004805, 0.86854819, 1.22081607, 1.09528301, 1.07491119,
       1.09329262, 1.25312302, 1.04856844, 1.05523014, 1.11582884,
       1.0367621 , 1.06212329, 1.15965693, 1.08765977, 1.00818232,
       0.98714358, 0.89614185, 1.12136935, 1.12275244, 1.18929893,
       0.98672967, 1.27106672, 1.14065279, 0.92578102, 1.08754334,
       1.08825962, 1.21917702, 0.80031794, 0.68165251, 1.14429731,
       1.14425679, 0.89514781, 0.86456728, 1.15747315, 0.91307759,
       0.75361128, 0.8788067 , 0.91801622, 1.04379007, 1.14183096,
       0.80988672, 0.77582727, 0.87322278, 0.86532212, 0.87194365,
       1.05570363, 1.06490585, 0.99561914, 1.04247704, 1.05032071,
       0.82638484, 1.06012551, 1.00464242, 1.00306614, 1.06766482,
       1.0242134 , 0.68222134, 1.24006577, 0.90926779, 0.90723762,
       0.85113326, 1.1117877 , 0.89008641, 1.23851476, 1.03461272,
       0.79080747, 0.96775101, 0.63263856, 1.0494424 , 1.10925336,
       1.08873389, 0.91111947, 1.08487224, 1.08851789, 0.94632771,
       0.92892028, 1.21177041, 0.92523431, 1.15190504, 1.00669953,
       0.95786643, 0.90459903, 0.92617099, 0.57973238, 0.97724809,
       0.79945733, 1.22209364, 1.13054712, 1.2689781 , 1.19941328,
       0.9751147 , 1.06112068, 1.01742406, 1.12529674, 1.15503155,
       0.93969278, 1.20665475, 1.12368004, 1.21090899, 1.00506659,
       1.19409689, 1.22740257, 1.02000384, 1.08833313, 1.23946221,
       0.95168666, 1.13846757, 0.96405703, 1.07687123, 1.04055173,
       1.22653335, 1.26228925, 1.21619561, 0.84824401, 1.21582369,
       1.21215224, 0.78749054, 1.0121993 , 1.16265468, 0.72555313,
       0.86608353, 0.6809834 , 1.2032037 , 1.02237313, 1.10357584,
       1.1108627 , 0.62918301, 0.90807527, 0.9682151 , 1.11092775,
       0.97911816, 0.98764579, 0.93272132, 1.17022562, 1.09702251]), 'delta_distances': array([0., 0., 0., 0., 0., 0., 0., 0., 0., 0., 0., 0., 0., 0., 0., 0., 0.,
       0., 0., 0., 0., 0., 0., 0., 0., 0., 0., 0., 0., 0., 0., 0., 0., 0.,
       0., 0., 0., 0., 0., 0., 0., 0., 0., 0., 0., 0., 0., 0., 0., 0., 0.,
       0., 0., 0., 0., 0., 0., 0., 0., 0., 0., 0., 0., 0., 0., 0., 0., 0.,
       0., 0., 0., 0., 0., 0., 0., 0., 0., 0., 0., 0., 0., 0., 0., 0., 0.,
       0., 0., 0., 0., 0., 0., 0., 0., 0., 0., 0., 0., 0., 0., 0., 0., 0.,
       0., 0., 0., 0., 0., 0., 0., 0., 0., 0., 0., 0., 0., 0., 0., 0., 0.,
       0., 0., 0., 0., 0., 0., 0., 0., 0., 0., 0., 0., 0., 0., 0., 0., 0.,
       0., 0., 0., 0., 0., 0., 0., 0., 0., 0., 0., 0., 0., 0., 0., 0., 0.,
       0., 0., 0., 0., 0., 0., 0., 0., 0., 0., 0., 0., 0., 0., 0., 0., 0.,
       0., 0., 0., 0., 0., 0., 0., 0., 0., 0., 0., 0., 0., 0., 0., 0., 0.,
       0., 0., 0., 0., 0., 0., 0., 0., 0., 0., 0., 0., 0.]), 'locations': array([ 95,  74,  46, 128,  71,  82, 100,  89,   8, 106,  13,  23,  46,
        18,  75,  34,  59,  55,  56,  33,  51,  27,  66, 144,  26,  88,
         3,  66,  92,  95, 132,  58, 115, 104,  84, 168,  70, 164,  73,
        76,  91,  78,  65,  30,  19, 132,  64, 118,  59, 113,  14, 115,
        23, 150,  10,  34, 122,  24,  37,  99,   3,  11, 131, 116,   0,
         8,  75,  93, 121,  88,  54,  17, 110,  27,  77,  96,  99,  22,
        53,  61, 108, 165, 143, 103,  70,  75,  52, 105,  20,  73, 106,
        59,  25, 129,  68,  96, 146, 157,  91,  24,  82,  51, 129,  16,
       102, 106,  55,  30,  35, 113,  62, 110,  22,  86,  42,  40, 109,
        21,  82,  44,  28,  34,  52, 117,   8, 117,  74,   2, 120,  91,
        19,   7,  64,  12, 106, 129,  38,  70, 106,  22,  20,  60,  24,
       124,  54,  64, 142,  60,  90,  84,  67, 184, 100,  16, 131,   1,
        78, 147, 101,  14, 121,  55, 173,  28,  19,  48, 132,  18,  12,
        31, 123,  13,   1, 109,  11,  28, 138,  61,  52,  72,  95,  62,
        61,  76,  66,  91, 130, 150, 129,  54,  25,  91, 122, 149,  57,
       108,  55,  30,  91, 104])}, {'ts_index': 128, 'loc': 183, 'gap': 0.05380800296244423, 'distances': array([0.30521904, 0.08072584, 0.30395142, 0.21022581, 0.18915394,
       0.23525769, 0.21923865, 0.2418929 , 0.22311289, 0.26966058,
       0.27962596, 0.25528403, 0.32991569, 0.30899254, 0.2817529 ,
       0.16481896, 0.24705806, 0.31112774, 0.27103054, 0.18911342,
       0.16833786, 0.27084032, 0.26431619, 0.33683468, 0.31068316,
       0.28677623, 0.19440928, 0.16170995, 0.19295807, 0.16360588,
       0.10161018, 0.2522044 , 0.33928918, 0.29475053, 0.14021645,
       0.26025396, 0.23179305, 0.21310068, 0.27267924, 0.34604845,
       0.12785936, 0.18652226, 0.14285744, 0.32147762, 0.18667719,
       0.14455878, 0.32012957, 0.22251402, 0.20294039, 0.09934979,
       0.29876029, 0.19472651, 0.2078812 , 0.25644517, 0.22382099,
       0.13270015, 0.13818349, 0.26488663, 0.30583349, 0.30881279,
       0.08273162, 0.20293045, 0.31040816, 0.32507981, 0.27893468,
       0.21900904, 0.10710233, 0.3110372 , 0.15827787, 0.21217265,
       0.30215414, 0.29204982, 0.14330436, 0.22913694, 0.20592246,
       0.3089132 , 0.18707922, 0.26824974, 0.34542356, 0.10925904,
       0.3208502 , 0.37207071, 0.15155107, 0.27909976, 0.24108489,
       0.25329953, 0.30398936, 0.31245429, 0.30845085, 0.11788179,
       0.23664656, 0.28682155, 0.32563955, 0.29142749, 0.21018821,
       0.21914641, 0.28729484, 0.34715995, 0.30169431, 0.29387387,
       0.14215232, 0.27947499, 0.29835215, 0.        , 0.32308091,
       0.2345262 , 0.29652866, 0.24012603, 0.10134778, 0.21789102,
       0.18240594, 0.24762001, 0.29155273, 0.30258129, 0.31510591,
       0.31186835, 0.31578679, 0.24498327, 0.1993063 , 0.33790737,
       0.28492098, 0.33961495, 0.29295385, 0.18157811, 0.22283152,
       0.24522413, 0.17997431, 0.29719898, 0.1700507 , 0.2029152 ,
       0.1849296 , 0.33728747, 0.20545408, 0.26003541, 0.22690893,
       0.23733315, 0.15949678, 0.1610886 , 0.14586352, 0.27361098,
       0.27166441, 0.26902866, 0.2452212 , 0.22261442, 0.27543338,
       0.25470759, 0.34114732, 0.21933336, 0.26453507, 0.32789128,
       0.21619942, 0.12745503, 0.23623608, 0.18380278, 0.0767353 ,
       0.26840385, 0.3216326 , 0.22447408, 0.09569273, 0.23518702,
       0.21336443, 0.15991273, 0.20663214, 0.1040969 , 0.24030635]), 'delta_distances': array([0., 0., 0., 0., 0., 0., 0., 0., 0., 0., 0., 0., 0., 0., 0., 0., 0.,
       0., 0., 0., 0., 0., 0., 0., 0., 0., 0., 0., 0., 0., 0., 0., 0., 0.,
       0., 0., 0., 0., 0., 0., 0., 0., 0., 0., 0., 0., 0., 0., 0., 0., 0.,
       0., 0., 0., 0., 0., 0., 0., 0., 0., 0., 0., 0., 0., 0., 0., 0., 0.,
       0., 0., 0., 0., 0., 0., 0., 0., 0., 0., 0., 0., 0., 0., 0., 0., 0.,
       0., 0., 0., 0., 0., 0., 0., 0., 0., 0., 0., 0., 0., 0., 0., 0., 0.,
       0., 0., 0., 0., 0., 0., 0., 0., 0., 0., 0., 0., 0., 0., 0., 0., 0.,
       0., 0., 0., 0., 0., 0., 0., 0., 0., 0., 0., 0., 0., 0., 0., 0., 0.,
       0., 0., 0., 0., 0., 0., 0., 0., 0., 0., 0., 0., 0., 0., 0., 0., 0.,
       0., 0., 0., 0., 0., 0., 0., 0., 0., 0., 0., 0.]), 'locations': array([ 40, 168, 195, 151, 149,  68, 135, 187, 148, 166, 184, 184, 165,
       190,  57, 174, 188, 185,  30, 153, 153, 186, 189,  68, 190, 182,
       129, 162,  27, 141, 188,  82, 165, 114, 168, 148, 169, 126, 213,
       159, 152,  42, 192, 180, 142,  87,  20, 165,  68, 183, 159, 179,
       182, 140, 126, 144, 134,  80, 156, 203, 189, 140, 103, 181, 139,
       158, 183,  38, 162, 170, 179, 219, 186, 150, 158, 187, 139, 171,
       208, 156, 187,  97, 188, 157, 186,  33, 201,  93, 184,  65,  56,
       206, 208, 202, 184,  58, 187, 209,  76, 120, 172, 174,  74, 183,
        14, 144,   2, 172, 191, 120, 154, 179, 195, 212,  11, 213, 182,
        14, 178, 196, 163, 102, 206, 164, 158, 153, 142, 104, 162, 158,
       181, 208, 147,  80,  45,  64, 159, 180, 164, 220, 205, 132,  55,
       176, 155, 154, 196, 153, 181,  94, 141, 178,  81, 178, 178, 139,
       108,  64, 189, 146, 179, 169, 103, 175, 178])}, {'ts_index': 168, 'loc': 5, 'gap': 0.058991348000537513, 'distances': array([0.59865427, 0.72593448, 0.54008884, 0.7167374 , 0.70371473,
       0.63460495, 0.27768165, 0.78681797, 0.69818446, 0.62956788,
       0.63592782, 0.49057875, 0.69508496, 0.40961476, 0.75036372,
       0.63329734, 0.79956126, 0.66673261, 0.7281346 , 0.74335276,
       0.7919143 , 0.55607486, 0.78647525, 0.71168949, 0.76283321,
       0.41145438, 0.76043361, 0.65311412, 0.53216135, 0.6903494 ,
       0.79358858, 0.66829773, 0.56386368, 0.68165601, 0.52185456,
       0.44445962, 0.70324952, 0.77693188, 0.78275574, 0.45269378,
       0.83479979, 0.6588495 , 0.63014201, 0.8857398 , 0.45470705,
       0.6075125 , 0.59286471, 0.60727482, 0.67031175, 0.54041198,
       0.64569825, 0.61663518, 0.69292166, 0.74714379, 0.7808358 ,
       0.63595084, 0.83741979, 0.77707224, 0.62834929, 0.87224045,
       0.85149469, 0.55201507, 0.57125213, 0.71372981, 0.71144715,
       0.96110015, 0.75573425, 0.4303811 , 0.74440465, 0.4873017 ,
       0.61043982, 0.40253828, 0.90249557, 0.60836497, 0.69685974,
       0.73965996, 0.5241893 , 0.67640542, 0.49548981, 0.53749252,
       0.69571004, 0.78459933, 0.82612872, 0.7409313 , 0.79878331,
       0.64345221, 0.35766216, 0.59610292, 0.70361795, 0.77940907,
       0.68098222, 0.72659155, 0.53833104, 0.7738883 , 0.62806666,
       0.73494336, 0.7698856 , 0.7781885 , 0.69658409, 0.56181927,
       0.68569806, 0.67573783, 0.48554006, 0.66930086, 0.58125793,
       0.79573859, 0.67369921, 0.66914739, 0.70912715, 0.68350077,
       0.72493217, 0.73705597, 0.72024563, 0.50245705, 0.57028254,
       0.        , 0.56612962, 0.79222108, 0.75844124, 0.62703472,
       0.72548296, 0.4860281 , 0.67201962, 0.76441486, 0.81725944,
       0.56785396, 0.71351606, 0.62378984, 0.67673203, 0.7688502 ,
       0.55002817, 0.65290724, 0.76032264, 0.69277721, 0.76680386,
       0.48324   ]), 'delta_distances': array([0., 0., 0., 0., 0., 0., 0., 0., 0., 0., 0., 0., 0., 0., 0., 0., 0.,
       0., 0., 0., 0., 0., 0., 0., 0., 0., 0., 0., 0., 0., 0., 0., 0., 0.,
       0., 0., 0., 0., 0., 0., 0., 0., 0., 0., 0., 0., 0., 0., 0., 0., 0.,
       0., 0., 0., 0., 0., 0., 0., 0., 0., 0., 0., 0., 0., 0., 0., 0., 0.,
       0., 0., 0., 0., 0., 0., 0., 0., 0., 0., 0., 0., 0., 0., 0., 0., 0.,
       0., 0., 0., 0., 0., 0., 0., 0., 0., 0., 0., 0., 0., 0., 0., 0., 0.,
       0., 0., 0., 0., 0., 0., 0., 0., 0., 0., 0., 0., 0., 0., 0., 0., 0.,
       0., 0., 0., 0., 0., 0., 0., 0., 0., 0., 0., 0., 0., 0., 0., 0., 0.]), 'locations': array([ 58,  39,  80,  99,  13, 122,  75, 125,  39,  11,  52,  27,  68,
        48, 143,  39,  40,  59, 137, 114,  21,  27,  15,  43,  41,  83,
        30,  12,   1,  71,  89, 125,  57,  14,  49,  25,  34,  87,  73,
       105,  17,  14, 106, 117,  94,  81,  30,  20,  70, 103,  60,  60,
        79, 112,  42, 110, 117,   0, 118, 102,  21, 113,  61,  72,  46,
         5,  12,   9, 118,  75,  43,  37,  15,  79,  16,  79, 104,  17,
        37,  21,  38,  81,  50,  31,  47,  68,  15,  99,  91, 143,  57,
        71,  13,  53,  55,  39,  44, 110,  98,  53,  86,   6,  93,  84,
        23,  81,  71, 130,  94,  99,  76, 109,  23,  21,  88,   5,  24,
        92,   6, 122, 102,   4,  33, 112, 141,  82,  84,  11,  99,  98,
        36,  41,  50, 132,  23,  97])}, {'ts_index': 46, 'loc': 50, 'gap': 0.047592334771402234, 'distances': array([0.70932426, 0.6809294 , 0.37128839, 0.71839133, 0.69583221,
       0.64492969, 0.70244374, 0.65993428, 0.6184804 , 0.61741092,
       0.53026037, 0.72744986, 0.56362793, 0.68635447, 0.65272111,
       0.68090873, 0.67208692, 0.67243623, 0.6388651 , 0.43303421,
       0.59086029, 0.74251245, 0.5488537 , 0.66269146, 0.67952272,
       0.62846816, 0.        , 0.74830451, 0.68199274, 0.61746733,
       0.68119444, 0.66973768, 0.63612812, 0.51240065, 0.71010833,
       0.39402147, 0.74546907, 0.72848881, 0.41440231, 0.72882437,
       0.69854746, 0.73018751, 0.73367672, 0.63967359, 0.74956799,
       0.59870232, 0.71221294, 0.58686911, 0.77523482, 0.71349782,
       0.75258134, 0.57333363, 0.71332688, 0.65253927, 0.70478922,
       0.63255112, 0.49018978, 0.5398772 , 0.72080304, 0.70137261,
       0.62884851, 0.7126485 , 0.70987405, 0.59159265, 0.48600477,
       0.69383711, 0.71289121, 0.72554829, 0.31622639, 0.58050123,
       0.71271329, 0.68574092, 0.47734965, 0.67593968, 0.67382754,
       0.67498488, 0.63078528, 0.6529159 , 0.56835736, 0.71626632,
       0.68506137, 0.67619502, 0.67679105, 0.68128398, 0.64045882,
       0.71669037, 0.4303265 , 0.61155423, 0.66940521, 0.66673977,
       0.58459527, 0.72223703, 0.73739855, 0.63762186, 0.58619558,
       0.72063892, 0.55858379, 0.58122601, 0.51033744, 0.55211126,
       0.43594056, 0.67349125, 0.64570063, 0.57978334, 0.70552731,
       0.48586535, 0.65713534, 0.67432802, 0.62708974, 0.70239597,
       0.57254618, 0.71900557]), 'delta_distances': array([0., 0., 0., 0., 0., 0., 0., 0., 0., 0., 0., 0., 0., 0., 0., 0., 0.,
       0., 0., 0., 0., 0., 0., 0., 0., 0., 0., 0., 0., 0., 0., 0., 0., 0.,
       0., 0., 0., 0., 0., 0., 0., 0., 0., 0., 0., 0., 0., 0., 0., 0., 0.,
       0., 0., 0., 0., 0., 0., 0., 0., 0., 0., 0., 0., 0., 0., 0., 0., 0.,
       0., 0., 0., 0., 0., 0., 0., 0., 0., 0., 0., 0., 0., 0., 0., 0., 0.,
       0., 0., 0., 0., 0., 0., 0., 0., 0., 0., 0., 0., 0., 0., 0., 0., 0.,
       0., 0., 0., 0., 0., 0., 0., 0., 0., 0.]), 'locations': array([158,  84,  79, 178,  11,  41, 187, 160, 174, 165,  98, 169, 177,
       117,  12,  60, 149, 166, 117,  99,  36, 121, 120, 163,  16,  32,
        50, 126, 143,  50, 156, 123, 139,  64,   0,  59, 208, 180,  47,
       177, 163,  26, 196, 173,   3,  41, 167,  83,  53,  83, 154, 103,
       143, 123, 165,  64,  28, 124, 179, 163, 135, 197, 134,  92,  49,
       153, 111, 133,  52, 165,  61,  83,  47,  24, 124, 123, 174, 112,
        85, 149, 126, 138, 132,  62,  93,  12,  23,   5,   5,   2, 183,
        19, 107, 165, 110,  24, 137,  29,  55, 161,  64, 169, 148, 127,
       135,  89,  40,  95, 167, 139,   2, 159])}, {'ts_index': 35, 'loc': 76, 'gap': 0.04868673743104657, 'distances': array([0.69745254, 0.89151227, 0.74845766, 0.97349637, 0.90714237,
       0.71952572, 0.94418222, 0.88535739, 0.57071403, 0.72237386,
       0.68593088, 0.91625282, 0.61858826, 0.79513389, 0.88600353,
       1.05488973, 1.00377361, 0.        , 0.97985881, 0.73175091,
       1.0448037 , 0.92484828, 0.88322229, 0.98038133, 0.88452627,
       0.96471168, 1.02169983, 1.02959516, 0.69504904, 0.60585485,
       0.81431804, 0.77281816, 1.02410087, 0.72108917, 0.90295523,
       0.8212247 , 0.90339956, 0.85632293, 0.89460644, 0.90546691,
       0.80578871, 0.72487553, 0.86710553, 0.86977409, 0.87436294,
       0.87995415, 0.80218286, 0.98267643, 0.89136668, 0.86852857,
       0.84783365, 0.87930192, 0.81729248, 1.0028376 , 0.88143443,
       0.81564415, 0.9474722 , 0.92810491, 0.8132693 , 0.8098362 ,
       0.86441657, 0.89506196, 1.00039367, 1.02640957, 0.85056484,
       0.83661916, 0.8006951 , 0.67701157, 0.74830823, 0.67798599,
       0.82335115, 0.8330756 , 0.74972751, 0.83391092, 0.98083371,
       1.02107283, 0.99261628, 0.87852046, 0.74838102, 0.54287281,
       0.68838327, 0.75557523, 1.02589276, 0.8663224 , 0.878008  ,
       0.78658039, 0.87644504, 0.94437711, 0.91367966, 0.83952479,
       0.64871952, 0.58048295]), 'delta_distances': array([0., 0., 0., 0., 0., 0., 0., 0., 0., 0., 0., 0., 0., 0., 0., 0., 0.,
       0., 0., 0., 0., 0., 0., 0., 0., 0., 0., 0., 0., 0., 0., 0., 0., 0.,
       0., 0., 0., 0., 0., 0., 0., 0., 0., 0., 0., 0., 0., 0., 0., 0., 0.,
       0., 0., 0., 0., 0., 0., 0., 0., 0., 0., 0., 0., 0., 0., 0., 0., 0.,
       0., 0., 0., 0., 0., 0., 0., 0., 0., 0., 0., 0., 0., 0., 0., 0., 0.,
       0., 0., 0., 0., 0., 0., 0.]), 'locations': array([ 63,  28,  34, 118, 130,  44,  50,  47,  73,   3,  64, 142,  89,
         0,  57,  11,   0,  76,  76, 109, 115,   7,  39,  90,  34,  15,
        60, 122,  24,  25,  20,  20,  84, 117,   8, 129,  73,   4, 117,
        71,  14, 118,  66,  17,   9,  22,  17,   1,  32,  20,  19,  21,
        28,  55,   0,  62, 104,  96,  96,  82,   4,  31,  53,  44, 104,
        59,  58,  82,  11, 104,  15, 115,  71,  99, 104,  76, 130,   3,
        17,   6, 101,  96, 110,  70,  67,  43, 121,  41,  56,  33, 137,
        28])}, {'ts_index': 55, 'loc': 63, 'gap': 0.04654372257036987, 'distances': array([0.49103393, 0.5644338 , 0.53711712, 0.57769937, 0.        ,
       0.38564551, 0.51431857, 0.49623761, 0.405334  , 0.45644088,
       0.46387787, 0.58878182, 0.52282733, 0.19229458, 0.46112345,
       0.4183034 ]), 'delta_distances': array([0., 0., 0., 0., 0., 0., 0., 0., 0., 0., 0., 0., 0., 0., 0., 0.]), 'locations': array([ 92,  89, 197,   3,  63, 125,  33,  19, 142, 161,  85, 176,  73,
       143,  35,  72])}, {'ts_index': 161, 'loc': 125, 'gap': 0.04422802168739243, 'distances': array([0.34458045, 0.40632613, 0.35948016, 0.21784051, 0.23653263,
       0.41378399, 0.28931259, 0.38790205, 0.27693021, 0.46840039,
       0.        , 0.26198489]), 'delta_distances': array([0., 0., 0., 0., 0., 0., 0., 0., 0., 0., 0., 0.]), 'locations': array([ 15,  25,  61,  96, 117,  74,  23,  29,   5, 101, 125,  98])}, {'ts_index': 27, 'loc': 177, 'gap': 0.05560473981291442, 'distances': array([0.        , 0.31621052, 0.40450046, 0.45601384, 0.30974243,
       0.43931829]), 'delta_distances': array([0., 0., 0., 0., 0., 0.]), 'locations': array([177, 100, 182, 231, 175,  70])}], 'clusters': array([5, 2, 5, 3, 4, 5, 5, 3, 5, 1, 1, 1, 5, 5, 5, 3, 5, 3, 4, 1, 5, 4,
       5, 5, 5, 5, 5, 8, 1, 4, 8, 1, 3, 2, 1, 5, 1, 2, 2, 4, 3, 0, 2, 5,
       1, 7, 4, 1, 5, 3, 2, 3, 1, 2, 5, 6, 1, 1, 2, 5, 1, 3, 5, 2, 6, 1,
       4, 7, 3, 4, 2, 2, 5, 5, 4, 2, 3, 5, 5, 0, 5, 2, 5, 2, 5, 5, 5, 2,
       5, 5, 5, 5, 1, 1, 5, 5, 2, 1, 5, 5, 1, 2, 5, 3, 4, 1, 1, 3, 1, 4,
       3, 2, 6, 5, 5, 1, 5, 3, 5, 3, 3, 1, 5, 4, 2, 1, 7, 5, 2, 5, 1, 4,
       1, 3, 5, 2, 5, 5, 4, 5, 3, 5, 5, 8, 7, 5, 5, 5, 1, 5, 1, 5, 3, 5,
       5, 5, 4, 5, 5, 0, 6, 7, 5, 3, 5, 2, 2, 2, 3, 5, 5, 4, 5, 4, 3, 4,
       4, 7, 1, 5, 5, 1, 2, 5, 1, 1, 1, 4, 2, 5, 5, 1, 5, 2, 5, 5, 2, 5,
       2, 3]), 'time': 694.5023412704468}
lenSubsequence: 15{'RI': 0.628643216080402, 'num_clusters': 6, 'uShapelets': [{'ts_index': 183, 'loc': 29, 'gap': 0.04280845561591584, 'distances': array([1.4308874 , 1.62707671, 1.66759622, 1.57599497, 1.49978107,
       1.54967066, 1.47737731, 1.12610393, 1.6650216 , 1.54335806,
       1.07569191, 1.06071719, 1.30529004, 1.50560824, 1.48714057,
       1.39071472, 1.46996568, 1.37364576, 1.49282871, 0.95261701,
       1.52996206, 1.56409746, 1.57714042, 1.46465854, 1.39709397,
       1.69599991, 1.50413689, 1.63883992, 1.25837382, 1.32987394,
       1.69791906, 1.16306418, 1.41460915, 1.5301536 , 1.36828806,
       1.27884083, 1.46509541, 1.59995654, 1.64765121, 1.61777261,
       1.54648135, 1.63775357, 1.64469576, 1.60515338, 0.96017753,
       1.7099383 , 1.63023712, 1.51568362, 1.63073179, 1.52764017,
       1.45175957, 1.53324168, 1.24704036, 1.43544747, 1.26221341,
       1.62997067, 1.34311943, 1.10281446, 1.63824941, 1.721184  ,
       1.49603789, 1.58748207, 1.70002255, 1.67781932, 1.56540062,
       1.57065526, 1.5813006 , 1.70304599, 1.40272767, 1.53879736,
       1.69660562, 1.6173093 , 1.44691415, 1.38919038, 1.49321254,
       1.54981079, 1.36426172, 1.58902796, 1.46543005, 1.59450925,
       1.33391744, 1.40333464, 1.66247932, 1.6132109 , 1.60140793,
       1.56297353, 1.69214852, 1.60720724, 1.54410715, 1.44944998,
       1.53250332, 1.32808457, 1.37148703, 1.128509  , 1.60928684,
       1.64924777, 1.34566211, 1.38618979, 1.48444317, 1.4583333 ,
       1.30217683, 1.57443279, 1.44951832, 1.39505332, 1.55094948,
       1.4924761 , 1.17314418, 1.54101154, 1.30001475, 1.36765606,
       1.3831377 , 1.553     , 1.51757198, 1.47316315, 1.47615274,
       1.61818372, 1.60369334, 1.61050841, 1.68042077, 1.32938534,
       1.39505809, 1.31569766, 1.59076524, 1.4450539 , 1.50711144,
       1.18503744, 1.65145402, 1.64644665, 1.50966248, 1.62937152,
       1.52124759, 1.52913063, 1.53983828, 1.45338343, 1.48068369,
       1.49379251, 1.53567728, 1.59527147, 1.6615229 , 1.55466736,
       1.55097074, 1.6545694 , 1.48676779, 1.64458296, 1.55030658,
       1.31286471, 1.46392829, 1.25039489, 1.09173576, 1.25326152,
       1.44842283, 1.5392355 , 1.42606728, 1.52577803, 1.58823823,
       1.67854486, 1.53474489, 1.51356661, 1.67453292, 1.63803021,
       1.51594578, 1.62695453, 1.53788951, 1.55205955, 1.389193  ,
       1.73143524, 1.6809314 , 1.45995046, 1.58232875, 1.58906702,
       1.38826867, 1.54790027, 1.2687333 , 1.44115676, 1.34986433,
       1.70193281, 1.6660731 , 1.6633369 , 1.21455013, 1.58050764,
       1.58081995, 1.13418648, 1.29863444, 0.        , 1.27024826,
       1.27322876, 1.06650919, 1.65815258, 1.32980011, 1.58462314,
       1.56074115, 1.44379351, 1.60712181, 1.38469083, 1.62914952,
       1.4925105 , 1.62540454, 1.25825121, 1.61808822, 1.61872445]), 'delta_distances': array([0., 0., 0., 0., 0., 0., 0., 0., 0., 0., 0., 0., 0., 0., 0., 0., 0.,
       0., 0., 0., 0., 0., 0., 0., 0., 0., 0., 0., 0., 0., 0., 0., 0., 0.,
       0., 0., 0., 0., 0., 0., 0., 0., 0., 0., 0., 0., 0., 0., 0., 0., 0.,
       0., 0., 0., 0., 0., 0., 0., 0., 0., 0., 0., 0., 0., 0., 0., 0., 0.,
       0., 0., 0., 0., 0., 0., 0., 0., 0., 0., 0., 0., 0., 0., 0., 0., 0.,
       0., 0., 0., 0., 0., 0., 0., 0., 0., 0., 0., 0., 0., 0., 0., 0., 0.,
       0., 0., 0., 0., 0., 0., 0., 0., 0., 0., 0., 0., 0., 0., 0., 0., 0.,
       0., 0., 0., 0., 0., 0., 0., 0., 0., 0., 0., 0., 0., 0., 0., 0., 0.,
       0., 0., 0., 0., 0., 0., 0., 0., 0., 0., 0., 0., 0., 0., 0., 0., 0.,
       0., 0., 0., 0., 0., 0., 0., 0., 0., 0., 0., 0., 0., 0., 0., 0., 0.,
       0., 0., 0., 0., 0., 0., 0., 0., 0., 0., 0., 0., 0., 0., 0., 0., 0.,
       0., 0., 0., 0., 0., 0., 0., 0., 0., 0., 0., 0., 0.]), 'locations': array([ 60,  69,  25, 123,  66,  31,  95,  84, 127, 101,   8,  53,  41,
        13, 104,  29,  54,  50, 114,  97,   0,  55,  61,  94,  86,  23,
        29,  61,  87,  90,  14,  53, 110,  99, 110,  73,  37, 101,  68,
        14,   3,  73, 103,  98,  14, 151,  59, 113,   4,  25,  87,  14,
        18, 145,   5,  29,  13,  90,  32, 134,  65, 107,  12, 111,  16,
         3, 135, 119,  96,  83, 119,  71,  21,  22,  72, 123,  94,  62,
        48,  81, 103, 119,  16,  98, 112,  70,  27, 151, 104,  68,  11,
       115,  20,  96,  63,  57, 141, 152,  35,  19,  77, 115, 124,  11,
        68, 101,  42,  25,  30,  60,  39,  34,  17,  18,  37,  35,  16,
       148,  19,  39,  23,  10,  40,  54,   3, 112,  90,  33, 115,  86,
        14, 103,  13,   7, 101, 124,  33,  93,  59,  79,  15,  18,  19,
        41,  49, 101,  36,  55,  85,  79,  62,   8,  95,  86,  12, 112,
        95, 132, 141, 147, 116,  42,   0,  58,  14,  97, 112, 114,   7,
         3,  71,   0,  74, 104,  44,  35, 133,  48,  47,  67,  86,  57,
       118,  29,  61,  42,  46, 145, 124, 100,  38,  86, 117, 144,  10,
       103, 116,  25,  86,  99])}, {'ts_index': 198, 'loc': 179, 'gap': 0.04559690360227267, 'distances': array([0.29043075, 0.11614416, 0.25255129, 0.18636817, 0.21159435,
       0.27491044, 0.23486649, 0.22293377, 0.31445766, 0.24486061,
       0.21968641, 0.26597753, 0.26780237, 0.28694298, 0.1591299 ,
       0.2404379 , 0.28347161, 0.24956479, 0.18569985, 0.20234393,
       0.24365915, 0.25627675, 0.29684122, 0.2637163 , 0.18150783,
       0.17219086, 0.24334226, 0.22298711, 0.18432957, 0.11710886,
       0.25576103, 0.31627355, 0.2837128 , 0.14114448, 0.25040071,
       0.23046104, 0.17165344, 0.25206843, 0.24163119, 0.29866622,
       0.1419925 , 0.18998625, 0.13112745, 0.18356977, 0.26234184,
       0.15212444, 0.28652493, 0.21698498, 0.19814803, 0.26942306,
       0.13075524, 0.30355274, 0.22431288, 0.18851074, 0.17854322,
       0.22288465, 0.22200853, 0.16241977, 0.18041924, 0.30163968,
       0.2783891 , 0.25030537, 0.0806005 , 0.19730742, 0.29701977,
       0.27892028, 0.2595489 , 0.23736661, 0.11332686, 0.29453445,
       0.17326149, 0.20771454, 0.28801266, 0.24793217, 0.15285286,
       0.21170031, 0.18857747, 0.28762195, 0.11567091, 0.25093739,
       0.30179623, 0.12398579, 0.15616864, 0.27096556, 0.31904562,
       0.13065347, 0.25358242, 0.21909963, 0.24424379, 0.28693273,
       0.25948706, 0.32983597, 0.27634256, 0.11899122, 0.23353396,
       0.24765212, 0.28210279, 0.20382643, 0.26906004, 0.23651933,
       0.27800538, 0.30505819, 0.24839165, 0.29836186, 0.15426538,
       0.24728784, 0.26472991, 0.11902515, 0.32684875, 0.13955206,
       0.21367746, 0.26058383, 0.33420801, 0.22919018, 0.12471986,
       0.25220145, 0.17876588, 0.21171418, 0.26962414, 0.25856159,
       0.29812279, 0.2642992 , 0.28277515, 0.25513259, 0.28308468,
       0.2195393 , 0.25496953, 0.12309945, 0.23227556, 0.22378457,
       0.23604267, 0.27823695, 0.15626458, 0.1721747 , 0.13883699,
       0.28530195, 0.21169976, 0.28602202, 0.23408092, 0.22669999,
       0.15369194, 0.16216857, 0.18934303, 0.24401156, 0.22963871,
       0.23723697, 0.29169493, 0.24028812, 0.23562518, 0.30150609,
       0.21219372, 0.227408  , 0.31419273, 0.20948264, 0.18074429,
       0.23012297, 0.28702564, 0.28115098, 0.23156821, 0.12962906,
       0.24643706, 0.17129111, 0.14478803, 0.        , 0.20142307]), 'delta_distances': array([0., 0., 0., 0., 0., 0., 0., 0., 0., 0., 0., 0., 0., 0., 0., 0., 0.,
       0., 0., 0., 0., 0., 0., 0., 0., 0., 0., 0., 0., 0., 0., 0., 0., 0.,
       0., 0., 0., 0., 0., 0., 0., 0., 0., 0., 0., 0., 0., 0., 0., 0., 0.,
       0., 0., 0., 0., 0., 0., 0., 0., 0., 0., 0., 0., 0., 0., 0., 0., 0.,
       0., 0., 0., 0., 0., 0., 0., 0., 0., 0., 0., 0., 0., 0., 0., 0., 0.,
       0., 0., 0., 0., 0., 0., 0., 0., 0., 0., 0., 0., 0., 0., 0., 0., 0.,
       0., 0., 0., 0., 0., 0., 0., 0., 0., 0., 0., 0., 0., 0., 0., 0., 0.,
       0., 0., 0., 0., 0., 0., 0., 0., 0., 0., 0., 0., 0., 0., 0., 0., 0.,
       0., 0., 0., 0., 0., 0., 0., 0., 0., 0., 0., 0., 0., 0., 0., 0., 0.,
       0., 0., 0., 0., 0., 0., 0., 0., 0., 0., 0., 0.]), 'locations': array([216, 165, 164, 148, 146, 211, 157, 144, 170, 184, 180, 133, 186,
        57, 178, 186, 181, 178, 191, 155, 203, 189, 257, 180, 125, 140,
       206, 189, 167, 185,  79, 241, 111, 175, 147, 167, 129, 160, 159,
       205, 150,  41, 188, 164, 176,  88, 159,  51, 163, 185, 184, 157,
       169, 182, 180, 199, 156, 137, 134, 234, 185, 200, 189, 179, 226,
       182, 200, 156, 182, 176, 162, 179, 180, 215, 192, 188, 153, 183,
       160, 172, 204, 157, 195, 258, 197, 188, 153, 183, 193, 130, 200,
       257, 252,  67,  56, 206, 245, 200, 202, 186, 137, 205,  71, 201,
       171, 175,  73, 183, 172, 182, 150, 226, 187, 170, 192, 137, 154,
       180, 195, 208, 204, 210, 230, 142,  75, 172, 202, 145, 154, 153,
       138, 218, 158, 156, 161, 204, 182, 146, 180,  67, 157, 156, 193,
       216, 181, 145, 190, 151, 154, 197, 152, 175, 208, 143, 174, 197,
       258,  56,  66, 189, 169, 185, 167, 179, 178])}, {'ts_index': 117, 'loc': 54, 'gap': 0.04165032328283558, 'distances': array([0.34618331, 0.59705706, 0.58801366, 0.60663337, 0.38729553,
       0.41651753, 0.57566812, 0.50218642, 0.59068297, 0.5670384 ,
       0.53568098, 0.55405058, 0.56606512, 0.57976797, 0.58693582,
       0.5236714 , 0.6412861 , 0.51383519, 0.5535275 , 0.5138399 ,
       0.5239199 , 0.60951597, 0.43687806, 0.36750337, 0.58266494,
       0.63932648, 0.29914322, 0.50743237, 0.47939207, 0.59824402,
       0.42580243, 0.66764092, 0.58363199, 0.47084689, 0.58294565,
       0.57296194, 0.52565105, 0.53630036, 0.37106306, 0.5542101 ,
       0.3962388 , 0.61915938, 0.4236051 , 0.51010543, 0.54536312,
       0.56919288, 0.50442138, 0.55490254, 0.61098295, 0.40910751,
       0.51740706, 0.58512063, 0.48279296, 0.51216263, 0.55440668,
       0.54005576, 0.47378641, 0.33893742, 0.50730636, 0.55135473,
       0.60735478, 0.49941223, 0.49731368, 0.60459963, 0.52378485,
       0.51388246, 0.61664671, 0.56704879, 0.63244461, 0.50851301,
       0.61522477, 0.51554937, 0.42623357, 0.54932038, 0.45919385,
       0.54305815, 0.59753766, 0.60523801, 0.48642975, 0.56314948,
       0.41855147, 0.53749634, 0.        , 0.49345383, 0.38386624,
       0.58371868, 0.49790492, 0.44797966, 0.53992608, 0.59322673,
       0.66511373, 0.63001719, 0.51785506, 0.59977689, 0.40752077,
       0.59052444, 0.53748322, 0.52939601, 0.67842095, 0.43894036,
       0.53123359, 0.34147945, 0.65153214, 0.66301755, 0.51552589,
       0.53818819, 0.6647563 , 0.50940304, 0.57133215, 0.53411985,
       0.63408532, 0.45778173, 0.48714394, 0.49112545, 0.54372019,
       0.50957399, 0.60351874, 0.6103048 , 0.6093211 , 0.43944317,
       0.56776537, 0.57802511, 0.42236636, 0.62785245, 0.4233551 ,
       0.58776391, 0.50248325, 0.47763087, 0.52860036, 0.38194528,
       0.35750201, 0.52908437, 0.38392254, 0.49640153, 0.58161021,
       0.57582015]), 'delta_distances': array([0., 0., 0., 0., 0., 0., 0., 0., 0., 0., 0., 0., 0., 0., 0., 0., 0.,
       0., 0., 0., 0., 0., 0., 0., 0., 0., 0., 0., 0., 0., 0., 0., 0., 0.,
       0., 0., 0., 0., 0., 0., 0., 0., 0., 0., 0., 0., 0., 0., 0., 0., 0.,
       0., 0., 0., 0., 0., 0., 0., 0., 0., 0., 0., 0., 0., 0., 0., 0., 0.,
       0., 0., 0., 0., 0., 0., 0., 0., 0., 0., 0., 0., 0., 0., 0., 0., 0.,
       0., 0., 0., 0., 0., 0., 0., 0., 0., 0., 0., 0., 0., 0., 0., 0., 0.,
       0., 0., 0., 0., 0., 0., 0., 0., 0., 0., 0., 0., 0., 0., 0., 0., 0.,
       0., 0., 0., 0., 0., 0., 0., 0., 0., 0., 0., 0., 0., 0., 0., 0., 0.]), 'locations': array([122, 110,  11,  15,  67,  44,  18, 111, 160, 163, 139,  35, 130,
       159, 117, 121,  58,  34, 129, 156, 165,  88,  25,   8, 164, 140,
        44, 150, 122, 120,  54,  22,  40, 134, 127, 161,  74,  60,  89,
       162, 112,  68, 156, 122,  52,  54,  43,  62,  20,  26, 124,  80,
       153,  44, 102,  97,  25,  19, 114,  86,  78,  25, 130,  27,  42,
        82, 112, 163,  58,  37,  78, 113,  51, 148,  10, 157, 141, 139,
       153,  73,  86, 133,  54, 155, 126, 112,   6, 158,  82, 141,  40,
       163, 136, 145,  41,  28,  14, 130,  67, 129, 141, 101, 149, 153,
       138, 154, 161,  46,  13,   3,  41, 140,  20, 110, 157, 165,  39,
       105, 112,  52, 127, 194,  74, 151,  44,  69,  18,  18,  64,  62,
       117, 129, 176,  62,  80,  30])}, {'ts_index': 24, 'loc': 107, 'gap': 0.0331594246048979, 'distances': array([0.31710043, 0.27228438, 0.40419104, 0.33249537, 0.32382678,
       0.40855822, 0.26670051, 0.37136531, 0.40680417, 0.45577582,
       0.34378834, 0.38711446, 0.35803508, 0.48446597, 0.        ,
       0.34594105, 0.30164443, 0.30834412, 0.37208898, 0.60593113,
       0.3785258 , 0.34661502, 0.40941414, 0.2598616 , 0.31381299,
       0.41056616, 0.35250988, 0.35355792, 0.27384559, 0.34965485,
       0.29740129, 0.31070345, 0.48384224, 0.40653538, 0.35514313,
       0.38105578, 0.41984919, 0.46633268, 0.40136652, 0.31112383,
       0.4133094 , 0.33234326, 0.42526745, 0.27289133, 0.38027494,
       0.40194813, 0.38390147, 0.30835315, 0.28542024, 0.44074145,
       0.39924355, 0.47209253, 0.33699137, 0.43538845, 0.32050756,
       0.40284409, 0.42771909, 0.58465534, 0.46411015, 0.35602674,
       0.41298327, 0.26998545, 0.37390767, 0.34000485, 0.34347745,
       0.4944665 , 0.39170512, 0.36873558, 0.283109  , 0.3226468 ,
       0.45684525, 0.35109621, 0.29285388, 0.30503976, 0.39386827,
       0.35058391, 0.37240624, 0.35593072, 0.29531383, 0.31037158,
       0.29302254, 0.28353905, 0.39747622, 0.29272945, 0.37087368,
       0.406643  , 0.34577936, 0.51922632, 0.38650193, 0.25276882,
       0.50165523, 0.40573692, 0.45821648, 0.33404755, 0.34851456,
       0.33543776, 0.35133761, 0.37494634, 0.34993786, 0.34771861,
       0.33764684, 0.48680444, 0.3205382 , 0.2831341 , 0.35312026,
       0.29352819, 0.21102991, 0.34380059, 0.29977182, 0.31946082,
       0.41360171]), 'delta_distances': array([0., 0., 0., 0., 0., 0., 0., 0., 0., 0., 0., 0., 0., 0., 0., 0., 0.,
       0., 0., 0., 0., 0., 0., 0., 0., 0., 0., 0., 0., 0., 0., 0., 0., 0.,
       0., 0., 0., 0., 0., 0., 0., 0., 0., 0., 0., 0., 0., 0., 0., 0., 0.,
       0., 0., 0., 0., 0., 0., 0., 0., 0., 0., 0., 0., 0., 0., 0., 0., 0.,
       0., 0., 0., 0., 0., 0., 0., 0., 0., 0., 0., 0., 0., 0., 0., 0., 0.,
       0., 0., 0., 0., 0., 0., 0., 0., 0., 0., 0., 0., 0., 0., 0., 0., 0.,
       0., 0., 0., 0., 0., 0., 0., 0., 0.]), 'locations': array([ 27,  84, 147,  88,  49,  55,  20,  46,  80,  97,  29,  33,  14,
       110, 107,  12,  40,  41,   5, 136,  20,  24,  57,  81, 116,  95,
        58,  23,  59,   0, 103,  39, 137,   4,  72, 116, 102, 141, 113,
         5,  11,  64, 112,   3,  30,  73,   6, 116, 103, 123,   3, 143,
        78,  43,  55,  15,  45,  77,   4,   2,  78, 100,  24,  29,   0,
        54,   2,  27,  27,  42,  75,  19,  42,  67,  57,  24,  35, 118,
       114,  74,  61,  37,  81,  24,  12,  32,  29,  93,   1,  75, 117,
        85,  73,  93,  34,  42,  53, 139,  48,  12,  55, 122,  58, 137,
        75,  58,  93,  48,  44, 126,  91])}, {'ts_index': 76, 'loc': 156, 'gap': 0.036588338492649364, 'distances': array([0.34544932, 0.32669862, 0.49276186, 0.35014134, 0.33435877,
       0.3396404 , 0.        , 0.39638448, 0.31305622, 0.32995787,
       0.26998423, 0.47506018, 0.52459192, 0.44753852, 0.40651939,
       0.34666171, 0.38621821, 0.37583532, 0.3799943 ]), 'delta_distances': array([0., 0., 0., 0., 0., 0., 0., 0., 0., 0., 0., 0., 0., 0., 0., 0., 0.,
       0., 0.]), 'locations': array([ 40, 157, 132, 164, 109, 146, 156, 128, 154,  69,  45,  84, 158,
         5,  63,  68, 119,  28, 123])}, {'ts_index': 34, 'loc': 1, 'gap': 0.08417004776006975, 'distances': array([0.        , 0.86751349, 0.76931242, 0.68514237]), 'delta_distances': array([0., 0., 0., 0.]), 'locations': array([  1,  63, 137,  85])}], 'clusters': array([3, 2, 4, 4, 4, 3, 3, 1, 4, 4, 1, 1, 1, 4, 4, 4, 4, 5, 2, 1, 4, 4,
       4, 5, 4, 4, 4, 4, 1, 1, 4, 1, 3, 3, 6, 1, 4, 3, 2, 4, 4, 4, 2, 3,
       1, 4, 4, 4, 4, 4, 2, 4, 1, 2, 1, 4, 3, 1, 2, 4, 3, 5, 3, 2, 4, 4,
       4, 5, 5, 4, 2, 3, 4, 4, 4, 2, 5, 4, 4, 4, 3, 2, 4, 4, 4, 5, 4, 2,
       5, 4, 5, 1, 2, 1, 4, 4, 2, 2, 5, 0, 1, 2, 0, 4, 3, 4, 1, 4, 1, 4,
       4, 2, 4, 6, 4, 3, 4, 3, 4, 1, 3, 1, 4, 5, 2, 1, 4, 4, 2, 4, 2, 4,
       4, 4, 4, 2, 3, 4, 4, 4, 4, 3, 4, 3, 4, 1, 4, 1, 1, 1, 4, 4, 2, 5,
       4, 4, 5, 2, 4, 2, 5, 4, 4, 4, 4, 2, 2, 4, 4, 4, 3, 4, 1, 5, 3, 4,
       3, 4, 1, 4, 4, 1, 1, 1, 1, 1, 1, 4, 1, 3, 3, 4, 3, 2, 4, 4, 2, 1,
       2, 4]), 'time': 614.1881177425385}
lenSubsequence: 19{'RI': 0.5109547738693467, 'num_clusters': 3, 'uShapelets': [{'ts_index': 135, 'loc': 181, 'gap': 0.04413524274546124, 'distances': array([0.32440055, 0.16690403, 0.27394482, 0.21188432, 0.2539438 ,
       0.2759187 , 0.26868625, 0.2286952 , 0.24216335, 0.33698275,
       0.2652385 , 0.28676714, 0.2529329 , 0.27415354, 0.25865405,
       0.29763027, 0.2787366 , 0.29140321, 0.14311909, 0.21066229,
       0.25774195, 0.28701542, 0.27331016, 0.19155495, 0.18904285,
       0.26263345, 0.28029726, 0.28579604, 0.31325234, 0.29255914,
       0.28744172, 0.22369068, 0.18342487, 0.20902098, 0.28099208,
       0.26377138, 0.25462511, 0.23450249, 0.14066627, 0.31598026,
       0.31824479, 0.25386578, 0.14589394, 0.22644814, 0.35042009,
       0.235325  , 0.22962715, 0.24154614, 0.27668539, 0.32769137,
       0.18604331, 0.24990316, 0.14820834, 0.15485296, 0.29828904,
       0.18855866, 0.27646744, 0.19892881, 0.16689532, 0.29034117,
       0.20992573, 0.21473928, 0.28173897, 0.14246254, 0.30592545,
       0.2520614 , 0.17115022, 0.20608196, 0.25144853, 0.21482516,
       0.17212825, 0.17249439, 0.25081448, 0.27490361, 0.29233816,
       0.14058021, 0.20855387, 0.31981204, 0.30798993, 0.24139577,
       0.22098501, 0.1658652 , 0.24432843, 0.19141657, 0.20040733,
       0.31624321, 0.2641586 , 0.1463296 , 0.19660892, 0.20371735,
       0.2704158 , 0.23034971, 0.16747094, 0.13963803, 0.29765651,
       0.32285192, 0.1729511 , 0.1551274 , 0.29721088, 0.32601128,
       0.2345925 , 0.19292745, 0.28748346, 0.24010412, 0.26293079,
       0.30339233, 0.22335988, 0.26929012, 0.15094621, 0.30582726,
       0.3037698 , 0.16056428, 0.23451941, 0.28876537, 0.30772001,
       0.17964388, 0.31314948, 0.193929  , 0.26634165, 0.29471168,
       0.32887914, 0.29450534, 0.29722152, 0.32348045, 0.14382796,
       0.13952991, 0.25243428, 0.25950654, 0.11986076, 0.31205875,
       0.16666572, 0.22629247, 0.28833062, 0.34890045, 0.27101917,
       0.        , 0.27948324, 0.22598661, 0.24615945, 0.29641259,
       0.27730833, 0.29222046, 0.29972522, 0.30890054, 0.23263453,
       0.27194483, 0.2828673 , 0.26033442, 0.32237073, 0.30440962,
       0.27311575, 0.2974112 , 0.22521565, 0.28653856, 0.25406869,
       0.23688134, 0.29742902, 0.17367311, 0.2266297 , 0.18627798,
       0.32039513, 0.24139018, 0.26347061, 0.26384988, 0.20046636,
       0.17519517, 0.17020927, 0.17136169, 0.27936071, 0.24365161,
       0.24105503, 0.303254  , 0.22471594, 0.2820202 , 0.25585691,
       0.27348059, 0.24900829, 0.23998176, 0.29071049, 0.29988078,
       0.2179612 , 0.26314087, 0.1459881 , 0.30683467, 0.24399374,
       0.26560569, 0.30051067, 0.20348441, 0.15283721, 0.23318043,
       0.31758101, 0.25647011, 0.24407467, 0.1458769 , 0.27349649,
       0.17202224, 0.14746429, 0.25583186, 0.12513294, 0.24571072]), 'delta_distances': array([0., 0., 0., 0., 0., 0., 0., 0., 0., 0., 0., 0., 0., 0., 0., 0., 0.,
       0., 0., 0., 0., 0., 0., 0., 0., 0., 0., 0., 0., 0., 0., 0., 0., 0.,
       0., 0., 0., 0., 0., 0., 0., 0., 0., 0., 0., 0., 0., 0., 0., 0., 0.,
       0., 0., 0., 0., 0., 0., 0., 0., 0., 0., 0., 0., 0., 0., 0., 0., 0.,
       0., 0., 0., 0., 0., 0., 0., 0., 0., 0., 0., 0., 0., 0., 0., 0., 0.,
       0., 0., 0., 0., 0., 0., 0., 0., 0., 0., 0., 0., 0., 0., 0., 0., 0.,
       0., 0., 0., 0., 0., 0., 0., 0., 0., 0., 0., 0., 0., 0., 0., 0., 0.,
       0., 0., 0., 0., 0., 0., 0., 0., 0., 0., 0., 0., 0., 0., 0., 0., 0.,
       0., 0., 0., 0., 0., 0., 0., 0., 0., 0., 0., 0., 0., 0., 0., 0., 0.,
       0., 0., 0., 0., 0., 0., 0., 0., 0., 0., 0., 0., 0., 0., 0., 0., 0.,
       0., 0., 0., 0., 0., 0., 0., 0., 0., 0., 0., 0., 0., 0., 0., 0., 0.,
       0., 0., 0., 0., 0., 0., 0., 0., 0., 0., 0., 0., 0.]), 'locations': array([216, 156, 166, 141, 139, 129, 174, 174, 144, 164, 122, 158, 167,
       181, 195,  41, 169,  58, 174, 188,  60, 182, 180, 147, 156, 202,
        13,  44, 255,  57, 200, 167, 129, 139, 206,  41, 193, 139, 185,
        36, 155, 100, 168, 116, 193, 168, 123,  58, 152, 205, 151,  47,
       190, 189, 221, 139, 170, 154,  85,  16,  10, 164,  69, 170, 156,
       103, 178, 169, 195, 142, 136, 135,  72, 185, 194, 189, 166, 222,
       173,  68, 150, 181,  30, 160, 175, 207, 216, 186, 143, 148,  71,
       136, 156, 160, 215, 205, 153, 164, 254, 187,  99, 189, 153, 183,
       128, 126,  29, 139, 202,  81, 249,  63,  51, 203, 255, 139, 203,
       164, 139, 188, 201, 155, 251, 210, 166, 168,  14,  72, 180,  72,
       178, 146, 226, 177, 118, 181, 135, 156, 180, 192, 184,  64, 209,
       226,  11, 177, 166, 164,  72, 150, 176, 203, 183, 221, 144, 137,
       145, 159, 172, 156, 205, 140, 143, 182,  60, 156, 153, 165, 187,
       157, 139,  57, 151, 178, 154,  77, 153, 178, 180,  95, 138,  71,
       175,   0,  29,  66, 168, 175, 181, 131, 254,  54,  62, 191, 170,
       169, 159, 103, 175, 179])}, {'ts_index': 189, 'loc': 134, 'gap': 0.03460879429678271, 'distances': array([0.34353755, 0.28801108, 0.32242916, 0.28155567, 0.3329283 ,
       0.30058962, 0.30148034, 0.26345763, 0.33710015, 0.31509226,
       0.29826522, 0.37465185, 0.3968138 , 0.29711801, 0.30128546,
       0.32323605, 0.30682451, 0.27221329, 0.28018028, 0.35300067,
       0.3363998 , 0.26192682, 0.27819545, 0.32456424, 0.29640516,
       0.26600674, 0.34483574, 0.31686394, 0.37541707, 0.2712147 ,
       0.23024765, 0.26197622, 0.39213715, 0.2587977 , 0.28251743,
       0.24645236, 0.36956528, 0.37188606, 0.29362253, 0.25518085,
       0.33018256, 0.26833663, 0.27941898, 0.27195414, 0.36262221,
       0.26508812, 0.28389121, 0.28618134, 0.3766772 , 0.23701181,
       0.40113329, 0.19980712, 0.31884095, 0.25005321, 0.30002875,
       0.22094206, 0.22555423, 0.30506637, 0.27351686, 0.30055769,
       0.22135702, 0.25036208, 0.36648079, 0.33513993, 0.27708261,
       0.29733913, 0.42316805, 0.29729961, 0.25286929, 0.28150057,
       0.2405623 , 0.28220962, 0.31995871, 0.37713953, 0.26685667,
       0.26543171, 0.34259177, 0.20796861, 0.35437666, 0.33924928,
       0.37129308, 0.42773155, 0.26006367, 0.28956636, 0.38908986,
       0.30167013, 0.32759098, 0.3181557 , 0.25835051, 0.2756054 ,
       0.25620399, 0.39798798, 0.281468  , 0.3998139 , 0.39887066,
       0.30014848, 0.30157621, 0.35625035, 0.40839554, 0.27302191,
       0.26922003, 0.36614954, 0.42481786, 0.21958342, 0.29666137,
       0.32417864, 0.2921742 , 0.30125651, 0.3097362 , 0.27225904,
       0.26050229, 0.24884462, 0.33476748, 0.29112928, 0.28850801,
       0.28705184, 0.34598724, 0.32427249, 0.20356316, 0.32565798,
       0.35956486, 0.36624139, 0.37182872, 0.35402907, 0.35432369,
       0.3076936 , 0.27165318, 0.37680926, 0.36370523, 0.32403441,
       0.3191654 , 0.30627733, 0.26719871, 0.35533247, 0.27966595,
       0.29162296, 0.28345772, 0.19230644, 0.37267867, 0.34061183,
       0.29325266, 0.28864263, 0.28288131, 0.33502648, 0.32840762,
       0.2276859 , 0.35715567, 0.25513008, 0.37237727, 0.31484756,
       0.31057937, 0.30976217, 0.26762309, 0.25441898, 0.26387923,
       0.28056751, 0.21394823, 0.        , 0.3830584 , 0.26978276,
       0.28412403, 0.26956391, 0.28181474, 0.28855237]), 'delta_distances': array([0., 0., 0., 0., 0., 0., 0., 0., 0., 0., 0., 0., 0., 0., 0., 0., 0.,
       0., 0., 0., 0., 0., 0., 0., 0., 0., 0., 0., 0., 0., 0., 0., 0., 0.,
       0., 0., 0., 0., 0., 0., 0., 0., 0., 0., 0., 0., 0., 0., 0., 0., 0.,
       0., 0., 0., 0., 0., 0., 0., 0., 0., 0., 0., 0., 0., 0., 0., 0., 0.,
       0., 0., 0., 0., 0., 0., 0., 0., 0., 0., 0., 0., 0., 0., 0., 0., 0.,
       0., 0., 0., 0., 0., 0., 0., 0., 0., 0., 0., 0., 0., 0., 0., 0., 0.,
       0., 0., 0., 0., 0., 0., 0., 0., 0., 0., 0., 0., 0., 0., 0., 0., 0.,
       0., 0., 0., 0., 0., 0., 0., 0., 0., 0., 0., 0., 0., 0., 0., 0., 0.,
       0., 0., 0., 0., 0., 0., 0., 0., 0., 0., 0., 0., 0., 0., 0., 0., 0.,
       0., 0., 0., 0., 0., 0., 0., 0., 0., 0., 0.]), 'locations': array([ 32,  19, 142, 137,   2, 124, 179,  79,  64,  26, 120, 159,   0,
        12,  37, 118,  57, 129,  59,  69,  24, 150, 155,   7,  38,  39,
        41,  31,  50, 108, 140, 133, 203,  39,  22, 159,  74,  43,  88,
       115,  89, 106, 123,  56, 140,  12, 150,  42,  34, 142, 171, 149,
        75,  10, 160,  31,   2, 107, 106, 139, 117,  71,   9,  54, 146,
         1, 179,  68, 132,  27, 114, 136, 129, 204, 144, 117,  67,  99,
        53,  69,  46, 183,  61, 168, 148,  49, 106,  50,  17,  96,  84,
       175,  48, 203, 138,  25, 155,  19,  68,   0,  63,  50, 121,  12,
        70,  72, 139,  24,  58, 116,  71, 139, 134,  90,  32,  65,  71,
        24,  16, 119,  67, 162,  72, 142,  22,  28, 173, 153, 148, 135,
       115, 114, 176,  27, 127,  52,  37,  66,  39, 178, 130,  53, 149,
       150, 154,  65, 182, 129, 150,  93, 136,  72,   3,  73,  67,  71,
       124, 134,  98,  45,  55,  39,  71, 138])}], 'clusters': array([2, 1, 2, 2, 2, 2, 2, 2, 2, 2, 2, 2, 0, 0, 2, 2, 2, 2, 1, 2, 2, 2,
       2, 2, 2, 2, 2, 2, 2, 2, 0, 2, 2, 2, 0, 2, 2, 2, 1, 0, 0, 2, 1, 2,
       2, 2, 2, 2, 0, 2, 2, 2, 1, 1, 0, 2, 0, 2, 1, 2, 2, 2, 2, 1, 2, 2,
       1, 2, 2, 2, 1, 1, 2, 0, 2, 1, 2, 2, 0, 2, 2, 1, 2, 2, 2, 2, 0, 1,
       2, 2, 2, 2, 1, 1, 2, 2, 1, 1, 0, 0, 2, 2, 0, 2, 2, 2, 2, 2, 1, 2,
       0, 1, 2, 0, 0, 1, 2, 2, 2, 0, 2, 2, 0, 0, 1, 1, 2, 2, 1, 2, 1, 2,
       2, 2, 2, 1, 2, 2, 2, 2, 2, 2, 2, 2, 2, 2, 2, 0, 0, 2, 2, 2, 2, 0,
       0, 2, 2, 1, 2, 2, 2, 2, 2, 2, 2, 1, 1, 1, 0, 2, 2, 2, 2, 2, 2, 2,
       2, 2, 0, 2, 2, 2, 1, 2, 2, 2, 2, 2, 1, 2, 0, 2, 2, 1, 2, 1, 1, 2,
       1, 2]), 'time': 398.677451133728}
