lenSubsequence: 8{'RI': 0.5645226130653266, 'num_clusters': 6, 'uShapelets': [{'ts_index': 45, 'loc': 85, 'gap': 0.03374462913213422, 'distances': array([0.16439257, 0.09953134, 0.20865983, 0.07808042, 0.17673833,
       0.17864749, 0.13069452, 0.19660784, 0.20172029, 0.06579843,
       0.17660563, 0.08154024, 0.11659827, 0.18817818, 0.1293339 ,
       0.14238343, 0.049612  , 0.10673773, 0.16277539, 0.16479898,
       0.16014375, 0.14600084, 0.10465849, 0.14633181, 0.15867411,
       0.04095031, 0.12110863, 0.14303486, 0.1674339 , 0.15987633,
       0.13400675, 0.22697503, 0.12370369, 0.20684386, 0.08861108,
       0.18490252, 0.09443454, 0.18309183, 0.20899686, 0.19838676,
       0.18322163, 0.20729955, 0.1139859 , 0.18640163, 0.12979098,
       0.        , 0.02287448, 0.14124519, 0.18189027, 0.16604632,
       0.15674196, 0.16234717, 0.18043591, 0.17992625, 0.15930611,
       0.18675155, 0.09565695, 0.20169362, 0.16759952, 0.04349412,
       0.16353568, 0.20601289, 0.17773768, 0.13640178, 0.12442632,
       0.17225175, 0.11145838, 0.16448134, 0.16909463, 0.15127637,
       0.15241202, 0.17364583, 0.1783887 , 0.17093814, 0.09571021,
       0.14779163, 0.06129392, 0.12749414, 0.14810502, 0.13700928,
       0.18817553, 0.12544354, 0.16724403, 0.1640855 , 0.16412092,
       0.16885534, 0.17115787, 0.1851227 , 0.10526506, 0.07432023,
       0.12002166, 0.20098186, 0.03770185, 0.16679317, 0.04302714,
       0.11563259, 0.07859062, 0.13464363, 0.12264388, 0.15667782,
       0.19990721, 0.08487468, 0.1964897 , 0.13061565, 0.08929594,
       0.1678356 , 0.17117256, 0.14608663, 0.08344729, 0.11725589,
       0.02901506, 0.17911625, 0.16837011, 0.09475472, 0.19346289,
       0.1533102 , 0.17590355, 0.1039695 , 0.16615827, 0.11587787,
       0.1676664 , 0.18596603, 0.13609483, 0.11548994, 0.17514025,
       0.12548996, 0.16115965, 0.21686024, 0.15033106, 0.20716146,
       0.14244736, 0.15176907, 0.18681549, 0.1520013 , 0.10395056,
       0.08259068, 0.10272384, 0.15956807, 0.15478903, 0.15796783,
       0.0505452 , 0.10187417, 0.1924581 , 0.15786143, 0.16116889,
       0.21884088, 0.16692754, 0.16423203, 0.13118571, 0.16555652,
       0.10609296, 0.14300416, 0.07491668, 0.15875898, 0.13396637,
       0.11934696, 0.19446764, 0.12632515, 0.07503104, 0.1479401 ,
       0.17139449, 0.164947  , 0.17287055, 0.11277106, 0.16437049,
       0.15318378, 0.1629832 , 0.06788663, 0.11869152, 0.17132652,
       0.1345602 , 0.16320388, 0.10735751, 0.12016138, 0.17988049,
       0.26105031, 0.14351523, 0.16126544, 0.14090214, 0.07911408,
       0.14695123, 0.22266747, 0.14449586, 0.19827882, 0.08197089,
       0.16714667, 0.07856229, 0.17596952, 0.10391107, 0.1107858 ,
       0.14106367, 0.15646204, 0.17954976, 0.10769882, 0.05783118,
       0.14212924, 0.15027212, 0.14740088, 0.19312442, 0.14509337]), 'delta_distances': array([0., 0., 0., 0., 0., 0., 0., 0., 0., 0., 0., 0., 0., 0., 0., 0., 0.,
       0., 0., 0., 0., 0., 0., 0., 0., 0., 0., 0., 0., 0., 0., 0., 0., 0.,
       0., 0., 0., 0., 0., 0., 0., 0., 0., 0., 0., 0., 0., 0., 0., 0., 0.,
       0., 0., 0., 0., 0., 0., 0., 0., 0., 0., 0., 0., 0., 0., 0., 0., 0.,
       0., 0., 0., 0., 0., 0., 0., 0., 0., 0., 0., 0., 0., 0., 0., 0., 0.,
       0., 0., 0., 0., 0., 0., 0., 0., 0., 0., 0., 0., 0., 0., 0., 0., 0.,
       0., 0., 0., 0., 0., 0., 0., 0., 0., 0., 0., 0., 0., 0., 0., 0., 0.,
       0., 0., 0., 0., 0., 0., 0., 0., 0., 0., 0., 0., 0., 0., 0., 0., 0.,
       0., 0., 0., 0., 0., 0., 0., 0., 0., 0., 0., 0., 0., 0., 0., 0., 0.,
       0., 0., 0., 0., 0., 0., 0., 0., 0., 0., 0., 0., 0., 0., 0., 0., 0.,
       0., 0., 0., 0., 0., 0., 0., 0., 0., 0., 0., 0., 0., 0., 0., 0., 0.,
       0., 0., 0., 0., 0., 0., 0., 0., 0., 0., 0., 0., 0.]), 'locations': array([ 96,  20, 161,  56, 172, 151,  64, 129, 137,  65, 116, 134,  16,
       112,  66, 153,  10,  83, 140, 120, 118,  33,  39, 133, 146, 160,
       198,  55,  41, 105,   6, 101,   9, 138, 141, 173, 152,  15,  37,
        53, 155, 168, 218, 153, 177,  85, 151,  79, 125,  94, 183, 129,
       211,  92,  79, 188,  22,  46,  72, 142,  95, 115, 186, 117,  68,
       189,   8,  76,  61,  32,  27,  82, 124, 148, 209,  94,  74,  61,
        54,  97, 161,   9,  83, 150,  14, 105,  74,   0,  91,  41, 149,
       131,  26, 164, 124, 118,  72,  77,  98,  96, 142, 197,  72,  65,
       173,  70, 114, 138,   2, 138, 196,  75, 119,  39,  49,  14,  96,
        86,  67, 173, 140,   8, 195,   6,  33, 194,  72, 159, 204, 198,
        89, 102, 152,  52,  10, 156, 107, 107,  35, 196, 144,  42,  48,
        82,  40,  41, 163, 131,  75, 145,  98, 104, 186,  37,  63, 100,
        83, 148, 193, 180, 111, 144,  93,  86,  83, 145,  61,  19,  79,
       126, 109, 143, 150,  36, 119, 113, 191,  50, 207,  25,  91, 100,
       156,  65, 149,  89,  27,  20,  64, 182,  86,  14, 100, 130,  88,
       183,  10, 112, 161, 207])}, {'ts_index': 7, 'loc': 138, 'gap': 0.03529230403619123, 'distances': array([0.1599632 , 0.20953569, 0.16647021, 0.15281115, 0.12502841,
       0.        , 0.12329419, 0.1316327 , 0.20044902, 0.15029421,
       0.17013233, 0.1658937 , 0.13842425, 0.09034619, 0.14124715,
       0.15192349, 0.14768787, 0.15769426, 0.18926094, 0.14031764,
       0.09895365, 0.19301163, 0.17023628, 0.1974323 , 0.17696551,
       0.13282326, 0.11980843, 0.16456751, 0.18413565, 0.07130054,
       0.13334362, 0.18145633, 0.09705016, 0.15091237, 0.15845915,
       0.16440168, 0.16607287, 0.1955088 , 0.17136439, 0.09533306,
       0.16474356, 0.12252312, 0.06224414, 0.0885765 , 0.15417789,
       0.15451056, 0.18217525, 0.14096269, 0.14754077, 0.12368967,
       0.15905155, 0.07655984, 0.17228264, 0.13422059, 0.17306097,
       0.15060692, 0.10902827, 0.17294813, 0.12154814, 0.19311587,
       0.17975591, 0.16257519, 0.14457298, 0.12651515, 0.16148291,
       0.19332831, 0.14543368, 0.07797514, 0.16105602, 0.08683241,
       0.1178589 , 0.1229964 , 0.04876349, 0.19066455, 0.18723212,
       0.05204655, 0.14452279, 0.07778631, 0.17852436, 0.15422299,
       0.1640382 , 0.11703619, 0.1665453 , 0.19315369, 0.10754816,
       0.07866908, 0.12688921, 0.20233577, 0.17811815, 0.13174826,
       0.07261033, 0.11271939, 0.14592522, 0.17295923, 0.10258786,
       0.15569806, 0.08713994, 0.14641584, 0.13761164, 0.17734006,
       0.17448935, 0.15820461, 0.15142743, 0.0900021 , 0.13996766,
       0.18610217, 0.11285944, 0.1289559 , 0.12478464, 0.13051128,
       0.17394994, 0.13212806, 0.10009274, 0.07630336, 0.12582628,
       0.17412779, 0.08293808, 0.18863704, 0.14238044, 0.15368282,
       0.12549358, 0.14776916, 0.16892809, 0.01501913, 0.19407234,
       0.16563755, 0.12707694, 0.16728479, 0.16948102, 0.09936076,
       0.12781407, 0.18904092, 0.13805446, 0.03442485, 0.16678619,
       0.16113744, 0.04448657, 0.06158924, 0.10604232, 0.16533146,
       0.08655433, 0.20417456, 0.19263687, 0.16180573, 0.18959864,
       0.14489494, 0.14381449, 0.15611975, 0.15570253, 0.07236545,
       0.17873094, 0.04711912, 0.13674684, 0.08296077, 0.11175945,
       0.10465415, 0.16748038, 0.16358652, 0.1611493 , 0.03520918,
       0.11395093, 0.17067506, 0.21249091, 0.13036526, 0.08880068]), 'delta_distances': array([0., 0., 0., 0., 0., 0., 0., 0., 0., 0., 0., 0., 0., 0., 0., 0., 0.,
       0., 0., 0., 0., 0., 0., 0., 0., 0., 0., 0., 0., 0., 0., 0., 0., 0.,
       0., 0., 0., 0., 0., 0., 0., 0., 0., 0., 0., 0., 0., 0., 0., 0., 0.,
       0., 0., 0., 0., 0., 0., 0., 0., 0., 0., 0., 0., 0., 0., 0., 0., 0.,
       0., 0., 0., 0., 0., 0., 0., 0., 0., 0., 0., 0., 0., 0., 0., 0., 0.,
       0., 0., 0., 0., 0., 0., 0., 0., 0., 0., 0., 0., 0., 0., 0., 0., 0.,
       0., 0., 0., 0., 0., 0., 0., 0., 0., 0., 0., 0., 0., 0., 0., 0., 0.,
       0., 0., 0., 0., 0., 0., 0., 0., 0., 0., 0., 0., 0., 0., 0., 0., 0.,
       0., 0., 0., 0., 0., 0., 0., 0., 0., 0., 0., 0., 0., 0., 0., 0., 0.,
       0., 0., 0., 0., 0., 0., 0., 0., 0., 0., 0., 0.]), 'locations': array([ 49,  75,  42, 127, 180, 138, 151, 103, 165,  42,  67,  92, 123,
        57,  62, 135, 196, 160, 122, 140, 168,  86, 169, 154,  91, 168,
        28,  60, 158, 199,   9,   7,  89, 107,  98, 157, 140,  78,  38,
       114,  52, 103,  80, 197,  53,  26,  55,  14,  82, 187, 187, 119,
       114, 178,  16,  20, 127,   7,  18, 124,  17, 145, 200,  45, 149,
         6,  91,  83,  94, 180,  35,  55,  90, 134, 150, 102, 134, 143,
       150,  70, 106,  36, 113, 148, 129,  16, 186,  38,  13,  21, 156,
        84, 150,  91,  75,  90,  78,  38, 104,  63,  85,  19, 177, 115,
        86, 148, 170,  15,   3,  97, 110,  32,   7, 131,  58, 139, 125,
       114,  46, 195,  47, 179,  28,  63, 205, 205,  96, 134, 140, 180,
        85,  41,  48, 157,  58,  82,  75, 177,  16, 125, 143, 158, 171,
       151,  46, 143,  26,  15, 174, 103,  80,  64,  68,  92,  53, 177,
       111,  85,  30, 150,   4,  43, 116,   6, 206])}, {'ts_index': 118, 'loc': 63, 'gap': 0.03404565768043005, 'distances': array([0.0678438 , 0.06864403, 0.1038017 , 0.06129927, 0.05587119,
       0.04495902, 0.13968561, 0.05087091, 0.09181647, 0.0695586 ,
       0.16024613, 0.08529179, 0.04433735, 0.06550531, 0.12357396,
       0.14046214, 0.07463121, 0.0930157 , 0.05973081, 0.06368264,
       0.13807283, 0.02429536, 0.1657678 , 0.06291109, 0.02706222,
       0.04781095, 0.0106457 , 0.07745948, 0.15988421, 0.06436333,
       0.06167391, 0.10597999, 0.17001741, 0.02207097, 0.05292662,
       0.10582648, 0.09791481, 0.09373531, 0.03344421, 0.07565318,
       0.0843491 , 0.10812005, 0.16790506, 0.04546813, 0.04310411,
       0.15025251, 0.07155609, 0.06506729, 0.01364288, 0.06750342,
       0.08787897, 0.03358124, 0.08167741, 0.02022715, 0.01717529,
       0.04279315, 0.05258065, 0.04967737, 0.05126684, 0.09237093,
       0.11355431, 0.03895687, 0.10759718, 0.02593801, 0.14863433,
       0.09328314, 0.08242678, 0.05732997, 0.08596607, 0.12704643,
       0.10556846, 0.09080128, 0.13045349, 0.11303054, 0.1064227 ,
       0.03213196, 0.04518197, 0.02534246, 0.07621476, 0.10885104,
       0.        , 0.05677831, 0.02559909, 0.12157015, 0.05858968,
       0.01174425, 0.12230964, 0.0966473 , 0.13879762, 0.13328898,
       0.0289149 , 0.07605267, 0.13288429, 0.1023123 , 0.01973653,
       0.03141326, 0.08786872, 0.14362723, 0.08889747, 0.02269187,
       0.12354602, 0.14724802, 0.09938099, 0.08433663, 0.13083293,
       0.07659242, 0.04356376, 0.0599153 , 0.05545627, 0.06040177,
       0.02293962, 0.02758864, 0.12150888, 0.06917   , 0.12662211,
       0.13191116, 0.13173172, 0.09003224, 0.02067623, 0.11077636,
       0.0775169 , 0.15375922, 0.04230568, 0.07581179, 0.07942987,
       0.02816653, 0.14507015, 0.02990733, 0.06488589, 0.04166796,
       0.09176961, 0.10965326, 0.07473355, 0.09378349, 0.11091181,
       0.1591514 ]), 'delta_distances': array([0., 0., 0., 0., 0., 0., 0., 0., 0., 0., 0., 0., 0., 0., 0., 0., 0.,
       0., 0., 0., 0., 0., 0., 0., 0., 0., 0., 0., 0., 0., 0., 0., 0., 0.,
       0., 0., 0., 0., 0., 0., 0., 0., 0., 0., 0., 0., 0., 0., 0., 0., 0.,
       0., 0., 0., 0., 0., 0., 0., 0., 0., 0., 0., 0., 0., 0., 0., 0., 0.,
       0., 0., 0., 0., 0., 0., 0., 0., 0., 0., 0., 0., 0., 0., 0., 0., 0.,
       0., 0., 0., 0., 0., 0., 0., 0., 0., 0., 0., 0., 0., 0., 0., 0., 0.,
       0., 0., 0., 0., 0., 0., 0., 0., 0., 0., 0., 0., 0., 0., 0., 0., 0.,
       0., 0., 0., 0., 0., 0., 0., 0., 0., 0., 0., 0., 0., 0., 0., 0., 0.]), 'locations': array([167,  99, 137,  46,  70,  33, 174, 183,  35,  70, 169,  64,  27,
       124, 133,  46, 130, 138,  81, 128,  15, 151, 168, 167,  31,  13,
        92, 114,   6, 120, 119,  41,  81, 106, 132, 160, 128, 134, 164,
        32, 101,  94,  82,  77,   2, 156,  86,  43,  42,  33,  35,  53,
       128,  85,  71, 120, 108, 107, 176, 118,  36,  21,   1,  15, 132,
       104,  18, 168,  70, 144, 154,  49, 150, 152, 144,  99,  79,  23,
       144, 169,  63,  67, 126,  23, 171,   3,  33, 147,  83, 156,  14,
       135, 163, 112, 133, 180,  17,  94,  86, 167, 125, 151, 113, 143,
        84, 111, 126, 150, 148, 153, 147, 116, 163, 163,  99,  75, 191,
       125,  37, 160, 108,  17, 123, 158, 149, 139,  51, 173,  54, 123,
        84, 110,  11, 201,  38,  86])}, {'ts_index': 61, 'loc': 193, 'gap': 0.03038554579397909, 'distances': array([0.06630238, 0.09223371, 0.03444795, 0.03311881, 0.10047345,
       0.03172254, 0.08543659, 0.        , 0.0770538 , 0.09774582,
       0.09372664, 0.08719404, 0.1056173 , 0.10376371, 0.05505015,
       0.10291375, 0.08093206, 0.07632537, 0.04589332, 0.07559906,
       0.09813639, 0.09719829, 0.09641954]), 'delta_distances': array([0., 0., 0., 0., 0., 0., 0., 0., 0., 0., 0., 0., 0., 0., 0., 0., 0.,
       0., 0., 0., 0., 0., 0.]), 'locations': array([ 14, 146,  98,  88,  95, 108, 190, 193,   4,  15,  60,  43, 191,
        52, 136, 105,  85,  86,  91, 117, 138,  30,  38])}, {'ts_index': 106, 'loc': 87, 'gap': 0.050101913531448466, 'distances': array([0.15866777, 0.15876715, 0.08355326, 0.16999736, 0.12257516,
       0.07264728, 0.06554685, 0.        , 0.0776053 , 0.10244903,
       0.10608706, 0.07302975, 0.02819478, 0.18812962, 0.17124071,
       0.15696631, 0.09617647, 0.05695607]), 'delta_distances': array([0., 0., 0., 0., 0., 0., 0., 0., 0., 0., 0., 0., 0., 0., 0., 0., 0.,
       0.]), 'locations': array([109,  92,  99, 127, 124,  82, 182,  87, 203, 140,  37,  28, 139,
       206, 125, 113, 142,  77])}, {'ts_index': 10, 'loc': 86, 'gap': 0.04012115371458568, 'distances': array([0.        , 0.14659065, 0.04150554, 0.08596122, 0.02838675,
       0.04376849]), 'delta_distances': array([0., 0., 0., 0., 0., 0.]), 'locations': array([ 86, 108, 106,  44, 118, 103])}], 'clusters': array([3, 1, 3, 1, 3, 3, 3, 2, 3, 1, 6, 1, 3, 3, 3, 0, 1, 3, 2, 3, 3, 3,
       4, 3, 3, 1, 3, 3, 4, 3, 5, 3, 3, 3, 1, 3, 1, 2, 3, 4, 2, 3, 3, 3,
       6, 1, 1, 3, 3, 2, 3, 3, 2, 2, 3, 3, 1, 3, 3, 1, 3, 4, 3, 2, 3, 5,
       3, 3, 3, 3, 3, 3, 3, 3, 1, 3, 1, 3, 3, 3, 3, 2, 3, 2, 3, 3, 2, 3,
       3, 1, 2, 5, 1, 2, 1, 3, 1, 3, 3, 3, 5, 1, 3, 3, 1, 2, 5, 3, 1, 3,
       1, 3, 2, 1, 3, 3, 3, 3, 3, 2, 3, 3, 3, 3, 3, 3, 2, 3, 5, 5, 3, 3,
       5, 3, 3, 1, 1, 3, 2, 3, 1, 1, 5, 2, 3, 3, 3, 5, 3, 3, 2, 0, 1, 3,
       3, 3, 3, 3, 1, 3, 3, 3, 2, 3, 3, 2, 2, 1, 4, 6, 2, 3, 3, 3, 3, 6,
       3, 3, 3, 1, 2, 3, 2, 5, 1, 2, 1, 3, 1, 3, 3, 3, 3, 2, 1, 3, 3, 3,
       5, 2]), 'time': 5581.692161798477}
lenSubsequence: 10{'RI': 0.3976381909547739, 'num_clusters': 5, 'uShapelets': [{'ts_index': 12, 'loc': 161, 'gap': 0.06564764960675229, 'distances': array([0.17208333, 0.0300237 , 0.08800222, 0.11128604, 0.02977959,
       0.03220669, 0.0145935 , 0.19242643, 0.14197811, 0.02100919,
       0.18005853, 0.20105168, 0.        , 0.073665  , 0.10514225,
       0.17924374, 0.01563616, 0.09123682, 0.07538885, 0.1863783 ,
       0.01721206, 0.06930106, 0.05173446, 0.02440999, 0.06913489,
       0.11140112, 0.14692164, 0.15677094, 0.02144734, 0.03873952,
       0.06919905, 0.08279688, 0.04489535, 0.09262862, 0.113978  ,
       0.13198385, 0.08381098, 0.04597361, 0.07936587, 0.05526935,
       0.04824185, 0.18236339, 0.04779739, 0.0243443 , 0.10018098,
       0.12130603, 0.15825263, 0.02681294, 0.01106196, 0.0856419 ,
       0.12987236, 0.00859546, 0.13741108, 0.07262046, 0.00752314,
       0.06391569, 0.12138354, 0.20050428, 0.01088902, 0.04102387,
       0.00815095, 0.16273376, 0.09581047, 0.01663619, 0.10207281,
       0.06118291, 0.10202425, 0.02679587, 0.10986245, 0.12022937,
       0.02371384, 0.04170401, 0.08291314, 0.04779239, 0.03113509,
       0.02684135, 0.03331727, 0.02826523, 0.01993024, 0.01455289,
       0.1033134 , 0.02908824, 0.00892528, 0.05530689, 0.12419658,
       0.03444551, 0.01448805, 0.03901054, 0.17299373, 0.01652394,
       0.02027414, 0.09064122, 0.12253189, 0.01444323, 0.13332304,
       0.13307668, 0.04722427, 0.16125555, 0.03133613, 0.07049271,
       0.20193839, 0.1542046 , 0.03696193, 0.15830447, 0.1921319 ,
       0.0421414 , 0.15795654, 0.02157431, 0.06922432, 0.05755083,
       0.12185687, 0.01492612, 0.06927433, 0.04180084, 0.19623257,
       0.01292404, 0.00793072, 0.18113653, 0.01908393, 0.04499873,
       0.0138114 , 0.06045465, 0.17009573, 0.18138623, 0.05183268,
       0.11100704, 0.04547601, 0.05627514, 0.09949011, 0.029769  ,
       0.02660005, 0.04006448, 0.17851614, 0.02287871, 0.01548501,
       0.01807051, 0.03574363, 0.04556628, 0.18363528, 0.06278955,
       0.09990005, 0.20050267, 0.04454013, 0.0353515 , 0.18039081,
       0.03140047, 0.09164181, 0.0256458 , 0.12612913, 0.15330801,
       0.03161343, 0.08617679, 0.08766273, 0.03918064, 0.03271073,
       0.03386169, 0.17122639, 0.02291901, 0.09164123, 0.12578268,
       0.04085582, 0.20292077, 0.0840454 , 0.05129192, 0.1131044 ,
       0.08729629, 0.02751592, 0.09415341, 0.07503193, 0.026206  ,
       0.02076538, 0.08273559, 0.10923661, 0.06102581, 0.11156334,
       0.04943612, 0.05477232, 0.18244642, 0.05606499, 0.09099353,
       0.0530556 , 0.10134474, 0.09846873, 0.19781848, 0.04165052,
       0.20071634, 0.02555469, 0.04790034, 0.03723997, 0.04739426,
       0.14685573, 0.05317529, 0.05609254, 0.05614001, 0.13250754,
       0.06545163, 0.06584505, 0.06157963, 0.05928251, 0.01292582]), 'delta_distances': array([0., 0., 0., 0., 0., 0., 0., 0., 0., 0., 0., 0., 0., 0., 0., 0., 0.,
       0., 0., 0., 0., 0., 0., 0., 0., 0., 0., 0., 0., 0., 0., 0., 0., 0.,
       0., 0., 0., 0., 0., 0., 0., 0., 0., 0., 0., 0., 0., 0., 0., 0., 0.,
       0., 0., 0., 0., 0., 0., 0., 0., 0., 0., 0., 0., 0., 0., 0., 0., 0.,
       0., 0., 0., 0., 0., 0., 0., 0., 0., 0., 0., 0., 0., 0., 0., 0., 0.,
       0., 0., 0., 0., 0., 0., 0., 0., 0., 0., 0., 0., 0., 0., 0., 0., 0.,
       0., 0., 0., 0., 0., 0., 0., 0., 0., 0., 0., 0., 0., 0., 0., 0., 0.,
       0., 0., 0., 0., 0., 0., 0., 0., 0., 0., 0., 0., 0., 0., 0., 0., 0.,
       0., 0., 0., 0., 0., 0., 0., 0., 0., 0., 0., 0., 0., 0., 0., 0., 0.,
       0., 0., 0., 0., 0., 0., 0., 0., 0., 0., 0., 0., 0., 0., 0., 0., 0.,
       0., 0., 0., 0., 0., 0., 0., 0., 0., 0., 0., 0., 0., 0., 0., 0., 0.,
       0., 0., 0., 0., 0., 0., 0., 0., 0., 0., 0., 0., 0.]), 'locations': array([103,  32, 133,   3, 125, 122, 174,  23,  39, 112, 108, 155, 161,
       132,  74, 109,  15, 102,  71, 174, 147, 118,  89,   0,   5, 118,
        75,  89,  84,  82,  82,  16,  55,   1,  75, 109, 141,  59, 148,
        95,  46, 131,  93,  36, 172,  36,  75, 116, 134, 130,  50,  53,
       139, 124, 124, 125, 140, 164,  17,  79, 105, 182, 113,  86, 178,
        99,   8, 187,  17,  28, 170,  54, 155, 103, 160,  52, 148, 131,
        71,  59, 146,  57, 134, 171,  67,  91, 112,  24,  23,   5, 167,
       200, 131, 149,  46,  38,  34, 202,  23, 128,  32,  84,  56,  63,
       163, 134, 173, 112,   8, 141,  92, 113, 113, 132,  68, 194, 106,
        56, 118, 138, 113, 119, 176, 134,  75, 141, 132,  84, 173,   4,
        40,  24,  97, 115,  52,  30, 141,   3, 222, 128,  77,  79,  65,
       141, 146, 137, 165, 151, 111, 117, 182,  81, 183,  42,  69, 131,
        35, 176, 160,  39,  97,  72, 141, 138, 103, 153,  71, 157, 218,
       181,   0,  18, 170, 167,  67, 134,  76,  53, 176,  58,  48,  51,
        18, 122, 132,  57, 127, 167, 205, 116,  83, 131,  72,  42,  98,
        52,  90, 114,  80, 163])}, {'ts_index': 88, 'loc': 15, 'gap': 0.05403334811926025, 'distances': array([0.13218744, 0.05190952, 0.1161563 , 0.12938163, 0.14118369,
       0.13810586, 0.12887554, 0.14745206, 0.10393186, 0.0465285 ,
       0.14136769, 0.13075135, 0.        , 0.15167911, 0.14567702,
       0.11524955, 0.13691251, 0.07592649, 0.06115685, 0.13225448,
       0.0376827 , 0.13250968, 0.12579677, 0.13360042, 0.13676068,
       0.14399291, 0.12826382, 0.14908569, 0.13662839, 0.11874432,
       0.02977693, 0.1066438 , 0.05002241, 0.10259891]), 'delta_distances': array([0., 0., 0., 0., 0., 0., 0., 0., 0., 0., 0., 0., 0., 0., 0., 0., 0.,
       0., 0., 0., 0., 0., 0., 0., 0., 0., 0., 0., 0., 0., 0., 0., 0., 0.]), 'locations': array([235, 162,  76, 217, 105, 232,  48,  62, 140,   2, 244, 104,  15,
       233, 259,  80,  42, 103, 100, 263,  16, 155,  50, 252, 147, 136,
       220,  48, 262,  26, 176,  23,  42, 108])}, {'ts_index': 103, 'loc': 86, 'gap': 0.0451443015718766, 'distances': array([0.04734886, 0.13356014, 0.08477578, 0.05990186, 0.07975464,
       0.05473456, 0.06980536, 0.07022823, 0.0441697 , 0.09047271,
       0.03966787, 0.05826219, 0.05136586, 0.        , 0.1375741 ,
       0.09801397, 0.14998826, 0.06997548, 0.12746251, 0.20739159,
       0.14149775, 0.06060972, 0.03866489, 0.04458588, 0.03080386,
       0.07901199, 0.2026299 ]), 'delta_distances': array([0., 0., 0., 0., 0., 0., 0., 0., 0., 0., 0., 0., 0., 0., 0., 0., 0.,
       0., 0., 0., 0., 0., 0., 0., 0., 0., 0.]), 'locations': array([ 15, 109, 156,  96, 193,  92,  80, 116,  93,  67,  14,  15, 216,
        86, 174, 138,  57, 128, 179, 136,  80, 118, 136,  42,  78,  55,
       112])}, {'ts_index': 104, 'loc': 168, 'gap': 0.09923078803551189, 'distances': array([0.1958312 , 0.        , 0.20321472, 0.03166044, 0.08567463,
       0.19766907, 0.16236154]), 'delta_distances': array([0., 0., 0., 0., 0., 0., 0.]), 'locations': array([144, 168,   1,  98,  34,  59, 159])}, {'ts_index': 10, 'loc': 46, 'gap': 0.05882302036873591, 'distances': array([0.        , 0.2200985 , 0.10659185, 0.16541487]), 'delta_distances': array([0., 0., 0., 0.]), 'locations': array([ 46, 123, 145,   7])}], 'clusters': array([3, 1, 1, 1, 1, 1, 1, 2, 1, 1, 5, 3, 1, 1, 1, 3, 1, 1, 1, 3, 1, 1,
       1, 1, 1, 1, 3, 3, 1, 1, 1, 1, 1, 1, 1, 1, 1, 1, 1, 1, 1, 3, 1, 1,
       1, 1, 2, 1, 1, 1, 1, 1, 1, 1, 1, 1, 1, 3, 1, 1, 1, 3, 1, 1, 1, 1,
       1, 1, 1, 1, 1, 1, 1, 1, 1, 1, 1, 1, 1, 1, 1, 1, 1, 1, 1, 1, 1, 1,
       2, 1, 1, 1, 1, 1, 1, 1, 1, 3, 1, 1, 3, 3, 1, 3, 4, 1, 2, 1, 1, 1,
       1, 1, 1, 1, 3, 1, 1, 2, 1, 1, 1, 1, 0, 3, 1, 1, 1, 1, 1, 1, 1, 1,
       4, 1, 1, 1, 1, 1, 4, 1, 1, 5, 1, 1, 3, 1, 1, 1, 1, 3, 1, 1, 1, 1,
       1, 1, 3, 1, 1, 1, 1, 3, 1, 1, 1, 1, 1, 1, 1, 1, 1, 1, 1, 1, 1, 1,
       1, 2, 1, 1, 1, 1, 1, 3, 1, 2, 1, 1, 1, 1, 0, 1, 1, 1, 1, 1, 1, 1,
       1, 1]), 'time': 2938.2881741523743}
lenSubsequence: 13{'RI': 0.6792964824120603, 'num_clusters': 9, 'uShapelets': [{'ts_index': 4, 'loc': 222, 'gap': 0.03491719909113322, 'distances': array([0.12382662, 0.05295851, 0.02261721, 0.0658385 , 0.        ,
       0.15145298, 0.13512219, 0.05623269, 0.14061172, 0.15379088,
       0.0878821 , 0.13655114, 0.13954528, 0.13326687, 0.11704369,
       0.02153703, 0.14646097, 0.12996504, 0.06623095, 0.04301216,
       0.14767524, 0.14932747, 0.12652706, 0.08380041, 0.14350003,
       0.11570784, 0.13546125, 0.12525135, 0.07096245, 0.09969961,
       0.13930505, 0.11179744, 0.03109028, 0.11931636, 0.12888015,
       0.07586069, 0.11987053, 0.11957185, 0.14456314, 0.13577506,
       0.09377148, 0.07223629, 0.13388922, 0.06806847, 0.09701159,
       0.12238268, 0.10946555, 0.05135336, 0.12895581, 0.12922521,
       0.07211569, 0.05378232, 0.12405481, 0.07041877, 0.05283363,
       0.06941567, 0.1315433 , 0.12070482, 0.138511  , 0.13216111,
       0.07418951, 0.12068276, 0.13486736, 0.15130196, 0.12762017,
       0.09660557, 0.0400108 , 0.13380477, 0.06222501, 0.09255527,
       0.13139924, 0.06172724, 0.14418721, 0.12746327, 0.13352686,
       0.0551019 , 0.11432982, 0.12605401, 0.0543696 , 0.07629842,
       0.12382181, 0.15026456, 0.14339716, 0.1424263 , 0.12529584,
       0.14172919, 0.10653507, 0.05923426, 0.12381948, 0.12797791,
       0.05973315, 0.12835218, 0.12880878, 0.10718987, 0.11942008,
       0.0865743 , 0.08958041, 0.09468301, 0.0534133 , 0.08220943,
       0.12587633, 0.05987762, 0.09349445, 0.13290478, 0.09628128,
       0.0504939 , 0.11069155, 0.14555777, 0.11963577, 0.06028892,
       0.14942722, 0.05385079, 0.14205799, 0.107534  , 0.13706873,
       0.1488306 , 0.1268613 , 0.04781687, 0.12720023, 0.12736546,
       0.13545991, 0.1149396 , 0.14930903, 0.10099239, 0.13678525,
       0.03913792, 0.05880471, 0.13144314, 0.05626197, 0.0448629 ,
       0.09050697, 0.05222239, 0.15049705, 0.04053704, 0.13309933,
       0.11773079, 0.10584475, 0.13967399, 0.11743552, 0.08954606,
       0.13674928, 0.08011976, 0.13904165, 0.11850809, 0.13146412,
       0.05667551, 0.13155869, 0.08997854, 0.1180431 , 0.12478566,
       0.11032232, 0.12476792, 0.12466632, 0.12636364, 0.05742783,
       0.07043563, 0.11175136, 0.13211056, 0.1232411 , 0.08214319,
       0.08275215, 0.11385956, 0.13369568, 0.06240415, 0.12803307,
       0.12412853, 0.093568  , 0.05698961, 0.12189554, 0.04200079,
       0.11344835, 0.06308127, 0.13505743, 0.14665835, 0.04766766,
       0.06908613, 0.12004137, 0.13338861, 0.12193282, 0.09470575,
       0.1276014 , 0.08404902, 0.14035953, 0.12811952, 0.06056493,
       0.13789996, 0.0395594 , 0.05394438, 0.04181964, 0.03596456,
       0.09029401, 0.06756932, 0.11445079, 0.09429418, 0.11374218,
       0.07290923, 0.10909742, 0.12765949, 0.1238643 , 0.14250337]), 'delta_distances': array([0., 0., 0., 0., 0., 0., 0., 0., 0., 0., 0., 0., 0., 0., 0., 0., 0.,
       0., 0., 0., 0., 0., 0., 0., 0., 0., 0., 0., 0., 0., 0., 0., 0., 0.,
       0., 0., 0., 0., 0., 0., 0., 0., 0., 0., 0., 0., 0., 0., 0., 0., 0.,
       0., 0., 0., 0., 0., 0., 0., 0., 0., 0., 0., 0., 0., 0., 0., 0., 0.,
       0., 0., 0., 0., 0., 0., 0., 0., 0., 0., 0., 0., 0., 0., 0., 0., 0.,
       0., 0., 0., 0., 0., 0., 0., 0., 0., 0., 0., 0., 0., 0., 0., 0., 0.,
       0., 0., 0., 0., 0., 0., 0., 0., 0., 0., 0., 0., 0., 0., 0., 0., 0.,
       0., 0., 0., 0., 0., 0., 0., 0., 0., 0., 0., 0., 0., 0., 0., 0., 0.,
       0., 0., 0., 0., 0., 0., 0., 0., 0., 0., 0., 0., 0., 0., 0., 0., 0.,
       0., 0., 0., 0., 0., 0., 0., 0., 0., 0., 0., 0., 0., 0., 0., 0., 0.,
       0., 0., 0., 0., 0., 0., 0., 0., 0., 0., 0., 0., 0., 0., 0., 0., 0.,
       0., 0., 0., 0., 0., 0., 0., 0., 0., 0., 0., 0., 0.]), 'locations': array([243, 243, 199, 246, 222, 217, 220, 244,  11,  17, 241, 219, 229,
       212, 142, 229,  92, 242, 222, 243, 211,  36,  28, 252,  10, 230,
       236,  26, 212, 152, 261,  74, 260, 234, 241,  79, 255,  18, 209,
       257, 248, 149, 251, 231, 261,  28, 242, 227, 201, 213, 208, 259,
       238, 251, 244, 226, 244,  98,  21, 256, 201, 194, 148, 220, 258,
        96, 249, 207, 226, 236, 240, 245,  57, 206,  64, 256, 145, 200,
       260, 218, 167, 239, 170, 257, 251, 217,  26, 237, 190,  14, 257,
       260, 155,  30,  44, 251, 239,  96, 203, 237, 232, 236, 118, 118,
       146, 218, 221, 260, 242, 235, 220, 260, 246, 224,   8,   2,  86,
       258,  56, 243, 222, 236,  99, 128, 139, 182, 236, 229, 224, 215,
       254, 223,  74, 227, 226,  20, 234,  27, 251, 205,  43, 197,  20,
       231, 239, 249,  13, 238, 212, 182, 237, 253, 249,  60, 249, 252,
        15,  18, 204, 241, 209, 227,  50, 231, 253,  21, 238,  78,  31,
       259, 252, 227, 195, 246, 200, 141,  50,  97, 148, 201, 237, 169,
       180, 126, 245, 233, 224,  19, 213, 257, 236, 230, 256, 171, 153,
       227, 233, 178,  76,  66])}, {'ts_index': 64, 'loc': 261, 'gap': 0.040927837585640364, 'distances': array([0.09091897, 0.14219592, 0.03489825, 0.09064287, 0.1039879 ,
       0.14284361, 0.05229406, 0.03523918, 0.05282069, 0.08965741,
       0.11322881, 0.066462  , 0.04729518, 0.02589104, 0.10602221,
       0.11568924, 0.13642246, 0.05647361, 0.14342537, 0.10730751,
       0.14699233, 0.13959976, 0.14451578, 0.12919604, 0.04769872,
       0.14454029, 0.09392372, 0.12547092, 0.13074278, 0.12908671,
       0.13543483, 0.07181524, 0.12495925, 0.06164959, 0.07830962,
       0.10599282, 0.12637897, 0.05513582, 0.13724836, 0.13285203,
       0.05035779, 0.12172248, 0.12879766, 0.15026435, 0.        ,
       0.14675391, 0.05118593, 0.03571442, 0.14425084, 0.08663006,
       0.14965766, 0.13921559, 0.13624686, 0.09905452, 0.09892828,
       0.10175964, 0.12091098, 0.05749056, 0.13391033, 0.09954256,
       0.04780928, 0.11322848, 0.1118756 , 0.1314628 , 0.13770015,
       0.13602961, 0.1186617 , 0.14739612, 0.10614164, 0.09442683,
       0.14492239, 0.10723005, 0.13597526, 0.01419648, 0.13779203,
       0.11612632, 0.07205899, 0.11604932, 0.0589957 , 0.1092824 ,
       0.11126346, 0.12401571, 0.14925615, 0.11267151, 0.13653161,
       0.12655415, 0.12539352, 0.08867292, 0.0433464 , 0.1368563 ,
       0.14908656, 0.08123921, 0.03185772, 0.08169367, 0.04540475,
       0.15120792, 0.14379833, 0.11429482, 0.14470917, 0.08997212,
       0.1167589 , 0.13489349, 0.12715526, 0.13600075, 0.1393667 ,
       0.11145237, 0.14560862, 0.02770619, 0.09662662, 0.08465934,
       0.08684296, 0.12664949, 0.10524897, 0.15037742, 0.10493851,
       0.06704397, 0.13590608, 0.15118041, 0.06961706, 0.14463233,
       0.09402889, 0.14544363, 0.1469002 , 0.13151405, 0.11518354,
       0.04599591, 0.11903264, 0.08302796, 0.12513881, 0.01748015,
       0.04757175, 0.04957215, 0.03560385, 0.13072656, 0.1414263 ,
       0.09365183, 0.12852624, 0.12133997, 0.08639641, 0.14082085,
       0.02093902, 0.13621143, 0.07763462, 0.12862405]), 'delta_distances': array([0., 0., 0., 0., 0., 0., 0., 0., 0., 0., 0., 0., 0., 0., 0., 0., 0.,
       0., 0., 0., 0., 0., 0., 0., 0., 0., 0., 0., 0., 0., 0., 0., 0., 0.,
       0., 0., 0., 0., 0., 0., 0., 0., 0., 0., 0., 0., 0., 0., 0., 0., 0.,
       0., 0., 0., 0., 0., 0., 0., 0., 0., 0., 0., 0., 0., 0., 0., 0., 0.,
       0., 0., 0., 0., 0., 0., 0., 0., 0., 0., 0., 0., 0., 0., 0., 0., 0.,
       0., 0., 0., 0., 0., 0., 0., 0., 0., 0., 0., 0., 0., 0., 0., 0., 0.,
       0., 0., 0., 0., 0., 0., 0., 0., 0., 0., 0., 0., 0., 0., 0., 0., 0.,
       0., 0., 0., 0., 0., 0., 0., 0., 0., 0., 0., 0., 0., 0., 0., 0., 0.,
       0., 0., 0., 0., 0., 0., 0., 0.]), 'locations': array([ 77, 247, 247, 124, 189, 244, 225, 253, 260,  62,  56, 244, 254,
       222, 245, 216, 256, 256,  64, 251, 145,  84, 222, 254, 222,  21,
       255, 225, 252, 256,  73, 215, 184, 224, 236,  29, 110, 202, 243,
       104, 253, 260,  14,   8, 261, 119, 259, 246, 255, 157, 128, 163,
       121,  63, 241, 239, 234, 252,  38, 245, 249,  67, 242, 219, 127,
       255,  61,  45,  98, 245, 196,  15,  70, 243, 235, 230, 178, 172,
        32,  26, 234, 239,  64, 260, 139, 256,  12, 235, 255, 260, 110,
       235, 248, 231, 216, 220, 135, 243, 260, 238,  60, 194, 258, 125,
        98, 232, 237, 209, 209, 145, 237,  26, 256, 232, 250, 226, 250,
        26, 240, 220, 238, 136,  65, 167, 163, 217, 242, 251, 199, 226,
       245, 255, 258, 242, 170, 233, 123, 255, 231, 228, 257,  48, 235,
       186])}, {'ts_index': 81, 'loc': 164, 'gap': 0.03399205246550439, 'distances': array([0.10781672, 0.1052518 , 0.10327171, 0.09433361, 0.01044559,
       0.1194528 , 0.07834811, 0.10770257, 0.10879041, 0.11642424,
       0.03910876, 0.06043716, 0.09964646, 0.10924669, 0.08430174,
       0.10923859, 0.06807611, 0.10794422, 0.11089712, 0.12658527,
       0.11026973, 0.09263026, 0.1404852 , 0.0337366 , 0.10347606,
       0.11375022, 0.09895012, 0.11454189, 0.01879663, 0.11476211,
       0.11886852, 0.07523877, 0.10931148, 0.09057854, 0.07263071,
       0.11493979, 0.11085635, 0.12121345, 0.11286739, 0.01923809,
       0.12223414, 0.1124316 , 0.        , 0.08658722, 0.11090506,
       0.09954944, 0.0308195 , 0.11329408, 0.09218226, 0.09791908,
       0.0940265 , 0.0460142 , 0.10092524, 0.11662562, 0.11484354,
       0.06555492, 0.11379903, 0.10579744, 0.09783585, 0.09841568,
       0.10861158, 0.12969239, 0.12389206, 0.11199825, 0.13042829,
       0.13080239, 0.10658132, 0.04338185, 0.08823565, 0.11555114,
       0.10776545, 0.1055604 , 0.12132156, 0.09201372, 0.09120099,
       0.09592231, 0.11583409, 0.11277639, 0.08493367, 0.10584016,
       0.10223129, 0.03980762, 0.05886913, 0.03550397, 0.11514034,
       0.12042279, 0.05163941, 0.09934372, 0.10428556, 0.06735815,
       0.09872555, 0.10979244, 0.07836585, 0.0974765 , 0.09780218,
       0.03871008, 0.0933256 , 0.09204564, 0.04691979, 0.12706063,
       0.11754807, 0.12202328, 0.06540976, 0.12591509, 0.12481972,
       0.10270746, 0.13159928, 0.08955779, 0.03012173, 0.09373844,
       0.03793079, 0.12006465, 0.06656365, 0.0768895 , 0.05311282,
       0.10705025, 0.11721212]), 'delta_distances': array([0., 0., 0., 0., 0., 0., 0., 0., 0., 0., 0., 0., 0., 0., 0., 0., 0.,
       0., 0., 0., 0., 0., 0., 0., 0., 0., 0., 0., 0., 0., 0., 0., 0., 0.,
       0., 0., 0., 0., 0., 0., 0., 0., 0., 0., 0., 0., 0., 0., 0., 0., 0.,
       0., 0., 0., 0., 0., 0., 0., 0., 0., 0., 0., 0., 0., 0., 0., 0., 0.,
       0., 0., 0., 0., 0., 0., 0., 0., 0., 0., 0., 0., 0., 0., 0., 0., 0.,
       0., 0., 0., 0., 0., 0., 0., 0., 0., 0., 0., 0., 0., 0., 0., 0., 0.,
       0., 0., 0., 0., 0., 0., 0., 0., 0., 0., 0., 0., 0., 0., 0.]), 'locations': array([153,  77,  87,   3,  12,  36, 165,  54, 144,  92, 208, 130,   6,
       177, 151,  63,  18, 258,  54, 217, 170, 201, 223,  18,  93,  17,
        62, 140, 120, 238, 218,  21,  95, 179,  67, 136,  76, 238, 219,
       196,  26, 260, 164,  87, 161, 221, 220, 172, 241, 228, 128, 198,
       184, 123, 219, 210, 261, 183,  68, 231, 168,  30, 246,  48, 194,
        68, 167, 165, 167, 141, 200,  10, 205,  32, 105,  16, 175,  98,
       161, 212, 189, 139,  53, 198, 209, 240, 216, 246,  46,  65,  87,
       198,  45, 233, 121, 158, 153, 177, 120, 132, 248, 206, 162, 223,
       172, 200, 168, 111,  33,  27, 173, 142,  86,  43, 157,  61,  85])}, {'ts_index': 23, 'loc': 72, 'gap': 0.03328113370988511, 'distances': array([0.02765768, 0.13474184, 0.14712547, 0.12515562, 0.14227528,
       0.15491531, 0.1550106 , 0.12861333, 0.        , 0.15642904,
       0.14519271, 0.09202302, 0.11084129, 0.15935155, 0.10089552,
       0.07347997, 0.10951699, 0.13860313, 0.14260955, 0.06782724,
       0.05129334, 0.11070879, 0.1353698 , 0.10803901, 0.14402693,
       0.06071246, 0.14116521, 0.14381943, 0.0910831 , 0.15551674,
       0.13647572, 0.16065128, 0.13883015, 0.12969099, 0.06983072,
       0.15755434, 0.07803669, 0.14032813, 0.10933405, 0.15360158,
       0.15597125, 0.07385309, 0.1280312 , 0.14464518, 0.14495742,
       0.13231949, 0.14156433, 0.15446148, 0.14397222, 0.1499566 ,
       0.08126117, 0.12093841, 0.15047248, 0.15458142, 0.13949307,
       0.1496777 , 0.1262607 , 0.12758709, 0.12066015, 0.10567791,
       0.14220368, 0.11279449, 0.13324535, 0.12685445, 0.14591087,
       0.13620563, 0.12940828, 0.13040893, 0.14532431, 0.04405894,
       0.14916402, 0.11708393, 0.09575345, 0.10978924, 0.15328738,
       0.14573768, 0.11992546, 0.15437307, 0.14447919, 0.05148471,
       0.0852502 , 0.13221076, 0.15535166, 0.07739788, 0.04934173,
       0.13358691, 0.13395859, 0.14105826, 0.13267357, 0.09125083,
       0.05511665, 0.11027968, 0.13115196, 0.12250732, 0.14740354,
       0.11008947]), 'delta_distances': array([0., 0., 0., 0., 0., 0., 0., 0., 0., 0., 0., 0., 0., 0., 0., 0., 0.,
       0., 0., 0., 0., 0., 0., 0., 0., 0., 0., 0., 0., 0., 0., 0., 0., 0.,
       0., 0., 0., 0., 0., 0., 0., 0., 0., 0., 0., 0., 0., 0., 0., 0., 0.,
       0., 0., 0., 0., 0., 0., 0., 0., 0., 0., 0., 0., 0., 0., 0., 0., 0.,
       0., 0., 0., 0., 0., 0., 0., 0., 0., 0., 0., 0., 0., 0., 0., 0., 0.,
       0., 0., 0., 0., 0., 0., 0., 0., 0., 0., 0.]), 'locations': array([ 15, 118,  47, 151,  33, 220, 107,   0,  72, 141, 130, 127, 180,
       120, 145,  34, 111, 172,  86,  91,  55, 100, 104,  79,  54,  14,
        55,  74,   1, 255,  30,  59, 129,  10,  39, 116,  17,  62, 182,
         2,  25,   5, 149,  38,  64, 170, 132, 155, 127,  62, 113, 137,
        63, 246, 146, 186, 102, 154, 113, 154, 156, 176, 100,  70,  26,
       111, 126, 174, 100, 108, 191,  64, 110,  98,  71, 167,  42, 138,
       178,  48, 129,   8,  49,  20, 199,  89,   5,  99, 185, 184, 123,
        72,  65, 115, 194,  12])}, {'ts_index': 106, 'loc': 10, 'gap': 0.039603860593228304, 'distances': array([0.15181723, 0.04508359, 0.15102193, 0.04863695, 0.14526344,
       0.11636541, 0.12640718, 0.14569257, 0.15923004, 0.12679895,
       0.12497454, 0.10412502, 0.13647165, 0.14615021, 0.13053563,
       0.11061655, 0.12675482, 0.05488142, 0.15305124, 0.12867505,
       0.14149501, 0.14054455, 0.13852107, 0.15406526, 0.10739848,
       0.1603565 , 0.14687277, 0.14000402, 0.15083925, 0.14040257,
       0.11060749, 0.14298276, 0.15633486, 0.07030863, 0.01825262,
       0.11634988, 0.13360198, 0.14712772, 0.10473955, 0.        ,
       0.15698362, 0.13689216, 0.12507885, 0.14809064, 0.13723157,
       0.14287592, 0.08195379, 0.07443914, 0.14665444, 0.13842187,
       0.12109062, 0.15622569, 0.14296981, 0.16055038, 0.0437633 ,
       0.050129  , 0.09627842, 0.12833   , 0.1263068 , 0.06757096,
       0.14053532, 0.14767266, 0.0432    , 0.08004141, 0.13796411,
       0.10974477, 0.1357021 , 0.11613774, 0.15658938, 0.15153175,
       0.13609462, 0.1503324 , 0.15938362, 0.15502649, 0.15291753,
       0.11431796, 0.07785885, 0.0965502 ]), 'delta_distances': array([0., 0., 0., 0., 0., 0., 0., 0., 0., 0., 0., 0., 0., 0., 0., 0., 0.,
       0., 0., 0., 0., 0., 0., 0., 0., 0., 0., 0., 0., 0., 0., 0., 0., 0.,
       0., 0., 0., 0., 0., 0., 0., 0., 0., 0., 0., 0., 0., 0., 0., 0., 0.,
       0., 0., 0., 0., 0., 0., 0., 0., 0., 0., 0., 0., 0., 0., 0., 0., 0.,
       0., 0., 0., 0., 0., 0., 0., 0., 0., 0.]), 'locations': array([ 78,  31,  21, 147,   8,   5, 177,  63, 110, 134, 173,  54,  33,
        33, 140,  91,  73,  86, 147,   9, 190, 131,  13,  44, 117, 167,
       141,  10,   0, 133,  35, 110,  36,  82,   8,  16,  26, 168, 200,
        10, 208,  98,  40,  69,  24, 161, 115,  33,  16, 140,  75, 178,
       121, 115,  48, 174, 199,  10, 118, 121,  92, 120,  89,  14,   9,
        42,   6, 161, 155,  91,  43,  72, 198, 125,   3,  10, 204, 138])}, {'ts_index': 108, 'loc': 223, 'gap': 0.039426126448527624, 'distances': array([0.12629197, 0.12473697, 0.03878007, 0.06387386, 0.06527604,
       0.1471456 , 0.06835395, 0.14397148, 0.13918971, 0.15700954,
       0.06443779, 0.06637058, 0.15170733, 0.14941882, 0.14463089,
       0.06643398, 0.05874951, 0.07781926, 0.13987853, 0.10732522,
       0.12712131, 0.06261753, 0.08513771, 0.08715964, 0.07593559,
       0.0660027 , 0.14479446, 0.12838289, 0.1197781 , 0.08279038,
       0.14241545, 0.10783454, 0.15076269, 0.10947676, 0.        ,
       0.12171998, 0.1380857 , 0.08558977, 0.13509703, 0.12310091,
       0.11152669, 0.04679227, 0.12841397, 0.15466298, 0.13636967,
       0.06681786, 0.12103829, 0.15382616, 0.13806911, 0.04369461,
       0.13995015, 0.14048478, 0.06534768, 0.13908827, 0.13980551,
       0.14831827, 0.05931339, 0.1436862 , 0.12582622, 0.14361269,
       0.11319293, 0.13369229, 0.14185523]), 'delta_distances': array([0., 0., 0., 0., 0., 0., 0., 0., 0., 0., 0., 0., 0., 0., 0., 0., 0.,
       0., 0., 0., 0., 0., 0., 0., 0., 0., 0., 0., 0., 0., 0., 0., 0., 0.,
       0., 0., 0., 0., 0., 0., 0., 0., 0., 0., 0., 0., 0., 0., 0., 0., 0.,
       0., 0., 0., 0., 0., 0., 0., 0., 0., 0., 0., 0.]), 'locations': array([103, 115, 106, 104, 118,  42, 120,  30, 185, 106, 123,  69, 164,
        62, 180, 109,  49, 184, 193,  33,  47,  61,   5, 136, 184,  77,
        86,  13,  15, 165,   4, 140, 150,  82, 223, 143, 104, 164, 198,
       110, 114, 146,  76,  89,  93,   1,  71, 243,  36, 114,  21, 197,
       179, 181,  65,  58,  96, 128,  32,  44,  59,  56, 165])}, {'ts_index': 30, 'loc': 32, 'gap': 0.056148598213488665, 'distances': array([0.08951897, 0.09816269, 0.13667469, 0.        , 0.14852957,
       0.01694499, 0.02508445, 0.14299102, 0.14387842, 0.05089465,
       0.13205038, 0.11567873, 0.12725375, 0.13421602, 0.1131251 ,
       0.12223092, 0.14891412, 0.10625668, 0.14389242, 0.02227215,
       0.13110151, 0.14652622, 0.11754923, 0.0303023 , 0.1448117 ,
       0.07584927, 0.08063423, 0.1194168 , 0.13298772, 0.04241587,
       0.14173695, 0.10286731, 0.1163904 , 0.13623758, 0.13789182,
       0.14561631, 0.13363371, 0.12530794, 0.14761832, 0.13259748,
       0.13587537]), 'delta_distances': array([0., 0., 0., 0., 0., 0., 0., 0., 0., 0., 0., 0., 0., 0., 0., 0., 0.,
       0., 0., 0., 0., 0., 0., 0., 0., 0., 0., 0., 0., 0., 0., 0., 0., 0.,
       0., 0., 0., 0., 0., 0., 0.]), 'locations': array([121, 109, 182,  32, 101,  13, 100, 106, 254,   5, 170, 172,  90,
       246, 201,  39, 147,  55,  41,  96,  64, 190, 108, 118, 147,  99,
       181,  50, 146, 169,  44, 106, 168, 241, 117, 191,  33,  78,  38,
        14,  84])}, {'ts_index': 91, 'loc': 84, 'gap': 0.04215134063619054, 'distances': array([0.04090933, 0.12939536, 0.08238581, 0.01209858, 0.11474709,
       0.11858787, 0.09519497, 0.04143787, 0.03287488, 0.0733525 ,
       0.        , 0.04617407, 0.11984458, 0.11268888, 0.02592991,
       0.07971102, 0.02543211, 0.06894737, 0.05072581, 0.06014351,
       0.03145033, 0.03966357, 0.05379128, 0.06092796, 0.06352349,
       0.01151708, 0.12673458, 0.04777333, 0.09085452, 0.14005687,
       0.03677642, 0.05046876, 0.01935842]), 'delta_distances': array([0., 0., 0., 0., 0., 0., 0., 0., 0., 0., 0., 0., 0., 0., 0., 0., 0.,
       0., 0., 0., 0., 0., 0., 0., 0., 0., 0., 0., 0., 0., 0., 0., 0.]), 'locations': array([ 11, 176, 153,  78, 181,  63,  90, 121, 138,  63,  84,  84,  80,
         4, 107, 185, 116,  81, 231,   7,  90, 231, 233, 210, 100, 161,
       222, 114, 196,   3, 111,  19,  27])}, {'ts_index': 9, 'loc': 77, 'gap': 0.048490751674054824, 'distances': array([0.        , 0.0938633 , 0.04577484, 0.02591513, 0.12068378,
       0.12383954, 0.05130483]), 'delta_distances': array([0., 0., 0., 0., 0., 0., 0.]), 'locations': array([ 77,  75, 243, 104,  26,  24, 140])}], 'clusters': array([4, 1, 1, 1, 1, 8, 2, 1, 5, 9, 3, 2, 2, 2, 5, 1, 6, 6, 1, 1, 2, 2,
       6, 4, 3, 2, 3, 8, 1, 6, 7, 8, 1, 7, 2, 1, 6, 4, 6, 7, 0, 1, 4, 1,
       3, 4, 9, 1, 5, 6, 1, 1, 3, 1, 1, 1, 2, 6, 4, 2, 1, 6, 7, 4, 2, 8,
       1, 2, 1, 2, 8, 1, 6, 6, 6, 1, 3, 4, 1, 1, 6, 3, 4, 2, 6, 8, 2, 1,
       3, 8, 1, 8, 4, 6, 3, 5, 5, 8, 1, 3, 9, 1, 0, 2, 8, 1, 5, 4, 6, 1,
       2, 1, 7, 8, 6, 8, 8, 1, 3, 5, 5, 7, 2, 6, 8, 1, 1, 7, 1, 1, 2, 1,
       8, 1, 2, 6, 5, 5, 5, 8, 4, 3, 3, 3, 8, 1, 5, 3, 2, 7, 6, 5, 5, 8,
       1, 1, 8, 6, 4, 3, 4, 8, 3, 1, 8, 4, 4, 1, 3, 1, 0, 1, 2, 6, 1, 1,
       8, 8, 2, 2, 2, 2, 4, 3, 1, 4, 1, 1, 1, 1, 3, 1, 9, 8, 8, 1, 2, 3,
       5, 8]), 'time': 7753.768891096115}
