lenSubsequence: 23{'RI': 0.5023635135837099, 'num_clusters': 3, 'uShapelets': [{'ts_index': 436, 'loc': 23, 'gap': 0.03332451380307741, 'distances': array([0.10936944, 0.10845596, 0.09712345, 0.16518833, 0.17620606,
       0.18949422, 0.12711498, 0.14166296, 0.20316982, 0.110269  ,
       0.11859601, 0.13837373, 0.16787133, 0.12878531, 0.14267902,
       0.13067092, 0.1330654 , 0.11127763, 0.17792941, 0.10849882,
       0.18327454, 0.16210844, 0.08387017, 0.15578084, 0.14045318,
       0.17978314, 0.1356813 , 0.1726421 , 0.14164014, 0.1051058 ,
       0.12021675, 0.21495852, 0.18713123, 0.20378165, 0.07951128,
       0.10477848, 0.08622046, 0.11452889, 0.13341674, 0.21980913,
       0.13207783, 0.17154214, 0.17934958, 0.1118924 , 0.11867422,
       0.17723892, 0.17521299, 0.17415953, 0.23384378, 0.13827671,
       0.21748066, 0.13346171, 0.08349411, 0.11226886, 0.11671238,
       0.12144319, 0.10466612, 0.14845238, 0.23810435, 0.21665732,
       0.18635745, 0.08503654, 0.08038695, 0.18178611, 0.1040328 ,
       0.09849703, 0.16757677, 0.12589834, 0.16521063, 0.1030543 ,
       0.18160611, 0.10104549, 0.13465125, 0.16411679, 0.13494303,
       0.24998753, 0.13180751, 0.1167209 , 0.14099671, 0.1802331 ,
       0.15375808, 0.16767222, 0.13841213, 0.12817913, 0.11111544,
       0.11667201, 0.17120727, 0.16646303, 0.14319164, 0.09192722,
       0.12844163, 0.09889349, 0.10899768, 0.10953386, 0.18703307,
       0.13116365, 0.18388971, 0.1222989 , 0.23542179, 0.12596851,
       0.09591843, 0.09361363, 0.1417553 , 0.12406942, 0.16483727,
       0.20892947, 0.12212958, 0.11425531, 0.13003833, 0.13016772,
       0.1582278 , 0.1284307 , 0.07958251, 0.24302195, 0.14261884,
       0.17203425, 0.15219055, 0.12176568, 0.10305759, 0.07936375,
       0.10367964, 0.13468575, 0.17782375, 0.14366664, 0.16083978,
       0.17373664, 0.12714042, 0.14845616, 0.13766935, 0.1321282 ,
       0.09034858, 0.14932359, 0.11838622, 0.09692276, 0.23952564,
       0.11410452, 0.11867159, 0.16527548, 0.15035327, 0.07523114,
       0.13165835, 0.15213148, 0.10577212, 0.13026496, 0.09530768,
       0.18624654, 0.1692031 , 0.15267486, 0.09039072, 0.10463679,
       0.09406918, 0.22353537, 0.17387276, 0.11516824, 0.22217963,
       0.13141133, 0.10661952, 0.22486144, 0.12031557, 0.11183278,
       0.15177235, 0.26160533, 0.09506108, 0.12573566, 0.14801828,
       0.10809579, 0.15091128, 0.16535902, 0.13232762, 0.13127179,
       0.21241007, 0.12508019, 0.14011315, 0.13969761, 0.10451015,
       0.18209341, 0.20838763, 0.09945305, 0.11617166, 0.13389944,
       0.16012099, 0.17716891, 0.16424702, 0.10945484, 0.12227652,
       0.135344  , 0.11350275, 0.20506131, 0.08655433, 0.15664219,
       0.11762655, 0.14211761, 0.21477868, 0.22067167, 0.22508526,
       0.15166951, 0.1290844 , 0.15236699, 0.10325712, 0.14093145,
       0.22749718, 0.12573614, 0.18886112, 0.13594115, 0.17270432,
       0.16223394, 0.16928519, 0.19248865, 0.0956001 , 0.08352261,
       0.09832449, 0.12533429, 0.10122224, 0.17048303, 0.15433559,
       0.14608745, 0.13294469, 0.11613395, 0.13119244, 0.13121731,
       0.10321925, 0.13865029, 0.18946481, 0.09777505, 0.17477313,
       0.14286102, 0.19804711, 0.16052561, 0.13811334, 0.17043726,
       0.20104384, 0.11307989, 0.14094189, 0.14961906, 0.14705737,
       0.08117918, 0.1524617 , 0.13422695, 0.15863857, 0.15519898,
       0.13022685, 0.17588612, 0.19216737, 0.1272985 , 0.14006814,
       0.16218826, 0.15578908, 0.17692285, 0.15183684, 0.10847562,
       0.17119053, 0.09619241, 0.14653295, 0.14017242, 0.14221463,
       0.17139018, 0.14232873, 0.13876905, 0.19840505, 0.17378606,
       0.11198124, 0.14923796, 0.19629415, 0.18787165, 0.14052086,
       0.21333244, 0.10983533, 0.11296365, 0.18806838, 0.18196814,
       0.12317971, 0.12716649, 0.15367345, 0.09729133, 0.11595736,
       0.17040298, 0.16728004, 0.11162943, 0.22320364, 0.10649099,
       0.15143413, 0.10879484, 0.12409319, 0.12103706, 0.16671642,
       0.14444496, 0.15412178, 0.15005569, 0.09995711, 0.12452217,
       0.13518557, 0.10057653, 0.23625951, 0.19669128, 0.10335808,
       0.10770675, 0.13582902, 0.10755848, 0.13272569, 0.13385384,
       0.13705913, 0.20445722, 0.19077801, 0.19401875, 0.15655675,
       0.11637492, 0.15079692, 0.16989621, 0.10413604, 0.13298767,
       0.10837225, 0.14120334, 0.13208639, 0.12025556, 0.17529552,
       0.16385893, 0.10799167, 0.16249929, 0.11057905, 0.10521304,
       0.09077621, 0.1390012 , 0.08549419, 0.13832616, 0.09956409,
       0.15422829, 0.1375951 , 0.12942133, 0.0953974 , 0.11293781,
       0.14551502, 0.11445318, 0.1620058 , 0.12718655, 0.14158278,
       0.09133287, 0.16448443, 0.1101452 , 0.1590492 , 0.17739702,
       0.08998667, 0.14949399, 0.13661727, 0.1107775 , 0.19571126,
       0.15715123, 0.10067068, 0.12338744, 0.11958517, 0.11218221,
       0.09715967, 0.1112031 , 0.09157689, 0.10379416, 0.16277829,
       0.16978686, 0.15494512, 0.115493  , 0.1404544 , 0.15780975,
       0.11215588, 0.13593649, 0.19940816, 0.16318252, 0.13454692,
       0.11728299, 0.10528385, 0.08852186, 0.09138201, 0.23296495,
       0.17159321, 0.19935069, 0.15452215, 0.13078724, 0.13398034,
       0.0729875 , 0.10597398, 0.13441372, 0.20807779, 0.23273462,
       0.07711929, 0.09638832, 0.13535619, 0.16886995, 0.13684528,
       0.18559967, 0.22538869, 0.12360292, 0.10376816, 0.13855969,
       0.10603218, 0.24408884, 0.22988023, 0.1691529 , 0.09272393,
       0.15884179, 0.20521762, 0.18454465, 0.11309831, 0.21230024,
       0.12167795, 0.10389893, 0.11477658, 0.13362468, 0.15680844,
       0.11045779, 0.16052246, 0.14790665, 0.21169733, 0.15202617,
       0.11308624, 0.15679754, 0.18025161, 0.12346382, 0.11185429,
       0.22673869, 0.15013902, 0.11508825, 0.11502258, 0.09790232,
       0.13146269, 0.14737584, 0.11989878, 0.15935672, 0.14977529,
       0.12849341, 0.13468884, 0.14358143, 0.1367572 , 0.14738689,
       0.11192723, 0.17891325, 0.22438264, 0.09471668, 0.09422328,
       0.10295644, 0.        , 0.10686659, 0.17319368, 0.12004761,
       0.14849705, 0.12501855, 0.14276424, 0.16696569, 0.09488958,
       0.07755802, 0.18977222, 0.11837793, 0.13794383, 0.11535686,
       0.1048195 , 0.0993496 , 0.12622273, 0.13555094, 0.10381756,
       0.16495339, 0.10711688, 0.15502517, 0.14626384, 0.09379594,
       0.15645845, 0.20092545, 0.1146235 , 0.1319496 , 0.20187215,
       0.14965129, 0.11816696, 0.12573928, 0.22701035, 0.14486868,
       0.15782425, 0.10785743, 0.10831227, 0.10236665, 0.14660527,
       0.17738559, 0.18856169, 0.1681431 , 0.13523502, 0.09909767,
       0.13213748, 0.190956  , 0.11571216, 0.12260374, 0.19022487,
       0.21679698, 0.10142795, 0.16145256, 0.10613163, 0.22551077,
       0.11870464, 0.08848152, 0.11864622, 0.11665614, 0.14903712,
       0.12176824, 0.15756147, 0.1682535 , 0.16994656, 0.21358703,
       0.11993456, 0.09865727, 0.11143885, 0.1749582 , 0.10718815,
       0.12110762, 0.08352401, 0.11976436, 0.20368183, 0.19394483,
       0.13110919, 0.10359778, 0.17235723, 0.15574743, 0.10615499,
       0.07922023, 0.10852624, 0.13061911, 0.13261078, 0.22035342,
       0.1312051 , 0.12061625, 0.22829955, 0.11052265, 0.09408207,
       0.10627899, 0.17674705, 0.09345998, 0.14409768, 0.17537131,
       0.12687621, 0.17766917, 0.21120525, 0.11130351, 0.14463233,
       0.21841   , 0.18426872, 0.19655987, 0.24701172, 0.1616995 ,
       0.08138528, 0.1446288 , 0.20436372, 0.13798807, 0.09384437,
       0.12157762, 0.16494724, 0.09873818, 0.12055216, 0.09791774,
       0.17207391, 0.11551474, 0.12145781, 0.1502446 , 0.13646609,
       0.12645432, 0.10061863, 0.23435667, 0.10465713, 0.18508215,
       0.11443641, 0.09760795, 0.2721845 , 0.1122166 , 0.10108871,
       0.12768607, 0.09166853, 0.12655337, 0.10443922, 0.13027941,
       0.12643101, 0.1496653 , 0.14404628, 0.12207051, 0.13879997,
       0.13812801, 0.12932396, 0.12348357, 0.09036596, 0.1382773 ,
       0.16505182, 0.21369737, 0.14487558, 0.12124165, 0.16168327,
       0.21999839, 0.24014718, 0.13519983, 0.13069876, 0.07011445,
       0.08562522, 0.13711007, 0.17175709, 0.13830117, 0.19697782,
       0.14324986, 0.13498519, 0.2280685 , 0.12324997, 0.11825818,
       0.12135019, 0.10557263, 0.18813023, 0.14256778, 0.10818574,
       0.13343034, 0.09757247, 0.13553722, 0.12100526, 0.11727368,
       0.22938015, 0.10712776, 0.22705888, 0.10836724, 0.08896893,
       0.11613126, 0.11007601, 0.09583234, 0.10107434, 0.12534918,
       0.15102965]), 'delta_distances': array([0., 0., 0., 0., 0., 0., 0., 0., 0., 0., 0., 0., 0., 0., 0., 0., 0.,
       0., 0., 0., 0., 0., 0., 0., 0., 0., 0., 0., 0., 0., 0., 0., 0., 0.,
       0., 0., 0., 0., 0., 0., 0., 0., 0., 0., 0., 0., 0., 0., 0., 0., 0.,
       0., 0., 0., 0., 0., 0., 0., 0., 0., 0., 0., 0., 0., 0., 0., 0., 0.,
       0., 0., 0., 0., 0., 0., 0., 0., 0., 0., 0., 0., 0., 0., 0., 0., 0.,
       0., 0., 0., 0., 0., 0., 0., 0., 0., 0., 0., 0., 0., 0., 0., 0., 0.,
       0., 0., 0., 0., 0., 0., 0., 0., 0., 0., 0., 0., 0., 0., 0., 0., 0.,
       0., 0., 0., 0., 0., 0., 0., 0., 0., 0., 0., 0., 0., 0., 0., 0., 0.,
       0., 0., 0., 0., 0., 0., 0., 0., 0., 0., 0., 0., 0., 0., 0., 0., 0.,
       0., 0., 0., 0., 0., 0., 0., 0., 0., 0., 0., 0., 0., 0., 0., 0., 0.,
       0., 0., 0., 0., 0., 0., 0., 0., 0., 0., 0., 0., 0., 0., 0., 0., 0.,
       0., 0., 0., 0., 0., 0., 0., 0., 0., 0., 0., 0., 0., 0., 0., 0., 0.,
       0., 0., 0., 0., 0., 0., 0., 0., 0., 0., 0., 0., 0., 0., 0., 0., 0.,
       0., 0., 0., 0., 0., 0., 0., 0., 0., 0., 0., 0., 0., 0., 0., 0., 0.,
       0., 0., 0., 0., 0., 0., 0., 0., 0., 0., 0., 0., 0., 0., 0., 0., 0.,
       0., 0., 0., 0., 0., 0., 0., 0., 0., 0., 0., 0., 0., 0., 0., 0., 0.,
       0., 0., 0., 0., 0., 0., 0., 0., 0., 0., 0., 0., 0., 0., 0., 0., 0.,
       0., 0., 0., 0., 0., 0., 0., 0., 0., 0., 0., 0., 0., 0., 0., 0., 0.,
       0., 0., 0., 0., 0., 0., 0., 0., 0., 0., 0., 0., 0., 0., 0., 0., 0.,
       0., 0., 0., 0., 0., 0., 0., 0., 0., 0., 0., 0., 0., 0., 0., 0., 0.,
       0., 0., 0., 0., 0., 0., 0., 0., 0., 0., 0., 0., 0., 0., 0., 0., 0.,
       0., 0., 0., 0., 0., 0., 0., 0., 0., 0., 0., 0., 0., 0., 0., 0., 0.,
       0., 0., 0., 0., 0., 0., 0., 0., 0., 0., 0., 0., 0., 0., 0., 0., 0.,
       0., 0., 0., 0., 0., 0., 0., 0., 0., 0., 0., 0., 0., 0., 0., 0., 0.,
       0., 0., 0., 0., 0., 0., 0., 0., 0., 0., 0., 0., 0., 0., 0., 0., 0.,
       0., 0., 0., 0., 0., 0., 0., 0., 0., 0., 0., 0., 0., 0., 0., 0., 0.,
       0., 0., 0., 0., 0., 0., 0., 0., 0., 0., 0., 0., 0., 0., 0., 0., 0.,
       0., 0., 0., 0., 0., 0., 0., 0., 0., 0., 0., 0., 0., 0., 0., 0., 0.,
       0., 0., 0., 0., 0., 0., 0., 0., 0., 0., 0., 0., 0., 0., 0., 0., 0.,
       0., 0., 0., 0., 0., 0., 0., 0., 0., 0., 0., 0., 0., 0., 0., 0., 0.,
       0., 0., 0., 0., 0., 0., 0., 0., 0., 0., 0., 0., 0., 0., 0., 0., 0.,
       0., 0., 0., 0., 0., 0., 0., 0., 0., 0., 0., 0., 0., 0., 0., 0., 0.,
       0., 0., 0., 0., 0., 0., 0., 0., 0., 0., 0., 0., 0., 0., 0., 0., 0.,
       0., 0., 0., 0., 0., 0., 0., 0., 0., 0., 0., 0., 0., 0., 0., 0., 0.,
       0., 0., 0., 0., 0., 0., 0., 0., 0., 0., 0., 0., 0., 0., 0., 0., 0.,
       0., 0., 0., 0., 0., 0., 0., 0., 0., 0., 0., 0., 0., 0., 0., 0., 0.,
       0., 0., 0., 0., 0., 0., 0., 0., 0.]), 'locations': array([19, 23, 23, 21, 21, 22, 25, 22, 20, 23, 24, 23, 23, 22, 20, 20, 23,
       19, 23, 19,  9, 21, 25, 23, 18, 21, 22, 23, 23, 20, 23, 17, 21, 43,
       22, 20, 22, 22, 22, 25, 22, 19, 18, 24, 20, 21, 22, 24, 46, 24, 24,
       23, 22, 24, 24, 18, 24, 19, 17, 17, 24, 17, 23, 23, 21, 23, 20, 24,
       23, 23, 23, 21, 23, 24, 24,  7, 19, 22, 22, 14, 18, 24, 19, 18, 22,
       24, 24, 24, 21, 22, 23, 24, 23, 22, 24, 23, 21, 24, 24, 23, 23, 23,
       19, 24, 25, 22, 17, 22, 19, 21, 22, 24, 23,  8, 23, 23, 19, 24, 22,
       22, 22, 18, 20, 23, 21, 24, 19, 20, 18, 24, 23, 24, 23, 22,  9, 21,
       24, 19, 21, 22, 23, 23, 23, 19, 20, 23, 25, 22, 23, 23, 22, 16, 19,
       22, 14, 21, 22, 18, 25, 22, 22,  5, 24, 25, 20, 22, 19, 24, 23, 23,
       22, 15, 22, 20, 19, 19,  8, 24, 23, 24, 23, 22, 21, 22, 22, 19, 21,
       22, 23, 20, 25, 24, 24, 22, 24, 22, 22, 25, 24, 24, 13, 20, 23, 20,
       22, 19, 18, 19, 24, 23, 21, 23, 22, 24, 19, 24, 22, 23, 19, 21, 24,
       21, 23, 22, 24, 19, 44, 24, 21, 23, 15, 24, 23, 23, 20, 24, 18, 17,
       21, 21, 18, 23, 21, 22, 19, 23, 19, 25, 25, 19, 24, 23, 21, 22, 24,
       20, 22, 23, 21, 23, 23, 24, 21, 19, 23, 20, 23, 24, 17, 24, 22, 24,
       22, 19, 22, 20, 22, 23, 25, 23, 13, 21, 23, 21, 22, 22, 25, 23, 22,
       24, 24, 24, 46, 23, 24, 23, 22, 22, 23, 23, 22, 21,  9, 19, 25, 18,
       23, 22, 23, 20, 22, 24, 20, 23, 18, 18, 21, 22, 20, 19, 23, 20, 23,
       19, 25, 23, 21, 24, 23, 24, 17, 23, 22, 19, 20, 22, 22, 21, 23, 21,
       24, 23, 23, 21, 20, 19, 23, 19, 22, 23, 23, 20, 21, 24, 20, 19, 23,
       23, 20, 19, 23, 23, 15, 24, 24, 23, 25, 23, 22,  8, 21, 23, 18, 22,
       19, 24, 24, 19, 15, 20, 23, 23, 22, 19, 19, 24,  6, 22, 21, 23, 23,
        6,  7, 21, 22, 20, 24, 18, 22, 23, 22, 20, 24, 24, 24, 23, 24, 20,
       24, 18, 22, 24, 19, 22, 23,  8, 22, 22, 23, 22, 23, 20, 20, 22, 19,
       22, 24, 21, 18, 22, 23, 23, 24, 22, 24, 22, 23, 23, 24, 25, 22, 24,
       23, 21, 22, 23, 18, 23, 19, 19, 24, 22, 23, 18, 23, 21, 22, 20, 25,
       21, 22, 22, 24, 22, 23, 24, 23, 24, 25, 22, 24, 24, 19, 23, 25, 18,
       21, 21, 19, 22, 21, 23, 23, 19, 16, 22, 22, 22, 24, 44, 18, 22, 22,
       19, 22, 24, 24, 21, 24, 26, 23, 23, 20, 24, 21, 23, 23, 24, 21, 25,
       21, 23, 21, 22, 22, 21, 24, 24, 19,  7, 19, 23, 16, 22, 23, 20, 17,
       18, 24, 22, 22, 23, 22, 23, 18, 24, 23, 23,  9, 19, 23, 23, 24, 18,
       23, 23, 20, 22, 24, 23, 20, 22, 22, 19, 23, 20, 23,  8, 24, 25, 24,
       24,  7, 22, 24, 17, 24, 22, 18, 23, 24, 23, 19, 22, 19, 20, 19, 20,
       22, 22, 25, 25, 25, 20, 22, 23, 15, 23, 19, 23, 23, 24, 15, 19,  7,
       24, 22,  6, 21, 25, 19, 22, 20, 24, 24, 24, 22, 22, 22, 22, 21, 25,
       25, 22, 23, 23, 24, 24, 23, 25, 23])}, {'ts_index': 134, 'loc': 10, 'gap': 0.021197220462588123, 'distances': array([0.13748985, 0.12047985, 0.13669119, 0.13483289, 0.19200876,
       0.13260398, 0.14075174, 0.1213288 , 0.11819759, 0.13167635,
       0.1288493 , 0.10905069, 0.16618961, 0.15365636, 0.15062433,
       0.12106373, 0.13869046, 0.13166215, 0.13198047, 0.19722045,
       0.11124359, 0.11024247, 0.07558035, 0.        , 0.12648662,
       0.12562587, 0.12613153, 0.09981634, 0.12515707, 0.18993473,
       0.13823958, 0.14168637, 0.11272253, 0.13055791, 0.14200751,
       0.14678046, 0.13228367, 0.14757247, 0.16561213, 0.19169436,
       0.13116897, 0.09554702, 0.18944214, 0.12083376, 0.16275775,
       0.1210331 , 0.12210389, 0.1239747 , 0.14147632, 0.13283839,
       0.12763471, 0.19003957, 0.13185299, 0.17540306, 0.19896001,
       0.10858676, 0.14206525, 0.09429825, 0.11112595, 0.1315433 ,
       0.17528463, 0.11816543, 0.1165798 , 0.13797172, 0.1247124 ,
       0.10842967, 0.17817695, 0.12447708, 0.10548366, 0.18273246,
       0.10147019, 0.14205567, 0.1703051 , 0.17897803, 0.13837925,
       0.12293756, 0.148219  , 0.13614669, 0.11953706, 0.148349  ,
       0.13316934, 0.09766746, 0.16391513, 0.12420487, 0.1634541 ,
       0.11632071, 0.16417221, 0.14621901, 0.13615928, 0.14119612,
       0.11907707, 0.11843315, 0.13544798, 0.09303638, 0.13440918,
       0.15891278, 0.14900062, 0.10478089, 0.10459263, 0.11178321,
       0.1291747 , 0.12836439, 0.15610725, 0.08413741]), 'delta_distances': array([0., 0., 0., 0., 0., 0., 0., 0., 0., 0., 0., 0., 0., 0., 0., 0., 0.,
       0., 0., 0., 0., 0., 0., 0., 0., 0., 0., 0., 0., 0., 0., 0., 0., 0.,
       0., 0., 0., 0., 0., 0., 0., 0., 0., 0., 0., 0., 0., 0., 0., 0., 0.,
       0., 0., 0., 0., 0., 0., 0., 0., 0., 0., 0., 0., 0., 0., 0., 0., 0.,
       0., 0., 0., 0., 0., 0., 0., 0., 0., 0., 0., 0., 0., 0., 0., 0., 0.,
       0., 0., 0., 0., 0., 0., 0., 0., 0., 0., 0., 0., 0., 0., 0., 0., 0.,
       0., 0.]), 'locations': array([10, 10, 10, 10, 10, 11,  9, 10,  9, 10, 11, 10, 10, 10,  9, 10, 10,
        8,  9, 10, 10, 10, 10, 10, 10, 11,  9, 10, 10, 25, 10, 10,  8, 10,
       10,  9,  8,  9,  9, 10,  9,  9,  9, 10, 10,  9, 11,  8,  9, 12, 10,
       26, 10, 11, 10, 10, 10,  9, 11,  9, 11, 10, 10, 10,  9, 10,  8,  9,
       10,  8, 10, 10, 44,  4, 10, 10,  9,  8, 11, 43, 11,  9,  9, 11, 11,
       10, 11,  9, 10, 10,  9, 11, 10, 10, 10, 10, 10, 11, 10,  9, 10, 10,
       10, 10])}], 'clusters': array([1, 1, 1, 1, 1, 2, 1, 1, 2, 1, 1, 1, 1, 1, 1, 1, 1, 1, 1, 1, 2, 1,
       1, 1, 1, 2, 1, 1, 1, 1, 1, 0, 2, 2, 1, 1, 1, 1, 1, 2, 1, 1, 2, 1,
       1, 1, 1, 1, 2, 1, 2, 1, 1, 1, 1, 1, 1, 1, 2, 0, 2, 1, 1, 2, 1, 1,
       1, 1, 1, 1, 2, 1, 1, 1, 1, 2, 1, 1, 1, 2, 1, 1, 1, 1, 1, 1, 1, 1,
       1, 1, 1, 1, 1, 1, 2, 1, 0, 1, 2, 1, 1, 1, 1, 1, 1, 2, 1, 1, 1, 1,
       1, 1, 1, 2, 1, 1, 1, 1, 1, 1, 1, 1, 1, 1, 1, 1, 1, 1, 1, 1, 1, 1,
       1, 1, 2, 1, 1, 1, 1, 1, 1, 1, 1, 1, 1, 2, 1, 1, 1, 1, 1, 2, 1, 1,
       2, 1, 1, 2, 1, 1, 1, 2, 1, 1, 1, 1, 1, 1, 1, 1, 0, 1, 1, 1, 1, 2,
       2, 1, 1, 1, 1, 1, 1, 1, 1, 1, 1, 2, 1, 1, 1, 1, 2, 2, 2, 1, 1, 1,
       1, 1, 2, 1, 2, 1, 1, 1, 1, 0, 1, 1, 1, 1, 1, 1, 1, 1, 1, 1, 1, 1,
       1, 1, 0, 1, 1, 1, 2, 1, 1, 1, 2, 1, 1, 1, 1, 1, 1, 1, 1, 1, 1, 1,
       0, 1, 1, 1, 1, 1, 1, 1, 1, 1, 1, 1, 1, 1, 1, 1, 2, 1, 1, 1, 2, 2,
       1, 2, 1, 1, 2, 2, 1, 1, 1, 1, 1, 1, 1, 1, 2, 1, 1, 1, 1, 1, 1, 1,
       1, 1, 1, 1, 1, 1, 2, 0, 1, 1, 1, 1, 1, 1, 1, 2, 0, 0, 1, 1, 1, 1,
       1, 1, 1, 1, 1, 1, 1, 1, 1, 1, 1, 1, 1, 1, 1, 1, 1, 1, 1, 1, 1, 1,
       1, 1, 1, 1, 1, 1, 1, 1, 1, 1, 1, 1, 1, 1, 2, 1, 1, 1, 1, 1, 1, 1,
       1, 1, 1, 1, 1, 1, 1, 1, 1, 1, 2, 1, 1, 1, 1, 1, 1, 2, 1, 2, 1, 1,
       1, 1, 1, 1, 2, 0, 1, 1, 1, 1, 1, 2, 2, 1, 1, 1, 1, 2, 2, 1, 1, 1,
       2, 0, 1, 2, 1, 1, 1, 1, 1, 1, 1, 1, 2, 1, 1, 1, 0, 1, 1, 2, 1, 1,
       1, 1, 1, 1, 1, 1, 1, 1, 1, 1, 1, 1, 1, 2, 0, 1, 1, 1, 1, 1, 1, 1,
       1, 1, 1, 1, 1, 1, 0, 1, 1, 1, 1, 1, 1, 1, 1, 1, 1, 1, 1, 1, 1, 2,
       1, 1, 2, 1, 1, 1, 2, 1, 1, 1, 1, 1, 1, 1, 2, 1, 1, 1, 1, 2, 1, 1,
       2, 2, 1, 1, 1, 2, 1, 1, 1, 1, 1, 1, 1, 1, 1, 0, 1, 1, 1, 1, 1, 1,
       1, 1, 2, 0, 1, 1, 1, 1, 1, 1, 1, 1, 1, 2, 1, 1, 0, 1, 1, 1, 1, 1,
       1, 1, 1, 1, 2, 1, 1, 2, 2, 2, 2, 1, 1, 1, 2, 1, 1, 1, 1, 1, 1, 1,
       1, 1, 1, 1, 1, 1, 1, 2, 1, 2, 1, 1, 2, 1, 1, 1, 1, 1, 1, 1, 1, 1,
       1, 1, 1, 1, 1, 1, 1, 1, 1, 2, 1, 1, 1, 2, 2, 1, 1, 1, 1, 1, 1, 1,
       2, 1, 1, 2, 1, 1, 1, 1, 2, 1, 1, 1, 1, 1, 1, 1, 2, 1, 2, 1, 1, 1,
       1, 1, 1, 1, 1]), 'time': 98.09965801239014}
lenSubsequence: 27{'RI': 0.5033972261181238, 'num_clusters': 4, 'uShapelets': [{'ts_index': 515, 'loc': 21, 'gap': 0.027053247627551735, 'distances': array([0.1244221 , 0.10661934, 0.12014829, 0.15489078, 0.1613102 ,
       0.16425714, 0.12011949, 0.14252002, 0.19378177, 0.11793072,
       0.14380549, 0.13626705, 0.17418726, 0.12320137, 0.12638495,
       0.12142048, 0.14550412, 0.11215063, 0.16546227, 0.11871366,
       0.15879773, 0.14312805, 0.10982553, 0.14421209, 0.11382696,
       0.16361132, 0.11398945, 0.15503026, 0.12458069, 0.08028601,
       0.13032722, 0.19470458, 0.1908872 , 0.19196187, 0.098475  ,
       0.11339824, 0.0965254 , 0.10305371, 0.11749218, 0.19312751,
       0.14594364, 0.19111792, 0.20053425, 0.10115936, 0.13793032,
       0.17513317, 0.16440946, 0.17370634, 0.22473177, 0.14391798,
       0.18990307, 0.117192  , 0.08949261, 0.11204828, 0.12142298,
       0.11073543, 0.08915854, 0.15787295, 0.22547981, 0.1872028 ,
       0.19012204, 0.10309203, 0.09147791, 0.15970629, 0.10803985,
       0.11956511, 0.15560748, 0.13370601, 0.1495157 , 0.11747925,
       0.14948158, 0.09545333, 0.11360196, 0.14178468, 0.1263594 ,
       0.20537116, 0.15988081, 0.11652198, 0.13980473, 0.16341388,
       0.15343338, 0.13933209, 0.11848592, 0.11994116, 0.08330348,
       0.12011356, 0.16741601, 0.18100571, 0.13388061, 0.09652538,
       0.13248662, 0.09330139, 0.12036383, 0.11761043, 0.16574689,
       0.15686181, 0.15511619, 0.12328593, 0.2197095 , 0.1239615 ,
       0.12207537, 0.08927264, 0.13723702, 0.1304932 , 0.14993986,
       0.18199105, 0.15679745, 0.10207651, 0.13938011, 0.11527889,
       0.14284397, 0.13447075, 0.09681888, 0.20155079, 0.13293179,
       0.14780793, 0.14790987, 0.13041615, 0.10242244, 0.10225719,
       0.10999435, 0.15225421, 0.17581353, 0.14551361, 0.15551612,
       0.15478539, 0.14429144, 0.15235552, 0.13518807, 0.13436613,
       0.09945475, 0.12890129, 0.1272478 , 0.10788223, 0.20598666,
       0.13705859, 0.12224717, 0.1432011 , 0.16958872, 0.09069086,
       0.09937275, 0.17349062, 0.10287158, 0.13770397, 0.12302277,
       0.16597389, 0.14695736, 0.15352699, 0.11202703, 0.11440362,
       0.09381793, 0.193508  , 0.16478724, 0.14560543, 0.21109483,
       0.11118632, 0.13051032, 0.20754327, 0.13776271, 0.09833621,
       0.156409  , 0.21193786, 0.11998841, 0.13353269, 0.12725973,
       0.10895413, 0.13032826, 0.17047535, 0.12881691, 0.16210989,
       0.18119702, 0.14365525, 0.14190969, 0.12538992, 0.0938774 ,
       0.15996376, 0.18071603, 0.12251895, 0.12787928, 0.14736379,
       0.10799171, 0.1705308 , 0.15728935, 0.10591617, 0.13271023,
       0.13620615, 0.11353655, 0.18918044, 0.09655094, 0.14644747,
       0.12636371, 0.14565874, 0.19257657, 0.20015192, 0.19452773,
       0.15463308, 0.12226235, 0.14284041, 0.1356677 , 0.13592696,
       0.2040584 , 0.13045632, 0.17512035, 0.14916314, 0.16168918,
       0.15649879, 0.15903604, 0.17916944, 0.10715267, 0.09942408,
       0.10093064, 0.11559587, 0.10315107, 0.17355119, 0.14789934,
       0.14124143, 0.1528736 , 0.12398088, 0.11298464, 0.13011524,
       0.13448905, 0.12839547, 0.16395957, 0.09831588, 0.17375718,
       0.14553122, 0.19996776, 0.1330262 , 0.12907207, 0.14900948,
       0.19170222, 0.10631348, 0.12141366, 0.14290707, 0.14668626,
       0.10064177, 0.15572095, 0.13634419, 0.16347622, 0.145137  ,
       0.14238108, 0.13430984, 0.16673142, 0.12625724, 0.1235791 ,
       0.14961102, 0.14918064, 0.16956074, 0.15501788, 0.11654466,
       0.1522268 , 0.10455311, 0.13246119, 0.11903268, 0.12933596,
       0.152294  , 0.12915417, 0.16188498, 0.19627204, 0.15678138,
       0.13275483, 0.15745154, 0.18702868, 0.17319   , 0.15700383,
       0.19162915, 0.11571291, 0.11559155, 0.17934405, 0.18386753,
       0.10678593, 0.13613459, 0.15000702, 0.11014895, 0.13041243,
       0.14185859, 0.16008539, 0.1251839 , 0.19745235, 0.09776488,
       0.14955038, 0.10756357, 0.1281605 , 0.13124204, 0.15550016,
       0.15151155, 0.14079409, 0.14305805, 0.12007032, 0.13650048,
       0.14886876, 0.11770056, 0.2104927 , 0.1747543 , 0.12537948,
       0.10712372, 0.10971561, 0.10982087, 0.11305966, 0.12437762,
       0.13305683, 0.20595287, 0.16123639, 0.19769622, 0.15389652,
       0.10446727, 0.12193782, 0.13484751, 0.11705359, 0.1217769 ,
       0.11170262, 0.14299981, 0.14369184, 0.12368046, 0.17779202,
       0.14031628, 0.11718955, 0.16073383, 0.10101183, 0.14715681,
       0.10458802, 0.11719621, 0.09440942, 0.13994394, 0.10769705,
       0.1409587 , 0.14708718, 0.14001453, 0.09268367, 0.12552942,
       0.16687615, 0.10286159, 0.1525993 , 0.151035  , 0.15006077,
       0.09800001, 0.16079884, 0.12045206, 0.1392411 , 0.17241847,
       0.12623721, 0.13416135, 0.13371126, 0.10032265, 0.17376152,
       0.1346929 , 0.13524718, 0.10182825, 0.10526381, 0.10803784,
       0.11276855, 0.08929909, 0.06857839, 0.1003505 , 0.14062567,
       0.16087519, 0.14096707, 0.12166131, 0.12468658, 0.14661372,
       0.10200766, 0.12709514, 0.18170193, 0.15254316, 0.1279677 ,
       0.10411119, 0.1046415 , 0.11702656, 0.12600764, 0.1941755 ,
       0.15553566, 0.20128724, 0.15281015, 0.12994242, 0.13789147,
       0.10975561, 0.13249745, 0.13449928, 0.18255629, 0.19745282,
       0.10809544, 0.11689577, 0.11998674, 0.22268536, 0.14097336,
       0.17768762, 0.18565395, 0.09519674, 0.10580867, 0.12322777,
       0.10639459, 0.2007924 , 0.19990236, 0.18144271, 0.09197373,
       0.147897  , 0.19047899, 0.18147506, 0.12608653, 0.19724907,
       0.10848505, 0.13715925, 0.10164553, 0.1302281 , 0.16209814,
       0.12304878, 0.13393187, 0.15599181, 0.18689375, 0.13451984,
       0.12480928, 0.14306366, 0.16512983, 0.11787612, 0.12569389,
       0.18635268, 0.13406594, 0.11064089, 0.10053601, 0.12104509,
       0.10537647, 0.16294905, 0.09593531, 0.14633271, 0.19333037,
       0.14206493, 0.13126815, 0.12541433, 0.14749274, 0.16367622,
       0.09953772, 0.17182297, 0.20078192, 0.1064372 , 0.12900333,
       0.10662109, 0.0933217 , 0.10846634, 0.16885429, 0.13481028,
       0.12458727, 0.13668409, 0.14346151, 0.14937394, 0.09303899,
       0.10779831, 0.15862756, 0.11892683, 0.14069548, 0.13089001,
       0.12054291, 0.10361421, 0.10764547, 0.13211462, 0.10141565,
       0.17495525, 0.09516292, 0.12380621, 0.15113261, 0.07808795,
       0.16321234, 0.16627868, 0.09669575, 0.12136352, 0.19872016,
       0.1450271 , 0.11759537, 0.12934191, 0.21574864, 0.12658963,
       0.16522132, 0.10866576, 0.08761745, 0.12362797, 0.12883233,
       0.15964985, 0.18152227, 0.15896131, 0.13227337, 0.11298112,
       0.12958168, 0.1577293 , 0.10611911, 0.1011083 , 0.17566867,
       0.20523485, 0.11381767, 0.13901158, 0.11254145, 0.18664459,
       0.14810145, 0.09869602, 0.11404674, 0.13479825, 0.13998109,
       0.1227126 , 0.13971206, 0.15133404, 0.14952056, 0.20399304,
       0.12567554, 0.11668907, 0.09256018, 0.15291371, 0.10725834,
       0.13427058, 0.10265061, 0.11751983, 0.19487198, 0.17690772,
       0.11645394, 0.09561315, 0.16475164, 0.16302021, 0.106036  ,
       0.        , 0.12579797, 0.13609989, 0.14726502, 0.1801763 ,
       0.13534677, 0.12384994, 0.22933637, 0.11151888, 0.08716378,
       0.10145382, 0.16879623, 0.12059053, 0.12917381, 0.1635621 ,
       0.11948834, 0.14785443, 0.18262622, 0.11519422, 0.14712363,
       0.1899875 , 0.15256459, 0.1827689 , 0.21114598, 0.17886059,
       0.08309748, 0.12603038, 0.2037227 , 0.12937988, 0.1101394 ,
       0.09332602, 0.15182443, 0.10937007, 0.12487474, 0.12189837,
       0.15271075, 0.13669586, 0.1036482 , 0.13983999, 0.12892733,
       0.12768818, 0.11744311, 0.19202053, 0.12108108, 0.14988677,
       0.12376971, 0.10525506, 0.22826424, 0.13218048, 0.1074092 ,
       0.1272987 , 0.09406119, 0.1189524 , 0.10153172, 0.12444081,
       0.15791487, 0.12354847, 0.15420063, 0.12102841, 0.14846948,
       0.12262741, 0.15647342, 0.14642298, 0.11323855, 0.15543603,
       0.15858896, 0.18787857, 0.13716741, 0.10334833, 0.15621762,
       0.21541683, 0.2242288 , 0.12894915, 0.13491743, 0.09736779,
       0.11273099, 0.12875757, 0.14417339, 0.18420208, 0.17324303,
       0.14777996, 0.13431229, 0.19469756, 0.1276836 , 0.12122232,
       0.12860554, 0.11206489, 0.16731118, 0.12726828, 0.11894433,
       0.14090179, 0.12284008, 0.14301918, 0.11956791, 0.13380744,
       0.2295253 , 0.12575421, 0.20851226, 0.11066425, 0.09827965,
       0.10665599, 0.09074973, 0.12928507, 0.12659621, 0.12776755,
       0.15322291]), 'delta_distances': array([0., 0., 0., 0., 0., 0., 0., 0., 0., 0., 0., 0., 0., 0., 0., 0., 0.,
       0., 0., 0., 0., 0., 0., 0., 0., 0., 0., 0., 0., 0., 0., 0., 0., 0.,
       0., 0., 0., 0., 0., 0., 0., 0., 0., 0., 0., 0., 0., 0., 0., 0., 0.,
       0., 0., 0., 0., 0., 0., 0., 0., 0., 0., 0., 0., 0., 0., 0., 0., 0.,
       0., 0., 0., 0., 0., 0., 0., 0., 0., 0., 0., 0., 0., 0., 0., 0., 0.,
       0., 0., 0., 0., 0., 0., 0., 0., 0., 0., 0., 0., 0., 0., 0., 0., 0.,
       0., 0., 0., 0., 0., 0., 0., 0., 0., 0., 0., 0., 0., 0., 0., 0., 0.,
       0., 0., 0., 0., 0., 0., 0., 0., 0., 0., 0., 0., 0., 0., 0., 0., 0.,
       0., 0., 0., 0., 0., 0., 0., 0., 0., 0., 0., 0., 0., 0., 0., 0., 0.,
       0., 0., 0., 0., 0., 0., 0., 0., 0., 0., 0., 0., 0., 0., 0., 0., 0.,
       0., 0., 0., 0., 0., 0., 0., 0., 0., 0., 0., 0., 0., 0., 0., 0., 0.,
       0., 0., 0., 0., 0., 0., 0., 0., 0., 0., 0., 0., 0., 0., 0., 0., 0.,
       0., 0., 0., 0., 0., 0., 0., 0., 0., 0., 0., 0., 0., 0., 0., 0., 0.,
       0., 0., 0., 0., 0., 0., 0., 0., 0., 0., 0., 0., 0., 0., 0., 0., 0.,
       0., 0., 0., 0., 0., 0., 0., 0., 0., 0., 0., 0., 0., 0., 0., 0., 0.,
       0., 0., 0., 0., 0., 0., 0., 0., 0., 0., 0., 0., 0., 0., 0., 0., 0.,
       0., 0., 0., 0., 0., 0., 0., 0., 0., 0., 0., 0., 0., 0., 0., 0., 0.,
       0., 0., 0., 0., 0., 0., 0., 0., 0., 0., 0., 0., 0., 0., 0., 0., 0.,
       0., 0., 0., 0., 0., 0., 0., 0., 0., 0., 0., 0., 0., 0., 0., 0., 0.,
       0., 0., 0., 0., 0., 0., 0., 0., 0., 0., 0., 0., 0., 0., 0., 0., 0.,
       0., 0., 0., 0., 0., 0., 0., 0., 0., 0., 0., 0., 0., 0., 0., 0., 0.,
       0., 0., 0., 0., 0., 0., 0., 0., 0., 0., 0., 0., 0., 0., 0., 0., 0.,
       0., 0., 0., 0., 0., 0., 0., 0., 0., 0., 0., 0., 0., 0., 0., 0., 0.,
       0., 0., 0., 0., 0., 0., 0., 0., 0., 0., 0., 0., 0., 0., 0., 0., 0.,
       0., 0., 0., 0., 0., 0., 0., 0., 0., 0., 0., 0., 0., 0., 0., 0., 0.,
       0., 0., 0., 0., 0., 0., 0., 0., 0., 0., 0., 0., 0., 0., 0., 0., 0.,
       0., 0., 0., 0., 0., 0., 0., 0., 0., 0., 0., 0., 0., 0., 0., 0., 0.,
       0., 0., 0., 0., 0., 0., 0., 0., 0., 0., 0., 0., 0., 0., 0., 0., 0.,
       0., 0., 0., 0., 0., 0., 0., 0., 0., 0., 0., 0., 0., 0., 0., 0., 0.,
       0., 0., 0., 0., 0., 0., 0., 0., 0., 0., 0., 0., 0., 0., 0., 0., 0.,
       0., 0., 0., 0., 0., 0., 0., 0., 0., 0., 0., 0., 0., 0., 0., 0., 0.,
       0., 0., 0., 0., 0., 0., 0., 0., 0., 0., 0., 0., 0., 0., 0., 0., 0.,
       0., 0., 0., 0., 0., 0., 0., 0., 0., 0., 0., 0., 0., 0., 0., 0., 0.,
       0., 0., 0., 0., 0., 0., 0., 0., 0., 0., 0., 0., 0., 0., 0., 0., 0.,
       0., 0., 0., 0., 0., 0., 0., 0., 0., 0., 0., 0., 0., 0., 0., 0., 0.,
       0., 0., 0., 0., 0., 0., 0., 0., 0., 0., 0., 0., 0., 0., 0., 0., 0.,
       0., 0., 0., 0., 0., 0., 0., 0., 0.]), 'locations': array([20, 21, 21, 19, 20, 22, 16, 22, 23, 22, 21, 20, 20, 19, 20, 21, 21,
       20, 23, 21,  9, 21, 22, 20, 19, 19, 20, 21, 21, 19, 22, 19, 18, 40,
       21, 20, 22, 19, 20, 23, 19, 16, 19, 23, 20, 20, 22, 21, 20, 22, 24,
       20, 20, 21, 22, 16, 21, 16,  5, 19, 22, 15, 20, 21, 19, 20, 18, 22,
       21, 21, 23, 21, 21, 23, 21,  9, 19, 20, 21, 20, 15, 22, 20, 16, 21,
       21, 24, 22, 20, 19, 21, 21, 21, 21, 22, 21, 18, 23, 20, 22, 20, 22,
       20, 22, 23,  4, 16, 20, 15, 20, 21, 21, 21,  7, 20, 23, 18, 22, 19,
       20, 21, 21, 18, 22, 20, 24, 21, 18, 16, 22, 23, 21, 21, 21,  5, 19,
       23, 19, 19, 22, 22, 21, 21, 18, 21, 21, 23, 20, 21, 23, 21,  9, 23,
       21, 16, 21, 20,  9, 22, 21, 22,  5, 23, 23, 19, 19, 16, 22, 21, 21,
       22, 19, 20, 21, 19, 20,  8, 23, 21, 15, 20, 19, 21, 21, 21, 20, 19,
       18, 20, 18, 22, 22, 23, 19, 21, 21, 20, 23, 22, 22,  4, 17, 21, 17,
       22, 19, 15, 16, 22, 21, 19, 21, 20, 22, 19, 21, 20, 21, 20, 21, 22,
       20, 22, 20, 22, 20, 41, 23, 20, 22, 21, 22, 20, 20, 20, 22, 15, 14,
       21, 21, 15, 22, 26, 21, 20, 21, 16, 22, 23, 20, 24, 22, 21, 21, 20,
       22, 20, 20,  8, 21, 21, 22, 20, 20, 20,  9, 22, 22, 15, 15, 20, 23,
       20, 16, 19, 20, 20, 21,  5, 22, 15, 19, 20, 20, 20, 22, 23, 22, 20,
       23, 21, 23,  8, 21, 24, 21, 21, 22, 20, 21, 22, 19, 10,  4, 23, 16,
       20, 19, 20, 21, 22, 21, 19, 22, 20, 20, 21, 19, 20, 22, 22, 20, 22,
       21, 23, 20, 21, 22, 21, 22, 23, 21, 20, 17, 21, 20, 22, 20, 22, 19,
       23, 21, 23, 20, 21, 20, 22, 22, 19, 22, 21, 20, 21, 22, 20, 21, 24,
       21, 20, 21, 22, 21, 10, 24, 21, 21, 24, 21, 19,  5, 21, 20, 16, 20,
       20, 21, 22, 19, 15, 21, 21, 22, 20, 13, 20, 20,  5, 20, 19, 21, 20,
        5,  5, 22, 20, 20, 23, 16, 19, 20, 19, 20, 22, 23, 22, 21, 22, 22,
       23, 16, 22, 23, 16, 21, 20,  5, 21, 20, 21, 21, 20, 21, 20, 20, 20,
       19, 23, 21, 21, 19, 21, 22, 23, 19, 22, 20, 21, 21, 24, 16, 20, 22,
       22, 21, 20, 21, 23, 21, 19, 20, 22, 21, 22, 20, 22, 22, 21, 20, 23,
       21, 18, 20, 22, 20, 20, 23, 21, 22, 24, 22, 16, 22, 20, 21, 23, 20,
       19, 20, 19, 21, 21, 21, 21, 19, 19, 19, 19, 21, 22,  4, 20, 21, 20,
       21, 21, 23, 21, 22, 22, 26, 22, 21, 21, 23, 21, 21, 21, 22, 22, 24,
       21, 21, 19, 21, 20, 21, 21, 22, 17,  5, 16, 22, 15, 22, 23, 20, 19,
       21, 21, 21, 21, 15, 22, 21, 19, 23, 23, 23,  9, 15, 21, 20, 24, 16,
       22, 21, 21, 21, 21, 20, 21, 19, 20, 21, 22, 21, 21,  4, 22, 23, 22,
       22,  5, 22, 22, 22, 23, 20, 19, 22, 21, 22, 16, 21, 16, 20, 16, 18,
       20, 21, 23, 24, 23, 21, 21,  9,  7, 21, 17, 21, 21, 22, 21, 21,  5,
       15, 22, 10, 20, 23, 21, 20, 20, 21, 22, 23, 20, 19, 21, 21, 10, 22,
       24, 21, 21, 21, 22, 22, 20, 16, 21])}, {'ts_index': 369, 'loc': 23, 'gap': 0.018729162161656487, 'distances': array([0.19291477, 0.21607523, 0.1651161 , 0.1995165 , 0.15627582,
       0.18625821, 0.18704636, 0.19808518, 0.19970396, 0.17062502,
       0.16877844, 0.13502783, 0.10267158, 0.16784535, 0.16667914,
       0.14799749, 0.23877098, 0.11971932, 0.16018382, 0.12366456,
       0.21018015, 0.1142488 , 0.19274612, 0.21413341, 0.13247955,
       0.18731296, 0.16102566, 0.1457717 , 0.22448733, 0.21309854,
       0.11240734, 0.16638693, 0.16186033, 0.11993205, 0.14917119,
       0.19594518, 0.11492369, 0.15608659, 0.18811464, 0.16671559,
       0.21489255, 0.17585821, 0.17117308, 0.22814213, 0.16167714,
       0.17752983, 0.19191721, 0.19032014, 0.15338357, 0.11830794,
       0.14646128, 0.18598445, 0.19736764, 0.21345881, 0.19718381,
       0.1634941 , 0.18395012, 0.18378749, 0.        , 0.14410581,
       0.15121848, 0.17714974, 0.23505786, 0.21007304, 0.14855872,
       0.09539395, 0.15345816, 0.20546754, 0.12910118, 0.22460262,
       0.18993023, 0.14134528, 0.12626827, 0.24281672, 0.22400571,
       0.20691124, 0.18216156, 0.16180691, 0.12866588, 0.1927908 ,
       0.21005889, 0.13393624, 0.08500406, 0.21018711, 0.19050827,
       0.20033652, 0.10638624, 0.17811724, 0.14658764, 0.22183479,
       0.1482523 , 0.13130507, 0.21251108, 0.15593767, 0.12381614,
       0.13683084, 0.15101443, 0.16087673, 0.1147884 , 0.21816657,
       0.19847059, 0.17383265, 0.17991016, 0.15934908]), 'delta_distances': array([0., 0., 0., 0., 0., 0., 0., 0., 0., 0., 0., 0., 0., 0., 0., 0., 0.,
       0., 0., 0., 0., 0., 0., 0., 0., 0., 0., 0., 0., 0., 0., 0., 0., 0.,
       0., 0., 0., 0., 0., 0., 0., 0., 0., 0., 0., 0., 0., 0., 0., 0., 0.,
       0., 0., 0., 0., 0., 0., 0., 0., 0., 0., 0., 0., 0., 0., 0., 0., 0.,
       0., 0., 0., 0., 0., 0., 0., 0., 0., 0., 0., 0., 0., 0., 0., 0., 0.,
       0., 0., 0., 0., 0., 0., 0., 0., 0., 0., 0., 0., 0., 0., 0., 0., 0.,
       0., 0.]), 'locations': array([24, 22, 22, 20, 21, 23, 24, 22, 21, 22, 22, 23, 23, 21, 22, 23, 39,
       22, 22, 23, 20, 22, 26, 22, 22, 23, 22, 23,  0,  1, 22, 37, 21, 23,
       22, 36, 22, 21, 23, 23,  1, 21, 23, 19, 20, 37, 21, 23, 23, 23, 22,
       21, 26,  2, 36, 36, 38, 27, 23, 22, 24, 20,  0, 38, 23, 22, 23, 20,
       22,  2, 22, 23, 23, 39, 21, 22, 38, 22, 23, 36, 36, 21, 21,  1, 20,
        0, 23, 26, 22,  0, 22, 22, 17, 22, 23, 23, 22, 22, 22, 39, 23, 22,
       20, 23])}, {'ts_index': 535, 'loc': 30, 'gap': 0.03552665389228657, 'distances': array([0.23426084, 0.198716  , 0.2752434 , 0.19143747, 0.22746322,
       0.26360062, 0.15927029, 0.26968881, 0.27593066, 0.3091864 ,
       0.27103058, 0.26526567, 0.27031933, 0.13018118, 0.26633265,
       0.25352924, 0.        , 0.27235994, 0.23668597]), 'delta_distances': array([0., 0., 0., 0., 0., 0., 0., 0., 0., 0., 0., 0., 0., 0., 0., 0., 0.,
       0., 0.]), 'locations': array([30, 30, 26, 30, 31, 30, 31, 11, 29, 28, 31, 32, 32, 30, 25, 33, 30,
       10, 27])}], 'clusters': array([1, 1, 1, 1, 1, 1, 1, 1, 2, 1, 1, 1, 0, 1, 1, 1, 1, 1, 1, 1, 1, 1,
       1, 1, 1, 1, 1, 1, 1, 1, 1, 2, 2, 2, 1, 1, 1, 1, 1, 2, 1, 2, 2, 1,
       1, 2, 1, 2, 2, 1, 2, 1, 1, 1, 1, 1, 1, 1, 2, 2, 2, 1, 1, 1, 1, 1,
       1, 1, 1, 1, 1, 1, 1, 1, 1, 2, 1, 1, 1, 1, 1, 1, 1, 1, 1, 1, 1, 3,
       1, 1, 1, 1, 1, 1, 1, 1, 1, 1, 2, 1, 1, 1, 1, 1, 1, 2, 1, 1, 1, 1,
       1, 1, 1, 2, 1, 1, 1, 1, 1, 1, 1, 1, 0, 1, 1, 1, 1, 1, 1, 1, 1, 1,
       1, 1, 2, 1, 1, 1, 2, 1, 1, 3, 1, 1, 1, 1, 1, 1, 1, 1, 1, 2, 1, 1,
       2, 1, 1, 2, 1, 1, 1, 2, 1, 1, 1, 1, 1, 0, 1, 1, 0, 1, 1, 1, 1, 1,
       2, 1, 1, 1, 1, 2, 1, 1, 1, 1, 1, 2, 1, 1, 1, 1, 2, 2, 2, 1, 1, 1,
       1, 1, 2, 1, 2, 1, 1, 1, 1, 2, 1, 1, 1, 1, 1, 2, 1, 1, 1, 1, 1, 1,
       1, 1, 1, 1, 3, 1, 2, 1, 1, 1, 2, 1, 1, 1, 1, 1, 1, 1, 1, 1, 1, 1,
       1, 1, 1, 1, 1, 1, 1, 1, 1, 1, 1, 1, 1, 1, 1, 1, 0, 1, 1, 1, 2, 2,
       1, 2, 1, 1, 2, 2, 1, 1, 1, 1, 1, 1, 1, 1, 2, 1, 1, 1, 1, 1, 1, 1,
       1, 1, 1, 1, 1, 1, 2, 2, 1, 1, 1, 1, 1, 1, 1, 2, 1, 0, 1, 1, 1, 1,
       1, 1, 1, 1, 1, 1, 2, 1, 1, 1, 1, 1, 1, 1, 1, 1, 1, 1, 1, 1, 1, 1,
       1, 1, 1, 1, 1, 1, 1, 1, 1, 2, 1, 1, 1, 1, 2, 1, 1, 1, 1, 1, 1, 1,
       1, 1, 1, 1, 1, 1, 1, 1, 1, 1, 2, 1, 1, 1, 1, 1, 1, 2, 1, 2, 1, 1,
       1, 1, 1, 1, 2, 2, 1, 1, 1, 0, 1, 0, 2, 1, 1, 1, 1, 2, 2, 2, 1, 1,
       2, 0, 1, 2, 1, 1, 1, 1, 1, 1, 1, 1, 2, 1, 1, 1, 1, 1, 1, 2, 1, 1,
       1, 1, 1, 1, 1, 1, 0, 1, 1, 1, 1, 1, 1, 3, 2, 1, 1, 1, 1, 1, 1, 1,
       1, 1, 1, 1, 1, 1, 1, 1, 1, 1, 1, 1, 1, 1, 1, 2, 1, 1, 1, 1, 1, 1,
       1, 1, 2, 1, 1, 1, 2, 1, 1, 1, 1, 1, 1, 1, 2, 1, 1, 1, 1, 1, 1, 1,
       0, 2, 1, 1, 1, 2, 1, 1, 1, 1, 1, 1, 1, 1, 1, 0, 1, 1, 1, 1, 1, 1,
       1, 1, 2, 2, 1, 1, 1, 1, 1, 1, 1, 1, 1, 2, 1, 1, 2, 1, 1, 1, 1, 1,
       1, 1, 1, 1, 2, 1, 1, 3, 1, 2, 2, 0, 1, 1, 2, 1, 1, 1, 1, 1, 1, 1,
       1, 1, 1, 1, 1, 1, 1, 2, 1, 1, 1, 1, 2, 1, 1, 1, 1, 1, 1, 1, 1, 1,
       1, 1, 1, 1, 1, 1, 1, 1, 1, 2, 1, 1, 1, 2, 2, 1, 1, 1, 1, 1, 1, 0,
       2, 1, 1, 2, 1, 1, 1, 1, 1, 1, 1, 1, 1, 1, 1, 1, 2, 1, 2, 1, 1, 1,
       1, 1, 1, 1, 1]), 'time': 84.1977117061615}
lenSubsequence: 31{'RI': 0.49576125915536856, 'num_clusters': 5, 'uShapelets': [{'ts_index': 93, 'loc': 26, 'gap': 0.026123153552439438, 'distances': array([0.15811301, 0.13595267, 0.08533104, 0.14259932, 0.14471459,
       0.16164772, 0.1246692 , 0.116021  , 0.22253884, 0.14040913,
       0.16640898, 0.1247604 , 0.16017686, 0.124597  , 0.14710999,
       0.12983029, 0.15358574, 0.13029295, 0.18985395, 0.13812184,
       0.17103636, 0.11477094, 0.12596744, 0.14105963, 0.13159657,
       0.16146338, 0.12028133, 0.14287067, 0.15138393, 0.11084476,
       0.13782705, 0.22023391, 0.17188594, 0.23257804, 0.10738895,
       0.13686516, 0.13495016, 0.11840341, 0.15396977, 0.20538356,
       0.13291798, 0.17379724, 0.19199748, 0.1286364 , 0.13339214,
       0.19429635, 0.17845424, 0.18416868, 0.19594889, 0.14617418,
       0.19480371, 0.1732012 , 0.1154959 , 0.13132117, 0.10434355,
       0.13085556, 0.13216723, 0.16663494, 0.22493769, 0.21362196,
       0.18469234, 0.16112216, 0.1351125 , 0.16506015, 0.14689586,
       0.10624941, 0.13689613, 0.14800197, 0.15382779, 0.095868  ,
       0.1971446 , 0.1307317 , 0.13531568, 0.16766942, 0.15515326,
       0.19516835, 0.140667  , 0.12616605, 0.13695267, 0.16637388,
       0.20485996, 0.17108938, 0.1465565 , 0.1379907 , 0.13138435,
       0.13649457, 0.18264301, 0.17512167, 0.11917577, 0.12713723,
       0.17783148, 0.08959451, 0.13022722, 0.        , 0.16886513,
       0.16740423, 0.19316277, 0.13133521, 0.20690833, 0.14434583,
       0.10004339, 0.07359117, 0.13586095, 0.1034331 , 0.17092121,
       0.19840761, 0.12272772, 0.12673305, 0.20163674, 0.14092763,
       0.12826525, 0.12508079, 0.08626228, 0.21427382, 0.13313606,
       0.15537144, 0.14193946, 0.13863464, 0.1313442 , 0.12087174,
       0.11181506, 0.15475832, 0.14451771, 0.16858652, 0.17794066,
       0.18241974, 0.16105876, 0.15506787, 0.17191659, 0.14652699,
       0.09842045, 0.14843739, 0.14417988, 0.12280891, 0.21326963,
       0.14785168, 0.14386891, 0.12585848, 0.20752752, 0.10748349,
       0.11749283, 0.1665662 , 0.12227068, 0.1578022 , 0.15105255,
       0.15121839, 0.19205856, 0.13564283, 0.07435428, 0.12052696,
       0.11087368, 0.19876413, 0.16899629, 0.15914581, 0.20004661,
       0.14156888, 0.13376325, 0.20296811, 0.147129  , 0.1208486 ,
       0.14078007, 0.20985032, 0.16497189, 0.14928453, 0.15762761,
       0.10600794, 0.17229182, 0.2030595 , 0.15854598, 0.1505389 ,
       0.16443339, 0.11056736, 0.14322993, 0.14145952, 0.1242391 ,
       0.19985768, 0.20259853, 0.12017743, 0.12790457, 0.13794684,
       0.19362832, 0.15115666, 0.13837735, 0.11825699, 0.14032266,
       0.15874491, 0.12712371, 0.17690632, 0.11384764, 0.14583967,
       0.13042713, 0.14135457, 0.19838308, 0.20677737, 0.17577021,
       0.14589143, 0.15097091, 0.15831768, 0.13389546, 0.14125071,
       0.17344603, 0.16083395, 0.1668529 , 0.14707386, 0.17845886,
       0.13732203, 0.13949491, 0.16770232, 0.10639748, 0.123457  ,
       0.11995994, 0.13946481, 0.10815329, 0.18216913, 0.17903532,
       0.14289927, 0.13407151, 0.14059755, 0.18928736, 0.14399371,
       0.13111931, 0.10681282, 0.18560678, 0.10463784, 0.17988395,
       0.17531655, 0.22214331, 0.15068119, 0.12345484, 0.17494425,
       0.18718297, 0.12143483, 0.14470996, 0.13968281, 0.13884951,
       0.1008593 , 0.14751237, 0.15644905, 0.17454691, 0.14656542,
       0.17026544, 0.15356847, 0.19802943, 0.13895798, 0.15454993,
       0.11971856, 0.18374919, 0.14421704, 0.18672038, 0.14910592,
       0.19727911, 0.11485885, 0.15897745, 0.15245212, 0.16314158,
       0.16649465, 0.12648945, 0.15753519, 0.21185761, 0.1695714 ,
       0.14493401, 0.19846167, 0.19002367, 0.17303389, 0.09530856,
       0.18377627, 0.10423183, 0.11264799, 0.20286551, 0.18517851,
       0.10597444, 0.11844323, 0.15245431, 0.16208882, 0.12301274,
       0.15413297, 0.1599616 , 0.1171867 , 0.20390802, 0.1125043 ,
       0.15199814, 0.11640152, 0.1403704 , 0.14280982, 0.16620989,
       0.16257   , 0.17025664, 0.16498818, 0.10781489, 0.15664438,
       0.13575478, 0.11762359, 0.21319553, 0.18958851, 0.13647936,
       0.12224152, 0.16463021, 0.17488322, 0.13233288, 0.152423  ,
       0.13811675, 0.19237605, 0.17976983, 0.21256987, 0.18352375,
       0.16027676, 0.15625272, 0.12985774, 0.13583465, 0.14615993,
       0.08701118, 0.17536109, 0.15237835, 0.11144918, 0.18802061,
       0.14897735, 0.13396241, 0.13482912, 0.10836888, 0.12789917,
       0.10607519, 0.11128942, 0.1075666 , 0.11535316, 0.11571507,
       0.15327015, 0.11305769, 0.14434232, 0.10280845, 0.14576123,
       0.16149639, 0.11312116, 0.1385531 , 0.17667855, 0.15967269,
       0.11569515, 0.19375668, 0.14869058, 0.16478426, 0.1620843 ,
       0.09604469, 0.16609856, 0.12722719, 0.09216576, 0.1781071 ,
       0.16970842, 0.1170778 , 0.1475673 , 0.13039506, 0.100792  ,
       0.10528758, 0.15979666, 0.10313635, 0.12899741, 0.15684742,
       0.17967038, 0.20942512, 0.14409338, 0.13674822, 0.14790395,
       0.12577282, 0.1261607 , 0.19332588, 0.15599509, 0.14556963,
       0.12699748, 0.11267603, 0.09710044, 0.09711336, 0.18738209,
       0.14746714, 0.18421906, 0.16354964, 0.17152151, 0.15484504,
       0.09891277, 0.12605894, 0.15178644, 0.17876389, 0.20769142,
       0.1463054 , 0.10831282, 0.15109154, 0.21883092, 0.15175165,
       0.17154018, 0.21424406, 0.11143408, 0.12510775, 0.13967286,
       0.13646704, 0.22092867, 0.18043336, 0.19252967, 0.12101991,
       0.15931377, 0.21181672, 0.20142938, 0.14594834, 0.18555607,
       0.13570134, 0.1469776 , 0.10593234, 0.15078011, 0.15965516,
       0.13263318, 0.16522571, 0.16603185, 0.17981294, 0.13299517,
       0.10860951, 0.1338818 , 0.18858815, 0.13632477, 0.12389546,
       0.18174855, 0.13785492, 0.13376279, 0.12924232, 0.10778599,
       0.15393266, 0.15966302, 0.12334089, 0.16292869, 0.17158943,
       0.12100989, 0.15641619, 0.13600148, 0.16538197, 0.16047371,
       0.11123656, 0.17989243, 0.21293298, 0.11729843, 0.1183042 ,
       0.11798205, 0.07926855, 0.12338583, 0.17851862, 0.11892876,
       0.12887747, 0.14755105, 0.12934936, 0.1758242 , 0.10543033,
       0.08715893, 0.14476013, 0.16259084, 0.14999535, 0.14136434,
       0.09323197, 0.11968895, 0.12432998, 0.16304419, 0.1162101 ,
       0.146342  , 0.10323997, 0.14266916, 0.15208196, 0.11256545,
       0.1855572 , 0.16188357, 0.12064652, 0.13108737, 0.20492345,
       0.14922277, 0.13202168, 0.13851117, 0.20562592, 0.15182232,
       0.15767315, 0.13573571, 0.10690932, 0.13670818, 0.16420106,
       0.18342079, 0.16528421, 0.15332857, 0.13052674, 0.12197146,
       0.14568524, 0.17074243, 0.11175783, 0.14908175, 0.16793782,
       0.18919739, 0.12819395, 0.15411545, 0.10946956, 0.19623215,
       0.12692653, 0.10048069, 0.13872046, 0.12966435, 0.12654591,
       0.12584017, 0.1657743 , 0.19993617, 0.15708854, 0.19389456,
       0.14577959, 0.11234506, 0.12512321, 0.17773731, 0.10238757,
       0.2064325 , 0.10029046, 0.13510808, 0.18705212, 0.19965291,
       0.17369123, 0.14463726, 0.15563774, 0.12787548, 0.12308122,
       0.10536918, 0.14950209, 0.16720465, 0.17854631, 0.21517806,
       0.14020283, 0.10611215, 0.21752474, 0.15123773, 0.11912131,
       0.1202899 , 0.1754649 , 0.10603813, 0.15011588, 0.17336441,
       0.12260054, 0.14704754, 0.1659597 , 0.14515825, 0.18141449,
       0.20219136, 0.18513202, 0.18905983, 0.21508356, 0.21649198,
       0.10099748, 0.13991628, 0.21040638, 0.15106452, 0.10202734,
       0.13780239, 0.18371837, 0.09492589, 0.16264526, 0.09841625,
       0.18710142, 0.14372   , 0.13041033, 0.14648735, 0.14391713,
       0.15889207, 0.11299706, 0.21264702, 0.12088138, 0.21926246,
       0.10517167, 0.09923636, 0.21315485, 0.11971045, 0.12393998,
       0.12610757, 0.1068178 , 0.12031949, 0.12256061, 0.10870101,
       0.15288337, 0.15261585, 0.1559698 , 0.11643905, 0.15990358,
       0.14202271, 0.17852424, 0.1504772 , 0.14666741, 0.1606211 ,
       0.19125   , 0.21440425, 0.16046962, 0.12640428, 0.1260483 ,
       0.19825507, 0.23104539, 0.15311162, 0.15719855, 0.13079139,
       0.07993545, 0.14933708, 0.1615964 , 0.18153381, 0.18797704,
       0.13596161, 0.10908389, 0.21842542, 0.1260658 , 0.15937772,
       0.13032514, 0.10458623, 0.19155743, 0.14441342, 0.11579167,
       0.15212813, 0.10692732, 0.14054914, 0.1095592 , 0.13884347,
       0.22258015, 0.14897683, 0.21823469, 0.1391063 , 0.08436761,
       0.11232013, 0.09293588, 0.14082201, 0.10878346, 0.13987211,
       0.19077773]), 'delta_distances': array([0., 0., 0., 0., 0., 0., 0., 0., 0., 0., 0., 0., 0., 0., 0., 0., 0.,
       0., 0., 0., 0., 0., 0., 0., 0., 0., 0., 0., 0., 0., 0., 0., 0., 0.,
       0., 0., 0., 0., 0., 0., 0., 0., 0., 0., 0., 0., 0., 0., 0., 0., 0.,
       0., 0., 0., 0., 0., 0., 0., 0., 0., 0., 0., 0., 0., 0., 0., 0., 0.,
       0., 0., 0., 0., 0., 0., 0., 0., 0., 0., 0., 0., 0., 0., 0., 0., 0.,
       0., 0., 0., 0., 0., 0., 0., 0., 0., 0., 0., 0., 0., 0., 0., 0., 0.,
       0., 0., 0., 0., 0., 0., 0., 0., 0., 0., 0., 0., 0., 0., 0., 0., 0.,
       0., 0., 0., 0., 0., 0., 0., 0., 0., 0., 0., 0., 0., 0., 0., 0., 0.,
       0., 0., 0., 0., 0., 0., 0., 0., 0., 0., 0., 0., 0., 0., 0., 0., 0.,
       0., 0., 0., 0., 0., 0., 0., 0., 0., 0., 0., 0., 0., 0., 0., 0., 0.,
       0., 0., 0., 0., 0., 0., 0., 0., 0., 0., 0., 0., 0., 0., 0., 0., 0.,
       0., 0., 0., 0., 0., 0., 0., 0., 0., 0., 0., 0., 0., 0., 0., 0., 0.,
       0., 0., 0., 0., 0., 0., 0., 0., 0., 0., 0., 0., 0., 0., 0., 0., 0.,
       0., 0., 0., 0., 0., 0., 0., 0., 0., 0., 0., 0., 0., 0., 0., 0., 0.,
       0., 0., 0., 0., 0., 0., 0., 0., 0., 0., 0., 0., 0., 0., 0., 0., 0.,
       0., 0., 0., 0., 0., 0., 0., 0., 0., 0., 0., 0., 0., 0., 0., 0., 0.,
       0., 0., 0., 0., 0., 0., 0., 0., 0., 0., 0., 0., 0., 0., 0., 0., 0.,
       0., 0., 0., 0., 0., 0., 0., 0., 0., 0., 0., 0., 0., 0., 0., 0., 0.,
       0., 0., 0., 0., 0., 0., 0., 0., 0., 0., 0., 0., 0., 0., 0., 0., 0.,
       0., 0., 0., 0., 0., 0., 0., 0., 0., 0., 0., 0., 0., 0., 0., 0., 0.,
       0., 0., 0., 0., 0., 0., 0., 0., 0., 0., 0., 0., 0., 0., 0., 0., 0.,
       0., 0., 0., 0., 0., 0., 0., 0., 0., 0., 0., 0., 0., 0., 0., 0., 0.,
       0., 0., 0., 0., 0., 0., 0., 0., 0., 0., 0., 0., 0., 0., 0., 0., 0.,
       0., 0., 0., 0., 0., 0., 0., 0., 0., 0., 0., 0., 0., 0., 0., 0., 0.,
       0., 0., 0., 0., 0., 0., 0., 0., 0., 0., 0., 0., 0., 0., 0., 0., 0.,
       0., 0., 0., 0., 0., 0., 0., 0., 0., 0., 0., 0., 0., 0., 0., 0., 0.,
       0., 0., 0., 0., 0., 0., 0., 0., 0., 0., 0., 0., 0., 0., 0., 0., 0.,
       0., 0., 0., 0., 0., 0., 0., 0., 0., 0., 0., 0., 0., 0., 0., 0., 0.,
       0., 0., 0., 0., 0., 0., 0., 0., 0., 0., 0., 0., 0., 0., 0., 0., 0.,
       0., 0., 0., 0., 0., 0., 0., 0., 0., 0., 0., 0., 0., 0., 0., 0., 0.,
       0., 0., 0., 0., 0., 0., 0., 0., 0., 0., 0., 0., 0., 0., 0., 0., 0.,
       0., 0., 0., 0., 0., 0., 0., 0., 0., 0., 0., 0., 0., 0., 0., 0., 0.,
       0., 0., 0., 0., 0., 0., 0., 0., 0., 0., 0., 0., 0., 0., 0., 0., 0.,
       0., 0., 0., 0., 0., 0., 0., 0., 0., 0., 0., 0., 0., 0., 0., 0., 0.,
       0., 0., 0., 0., 0., 0., 0., 0., 0., 0., 0., 0., 0., 0., 0., 0., 0.,
       0., 0., 0., 0., 0., 0., 0., 0., 0., 0., 0., 0., 0., 0., 0., 0., 0.,
       0., 0., 0., 0., 0., 0., 0., 0., 0.]), 'locations': array([25, 27, 27, 25, 23, 25, 28, 26, 23, 27, 27, 27, 26, 25, 25, 25, 26,
       27, 26, 27, 11, 26, 29, 25, 24, 26, 25, 27, 27, 25, 26, 26, 25, 26,
       26, 24, 26, 25, 25, 27, 26, 27, 26, 27, 25, 25, 25, 27, 24, 28, 27,
       26, 26, 27, 28, 28, 27, 27, 19, 23, 26, 27, 26, 27, 25, 26, 25, 27,
       26, 27, 26, 25, 26, 27, 27, 14, 27, 26, 26, 26, 26, 27, 27, 28, 26,
       27, 28, 28, 25, 26, 25, 27, 26, 26, 26, 27, 31, 28, 17, 26, 27, 27,
       25, 27, 27, 26, 28, 26, 26, 25, 27, 27, 26, 12, 27, 27, 22, 27, 26,
       26, 26, 27, 24, 27, 26, 28, 28, 23, 28, 27, 27, 25, 27, 26, 11, 25,
       27, 24, 25, 26, 28, 27, 27, 24, 28, 25, 28, 26, 26, 27, 26, 26, 27,
       26, 27, 25, 25, 27, 27, 25, 24, 12, 29, 27, 24, 25, 28, 27, 27, 26,
       26, 25, 24, 27, 25, 23, 12, 27, 26, 27, 26, 26, 25, 26, 26, 26, 25,
       26, 26, 22, 28, 27, 27, 10, 25, 26, 25, 27, 27, 27, 12, 23, 25, 23,
       25, 25, 27, 27, 27, 26, 25, 26, 26, 27, 23, 27, 26, 27, 26, 25, 28,
       25, 26, 26, 27, 24, 27, 27, 24, 26, 25, 27, 25, 27, 24, 27, 27, 27,
       25, 25, 25, 26, 25, 25, 27, 27, 25, 28, 29, 28, 28, 27, 25, 26, 28,
       27, 25, 26,  9, 27, 26, 27, 24, 24, 27, 25, 27, 28, 26, 27, 26, 27,
       24, 27, 27, 24, 25, 26, 12, 27, 27, 25, 26, 25, 26, 24, 27, 27, 26,
       27, 27, 27, 14, 27, 28, 27, 26, 26, 27, 25, 26, 26, 11, 25, 28, 28,
       27, 23, 26, 27, 26, 27, 23, 27, 24, 27, 25, 26, 24, 27, 26, 24, 27,
       26, 27, 28, 24, 26, 26, 28, 28, 26, 26, 28, 25, 25, 25, 25, 27, 24,
       28, 25, 27, 26, 25, 21, 27, 27, 24, 26, 27, 26, 25, 26, 25, 24, 27,
       26, 25, 26, 27, 27, 16, 26, 26, 27, 28, 26, 25, 12, 25, 26, 27, 26,
       27, 27, 27, 26, 19, 25, 26, 27, 25, 24, 26, 28, 11, 26, 24, 27, 26,
       11, 26, 25, 26, 28, 26, 28, 26, 25, 25, 26, 27, 27, 27, 26, 26, 26,
       27, 28, 26, 27, 24, 26, 27, 12, 25, 26, 26, 25, 25, 25, 24, 24, 28,
       26, 27, 26, 28, 26, 28, 26, 26, 27, 28, 26, 26, 26, 28, 28, 25, 27,
       26, 26, 26, 27, 27, 25, 26, 24, 28, 26, 28, 27, 26, 26, 26, 27, 27,
       26, 29, 24, 27, 25, 24, 27, 27, 27, 28, 26, 28, 27, 25, 26, 27, 26,
       23, 25, 24, 25, 25, 26, 27, 24, 23, 25, 26, 25, 27, 10, 27, 26, 26,
       28, 26, 27, 27, 25, 28, 29, 27, 27, 26, 28, 25, 27, 26, 27, 24, 29,
       26, 25, 25, 25, 26, 26, 27, 27, 25, 12, 27, 26, 18, 26, 27, 24, 26,
       27, 26, 26, 26, 27, 26, 27, 23, 26, 26, 27, 12, 25, 27, 27, 27, 27,
       27, 26, 27, 26, 27, 26, 25, 26, 25, 23, 26, 28, 26, 12, 27, 27, 28,
       27, 11, 26, 27, 26, 27, 24, 26, 27, 27, 26, 28, 25, 24, 25, 24, 24,
       26, 26, 28, 28, 27, 27, 26, 27, 25, 26, 25, 25, 27, 27, 27, 27, 11,
       27, 26, 14, 25, 27, 26, 26, 24, 27, 27, 28, 26, 26, 26, 26, 25, 28,
       11, 25, 26, 26, 28, 28, 26, 28, 26])}, {'ts_index': 369, 'loc': 29, 'gap': 0.021277865572334492, 'distances': array([0.23306421, 0.18215443, 0.22460095, 0.1931393 , 0.17209094,
       0.19827121, 0.19934086, 0.19508102, 0.13715147, 0.15388982,
       0.12427422, 0.15368281, 0.16462898, 0.17348376, 0.18075157,
       0.20703451, 0.19076265, 0.15726048, 0.19760622, 0.21552998,
       0.12467535, 0.10459495, 0.19641358, 0.19610786, 0.13127001,
       0.17371586, 0.15740379, 0.12301753, 0.18459295, 0.22530612,
       0.12546976, 0.17395202, 0.16342644, 0.19618419, 0.21473928,
       0.18022498, 0.19705156, 0.19182506, 0.21538606, 0.18599385,
       0.20038361, 0.21901958, 0.2046418 , 0.21297215, 0.18926996,
       0.20135239, 0.19013728, 0.18104315, 0.12266697, 0.14190537,
       0.20288392, 0.20661866, 0.19813014, 0.1906759 , 0.21851095,
       0.22077015, 0.18951456, 0.19063048, 0.        , 0.14047409,
       0.18401473, 0.2279024 , 0.13250334, 0.09914654, 0.2087934 ,
       0.15694611, 0.18794678, 0.17821888, 0.180331  , 0.17809838,
       0.19916141, 0.17706647, 0.14891188, 0.18763668, 0.15570054,
       0.20541407, 0.21564737, 0.17745908, 0.20173379, 0.21015196,
       0.1813985 , 0.1357899 , 0.1889893 , 0.22543466, 0.2021165 ,
       0.16205061, 0.12305101, 0.20431143, 0.15656786, 0.1916149 ,
       0.22403376, 0.13656602, 0.18284661, 0.12079226, 0.21835299,
       0.18397855, 0.19490566, 0.12212378, 0.20340189, 0.15471299,
       0.21156776, 0.21792174, 0.17346013, 0.19260727]), 'delta_distances': array([0., 0., 0., 0., 0., 0., 0., 0., 0., 0., 0., 0., 0., 0., 0., 0., 0.,
       0., 0., 0., 0., 0., 0., 0., 0., 0., 0., 0., 0., 0., 0., 0., 0., 0.,
       0., 0., 0., 0., 0., 0., 0., 0., 0., 0., 0., 0., 0., 0., 0., 0., 0.,
       0., 0., 0., 0., 0., 0., 0., 0., 0., 0., 0., 0., 0., 0., 0., 0., 0.,
       0., 0., 0., 0., 0., 0., 0., 0., 0., 0., 0., 0., 0., 0., 0., 0., 0.,
       0., 0., 0., 0., 0., 0., 0., 0., 0., 0., 0., 0., 0., 0., 0., 0., 0.,
       0., 0.]), 'locations': array([29, 28,  8, 28, 29, 28, 11, 29, 28, 29, 29, 27, 28, 28, 29,  2,  3,
       29, 28, 29, 29, 28, 31,  4, 28, 29, 29, 29, 10, 24, 29,  6, 29, 29,
        7, 28, 28, 29, 31, 29, 14, 29, 11,  4, 27, 30, 29, 29, 29, 28,  6,
       32,  8, 29, 29, 10, 12, 29, 29, 28, 30,  4, 29, 28, 31, 29,  8, 29,
       30, 28,  4, 28, 29,  9, 27, 27,  9, 30, 13, 26, 30, 29, 32,  4, 27,
       28, 28,  9, 29, 30, 30, 29, 29, 29, 10, 29, 29, 28, 29, 29, 29, 27,
       29, 28])}, {'ts_index': 612, 'loc': 4, 'gap': 0.017503639821596, 'distances': array([0.09534073, 0.10507145, 0.15358621, 0.12011646, 0.09349284,
       0.08161081, 0.14721448, 0.09483737, 0.09500372, 0.13097274,
       0.11535729, 0.17154211, 0.10197173, 0.14964437, 0.14767644,
       0.07451444, 0.10259674, 0.10814043, 0.10770437, 0.12386695,
       0.10048524, 0.07677971, 0.13522381, 0.07695333, 0.14444039,
       0.09992754, 0.10538415, 0.10193281, 0.15034339, 0.10364309,
       0.08986911, 0.13239939, 0.14677355, 0.11526784, 0.1039762 ,
       0.12123013, 0.08808854, 0.10707509, 0.09272274, 0.10121265,
       0.10965806, 0.13160833, 0.0962078 , 0.15099075, 0.1022858 ,
       0.10808451, 0.1432438 , 0.15423768, 0.10427158, 0.1356248 ,
       0.08715026, 0.1372511 , 0.1061443 , 0.15572928, 0.0968448 ,
       0.12109258, 0.14280088, 0.18710212, 0.10066182, 0.10621094,
       0.13270733, 0.07540287, 0.15179991, 0.12289381, 0.13077217,
       0.08868692, 0.10705538, 0.14498926, 0.11528469, 0.09392935,
       0.09562681, 0.10886026, 0.12419161, 0.1054121 , 0.09765411,
       0.09355648, 0.0976817 , 0.11078869, 0.09156426, 0.08235534,
       0.10862572, 0.09704316, 0.14086586, 0.        , 0.11183698]), 'delta_distances': array([0., 0., 0., 0., 0., 0., 0., 0., 0., 0., 0., 0., 0., 0., 0., 0., 0.,
       0., 0., 0., 0., 0., 0., 0., 0., 0., 0., 0., 0., 0., 0., 0., 0., 0.,
       0., 0., 0., 0., 0., 0., 0., 0., 0., 0., 0., 0., 0., 0., 0., 0., 0.,
       0., 0., 0., 0., 0., 0., 0., 0., 0., 0., 0., 0., 0., 0., 0., 0., 0.,
       0., 0., 0., 0., 0., 0., 0., 0., 0., 0., 0., 0., 0., 0., 0., 0., 0.]), 'locations': array([4, 4, 4, 3, 4, 3, 4, 4, 4, 4, 3, 3, 4, 2, 4, 4, 4, 3, 4, 3, 4, 4,
       3, 4, 5, 4, 4, 3, 3, 3, 4, 3, 3, 3, 4, 3, 3, 4, 4, 2, 4, 3, 4, 4,
       3, 3, 4, 3, 4, 4, 4, 5, 4, 2, 4, 3, 4, 2, 4, 3, 4, 3, 5, 4, 3, 4,
       4, 3, 4, 3, 4, 3, 3, 3, 3, 4, 3, 4, 5, 4, 4, 4, 4, 4, 3])}, {'ts_index': 45, 'loc': 32, 'gap': 0.01776473343668661, 'distances': array([0.17504891, 0.        , 0.19829499, 0.23919586, 0.21109851,
       0.16256516, 0.18188814, 0.17078293, 0.19386402, 0.19960727,
       0.16535986, 0.23680683, 0.18690526, 0.25358931, 0.17218958,
       0.24691101, 0.1796187 ]), 'delta_distances': array([0., 0., 0., 0., 0., 0., 0., 0., 0., 0., 0., 0., 0., 0., 0., 0., 0.]), 'locations': array([33, 32, 32, 33, 34, 33, 32, 32, 31, 32, 32,  0, 17, 12, 31, 30, 32])}, {'ts_index': 80, 'loc': 16, 'gap': 0.059178865167854464, 'distances': array([0.        , 0.18412958, 0.12495071, 0.22498804]), 'delta_distances': array([0., 0., 0., 0.]), 'locations': array([16,  6, 19, 20])}], 'clusters': array([1, 1, 1, 1, 1, 1, 1, 1, 3, 1, 1, 1, 1, 1, 1, 1, 1, 1, 3, 1, 1, 1,
       1, 1, 1, 1, 1, 1, 1, 1, 1, 4, 1, 3, 1, 1, 1, 1, 1, 3, 1, 1, 3, 1,
       1, 4, 1, 3, 2, 1, 3, 1, 1, 1, 1, 1, 1, 1, 2, 3, 3, 1, 1, 1, 1, 1,
       1, 1, 1, 1, 4, 1, 1, 1, 1, 3, 1, 1, 1, 1, 5, 1, 1, 1, 1, 1, 1, 1,
       1, 1, 1, 1, 1, 1, 1, 1, 4, 1, 3, 1, 1, 1, 1, 1, 1, 3, 1, 1, 3, 1,
       1, 1, 1, 2, 1, 1, 1, 1, 1, 1, 1, 1, 1, 1, 1, 1, 1, 1, 1, 1, 1, 1,
       1, 1, 2, 1, 1, 1, 3, 1, 1, 1, 1, 1, 1, 1, 3, 1, 1, 1, 1, 2, 1, 1,
       3, 1, 1, 3, 1, 1, 1, 2, 1, 1, 1, 1, 1, 3, 1, 1, 1, 1, 1, 1, 1, 3,
       2, 1, 1, 1, 4, 1, 1, 1, 1, 1, 1, 1, 1, 1, 1, 1, 3, 3, 1, 1, 1, 1,
       1, 1, 1, 1, 1, 1, 1, 1, 1, 1, 1, 1, 1, 1, 1, 1, 1, 1, 1, 1, 3, 1,
       1, 1, 4, 1, 1, 1, 3, 1, 1, 1, 3, 1, 1, 1, 1, 1, 1, 1, 1, 1, 1, 1,
       3, 1, 1, 1, 4, 1, 3, 1, 3, 1, 1, 1, 1, 1, 1, 1, 3, 1, 1, 3, 3, 1,
       1, 3, 1, 1, 3, 3, 1, 1, 1, 1, 1, 1, 1, 1, 2, 1, 1, 1, 1, 1, 1, 1,
       1, 1, 1, 1, 1, 1, 2, 3, 1, 1, 1, 1, 1, 1, 1, 3, 1, 4, 3, 1, 1, 1,
       1, 1, 1, 1, 1, 1, 3, 1, 1, 1, 1, 1, 1, 1, 1, 1, 1, 1, 1, 1, 1, 1,
       1, 1, 1, 1, 1, 1, 4, 1, 1, 1, 1, 1, 1, 1, 1, 1, 1, 1, 1, 1, 1, 1,
       1, 1, 1, 1, 4, 1, 1, 1, 1, 1, 3, 1, 1, 1, 1, 1, 1, 2, 1, 2, 1, 1,
       1, 1, 1, 1, 1, 3, 1, 1, 1, 3, 1, 1, 2, 1, 1, 1, 1, 2, 1, 3, 1, 1,
       3, 0, 1, 3, 1, 1, 1, 1, 1, 1, 1, 1, 1, 1, 1, 1, 3, 1, 1, 1, 1, 1,
       1, 1, 1, 1, 1, 1, 1, 1, 1, 1, 1, 1, 1, 1, 4, 1, 1, 1, 1, 1, 1, 1,
       1, 1, 1, 1, 1, 1, 1, 1, 1, 1, 1, 1, 1, 1, 1, 1, 1, 1, 1, 1, 5, 1,
       1, 1, 3, 1, 1, 1, 2, 1, 1, 1, 1, 1, 1, 3, 1, 1, 1, 1, 1, 1, 1, 1,
       1, 3, 1, 1, 1, 3, 1, 1, 1, 1, 1, 1, 1, 4, 1, 3, 1, 1, 1, 1, 1, 3,
       1, 1, 3, 3, 1, 1, 1, 1, 1, 1, 1, 1, 1, 2, 1, 1, 0, 1, 1, 1, 1, 1,
       1, 1, 1, 1, 1, 1, 1, 3, 3, 3, 2, 3, 1, 1, 3, 1, 1, 1, 3, 1, 1, 1,
       3, 1, 1, 1, 1, 1, 1, 2, 1, 3, 1, 1, 2, 1, 1, 1, 1, 1, 1, 1, 1, 1,
       1, 1, 1, 1, 1, 1, 1, 1, 3, 3, 1, 1, 1, 3, 2, 1, 1, 1, 1, 1, 1, 1,
       3, 1, 1, 3, 1, 1, 1, 1, 3, 1, 1, 1, 1, 1, 1, 1, 4, 1, 3, 1, 1, 1,
       1, 1, 1, 1, 3]), 'time': 72.48966693878174}
