lenSubsequence: 14{'RI': 0.4996167764450197, 'num_clusters': 5, 'uShapelets': [{'ts_index': 1005, 'loc': 21, 'gap': 0.08080719751785059, 'distances': array([0.21929952, 0.26793932, 0.3702079 , ..., 0.17851338, 0.34280169,
       0.18537068]), 'delta_distances': array([0., 0., 0., ..., 0., 0., 0.]), 'locations': array([25, 23, 26, ..., 23, 26, 25])}, {'ts_index': 522, 'loc': 21, 'gap': 0.1015758272794357, 'distances': array([0.64754494, 0.33208311, 0.59798944, 0.30348048, 0.33600172,
       0.49200471, 0.61300684, 0.56168567, 0.53681543, 0.58853133,
       0.46179436, 0.49868643, 0.7005887 , 0.50435591, 0.6430264 ,
       0.53726233, 0.22084627, 0.70882568, 0.6685692 , 0.67396709,
       0.45737941, 0.27612324, 0.51157214, 0.62028185, 0.67259282,
       0.33108991, 0.35279263, 0.47192347, 0.5298666 , 0.61829594,
       0.7028932 , 0.71343548, 0.70396326, 0.67393213, 0.69540971,
       0.65967505, 0.55314059, 0.59716947, 0.61529474, 0.59285162,
       0.6583275 , 0.54242925, 0.6168372 , 0.67332211, 0.61082464,
       0.60603271, 0.39296993, 0.46104603, 0.50926073, 0.57081508,
       0.60846708, 0.53061884, 0.56124488, 0.64706808, 0.63497169,
       0.3968381 , 0.49193642, 0.66631284, 0.33095212, 0.63359105,
       0.68412345, 0.41810453, 0.62108076, 0.67380395, 0.65828039,
       0.6675262 , 0.58677392, 0.57323136, 0.68079882, 0.65419048,
       0.53971835, 0.49936725, 0.6364694 , 0.32154791, 0.58587518,
       0.49216246, 0.5293497 , 0.62432256, 0.55431242, 0.69497745,
       0.58421614, 0.67612814, 0.68038454, 0.        , 0.46802335,
       0.63932948, 0.41485607, 0.66924679, 0.60303922, 0.41900211,
       0.4009941 , 0.56446732, 0.68159773, 0.39279541, 0.59795265,
       0.62364325, 0.371119  , 0.70075561, 0.37916796, 0.58130416,
       0.4306782 , 0.45795107, 0.31313052, 0.6953606 , 0.55187352,
       0.67884359, 0.38766426, 0.31514805, 0.63470269, 0.65812688,
       0.48241317, 0.68856321, 0.59837444, 0.20926417, 0.4024723 ,
       0.31146273, 0.62913318, 0.68500543, 0.58907336, 0.49817191,
       0.60101682, 0.46644916, 0.70033529, 0.46558741, 0.65108138,
       0.39695076, 0.47999365, 0.6668036 , 0.56779318, 0.49280765,
       0.63564272, 0.57579189, 0.58351451, 0.63336445, 0.66225605,
       0.62238909, 0.62714909, 0.52500309, 0.54726069, 0.21480643,
       0.6760826 , 0.51048296, 0.60203721, 0.62497079, 0.68227106,
       0.63239617, 0.34708289, 0.50908472, 0.62401355, 0.63451887,
       0.64693272, 0.58560522, 0.63311826, 0.70854112, 0.54655513,
       0.52148201, 0.4012201 , 0.68663357, 0.54527817, 0.71352906,
       0.47497854, 0.55393877, 0.63940624, 0.35489696, 0.56061278,
       0.70463728, 0.47707983, 0.53267971, 0.64074433, 0.52396019,
       0.56014947, 0.67461989, 0.37355603, 0.45695895, 0.64721032,
       0.67417235, 0.55177658, 0.46811227, 0.46460775, 0.3355821 ,
       0.68092806, 0.50045338, 0.34052711, 0.69766284, 0.62394581,
       0.52814566, 0.5080243 , 0.67445359, 0.56353166, 0.37274795,
       0.40549265, 0.44380524, 0.54474862, 0.53773538, 0.67201197]), 'delta_distances': array([0., 0., 0., 0., 0., 0., 0., 0., 0., 0., 0., 0., 0., 0., 0., 0., 0.,
       0., 0., 0., 0., 0., 0., 0., 0., 0., 0., 0., 0., 0., 0., 0., 0., 0.,
       0., 0., 0., 0., 0., 0., 0., 0., 0., 0., 0., 0., 0., 0., 0., 0., 0.,
       0., 0., 0., 0., 0., 0., 0., 0., 0., 0., 0., 0., 0., 0., 0., 0., 0.,
       0., 0., 0., 0., 0., 0., 0., 0., 0., 0., 0., 0., 0., 0., 0., 0., 0.,
       0., 0., 0., 0., 0., 0., 0., 0., 0., 0., 0., 0., 0., 0., 0., 0., 0.,
       0., 0., 0., 0., 0., 0., 0., 0., 0., 0., 0., 0., 0., 0., 0., 0., 0.,
       0., 0., 0., 0., 0., 0., 0., 0., 0., 0., 0., 0., 0., 0., 0., 0., 0.,
       0., 0., 0., 0., 0., 0., 0., 0., 0., 0., 0., 0., 0., 0., 0., 0., 0.,
       0., 0., 0., 0., 0., 0., 0., 0., 0., 0., 0., 0., 0., 0., 0., 0., 0.,
       0., 0., 0., 0., 0., 0., 0., 0., 0., 0., 0., 0., 0., 0., 0., 0., 0.,
       0., 0., 0., 0., 0., 0., 0., 0.]), 'locations': array([21, 20, 37, 20, 21, 19, 18, 22, 23, 20, 22, 21, 16, 21, 25, 19, 21,
       11,  4, 15, 21, 23, 19, 10, 21, 22, 20, 22, 20, 24,  8,  9,  3, 27,
       18, 29, 20, 23, 25,  4, 22, 22, 25, 19, 21, 23, 20, 19, 34, 19, 23,
       22, 21, 25, 25, 21, 21, 19, 20, 36, 15, 23, 25, 13,  7, 37, 22, 10,
       10, 25, 22, 22, 26, 23, 21, 20, 22,  1, 19, 17, 23, 22, 25, 21, 22,
       24, 21, 23, 19, 20, 21, 26, 19, 22, 21, 18, 21, 33, 20, 23, 23, 21,
       23, 11, 23,  5, 20, 22, 22, 38, 20, 19, 21, 20, 19, 23, 19, 27, 23,
       20, 27, 23,  0, 21, 33, 21, 21, 17, 22, 20, 22, 19, 25, 18, 16, 66,
       24, 20, 23, 20, 26, 21, 24, 21, 17, 20, 20, 21, 22, 23, 21, 20, 16,
       67, 19, 20, 23, 38, 25,  9, 21, 25, 20, 20, 23,  9, 22, 20, 36, 20,
       24, 21, 21, 22, 19, 20, 25, 18, 20, 23, 17, 20, 24, 10, 19, 20, 19,
        7, 21, 21, 21, 23, 21, 22, 14])}, {'ts_index': 139, 'loc': 18, 'gap': 0.09205199974209133, 'distances': array([0.21285663, 0.29901284, 0.51690879, 0.38790578, 0.39062741,
       0.29021354, 0.5039908 , 0.51613357, 0.49655609, 0.24321176,
       0.45805345, 0.39564267, 0.37199774, 0.3708103 , 0.49286076,
       0.        , 0.40735082, 0.39497361, 0.39197104, 0.5327296 ,
       0.38607883, 0.54331367, 0.42785087, 0.10435194, 0.29764563,
       0.25580715, 0.38055476, 0.2713212 , 0.28697557, 0.4026338 ,
       0.30597481, 0.36941584, 0.16065485, 0.18738462, 0.39343778,
       0.25485075, 0.26302765, 0.52427386, 0.21451382, 0.52045767,
       0.49379038, 0.51583671, 0.32038977, 0.4098659 , 0.52121207,
       0.33522983, 0.38148035, 0.43916013, 0.22169264, 0.25219019,
       0.18630427, 0.25517781, 0.34081143, 0.25631008, 0.3028895 ,
       0.38531269, 0.32301695, 0.21414444, 0.33451917, 0.41752018,
       0.29419102, 0.35065672, 0.50901993, 0.52611245, 0.43233565,
       0.34141192, 0.25412424, 0.35908429, 0.16231682, 0.35974015,
       0.33638586, 0.47801465, 0.28382436, 0.25884027, 0.54474898,
       0.53975374, 0.39214811, 0.33975585, 0.45291002, 0.43406577,
       0.2574464 , 0.20072547, 0.52305629, 0.56776537, 0.20303463,
       0.39855579, 0.25222322, 0.23242144, 0.16312614, 0.49230976,
       0.24825654, 0.54010183, 0.28397456, 0.15439854, 0.41625882,
       0.43300342, 0.31679989, 0.42856733, 0.47326623, 0.55219093,
       0.32060848, 0.4588656 , 0.27648157, 0.49767268, 0.5038119 ,
       0.29334257, 0.53511609, 0.40761045, 0.28929133, 0.21696792,
       0.44892418, 0.373068  , 0.51262825, 0.40724967, 0.34945933,
       0.48699485, 0.41864936, 0.18620624, 0.18456041, 0.36371354,
       0.29052572, 0.27453327, 0.34259049, 0.31580257, 0.53254294,
       0.29215383, 0.21309486, 0.51983678, 0.4675191 , 0.20672369,
       0.41141163, 0.1356058 , 0.52390578, 0.32638186, 0.36689006,
       0.20061312, 0.26299068, 0.37432453, 0.40264258, 0.53474037,
       0.55275348, 0.44454188, 0.18444373, 0.45547503, 0.46812164,
       0.27515249, 0.3337567 , 0.52823937, 0.50975433, 0.29483999,
       0.52213393, 0.21140925, 0.3195796 , 0.49786671, 0.41584222,
       0.22991537, 0.30317829, 0.40493722, 0.24848394, 0.51049258,
       0.24141531]), 'delta_distances': array([0., 0., 0., 0., 0., 0., 0., 0., 0., 0., 0., 0., 0., 0., 0., 0., 0.,
       0., 0., 0., 0., 0., 0., 0., 0., 0., 0., 0., 0., 0., 0., 0., 0., 0.,
       0., 0., 0., 0., 0., 0., 0., 0., 0., 0., 0., 0., 0., 0., 0., 0., 0.,
       0., 0., 0., 0., 0., 0., 0., 0., 0., 0., 0., 0., 0., 0., 0., 0., 0.,
       0., 0., 0., 0., 0., 0., 0., 0., 0., 0., 0., 0., 0., 0., 0., 0., 0.,
       0., 0., 0., 0., 0., 0., 0., 0., 0., 0., 0., 0., 0., 0., 0., 0., 0.,
       0., 0., 0., 0., 0., 0., 0., 0., 0., 0., 0., 0., 0., 0., 0., 0., 0.,
       0., 0., 0., 0., 0., 0., 0., 0., 0., 0., 0., 0., 0., 0., 0., 0., 0.,
       0., 0., 0., 0., 0., 0., 0., 0., 0., 0., 0., 0., 0., 0., 0., 0., 0.,
       0., 0., 0., 0., 0., 0., 0., 0.]), 'locations': array([17, 19, 59, 20, 16, 17, 19, 50, 16, 19, 20, 19, 18, 19, 18, 18, 16,
       20, 17, 15, 17, 45, 36, 18, 19, 19, 18, 20, 17, 19, 18, 21, 20, 17,
       18, 20, 20, 44, 18, 48, 48, 34, 18, 17, 21, 19, 19, 22, 21, 18, 17,
       19, 18, 20, 16, 18, 21, 19, 18, 19, 16, 19, 20, 19, 18, 18, 20, 20,
       19, 17, 20, 17, 20, 19, 44, 54, 21, 20, 16, 19, 18, 19, 37, 50, 17,
       18, 21, 18, 19, 48, 18, 43, 18, 19, 18, 17, 21, 18, 38,  4, 18, 22,
       21, 18,  1, 17, 19, 20, 22, 19, 44, 19, 15, 18, 17, 63, 20, 17, 19,
       19, 17, 18, 19, 20,  6, 17, 19, 19, 19, 17, 18, 17, 51, 20, 19, 17,
       20, 19, 19, 20, 49, 19, 16, 19, 21, 19, 21, 47, 67, 19, 37, 19, 18,
       17, 18, 18, 17, 16, 17,  5, 20])}, {'ts_index': 665, 'loc': 18, 'gap': 0.08218339236962124, 'distances': array([0.45788208, 0.20844857, 0.39082936, 0.48028482, 0.53736855,
       0.23498526, 0.30215458, 0.35434198, 0.47126562, 0.41666663,
       0.28773836, 0.35081381, 0.27743708, 0.28532608, 0.32119215,
       0.47752187, 0.27611592, 0.33625389, 0.23287121, 0.        ,
       0.53736075, 0.319426  , 0.32611516, 0.28916467, 0.27913703,
       0.34555683, 0.1742382 , 0.30979061, 0.38071313, 0.21982577,
       0.25771789, 0.35654022, 0.16030962, 0.41277913, 0.46516683,
       0.35116674]), 'delta_distances': array([0., 0., 0., 0., 0., 0., 0., 0., 0., 0., 0., 0., 0., 0., 0., 0., 0.,
       0., 0., 0., 0., 0., 0., 0., 0., 0., 0., 0., 0., 0., 0., 0., 0., 0.,
       0., 0.]), 'locations': array([18, 18, 20, 27,  2, 18, 18, 20, 17, 18, 17, 19, 19, 18, 18, 18, 21,
       18, 19, 18, 12, 20, 18, 18, 19, 19, 18, 17, 18, 18, 19, 17, 19, 22,
       26, 20])}, {'ts_index': 50, 'loc': 17, 'gap': 0.18497028835103968, 'distances': array([0.        , 0.22721539, 0.41845871, 0.16704417, 0.1301624 ,
       0.42367469, 0.22555696]), 'delta_distances': array([0., 0., 0., 0., 0., 0., 0.]), 'locations': array([17, 19,  2, 17, 18, 11, 18])}], 'clusters': array([1, 1, 1, ..., 1, 1, 1]), 'time': 651.4450128078461}
lenSubsequence: 17{'RI': 0.49972203320480146, 'num_clusters': 4, 'uShapelets': [{'ts_index': 1130, 'loc': 25, 'gap': 0.07102835393789464, 'distances': array([0.15179259, 0.19610705, 0.30823407, ..., 0.21046791, 0.28832399,
       0.20358178]), 'delta_distances': array([0., 0., 0., ..., 0., 0., 0.]), 'locations': array([23, 21, 24, ..., 22, 26, 22])}, {'ts_index': 742, 'loc': 18, 'gap': 0.11863220056664703, 'distances': array([0.72177944, 0.9195755 , 0.38089382, 0.94248484, 0.87124721,
       0.94631787, 0.87486186, 0.91725186, 0.68264933, 0.81524974,
       0.69964245, 0.91462183, 0.83937812, 0.93584559, 0.49650312,
       0.7813779 , 0.82892357, 0.87123777, 0.32332323, 0.19590245,
       0.55119582, 0.8971828 , 0.9420051 , 0.88716226, 0.75749982,
       0.90474988, 0.93585536, 0.94460318, 0.95257215, 0.52543295,
       0.55274279, 0.32563588, 0.89846699, 0.53240525, 0.77225201,
       0.77249264, 0.72721846, 0.57792946, 0.69998384, 0.72398086,
       0.899566  , 0.8726678 , 0.92868801, 0.83486127, 0.9234084 ,
       0.81275975, 0.65623329, 0.89925469, 0.8359477 , 0.72622404,
       0.92493956, 0.79444351, 0.89613294, 0.80047847, 0.93399286,
       0.89732882, 0.69481916, 0.45737496, 0.7439969 , 0.71677008,
       0.77346365, 0.73965994, 0.47594799, 0.93517409, 0.78493206,
       0.73367662, 0.81646398, 0.94846983, 0.9343346 , 0.92245127,
       0.94904141, 0.84531264, 0.86144932, 0.83638193, 0.6943987 ,
       0.93877643, 0.75780026, 0.55912211, 0.93845138, 0.78718633,
       0.89338625, 0.95591642, 0.89913111, 0.86007143, 0.83606404,
       0.9560042 , 0.85591344, 0.79972154, 0.92195862, 0.86177532,
       0.92417182, 0.90716417, 0.84298225, 0.78150597, 0.86710757,
       0.38663392, 0.89549736, 0.91273766, 0.59206748, 0.88752008,
       0.95048436, 0.95140196, 0.94562911, 0.72040068, 0.82387159,
       0.89043113, 0.53293029, 0.90509941, 0.94832677, 0.48868482,
       0.8988486 , 0.69832919, 0.95088197, 0.88059968, 0.92788493,
       0.94423519, 0.93429423, 0.60822996, 0.88017358, 0.83780562,
       0.94497766, 0.        , 0.91851917, 0.95231451, 0.73848626,
       0.95370931, 0.53804587, 0.87276981, 0.81792163, 0.78407368,
       0.92721383, 0.64632972, 0.87824451, 0.8778527 , 0.85027927,
       0.82120289, 0.91627011, 0.61996287, 0.75949171, 0.71307564,
       0.92217089, 0.74664805, 0.89272483, 0.70552234, 0.58559089,
       0.74898699, 0.87869464, 0.73955297, 0.53537383, 0.92980968,
       0.94712112, 0.6447182 , 0.83830889, 0.48225578, 0.94358334,
       0.914327  , 0.89989951, 0.86447772, 0.70676633, 0.87669296,
       0.90324982, 0.9192096 , 0.60683444, 0.81927936, 0.75248437,
       0.70852433, 0.89183837, 0.5688115 , 0.95550353, 0.91902914,
       0.85635979, 0.68437209, 0.68509109, 0.91984297, 0.95220361,
       0.89280688, 0.72508449, 0.94726428, 0.88635097, 0.89787051,
       0.62827408, 0.93531483, 0.89666854, 0.89549395, 0.77508546,
       0.91515187, 0.76269945, 0.59087189, 0.75285937, 0.92255162,
       0.84220417, 0.857012  , 0.84115798, 0.69206453, 0.59887241]), 'delta_distances': array([0., 0., 0., 0., 0., 0., 0., 0., 0., 0., 0., 0., 0., 0., 0., 0., 0.,
       0., 0., 0., 0., 0., 0., 0., 0., 0., 0., 0., 0., 0., 0., 0., 0., 0.,
       0., 0., 0., 0., 0., 0., 0., 0., 0., 0., 0., 0., 0., 0., 0., 0., 0.,
       0., 0., 0., 0., 0., 0., 0., 0., 0., 0., 0., 0., 0., 0., 0., 0., 0.,
       0., 0., 0., 0., 0., 0., 0., 0., 0., 0., 0., 0., 0., 0., 0., 0., 0.,
       0., 0., 0., 0., 0., 0., 0., 0., 0., 0., 0., 0., 0., 0., 0., 0., 0.,
       0., 0., 0., 0., 0., 0., 0., 0., 0., 0., 0., 0., 0., 0., 0., 0., 0.,
       0., 0., 0., 0., 0., 0., 0., 0., 0., 0., 0., 0., 0., 0., 0., 0., 0.,
       0., 0., 0., 0., 0., 0., 0., 0., 0., 0., 0., 0., 0., 0., 0., 0., 0.,
       0., 0., 0., 0., 0., 0., 0., 0., 0., 0., 0., 0., 0., 0., 0., 0., 0.,
       0., 0., 0., 0., 0., 0., 0., 0., 0., 0., 0., 0., 0., 0., 0., 0., 0.,
       0., 0., 0., 0., 0., 0., 0., 0.]), 'locations': array([17, 16, 19, 19, 19, 55, 19, 51, 20, 16, 17, 37, 19, 14, 19, 20, 19,
       60, 20, 19, 18, 47, 13, 47, 61, 15, 48,  1, 19, 18, 19, 19, 17, 20,
       17, 18, 21, 20, 17, 20, 59, 33, 34, 19, 46, 18, 18, 20, 21, 19, 43,
       20, 18, 22, 19, 14, 22, 17, 17, 19, 19, 20, 19, 17, 18, 16, 19,  2,
       14,  5, 14, 20, 19, 21, 20, 54, 20, 19, 53, 17, 17, 42, 18, 32, 61,
       16, 18, 19, 64, 19, 18, 10, 18, 20, 37, 18, 19, 18, 19, 22, 13, 14,
       41, 17, 18, 16, 21,  1, 43, 19, 48, 18, 47, 63, 56, 56, 39, 19, 64,
       18, 13, 18, 20,  4, 18,  2, 21, 19, 19, 18, 48, 19, 44, 20, 20, 62,
       63, 17, 19, 19, 44, 17, 34, 18, 20, 19, 20, 17, 19, 62, 49, 17, 18,
       17, 52,  0, 64, 17, 19, 22, 63, 19, 17, 19, 19, 20, 20, 16, 36, 57,
       19, 21, 19, 18, 36, 60, 20, 56, 19, 57, 20, 14, 57, 56, 62, 16, 18,
       18, 17, 47, 20, 58, 16, 17, 20])}, {'ts_index': 462, 'loc': 15, 'gap': 0.1151660395297408, 'distances': array([0.44820435, 0.22901079, 0.22545759, 0.37339792, 0.1541989 ,
       0.30258353, 0.34128275, 0.45447514, 0.32476737, 0.20159744,
       0.35001854, 0.28613059, 0.33629375, 0.434551  , 0.23420182,
       0.30480496, 0.20064319, 0.13518182, 0.47656762, 0.20884659,
       0.31223111, 0.26621218, 0.30687598, 0.2266291 , 0.51618286,
       0.41956826, 0.50672381, 0.54839717, 0.52849061, 0.20741198,
       0.33809804, 0.18697891, 0.3103889 , 0.2700514 , 0.36743364,
       0.35940413, 0.3700452 , 0.5198225 , 0.346589  , 0.49244763,
       0.30836889, 0.39624583, 0.2187754 , 0.35756541, 0.36736714,
       0.35320084, 0.48628873, 0.56157579, 0.51703885, 0.1665371 ,
       0.5459657 , 0.42152842, 0.53237648, 0.        , 0.18066939,
       0.34028379, 0.3020964 , 0.38961896, 0.36651893, 0.44898912,
       0.43313495, 0.25373686, 0.37094182, 0.26274496, 0.46765408,
       0.30486935, 0.10685825, 0.29710686, 0.29086311, 0.38932064,
       0.37132637, 0.44767101, 0.19109619, 0.28196595, 0.2842722 ,
       0.34534218, 0.31415243, 0.53181369, 0.51597444, 0.32537686,
       0.28837632, 0.33933659, 0.26289305, 0.26803856, 0.16478122,
       0.20624992, 0.53103385, 0.30829285, 0.28190758, 0.22439523,
       0.26488052, 0.2466083 , 0.48368737, 0.23952433, 0.24105356,
       0.28061462, 0.13455678, 0.28387991, 0.19735546, 0.27608457,
       0.23009735, 0.24018912, 0.28210587, 0.50188927, 0.23944554,
       0.37785663, 0.2745078 , 0.50131275, 0.0870713 , 0.30940979,
       0.32000316, 0.41405296, 0.15200917, 0.166006  , 0.55315053,
       0.34969884, 0.098656  , 0.48022586, 0.27090277, 0.50773663,
       0.23958447, 0.27233256, 0.50629042, 0.10019543, 0.19277741,
       0.38299881, 0.20552544, 0.18767296, 0.29121854, 0.22409195,
       0.43748959, 0.26137727, 0.18131929, 0.27780613, 0.39876835,
       0.37488447, 0.22103758, 0.3093137 , 0.13595502, 0.29184575,
       0.37385485, 0.50985914, 0.3235486 , 0.22059393, 0.23267149,
       0.49193878, 0.22501609, 0.42570219, 0.24976076, 0.15151187,
       0.33937234, 0.26694459, 0.48808228, 0.3352805 , 0.37218038,
       0.48919582, 0.2974759 , 0.23289051, 0.22714132, 0.31431745,
       0.47849605]), 'delta_distances': array([0., 0., 0., 0., 0., 0., 0., 0., 0., 0., 0., 0., 0., 0., 0., 0., 0.,
       0., 0., 0., 0., 0., 0., 0., 0., 0., 0., 0., 0., 0., 0., 0., 0., 0.,
       0., 0., 0., 0., 0., 0., 0., 0., 0., 0., 0., 0., 0., 0., 0., 0., 0.,
       0., 0., 0., 0., 0., 0., 0., 0., 0., 0., 0., 0., 0., 0., 0., 0., 0.,
       0., 0., 0., 0., 0., 0., 0., 0., 0., 0., 0., 0., 0., 0., 0., 0., 0.,
       0., 0., 0., 0., 0., 0., 0., 0., 0., 0., 0., 0., 0., 0., 0., 0., 0.,
       0., 0., 0., 0., 0., 0., 0., 0., 0., 0., 0., 0., 0., 0., 0., 0., 0.,
       0., 0., 0., 0., 0., 0., 0., 0., 0., 0., 0., 0., 0., 0., 0., 0., 0.,
       0., 0., 0., 0., 0., 0., 0., 0., 0., 0., 0., 0., 0., 0., 0., 0., 0.,
       0., 0., 0., 0., 0., 0., 0., 0.]), 'locations': array([16, 15, 15, 17, 15, 14, 17, 17, 18, 15, 15, 18, 16, 13, 16, 16, 17,
       18, 18, 16, 17, 15, 15, 19, 24, 18, 20, 11, 14, 16, 14, 17, 14, 16,
       13, 15, 16, 20, 14, 15, 16, 16, 15, 21, 16, 18, 19,  8, 22, 17, 20,
       17, 14, 15, 15, 14, 17, 15, 15, 17, 14, 18, 15, 16, 23, 15, 16, 16,
       16, 19, 15, 13, 14, 17, 15, 16, 17, 16, 13, 16, 15, 18, 18, 17, 15,
       18, 12, 17, 16, 15, 17, 15, 14, 16, 17, 14, 15, 17, 16, 18, 16, 15,
       16, 22, 16, 15, 14, 23, 17, 15, 15, 18, 15, 18, 12, 15, 15, 16, 15,
       16, 14, 14, 16, 16, 18, 20, 15, 15, 16, 18, 15, 16, 15, 15, 17, 15,
       15, 15, 15, 16, 17, 15, 13, 15, 18, 15, 15, 15, 19, 15, 16, 16, 14,
       18, 14, 16, 19, 16, 16, 18, 16])}], 'clusters': array([1, 1, 1, ..., 1, 1, 1]), 'time': 583.9295618534088}
lenSubsequence: 20{'RI': 0.4997783678086284, 'num_clusters': 5, 'uShapelets': [{'ts_index': 726, 'loc': 20, 'gap': 0.06299769822246842, 'distances': array([0.14062937, 0.18523204, 0.25066826, ..., 0.16445644, 0.26568237,
       0.20496374]), 'delta_distances': array([0., 0., 0., ..., 0., 0., 0.]), 'locations': array([21, 20, 23, ..., 20, 24, 22])}, {'ts_index': 862, 'loc': 22, 'gap': 0.10301352858262708, 'distances': array([0.50980446, 0.34794805, 0.63402087, 0.3997606 , 0.29371986,
       0.20920831, 0.50938755, 0.40296409, 0.59922631, 0.51427785,
       0.31904917, 0.58601535, 0.57467261, 0.51167371, 0.54527405,
       0.53911236, 0.53627465, 0.33645782, 0.59871281, 0.60477568,
       0.56388729, 0.33453812, 0.17197978, 0.45740254, 0.4397938 ,
       0.39634785, 0.36516476, 0.40526365, 0.3700633 , 0.4055915 ,
       0.58661112, 0.66179351, 0.62336464, 0.59114666, 0.4756799 ,
       0.47594413, 0.44222051, 0.57478553, 0.56057734, 0.54795193,
       0.51060721, 0.31755135, 0.47401878, 0.45342286, 0.5111938 ,
       0.48603515, 0.48945073, 0.48720317, 0.52210088, 0.49285877,
       0.56756506, 0.34940839, 0.55234251, 0.54447255, 0.4961601 ,
       0.45322184, 0.53092735, 0.56498651, 0.59104474, 0.39019668,
       0.4868577 , 0.53599044, 0.50641057, 0.54242903, 0.54711276,
       0.61290352, 0.23577765, 0.5362364 , 0.44503073, 0.53495797,
       0.16594486, 0.25919111, 0.5514386 , 0.54932433, 0.53311031,
       0.58736946, 0.49767017, 0.48605984, 0.51607637, 0.26806269,
       0.44754052, 0.53532816, 0.33254417, 0.54899992, 0.4638139 ,
       0.50690866, 0.29628725, 0.51170589, 0.52232067, 0.45541156,
       0.52107294, 0.51525212, 0.66348546, 0.47477441, 0.5151123 ,
       0.47233152, 0.39154088, 0.35291601, 0.20142386, 0.59810856,
       0.38513627, 0.52802641, 0.61239832, 0.29679944, 0.38287948,
       0.5293864 , 0.6267415 , 0.38387159, 0.41194268, 0.31231495,
       0.48795896, 0.29130425, 0.53517823, 0.49080545, 0.47998386,
       0.53783554, 0.41602925, 0.29961021, 0.63993533, 0.31081955,
       0.57287182, 0.49864862, 0.18840821, 0.49198392, 0.62795528,
       0.47867116, 0.52403045, 0.49666353, 0.53021704, 0.54682633,
       0.53791633, 0.18996887, 0.52636499, 0.61454258, 0.52962277,
       0.42872086, 0.3302607 , 0.48122171, 0.59490527, 0.33615515,
       0.59148486, 0.58940498, 0.57871343, 0.        , 0.5257038 ,
       0.4984151 , 0.51863638, 0.63419173, 0.60247583, 0.4898929 ,
       0.50757185, 0.58002728, 0.5034123 , 0.21450559, 0.6143454 ,
       0.58675333, 0.60291541, 0.2466917 , 0.27997184, 0.57292797,
       0.47708944, 0.30736308, 0.35785543, 0.52953614, 0.40197436,
       0.56386459, 0.56919143, 0.41196899, 0.49592902, 0.29392519,
       0.41290673, 0.65906007, 0.57347251, 0.49722335, 0.48038545,
       0.34879326, 0.25419133, 0.54675208, 0.51488645, 0.29524833,
       0.64580738, 0.31694067, 0.43219832, 0.34890623, 0.53026423,
       0.59941985, 0.56094641, 0.27196066, 0.45290008, 0.55173468,
       0.5204407 , 0.34845497, 0.32442775, 0.51195563, 0.55477277]), 'delta_distances': array([0., 0., 0., 0., 0., 0., 0., 0., 0., 0., 0., 0., 0., 0., 0., 0., 0.,
       0., 0., 0., 0., 0., 0., 0., 0., 0., 0., 0., 0., 0., 0., 0., 0., 0.,
       0., 0., 0., 0., 0., 0., 0., 0., 0., 0., 0., 0., 0., 0., 0., 0., 0.,
       0., 0., 0., 0., 0., 0., 0., 0., 0., 0., 0., 0., 0., 0., 0., 0., 0.,
       0., 0., 0., 0., 0., 0., 0., 0., 0., 0., 0., 0., 0., 0., 0., 0., 0.,
       0., 0., 0., 0., 0., 0., 0., 0., 0., 0., 0., 0., 0., 0., 0., 0., 0.,
       0., 0., 0., 0., 0., 0., 0., 0., 0., 0., 0., 0., 0., 0., 0., 0., 0.,
       0., 0., 0., 0., 0., 0., 0., 0., 0., 0., 0., 0., 0., 0., 0., 0., 0.,
       0., 0., 0., 0., 0., 0., 0., 0., 0., 0., 0., 0., 0., 0., 0., 0., 0.,
       0., 0., 0., 0., 0., 0., 0., 0., 0., 0., 0., 0., 0., 0., 0., 0., 0.,
       0., 0., 0., 0., 0., 0., 0., 0., 0., 0., 0., 0., 0., 0., 0., 0., 0.,
       0., 0., 0., 0., 0., 0., 0., 0.]), 'locations': array([25, 22,  5, 22, 23, 22, 21, 26, 37, 28, 25, 27, 34, 35, 26, 20, 24,
       23, 34,  6, 26, 23, 25, 26, 25, 23, 24, 22, 24, 24, 29,  7,  0, 34,
       31, 25, 25, 27,  6, 24, 28, 23, 25, 22, 21, 36, 20, 25, 24, 23, 27,
       23, 34, 28, 23, 28, 27, 23, 32, 25, 26, 28, 28, 26, 12, 10, 24, 26,
       24, 28, 22, 24, 24,  3, 31, 30, 25, 29, 27, 23, 25, 26, 23, 24, 26,
       31, 24, 22, 28, 24, 27, 25, 11, 22, 25, 25, 24, 23, 25, 24, 24, 26,
        7, 22, 24, 24, 25, 22, 21, 22, 21, 25, 25, 29, 27, 29, 25, 23,  2,
       23, 27, 29, 23, 28, 26, 28, 27, 24, 27, 30, 29, 24, 29, 22, 26, 25,
       22, 27, 22, 25, 25, 29, 27, 22, 23, 23, 26,  6, 21, 21, 23, 27, 21,
       25, 27, 31, 21, 23, 25, 26, 23, 22, 25, 30, 24, 27, 22, 22, 23, 22,
       24,  9, 27, 27, 20, 22, 25, 29, 22, 26, 34, 22, 23, 25, 27, 25, 22,
       26, 23, 21, 23, 23, 25, 23, 30])}, {'ts_index': 609, 'loc': 21, 'gap': 0.05360034728074897, 'distances': array([0.54000709, 0.56195704, 0.34149783, 0.50104145, 0.5543493 ,
       0.57976277, 0.46790461, 0.4992242 , 0.47718385, 0.28336191,
       0.37182589, 0.41528888, 0.46790249, 0.33324908, 0.39993379,
       0.37075644, 0.37789434, 0.44307626, 0.49301811, 0.59599534,
       0.59773899, 0.57390491, 0.44862842, 0.52485772, 0.35681365,
       0.26397559, 0.19006643, 0.3903391 , 0.47049093, 0.35860796,
       0.48538931, 0.44543761, 0.37748259, 0.4600151 , 0.46172527,
       0.30592498, 0.49447811, 0.46849878, 0.49875361, 0.43392271,
       0.33081241, 0.45211919, 0.48394955, 0.5062791 , 0.5487847 ,
       0.45674389, 0.31950232, 0.42278575, 0.54669139, 0.4358544 ,
       0.34462276, 0.3101925 , 0.48523374, 0.39901111, 0.52203983,
       0.46689435, 0.5135955 , 0.28995223, 0.33733864, 0.47037015,
       0.43285679, 0.51135406, 0.42007022, 0.40135555, 0.45572993,
       0.4932962 , 0.27933144, 0.53062277, 0.39605062, 0.36885246,
       0.28091957, 0.31342434, 0.52905013, 0.5149567 , 0.4811592 ,
       0.44286595, 0.49190475, 0.54697227, 0.46928545, 0.        ,
       0.48348646, 0.31561853, 0.48684882, 0.59891372, 0.56718136,
       0.44847428, 0.45442947, 0.40144077, 0.32685625, 0.58480269,
       0.36748409, 0.28176192, 0.59894792, 0.58379816, 0.5288369 ,
       0.29658729, 0.4259932 , 0.5227013 , 0.38665846, 0.51083896,
       0.34586125, 0.3980341 , 0.50551373, 0.43832743, 0.25979403,
       0.53920381, 0.40217789, 0.45506005, 0.37185587, 0.36107081,
       0.49109413, 0.37239123, 0.57376655, 0.37970489, 0.52094474,
       0.39194919, 0.44078467, 0.32984922, 0.47655731, 0.3757346 ,
       0.45080179, 0.37716229, 0.40662952, 0.22102112, 0.44095437,
       0.57178686, 0.45385691, 0.33734448, 0.44666012, 0.45023898,
       0.29483514, 0.30077632, 0.33789798, 0.5609693 , 0.48977717,
       0.35532741, 0.49010709, 0.35880004, 0.43805955, 0.49336243,
       0.33335484, 0.48387331, 0.45279602, 0.34732586, 0.35105524,
       0.56748261, 0.52977768, 0.48703148, 0.50102644, 0.48611237,
       0.56113704, 0.59445033, 0.38356107, 0.3356657 , 0.4286352 ,
       0.41566181, 0.42313858, 0.58275115, 0.5866899 , 0.38018542,
       0.34983909]), 'delta_distances': array([0., 0., 0., 0., 0., 0., 0., 0., 0., 0., 0., 0., 0., 0., 0., 0., 0.,
       0., 0., 0., 0., 0., 0., 0., 0., 0., 0., 0., 0., 0., 0., 0., 0., 0.,
       0., 0., 0., 0., 0., 0., 0., 0., 0., 0., 0., 0., 0., 0., 0., 0., 0.,
       0., 0., 0., 0., 0., 0., 0., 0., 0., 0., 0., 0., 0., 0., 0., 0., 0.,
       0., 0., 0., 0., 0., 0., 0., 0., 0., 0., 0., 0., 0., 0., 0., 0., 0.,
       0., 0., 0., 0., 0., 0., 0., 0., 0., 0., 0., 0., 0., 0., 0., 0., 0.,
       0., 0., 0., 0., 0., 0., 0., 0., 0., 0., 0., 0., 0., 0., 0., 0., 0.,
       0., 0., 0., 0., 0., 0., 0., 0., 0., 0., 0., 0., 0., 0., 0., 0., 0.,
       0., 0., 0., 0., 0., 0., 0., 0., 0., 0., 0., 0., 0., 0., 0., 0., 0.,
       0., 0., 0., 0., 0., 0., 0., 0.]), 'locations': array([20, 19, 22, 22, 22, 11, 23, 19, 22, 22, 23, 22, 22, 21, 23, 22, 21,
       23, 21, 60,  2,  4, 20, 22, 21, 22, 22, 23, 20, 22, 21, 24, 23, 20,
       23, 21, 19, 21, 22, 21, 21, 24, 24, 22, 21, 25, 24, 20, 23, 21, 25,
       20, 20, 22, 22, 23, 24, 24, 22, 21, 19, 22, 24, 21, 23, 23, 22, 20,
       23, 20, 23, 22, 21, 22, 22, 24, 24, 21, 23, 21, 22, 22, 25,  9,  0,
       20, 21, 22, 24, 24, 21, 22,  2,  5, 23, 21, 22, 20, 24, 21, 21, 23,
       21, 25, 24, 23, 20, 22, 23, 25, 21, 22,  8, 22, 23, 23, 23, 20, 24,
       22, 20, 21, 22, 23, 22,  8, 20, 22, 22, 20, 20, 24, 22, 25, 20, 23,
       22, 22, 23, 23, 19, 22, 24, 22, 24, 25,  0, 23, 22, 23, 24, 12, 21,
       21, 20, 23, 24, 23, 61, 20, 23])}, {'ts_index': 1010, 'loc': 12, 'gap': 0.06718661318978014, 'distances': array([0.28498644, 0.09418043, 0.12195461, 0.2206655 , 0.2466458 ,
       0.24820031, 0.09735284, 0.10597292, 0.2664804 , 0.31829979,
       0.23385454, 0.30071244, 0.1240569 , 0.12691332, 0.10321472,
       0.11358324, 0.12001542, 0.33508491, 0.2283052 , 0.12288888,
       0.20447428, 0.14324126, 0.        , 0.15461939, 0.18809958,
       0.17437949, 0.08364151]), 'delta_distances': array([0., 0., 0., 0., 0., 0., 0., 0., 0., 0., 0., 0., 0., 0., 0., 0., 0.,
       0., 0., 0., 0., 0., 0., 0., 0., 0., 0.]), 'locations': array([13, 12, 11, 14, 11, 14, 12, 13, 18,  9, 13, 13, 14, 12, 14, 12, 11,
        9, 11, 11, 13, 10, 12, 13, 11, 13, 13])}, {'ts_index': 603, 'loc': 41, 'gap': 0.07919436136419211, 'distances': array([0.10501855, 0.17877466, 0.20475129, 0.        , 0.21813934]), 'delta_distances': array([0., 0., 0., 0., 0.]), 'locations': array([40, 38, 46, 41, 38])}], 'clusters': array([1, 1, 1, ..., 1, 1, 1]), 'time': 517.2681856155396}
