lenSubsequence: 6{'RI': 0.5019597989949749, 'num_clusters': 8, 'uShapelets': [{'ts_index': 23, 'loc': 436, 'gap': 0.05543414993865542, 'distances': array([0.5476989 , 0.36381112, 0.26465323, 0.32833418, 0.35946167,
       0.40162624, 0.27354778, 0.43829046, 0.36807797, 0.45652072,
       0.33037008, 0.41017188, 0.35795926, 0.44044419, 0.38890487,
       0.45431701, 0.43539395, 0.3917735 , 0.39624838, 0.38520745,
       0.36915903, 0.40803588, 0.36785935, 0.        , 0.36108063,
       0.45307772, 0.44277233, 0.27391407, 0.32191139, 0.35508149,
       0.39633544, 0.41978361, 0.36803785, 0.30789252, 0.43349507,
       0.37507047, 0.41566376, 0.45078937, 0.42205812, 0.39445441,
       0.3598248 , 0.22704943, 0.29380691, 0.33627357, 0.39459726,
       0.47696529, 0.39150433, 0.4173149 , 0.50352965, 0.4252643 ,
       0.404458  , 0.37688736, 0.41647029, 0.24341072, 0.18751681,
       0.37770682, 0.33197808, 0.48119663, 0.38161623, 0.42995032,
       0.44299392, 0.38677477, 0.33889899, 0.24385429, 0.39365753,
       0.2392137 , 0.37157271, 0.32105815, 0.49129514, 0.35739785,
       0.45679627, 0.31817234, 0.25089147, 0.28353032, 0.28579592,
       0.33549321, 0.37630624, 0.35120981, 0.49800432, 0.42375468,
       0.38022607, 0.31311992, 0.2491083 , 0.34833979, 0.42759219,
       0.37431946, 0.33144586, 0.43702641, 0.37331161, 0.41231056,
       0.4090179 , 0.41821562, 0.29895141, 0.23841298, 0.30662758,
       0.29300578, 0.41089239, 0.48770067, 0.27471986, 0.39619825,
       0.36622026, 0.45402738, 0.39695221, 0.36912189, 0.27084708,
       0.41227415, 0.22770961, 0.38661749, 0.3596153 , 0.42536556,
       0.34535256, 0.4006597 , 0.40118709, 0.43758501, 0.33959514,
       0.41453451, 0.38664249, 0.37879341, 0.36867676, 0.322426  ,
       0.46679635, 0.39117941, 0.30073373, 0.20872337, 0.39149823,
       0.38209081, 0.44703175, 0.41862151, 0.22497136, 0.39604205,
       0.30057052, 0.24140676, 0.4483684 , 0.39977702, 0.38473555,
       0.4124968 , 0.47702591, 0.42321435, 0.43711933, 0.25379185,
       0.34825573, 0.43291518, 0.47618848, 0.43833051, 0.43819104,
       0.17033374, 0.42598383, 0.31529188, 0.36398958, 0.42732641,
       0.26862272, 0.38068783, 0.43835719, 0.41051032, 0.37472208,
       0.34821756, 0.30256753, 0.41583474, 0.15532582, 0.26724921,
       0.37653287, 0.27419514, 0.37159551, 0.40029565, 0.39438415,
       0.29960845, 0.24105716, 0.36846547, 0.2602653 , 0.30008453,
       0.35098987, 0.42753882, 0.42365641, 0.36154322, 0.37725824,
       0.44183377, 0.38762647, 0.42412023, 0.40469903, 0.38241818,
       0.39012583, 0.41588604, 0.42284056, 0.25113454, 0.41476034,
       0.41524029, 0.35821808, 0.40643405, 0.41009244, 0.26858989,
       0.48717416, 0.35859696, 0.4201265 , 0.21161108, 0.12991343,
       0.41882302, 0.38822055, 0.44367246, 0.42227591, 0.34882788]), 'delta_distances': array([0., 0., 0., 0., 0., 0., 0., 0., 0., 0., 0., 0., 0., 0., 0., 0., 0.,
       0., 0., 0., 0., 0., 0., 0., 0., 0., 0., 0., 0., 0., 0., 0., 0., 0.,
       0., 0., 0., 0., 0., 0., 0., 0., 0., 0., 0., 0., 0., 0., 0., 0., 0.,
       0., 0., 0., 0., 0., 0., 0., 0., 0., 0., 0., 0., 0., 0., 0., 0., 0.,
       0., 0., 0., 0., 0., 0., 0., 0., 0., 0., 0., 0., 0., 0., 0., 0., 0.,
       0., 0., 0., 0., 0., 0., 0., 0., 0., 0., 0., 0., 0., 0., 0., 0., 0.,
       0., 0., 0., 0., 0., 0., 0., 0., 0., 0., 0., 0., 0., 0., 0., 0., 0.,
       0., 0., 0., 0., 0., 0., 0., 0., 0., 0., 0., 0., 0., 0., 0., 0., 0.,
       0., 0., 0., 0., 0., 0., 0., 0., 0., 0., 0., 0., 0., 0., 0., 0., 0.,
       0., 0., 0., 0., 0., 0., 0., 0., 0., 0., 0., 0., 0., 0., 0., 0., 0.,
       0., 0., 0., 0., 0., 0., 0., 0., 0., 0., 0., 0., 0., 0., 0., 0., 0.,
       0., 0., 0., 0., 0., 0., 0., 0., 0., 0., 0., 0., 0.]), 'locations': array([238, 487, 475, 131,  62,  51, 223, 134, 176, 103, 275, 310, 480,
       189, 332,   0, 471,  23,  39,  98, 403,  65,  80, 436, 459,  16,
       240, 292,  94, 465, 108, 171,  98, 442, 493, 435, 429, 296, 208,
       315, 245, 488, 129, 300,   6,  23, 283, 180, 487, 129, 452, 393,
       391, 236, 267, 164, 157,   0, 274,  82,  33, 342, 221, 225, 109,
       452, 236,  17, 326, 388,  91, 417, 344, 388, 346, 139,  54, 328,
       447,  55, 145,  20, 408, 244, 234, 422, 416, 227, 139,  94, 320,
       265, 198, 314, 133, 367, 356,  36, 442, 231, 193, 402, 432, 173,
        73, 154, 187, 169, 455,  49, 205, 439, 365, 174,  56, 159,  93,
        37, 400, 365, 472,  70,  49, 307, 417, 314, 122, 316, 433, 330,
       210, 155,  91, 295, 379,  71, 404, 324,  53, 173, 174, 465, 427,
       331, 380, 483, 407,  66, 400, 401,  64, 178,  44, 300, 489, 487,
       141, 152, 256, 330, 214,  98, 399, 270,  65,  50,  41, 374, 307,
       190, 326, 118, 227, 471, 388, 462,  15,  35, 111,  63,  89, 109,
       200, 224, 385,  67, 462,   3, 457, 354, 273, 432, 371,  52, 466,
       405, 193, 287, 464, 354])}, {'ts_index': 142, 'loc': 33, 'gap': 0.05236754985960851, 'distances': array([0.53076766, 0.55861165, 0.53045667, 0.54138729, 0.43357179,
       0.357305  , 0.54435591, 0.57239426, 0.33144905, 0.30390875,
       0.52585127, 0.5268549 , 0.43361084, 0.45761374, 0.60830868,
       0.5697916 , 0.3393459 , 0.58671932, 0.47165094, 0.5182293 ,
       0.3997411 , 0.4696226 , 0.43955941, 0.55499907, 0.58864628,
       0.50029355, 0.45382225, 0.5259212 , 0.51702122, 0.54772243,
       0.58859576, 0.2909852 , 0.46422657, 0.45255178, 0.56357418,
       0.47794066, 0.53287251, 0.5076346 , 0.45011819, 0.52989926,
       0.25718627, 0.61184904, 0.64739173, 0.38181071, 0.54667193,
       0.52495468, 0.53567797, 0.59503786, 0.41859726, 0.497918  ,
       0.50331228, 0.56394976, 0.49517087, 0.37227327, 0.47125326,
       0.56312866, 0.56362672, 0.34579265, 0.42763607, 0.51756358,
       0.48534206, 0.4703165 , 0.47946585, 0.36902266, 0.56732024,
       0.57360183, 0.59520319, 0.56664419, 0.48700901, 0.4900407 ,
       0.55009504, 0.49462323, 0.46713286, 0.44097109, 0.6042354 ,
       0.49016715, 0.51007023, 0.42841053, 0.41495736, 0.54658439,
       0.56165208, 0.43047603, 0.60035112, 0.60421402, 0.47285536,
       0.3509778 , 0.41752598, 0.54617371, 0.51345964, 0.42096549,
       0.51535085, 0.53347821, 0.32267312, 0.5524995 , 0.51334348,
       0.45904648, 0.36177168, 0.57556402, 0.51086998, 0.54381436,
       0.59031023, 0.36029702, 0.53745377, 0.34615599, 0.56633738,
       0.39471653, 0.51993269, 0.56528963, 0.4459934 , 0.36600554,
       0.47863109, 0.55006868, 0.52268569, 0.51823549, 0.58759933,
       0.48043912, 0.31716978, 0.57574932, 0.        , 0.37271187,
       0.49634607, 0.52791803, 0.48996933, 0.38114834, 0.58431104,
       0.60240202, 0.57060433, 0.47707951, 0.57076365, 0.45091906,
       0.53974094, 0.39380307, 0.55916786, 0.40343935, 0.44299138,
       0.59454747, 0.55609824, 0.46645864, 0.53282463, 0.58280538,
       0.58632274, 0.55140243, 0.50593154, 0.53085063, 0.56120891,
       0.40852706, 0.32701291, 0.46454276, 0.57933729, 0.4877347 ,
       0.55789752, 0.54718459, 0.57008347, 0.58608292, 0.61025816,
       0.36807544, 0.5050003 , 0.58735119, 0.56001223, 0.55597859,
       0.52681989, 0.44282101, 0.46489159, 0.57204514, 0.49833654]), 'delta_distances': array([0., 0., 0., 0., 0., 0., 0., 0., 0., 0., 0., 0., 0., 0., 0., 0., 0.,
       0., 0., 0., 0., 0., 0., 0., 0., 0., 0., 0., 0., 0., 0., 0., 0., 0.,
       0., 0., 0., 0., 0., 0., 0., 0., 0., 0., 0., 0., 0., 0., 0., 0., 0.,
       0., 0., 0., 0., 0., 0., 0., 0., 0., 0., 0., 0., 0., 0., 0., 0., 0.,
       0., 0., 0., 0., 0., 0., 0., 0., 0., 0., 0., 0., 0., 0., 0., 0., 0.,
       0., 0., 0., 0., 0., 0., 0., 0., 0., 0., 0., 0., 0., 0., 0., 0., 0.,
       0., 0., 0., 0., 0., 0., 0., 0., 0., 0., 0., 0., 0., 0., 0., 0., 0.,
       0., 0., 0., 0., 0., 0., 0., 0., 0., 0., 0., 0., 0., 0., 0., 0., 0.,
       0., 0., 0., 0., 0., 0., 0., 0., 0., 0., 0., 0., 0., 0., 0., 0., 0.,
       0., 0., 0., 0., 0., 0., 0., 0., 0., 0., 0., 0.]), 'locations': array([ 45, 416, 474, 360,  74, 492,  97, 122, 299,  63, 209, 223, 293,
       259, 244,  61,  36, 190, 179, 264, 132, 379, 369, 448, 357, 470,
       213, 472, 418, 321, 240, 253, 192, 308, 455, 185, 376, 184,  65,
       124, 467, 486,  40, 487, 102, 239, 329, 171, 400, 212, 350,  87,
       288, 366, 115, 297, 421, 426, 416, 287, 338,  15, 144, 457, 333,
       363, 328, 150,  25,  49,  53, 390, 431, 463, 391,  58, 319, 282,
        42, 167,  90, 105, 484,  61, 156, 271,  21, 121, 443, 390,  38,
        43, 219,   8, 370, 461, 295, 305,  64, 370,  75,  14, 112, 183,
       312,  89, 374, 117, 319,  96, 376,  96, 371, 215, 329, 321, 445,
       230,  33,   3, 153, 287,  71, 264,  85, 493, 346, 396, 348, 266,
       137, 106, 312, 404, 295,   8, 216, 446,  13,  11,  26, 322,   4,
        56, 291, 224, 204, 119,  59, 266, 142, 335, 110, 172, 170, 352,
       370, 329, 314, 344, 317, 268, 329, 286, 441])}, {'ts_index': 101, 'loc': 296, 'gap': 0.04325630142976483, 'distances': array([0.38397204, 0.39264304, 0.33952855, 0.40883806, 0.21556025,
       0.40758929, 0.38542585, 0.18762803, 0.41302831, 0.34948991,
       0.33763767, 0.25534726, 0.30645663, 0.37993578, 0.37266193,
       0.34664591, 0.28575422, 0.32659604, 0.25418699, 0.34471546,
       0.40197402, 0.29428071, 0.29740517, 0.3762487 , 0.21848754,
       0.43905751, 0.36962286, 0.40671526, 0.41069528, 0.37497041,
       0.43830418, 0.33679857, 0.32399871, 0.20181393, 0.33816256,
       0.18730716, 0.39486035, 0.41635942, 0.3333812 , 0.44942816,
       0.40666851, 0.2286929 , 0.32597427, 0.39454798, 0.24351426,
       0.37250843, 0.4156108 , 0.33514213, 0.36801702, 0.32420274,
       0.36126156, 0.38692786, 0.41047862, 0.23682852, 0.42661585,
       0.25193694, 0.42379896, 0.4113649 , 0.27493823, 0.35435399,
       0.41982563, 0.30562718, 0.36734509, 0.38222517, 0.45883908,
       0.19449407, 0.14745065, 0.25841628, 0.26141479, 0.26361878,
       0.34381976, 0.        , 0.21445467, 0.31888138, 0.22684123,
       0.26962072, 0.18335879, 0.31634703, 0.28185152, 0.29463673,
       0.30651745, 0.25486892, 0.32660977, 0.29337414, 0.29512893,
       0.27387938, 0.21189502, 0.25177542, 0.27424877, 0.28433446,
       0.3385713 , 0.31501107, 0.30670733, 0.31841051, 0.33635993,
       0.3004462 , 0.26282794, 0.226974  , 0.28702391, 0.32041995,
       0.24521108, 0.30732439, 0.30028856, 0.31680098, 0.32481101,
       0.24913406, 0.28787517, 0.28130796, 0.14967298, 0.31814362,
       0.26246487, 0.32495136, 0.28529945, 0.29687334, 0.30703307,
       0.31709962, 0.29389222, 0.26658728, 0.37149447, 0.24660427,
       0.39667871, 0.2822804 , 0.41298776, 0.37383705, 0.43825994,
       0.36283502, 0.38330518, 0.30075687, 0.21557327, 0.37239939,
       0.21746468, 0.24009529, 0.4453305 , 0.41238871, 0.38701479,
       0.1700424 ]), 'delta_distances': array([0., 0., 0., 0., 0., 0., 0., 0., 0., 0., 0., 0., 0., 0., 0., 0., 0.,
       0., 0., 0., 0., 0., 0., 0., 0., 0., 0., 0., 0., 0., 0., 0., 0., 0.,
       0., 0., 0., 0., 0., 0., 0., 0., 0., 0., 0., 0., 0., 0., 0., 0., 0.,
       0., 0., 0., 0., 0., 0., 0., 0., 0., 0., 0., 0., 0., 0., 0., 0., 0.,
       0., 0., 0., 0., 0., 0., 0., 0., 0., 0., 0., 0., 0., 0., 0., 0., 0.,
       0., 0., 0., 0., 0., 0., 0., 0., 0., 0., 0., 0., 0., 0., 0., 0., 0.,
       0., 0., 0., 0., 0., 0., 0., 0., 0., 0., 0., 0., 0., 0., 0., 0., 0.,
       0., 0., 0., 0., 0., 0., 0., 0., 0., 0., 0., 0., 0., 0., 0., 0., 0.]), 'locations': array([ 25,  85, 488, 166, 354, 468, 327, 268, 208,  94, 391, 156,  68,
        74, 305, 371,  83, 388,  91, 218, 194,  85, 281, 221, 366, 350,
       147, 400, 311,  11, 236, 111, 301, 295, 417, 266,  53, 272,  76,
       430,  13,  90, 307, 372,  87, 270, 126, 351, 441,  84,  61,  76,
       488, 413, 118, 297,  91, 152, 145, 246, 161,  96, 319, 485, 236,
       425, 122,  79, 290, 252, 329, 296, 471, 138, 167, 354, 192, 423,
       163, 210,  26, 112, 287, 427, 103, 396, 298,  81, 268,  18, 436,
       398, 146, 337, 417, 360,  39, 166, 232, 179, 387, 314,  58, 155,
        46, 273, 307,  29, 247,  89,  56, 298,  41, 354,  75, 373,  76,
       483, 372, 173, 264, 411, 223, 327, 127, 237,  94, 161,  91, 397,
       358, 387, 138, 419, 154, 342])}, {'ts_index': 85, 'loc': 187, 'gap': 0.06274704719586727, 'distances': array([0.32846867, 0.15651917, 0.4016806 , 0.30234381, 0.25648273,
       0.18656411, 0.35764764, 0.35068453, 0.34770514, 0.2919227 ,
       0.39662994, 0.21804052, 0.29386845, 0.36010199, 0.35576791,
       0.32836743, 0.        , 0.35408277, 0.3483754 , 0.33683754,
       0.35460741, 0.32834023, 0.41304066]), 'delta_distances': array([0., 0., 0., 0., 0., 0., 0., 0., 0., 0., 0., 0., 0., 0., 0., 0., 0.,
       0., 0., 0., 0., 0., 0.]), 'locations': array([345, 281, 296, 320, 377,  45, 329, 285,  98, 124, 191, 395, 165,
       353,  58,  93, 187,  40,  37, 200, 148,  71, 196])}, {'ts_index': 197, 'loc': 20, 'gap': 0.04354106432945237, 'distances': array([0.31731066, 0.13734426, 0.23794922, 0.30052214, 0.367701  ,
       0.29258736, 0.34110458, 0.17494055, 0.31669763, 0.29132313,
       0.30000301, 0.30334391, 0.22025995, 0.2369476 , 0.20100677,
       0.31635155, 0.31628429, 0.        ]), 'delta_distances': array([0., 0., 0., 0., 0., 0., 0., 0., 0., 0., 0., 0., 0., 0., 0., 0., 0.,
       0.]), 'locations': array([471, 433,  53, 108, 266, 361, 237, 300, 230, 411, 275, 445, 472,
       235, 196, 103, 164,  20])}, {'ts_index': 184, 'loc': 343, 'gap': 0.058592524253957834, 'distances': array([0.45374959, 0.38285604, 0.27038681, 0.51060215, 0.3246579 ,
       0.4066735 , 0.5756928 , 0.29219001, 0.46570663, 0.50878562,
       0.41825995, 0.        , 0.47610973]), 'delta_distances': array([0., 0., 0., 0., 0., 0., 0., 0., 0., 0., 0., 0., 0.]), 'locations': array([237, 338, 237, 392, 458, 455, 279, 263, 154,  80, 208, 343, 208])}, {'ts_index': 81, 'loc': 25, 'gap': 0.08313806832524417, 'distances': array([0.31588096, 0.18769693, 0.14438009, 0.31551963, 0.29229703,
       0.38594124, 0.        , 0.41219009, 0.25090641]), 'delta_distances': array([0., 0., 0., 0., 0., 0., 0., 0., 0.]), 'locations': array([488, 470, 376, 462,  57, 150,  25, 258,  83])}, {'ts_index': 80, 'loc': 235, 'gap': 0.07132817315024001, 'distances': array([0.26647394, 0.13606075, 0.19497108, 0.        , 0.15591094,
       0.29080516]), 'delta_distances': array([0., 0., 0., 0., 0., 0.]), 'locations': array([336, 239, 393, 235, 346, 256])}], 'clusters': array([3, 3, 1, 3, 0, 3, 1, 2, 4, 3, 2, 2, 3, 5, 3, 3, 3, 3, 2, 3, 3, 3,
       2, 1, 3, 3, 3, 1, 3, 7, 3, 3, 3, 3, 4, 2, 3, 4, 6, 3, 7, 1, 1, 3,
       3, 3, 2, 3, 3, 2, 3, 6, 3, 1, 1, 8, 5, 3, 3, 3, 3, 2, 3, 1, 4, 1,
       3, 2, 3, 3, 3, 3, 1, 1, 1, 8, 2, 3, 6, 3, 8, 7, 1, 3, 3, 4, 3, 3,
       3, 5, 3, 3, 1, 1, 2, 1, 3, 3, 1, 3, 3, 3, 3, 2, 1, 2, 1, 3, 3, 3,
       3, 3, 2, 3, 3, 3, 2, 3, 3, 3, 3, 2, 3, 1, 2, 3, 2, 3, 1, 3, 3, 1,
       2, 3, 3, 3, 3, 3, 3, 1, 2, 3, 2, 2, 3, 1, 3, 3, 2, 3, 1, 3, 3, 3,
       3, 3, 3, 2, 1, 1, 3, 1, 2, 3, 3, 3, 1, 3, 1, 3, 3, 3, 3, 3, 3, 3,
       2, 2, 3, 8, 3, 5, 3, 1, 6, 3, 3, 2, 3, 1, 3, 3, 3, 1, 1, 3, 0, 5,
       3, 3]), 'time': 1647.7830319404602}
lenSubsequence: 10{'RI': 0.607286432160804, 'num_clusters': 7, 'uShapelets': [{'ts_index': 137, 'loc': 410, 'gap': 0.032322289207612126, 'distances': array([0.27045702, 0.32275271, 0.27967408, 0.21713899, 0.24194956,
       0.29317778, 0.29469471, 0.2478688 , 0.27882226, 0.24962201,
       0.30836164, 0.21527801, 0.28226569, 0.26220353, 0.21264919,
       0.1695982 , 0.30075916, 0.2272421 , 0.29171615, 0.26062107,
       0.2933277 , 0.26999491, 0.28600451, 0.1968376 , 0.28448373,
       0.3157531 , 0.27043106, 0.29139092, 0.21907882, 0.22789774,
       0.31860488, 0.2522063 , 0.27046059, 0.2619896 , 0.32992608,
       0.25690008, 0.27337895, 0.22037509, 0.27865662, 0.30836102,
       0.22655631, 0.21517372, 0.2840134 , 0.33074115, 0.26323961,
       0.23256795, 0.24588886, 0.20850535, 0.27698023, 0.24924879,
       0.22735721, 0.2990304 , 0.25642529, 0.18631406, 0.30338962,
       0.30047381, 0.26230379, 0.19499992, 0.30018759, 0.28151513,
       0.30306767, 0.27907843, 0.33600743, 0.23159905, 0.25548796,
       0.28806048, 0.32228791, 0.23040744, 0.25696903, 0.29228457,
       0.25910538, 0.28137315, 0.29553403, 0.2883012 , 0.2743181 ,
       0.24289687, 0.29146655, 0.2295227 , 0.32434704, 0.26249737,
       0.28171475, 0.31729064, 0.3390135 , 0.27172435, 0.29741367,
       0.31628746, 0.23508277, 0.28469882, 0.20936638, 0.29664688,
       0.17476662, 0.21640975, 0.17511753, 0.2318984 , 0.17316954,
       0.1905416 , 0.18775575, 0.17310329, 0.17706267, 0.15470902,
       0.24813371, 0.14160791, 0.18750112, 0.2763416 , 0.18478133,
       0.1416748 , 0.1538871 , 0.17739651, 0.16146139, 0.17568813,
       0.11789003, 0.19906198, 0.14904741, 0.11604628, 0.13547195,
       0.17586796, 0.18582833, 0.27286509, 0.2769642 , 0.3221727 ,
       0.21229385, 0.1314873 , 0.16832516, 0.15398159, 0.27163562,
       0.20140164, 0.1780036 , 0.18660624, 0.2625276 , 0.14491284,
       0.24422627, 0.1704507 , 0.22821882, 0.19119723, 0.22117201,
       0.2419265 , 0.23468592, 0.        , 0.27682373, 0.24652805,
       0.18501495, 0.21164076, 0.22205983, 0.20558898, 0.19265482,
       0.17089766, 0.18001639, 0.2194463 , 0.14934815, 0.14616159,
       0.16649033, 0.19296883, 0.20296426, 0.32084906, 0.22206956,
       0.22869604, 0.12596075, 0.18154352, 0.13836911, 0.19004142,
       0.1670267 , 0.13763891, 0.23014715, 0.15641007, 0.20029983,
       0.22978375, 0.14248544, 0.26775944, 0.2778293 , 0.21159922,
       0.19764665, 0.23871638, 0.09055777, 0.27095448, 0.20577539,
       0.19484933, 0.25442551, 0.17138891, 0.13797116, 0.23281325,
       0.2208782 , 0.29012499, 0.30461082, 0.30528012, 0.28330865,
       0.22619943, 0.21874085, 0.25928577, 0.21977903, 0.25802072,
       0.19616766, 0.24501153, 0.29772225, 0.14338399, 0.28498005,
       0.17088136, 0.16779836, 0.22544543, 0.24515768, 0.19558124]), 'delta_distances': array([0., 0., 0., 0., 0., 0., 0., 0., 0., 0., 0., 0., 0., 0., 0., 0., 0.,
       0., 0., 0., 0., 0., 0., 0., 0., 0., 0., 0., 0., 0., 0., 0., 0., 0.,
       0., 0., 0., 0., 0., 0., 0., 0., 0., 0., 0., 0., 0., 0., 0., 0., 0.,
       0., 0., 0., 0., 0., 0., 0., 0., 0., 0., 0., 0., 0., 0., 0., 0., 0.,
       0., 0., 0., 0., 0., 0., 0., 0., 0., 0., 0., 0., 0., 0., 0., 0., 0.,
       0., 0., 0., 0., 0., 0., 0., 0., 0., 0., 0., 0., 0., 0., 0., 0., 0.,
       0., 0., 0., 0., 0., 0., 0., 0., 0., 0., 0., 0., 0., 0., 0., 0., 0.,
       0., 0., 0., 0., 0., 0., 0., 0., 0., 0., 0., 0., 0., 0., 0., 0., 0.,
       0., 0., 0., 0., 0., 0., 0., 0., 0., 0., 0., 0., 0., 0., 0., 0., 0.,
       0., 0., 0., 0., 0., 0., 0., 0., 0., 0., 0., 0., 0., 0., 0., 0., 0.,
       0., 0., 0., 0., 0., 0., 0., 0., 0., 0., 0., 0., 0., 0., 0., 0., 0.,
       0., 0., 0., 0., 0., 0., 0., 0., 0., 0., 0., 0., 0.]), 'locations': array([ 30, 229, 236,  58, 163, 439, 376, 437, 189, 400, 100, 140, 489,
       310, 102, 388, 310,  66, 484, 448, 301, 369, 294, 261, 482,  83,
       202, 165, 152, 278, 254, 124, 220, 257, 357, 189, 144, 382, 306,
        25, 391, 268,   4, 108, 428, 231, 366, 283, 260, 477,  48, 386,
        74, 200,  34,   8,   9,  32, 391,  61, 450, 212, 208, 248,  94,
       102, 226, 217, 145, 340, 112, 221, 116, 161, 210, 345, 363, 435,
       116, 409, 482, 236, 374,  38, 188, 157, 134, 318, 163, 160, 418,
       114, 377, 384,  77, 380,  19,  53, 288, 247, 323, 290, 465, 152,
       442,  53, 287, 111, 165, 351, 186, 422, 433, 160, 209,  25, 228,
       418, 324, 195, 102, 371, 394, 152,  24, 295, 170, 184, 123, 308,
        12, 114, 280, 323, 395, 131, 334, 410, 454, 385,  49,  36,  53,
       198, 160, 286, 225, 296, 424, 380, 360, 313,  24, 426,  45, 268,
       305, 442, 154,  78,  23, 233,  25, 240, 322, 217, 240, 289, 456,
       249, 105,  73, 368, 123, 349, 367, 340, 410, 167, 112, 177, 473,
       399, 435, 318,  89, 175, 246, 435, 259,  84,  73,  65,  31, 106,
       385, 173, 414, 150, 336])}, {'ts_index': 32, 'loc': 261, 'gap': 0.0164891651971949, 'distances': array([0.32560002, 0.21604148, 0.23693075, 0.22794188, 0.27456249,
       0.35269488, 0.32094677, 0.30435113, 0.16099789, 0.32015324,
       0.30970441, 0.31506234, 0.31806669, 0.24695779, 0.32766036,
       0.3031643 , 0.28941847, 0.29802119, 0.28987818, 0.19268656,
       0.28804248, 0.26028446, 0.26507284, 0.35545215, 0.        ,
       0.22698264, 0.28876345, 0.33075189, 0.24702961, 0.27539483,
       0.31416115, 0.26728292, 0.32910161, 0.262347  , 0.29609698,
       0.22715812, 0.30341755, 0.2744424 , 0.22248627, 0.31452068,
       0.30143693, 0.28494445, 0.29763296, 0.2831112 , 0.31486891,
       0.30835538, 0.20414941, 0.27296677, 0.27082655, 0.34964144,
       0.27080041, 0.30786921, 0.26234083, 0.2868676 , 0.30267749,
       0.29432161, 0.31960885, 0.26912581, 0.29144725, 0.31961971,
       0.31730733, 0.28952295, 0.37499117, 0.20031907, 0.31779029,
       0.16858452, 0.29120055, 0.19951025, 0.28543884, 0.27879374,
       0.23011375, 0.25434884, 0.31244319, 0.28643601, 0.31496633,
       0.26172027, 0.32968879, 0.27127436, 0.29881282, 0.31867022,
       0.27842222, 0.30162427, 0.29486831, 0.3161682 , 0.23748503,
       0.30699394, 0.27261757, 0.31484787, 0.34072691, 0.2670698 ,
       0.28066127, 0.28736078, 0.30834674, 0.32589348, 0.30465439]), 'delta_distances': array([0., 0., 0., 0., 0., 0., 0., 0., 0., 0., 0., 0., 0., 0., 0., 0., 0.,
       0., 0., 0., 0., 0., 0., 0., 0., 0., 0., 0., 0., 0., 0., 0., 0., 0.,
       0., 0., 0., 0., 0., 0., 0., 0., 0., 0., 0., 0., 0., 0., 0., 0., 0.,
       0., 0., 0., 0., 0., 0., 0., 0., 0., 0., 0., 0., 0., 0., 0., 0., 0.,
       0., 0., 0., 0., 0., 0., 0., 0., 0., 0., 0., 0., 0., 0., 0., 0., 0.,
       0., 0., 0., 0., 0., 0., 0., 0., 0., 0.]), 'locations': array([180,   9, 396, 469, 162, 110,  45, 188, 122, 358, 156, 481, 122,
       202, 228, 330, 102, 293, 366, 198,  12, 352, 253, 208, 261,  54,
       224,  66, 110, 277, 335, 391, 256, 324, 106, 313, 391, 385,  12,
       150, 260, 251, 390, 167,  80, 240, 325, 318,  18, 366, 159, 220,
       101, 203, 408, 262, 333, 128, 363, 379,  87, 481, 115, 438,  70,
       298,  89, 408, 175,  32, 465, 141, 176, 314,  79, 282, 483, 227,
       387,  67,  33,  39, 455, 457, 146, 413, 101,  44, 450, 241, 405,
       276,  56, 339, 252])}, {'ts_index': 26, 'loc': 297, 'gap': 0.020787542670120562, 'distances': array([0.38266266, 0.34207071, 0.45343019, 0.28357782, 0.42363271,
       0.36656571, 0.40585055, 0.44241615, 0.36812761, 0.37028405,
       0.40910732, 0.4251519 , 0.397164  , 0.39189157, 0.        ,
       0.41400748, 0.38103395, 0.38017606, 0.41616922, 0.27511679,
       0.42478221, 0.32505566, 0.42919487, 0.43092258, 0.39512792,
       0.4019758 , 0.39306281, 0.28184597, 0.29551105, 0.37107343,
       0.42121745, 0.35454531, 0.35449385, 0.4150467 , 0.38655261,
       0.43555563, 0.36308034, 0.46422988, 0.43067784, 0.43256795,
       0.42836215, 0.42070447, 0.23417641, 0.41237516, 0.40300068,
       0.35777704, 0.39168519, 0.42775763, 0.36473599, 0.34510477,
       0.39332679, 0.40645781, 0.39282995, 0.36214606, 0.39865649,
       0.42908987, 0.40258932, 0.36520007, 0.28589505, 0.25415824,
       0.37710721, 0.3814014 , 0.30221511, 0.36149401, 0.30871399,
       0.41427224, 0.39986455, 0.28244819, 0.41449842, 0.42180339,
       0.33549534, 0.35335632, 0.4489565 , 0.43055743, 0.30851716,
       0.40756525, 0.4222539 , 0.42415211]), 'delta_distances': array([0., 0., 0., 0., 0., 0., 0., 0., 0., 0., 0., 0., 0., 0., 0., 0., 0.,
       0., 0., 0., 0., 0., 0., 0., 0., 0., 0., 0., 0., 0., 0., 0., 0., 0.,
       0., 0., 0., 0., 0., 0., 0., 0., 0., 0., 0., 0., 0., 0., 0., 0., 0.,
       0., 0., 0., 0., 0., 0., 0., 0., 0., 0., 0., 0., 0., 0., 0., 0., 0.,
       0., 0., 0., 0., 0., 0., 0., 0., 0., 0.]), 'locations': array([398, 232, 460,  33,  95, 361, 378, 467, 221, 461, 363, 463, 173,
       328, 297,  41,  91,  35, 421,  39, 133, 205, 230, 120,  97, 280,
       141, 219, 239,  14,  14, 258, 476,  78, 483, 486, 222, 336, 419,
       397, 320,  81, 284,  72, 177,  27, 178, 446, 113, 247, 484, 149,
       466, 458, 293, 281, 191,  18, 100, 390, 270,  20, 164,  84, 129,
       154,  11,   7, 348, 137, 346, 412, 178,  68,  85, 183,  67, 102])}, {'ts_index': 85, 'loc': 490, 'gap': 0.01822103351903681, 'distances': array([0.23235154, 0.24558713, 0.22419061, 0.25001478, 0.25757704,
       0.21076662, 0.21299758, 0.1528212 , 0.21949405, 0.26272349,
       0.19561899, 0.22336793, 0.20074446, 0.2213827 , 0.2443904 ,
       0.24207922, 0.21852215, 0.21988076, 0.20959733, 0.25949638,
       0.23912829, 0.23041983, 0.20832511, 0.22523534, 0.20827259,
       0.24526522, 0.22910367, 0.20990605, 0.20703323, 0.16594439,
       0.21745172, 0.23981824, 0.236114  , 0.23331243, 0.26498749,
       0.26272333, 0.24194291, 0.24998828, 0.27310584, 0.2326904 ,
       0.20422779, 0.21641878, 0.28022828, 0.24865237, 0.2090492 ,
       0.19014376, 0.2337497 , 0.23997981, 0.23413977, 0.18639273,
       0.25843715, 0.27357374, 0.26688119, 0.2517094 , 0.20498949,
       0.22631874, 0.21644376, 0.27236591, 0.21416062, 0.22460986,
       0.18833579, 0.19877246, 0.23322862]), 'delta_distances': array([0., 0., 0., 0., 0., 0., 0., 0., 0., 0., 0., 0., 0., 0., 0., 0., 0.,
       0., 0., 0., 0., 0., 0., 0., 0., 0., 0., 0., 0., 0., 0., 0., 0., 0.,
       0., 0., 0., 0., 0., 0., 0., 0., 0., 0., 0., 0., 0., 0., 0., 0., 0.,
       0., 0., 0., 0., 0., 0., 0., 0., 0., 0., 0., 0.]), 'locations': array([ 52,  74,  98, 318, 284, 202, 367, 192, 181, 196, 355, 367, 375,
       177, 225, 356,  30, 459, 487, 394,  78, 456,   2, 100, 418, 394,
       192, 158, 489, 195,  42, 102, 220, 239, 218, 428, 148, 481,  33,
        22, 379,  29, 235, 233, 211, 239, 385, 217, 425,  62,   9, 488,
       374,  77,  29, 327, 168, 232, 192, 188, 436, 139, 432])}, {'ts_index': 130, 'loc': 484, 'gap': 0.07498016782457326, 'distances': array([0.13966714, 0.25242337, 0.26847741, 0.3001337 , 0.21937226,
       0.1443796 , 0.29020367, 0.        , 0.275051  , 0.26426984,
       0.23044535]), 'delta_distances': array([0., 0., 0., 0., 0., 0., 0., 0., 0., 0., 0.]), 'locations': array([449, 175, 394, 194, 301, 315,  27, 484,  56, 483, 327])}, {'ts_index': 184, 'loc': 192, 'gap': 0.033152037358556624, 'distances': array([0.18540027, 0.25059681, 0.28337798, 0.22687679, 0.33524504,
       0.30354324, 0.18107358, 0.        ]), 'delta_distances': array([0., 0., 0., 0., 0., 0., 0., 0.]), 'locations': array([379, 477, 129, 439, 468, 359,   0, 192])}, {'ts_index': 71, 'loc': 357, 'gap': 0.09663723377080696, 'distances': array([0.20914975, 0.        , 0.26974697, 0.2638018 , 0.12365622]), 'delta_distances': array([0., 0., 0., 0., 0.]), 'locations': array([208, 357, 364, 136, 383])}], 'clusters': array([4, 2, 2, 1, 2, 3, 4, 3, 4, 2, 4, 1, 5, 4, 1, 1, 4, 1, 2, 4, 4, 6,
       4, 1, 4, 2, 3, 4, 1, 1, 4, 4, 2, 2, 4, 3, 2, 1, 4, 3, 1, 1, 4, 4,
       0, 1, 4, 1, 2, 4, 1, 3, 2, 1, 3, 4, 4, 1, 4, 4, 4, 4, 2, 1, 4, 4,
       4, 1, 4, 4, 4, 7, 3, 0, 4, 4, 5, 1, 4, 4, 4, 0, 2, 4, 2, 4, 1, 2,
       1, 4, 1, 1, 1, 1, 1, 1, 1, 1, 1, 1, 4, 1, 1, 2, 1, 1, 1, 1, 1, 1,
       1, 1, 1, 1, 1, 1, 1, 4, 4, 4, 1, 1, 1, 1, 3, 1, 1, 1, 3, 1, 5, 1,
       1, 1, 1, 7, 1, 1, 3, 6, 1, 1, 1, 1, 1, 1, 1, 1, 1, 1, 1, 1, 1, 3,
       1, 1, 1, 1, 1, 1, 1, 1, 1, 1, 1, 1, 1, 4, 4, 1, 1, 1, 1, 3, 1, 1,
       2, 1, 1, 1, 1, 4, 4, 3, 6, 1, 1, 4, 1, 4, 1, 3, 4, 1, 4, 1, 1, 1,
       4, 1]), 'time': 1233.6645047664642}
lenSubsequence: 13{'RI': 0.6906532663316582, 'num_clusters': 2, 'uShapelets': [{'ts_index': 110, 'loc': 190, 'gap': 0.03888591901221142, 'distances': array([0.30544126, 0.30674535, 0.29043425, 0.25423916, 0.28830438,
       0.3249568 , 0.28684358, 0.27084663, 0.31112852, 0.32062573,
       0.33809056, 0.24648567, 0.28913143, 0.29052242, 0.20909293,
       0.29687502, 0.23298072, 0.31959006, 0.25166093, 0.28032176,
       0.33783177, 0.31122163, 0.30971051, 0.26059842, 0.29098215,
       0.34299235, 0.25787738, 0.29024112, 0.30121753, 0.27357491,
       0.31593752, 0.32433204, 0.25114453, 0.25870265, 0.3353017 ,
       0.20922496, 0.28121678, 0.26212481, 0.29453472, 0.25367605,
       0.313318  , 0.25547049, 0.30369823, 0.32194595, 0.30557456,
       0.24801265, 0.32833776, 0.26233751, 0.3226952 , 0.33638286,
       0.24475088, 0.31373475, 0.35957546, 0.21729762, 0.31007996,
       0.31453102, 0.36010062, 0.24434502, 0.30490926, 0.27210417,
       0.31805581, 0.26723451, 0.31322935, 0.27303169, 0.307392  ,
       0.26342349, 0.2930854 , 0.30350115, 0.27506894, 0.25421786,
       0.31469157, 0.24128342, 0.26287195, 0.31952322, 0.31842195,
       0.29290802, 0.22453451, 0.24543162, 0.34200828, 0.31670273,
       0.28983613, 0.30841129, 0.31769447, 0.33153944, 0.31940728,
       0.35712299, 0.27479808, 0.29526008, 0.25186392, 0.35821502,
       0.18963475, 0.19020095, 0.1632461 , 0.26370198, 0.20744631,
       0.18541698, 0.20029243, 0.20531644, 0.19911447, 0.14978414,
       0.24960052, 0.16567954, 0.24951258, 0.29154925, 0.20544766,
       0.2068526 , 0.17598563, 0.28774442, 0.17458959, 0.15146873,
       0.        , 0.14812762, 0.14786236, 0.18963345, 0.1988782 ,
       0.25777968, 0.21123371, 0.17199733, 0.30323549, 0.2319674 ,
       0.21290315, 0.17443042, 0.17424442, 0.18085363, 0.28980704,
       0.21258954, 0.19070565, 0.20253957, 0.22886318, 0.24464955,
       0.23026338, 0.18530081, 0.26829894, 0.23455629, 0.19824028,
       0.1781006 , 0.23928454, 0.21129903, 0.19841612, 0.26948958,
       0.18619858, 0.18379159, 0.17970174, 0.16577505, 0.27998153,
       0.1809138 , 0.18387396, 0.23610432, 0.16579174, 0.18280142,
       0.17368101, 0.19529547, 0.19411114, 0.29423671, 0.18689717,
       0.2107027 , 0.16407618, 0.19650697, 0.14514647, 0.29269593,
       0.24589011, 0.12469062, 0.20443999, 0.25947313, 0.25405487,
       0.25000238, 0.15727182, 0.26735539, 0.18685969, 0.1895804 ,
       0.19851427, 0.15426955, 0.19326036, 0.29374925, 0.23116013,
       0.22394624, 0.28538857, 0.18565262, 0.21103065, 0.28980959,
       0.30709938, 0.32352668, 0.3266429 , 0.29219733, 0.33552425,
       0.31439221, 0.29293972, 0.27909907, 0.24796218, 0.27790822,
       0.25495485, 0.24616303, 0.27161339, 0.19220362, 0.1925187 ,
       0.20558213, 0.21979687, 0.26728785, 0.23874352, 0.19853494]), 'delta_distances': array([0., 0., 0., 0., 0., 0., 0., 0., 0., 0., 0., 0., 0., 0., 0., 0., 0.,
       0., 0., 0., 0., 0., 0., 0., 0., 0., 0., 0., 0., 0., 0., 0., 0., 0.,
       0., 0., 0., 0., 0., 0., 0., 0., 0., 0., 0., 0., 0., 0., 0., 0., 0.,
       0., 0., 0., 0., 0., 0., 0., 0., 0., 0., 0., 0., 0., 0., 0., 0., 0.,
       0., 0., 0., 0., 0., 0., 0., 0., 0., 0., 0., 0., 0., 0., 0., 0., 0.,
       0., 0., 0., 0., 0., 0., 0., 0., 0., 0., 0., 0., 0., 0., 0., 0., 0.,
       0., 0., 0., 0., 0., 0., 0., 0., 0., 0., 0., 0., 0., 0., 0., 0., 0.,
       0., 0., 0., 0., 0., 0., 0., 0., 0., 0., 0., 0., 0., 0., 0., 0., 0.,
       0., 0., 0., 0., 0., 0., 0., 0., 0., 0., 0., 0., 0., 0., 0., 0., 0.,
       0., 0., 0., 0., 0., 0., 0., 0., 0., 0., 0., 0., 0., 0., 0., 0., 0.,
       0., 0., 0., 0., 0., 0., 0., 0., 0., 0., 0., 0., 0., 0., 0., 0., 0.,
       0., 0., 0., 0., 0., 0., 0., 0., 0., 0., 0., 0., 0.]), 'locations': array([ 27, 232, 235,  59, 162, 308, 379, 363,  58, 126, 101, 140,   1,
       331,  95, 389, 156,  67, 483,  72, 304, 224,  54, 248, 269, 382,
        89, 352, 218, 292, 215, 337, 200, 254, 348, 188,  86, 385, 305,
        50,  28,  93,   7, 111, 299, 187, 363, 351, 267, 347,  48, 384,
       288, 204, 348, 281, 196,  31, 308, 295, 442, 133, 436, 206, 146,
       200,   3, 155, 148,  82,  79,  74, 102, 205, 278,  14,  25, 428,
       119, 343, 416, 422, 316, 139, 185, 159,  95, 178, 160, 374, 421,
       120, 380, 389,  82, 383,  77,  57, 291, 250, 327, 294, 470, 157,
       447,  56, 289, 462, 165, 352, 190, 421, 436, 161, 211,  22, 352,
       108, 323, 423, 101, 372, 394, 154, 121, 294, 171,  79, 375, 189,
        18, 118, 200, 328, 396, 140, 338, 411, 352, 351,  48,  36,  55,
       202, 162, 289, 228, 301, 429, 381, 362, 312,  27, 470,  51, 271,
       309, 442, 159,  79, 391, 237,  29, 245, 326, 219, 241, 292, 132,
       254, 107,  76, 369, 117, 348, 366, 387, 417, 174, 262, 324, 117,
       402, 104, 320, 245, 180, 245, 437, 262,  81,  77, 353,  35, 185,
       384, 136, 411, 153, 340])}], 'clusters': array([0, 0, 0, 0, 0, 0, 0, 0, 0, 0, 0, 0, 0, 0, 1, 0, 0, 0, 0, 0, 0, 0,
       0, 0, 0, 0, 0, 0, 0, 0, 0, 0, 0, 0, 0, 1, 0, 0, 0, 0, 0, 0, 0, 0,
       0, 0, 0, 0, 0, 0, 0, 0, 0, 1, 0, 0, 0, 0, 0, 0, 0, 0, 0, 0, 0, 0,
       0, 0, 0, 0, 0, 0, 0, 0, 0, 0, 1, 0, 0, 0, 0, 0, 0, 0, 0, 0, 0, 0,
       0, 0, 1, 1, 1, 0, 1, 1, 1, 1, 1, 1, 0, 1, 0, 0, 1, 1, 1, 0, 1, 1,
       1, 1, 1, 1, 1, 0, 1, 1, 0, 0, 1, 1, 1, 1, 0, 1, 1, 1, 0, 0, 0, 1,
       0, 0, 1, 1, 0, 1, 1, 0, 1, 1, 1, 1, 0, 1, 1, 0, 1, 1, 1, 1, 1, 0,
       1, 1, 1, 1, 1, 0, 0, 1, 1, 0, 0, 0, 1, 0, 1, 1, 1, 1, 1, 0, 0, 1,
       0, 1, 1, 0, 0, 0, 0, 0, 0, 0, 0, 0, 0, 0, 0, 0, 0, 1, 1, 1, 1, 0,
       0, 1]), 'time': 1148.1369183063507}
