lenSubsequence: 5{'RI': 0.4046935520619731, 'num_clusters': 3, 'uShapelets': [{'ts_index': 167, 'loc': 24, 'gap': 0.07765673340809892, 'distances': array([0.048076 , 0.172856 , 0.0385128, 0.0077236, 0.0313642, 0.0131456,
       0.096278 , 0.0329572, 0.0213498, 0.069746 , 0.0615074, 0.074442 ,
       0.0411486, 0.0094576, 0.029103 , 0.023635 , 0.0264874, 0.021362 ,
       0.0502638, 0.1844484, 0.0377674, 0.0049116, 0.1766388, 0.0972266,
       0.0072518, 0.0705208, 0.1101524, 0.1347228, 0.0752324, 0.0082632,
       0.0077418, 0.0562398, 0.0115422, 0.2412566, 0.0042338, 0.0506348,
       0.03615  , 0.0180122, 0.0327092, 0.073433 , 0.0292034, 0.0511646,
       0.0489006, 0.0367452, 0.026039 , 0.0844328, 0.064969 , 0.1158316,
       0.0670302, 0.087023 , 0.0185456, 0.204133 , 0.0524748, 0.0094196,
       0.0233228, 0.043891 , 0.0676604, 0.188783 , 0.0033332, 0.0374644,
       0.0138252, 0.1630234, 0.0054344, 0.030246 , 0.0074576, 0.1450748,
       0.0425772, 0.0875582, 0.1202938, 0.1745648, 0.040601 , 0.1382286,
       0.038716 , 0.1084446, 0.1307972, 0.0564974, 0.0083322, 0.225063 ,
       0.0085502, 0.0275636, 0.0325382, 0.220859 , 0.1628908, 0.0032294,
       0.0632652, 0.0775028, 0.1130654, 0.229089 , 0.2000508, 0.0205268,
       0.0512338, 0.1586586, 0.1102778, 0.1715354, 0.0193376, 0.007978 ,
       0.1013098, 0.116925 , 0.051673 , 0.0260074, 0.0101896, 0.121956 ,
       0.0151084, 0.0017804, 0.240165 , 0.1379538, 0.0057116, 0.0946396,
       0.0058204, 0.0326548, 0.042831 , 0.0431906, 0.1876422, 0.0871076,
       0.1123342, 0.0523056, 0.254499 , 0.0477568, 0.2283418, 0.0280648,
       0.055617 , 0.1576744, 0.017645 , 0.0081624, 0.2518756, 0.1515852,
       0.0773102, 0.150205 , 0.2820048, 0.0272324, 0.04081  , 0.145476 ,
       0.0499686, 0.0612382, 0.2038854, 0.1037444, 0.2424476, 0.162873 ,
       0.0545148, 0.0640608, 0.2296618, 0.0411276, 0.1951542, 0.2008306,
       0.0108046, 0.038841 , 0.089353 , 0.0111546, 0.0229594, 0.0080888,
       0.0096372, 0.007881 , 0.121591 , 0.1232296, 0.2244922, 0.1923222,
       0.056304 , 0.2273238, 0.0082412, 0.080823 , 0.1664468, 0.257203 ,
       0.007323 , 0.04093  , 0.02937  , 0.159966 , 0.1342218, 0.       ,
       0.0444172, 0.0886026, 0.1802182, 0.003267 , 0.0353962, 0.1652642,
       0.0574198, 0.0493466, 0.111903 , 0.0749444, 0.27555  , 0.0485154,
       0.0362732, 0.0096156, 0.065972 , 0.0962574, 0.0126178, 0.0839932,
       0.103443 , 0.155187 , 0.159295 , 0.0072938, 0.0019222, 0.0912596,
       0.0119582, 0.1122062, 0.0080158, 0.0118094, 0.2234996, 0.0062514,
       0.062036 , 0.0943966, 0.0776462, 0.0686354, 0.2505316, 0.0498166,
       0.0110662, 0.1516316, 0.1824496, 0.032603 , 0.0615302, 0.014059 ]), 'delta_distances': array([0.0224888, 0.0506336, 0.0378584, 0.0116476, 0.0200884, 0.0191956,
       0.0624124, 0.0200452, 0.0276004, 0.0415124, 0.030134 , 0.04661  ,
       0.02688  , 0.0189292, 0.0365024, 0.020886 , 0.0509744, 0.0194312,
       0.0246692, 0.0716372, 0.0171888, 0.015156 , 0.0865568, 0.049256 ,
       0.0139424, 0.0296816, 0.036628 , 0.0452724, 0.0289604, 0.0139324,
       0.0188344, 0.0330944, 0.0183968, 0.0555864, 0.0081036, 0.024422 ,
       0.0245724, 0.0332312, 0.018046 , 0.0251332, 0.0369876, 0.0240376,
       0.0303576, 0.0297708, 0.0250812, 0.034672 , 0.0591696, 0.0469484,
       0.0285204, 0.036954 , 0.013358 , 0.0576684, 0.0264744, 0.0129104,
       0.0341688, 0.0253604, 0.0514032, 0.0575216, 0.0069304, 0.0230448,
       0.0241056, 0.0529724, 0.0107976, 0.024156 , 0.0082672, 0.0527824,
       0.0622364, 0.0477876, 0.0998152, 0.0811492, 0.0261264, 0.0362936,
       0.017162 , 0.0400328, 0.053244 , 0.04826  , 0.0085532, 0.069946 ,
       0.0143468, 0.0164008, 0.0267548, 0.0593456, 0.0984008, 0.0100808,
       0.0399268, 0.0504856, 0.053306 , 0.1037612, 0.065534 , 0.0236276,
       0.0324524, 0.0770988, 0.0452248, 0.0775896, 0.01891  , 0.0097664,
       0.0521384, 0.0480276, 0.020618 , 0.0269548, 0.010628 , 0.0792872,
       0.0280112, 0.0053952, 0.1134176, 0.047836 , 0.012896 , 0.0361752,
       0.0113368, 0.0209796, 0.0217568, 0.0280796, 0.0586104, 0.0353744,
       0.0392944, 0.0192132, 0.0734648, 0.0204592, 0.0564564, 0.028    ,
       0.0227896, 0.0480772, 0.0217024, 0.010644 , 0.0971044, 0.0524188,
       0.022934 , 0.0594736, 0.0666096, 0.017362 , 0.0442552, 0.0784748,
       0.0228872, 0.0258544, 0.0699596, 0.075866 , 0.0547552, 0.066164 ,
       0.0299888, 0.0287488, 0.0730752, 0.0176976, 0.04374  , 0.0431392,
       0.0161832, 0.030212 , 0.0360376, 0.0198296, 0.0275568, 0.0088988,
       0.0118032, 0.0105836, 0.0651668, 0.0433012, 0.0644772, 0.0463292,
       0.0505252, 0.0547268, 0.0142168, 0.0401896, 0.0518408, 0.0537828,
       0.0164308, 0.0267988, 0.0584388, 0.0492984, 0.0443436, 0.       ,
       0.0295568, 0.0354792, 0.0672636, 0.005608 , 0.050218 , 0.0465448,
       0.0438176, 0.0476396, 0.0583756, 0.0307088, 0.0658452, 0.0133444,
       0.0188692, 0.0156248, 0.034974 , 0.0327268, 0.0147744, 0.0286148,
       0.0448644, 0.0494092, 0.063514 , 0.0119268, 0.0061536, 0.031216 ,
       0.0136448, 0.034474 , 0.018624 , 0.0114664, 0.0600396, 0.0110324,
       0.0362608, 0.0381208, 0.042188 , 0.043062 , 0.0636444, 0.0233544,
       0.0060936, 0.0489276, 0.0717752, 0.0308964, 0.0327152, 0.0325748]), 'locations': array([ 22,  20,  27,  13,  23,  48, 110,  23,  46, 109,  24,  26,  25,
        48,  28, 117,  48,  49,  22,  46,  22,  48, 111,  23,  25, 116,
        21,  23,  27,  26,  26, 116,  49,  20,  22,  28,  32,  47,  24,
       116,  47,  22,  21,  24,  23, 116,  28, 119,  22, 110,  22,  21,
        22,  23,  31,  24, 111, 116,  24,  27,  47,  22, 107,  95, 117,
        23,  47,  27,  96, 111, 109,  22,  28,  22,  21,  28, 116,  44,
        25,  23,  22,  21,  45,  24,  26,  27,  23,  46,  22,  49, 110,
        23,  23, 109,  26,  23,  24,  24,  27,  22,  23, 110,  47,  23,
        46,  21,  48, 116,  13,  21,  24,  23, 117, 119, 116,  22,  21,
        23,  21,  47, 115,  22,  47,  50,  44,  21,  22,  21,  21,  22,
        94, 111,  22,  23,  22, 112,  21,  23,  22,  23,  21,  22,  22,
        21,  48,  23,  24,  25,  47,  24,  24,  48,  27,  22,  21,  22,
        28,  23,  25,  26,  22,  21,  49,  28,  47,  20,  20,  24,  28,
       116,  22, 116,  47,  21,  27,  29,  25, 116, 119, 116,  28,  24,
        23,  22,  46,  22,  25,  22, 117,  26,  24,  23,  48,  21,  48,
        14,  21,  25, 116,  24,  27, 117,  21,  23,  24,  22,  22,  48,
        22,  48])}, {'ts_index': 19, 'loc': 0, 'gap': 0.057231563171108786, 'distances': array([0.0992378, 0.       , 0.064838 , 0.0072752, 0.008134 , 0.099866 ,
       0.0493208, 0.0893516, 0.0115154, 0.004913 , 0.013797 , 0.0065384,
       0.0728926, 0.090375 , 0.00413  , 0.0933712, 0.0059692, 0.017116 ,
       0.0168278, 0.012203 , 0.0037022, 0.0162628, 0.0134604, 0.1188332,
       0.1016912, 0.0095868, 0.0117826, 0.0148342, 0.0844526, 0.0057332,
       0.0109846, 0.004917 , 0.0137198, 0.0036954, 0.0066894, 0.0089102]), 'delta_distances': array([0.0252456, 0.       , 0.03472  , 0.0091024, 0.0076984, 0.0381376,
       0.0248072, 0.0249032, 0.0123184, 0.0088328, 0.0125996, 0.0039   ,
       0.0238724, 0.0263852, 0.0020508, 0.026722 , 0.0042652, 0.0141672,
       0.012128 , 0.012342 , 0.0081024, 0.015618 , 0.0123908, 0.0293024,
       0.0275352, 0.009388 , 0.0112492, 0.0061192, 0.0308788, 0.0099776,
       0.0101356, 0.0046664, 0.0090836, 0.0057516, 0.0084976, 0.0079432]), 'locations': array([0, 0, 0, 0, 0, 0, 0, 0, 0, 0, 0, 0, 0, 0, 0, 0, 0, 0, 0, 1, 0, 0,
       0, 0, 0, 0, 0, 1, 0, 0, 0, 0, 1, 0, 0, 0])}], 'clusters': array([1, 0, 1, 1, 1, 1, 1, 1, 1, 1, 1, 1, 1, 1, 1, 1, 1, 1, 1, 2, 1, 1,
       0, 1, 1, 1, 1, 1, 1, 1, 1, 1, 1, 2, 1, 1, 1, 1, 1, 1, 1, 1, 1, 1,
       1, 1, 1, 1, 1, 1, 1, 2, 1, 1, 1, 1, 1, 0, 1, 1, 1, 2, 1, 1, 1, 1,
       1, 1, 1, 0, 1, 1, 1, 1, 1, 1, 1, 2, 1, 1, 1, 2, 2, 1, 1, 1, 1, 2,
       0, 1, 1, 1, 1, 0, 1, 1, 1, 1, 1, 1, 1, 1, 1, 1, 2, 1, 1, 1, 1, 1,
       1, 1, 0, 1, 1, 1, 2, 1, 2, 1, 1, 1, 1, 1, 2, 1, 1, 1, 2, 1, 1, 1,
       1, 1, 2, 1, 2, 1, 1, 1, 2, 1, 0, 0, 1, 1, 1, 1, 1, 1, 1, 1, 1, 1,
       2, 2, 1, 2, 1, 1, 0, 2, 1, 1, 1, 1, 1, 1, 1, 1, 2, 1, 1, 2, 1, 1,
       1, 1, 2, 1, 1, 1, 1, 1, 1, 1, 1, 1, 1, 1, 1, 1, 1, 1, 1, 1, 2, 1,
       1, 1, 1, 1, 2, 1, 1, 1, 2, 1, 1, 1]), 'time': 114.17518091201782}
lenSubsequence: 8{'RI': 0.7461380724538619, 'num_clusters': 3, 'uShapelets': [{'ts_index': 199, 'loc': 73, 'gap': 0.15991196514943712, 'distances': array([0.272533  , 0.04737088, 0.23607837, 0.22289512, 0.03077838,
       0.0168195 , 0.26175338, 0.01303187, 0.02648362, 0.25026775,
       0.0582905 , 0.2641465 , 0.26940788, 0.02027225, 0.24178513,
       0.20067125, 0.028741  , 0.00888275, 0.27838225, 0.30084537,
       0.02776363, 0.0361315 , 0.03237938, 0.006272  , 0.18933263,
       0.27042275, 0.27189525, 0.01141612, 0.25789438, 0.21148288,
       0.19394538, 0.24291562, 0.00401225, 0.31611013, 0.2104025 ,
       0.233772  , 0.25254888, 0.02516063, 0.017097  , 0.29101163,
       0.03856575, 0.016458  , 0.04663475, 0.27693   , 0.21037363,
       0.28915062, 0.23856662, 0.03232962, 0.25398712, 0.25416863,
       0.03878587, 0.29165512, 0.259017  , 0.21459913, 0.23909863,
       0.26548675, 0.22925387, 0.0027385 , 0.18907938, 0.05763362,
       0.03845   , 0.03480275, 0.2013775 , 0.01398025, 0.21319475,
       0.008217  , 0.02302525, 0.27792038, 0.32295688, 0.02632587,
       0.25563212, 0.02275663, 0.24495612, 0.07885   , 0.10507062,
       0.23454625, 0.19818   , 0.34151637, 0.0211555 , 0.01138363,
       0.0327555 , 0.28978975, 0.34622875, 0.17457987, 0.23284875,
       0.28095187, 0.019626  , 0.34150712, 0.00991838, 0.02723325,
       0.24506975, 0.27866575, 0.03103412, 0.01938812, 0.030654  ,
       0.21292738, 0.0122925 , 0.03143425, 0.23219638, 0.21152538,
       0.20696062, 0.26655575, 0.03692737, 0.20265175, 0.30563838,
       0.077681  , 0.05873013, 0.25349213, 0.12661237, 0.1429255 ,
       0.2569415 , 0.242669  , 0.02093788, 0.10933912, 0.268683  ,
       0.23718413, 0.27572688, 0.25472525, 0.29423175, 0.01650963,
       0.25904225, 0.01315   , 0.02082225, 0.01987712, 0.32288237,
       0.29035613, 0.23833037, 0.2896205 , 0.28505387, 0.172904  ,
       0.01979325, 0.01760712, 0.03027112, 0.26383588, 0.29431587,
       0.24629788, 0.29087238, 0.00669563, 0.0332215 , 0.25540025,
       0.28501625, 0.01202275, 0.01337388, 0.00691   , 0.02072813,
       0.0201385 , 0.02028062, 0.19530288, 0.00995787, 0.15938113,
       0.2092245 , 0.03157075, 0.007166  , 0.26151988, 0.29033463,
       0.29037425, 0.23787188, 0.13686163, 0.1786865 , 0.25905312,
       0.00882613, 0.2823725 , 0.0181245 , 0.25723825, 0.00738025,
       0.03620975, 0.021549  , 0.18516913, 0.23460975, 0.28380225,
       0.30315612, 0.2117075 , 0.01931025, 0.292558  , 0.2607735 ,
       0.20229788, 0.00620475, 0.28528388, 0.28063988, 0.231005  ,
       0.25645275, 0.21601813, 0.06699663, 0.04205725, 0.04049537,
       0.259738  , 0.32793763, 0.0138485 , 0.0041165 , 0.209023  ,
       0.18196675, 0.02186587, 0.01970725, 0.05348262, 0.0179035 ,
       0.20884963, 0.30405725, 0.18083025, 0.2602675 , 0.        ,
       0.25708225, 0.0194735 , 0.30798988, 0.2525515 , 0.2357075 ,
       0.01313812, 0.285188  , 0.00571775, 0.035     , 0.01579887]), 'delta_distances': array([0.06983925, 0.067862  , 0.06844775, 0.064968  , 0.04660975,
       0.014168  , 0.04565325, 0.0271615 , 0.02668475, 0.04950375,
       0.06999925, 0.06936725, 0.044472  , 0.02873825, 0.062419  ,
       0.081191  , 0.02798275, 0.0233885 , 0.07352825, 0.06456325,
       0.03324725, 0.03680825, 0.0309995 , 0.012816  , 0.062662  ,
       0.053901  , 0.05198125, 0.02670975, 0.057969  , 0.0718005 ,
       0.05661125, 0.0567495 , 0.01557125, 0.05512425, 0.07706425,
       0.062002  , 0.06540175, 0.03708825, 0.028375  , 0.04933725,
       0.035511  , 0.019435  , 0.0733505 , 0.06118625, 0.06923775,
       0.05538675, 0.071398  , 0.0505645 , 0.05072175, 0.0499235 ,
       0.04543475, 0.0590615 , 0.04485775, 0.0841535 , 0.03952425,
       0.04788   , 0.06676875, 0.00889775, 0.04694425, 0.044212  ,
       0.03814725, 0.0379685 , 0.049196  , 0.01804925, 0.07829925,
       0.028724  , 0.0223945 , 0.04715125, 0.1003615 , 0.04290175,
       0.06387   , 0.041237  , 0.063783  , 0.073565  , 0.0870265 ,
       0.039027  , 0.08756775, 0.07273475, 0.0297695 , 0.01296075,
       0.03539725, 0.0814645 , 0.08571625, 0.05758925, 0.055866  ,
       0.05645625, 0.03867225, 0.07918975, 0.01955475, 0.0328795 ,
       0.05390075, 0.0654805 , 0.049622  , 0.0262625 , 0.0277405 ,
       0.06767   , 0.017407  , 0.0428825 , 0.04974425, 0.11512325,
       0.06931275, 0.06235025, 0.03709525, 0.07055225, 0.06075625,
       0.08160975, 0.04271875, 0.056179  , 0.059399  , 0.0558555 ,
       0.04929825, 0.05675975, 0.0291435 , 0.0630395 , 0.05335675,
       0.06131025, 0.0668875 , 0.06882525, 0.0682935 , 0.0181835 ,
       0.0570075 , 0.0273255 , 0.025473  , 0.01925875, 0.065018  ,
       0.045539  , 0.06553675, 0.0551065 , 0.05759   , 0.078192  ,
       0.0207075 , 0.028583  , 0.041666  , 0.05352075, 0.07300175,
       0.0432025 , 0.057171  , 0.0141595 , 0.03405   , 0.04916275,
       0.06956775, 0.026677  , 0.02452675, 0.01311875, 0.0298685 ,
       0.0224395 , 0.02719625, 0.044513  , 0.016627  , 0.060933  ,
       0.057477  , 0.0329545 , 0.00888475, 0.0517905 , 0.067893  ,
       0.0699925 , 0.050505  , 0.040387  , 0.09258   , 0.056949  ,
       0.0194795 , 0.06117725, 0.027596  , 0.05514475, 0.00973625,
       0.0319995 , 0.0205245 , 0.04456525, 0.06785925, 0.05721375,
       0.044793  , 0.09227525, 0.0233095 , 0.0591515 , 0.05935675,
       0.0931485 , 0.01108725, 0.04876325, 0.05592825, 0.0588835 ,
       0.04790325, 0.068492  , 0.05103225, 0.05001275, 0.03374525,
       0.05211225, 0.0550705 , 0.0215785 , 0.00909125, 0.06536225,
       0.062789  , 0.0266865 , 0.0300365 , 0.04849825, 0.02640575,
       0.0468225 , 0.05370675, 0.0655155 , 0.05314125, 0.        ,
       0.05029525, 0.022263  , 0.05049025, 0.0662845 , 0.0459515 ,
       0.02542125, 0.060047  , 0.00909525, 0.03895225, 0.0211775 ]), 'locations': array([132,  71, 133,  51,  71,  31, 132,  73,  29, 132,  73, 132,   3,
        31, 133,  62,  31,  31,  55, 132,  72,  30,  72,  70,  63, 132,
       132,  70, 132,  65,  79, 132,  31,   3,  61,   3,   4,  30,  72,
         3,  31,  70,  70,   3,  63, 132, 132,  72, 132,   3,  69, 132,
         3,  63,   3,   4, 132,  67,  78,  79,  31,  72,  52,  30,  62,
        70,  31,   3, 132,  71, 132,  70, 133,  71,  69,   3,  59, 131,
        73,  72,  71, 132, 131,  61, 132, 133,  70, 132,  70,  32, 132,
       132,  69,  69,  77,  77,  71,  74,   3,  75,  62, 132,  30,  60,
       132,  69,  31, 132,  52,  73,   4, 132,  70,  70, 132, 132, 132,
       132, 132,  31, 132,  72,  29,  32, 132,   3, 132, 132, 132,  62,
        31,  70,  71,   3, 133,   3,   4,  69,  72, 132, 132,  70,  67,
        69,  30,  73,  71,  79,  30,  77,  62,  31,  80,   4,   3, 132,
       132,   5,  77, 132,  70, 132,  32,   3,  31,  71,  70,  77, 134,
       132,   4,  75,  30, 132, 133,  50,  76,   3,   4, 132,   3,  63,
        72,  70,  30, 132,   3,  69,  68,  79,  76,  74,  31,  71,  31,
       130, 132,  79, 132,  73, 132,  63,   3, 132,   3,  70, 133,  31,
        71,  31])}, {'ts_index': 195, 'loc': 60, 'gap': 0.167452714350072, 'distances': array([0.21336237, 0.34230575, 0.0159125 , 0.22571037, 0.19691   ,
       0.26712037, 0.27655837, 0.37033488, 0.01594075, 0.21430162,
       0.205653  , 0.04981037, 0.2341205 , 0.20142075, 0.25707962,
       0.00843075, 0.00887337, 0.21767112, 0.1763305 , 0.00921312,
       0.32651937, 0.4204535 , 0.23525362, 0.2410875 , 0.01454038,
       0.20737912, 0.28159975, 0.22185162, 0.23662862, 0.23643   ,
       0.231831  , 0.01305288, 0.3935865 , 0.29011612, 0.22594662,
       0.00870025, 0.00798063, 0.013442  , 0.2335855 , 0.30081937,
       0.24482462, 0.41260825, 0.45626225, 0.34406437, 0.00588262,
       0.17491   , 0.20088137, 0.18774062, 0.02617575, 0.2793555 ,
       0.2538445 , 0.2527965 , 0.24753887, 0.2270665 , 0.0171605 ,
       0.33118437, 0.03160312, 0.00491562, 0.22468787, 0.01769575,
       0.215003  , 0.25680562, 0.02522438, 0.61636462, 0.249201  ,
       0.27279312, 0.38943625, 0.19818125, 0.2365535 , 0.248977  ,
       0.24708562, 0.25872687, 0.24630475, 0.18261187, 0.243765  ,
       0.22780525, 0.204455  , 0.2362615 , 0.01705575, 0.17719587,
       0.28012   , 0.20567837, 0.23480937, 0.24908187, 0.23757737,
       0.01535088, 0.02321612, 0.00579025, 0.22024762, 0.22306937,
       0.24226662, 0.22851612, 0.37530512, 0.01029687, 0.229822  ,
       0.25334337, 0.30995412, 0.014671  , 0.38014187, 0.18764225,
       0.29753912, 0.01232   , 0.21563087, 0.3530915 , 0.39092662,
       0.21076812, 0.35251637, 0.2297585 , 0.31943013, 0.03235425,
       0.24041988, 0.36520137, 0.01525713, 0.01559775, 0.        ,
       0.24227825, 0.00794075, 0.22482112, 0.19703112, 0.22240075,
       0.23607237, 0.29315287, 0.30655   ]), 'delta_distances': array([0.04438475, 0.05220225, 0.017295  , 0.0336405 , 0.056901  ,
       0.035484  , 0.045167  , 0.0573585 , 0.0197775 , 0.0458885 ,
       0.04990925, 0.03449325, 0.05133225, 0.04260075, 0.04811   ,
       0.01645   , 0.0156995 , 0.0385085 , 0.0521305 , 0.01963875,
       0.05386825, 0.0519395 , 0.05199075, 0.0387205 , 0.0267985 ,
       0.04363275, 0.04309875, 0.03806375, 0.040831  , 0.0452955 ,
       0.048101  , 0.01936925, 0.06183175, 0.04858775, 0.04294825,
       0.023773  , 0.00918775, 0.0206015 , 0.0408685 , 0.05724575,
       0.0340775 , 0.07102325, 0.1521    , 0.06565125, 0.012773  ,
       0.04469625, 0.04551325, 0.0469905 , 0.02597325, 0.050729  ,
       0.045258  , 0.0367215 , 0.0514195 , 0.052245  , 0.03153125,
       0.0687065 , 0.03403825, 0.01326325, 0.040693  , 0.01138025,
       0.04532275, 0.05643775, 0.01466225, 0.0749165 , 0.048172  ,
       0.04308475, 0.108185  , 0.046168  , 0.06426375, 0.054117  ,
       0.050495  , 0.06413975, 0.04844475, 0.05417425, 0.0499625 ,
       0.06081025, 0.03488425, 0.05371025, 0.020946  , 0.042417  ,
       0.0457925 , 0.05684725, 0.05293375, 0.0373695 , 0.042881  ,
       0.0237235 , 0.0261715 , 0.01954925, 0.049966  , 0.0464135 ,
       0.03756625, 0.04983   , 0.06127975, 0.018924  , 0.0497785 ,
       0.05357375, 0.05726925, 0.02119525, 0.0575455 , 0.048974  ,
       0.04889   , 0.0255465 , 0.0583065 , 0.055194  , 0.0663635 ,
       0.034469  , 0.04514675, 0.04576325, 0.0491835 , 0.015286  ,
       0.0408695 , 0.0661765 , 0.01584175, 0.0154795 , 0.        ,
       0.04978375, 0.01543   , 0.0515345 , 0.04890525, 0.05184225,
       0.04382225, 0.05898575, 0.05537075]), 'locations': array([135, 135,  57, 135, 135, 135, 135,   0,  68, 135, 135,  71, 135,
       135, 135,  72,  71, 135, 135,  68, 135, 135, 135, 135,  70, 135,
       135, 135, 135, 135, 135,  69, 135, 135, 135,  70,  58,  68, 135,
       135, 135, 135,  69, 135,  66, 135, 135, 135,  67, 135, 135, 135,
       135, 135,  68, 135,  68,  68, 135,  67, 135, 135,  58, 135, 135,
       135,  70, 135, 135, 135, 135, 135, 135, 135, 135, 135, 135, 135,
        69, 135, 135, 135, 135, 135, 135,  71,  70,  69, 135, 135, 135,
       135, 135,  69, 135, 135, 135,  68, 135, 135, 135,  67, 135, 135,
       135, 135, 135, 135, 135,  69, 135, 135,  71,  68,  60, 135,  70,
       135, 135, 135, 135, 135, 135])}], 'clusters': array([0, 1, 0, 2, 1, 1, 0, 1, 1, 0, 1, 0, 0, 1, 0, 2, 1, 1, 0, 0, 1, 1,
       1, 1, 2, 0, 0, 1, 0, 2, 2, 0, 1, 0, 2, 0, 0, 1, 1, 0, 1, 1, 1, 0,
       2, 0, 0, 1, 0, 0, 1, 0, 0, 2, 0, 0, 0, 1, 2, 1, 1, 1, 2, 1, 2, 1,
       1, 0, 0, 1, 0, 1, 0, 1, 0, 0, 2, 0, 1, 1, 1, 0, 0, 2, 0, 0, 1, 0,
       1, 1, 0, 0, 1, 1, 1, 2, 1, 1, 0, 2, 2, 0, 1, 2, 0, 1, 1, 0, 2, 0,
       0, 0, 1, 0, 0, 0, 0, 0, 0, 1, 0, 1, 1, 1, 0, 0, 0, 0, 0, 2, 1, 1,
       1, 0, 0, 0, 0, 1, 1, 0, 0, 1, 1, 1, 1, 1, 1, 2, 1, 2, 2, 1, 1, 0,
       0, 0, 0, 0, 2, 0, 1, 0, 1, 0, 1, 1, 1, 2, 0, 0, 0, 2, 1, 0, 0, 0,
       1, 0, 0, 0, 0, 2, 1, 1, 1, 0, 0, 1, 1, 2, 2, 1, 1, 1, 1, 2, 0, 2,
       0, 1, 0, 1, 0, 0, 0, 1, 0, 1, 1, 1]), 'time': 165.2377893924713}
lenSubsequence: 12{'RI': 0.4101617680565049, 'num_clusters': 2, 'uShapelets': [{'ts_index': 167, 'loc': 65, 'gap': 0.27520498409335004, 'distances': array([0.317258  , 0.38276367, 0.47880492, 0.01650767, 0.73200142,
       1.04168175, 0.34184267, 0.61948217, 0.87173992, 0.28556775,
       0.54811575, 0.39669717, 0.39895533, 0.99877725, 0.53915733,
       0.0037075 , 0.95150858, 0.96788283, 0.32288925, 0.322153  ,
       0.70078958, 0.88225983, 0.442316  , 0.47628683, 0.04146258,
       0.35711408, 0.30579467, 0.5075555 , 0.36234717, 0.00714067,
       0.01799858, 0.30617475, 0.80567033, 0.31246   , 0.01449975,
       0.46745442, 0.5905365 , 0.89782217, 0.79293817, 0.34744717,
       1.00660767, 0.74832333, 0.6698745 , 0.37000208, 0.00687508,
       0.3209325 , 0.39720558, 0.59625075, 0.31634092, 0.36106342,
       0.55005642, 0.37908408, 0.339388  , 0.01660433, 0.54583708,
       0.4235065 , 0.31359275, 0.46077375, 0.01678108, 0.48152508,
       1.040533  , 0.8034165 , 0.01253683, 0.9610505 , 0.01241817,
       0.53873467, 1.02077958, 0.3753525 , 0.43467858, 0.36038533,
       0.339589  , 0.49554425, 0.54739483, 0.42850383, 0.42705317,
       0.45792492, 0.00808492, 0.28433142, 0.59590633, 0.68825908,
       0.725746  , 0.32261592, 0.30930375, 0.01712308, 0.37436825,
       0.39750233, 0.53674233, 0.39519117, 0.514601  , 1.02577558,
       0.33667208, 0.37039642, 0.55615092, 0.42437292, 0.62043075,
       0.01289442, 0.5921995 , 0.57105492, 0.46671   , 0.026632  ,
       0.012148  , 0.34107425, 0.86893817, 0.01852992, 0.33953017,
       0.65517758, 1.0024255 , 0.3653405 , 0.01120717, 0.78202792,
       0.38362675, 0.37403042, 0.42281542, 0.41806092, 0.29139317,
       0.33863917, 0.37531775, 0.35523975, 0.39681225, 1.00884567,
       0.34365492, 0.47392067, 0.82697617, 0.98819858, 0.31602075,
       0.37253558, 0.31979308, 0.34443125, 0.36851942, 0.01935017,
       1.0492685 , 0.43507025, 0.68188133, 0.27700425, 0.42843717,
       0.30239742, 0.38993458, 0.60032717, 0.603726  , 0.35563575,
       0.36256625, 0.65980933, 0.52984375, 0.39197783, 0.98814408,
       0.67080742, 0.6197035 , 0.020769  , 0.87572292, 0.01962167,
       0.02170508, 0.98693508, 0.53403017, 0.3277505 , 0.38289133,
       0.37639792, 0.32297483, 0.56288042, 0.01242867, 0.34950233,
       0.53428783, 0.38395625, 1.0733165 , 0.44680208, 0.97654808,
       0.54124592, 0.6009995 , 0.        , 0.49652025, 0.28983092,
       0.48009808, 0.01692383, 1.03033267, 0.36773042, 0.47912325,
       0.45443617, 0.52641067, 0.33147167, 0.51459017, 0.33994383,
       0.45154483, 0.0365315 , 0.43647892, 0.54672942, 1.01742192,
       0.35238133, 0.57493275, 0.48622975, 0.44766892, 0.02066167,
       0.0134975 , 0.54788425, 1.01952167, 0.5167165 , 0.9239435 ,
       0.01483842, 0.389284  , 0.01099233, 0.32756683, 0.63219042,
       0.30982   , 0.70756358, 0.37040975, 0.33786983, 0.40047975,
       0.45849583, 0.45765958, 0.8492845 , 0.69590208, 1.0251665 ]), 'delta_distances': array([0.1028355 , 0.09347383, 0.119132  , 0.021889  , 0.15373383,
       0.23562767, 0.090185  , 0.14038917, 0.14237217, 0.08626017,
       0.197423  , 0.10094267, 0.10815733, 0.215314  , 0.11919017,
       0.01412117, 0.14822217, 0.2713855 , 0.09740567, 0.100194  ,
       0.2605885 , 0.2225255 , 0.10794033, 0.104292  , 0.0676285 ,
       0.10292033, 0.09267217, 0.10871767, 0.10110233, 0.0176965 ,
       0.0229535 , 0.097094  , 0.28723367, 0.10305067, 0.02297617,
       0.105341  , 0.11931417, 0.14163183, 0.26862333, 0.10219333,
       0.14366683, 0.1491365 , 0.12234483, 0.10884533, 0.022204  ,
       0.100502  , 0.10926867, 0.12061017, 0.088263  , 0.098587  ,
       0.17141133, 0.09526517, 0.09015633, 0.03845517, 0.1153435 ,
       0.11025433, 0.100264  , 0.1066905 , 0.024587  , 0.1589605 ,
       0.253151  , 0.1421645 , 0.015911  , 0.14595383, 0.0269985 ,
       0.10842733, 0.14777567, 0.10069467, 0.13086567, 0.09532467,
       0.093644  , 0.125886  , 0.11573667, 0.16364283, 0.1516625 ,
       0.11328083, 0.01770767, 0.089816  , 0.187635  , 0.20457483,
       0.12735317, 0.10494733, 0.110023  , 0.031977  , 0.094801  ,
       0.10338783, 0.13403733, 0.103318  , 0.17182983, 0.24972233,
       0.0883065 , 0.10595167, 0.12155567, 0.098429  , 0.13705333,
       0.03175917, 0.172446  , 0.12364483, 0.104712  , 0.0444785 ,
       0.01890183, 0.095629  , 0.1595105 , 0.03148983, 0.09791583,
       0.11667967, 0.15491317, 0.10300083, 0.01928533, 0.14622333,
       0.09784233, 0.110493  , 0.1023325 , 0.1274255 , 0.08861283,
       0.09202717, 0.1032265 , 0.1002155 , 0.10999417, 0.21269417,
       0.08539433, 0.11588483, 0.13839367, 0.20901233, 0.09412233,
       0.0994775 , 0.0929935 , 0.08755667, 0.098534  , 0.03399667,
       0.2557195 , 0.10749217, 0.12426733, 0.09001883, 0.103627  ,
       0.08891617, 0.11316683, 0.1201935 , 0.18529833, 0.0899955 ,
       0.1040455 , 0.13698917, 0.11534833, 0.09997517, 0.23273717,
       0.11463033, 0.12655433, 0.0374625 , 0.2251725 , 0.02743767,
       0.0424855 , 0.15747817, 0.1486385 , 0.10522817, 0.0977265 ,
       0.1051775 , 0.08757017, 0.12335917, 0.0313025 , 0.08835933,
       0.10669833, 0.10719933, 0.2181915 , 0.09948983, 0.21623817,
       0.1125905 , 0.13654317, 0.        , 0.1286525 , 0.08032117,
       0.11346667, 0.0222355 , 0.24275333, 0.09840083, 0.11375167,
       0.118375  , 0.11699433, 0.1078785 , 0.13035767, 0.09392817,
       0.10226217, 0.04313767, 0.15558117, 0.21949833, 0.16460133,
       0.0963655 , 0.12282033, 0.1120105 , 0.10201033, 0.03830317,
       0.02391233, 0.1705495 , 0.266611  , 0.17251483, 0.23624583,
       0.0231895 , 0.09118683, 0.028662  , 0.090291  , 0.1758745 ,
       0.08986183, 0.14138383, 0.0999825 , 0.09234967, 0.09663983,
       0.11516633, 0.10179267, 0.22103383, 0.13091917, 0.22386933]), 'locations': array([131, 131, 131,  54, 131,  28, 131, 131, 131, 131,  70, 131, 131,
        28, 131,  65, 131,  28, 131, 131,  68,  27, 131, 131,  67, 131,
       131, 131, 131,  68,  67, 131,  28, 131,  64, 131, 131, 131,  68,
       131, 131, 131, 131, 131,  66, 131, 131, 131, 131, 131,  66, 131,
       131,  66, 131, 131, 131, 131,  66,  76,  27, 131,  55, 131,  65,
       131, 131, 131, 131, 131, 131, 131, 131,  68,  66, 131,  62, 131,
        70,  68, 131, 131, 131,  64, 131, 131, 131, 131,  66,  29, 131,
       131, 131, 131, 131,  65,  68, 131, 131,  64,  65, 131, 131,  63,
       131, 131, 131, 131,  55, 131, 131, 131, 131,  67, 131, 131, 131,
       131, 131,  28, 131, 131, 131,  29, 131, 131, 131, 131, 131,  65,
        28, 131, 131, 131, 131, 131, 131, 131,  68, 131, 131, 131, 131,
       131,  27, 131, 131,  67,  27,  66,  65, 131,  76, 131, 131, 131,
       131, 131,  66, 131, 131, 131,  29, 131,  28, 131, 131,  65, 131,
       131, 131,  63,  27, 131, 131, 131, 131, 131, 131, 131, 131,  66,
        69,  67, 131, 131, 131, 131, 131,  68,  64,  71,  28,  68,  28,
        56, 131,  67, 131,  69, 131, 131, 131, 131, 131, 131, 131,  28,
       131,  28])}], 'clusters': array([1, 1, 1, 1, 0, 0, 1, 1, 0, 1, 1, 1, 1, 0, 1, 1, 0, 0, 1, 1, 1, 0,
       1, 1, 1, 1, 1, 1, 1, 1, 1, 1, 0, 1, 1, 1, 1, 0, 0, 1, 0, 0, 1, 1,
       1, 1, 1, 1, 1, 1, 1, 1, 1, 1, 1, 1, 1, 1, 1, 1, 0, 0, 1, 0, 1, 1,
       0, 1, 1, 1, 1, 1, 1, 1, 1, 1, 1, 1, 1, 1, 0, 1, 1, 1, 1, 1, 1, 1,
       1, 0, 1, 1, 1, 1, 1, 1, 1, 1, 1, 1, 1, 1, 0, 1, 1, 1, 0, 1, 1, 0,
       1, 1, 1, 1, 1, 1, 1, 1, 1, 0, 1, 1, 0, 0, 1, 1, 1, 1, 1, 1, 0, 1,
       1, 1, 1, 1, 1, 1, 1, 1, 1, 1, 1, 1, 0, 1, 1, 1, 0, 1, 1, 0, 1, 1,
       1, 1, 1, 1, 1, 1, 1, 1, 0, 1, 0, 1, 1, 1, 1, 1, 1, 1, 0, 1, 1, 1,
       1, 1, 1, 1, 1, 1, 1, 1, 0, 1, 1, 1, 1, 1, 1, 1, 0, 1, 0, 1, 1, 1,
       1, 1, 1, 1, 1, 1, 1, 1, 1, 0, 1, 0]), 'time': 104.2659101486206}
lenSubsequence: 15{'RI': 0.4132148553201185, 'num_clusters': 2, 'uShapelets': [{'ts_index': 99, 'loc': 66, 'gap': 0.4686606063172435, 'distances': array([1.16159887, 0.70086613, 1.032537  , 0.02810287, 1.16256153,
       1.26445207, 1.04667873, 1.0025454 , 1.20478133, 1.21328947,
       0.68686067, 1.0084422 , 0.8709316 , 1.1689858 , 0.83511513,
       0.0278614 , 1.2127588 , 1.14835713, 1.16056813, 1.07624873,
       0.8427258 , 1.0816482 , 0.83466507, 0.78351467, 0.05266093,
       0.96209993, 1.09774133, 0.76532993, 1.02574627, 0.01953733,
       0.023563  , 0.9611038 , 1.0066692 , 1.01170293, 0.02843193,
       0.96765807, 0.84461693, 1.2405264 , 0.9719986 , 1.02994727,
       1.3343296 , 0.9655514 , 0.93774273, 0.89478993, 0.0266326 ,
       1.25825053, 1.02899793, 0.88067167, 1.11358367, 0.97878433,
       0.7078814 , 0.96987093, 0.99033413, 0.0293358 , 0.89541387,
       0.88117873, 1.131853  , 0.70210933, 0.03013053, 0.6085842 ,
       1.23099747, 0.87350787, 0.0276654 , 1.2088028 , 0.032229  ,
       0.78616267, 1.2302662 , 1.05024533, 0.914511  , 0.83639607,
       1.13260807, 0.879713  , 1.0697216 , 0.55811067, 0.54162147,
       1.02789407, 0.02240893, 1.0748968 , 0.71074393, 0.86673253,
       0.95144893, 1.05167973, 1.40262487, 0.03104393, 1.011663  ,
       0.9484678 , 0.87458373, 1.00542013, 0.5703644 , 1.1986442 ,
       1.1556466 , 0.96640047, 0.73601947, 0.66634973, 1.1068848 ,
       0.02952287, 0.64230047, 0.86182313, 0.90320093, 0.        ,
       0.0192898 , 0.94682627, 1.2841902 , 0.03300113, 1.01392873,
       1.2233018 , 1.46278467, 0.94965947, 0.03089727, 1.35060927,
       0.92591967, 0.9297604 , 0.83567467, 0.5653506 , 1.1685966 ,
       1.001425  , 0.99239113, 0.99744013, 0.92147033, 1.21147253,
       0.98912513, 0.72290887, 1.26703393, 1.18356967, 1.057923  ,
       0.99546987, 1.05541267, 1.05448367, 0.86069087, 0.02819553,
       1.25009207, 0.80664193, 0.94230933, 1.06872687, 0.91798707,
       0.97305613, 0.9029388 , 0.70786993, 0.75383647, 0.98702887,
       0.91067273, 0.99571587, 0.66406453, 0.6620324 , 1.16379193,
       1.0646734 , 0.745334  , 0.03328173, 1.06627293, 0.0205806 ,
       0.02539073, 1.28263973, 0.60203647, 0.9553428 , 0.91369433,
       0.93622487, 1.07323627, 0.57161533, 0.02128093, 0.97469453,
       0.6596088 , 0.92380087, 1.2677864 , 1.0929606 , 1.21249967,
       0.83233293, 0.7487834 , 0.02667013, 1.02930713, 1.16935827,
       0.90365513, 0.02556667, 1.25111347, 1.01715313, 1.0458698 ,
       0.90342533, 0.62464833, 1.06749333, 0.88632667, 0.95411567,
       1.10013387, 0.04115367, 0.53163913, 0.69068467, 1.34319693,
       0.98020653, 1.08891253, 0.78975513, 0.7380646 , 0.02610673,
       0.0241164 , 0.68321973, 1.20946887, 0.67414347, 1.09309087,
       0.01933973, 0.94954953, 0.0249154 , 0.99833967, 0.70650027,
       1.03547327, 0.83647467, 0.9395798 , 1.02707413, 0.974981  ,
       0.66184227, 0.92617313, 1.0038132 , 0.84168807, 1.238548  ]), 'delta_distances': array([0.24412413, 0.30459693, 0.23679387, 0.04929547, 0.33125093,
       0.31000053, 0.23494827, 0.27838067, 0.29263707, 0.26678013,
       0.24562333, 0.22567613, 0.19992   , 0.2743452 , 0.19697467,
       0.04754813, 0.3111312 , 0.31235867, 0.2493964 , 0.2589984 ,
       0.29233787, 0.26279427, 0.25272853, 0.25598147, 0.08142827,
       0.22764667, 0.2372676 , 0.2713584 , 0.21911107, 0.03627333,
       0.04189147, 0.22188933, 0.3362036 , 0.2404276 , 0.06223693,
       0.22893613, 0.2236288 , 0.32397893, 0.31751093, 0.23461867,
       0.31920547, 0.282946  , 0.2789228 , 0.22401307, 0.04924787,
       0.25542813, 0.24129227, 0.30970707, 0.22997427, 0.24280187,
       0.21355013, 0.24589173, 0.227582  , 0.05545467, 0.20503693,
       0.22240973, 0.246522  , 0.24149333, 0.04617587, 0.1969412 ,
       0.30312133, 0.26821453, 0.03301227, 0.29581693, 0.05699773,
       0.304168  , 0.28986387, 0.23060427, 0.21783413, 0.3016272 ,
       0.22408387, 0.258668  , 0.24890013, 0.20366627, 0.19577533,
       0.2289884 , 0.03937693, 0.2365088 , 0.23759507, 0.2463468 ,
       0.26392653, 0.23835253, 0.27197667, 0.05203973, 0.2279992 ,
       0.22783867, 0.29053373, 0.243598  , 0.21154053, 0.31681627,
       0.25058013, 0.22409333, 0.25693333, 0.26666107, 0.29163133,
       0.04617613, 0.2166764 , 0.307734  , 0.22607827, 0.        ,
       0.03114907, 0.2337452 , 0.32295853, 0.05323453, 0.2260448 ,
       0.23444373, 0.30828827, 0.21462933, 0.03557493, 0.32516427,
       0.21749507, 0.21347187, 0.24464387, 0.18101253, 0.2572668 ,
       0.2553996 , 0.21878333, 0.24352773, 0.24417507, 0.2865124 ,
       0.21378667, 0.27703653, 0.3068648 , 0.29061013, 0.22801747,
       0.22891693, 0.2292352 , 0.23307173, 0.20111147, 0.0374544 ,
       0.31487653, 0.26202227, 0.29143373, 0.21957067, 0.21881827,
       0.21802693, 0.20511973, 0.22354067, 0.23612587, 0.2456508 ,
       0.21045093, 0.3264236 , 0.25781907, 0.23625893, 0.29213627,
       0.3003116 , 0.24046853, 0.05351893, 0.27986893, 0.03304787,
       0.04245747, 0.32211373, 0.17684373, 0.21838613, 0.2181616 ,
       0.22692027, 0.24758747, 0.1677784 , 0.04000373, 0.22529933,
       0.22357027, 0.21371533, 0.2981504 , 0.25561933, 0.2839876 ,
       0.2169252 , 0.2244924 , 0.03780933, 0.26720427, 0.25584347,
       0.2094184 , 0.03454867, 0.27913813, 0.226262  , 0.23785733,
       0.21873387, 0.2008124 , 0.2512872 , 0.22630907, 0.23028253,
       0.2462224 , 0.06588667, 0.2086532 , 0.26715453, 0.320358  ,
       0.2365036 , 0.2226724 , 0.27983547, 0.25315347, 0.03513653,
       0.04506107, 0.22095533, 0.32077013, 0.20635147, 0.28851413,
       0.03361373, 0.2160132 , 0.04229373, 0.22695413, 0.21978067,
       0.20882333, 0.23703013, 0.20965893, 0.2269168 , 0.23385027,
       0.23691053, 0.21559373, 0.28727533, 0.24785987, 0.28696587]), 'locations': array([ 0, 67,  0, 55, 67, 28,  0, 70, 26,  0, 71,  0,  0, 28,  0, 67, 28,
       28,  0,  0, 69, 27, 68, 66, 69,  0,  0, 66,  0, 70, 69,  0, 28,  0,
       66,  0,  0, 27, 69,  0, 28, 67, 67,  0, 68,  0,  0, 69,  0,  0, 66,
        0,  0, 67,  0,  0,  0, 64, 68, 76, 27, 69, 57, 27, 66, 67, 28,  0,
        0, 66,  0, 67,  0, 68, 66,  0, 64,  0, 70, 68, 68,  0,  0, 66,  0,
        0, 66,  0, 67, 29,  0,  0, 66, 65, 73, 67, 68, 70,  0, 66, 67,  0,
       27, 65,  0,  0, 28,  0, 57,  0,  0,  0, 66, 67,  0,  0,  0,  0,  0,
       28,  0, 69, 26, 28,  0,  0,  0,  0,  0, 67, 28, 66, 68,  0,  0,  0,
        0, 66, 69,  0,  0, 67, 64, 66, 27, 70, 67, 69, 27, 68, 67, 28, 76,
        0,  0,  0,  0,  0, 68,  0, 67,  0, 29,  0, 28, 68, 67, 67,  0,  0,
        0, 65, 27,  0,  0,  0, 72,  0,  0,  0,  0, 68, 70, 67, 27,  0,  0,
       66, 64, 70, 66, 71, 28, 68, 28, 58,  0, 69,  0, 69,  0, 60,  0,  0,
        0, 67,  0, 28, 68, 28])}], 'clusters': array([0, 0, 0, 1, 0, 0, 0, 0, 0, 0, 0, 0, 0, 0, 0, 1, 0, 0, 0, 0, 0, 0,
       0, 0, 1, 0, 0, 0, 0, 1, 1, 0, 0, 0, 1, 0, 0, 0, 0, 0, 0, 0, 0, 0,
       1, 0, 0, 0, 0, 0, 0, 0, 0, 1, 0, 0, 0, 0, 1, 0, 0, 0, 1, 0, 1, 0,
       0, 0, 0, 0, 0, 0, 0, 1, 1, 0, 1, 0, 0, 0, 0, 0, 0, 1, 0, 0, 0, 0,
       1, 0, 0, 0, 0, 0, 0, 1, 0, 0, 0, 1, 1, 0, 0, 1, 0, 0, 0, 0, 1, 0,
       0, 0, 0, 1, 0, 0, 0, 0, 0, 0, 0, 0, 0, 0, 0, 0, 0, 0, 0, 1, 0, 0,
       0, 0, 0, 0, 0, 0, 0, 0, 0, 0, 0, 0, 0, 0, 0, 1, 0, 1, 1, 0, 1, 0,
       0, 0, 0, 1, 1, 0, 0, 0, 0, 0, 0, 0, 0, 1, 0, 0, 0, 1, 0, 0, 0, 0,
       0, 0, 0, 0, 0, 1, 1, 0, 0, 0, 0, 0, 0, 1, 1, 0, 0, 0, 0, 1, 0, 1,
       0, 0, 0, 0, 0, 0, 0, 0, 0, 0, 0, 0]), 'time': 162.5191421508789}
