lenSubsequence: 11{'RI': 0.4836683417085427, 'num_clusters': 2, 'uShapelets': [{'ts_index': 176, 'loc': 63, 'gap': 0.20255265984682774, 'distances': array([0.6114122 , 0.49114419, 0.66522824, 0.56372852, 0.2071121 ,
       0.58127665, 0.62419732, 0.59659476, 0.56120497, 0.64493664,
       0.62197625, 0.64327965, 0.58489583, 0.65165429, 0.5893222 ,
       0.65167374, 0.6266396 , 0.59567709, 0.26921659, 0.36154684,
       0.62332157, 0.58268604, 0.62157614, 0.53167888, 0.63375601,
       0.60711852, 0.63983087, 0.63021508, 0.54816331, 0.59486298,
       0.63005117, 0.53866765, 0.64268267, 0.62400685, 0.29647236,
       0.64568095, 0.6254406 , 0.37425937, 0.59072372, 0.60716932,
       0.62003125, 0.63047482, 0.62372279, 0.58500782, 0.5979629 ,
       0.55606083, 0.19288718, 0.61233539, 0.63164429, 0.65373546,
       0.56076956, 0.61872099, 0.5896906 , 0.45154547, 0.60719756,
       0.44720438, 0.65047271, 0.55058362, 0.63383941, 0.58745036,
       0.65669339, 0.25979813, 0.60147092, 0.55048869, 0.65147184,
       0.46279278, 0.60583387, 0.32582475, 0.61123726, 0.26142608,
       0.24925043, 0.55413474, 0.64559764, 0.63683584, 0.18970495,
       0.5888972 , 0.5549815 , 0.65169683, 0.65434294, 0.61259705,
       0.59352641, 0.32567901, 0.6607509 , 0.45385361, 0.56028164,
       0.54235364, 0.66180647, 0.23497146, 0.22125704, 0.33771706,
       0.58134826, 0.35645588, 0.16231153, 0.56864708, 0.5696712 ,
       0.64366064, 0.60488748, 0.58910864, 0.53742579, 0.62678405,
       0.41847191, 0.5502117 , 0.62450517, 0.58642802, 0.35263398,
       0.65088018, 0.61853829, 0.18624557, 0.4858998 , 0.59846652,
       0.57274028, 0.6395896 , 0.60883912, 0.644285  , 0.66365971,
       0.40502801, 0.61662324, 0.61724052, 0.67899678, 0.69283294,
       0.64579444, 0.65772228, 0.63244058, 0.58234872, 0.18740529,
       0.55238677, 0.63159458, 0.69458909, 0.58908653, 0.61849973,
       0.2786179 , 0.24348269, 0.59040145, 0.65987084, 0.59901239,
       0.28892524, 0.30802868, 0.60694722, 0.22778549, 0.48860793,
       0.64439228, 0.63807149, 0.64108807, 0.57625176, 0.64319343,
       0.33117211, 0.64236945, 0.65107744, 0.67576158, 0.58094508,
       0.63775715, 0.60296076, 0.48740604, 0.38278132, 0.68428067,
       0.60841321, 0.53329204, 0.59270162, 0.65428284, 0.33855909,
       0.62650999, 0.61657606, 0.62954241, 0.64059095, 0.60916493,
       0.63848221, 0.55859507, 0.13131745, 0.5698343 , 0.66664894,
       0.6050389 , 0.58325883, 0.60029544, 0.27394732, 0.62184574,
       0.61890774, 0.        , 0.35352361, 0.65435131, 0.64665063,
       0.40255168, 0.60292879, 0.34864991, 0.61565524, 0.61848334,
       0.60724551, 0.61468955, 0.23438051, 0.56898831, 0.45274377,
       0.58497385, 0.65470194, 0.60308092, 0.23422404, 0.6017779 ,
       0.27873399, 0.55472475, 0.62951554, 0.28878447, 0.57427132]), 'delta_distances': array([0., 0., 0., 0., 0., 0., 0., 0., 0., 0., 0., 0., 0., 0., 0., 0., 0.,
       0., 0., 0., 0., 0., 0., 0., 0., 0., 0., 0., 0., 0., 0., 0., 0., 0.,
       0., 0., 0., 0., 0., 0., 0., 0., 0., 0., 0., 0., 0., 0., 0., 0., 0.,
       0., 0., 0., 0., 0., 0., 0., 0., 0., 0., 0., 0., 0., 0., 0., 0., 0.,
       0., 0., 0., 0., 0., 0., 0., 0., 0., 0., 0., 0., 0., 0., 0., 0., 0.,
       0., 0., 0., 0., 0., 0., 0., 0., 0., 0., 0., 0., 0., 0., 0., 0., 0.,
       0., 0., 0., 0., 0., 0., 0., 0., 0., 0., 0., 0., 0., 0., 0., 0., 0.,
       0., 0., 0., 0., 0., 0., 0., 0., 0., 0., 0., 0., 0., 0., 0., 0., 0.,
       0., 0., 0., 0., 0., 0., 0., 0., 0., 0., 0., 0., 0., 0., 0., 0., 0.,
       0., 0., 0., 0., 0., 0., 0., 0., 0., 0., 0., 0., 0., 0., 0., 0., 0.,
       0., 0., 0., 0., 0., 0., 0., 0., 0., 0., 0., 0., 0., 0., 0., 0., 0.,
       0., 0., 0., 0., 0., 0., 0., 0., 0., 0., 0., 0., 0.]), 'locations': array([130,  87, 127,  54,  78,  97,  52,  63,  59, 137, 105,   1, 137,
       108, 173, 127,  43, 117,  97,  89, 167,  94, 149,  73,  77, 149,
        87, 175, 142,  97, 171,  70,  39,  63,  57, 139, 148,  72, 108,
       119, 130, 140,  73,  61, 132,  31,  48,  86,  67, 152,  70,  66,
        91, 102, 143,  72, 133,  75, 121, 131, 168,  85,  94,  95, 138,
        62,  89,  87,  34,  57,  70,  58, 102,  89,  46,  27,  52, 124,
       104,   0,   9, 100, 172,  96,  87,  40,  94,  94,  81,  62, 122,
        52,  57,  74, 101, 143,  73,  93, 122, 112,  50,  37, 107,  92,
        61, 162, 141,  48, 113, 123, 153,  94,  96, 198, 109,  96, 141,
        76, 163,  92, 119, 110,  90,  49,  88,  97, 166, 129,  96, 113,
        92,  50, 108, 158,  72, 106,  59,  82,  47,  49,  75, 138, 202,
       171, 181,  83, 134,  82, 170,  41,  94,  99,  67,  60, 114,   9,
        21,   5,  49,  80, 151,  16, 118, 172, 154,  18,   5,  84, 112,
       109,  62, 136,  58,  53,  82, 160,  63,  80,  85, 148,  46, 161,
        93, 184, 107, 116, 162,  87, 102,  70,  94, 115, 112, 105,  70,
        90,  47, 144,  93,  70])}], 'clusters': array([0, 0, 0, 0, 1, 0, 0, 0, 0, 0, 0, 0, 0, 0, 0, 0, 0, 0, 1, 1, 0, 0,
       0, 0, 0, 0, 0, 0, 0, 0, 0, 0, 0, 0, 1, 0, 0, 0, 0, 0, 0, 0, 0, 0,
       0, 0, 1, 0, 0, 0, 0, 0, 0, 0, 0, 0, 0, 0, 0, 0, 0, 1, 0, 0, 0, 0,
       0, 1, 0, 1, 1, 0, 0, 0, 1, 0, 0, 0, 0, 0, 0, 1, 0, 0, 0, 0, 0, 1,
       1, 1, 0, 1, 1, 0, 0, 0, 0, 0, 0, 0, 0, 0, 0, 0, 1, 0, 0, 1, 0, 0,
       0, 0, 0, 0, 0, 0, 0, 0, 0, 0, 0, 0, 0, 0, 1, 0, 0, 0, 0, 0, 1, 1,
       0, 0, 0, 1, 1, 0, 1, 0, 0, 0, 0, 0, 0, 1, 0, 0, 0, 0, 0, 0, 0, 0,
       0, 0, 0, 0, 0, 1, 0, 0, 0, 0, 0, 0, 0, 1, 0, 0, 0, 0, 0, 1, 0, 0,
       1, 1, 0, 0, 0, 0, 1, 0, 0, 0, 0, 1, 0, 0, 0, 0, 0, 1, 0, 1, 0, 0,
       1, 0]), 'time': 422.0348708629608}
lenSubsequence: 15{'RI': 0.545929648241206, 'num_clusters': 2, 'uShapelets': [{'ts_index': 145, 'loc': 83, 'gap': 0.16700747595701215, 'distances': array([0.59428426, 0.3768632 , 0.63239114, 0.52385649, 0.31452649,
       0.58165338, 0.52343934, 0.54508418, 0.53060182, 0.67184123,
       0.61292775, 0.66741304, 0.5960781 , 0.61010957, 0.56905864,
       0.63686785, 0.61669878, 0.59144182, 0.28886881, 0.38940688,
       0.60815871, 0.59071997, 0.61582508, 0.55759913, 0.57381013,
       0.59572994, 0.60666424, 0.59632585, 0.56558711, 0.60637621,
       0.60973145, 0.49368008, 0.58816386, 0.56434619, 0.43233324,
       0.63221807, 0.60581573, 0.33155353, 0.54491714, 0.60741817,
       0.63922753, 0.6532484 , 0.63310481, 0.54563181, 0.63469514,
       0.59991095, 0.19856243, 0.61364719, 0.63295988, 0.63006838,
       0.50826371, 0.58819457, 0.60068753, 0.36367525, 0.58048799,
       0.41358643, 0.62929617, 0.58127079, 0.64064853, 0.63238328,
       0.65991787, 0.31450944, 0.61890581, 0.51283522, 0.65577141,
       0.31727659, 0.56033009, 0.32922168, 0.5456539 , 0.27920236,
       0.2471612 , 0.48783254, 0.62987483, 0.6222171 , 0.24696677,
       0.57613502, 0.54803104, 0.65808432, 0.63473715, 0.57472038,
       0.59661831, 0.24912088, 0.63017305, 0.33791235, 0.44351497,
       0.5292705 , 0.65271791, 0.32873106, 0.2663603 , 0.43311594,
       0.62755645, 0.36367351, 0.25841287, 0.58409102, 0.60089255,
       0.63897319, 0.55725607, 0.50636733, 0.5332178 , 0.60252644,
       0.36657101, 0.52132586, 0.61915156, 0.62649139, 0.31944072,
       0.68117656, 0.61903502, 0.20672678, 0.41793033, 0.62163079,
       0.5669556 , 0.65705102, 0.60157866, 0.63134475, 0.61598214,
       0.35531901, 0.63162024, 0.59471144, 0.63053804, 0.67497997,
       0.62645422, 0.63941229, 0.61782197, 0.5568481 , 0.19211658,
       0.53597184, 0.63540889, 0.62741283, 0.52728319, 0.63655817,
       0.31082976, 0.26618788, 0.58548131, 0.67949611, 0.53075225,
       0.37858482, 0.32152001, 0.54495175, 0.32129435, 0.45109027,
       0.62443336, 0.64801312, 0.63009144, 0.58908707, 0.6282421 ,
       0.        , 0.63739947, 0.62236768, 0.62641899, 0.58645664,
       0.61270027, 0.62841435, 0.46545419, 0.32776869, 0.64079986,
       0.55629515, 0.53497049, 0.47167954, 0.58607134, 0.27853593,
       0.62976044, 0.56310065, 0.64811591, 0.61738746, 0.64793363,
       0.59260413, 0.53694755, 0.29378864, 0.62823968, 0.60919205,
       0.54937392, 0.61756278, 0.60836984, 0.28889935, 0.61624009,
       0.59489879, 0.27620487, 0.39162639, 0.61551225, 0.64423656,
       0.35979119, 0.61448319, 0.41733159, 0.62590398, 0.62132485,
       0.59893854, 0.62620101, 0.29072687, 0.53418459, 0.31865   ,
       0.60944525, 0.63625401, 0.57813887, 0.26127517, 0.58441079,
       0.34020575, 0.54695473, 0.6371564 , 0.34985899, 0.53697363]), 'delta_distances': array([0., 0., 0., 0., 0., 0., 0., 0., 0., 0., 0., 0., 0., 0., 0., 0., 0.,
       0., 0., 0., 0., 0., 0., 0., 0., 0., 0., 0., 0., 0., 0., 0., 0., 0.,
       0., 0., 0., 0., 0., 0., 0., 0., 0., 0., 0., 0., 0., 0., 0., 0., 0.,
       0., 0., 0., 0., 0., 0., 0., 0., 0., 0., 0., 0., 0., 0., 0., 0., 0.,
       0., 0., 0., 0., 0., 0., 0., 0., 0., 0., 0., 0., 0., 0., 0., 0., 0.,
       0., 0., 0., 0., 0., 0., 0., 0., 0., 0., 0., 0., 0., 0., 0., 0., 0.,
       0., 0., 0., 0., 0., 0., 0., 0., 0., 0., 0., 0., 0., 0., 0., 0., 0.,
       0., 0., 0., 0., 0., 0., 0., 0., 0., 0., 0., 0., 0., 0., 0., 0., 0.,
       0., 0., 0., 0., 0., 0., 0., 0., 0., 0., 0., 0., 0., 0., 0., 0., 0.,
       0., 0., 0., 0., 0., 0., 0., 0., 0., 0., 0., 0., 0., 0., 0., 0., 0.,
       0., 0., 0., 0., 0., 0., 0., 0., 0., 0., 0., 0., 0., 0., 0., 0., 0.,
       0., 0., 0., 0., 0., 0., 0., 0., 0., 0., 0., 0., 0.]), 'locations': array([131,  88, 103,  53,  78,  95,  71,  62,  60, 136, 104,  10, 136,
       107, 172, 148,  53, 116,  97,  88, 107,  95, 114,  73,  76, 148,
        86, 115, 141,  97, 171,  70,  70,  81,  58, 138, 147,  72, 104,
       119, 129, 141,  81,  63, 132,  70,  48,  85,  66, 106,  69,  65,
       108, 102, 142,  73, 161,  88, 195, 129, 146,  85,  93,  95, 138,
        62,  87,  87,  78,  57,  70,  57, 133,  89,  46, 112,  84,  85,
       104,  63,  65,  99, 105,  96,  87,  85,  93,  94,  81,  62, 131,
        52,  57,  86, 164, 198,  88,  93, 121, 113,  50,  96, 109, 171,
        60, 183, 157,  48, 113, 123, 120, 127,  95, 197,  84,  96, 195,
        88,  72, 181, 118, 118,  91,  48,  88,  98, 167,  91,  95, 111,
        92,  50, 109, 157,  72, 105,  58,  83,  47,  48,  74, 195, 202,
       172, 182,  83, 145, 124, 120,  41,  93,  98,  68,  59, 110,  67,
        21,  59,  66,  80, 196,  83, 119, 172, 197,  69,  91,  84, 112,
       108,  61, 181,  69,  53, 144, 119,  63,  79, 106, 202,  46,  96,
        93, 113, 108, 118, 161,  87, 101,  71,  94, 138, 113, 105,  83,
        90,  93, 181,  93,  69])}], 'clusters': array([0, 1, 0, 0, 1, 0, 0, 0, 0, 0, 0, 0, 0, 0, 0, 0, 0, 0, 1, 1, 0, 0,
       0, 0, 0, 0, 0, 0, 0, 0, 0, 0, 0, 0, 0, 0, 0, 1, 0, 0, 0, 0, 0, 0,
       0, 0, 1, 0, 0, 0, 0, 0, 0, 1, 0, 0, 0, 0, 0, 0, 0, 1, 0, 0, 0, 1,
       0, 1, 0, 1, 1, 0, 0, 0, 1, 0, 0, 0, 0, 0, 0, 1, 0, 1, 0, 0, 0, 1,
       1, 0, 0, 1, 1, 0, 0, 0, 0, 0, 0, 0, 1, 0, 0, 0, 1, 0, 0, 1, 0, 0,
       0, 0, 0, 0, 0, 1, 0, 0, 0, 0, 0, 0, 0, 0, 1, 0, 0, 0, 0, 0, 1, 1,
       0, 0, 0, 1, 1, 0, 1, 0, 0, 0, 0, 0, 0, 1, 0, 0, 0, 0, 0, 0, 0, 1,
       0, 0, 0, 0, 0, 1, 0, 0, 0, 0, 0, 0, 0, 1, 0, 0, 0, 0, 0, 1, 0, 0,
       1, 1, 0, 0, 1, 0, 0, 0, 0, 0, 0, 1, 0, 1, 0, 0, 0, 1, 0, 1, 0, 0,
       1, 0]), 'time': 397.593457698822}
lenSubsequence: 19{'RI': 0.7341206030150754, 'num_clusters': 2, 'uShapelets': [{'ts_index': 104, 'loc': 61, 'gap': 0.11372970108081615, 'distances': array([0.55473506, 0.32955637, 0.62549316, 0.44776644, 0.24436122,
       0.59672515, 0.38566424, 0.42574923, 0.38006842, 0.58463429,
       0.60407013, 0.49773118, 0.57521632, 0.60136846, 0.59093973,
       0.60528126, 0.47373837, 0.58908033, 0.36570946, 0.31192162,
       0.596242  , 0.59321429, 0.56238805, 0.46442168, 0.38839169,
       0.60462828, 0.60199662, 0.59785878, 0.61751279, 0.59893727,
       0.52887731, 0.35658675, 0.47358104, 0.46576207, 0.40264005,
       0.55817004, 0.61719573, 0.34238214, 0.47451779, 0.56322597,
       0.58715292, 0.58879308, 0.48960267, 0.50582611, 0.54230507,
       0.55820028, 0.31008379, 0.61545711, 0.63197021, 0.59970748,
       0.39066193, 0.59715628, 0.4520702 , 0.32078242, 0.5933706 ,
       0.31716137, 0.60082874, 0.45151586, 0.5651164 , 0.60788952,
       0.58431425, 0.31434341, 0.6067079 , 0.41938031, 0.61733276,
       0.30720739, 0.46236987, 0.33300631, 0.43157487, 0.31800202,
       0.23889815, 0.40640849, 0.58918094, 0.61424217, 0.23918924,
       0.47064492, 0.41153671, 0.61347015, 0.6067358 , 0.43960634,
       0.50922518, 0.26708746, 0.6061995 , 0.33810832, 0.37912891,
       0.436974  , 0.61717366, 0.40222994, 0.28292277, 0.40791717,
       0.63982193, 0.31035702, 0.28535172, 0.4464643 , 0.56474837,
       0.58286912, 0.46800552, 0.39049869, 0.58632346, 0.53410069,
       0.35070414, 0.42970408, 0.59065764, 0.60195334, 0.        ,
       0.57188414, 0.55980472, 0.28416169, 0.3500376 , 0.55538546,
       0.60131303, 0.60576969, 0.61436741, 0.61291679, 0.64510821,
       0.31937982, 0.5362834 , 0.44408684, 0.58053556, 0.63202574,
       0.57994159, 0.59843331, 0.61336843, 0.4352198 , 0.26283843,
       0.44337633, 0.61558932, 0.58244898, 0.41375776, 0.56253276,
       0.31964606, 0.25945015, 0.61462624, 0.59350867, 0.42965564,
       0.30254794, 0.30105812, 0.38555102, 0.29705463, 0.42839728,
       0.58181895, 0.58128124, 0.61594571, 0.58845938, 0.62399559,
       0.26385174, 0.57262858, 0.62150426, 0.52162826, 0.41729281,
       0.59281755, 0.60426499, 0.38772018, 0.34706299, 0.64258619,
       0.43032033, 0.45637399, 0.36369057, 0.4701422 , 0.33036493,
       0.576785  , 0.39723761, 0.61641169, 0.62265121, 0.59137832,
       0.45388002, 0.43845825, 0.23170113, 0.64001635, 0.6509014 ,
       0.42738639, 0.62776499, 0.4614953 , 0.30686221, 0.61744086,
       0.59860835, 0.3332433 , 0.32333416, 0.60839974, 0.548981  ,
       0.24626892, 0.55651358, 0.39364874, 0.63250848, 0.60815477,
       0.55200909, 0.57062337, 0.28514322, 0.39912037, 0.348671  ,
       0.60261842, 0.61885178, 0.56527287, 0.3024905 , 0.58145593,
       0.35053028, 0.41989558, 0.60605281, 0.30031627, 0.43121727]), 'delta_distances': array([0., 0., 0., 0., 0., 0., 0., 0., 0., 0., 0., 0., 0., 0., 0., 0., 0.,
       0., 0., 0., 0., 0., 0., 0., 0., 0., 0., 0., 0., 0., 0., 0., 0., 0.,
       0., 0., 0., 0., 0., 0., 0., 0., 0., 0., 0., 0., 0., 0., 0., 0., 0.,
       0., 0., 0., 0., 0., 0., 0., 0., 0., 0., 0., 0., 0., 0., 0., 0., 0.,
       0., 0., 0., 0., 0., 0., 0., 0., 0., 0., 0., 0., 0., 0., 0., 0., 0.,
       0., 0., 0., 0., 0., 0., 0., 0., 0., 0., 0., 0., 0., 0., 0., 0., 0.,
       0., 0., 0., 0., 0., 0., 0., 0., 0., 0., 0., 0., 0., 0., 0., 0., 0.,
       0., 0., 0., 0., 0., 0., 0., 0., 0., 0., 0., 0., 0., 0., 0., 0., 0.,
       0., 0., 0., 0., 0., 0., 0., 0., 0., 0., 0., 0., 0., 0., 0., 0., 0.,
       0., 0., 0., 0., 0., 0., 0., 0., 0., 0., 0., 0., 0., 0., 0., 0., 0.,
       0., 0., 0., 0., 0., 0., 0., 0., 0., 0., 0., 0., 0., 0., 0., 0., 0.,
       0., 0., 0., 0., 0., 0., 0., 0., 0., 0., 0., 0., 0.]), 'locations': array([ 51,  89, 154,  56,  78,  24,  71,  63,  60,  11,  45,  51,  14,
        40, 173,  20,  54,   9,  97,  90,  22,  34,   3,  76,  79, 149,
        22,  24, 121,  26,  36,  70,  72,  78,  58,  63, 150,  73, 108,
        54,  43,  56,  87,  67,  25,  64,  49, 106,  88,  11,  70, 124,
       109, 103,  22,  73,  28,  88,  30,  24,  35,  85,  59,  96,  46,
        62,  90,  88,  78,  57,  70,  58,  62,  90,  47, 114,  87,  29,
        10,  64,  76, 100,  54,  96,  88,  86,  24,  95,  81,  63,  34,
        52,  57,  87,  47,   8,  89,  93,   3,  14,  50, 101, 117,  31,
        61,   3,  61,  49, 113,  21, 121, 103, 109,  72,   8,  96,  13,
        89,   8,   6,  77,  38,  90,  49,  89,  98,   9,  63,  98,  58,
        92,  50, 109,  28,  72, 106,  59,  84,  47,  49,  24,  80,  50,
        21,   7,  84,   8, 122,  36,  42,   0,  22,  69,  59,   4,  68,
        45,  60,  65,  80,  18,  84,  49, 172,  49,  72,  91,  84,  19,
        82,  64,  60,  69,  53, 145,  52,  64,  80,  85,  28,  46,   1,
        94,  52,  23,  61,  57,  88, 101,  72,  28,  19,  14, 106,   3,
        90,  93,  59,  93,  70])}], 'clusters': array([0, 1, 0, 1, 1, 0, 1, 1, 1, 0, 0, 1, 0, 0, 0, 0, 1, 0, 1, 1, 0, 0,
       0, 1, 1, 0, 0, 0, 0, 0, 0, 1, 1, 1, 1, 0, 0, 1, 1, 0, 0, 0, 1, 0,
       0, 0, 1, 0, 0, 0, 1, 0, 1, 1, 0, 1, 0, 1, 0, 0, 0, 1, 0, 1, 0, 1,
       1, 1, 1, 1, 1, 1, 0, 0, 1, 1, 1, 0, 0, 1, 0, 1, 0, 1, 1, 1, 0, 1,
       1, 1, 0, 1, 1, 1, 0, 0, 1, 1, 0, 0, 1, 1, 0, 0, 1, 0, 0, 1, 1, 0,
       0, 0, 0, 0, 0, 1, 0, 1, 0, 0, 0, 0, 0, 1, 1, 1, 0, 0, 1, 0, 1, 1,
       0, 0, 1, 1, 1, 1, 1, 1, 0, 0, 0, 0, 0, 1, 0, 0, 0, 1, 0, 0, 1, 1,
       0, 1, 1, 1, 1, 1, 0, 1, 0, 0, 0, 1, 1, 1, 0, 0, 1, 0, 1, 1, 0, 0,
       1, 1, 0, 0, 1, 0, 1, 0, 0, 0, 0, 1, 1, 1, 0, 0, 0, 1, 0, 1, 1, 0,
       1, 1]), 'time': 304.0803680419922}
