lenSubsequence: 5{'RI': 0.7367965367965368, 'num_clusters': 14, 'uShapelets': [{'ts_index': 98, 'loc': 6, 'gap': 0.07447600282167313, 'distances': array([0.34300814, 0.14931943, 0.27121737, 0.36023654, 0.22031586,
       0.1344094 , 0.15120598, 0.22101877, 0.16156416, 0.33199215,
       0.27960854, 0.27090071, 0.37850603, 0.33785831, 0.22027369,
       0.31849035, 0.1585299 , 0.39412118, 0.13548885, 0.27501416,
       0.15670485, 0.36987917, 0.33797807, 0.31709174, 0.24536967,
       0.31745379, 0.36854579, 0.20131966, 0.20384724, 0.15213851,
       0.27281596, 0.30742218, 0.13223981, 0.26638658, 0.38441417,
       0.12601628, 0.21833033, 0.34855475, 0.37712226, 0.25394238,
       0.17665556, 0.15354535, 0.40059804, 0.1648997 , 0.28803167,
       0.3716637 , 0.25050712, 0.40489854, 0.18064105, 0.33214174,
       0.31248578, 0.2538602 , 0.05607237, 0.16711204, 0.23543243,
       0.35370732, 0.15849015, 0.4083362 , 0.43070342, 0.11487036,
       0.26476969, 0.1152498 , 0.1571828 , 0.41137234, 0.32179148,
       0.39330059, 0.4017426 , 0.31153146, 0.14244284, 0.32173767,
       0.36149252, 0.19371953, 0.41086142, 0.30472873, 0.29165676,
       0.38751549, 0.28063517, 0.20802724, 0.2879814 , 0.18894338,
       0.34202181, 0.19728575, 0.19461367, 0.25223433, 0.17100619,
       0.36804415, 0.20364159, 0.40859906, 0.2437468 , 0.30510496,
       0.16078462, 0.22632315, 0.33806671, 0.15705877, 0.18258354,
       0.18928138, 0.39203671, 0.34226689, 0.        , 0.38624376,
       0.16182756, 0.23662821, 0.29333941, 0.26935842, 0.07804675,
       0.24815194, 0.37082873, 0.25770025, 0.3202006 , 0.13011107,
       0.11951005, 0.25220513, 0.25168777, 0.17148233, 0.14121944,
       0.3122494 , 0.31049811, 0.37051758, 0.18237318, 0.31714459,
       0.06224689, 0.32411155, 0.34883764, 0.08164654, 0.29065716,
       0.38112644, 0.18853891, 0.36749013, 0.09239433, 0.2279717 ,
       0.14272563, 0.34382478, 0.09431557, 0.33922248, 0.34418488,
       0.38511646, 0.28194767, 0.17070879, 0.31798064, 0.1634415 ,
       0.2949633 , 0.25518845, 0.26276761, 0.29895602, 0.17977785,
       0.24949002, 0.18224027, 0.38798073, 0.30648338, 0.23632521,
       0.12086987, 0.31606693, 0.17094392, 0.19299591, 0.12396135,
       0.16836561, 0.28850187, 0.34546506, 0.13784592, 0.40378698,
       0.41467426, 0.24404118, 0.33005971, 0.34477752, 0.25042882,
       0.34649534, 0.36179907, 0.19099234, 0.31188106, 0.35623256,
       0.41377534, 0.11583437, 0.25049432, 0.34588099, 0.28678115,
       0.35895133, 0.38136467, 0.35351938, 0.20962367, 0.40262167,
       0.30039247, 0.21024414, 0.37564284, 0.31985247, 0.34377164,
       0.3844378 , 0.18347014, 0.3857197 , 0.12514769, 0.3788523 ,
       0.19186492, 0.3259588 , 0.115487  , 0.33219363, 0.17405429,
       0.34989718, 0.39956751, 0.07491784, 0.22487776, 0.38018451,
       0.28734889, 0.32969038, 0.33983941, 0.19937348, 0.3404913 ,
       0.17211462, 0.23454407, 0.36233545, 0.32570677, 0.12643371]), 'delta_distances': array([0., 0., 0., 0., 0., 0., 0., 0., 0., 0., 0., 0., 0., 0., 0., 0., 0.,
       0., 0., 0., 0., 0., 0., 0., 0., 0., 0., 0., 0., 0., 0., 0., 0., 0.,
       0., 0., 0., 0., 0., 0., 0., 0., 0., 0., 0., 0., 0., 0., 0., 0., 0.,
       0., 0., 0., 0., 0., 0., 0., 0., 0., 0., 0., 0., 0., 0., 0., 0., 0.,
       0., 0., 0., 0., 0., 0., 0., 0., 0., 0., 0., 0., 0., 0., 0., 0., 0.,
       0., 0., 0., 0., 0., 0., 0., 0., 0., 0., 0., 0., 0., 0., 0., 0., 0.,
       0., 0., 0., 0., 0., 0., 0., 0., 0., 0., 0., 0., 0., 0., 0., 0., 0.,
       0., 0., 0., 0., 0., 0., 0., 0., 0., 0., 0., 0., 0., 0., 0., 0., 0.,
       0., 0., 0., 0., 0., 0., 0., 0., 0., 0., 0., 0., 0., 0., 0., 0., 0.,
       0., 0., 0., 0., 0., 0., 0., 0., 0., 0., 0., 0., 0., 0., 0., 0., 0.,
       0., 0., 0., 0., 0., 0., 0., 0., 0., 0., 0., 0., 0., 0., 0., 0., 0.,
       0., 0., 0., 0., 0., 0., 0., 0., 0., 0., 0., 0., 0., 0., 0., 0., 0.,
       0., 0., 0., 0., 0., 0.]), 'locations': array([ 76, 106, 110,  80, 125,  34, 121, 115,   2,  62,   7,  82,  38,
        54,  38, 134,  21,  23, 138, 111,  61, 128,  27,  45,  82,  86,
       106,  40,  68, 128,  99,  11,  74, 121,  99,   8,  91,  20, 100,
        91,  99,   4,  33,  13,  94,  39, 113, 106, 114,  64,   1,  68,
       124,  80,  98,  58,   5,  32,  48,   0, 128,  63,  77,  36,   0,
       138,   0, 135,  10, 126, 120,  77,  33,  28,  48,  92,  12,  95,
         6,  35,  45,  35,   2,   9,   4,   4,  38, 123,  88,  31,  19,
         7,  76,  39, 127, 125,  32, 114,   6,  48,  70,  37, 110,  54,
        99, 127,  24,  11,  97,  85,  12, 124,   5, 126,  52,  34,  48,
       121,  57,  38,  41,  75, 111, 111,   9,  77,  96, 120, 102, 113,
        21,  53,  91, 122,  47,  57, 106,   8,  75,  98, 100,  38, 113,
       125,  22,  45,  84,  34,   3, 106, 136,  98, 126, 121,  67,  97,
       122,  80,  73,  48,   6,  11, 116, 114,  36,  43,   7,  22,  12,
       122,  48,   9,  56,   7,  40,  87,  65,  71,  46,  79,  34,  86,
        75,  11,  99, 101,  51,  21, 110,  87,  92,  96,   2,  62,  86,
        47, 101,  86,  54,  34,  85,  82,  63,  89,  97, 126, 100,  24,
         0, 111])}, {'ts_index': 107, 'loc': 102, 'gap': 0.06843280093736331, 'distances': array([0.2684104 , 0.12734349, 0.15971342, 0.38011912, 0.34356409,
       0.35294409, 0.40618428, 0.3729878 , 0.36075559, 0.25192025,
       0.39033411, 0.19603   , 0.41003733, 0.41053051, 0.20988127,
       0.33239029, 0.31261522, 0.22894756, 0.34025683, 0.28267046,
       0.20248627, 0.22963095, 0.2726024 , 0.17345876, 0.37420987,
       0.37134781, 0.37060259, 0.30557877, 0.37249257, 0.35334439,
       0.25343494, 0.35658711, 0.23721177, 0.30332351, 0.1257972 ,
       0.30113882, 0.32497566, 0.33885441, 0.21222885, 0.3624933 ,
       0.31575773, 0.12390769, 0.32449963, 0.28244607, 0.31812796,
       0.31076394, 0.34857228, 0.11116166, 0.3612984 , 0.36973581,
       0.22249452, 0.34801585, 0.24248688, 0.33812011, 0.13341607,
       0.27984834, 0.33978184, 0.12963555, 0.37678937, 0.14506499,
       0.13702197, 0.2326094 , 0.28699361, 0.28807556, 0.32054819,
       0.30687993, 0.        , 0.33942918, 0.28955537, 0.26177159,
       0.36921199, 0.38501491, 0.29369813, 0.26743272, 0.16218344,
       0.30529094, 0.37355282, 0.27080396, 0.34929814, 0.21116659,
       0.29652851, 0.34362583, 0.32731762, 0.24797392, 0.38319506,
       0.30039514, 0.26057802, 0.28619721, 0.41295848, 0.2634345 ,
       0.2827205 , 0.39070613, 0.33634108, 0.30171621, 0.3449838 ,
       0.34794999, 0.37834154, 0.39573423, 0.35102252, 0.218328  ,
       0.34057446, 0.29874145, 0.05963118, 0.32040516, 0.28109385,
       0.4062889 , 0.33104387, 0.31540072, 0.36193066, 0.22243369,
       0.40390748, 0.35931247, 0.27776686, 0.28357593, 0.32677935,
       0.39796571, 0.3662663 , 0.20432212, 0.15267108, 0.33009425,
       0.35366797, 0.35519583, 0.27806089, 0.31350603, 0.2834585 ,
       0.34154933, 0.11593876, 0.35945103, 0.2822099 , 0.24548018,
       0.30506271, 0.28602717, 0.31351716, 0.41209308, 0.30188734]), 'delta_distances': array([0., 0., 0., 0., 0., 0., 0., 0., 0., 0., 0., 0., 0., 0., 0., 0., 0.,
       0., 0., 0., 0., 0., 0., 0., 0., 0., 0., 0., 0., 0., 0., 0., 0., 0.,
       0., 0., 0., 0., 0., 0., 0., 0., 0., 0., 0., 0., 0., 0., 0., 0., 0.,
       0., 0., 0., 0., 0., 0., 0., 0., 0., 0., 0., 0., 0., 0., 0., 0., 0.,
       0., 0., 0., 0., 0., 0., 0., 0., 0., 0., 0., 0., 0., 0., 0., 0., 0.,
       0., 0., 0., 0., 0., 0., 0., 0., 0., 0., 0., 0., 0., 0., 0., 0., 0.,
       0., 0., 0., 0., 0., 0., 0., 0., 0., 0., 0., 0., 0., 0., 0., 0., 0.,
       0., 0., 0., 0., 0., 0., 0., 0., 0., 0., 0., 0., 0., 0., 0., 0.]), 'locations': array([120,  76,  74,  77,  76, 118,  74,  75,   2, 126,  54, 128,  48,
        53,  38, 128, 125,  81,  10,  61,  63, 128,  59,  75, 124, 125,
        88, 120,   3,  78,  84,  12,  84,  75,  36,  54, 128,  82,  77,
       138,  85,  92,   7, 120,  78,  35, 127,  64,  86,  53,  10,  40,
       110, 123,  28,  55,   8,  13,  87,   9,  83,   5, 125, 136,  87,
        91, 102,  34,  51,  77,  14,   8,  25,  72,  52, 111, 119,  35,
        94,  38, 113, 103,  47,  77, 126,   3, 112,  75,  75,  90,  35,
        12,   3,  85, 112,  57,  80,  10, 122,  51,  64, 124,  24,  92,
       123, 122,  27,  72, 113,  69,  29,  35,  54, 122, 116,  39, 124,
        38,  11,  34,  50, 129,  35,  78,  59, 101,  82,  48,  53,   8,
        63,  95,  34,   5,  81])}, {'ts_index': 117, 'loc': 82, 'gap': 0.07099362246610302, 'distances': array([0.23625311, 0.31415804, 0.31006559, 0.32383883, 0.19565979,
       0.31035693, 0.38516052, 0.2998891 , 0.36591136, 0.33141223,
       0.30202762, 0.37138964, 0.28198133, 0.33199272, 0.36797092,
       0.35783075, 0.29091064, 0.36654445, 0.18820052, 0.34777509,
       0.28549144, 0.34300364, 0.31692771, 0.38200842, 0.34656013,
       0.29106665, 0.28796109, 0.36805764, 0.3493647 , 0.26830651,
       0.29329378, 0.30518578, 0.33146844, 0.13894092, 0.16167856,
       0.27812834, 0.41343603, 0.3709011 , 0.32627537, 0.36956107,
       0.14740418, 0.36569405, 0.22290441, 0.36662828, 0.33457829,
       0.34177981, 0.2566115 , 0.27379997, 0.2890517 , 0.3636619 ,
       0.38779943, 0.15735153, 0.36301942, 0.33254335, 0.35588091,
       0.30359733, 0.        , 0.28757174, 0.16989105, 0.36757484,
       0.36783422, 0.36133373, 0.19375539, 0.37484317, 0.32666661,
       0.4072074 , 0.26853391, 0.2945619 , 0.33859575, 0.32938652,
       0.32225576, 0.37277276, 0.33960728, 0.1473347 , 0.37501634,
       0.23253625, 0.39267801, 0.21427757, 0.16769655, 0.26189308,
       0.27307056, 0.20398098, 0.370591  , 0.31182269, 0.33698933,
       0.35901541, 0.14690098, 0.26046564, 0.33501121, 0.30418618,
       0.35025508, 0.1855506 , 0.35230379, 0.22622667, 0.37604485,
       0.25638692, 0.37567688, 0.33546985, 0.34161884, 0.28288181,
       0.17830809, 0.35831654, 0.34393737, 0.32877766, 0.27971151,
       0.30553505, 0.20595451, 0.20517243, 0.35581857, 0.24276052,
       0.12980121]), 'delta_distances': array([0., 0., 0., 0., 0., 0., 0., 0., 0., 0., 0., 0., 0., 0., 0., 0., 0.,
       0., 0., 0., 0., 0., 0., 0., 0., 0., 0., 0., 0., 0., 0., 0., 0., 0.,
       0., 0., 0., 0., 0., 0., 0., 0., 0., 0., 0., 0., 0., 0., 0., 0., 0.,
       0., 0., 0., 0., 0., 0., 0., 0., 0., 0., 0., 0., 0., 0., 0., 0., 0.,
       0., 0., 0., 0., 0., 0., 0., 0., 0., 0., 0., 0., 0., 0., 0., 0., 0.,
       0., 0., 0., 0., 0., 0., 0., 0., 0., 0., 0., 0., 0., 0., 0., 0., 0.,
       0., 0., 0., 0., 0., 0., 0., 0., 0.]), 'locations': array([ 69, 122,  99,  27,  98,  42,  68,  65,  48,  39,  74,  39,   9,
        57,  75,  87, 101,  92,  11, 114,  11,  75,  60,  48,  79, 109,
        56,  96,  53, 109,  99,  66,  50,  38, 116, 100,  75,  62,  32,
        29,  36, 121, 112,  71,  79, 100,  30,  54,  32,  74,   1,  23,
        10,  51, 129,  73,  82,  25,   3, 130,  91, 109,  47,  72, 114,
        50, 125, 101,  37,  60,  14,  98, 114, 104,  48, 105,  65, 100,
        66,  38,  72,  77,  56, 128,  52, 126,  84,  78,  33,  68, 123,
       101,  36,  27,  73,  54,  10, 125,  77,  92,  52,  95,  75,  93,
        39,  47,  89, 127,  76, 101, 112])}, {'ts_index': 26, 'loc': 102, 'gap': 0.061498332798820804, 'distances': array([0.2491502 , 0.14706276, 0.34334391, 0.11159992, 0.2670152 ,
       0.31424015, 0.11372804, 0.2776282 , 0.3197123 , 0.18902752,
       0.33695645, 0.        , 0.34811708, 0.26939063, 0.26132887,
       0.32136012, 0.16161584, 0.19921188, 0.19468149, 0.28584986,
       0.19399107, 0.33683392, 0.28010341, 0.29597608, 0.34722144,
       0.33817767, 0.24272291, 0.32044958, 0.19099833, 0.21863944,
       0.31833479, 0.23729785, 0.21551463, 0.20354305, 0.35359527,
       0.29719427, 0.20605055, 0.30775134, 0.27172121, 0.24954911,
       0.27993108, 0.26212645, 0.31588517, 0.31029152, 0.15345795,
       0.33753165, 0.14099611, 0.21631232, 0.39886102, 0.32001803,
       0.14420959, 0.14023875, 0.34823109, 0.34939343, 0.33291673,
       0.29649778, 0.23533965, 0.32521341, 0.30159146, 0.33079239,
       0.24784396, 0.10681329, 0.20601197, 0.2281253 , 0.16824485,
       0.28910229, 0.15002379, 0.30981382, 0.30995654, 0.24335372,
       0.31960444, 0.33453203, 0.24752371, 0.3250637 , 0.3335608 ,
       0.16364981, 0.34998815, 0.20561194, 0.35433827, 0.33073061,
       0.2993719 , 0.2841269 , 0.14486906, 0.28732552, 0.18026979,
       0.31115583, 0.26405008, 0.30161854, 0.28606172, 0.11641613,
       0.35459031]), 'delta_distances': array([0., 0., 0., 0., 0., 0., 0., 0., 0., 0., 0., 0., 0., 0., 0., 0., 0.,
       0., 0., 0., 0., 0., 0., 0., 0., 0., 0., 0., 0., 0., 0., 0., 0., 0.,
       0., 0., 0., 0., 0., 0., 0., 0., 0., 0., 0., 0., 0., 0., 0., 0., 0.,
       0., 0., 0., 0., 0., 0., 0., 0., 0., 0., 0., 0., 0., 0., 0., 0., 0.,
       0., 0., 0., 0., 0., 0., 0., 0., 0., 0., 0., 0., 0., 0., 0., 0., 0.,
       0., 0., 0., 0., 0., 0.]), 'locations': array([ 41, 123, 108, 129, 134, 126,  77,  69,  90,  58,  55, 102,  93,
       107,  24, 118,  37, 110,  64, 100,  41, 107,  82, 111,  72,  98,
       130, 119,  64,  67,  80, 101,  69,  14,   0, 103,  38, 100,  61,
        62,  11, 106,  36,  96,   6,  74,  52,  82,  80,  84,  77,  12,
        90,  42, 111,  49,  59,  64, 108,  93, 120,  95, 104,   6, 131,
       116,  50, 105,  58, 106,  72,  71, 113,  13, 122,  95, 129,  55,
        18, 120, 118, 112,  58,  93,  97,  11, 135,  61, 112, 104,  16])}, {'ts_index': 19, 'loc': 73, 'gap': 0.06470786466502038, 'distances': array([0.22792022, 0.28244733, 0.25059733, 0.2242831 , 0.        ,
       0.28662349, 0.26218736, 0.27863527, 0.26599973, 0.09981816,
       0.33118674, 0.28173274, 0.299285  , 0.2921013 , 0.29536224,
       0.27366   , 0.18660126, 0.2102374 , 0.29365203, 0.25882348,
       0.27788026, 0.24463525, 0.29110897, 0.29434625, 0.26090322,
       0.25239532, 0.28567281, 0.28448145, 0.23450641, 0.29929523,
       0.29701842, 0.27187797, 0.31674145, 0.22570708, 0.28219109,
       0.29828433, 0.31916351, 0.29693646, 0.17542087, 0.22366796,
       0.12284668, 0.29595011, 0.23032834, 0.11908194, 0.28846365,
       0.29622566, 0.18661533, 0.25774091, 0.27767738, 0.20697819,
       0.31668555, 0.30064916, 0.20865405, 0.29305037, 0.16775215,
       0.18326232, 0.27414402, 0.13774873, 0.27130147, 0.28478936,
       0.27528551, 0.10615584, 0.10651888, 0.16715824, 0.24060038,
       0.29127943, 0.25694199, 0.09407152, 0.26445994, 0.30254781,
       0.26785307, 0.20491077, 0.15825895, 0.1236763 ]), 'delta_distances': array([0., 0., 0., 0., 0., 0., 0., 0., 0., 0., 0., 0., 0., 0., 0., 0., 0.,
       0., 0., 0., 0., 0., 0., 0., 0., 0., 0., 0., 0., 0., 0., 0., 0., 0.,
       0., 0., 0., 0., 0., 0., 0., 0., 0., 0., 0., 0., 0., 0., 0., 0., 0.,
       0., 0., 0., 0., 0., 0., 0., 0., 0., 0., 0., 0., 0., 0., 0., 0., 0.,
       0., 0., 0., 0., 0., 0.]), 'locations': array([ 14,  34,  28,  10,  73,  20,   4, 120,  17,  98, 103,  63, 103,
        69,  19, 106,   8, 133,  36, 128,  33,  38, 120, 136,  43,  76,
         2,  60, 115, 120, 109,  25,  73,   0,  65,  14,  63,  88, 135,
        51,  86,  85,  30, 108, 124, 103, 115,  99,  85,  47,  56, 117,
       106, 137,  19,  30, 112,  18,  29,  27, 120,  88,  95,   3,  27,
        32,  65,  79, 127,   8,  85,  80, 122, 120])}, {'ts_index': 135, 'loc': 102, 'gap': 0.05105708594454042, 'distances': array([0.21594221, 0.12327252, 0.20518757, 0.17669167, 0.29251586,
       0.26597615, 0.25306269, 0.21030616, 0.18125952, 0.22514336,
       0.11408093, 0.25232846, 0.22161522, 0.10504388, 0.27689473,
       0.21408129, 0.28040215, 0.13981932, 0.19320079, 0.28141981,
       0.2897573 , 0.21698069, 0.26995872, 0.24908804, 0.23691501,
       0.0895275 , 0.15267605, 0.12477465, 0.26120042, 0.22128442,
       0.25314651, 0.13865344, 0.17596587, 0.29901757, 0.11370163,
       0.25034818, 0.28059799, 0.14478913, 0.10662031, 0.0832683 ,
       0.        , 0.20490061, 0.18297416, 0.25753228, 0.21754008,
       0.30107184, 0.2723431 , 0.22077634, 0.09496864, 0.26413195,
       0.19726576, 0.17467482, 0.1436199 , 0.24478542, 0.22747851,
       0.19772801, 0.21242314, 0.33489702, 0.19078745, 0.24294509]), 'delta_distances': array([0., 0., 0., 0., 0., 0., 0., 0., 0., 0., 0., 0., 0., 0., 0., 0., 0.,
       0., 0., 0., 0., 0., 0., 0., 0., 0., 0., 0., 0., 0., 0., 0., 0., 0.,
       0., 0., 0., 0., 0., 0., 0., 0., 0., 0., 0., 0., 0., 0., 0., 0., 0.,
       0., 0., 0., 0., 0., 0., 0., 0., 0.]), 'locations': array([  4, 134, 110,  62, 128,  36,   4,  28,   2,  41,  12,  31,  71,
        79,  53, 115,  25,  17,  64, 113, 105,  16,  31,  10, 122, 132,
        42, 132,   7,  48,  68, 103,  69, 132,  56,  90, 105,  61, 124,
        16, 102,  30,  21, 137,  48,  40, 118,  92,  93,  20,  41,  95,
        32,  91,   7,  29, 138,  31,  78,  69])}, {'ts_index': 65, 'loc': 79, 'gap': 0.06935952667903553, 'distances': array([0.34501728, 0.34333776, 0.11699999, 0.31283466, 0.31768644,
       0.2925205 , 0.28770816, 0.28281016, 0.25336932, 0.30306418,
       0.21927942, 0.28784858, 0.25798247, 0.12059833, 0.24919985,
       0.28210712, 0.32738174, 0.        , 0.28034069, 0.15921036,
       0.30526448, 0.31013192, 0.24940213, 0.14298586, 0.27963367,
       0.25376742, 0.26903069, 0.15042873, 0.288364  , 0.31115634,
       0.16197146, 0.28210694, 0.33621988, 0.28973429, 0.10456923,
       0.21410051, 0.26388634, 0.25950713, 0.23263298, 0.3351348 ,
       0.34182233, 0.20337451, 0.22781897, 0.34842863, 0.28575691,
       0.31564243]), 'delta_distances': array([0., 0., 0., 0., 0., 0., 0., 0., 0., 0., 0., 0., 0., 0., 0., 0., 0.,
       0., 0., 0., 0., 0., 0., 0., 0., 0., 0., 0., 0., 0., 0., 0., 0., 0.,
       0., 0., 0., 0., 0., 0., 0., 0., 0., 0., 0., 0.]), 'locations': array([132,  74, 126,  36,  73,   5,  64,  33,  97,  20,  92,  58,  50,
        93,  29, 108,  72,  79,  80,  14,  40,   2,  73, 111,  67,  33,
       106, 107,  48,  19,  64,  78, 105, 120,  52,  59,  51,  82,  35,
        63,  88, 105,  66,  11,  80,  34])}, {'ts_index': 165, 'loc': 43, 'gap': 0.06761604193075776, 'distances': array([0.24937164, 0.29903676, 0.30557193, 0.3706104 , 0.30526687,
       0.22299871, 0.1792181 , 0.16971938, 0.32948662, 0.34071796,
       0.17370619, 0.25978557, 0.3660598 , 0.35282248, 0.31948519,
       0.39450065, 0.36262149, 0.41294998, 0.36057388, 0.38670899,
       0.36509555, 0.38684969, 0.19189376, 0.36020441, 0.31239239,
       0.20073963, 0.44388188, 0.4392836 , 0.        , 0.41204725,
       0.32162896, 0.33794187, 0.31861233, 0.35743778, 0.41342633,
       0.4007411 , 0.23160259]), 'delta_distances': array([0., 0., 0., 0., 0., 0., 0., 0., 0., 0., 0., 0., 0., 0., 0., 0., 0.,
       0., 0., 0., 0., 0., 0., 0., 0., 0., 0., 0., 0., 0., 0., 0., 0., 0.,
       0., 0., 0.]), 'locations': array([ 75,  54,  99,  80,  34,  11,  20, 127, 113,  86,   1, 110,  54,
       128,  36,   0,  66,  34,   0,  38,  88,  52,  63, 106, 100, 110,
       113,  19,  43,  42,  48,  50,  63,  48,  88, 125,  33])}, {'ts_index': 196, 'loc': 18, 'gap': 0.09355827009934486, 'distances': array([0.35650073, 0.32192911, 0.33083491, 0.3296986 , 0.32659483,
       0.33915447, 0.34166619, 0.27874736, 0.31336369, 0.31287032,
       0.3402825 , 0.34509083, 0.30421974, 0.30731468, 0.32241908,
       0.27711647, 0.195084  , 0.17787737, 0.28289672, 0.30837186,
       0.31877337, 0.33886876, 0.25780592, 0.2810324 , 0.12321803,
       0.14027349, 0.15265253, 0.        , 0.28673113]), 'delta_distances': array([0., 0., 0., 0., 0., 0., 0., 0., 0., 0., 0., 0., 0., 0., 0., 0., 0.,
       0., 0., 0., 0., 0., 0., 0., 0., 0., 0., 0., 0.]), 'locations': array([ 45, 101,  29, 138,  19, 103,  74,   0,  18,  45, 109, 120,  45,
       138,  38,  11, 138, 138,  71, 132, 135,  13,  48,  63,  23,  72,
        21,  18, 135])}, {'ts_index': 63, 'loc': 57, 'gap': 0.06791492352249215, 'distances': array([0.22367987, 0.2987536 , 0.289661  , 0.23028766, 0.11412508,
       0.17500976, 0.28931099, 0.26448398, 0.19030941, 0.33231729,
       0.        , 0.32212497, 0.20657503, 0.30215632, 0.08288206,
       0.23664239, 0.16552855, 0.24488679, 0.27564543, 0.26602095,
       0.27541082, 0.23206296, 0.10564084]), 'delta_distances': array([0., 0., 0., 0., 0., 0., 0., 0., 0., 0., 0., 0., 0., 0., 0., 0., 0.,
       0., 0., 0., 0., 0., 0.]), 'locations': array([100,  89,  85, 130,   9,  30,  21, 119,  11,  96,  57,  98, 118,
        63,  43,  97, 114,   0,  51,  94, 111,   1, 127])}, {'ts_index': 0, 'loc': 5, 'gap': 0.11166435413184131, 'distances': array([0.        , 0.34698445, 0.31974459, 0.34795441, 0.32761865,
       0.3741495 , 0.16177124, 0.42581425, 0.08551955, 0.22719317,
       0.09120772, 0.37243945, 0.35091754, 0.37140278, 0.37672464,
       0.27484576, 0.36108213, 0.24693288]), 'delta_distances': array([0., 0., 0., 0., 0., 0., 0., 0., 0., 0., 0., 0., 0., 0., 0., 0., 0.,
       0.]), 'locations': array([  5,   9,  99,  80,  11,   3,  64, 119,  35,   0, 120,   3, 106,
        51, 113,  37,  76, 123])}, {'ts_index': 148, 'loc': 87, 'gap': 0.07567471279130183, 'distances': array([0.2658896 , 0.17957155, 0.17628782, 0.29625813, 0.25743149,
       0.3109065 , 0.27930358, 0.11202369, 0.26531431, 0.31646049,
       0.        , 0.29600085, 0.27810538]), 'delta_distances': array([0., 0., 0., 0., 0., 0., 0., 0., 0., 0., 0., 0., 0.]), 'locations': array([ 33, 120,  10,  28,  97,   1,  15,  56,  74,  69,  87,  73, 137])}, {'ts_index': 46, 'loc': 72, 'gap': 0.09933726569585904, 'distances': array([0.13684874, 0.        , 0.29316331, 0.33793746, 0.21977779,
       0.3158573 , 0.34297568, 0.33945638, 0.32737244]), 'delta_distances': array([0., 0., 0., 0., 0., 0., 0., 0., 0.]), 'locations': array([ 30,  72,  83,  50,  66,  73,  98,  48, 132])}, {'ts_index': 140, 'loc': 27, 'gap': 0.04257821563701114, 'distances': array([0.19771609, 0.13612919, 0.        , 0.20195073, 0.23156893,
       0.13231574]), 'delta_distances': array([0., 0., 0., 0., 0., 0.]), 'locations': array([123, 138,  27,   6,  33,  96])}], 'clusters': array([11,  1,  2,  2,  1,  1,  1,  1,  1,  4,  6,  4,  3, 13,  1,  7,  1,
        4,  1,  5,  1,  2, 12,  4,  2, 12,  4,  1,  1,  1, 10,  8,  1,  5,
        2,  1,  1,  8,  4,  2,  1,  1,  3,  1,  8,  6, 13,  0,  1,  6,  8,
       11,  1,  1,  7,  6,  1,  2, 14,  1, 11,  1,  1, 10,  2,  7, 11,  2,
        1,  3,  3,  1,  7, 11,  6,  2, 13,  1,  6,  1,  2,  1,  1,  3,  1,
       10,  1,  3,  2,  7,  1, 12,  2,  1,  1,  1,  6,  2,  1,  2,  1,  9,
        9,  6,  1,  7,  4,  2,  3,  1,  1,  5,  4,  1,  1,  8,  5,  3,  1,
        6,  1,  2,  3,  1,  4,  4,  1,  6,  1,  2,  1,  3,  1,  5,  6,  6,
       10,  1,  7,  1, 14,  8,  0,  4,  1,  7,  1,  3, 12,  4,  1,  6,  1,
        1,  1,  1,  3,  3,  1,  4,  5,  2,  3,  5,  2,  8,  5,  1,  0,  3,
       14,  1,  6,  2,  5,  4,  3,  5,  1,  5,  9,  1,  9,  2,  2,  7,  1,
        5,  1,  4,  1,  9,  1,  3,  1,  4,  9,  1,  2, 10,  8,  5,  3,  1,
        3,  1,  4,  5,  3,  1]), 'time': 1348.7095212936401}
lenSubsequence: 6{'RI': 0.7541125541125541, 'num_clusters': 8, 'uShapelets': [{'ts_index': 153, 'loc': 9, 'gap': 0.0421370965451873, 'distances': array([0.27428207, 0.28135707, 0.32802512, 0.21775134, 0.32467193,
       0.26156264, 0.35649275, 0.32005355, 0.20485754, 0.33915565,
       0.28444705, 0.30398367, 0.31008909, 0.24183676, 0.30894119,
       0.20028765, 0.16922147, 0.17512322, 0.28090944, 0.31720057,
       0.30681466, 0.31659235, 0.31958543, 0.26138897, 0.29212696,
       0.29411652, 0.31936364, 0.30608538, 0.37473038, 0.20946778,
       0.11795592, 0.23488377, 0.33558354, 0.33516124, 0.34815175,
       0.27276091, 0.26374966, 0.25454788, 0.14304593, 0.31070011,
       0.27589177, 0.28042979, 0.20395229, 0.28339806, 0.32277319,
       0.30041689, 0.16018116, 0.26670827, 0.26877416, 0.26899888,
       0.19415588, 0.15222483, 0.29447453, 0.24269391, 0.28648748,
       0.31754156, 0.24765497, 0.32587035, 0.32345442, 0.33088714,
       0.32384749, 0.28120292, 0.31039781, 0.30375166, 0.3165498 ,
       0.27149475, 0.26962815, 0.34215607, 0.29776847, 0.30843224,
       0.23493612, 0.36734864, 0.27751031, 0.27245095, 0.10696626,
       0.32188124, 0.30580163, 0.22318571, 0.11008468, 0.24531483,
       0.32923175, 0.1837449 , 0.28146669, 0.31143398, 0.25606153,
       0.30322511, 0.35511034, 0.29333232, 0.36442967, 0.22120579,
       0.34952256, 0.28486812, 0.19871157, 0.26583144, 0.30406441,
       0.2155374 , 0.31735547, 0.13214221, 0.29995759, 0.22319891,
       0.2263798 , 0.26474028, 0.27393013, 0.26557983, 0.29653534,
       0.30639157, 0.32757137, 0.29099032, 0.277674  , 0.26931877,
       0.33029523, 0.30016314, 0.31415232, 0.18747709, 0.28758263,
       0.32533958, 0.32073292, 0.19695429, 0.2981468 , 0.33461216,
       0.1846358 , 0.35468474, 0.29399933, 0.25206305, 0.34418554,
       0.16995595, 0.31691579, 0.30457917, 0.29768976, 0.34020145,
       0.34134427, 0.2999131 , 0.13887181, 0.30126688, 0.3036323 ,
       0.26968166, 0.2948386 , 0.21446205, 0.19736484, 0.27811581,
       0.30664591, 0.36141526, 0.29686471, 0.29185108, 0.24457247,
       0.30289309, 0.25006459, 0.26567618, 0.12198735, 0.24917628,
       0.31996389, 0.32040987, 0.33679135, 0.        , 0.27581063,
       0.33232016, 0.30376483, 0.31978575, 0.29042215, 0.29774414,
       0.26413695, 0.30186437, 0.294177  , 0.25449533, 0.31986749,
       0.32297573, 0.25763672, 0.28114631, 0.33473523, 0.19767004,
       0.32952457, 0.32218751, 0.32466011, 0.22038498, 0.21761885,
       0.28051056, 0.31457904, 0.29784738, 0.35302691, 0.33366242,
       0.35403098, 0.23344116, 0.28086912, 0.30660415, 0.2239242 ,
       0.27043554, 0.3338087 , 0.31142976, 0.38256704, 0.23050961,
       0.28146   , 0.24927515, 0.26461829, 0.27937205, 0.23244678,
       0.34197428, 0.29895378, 0.30562342, 0.18529996, 0.18993068,
       0.28309893, 0.25729674, 0.32297177, 0.26487325, 0.27651888,
       0.31763735, 0.3515272 , 0.25019585, 0.36926892, 0.27401666]), 'delta_distances': array([0., 0., 0., 0., 0., 0., 0., 0., 0., 0., 0., 0., 0., 0., 0., 0., 0.,
       0., 0., 0., 0., 0., 0., 0., 0., 0., 0., 0., 0., 0., 0., 0., 0., 0.,
       0., 0., 0., 0., 0., 0., 0., 0., 0., 0., 0., 0., 0., 0., 0., 0., 0.,
       0., 0., 0., 0., 0., 0., 0., 0., 0., 0., 0., 0., 0., 0., 0., 0., 0.,
       0., 0., 0., 0., 0., 0., 0., 0., 0., 0., 0., 0., 0., 0., 0., 0., 0.,
       0., 0., 0., 0., 0., 0., 0., 0., 0., 0., 0., 0., 0., 0., 0., 0., 0.,
       0., 0., 0., 0., 0., 0., 0., 0., 0., 0., 0., 0., 0., 0., 0., 0., 0.,
       0., 0., 0., 0., 0., 0., 0., 0., 0., 0., 0., 0., 0., 0., 0., 0., 0.,
       0., 0., 0., 0., 0., 0., 0., 0., 0., 0., 0., 0., 0., 0., 0., 0., 0.,
       0., 0., 0., 0., 0., 0., 0., 0., 0., 0., 0., 0., 0., 0., 0., 0., 0.,
       0., 0., 0., 0., 0., 0., 0., 0., 0., 0., 0., 0., 0., 0., 0., 0., 0.,
       0., 0., 0., 0., 0., 0., 0., 0., 0., 0., 0., 0., 0., 0., 0., 0., 0.,
       0., 0., 0., 0., 0., 0.]), 'locations': array([ 55, 117,  80,  75,  64, 128,  30,  60, 125, 108, 126, 118,   8,
        80,   5,  11,   4, 126,  85, 126,  97,   3,  53,  74,  86,  86,
        61,  52,  31,  48,  98,  41, 114,  36,  29,  33, 114,  20,  33,
        43, 128, 101, 105,  26,  42, 118,   0, 100,  58,  87,  32,  82,
        11, 126,  10,  66, 125,  76,  48, 110,   7,  75,  75,  36,  35,
       121,  48,  33,  39,   7,  70,  97,  33,  46,  47,  41, 122,  75,
       112,  35,  80, 122,  33,  82,   8,  76,  38,  35,  81,  51,  92,
       101,  72, 106,  84, 125,  32,  31,  57,  93, 126, 106, 107,  71,
         8,  33,  66, 125,   5,  36,  87,  59, 126,  54,  26,  63,  48,
       121,   4,  64,  19, 102,  22,  76,  38,   8,  36,   6, 107,  87,
        50, 125,  97,  98, 123,  50,  99, 117,  56,  47,   7,  76,  83,
        98,  22,  99,  75,  76,   3,  86,  94, 112,   4,   9,  53,   6,
       122,  88,  90, 135,  72,   7,  10,  18, 129, 109,  51,  96,   6,
       122,  72, 110,  47, 101,  87,  55,  70,  34,  83,  50,  59, 125,
       123,  11,  36,  26,  67,  50,  78,  77,  80,  59,  99,  72,  54,
        45,  53,  85,  56,  41,  37,  47, 123,  98,  97,  91, 114,  74,
        37,  82])}, {'ts_index': 24, 'loc': 65, 'gap': 0.038472442271682034, 'distances': array([0.27853443, 0.30623711, 0.31571479, 0.19472816, 0.19625581,
       0.21831663, 0.31046614, 0.3327523 , 0.238947  , 0.25013976,
       0.35108244, 0.27166993, 0.18365898, 0.18762711, 0.30285271,
       0.33095946, 0.19226392, 0.23902802, 0.18723349, 0.        ,
       0.30037917, 0.18230152, 0.24691805, 0.36646783, 0.23551854,
       0.33674518, 0.30932082, 0.25740889, 0.28520443, 0.18606067,
       0.33495996, 0.2409045 , 0.31897522, 0.19345443, 0.27334079,
       0.32942238, 0.33770402, 0.35188386, 0.25646462, 0.14596757,
       0.29958845, 0.31656915, 0.18392455, 0.19245579, 0.25805048,
       0.20610935, 0.34187301, 0.27765605, 0.19027603, 0.30793931,
       0.16242626, 0.29553044, 0.33059257, 0.28155352, 0.32719405,
       0.26331092, 0.21461598, 0.31767193, 0.31598476, 0.36881954,
       0.23226735, 0.27760664, 0.23340087, 0.16017642, 0.1972806 ,
       0.16925797, 0.31959722, 0.31101195, 0.33832797, 0.27034481,
       0.20332663, 0.30323964, 0.33652708, 0.21594163, 0.21889858,
       0.28203758, 0.2688463 , 0.28346775, 0.24846479, 0.2727781 ,
       0.29933917, 0.32348516, 0.21390661, 0.30005495, 0.32416677,
       0.21191042, 0.20649878, 0.31873038, 0.33725416, 0.25023398,
       0.35204199, 0.26941538, 0.24742276, 0.27097658, 0.33794013,
       0.26012492, 0.27825161, 0.2189296 , 0.33214349, 0.30770116,
       0.32052946, 0.35920656, 0.32128095, 0.3041477 , 0.29413459,
       0.30740686, 0.31873864, 0.2851423 , 0.2710375 , 0.32536948,
       0.33657362, 0.30287868, 0.26304719, 0.33353929, 0.2053101 ,
       0.31850576, 0.36782716, 0.23676357, 0.28915007, 0.24855236,
       0.28071091, 0.34788926, 0.28352515, 0.20491928, 0.28634327,
       0.37762889, 0.17634165, 0.27778191, 0.22629325, 0.28705221,
       0.29747944, 0.1965215 , 0.31006347, 0.24711869, 0.25514725,
       0.2619247 , 0.30206418, 0.35971096, 0.33841802, 0.25072797,
       0.29885735, 0.2346215 , 0.15273805, 0.28228082, 0.19730155,
       0.2386073 , 0.24669342, 0.17838148, 0.28066024, 0.30346635,
       0.28571841, 0.21859807, 0.32561859, 0.26701019, 0.35638018,
       0.29389125, 0.30079606, 0.3018772 , 0.28679167, 0.2991017 ,
       0.17884645, 0.33125334, 0.29556619, 0.31214526, 0.2783637 ,
       0.33925903, 0.28447477, 0.28396357, 0.3116783 , 0.18303376,
       0.33192764, 0.32276944, 0.23981125]), 'delta_distances': array([0., 0., 0., 0., 0., 0., 0., 0., 0., 0., 0., 0., 0., 0., 0., 0., 0.,
       0., 0., 0., 0., 0., 0., 0., 0., 0., 0., 0., 0., 0., 0., 0., 0., 0.,
       0., 0., 0., 0., 0., 0., 0., 0., 0., 0., 0., 0., 0., 0., 0., 0., 0.,
       0., 0., 0., 0., 0., 0., 0., 0., 0., 0., 0., 0., 0., 0., 0., 0., 0.,
       0., 0., 0., 0., 0., 0., 0., 0., 0., 0., 0., 0., 0., 0., 0., 0., 0.,
       0., 0., 0., 0., 0., 0., 0., 0., 0., 0., 0., 0., 0., 0., 0., 0., 0.,
       0., 0., 0., 0., 0., 0., 0., 0., 0., 0., 0., 0., 0., 0., 0., 0., 0.,
       0., 0., 0., 0., 0., 0., 0., 0., 0., 0., 0., 0., 0., 0., 0., 0., 0.,
       0., 0., 0., 0., 0., 0., 0., 0., 0., 0., 0., 0., 0., 0., 0., 0., 0.,
       0., 0., 0., 0., 0., 0., 0., 0., 0., 0., 0., 0., 0., 0., 0., 0., 0.,
       0., 0., 0.]), 'locations': array([ 47,  29,  74,  94,  89,  30,  31,  54,   2,  65,  78,  98, 122,
        15,  50, 127, 111, 118, 119,  65,  86,   9,   9,  17, 132,  45,
       102, 118,  14,   1, 110,  91,  50,   9,  13,  28,  35,   3,  83,
        61,  60,  37,  56,  64,  11,  87,  54,   7,  82,  77,  42,  82,
       102,  11,  78, 122, 123,  77,   3,  68,  38,  41, 118,  17,   5,
        76, 100, 119,  34,  29, 125,  35,  39,  59,  10, 121,  37, 128,
        50,   5,  24,  71, 123, 127,  66, 109,  53, 101,  87, 122,  50,
        66,  87,  73,  35,  24,  52, 111,   1, 100, 121,  31, 122,  28,
         4,  10,  14,  11,  77, 100,  35,  16,  52, 123,   5,  18,  86,
        19,  12, 106,  38,  97,  85,  67,  53,  86,  98,  45,  91,  98,
        80,  32,  36, 128,  92,  31, 124,  27, 123,  78, 129,   7,  30,
       120,  46,  95,  65,  44, 112,  79, 113,   7,  77,  57,  97,  66,
         7,  78,  79, 111, 110,  75,  83,  39,   3,  35,  61, 102,  89,
        86,  28, 101,  62])}, {'ts_index': 45, 'loc': 95, 'gap': 0.0380954030579983, 'distances': array([0.14909878, 0.11861809, 0.22470065, 0.13641019, 0.3005119 ,
       0.16575316, 0.1723059 , 0.21010495, 0.20895209, 0.24245531,
       0.24070942, 0.19533683, 0.13477697, 0.21719292, 0.20440455,
       0.20289142, 0.15991871, 0.18071555, 0.27798587, 0.27399846,
       0.14346335, 0.1832976 , 0.20294139, 0.19170539, 0.25742718,
       0.        , 0.23819388, 0.26073993, 0.13385279, 0.23358557,
       0.21975608, 0.26072681, 0.19596658, 0.1593112 , 0.23855513,
       0.25884112, 0.21672519, 0.23341047, 0.1156758 , 0.16776535,
       0.23721196, 0.20910751, 0.14146471, 0.22762786, 0.21266898,
       0.24158594, 0.11886123, 0.16507319, 0.17422692, 0.19456862,
       0.27839199, 0.17157703, 0.26503306, 0.19433903, 0.19389929,
       0.07605456, 0.23584207, 0.1824698 , 0.2216464 , 0.25484713,
       0.1905696 , 0.17650981, 0.21180663, 0.25458276, 0.16929604,
       0.21505417, 0.28235576, 0.18845983, 0.23963454, 0.22956295,
       0.24930009, 0.21868478, 0.19139056, 0.25195194, 0.28549401,
       0.17394292, 0.17679578, 0.17141092, 0.09171407, 0.17142529,
       0.21340645, 0.21850341, 0.21702621, 0.20575105, 0.15037521,
       0.18900892, 0.23601225, 0.25137867, 0.28625113, 0.07484166,
       0.23031664, 0.14066821, 0.16582745, 0.21937246, 0.22625056,
       0.19555737, 0.21423854, 0.12957338, 0.19498823, 0.18764877,
       0.24804508, 0.13084913, 0.22457444, 0.22896769, 0.1280917 ,
       0.09052873, 0.18873802, 0.19313556, 0.07242651, 0.21431605,
       0.19652808, 0.24559329, 0.18916168, 0.21108115, 0.20838803,
       0.25088948, 0.11905525, 0.26729724, 0.19809481, 0.21530496,
       0.12489692, 0.12853245, 0.19958654, 0.22557864, 0.20740592,
       0.21854785, 0.24155768, 0.21887152, 0.27506031, 0.13424445,
       0.21243937, 0.22667754, 0.24829415, 0.25122012, 0.09560743]), 'delta_distances': array([0., 0., 0., 0., 0., 0., 0., 0., 0., 0., 0., 0., 0., 0., 0., 0., 0.,
       0., 0., 0., 0., 0., 0., 0., 0., 0., 0., 0., 0., 0., 0., 0., 0., 0.,
       0., 0., 0., 0., 0., 0., 0., 0., 0., 0., 0., 0., 0., 0., 0., 0., 0.,
       0., 0., 0., 0., 0., 0., 0., 0., 0., 0., 0., 0., 0., 0., 0., 0., 0.,
       0., 0., 0., 0., 0., 0., 0., 0., 0., 0., 0., 0., 0., 0., 0., 0., 0.,
       0., 0., 0., 0., 0., 0., 0., 0., 0., 0., 0., 0., 0., 0., 0., 0., 0.,
       0., 0., 0., 0., 0., 0., 0., 0., 0., 0., 0., 0., 0., 0., 0., 0., 0.,
       0., 0., 0., 0., 0., 0., 0., 0., 0., 0., 0., 0., 0., 0., 0., 0.]), 'locations': array([  2,  38,  28,  79, 117,   4,  71,  86, 124, 134,  89,  73, 119,
       122, 109,   3,  99,  67,  33,  28,  48,  19, 127, 112,  45,  95,
       118,  18, 118,  75,  32, 101,  56,  74, 111,   9,  21,  11,   1,
        22, 111,  25,  24, 120,  87,  15,  64,   0,  11,  84,  98,   7,
        93,   2,  37,   0,  91, 116,  22,  29,  79,  48,  22, 120,   7,
       120,  83,  55, 102,  35, 122,  26,  92,  50,  21, 121,  33,  24,
         7, 134,  59,  22, 133,  81, 121,  57,  86,  44,  38,  78,  22,
        49,  24,  20, 112, 121,  69,  81,  46, 120, 113,   0,  75,  88,
       118,  64, 101,  21,   2,  30, 121,  34,  28, 116,  78, 134, 123,
        21, 130,  22, 122,  76,  29, 124, 136,  84,  30,  23,  23,   1,
       103,  38,  87,  59,  36])}, {'ts_index': 109, 'loc': 6, 'gap': 0.04628583644265283, 'distances': array([0.35702882, 0.32156483, 0.30893226, 0.3209777 , 0.336651  ,
       0.2919981 , 0.27947252, 0.3021568 , 0.31503653, 0.31947222,
       0.32886981, 0.2138212 , 0.30044387, 0.33970637, 0.25451492,
       0.31991061, 0.35437969, 0.33809997, 0.31948117, 0.23124036,
       0.35166863, 0.35561582, 0.26683798, 0.13695473, 0.16558491,
       0.30203071, 0.23817511, 0.28797086, 0.33167693, 0.32088819,
       0.29996305, 0.35217623, 0.17803573, 0.32475015, 0.37390027,
       0.36468762, 0.33826989, 0.26404018, 0.31224508, 0.36400797,
       0.19897885, 0.25946414, 0.34367513, 0.21125119, 0.35163961,
       0.22636068, 0.32325342, 0.26932383, 0.31626156, 0.        ,
       0.28689724, 0.35227163, 0.29385594, 0.35917763, 0.3032446 ,
       0.33795001, 0.34391953, 0.26706587, 0.33826067, 0.31108919,
       0.3111393 , 0.37081612, 0.26110902, 0.30454065, 0.26708419,
       0.29015182, 0.3298669 , 0.16805077, 0.34552391, 0.30655628,
       0.34109134, 0.31115627, 0.16368269, 0.33028959, 0.3146395 ,
       0.33616517, 0.28760683, 0.32110862, 0.33826472, 0.33722986,
       0.33387901, 0.33819836, 0.15836106, 0.22549027, 0.20183352,
       0.33640693, 0.35020428, 0.34893238, 0.38622569, 0.22568022,
       0.22832786, 0.25016416, 0.37733423, 0.24103346, 0.34824067,
       0.38203144, 0.3100517 , 0.32697852, 0.26989992, 0.33381747,
       0.2791848 , 0.31706965, 0.31026866, 0.30294139, 0.32685934,
       0.3401515 , 0.31863156, 0.1599057 , 0.29567548, 0.36235416,
       0.32632199]), 'delta_distances': array([0., 0., 0., 0., 0., 0., 0., 0., 0., 0., 0., 0., 0., 0., 0., 0., 0.,
       0., 0., 0., 0., 0., 0., 0., 0., 0., 0., 0., 0., 0., 0., 0., 0., 0.,
       0., 0., 0., 0., 0., 0., 0., 0., 0., 0., 0., 0., 0., 0., 0., 0., 0.,
       0., 0., 0., 0., 0., 0., 0., 0., 0., 0., 0., 0., 0., 0., 0., 0., 0.,
       0., 0., 0., 0., 0., 0., 0., 0., 0., 0., 0., 0., 0., 0., 0., 0., 0.,
       0., 0., 0., 0., 0., 0., 0., 0., 0., 0., 0., 0., 0., 0., 0., 0., 0.,
       0., 0., 0., 0., 0., 0., 0., 0., 0.]), 'locations': array([114,   5,  35, 119,   6, 116,   8,  98,   5,  71, 113,  10,   7,
        50, 124,   7,  31,  66, 124, 126, 114,  16,   4,   9,  97,  34,
       100, 113,  12,  96,  52,  27, 120,  76,  10, 112,   2,  19, 111,
         6,  68, 126,   3, 112,  27, 110,  18,  61,  85,   6, 121,  16,
       100,  53,  85,  91,  48,  31,  28, 101, 119,   9,  52,  40,   3,
        37, 111, 100, 115,   0, 125, 100, 102, 123,  51,  27,  30,  10,
        34,  63,  99,  91,  28, 113,   9, 117,   6,   2, 107, 111,   8,
        26,  56,  82,  92,  25,  44, 126,  17,  33,   1, 127,  64,  96,
         9,   8,  99, 125,   3,  32,  91])}, {'ts_index': 43, 'loc': 88, 'gap': 0.04106068992146494, 'distances': array([0.38189827, 0.32078471, 0.24879566, 0.30301643, 0.1960165 ,
       0.30769539, 0.33199624, 0.23754821, 0.3567537 , 0.21969134,
       0.20008669, 0.16725818, 0.23167393, 0.36890645, 0.3150484 ,
       0.27110739, 0.26862015, 0.        , 0.25562704, 0.3559419 ,
       0.25226233, 0.33772564, 0.20148913, 0.30426987, 0.28664661,
       0.1853176 , 0.33425273, 0.22831722, 0.32316298, 0.22139252,
       0.2637037 , 0.27581845, 0.30213072, 0.30480135, 0.17222017,
       0.30629859, 0.30576421, 0.3537945 , 0.27861373, 0.22302297,
       0.31258456, 0.33588471, 0.34569837, 0.22946915, 0.32128485,
       0.31397559, 0.32056521, 0.28550598, 0.32365365, 0.26716041,
       0.1908683 , 0.30124974, 0.21258032, 0.26575124, 0.31759935,
       0.18081735, 0.2673338 , 0.32271077, 0.25373858, 0.16375503,
       0.33752288, 0.30259563, 0.33285989, 0.26155999, 0.16641415,
       0.32647202, 0.2546536 , 0.23793311, 0.3218308 , 0.20763981,
       0.16195893, 0.33732564, 0.14083208, 0.25400068, 0.34943766,
       0.20962319, 0.28514391, 0.18734722, 0.3457737 , 0.31901807,
       0.14894058, 0.19030844, 0.17123022, 0.30880443, 0.24016367,
       0.25385939, 0.27725464, 0.34075919, 0.13354978, 0.28971336,
       0.28165552]), 'delta_distances': array([0., 0., 0., 0., 0., 0., 0., 0., 0., 0., 0., 0., 0., 0., 0., 0., 0.,
       0., 0., 0., 0., 0., 0., 0., 0., 0., 0., 0., 0., 0., 0., 0., 0., 0.,
       0., 0., 0., 0., 0., 0., 0., 0., 0., 0., 0., 0., 0., 0., 0., 0., 0.,
       0., 0., 0., 0., 0., 0., 0., 0., 0., 0., 0., 0., 0., 0., 0., 0., 0.,
       0., 0., 0., 0., 0., 0., 0., 0., 0., 0., 0., 0., 0., 0., 0., 0., 0.,
       0., 0., 0., 0., 0., 0.]), 'locations': array([ 61,  79,  32,  63, 126,  73,  48,  30,   5,  71,  53,  37, 122,
         7,   7,  61,   1,  88, 125,   6, 123,  86,   0,   0,  49, 126,
        27,  77,  28,  33,  79, 119,  86, 123,  34,  28,  98,  85,  54,
        84,  89,  35,  55,   8,  52, 122,  66,  23,  28, 101,   1, 105,
       100, 119,  34,   2,  51,  85, 106,  74, 126, 113, 126,  27, 126,
       126,  23,  13,   8,  91,   7,  91, 124,  32, 116,  74,  31, 123,
        10,  82,  51,  62,  86, 121, 125,  28,  29,  53,  90,   5,   0])}, {'ts_index': 71, 'loc': 1, 'gap': 0.04411058148149333, 'distances': array([0.29357389, 0.32856352, 0.35605298, 0.17131862, 0.30418819,
       0.2715271 , 0.29687137, 0.2600337 , 0.33952008, 0.32089308,
       0.31193074, 0.31011376, 0.24744334, 0.17014925, 0.25573439,
       0.32398973, 0.18889839, 0.25571961, 0.14197323, 0.3080462 ,
       0.26600297, 0.        , 0.32392899, 0.30167751, 0.28453551,
       0.27426698, 0.3011864 , 0.18840902, 0.34000639, 0.30494243,
       0.33182651, 0.36426451, 0.30341908, 0.1663018 , 0.3666735 ,
       0.26930042, 0.28504545, 0.28828716, 0.30678503, 0.36820856,
       0.23583494, 0.26123797, 0.2783011 , 0.31537758, 0.31669638,
       0.20493487, 0.18148098, 0.36247566, 0.20931505, 0.30309252,
       0.28074785, 0.30765112, 0.33845605, 0.29791279, 0.27126275,
       0.2583392 , 0.24838297, 0.27282718, 0.31445146, 0.22498997,
       0.30981168, 0.37144923, 0.30740041, 0.33442162, 0.1992734 ,
       0.33070696, 0.21663111, 0.32828852, 0.1845503 , 0.32311811]), 'delta_distances': array([0., 0., 0., 0., 0., 0., 0., 0., 0., 0., 0., 0., 0., 0., 0., 0., 0.,
       0., 0., 0., 0., 0., 0., 0., 0., 0., 0., 0., 0., 0., 0., 0., 0., 0.,
       0., 0., 0., 0., 0., 0., 0., 0., 0., 0., 0., 0., 0., 0., 0., 0., 0.,
       0., 0., 0., 0., 0., 0., 0., 0., 0., 0., 0., 0., 0., 0., 0., 0., 0.,
       0., 0.]), 'locations': array([ 49, 115,  51,  72, 116, 111,  79,   5,  76,  97,  77,  15,  12,
        18, 114,   6,  27,  45,  93,  49,  47,   1,  60,   1, 107,  27,
        10, 106,  28,  73,  49, 108,  98,  55,   8,  23,  78,  54,  32,
        80,  96, 112,   4,  62, 107,  63,  77,   9,   4,   6, 113,  58,
        38,  48,  74, 115,  97,   8,  84, 116,  64, 109,  82,  70,  32,
        28,  54,  53, 100,  50])}, {'ts_index': 98, 'loc': 93, 'gap': 0.043367389192750266, 'distances': array([0.25995682, 0.24415657, 0.22181911, 0.26595464, 0.10904782,
       0.20421297, 0.22824059, 0.18968741, 0.2627267 , 0.23645325,
       0.17281706, 0.14664717, 0.2806994 , 0.28018156, 0.17161399,
       0.2358598 , 0.24795328, 0.26309131, 0.22522203, 0.27587691,
       0.19192267, 0.22383113, 0.2641817 , 0.        , 0.26737233,
       0.26890444, 0.09825258, 0.27762163, 0.28384056, 0.18726535,
       0.27535378, 0.24869246, 0.2613447 , 0.24914874, 0.13969979,
       0.20676781, 0.23377643, 0.21012863, 0.23199146, 0.27322046,
       0.10998594, 0.3077667 , 0.25289124, 0.11146865, 0.20424178,
       0.22723598, 0.27016635, 0.30404928, 0.25777114, 0.17618947,
       0.29800207, 0.26646913, 0.242139  , 0.24335592, 0.24574293,
       0.26447635, 0.16636687]), 'delta_distances': array([0., 0., 0., 0., 0., 0., 0., 0., 0., 0., 0., 0., 0., 0., 0., 0., 0.,
       0., 0., 0., 0., 0., 0., 0., 0., 0., 0., 0., 0., 0., 0., 0., 0., 0.,
       0., 0., 0., 0., 0., 0., 0., 0., 0., 0., 0., 0., 0., 0., 0., 0., 0.,
       0., 0., 0., 0., 0., 0.]), 'locations': array([ 59,  89, 113,  40, 109,  31,  26,  87,   9, 117, 126,  60,  24,
        30,  28, 119, 125,  98,  29, 122,  46,  72, 121,  93,  63, 136,
        53,  96,  87, 133,   7,   3,  93,  19, 126,  99,  74,   2, 114,
       118,  26,  43, 123,  68,  73, 110,  50, 119,  82,  94,  88, 118,
        56,  69,  52,   4, 110])}], 'clusters': array([3, 3, 0, 1, 2, 2, 2, 3, 1, 0, 0, 6, 5, 0, 2, 1, 1, 1, 2, 7, 0, 2,
       0, 2, 2, 3, 2, 0, 5, 1, 1, 4, 5, 0, 0, 7, 2, 3, 1, 7, 6, 2, 1, 5,
       4, 3, 1, 0, 0, 2, 1, 1, 3, 6, 2, 2, 4, 2, 4, 7, 2, 4, 2, 5, 6, 0,
       5, 3, 2, 0, 4, 6, 3, 0, 1, 0, 2, 1, 1, 2, 2, 1, 0, 3, 0, 0, 2, 6,
       4, 1, 2, 2, 1, 5, 0, 1, 4, 1, 7, 1, 1, 3, 4, 0, 2, 0, 7, 2, 2, 4,
       6, 0, 0, 1, 0, 0, 0, 1, 0, 0, 1, 7, 2, 0, 5, 1, 0, 5, 0, 6, 5, 6,
       1, 3, 4, 0, 6, 1, 1, 5, 0, 4, 7, 2, 0, 0, 5, 3, 1, 7, 3, 0, 0, 1,
       2, 0, 5, 2, 4, 3, 4, 4, 2, 5, 3, 0, 5, 3, 3, 1, 0, 4, 3, 1, 1, 4,
       2, 4, 2, 7, 4, 2, 5, 0, 1, 5, 2, 3, 0, 0, 5, 3, 3, 5, 5, 2, 0, 6,
       1, 1, 0, 6, 0, 3, 4, 5, 2, 6, 7, 3]), 'time': 1728.4123394489288}
lenSubsequence: 7{'RI': 0.6642059694691274, 'num_clusters': 7, 'uShapelets': [{'ts_index': 145, 'loc': 14, 'gap': 0.023601806384441038, 'distances': array([0.12906331, 0.24012624, 0.19549679, 0.15404177, 0.18293327,
       0.20540418, 0.1880637 , 0.23960428, 0.19988187, 0.22493058,
       0.22760021, 0.24295299, 0.21022403, 0.20873188, 0.13289707,
       0.16307118, 0.21866228, 0.22103698, 0.12522306, 0.08620445,
       0.17549876, 0.2264231 , 0.19185581, 0.19341202, 0.2204999 ,
       0.22551907, 0.22968547, 0.16727921, 0.19270849, 0.19965008,
       0.23036977, 0.11684946, 0.15995375, 0.16019624, 0.22117747,
       0.17982338, 0.2000431 , 0.17039034, 0.10424233, 0.20137316,
       0.21284502, 0.23361601, 0.22766421, 0.12905971, 0.21744908,
       0.23974627, 0.23568227, 0.20863072, 0.20814123, 0.23070008,
       0.2278755 , 0.20802729, 0.1983773 , 0.20685447, 0.19217066,
       0.23460749, 0.2025803 , 0.19223774, 0.20352363, 0.23158497,
       0.21749006, 0.14968792, 0.2409341 , 0.2250463 , 0.23163713,
       0.18857135, 0.18179189, 0.22626276, 0.18341911, 0.23772498,
       0.20850515, 0.219395  , 0.22885562, 0.2041643 , 0.18183651,
       0.21977859, 0.20898691, 0.25430364, 0.20668597, 0.19710209,
       0.15718345, 0.21941563, 0.18084978, 0.20934028, 0.20532306,
       0.22187361, 0.19122833, 0.1546008 , 0.23191341, 0.21422199,
       0.18851248, 0.1300373 , 0.20413901, 0.210764  , 0.24643342,
       0.23954155, 0.12768999, 0.25356145, 0.21392156, 0.21465643,
       0.11697771, 0.15456834, 0.17569385, 0.223301  , 0.21572177,
       0.20941173, 0.24774544, 0.20766552, 0.10706536, 0.23785794,
       0.18280969, 0.20954463, 0.17286581, 0.1892576 , 0.19020258,
       0.18386987, 0.23678311, 0.21804288, 0.22451357, 0.19242197,
       0.1410241 , 0.23518159, 0.21308014, 0.151122  , 0.1356637 ,
       0.24294958, 0.21253301, 0.19590388, 0.22830482, 0.24573997,
       0.2157762 , 0.19410403, 0.21771518, 0.18091734, 0.15773372,
       0.19448689, 0.20114125, 0.21656568, 0.19692531, 0.19607035,
       0.23509064, 0.2286459 , 0.18646215, 0.2219494 , 0.16395318,
       0.        , 0.21592777, 0.16505855, 0.20334478, 0.11736797,
       0.20196736, 0.25454727, 0.20072508, 0.14290612, 0.19837047,
       0.20389501, 0.12992019, 0.20968306, 0.20693557, 0.21577056,
       0.18814661, 0.21092872, 0.24027415, 0.20671259, 0.22307327,
       0.18037487, 0.18265645, 0.17888342, 0.18867697, 0.19439125,
       0.19339068, 0.17855823, 0.19512553, 0.22889541, 0.24049871,
       0.19289522, 0.20595023, 0.13382734, 0.21464271, 0.15077752,
       0.22486221, 0.21683039, 0.266451  , 0.23481778, 0.18220137,
       0.20481882, 0.21204354, 0.20893414, 0.22915895, 0.15752068,
       0.17259825, 0.21839221, 0.20763623, 0.20651644, 0.23630129,
       0.22564627, 0.19472315, 0.25146101, 0.2378604 , 0.18557955,
       0.21928598, 0.2153104 , 0.22059226, 0.22117848, 0.25919438,
       0.23536988, 0.2171158 , 0.20424743, 0.16835072, 0.13458858]), 'delta_distances': array([0., 0., 0., 0., 0., 0., 0., 0., 0., 0., 0., 0., 0., 0., 0., 0., 0.,
       0., 0., 0., 0., 0., 0., 0., 0., 0., 0., 0., 0., 0., 0., 0., 0., 0.,
       0., 0., 0., 0., 0., 0., 0., 0., 0., 0., 0., 0., 0., 0., 0., 0., 0.,
       0., 0., 0., 0., 0., 0., 0., 0., 0., 0., 0., 0., 0., 0., 0., 0., 0.,
       0., 0., 0., 0., 0., 0., 0., 0., 0., 0., 0., 0., 0., 0., 0., 0., 0.,
       0., 0., 0., 0., 0., 0., 0., 0., 0., 0., 0., 0., 0., 0., 0., 0., 0.,
       0., 0., 0., 0., 0., 0., 0., 0., 0., 0., 0., 0., 0., 0., 0., 0., 0.,
       0., 0., 0., 0., 0., 0., 0., 0., 0., 0., 0., 0., 0., 0., 0., 0., 0.,
       0., 0., 0., 0., 0., 0., 0., 0., 0., 0., 0., 0., 0., 0., 0., 0., 0.,
       0., 0., 0., 0., 0., 0., 0., 0., 0., 0., 0., 0., 0., 0., 0., 0., 0.,
       0., 0., 0., 0., 0., 0., 0., 0., 0., 0., 0., 0., 0., 0., 0., 0., 0.,
       0., 0., 0., 0., 0., 0., 0., 0., 0., 0., 0., 0., 0., 0., 0., 0., 0.,
       0., 0., 0., 0., 0., 0.]), 'locations': array([ 13,  15,  11, 131,  55,  54, 100,  68,  57, 128,  23,  16, 106,
       110, 132,  41, 117, 123,  65, 131, 121,  73, 130,  12,  40, 116,
        89, 100, 128,   1, 128,  68, 134, 132,  18,  23,  26,  27, 131,
       107, 131, 118,  90, 130, 133,  25,  77, 115,  51, 135,  19,  60,
       126, 130,  95, 113, 127, 111, 135, 127,  14,  66,  13,   1,   4,
       116,  70, 135,  91,  41,  20,  31, 129, 135,  49, 104,  89,  67,
        18, 134, 131,  91, 102, 126,  89,  12, 132,  42,   0,  87,  15,
        42,  16,  15,  81, 108, 131,  45,  80,  39, 109,  19,  56,  22,
       118,  21, 117,  18,  82,  18,  42,  14,  74, 108,  54, 131, 129,
       131,  45,  64,  14, 107, 133,  44,  39,  54, 107,  12,  82,   9,
        38, 132, 106,  80, 132,  16,  70, 128,  13,  92, 129, 104,  27,
        44,   7,  14,  23, 129, 133,  42,  89,  89,  25,  55,  59,  15,
        61,   3,  17,  81, 136,  16,  83,  21,  90, 131, 133,  55,  74,
        63,  42, 114, 130,  80, 129, 102,  25, 134,  16,  41, 100,   2,
        25,  91, 119, 128, 129,  95, 128, 116, 128,  22, 114, 133, 132,
        38,  18, 115,  15,  20,  25,  13,  37,  15,  64,  30,  79,  93,
       129, 131])}, {'ts_index': 21, 'loc': 137, 'gap': 0.027351236670561996, 'distances': array([0.19402145, 0.22708742, 0.21651563, 0.19968551, 0.24563205,
       0.1823583 , 0.22216001, 0.2236599 , 0.175331  , 0.19135088,
       0.20629491, 0.14559239, 0.19918652, 0.21854417, 0.18889824,
       0.13194812, 0.20933079, 0.22551912, 0.16842913, 0.14961914,
       0.23610283, 0.17239906, 0.2678564 , 0.22774989, 0.19821354,
       0.14245845, 0.17830571, 0.15793072, 0.25126977, 0.21784158,
       0.23247453, 0.20320875, 0.22148998, 0.19578152, 0.14977552,
       0.15284662, 0.16578557, 0.22407212, 0.14764564, 0.20876033,
       0.17766227, 0.22164251, 0.20254431, 0.20452633, 0.23277991,
       0.20924737, 0.22240329, 0.22314664, 0.19191926, 0.19785894,
       0.15998186, 0.21225563, 0.23789763, 0.2132641 , 0.14281309,
       0.16656544, 0.1918982 , 0.17403049, 0.19205846, 0.13222307,
       0.15069681, 0.19657169, 0.20223483, 0.2254281 , 0.20253897,
       0.20915919, 0.19777549, 0.223701  , 0.20297573, 0.20207027,
       0.23146641, 0.20201547, 0.21206911, 0.2399026 , 0.17789898,
       0.22030619, 0.1960991 , 0.14402283, 0.18737749, 0.22586784,
       0.19841557, 0.22911507, 0.16920199, 0.20814183, 0.21039136,
       0.12485976, 0.15125096, 0.17268469, 0.2062364 , 0.21835109,
       0.17885811, 0.18823383, 0.13021193, 0.19364228, 0.2092904 ,
       0.22800248, 0.22530719, 0.18207242, 0.20949679, 0.19556116,
       0.13782503, 0.22416085, 0.16087243, 0.19636531, 0.20321106,
       0.22168913, 0.19516168, 0.19048752, 0.22254218, 0.16090975,
       0.22218626, 0.1549293 , 0.16023628, 0.19127591, 0.21576706,
       0.21138314, 0.19470503, 0.21560998, 0.19728145, 0.15742036,
       0.19261253, 0.20674671, 0.2185079 , 0.20423174, 0.21502464,
       0.20582921, 0.21582792, 0.20069631, 0.21412082, 0.20908597,
       0.222349  , 0.20806392, 0.17495374, 0.18293808, 0.18247064,
       0.13779325, 0.21262766, 0.21334545, 0.1947641 , 0.22867045,
       0.16899385, 0.13035158, 0.20301668, 0.20135579, 0.20971348,
       0.18787148, 0.22522849, 0.20997679, 0.18069793, 0.24706817,
       0.24199983, 0.23902692, 0.20085287, 0.19628554, 0.19279161,
       0.2359245 , 0.20889165, 0.19081797, 0.22097441, 0.16445481,
       0.22232201, 0.1919526 , 0.1835685 , 0.21938934, 0.20964332,
       0.20043268, 0.22627588, 0.19420357, 0.20576592, 0.15013402,
       0.20011749, 0.21398895, 0.26350567]), 'delta_distances': array([0., 0., 0., 0., 0., 0., 0., 0., 0., 0., 0., 0., 0., 0., 0., 0., 0.,
       0., 0., 0., 0., 0., 0., 0., 0., 0., 0., 0., 0., 0., 0., 0., 0., 0.,
       0., 0., 0., 0., 0., 0., 0., 0., 0., 0., 0., 0., 0., 0., 0., 0., 0.,
       0., 0., 0., 0., 0., 0., 0., 0., 0., 0., 0., 0., 0., 0., 0., 0., 0.,
       0., 0., 0., 0., 0., 0., 0., 0., 0., 0., 0., 0., 0., 0., 0., 0., 0.,
       0., 0., 0., 0., 0., 0., 0., 0., 0., 0., 0., 0., 0., 0., 0., 0., 0.,
       0., 0., 0., 0., 0., 0., 0., 0., 0., 0., 0., 0., 0., 0., 0., 0., 0.,
       0., 0., 0., 0., 0., 0., 0., 0., 0., 0., 0., 0., 0., 0., 0., 0., 0.,
       0., 0., 0., 0., 0., 0., 0., 0., 0., 0., 0., 0., 0., 0., 0., 0., 0.,
       0., 0., 0., 0., 0., 0., 0., 0., 0., 0., 0., 0., 0., 0., 0., 0., 0.,
       0., 0., 0.]), 'locations': array([ 82,  73, 132, 124,  15,  75,  95,  39, 136,  22,  68,  56,  55,
        44,  33, 117,  23,  57,  23, 134,  42,  27, 117,  71, 106, 131,
        48, 113,  86, 131, 117,  49,  19, 130,  17,  68, 133, 135,  59,
        99,   3,  55,  84, 135,  15,  17,  82,  11,  55, 103,   8,  91,
       132,  98, 134,  42,  39, 131,  89,  71,   5,  19,  65, 114,  95,
       135, 100,  68,  68, 106, 116, 105, 136,   4,  88, 122, 117,  33,
        18, 115, 127,  22, 119, 121,  85,  17, 117,  16, 126,  21,  46,
        46, 134, 130, 133,  14, 133,  25, 135,  87,  46,  12,  99, 132,
        19, 104, 133, 134, 134, 129, 110,  69,  58,  84, 119, 129,  56,
        39,  85, 115,  31,  15,   1,  17, 104,  18,  23,  23, 110, 107,
        43, 118, 109,  15,  39,  41,  91,  56, 136, 108, 114, 115,  22,
        22,   2, 118, 110,  94,  92,  89,   5,  16,  46,  93,  29, 118,
         4,  79,  57,  97,  15,  18,  43, 115,  71,  26,  13,  39,  94,
       114, 109,  94, 104])}, {'ts_index': 174, 'loc': 39, 'gap': 0.020170401703194923, 'distances': array([0.24288648, 0.26155598, 0.16748729, 0.1808705 , 0.13385115,
       0.2007923 , 0.18026436, 0.20043016, 0.20202406, 0.23958483,
       0.23534319, 0.24959442, 0.23227358, 0.26268654, 0.22838533,
       0.21849752, 0.18650449, 0.2262913 , 0.25850457, 0.25954931,
       0.22176647, 0.2378713 , 0.25178972, 0.17488578, 0.2007493 ,
       0.13259176, 0.16688922, 0.17414003, 0.17453686, 0.19066386,
       0.22010087, 0.23171782, 0.24877275, 0.21427696, 0.12943718,
       0.14064576, 0.25550574, 0.24606456, 0.2380588 , 0.21969821,
       0.20131777, 0.21164016, 0.23653995, 0.27753741, 0.20952213,
       0.19805508, 0.24646794, 0.23007402, 0.24470528, 0.21466571,
       0.15322708, 0.22133016, 0.2078611 , 0.21797663, 0.20314501,
       0.23588687, 0.22889234, 0.21873639, 0.17384009, 0.24762283,
       0.25163746, 0.18302519, 0.20624298, 0.18984641, 0.2453488 ,
       0.23650858, 0.16617926, 0.21731842, 0.24553543, 0.27355807,
       0.19898646, 0.27385589, 0.1606778 , 0.25192455, 0.21373771,
       0.23383473, 0.1479982 , 0.22234208, 0.24257112, 0.19622175,
       0.20383086, 0.20024287, 0.2840681 , 0.23345281, 0.21785511,
       0.20585085, 0.15607315, 0.16289423, 0.24510902, 0.200247  ,
       0.24812835, 0.13229047, 0.26490182, 0.27023037, 0.17405852,
       0.26918009, 0.17932782, 0.24821139, 0.1972878 , 0.23752513,
       0.17351378, 0.21855876, 0.2553301 , 0.25548571, 0.26184035,
       0.23722914, 0.22809021, 0.24290242, 0.22804716, 0.16908015,
       0.22212712, 0.21991588, 0.19041836, 0.24712713, 0.19948043,
       0.        , 0.23260253, 0.22559899, 0.18689033, 0.22264303,
       0.21902162, 0.26972428, 0.22913637, 0.23681243, 0.19754408,
       0.23452818, 0.17101028, 0.1354321 , 0.21781166, 0.22755718,
       0.15010831, 0.22444978, 0.19951779, 0.22246824, 0.23019116,
       0.12150341, 0.2291905 , 0.17079139, 0.13147001, 0.18688234,
       0.22623917, 0.1486907 , 0.23229969]), 'delta_distances': array([0., 0., 0., 0., 0., 0., 0., 0., 0., 0., 0., 0., 0., 0., 0., 0., 0.,
       0., 0., 0., 0., 0., 0., 0., 0., 0., 0., 0., 0., 0., 0., 0., 0., 0.,
       0., 0., 0., 0., 0., 0., 0., 0., 0., 0., 0., 0., 0., 0., 0., 0., 0.,
       0., 0., 0., 0., 0., 0., 0., 0., 0., 0., 0., 0., 0., 0., 0., 0., 0.,
       0., 0., 0., 0., 0., 0., 0., 0., 0., 0., 0., 0., 0., 0., 0., 0., 0.,
       0., 0., 0., 0., 0., 0., 0., 0., 0., 0., 0., 0., 0., 0., 0., 0., 0.,
       0., 0., 0., 0., 0., 0., 0., 0., 0., 0., 0., 0., 0., 0., 0., 0., 0.,
       0., 0., 0., 0., 0., 0., 0., 0., 0., 0., 0., 0., 0., 0., 0., 0., 0.,
       0., 0., 0., 0., 0., 0., 0.]), 'locations': array([110, 116,  94,  27,  37,  25,  79,  92,  52,  48,  96,  88, 113,
        75,  60, 125,  30, 125,  12,  32,  30,  12,  23, 102,  78, 128,
       109, 100,   9,  74,  14,  42, 130,  51,  69,  26,  88, 101,  92,
        35,  63, 133,  77,  34, 127,  69, 101, 122,  92,  26,  63, 126,
        74,  35,  42, 128,  83, 126,  61, 120, 134, 129,  57,  43,  54,
        31,  24,  12,  78, 135,  42,  68,  11, 132,  76,  25,   8,  57,
        95,   9,  68,  29, 104,  39,  97,  54,  91,  79, 128, 126,  70,
       106,  33, 109,  45,  82,  37,  81,   8,  90, 125,  56,  43,  65,
         5,  78,  24,  90,  43,  65,  58, 118,  37,  15,  50,  39, 103,
        69,  83, 120, 124, 104,  12, 104,  91,  91,  79, 127,  55,  55,
       103,  39,  70,  81,  81,   9,  27,  95,  12, 103,  33,  71, 104])}, {'ts_index': 95, 'loc': 25, 'gap': 0.020843935290506682, 'distances': array([0.12286901, 0.18885705, 0.13477036, 0.23364139, 0.13431907,
       0.19553981, 0.192463  , 0.14886994, 0.22933762, 0.20293347,
       0.23332622, 0.14775805, 0.16448498, 0.21850067, 0.23822527,
       0.16195208, 0.22864756, 0.21053311, 0.18083836, 0.23416159,
       0.21865926, 0.19904092, 0.15863465, 0.20725284, 0.21641076,
       0.18372644, 0.14622594, 0.1986382 , 0.15711502, 0.22375699,
       0.19927521, 0.19474903, 0.09212411, 0.17039604, 0.17728039,
       0.21507208, 0.21834247, 0.21228402, 0.21580184, 0.14841514,
       0.18743198, 0.1811441 , 0.24524873, 0.12385583, 0.23912665,
       0.17840799, 0.23465838, 0.13065232, 0.21069984, 0.14418865,
       0.14715235, 0.        , 0.15196932, 0.13390539, 0.17600954,
       0.17498516, 0.14225411, 0.20312093, 0.16986758, 0.18260505,
       0.22381389, 0.22674361, 0.25374075, 0.16084401, 0.21139049,
       0.21441822, 0.17050115, 0.18253122, 0.19980693, 0.1980264 ,
       0.15792825, 0.20463172, 0.21544912, 0.18792027, 0.17671695,
       0.16256122, 0.21633973, 0.14312619, 0.21523689, 0.21242986,
       0.21061261, 0.16693741, 0.11270045, 0.15717077, 0.15199346,
       0.23811407, 0.24929395, 0.24563537, 0.16003979, 0.16160142,
       0.16485291, 0.25636031, 0.16307479, 0.16987311, 0.17559367,
       0.24118936, 0.16230849, 0.18200808, 0.12999723, 0.21922028,
       0.10513086, 0.20046103, 0.2029637 , 0.15697013, 0.10932453,
       0.26017014, 0.18994604, 0.2512024 , 0.15443817, 0.13995532,
       0.20597042, 0.17821687, 0.23378986, 0.09565004, 0.16897326]), 'delta_distances': array([0., 0., 0., 0., 0., 0., 0., 0., 0., 0., 0., 0., 0., 0., 0., 0., 0.,
       0., 0., 0., 0., 0., 0., 0., 0., 0., 0., 0., 0., 0., 0., 0., 0., 0.,
       0., 0., 0., 0., 0., 0., 0., 0., 0., 0., 0., 0., 0., 0., 0., 0., 0.,
       0., 0., 0., 0., 0., 0., 0., 0., 0., 0., 0., 0., 0., 0., 0., 0., 0.,
       0., 0., 0., 0., 0., 0., 0., 0., 0., 0., 0., 0., 0., 0., 0., 0., 0.,
       0., 0., 0., 0., 0., 0., 0., 0., 0., 0., 0., 0., 0., 0., 0., 0., 0.,
       0., 0., 0., 0., 0., 0., 0., 0., 0., 0., 0., 0., 0.]), 'locations': array([116, 115,  22,   2,  21,   9,  63,   6,  26,  95, 125,  26,  37,
       120,  62,  30,  81, 126, 123,  52,  46, 112, 121,   5,  39,   8,
        50,  42, 122, 103,  95,   9,  19,   6,  84, 119,  32, 101,  63,
         0, 111, 118, 123,  20,  25,   8,  36, 119, 134,   2, 121,  25,
        46, 115,   8,  74, 121, 135,  75,  57, 102,   6, 100,  27, 110,
        43,   8,   2, 118,   7, 119,  18,  22,  55,  34,   2,   8,  19,
       119, 101,  79,   6, 102,  67, 106,   4, 117,  67, 121,  18,  43,
        59,  66,  29,  49, 132,   4,   8,  29,  48,  22,  19, 121,   1,
         4, 111,  76, 133, 100, 100,  30,   3,   6,   6,  82])}, {'ts_index': 26, 'loc': 122, 'gap': 0.014368572932750928, 'distances': array([0.17775194, 0.21202884, 0.22425189, 0.        , 0.2305289 ,
       0.22097647, 0.22748279, 0.18166646, 0.17114019, 0.21823036,
       0.13041911, 0.20883322, 0.25091065, 0.24295147, 0.17125843,
       0.15657459, 0.21793052, 0.24981789, 0.2417255 , 0.22809346]), 'delta_distances': array([0., 0., 0., 0., 0., 0., 0., 0., 0., 0., 0., 0., 0., 0., 0., 0., 0.,
       0., 0., 0.]), 'locations': array([  3, 102, 117, 122,  74, 118,  16,   0, 124,  86,   5,  36,  65,
        78,   1,   0,  39, 136, 124,   1])}, {'ts_index': 175, 'loc': 6, 'gap': 0.036498753300711645, 'distances': array([0.12793801, 0.14981181, 0.09247883, 0.24190628, 0.12736733,
       0.19806883, 0.20452467, 0.23028814, 0.1992723 , 0.        ,
       0.15175508, 0.20371046, 0.12670793]), 'delta_distances': array([0., 0., 0., 0., 0., 0., 0., 0., 0., 0., 0., 0., 0.]), 'locations': array([ 27,   1,  26, 136,  17,   1,  87, 121, 124,   6,  24, 125,   4])}, {'ts_index': 161, 'loc': 71, 'gap': 0.025339588901635623, 'distances': array([0.25726341, 0.21682547, 0.16697093, 0.25360916, 0.        ,
       0.24395467]), 'delta_distances': array([0., 0., 0., 0., 0., 0.]), 'locations': array([119,  44,  55,  97,  71, 124])}], 'clusters': array([1, 4, 4, 1, 3, 4, 3, 5, 4, 4, 4, 4, 6, 2, 1, 1, 4, 6, 1, 1, 4, 2,
       4, 4, 2, 2, 5, 1, 4, 6, 4, 1, 1, 1, 4, 2, 0, 1, 1, 2, 4, 3, 4, 1,
       3, 3, 3, 2, 2, 2, 3, 2, 4, 4, 4, 4, 4, 3, 3, 4, 4, 1, 4, 4, 2, 4,
       4, 4, 2, 2, 4, 4, 4, 2, 2, 4, 4, 4, 4, 3, 1, 4, 6, 4, 5, 4, 5, 1,
       4, 3, 4, 1, 4, 4, 2, 4, 1, 4, 4, 4, 1, 1, 3, 4, 4, 2, 2, 4, 1, 4,
       4, 3, 7, 2, 5, 7, 3, 4, 4, 4, 1, 4, 2, 1, 1, 4, 2, 4, 4, 4, 4, 3,
       3, 2, 1, 4, 2, 2, 4, 4, 3, 4, 4, 3, 1, 1, 2, 1, 4, 1, 4, 4, 4, 1,
       4, 3, 1, 4, 4, 4, 0, 7, 5, 4, 4, 3, 2, 4, 5, 4, 4, 2, 2, 4, 3, 6,
       4, 1, 4, 1, 4, 4, 4, 4, 4, 4, 4, 3, 3, 1, 1, 6, 4, 3, 2, 0, 4, 4,
       4, 3, 4, 3, 3, 6, 2, 4, 3, 4, 1, 1]), 'time': 1601.167734861374}
