lenSubsequence: 11{'RI': 0.4999497487437186, 'num_clusters': 4, 'uShapelets': [{'ts_index': 14, 'loc': 486, 'gap': 1.4250017123807197, 'distances': array([ 7.71479573,  8.06101027,  8.05513809,  3.97880873,  8.45572818,
        8.60883445,  5.72474864,  6.20620791,  3.823191  ,  9.32508964,
        2.82207291,  3.40513573,  6.00882564,  8.83659645,  0.        ,
        9.64284636,  6.35934364,  6.83474236,  6.190463  ,  8.06533518,
        5.13847018,  9.18108127,  6.84968764,  7.76431164,  5.30451855,
        9.58208718,  9.21408255,  3.28671573,  7.62835664,  8.49266018,
        6.95563518,  9.25241764,  5.30124255,  8.33618391,  6.61658773,
        3.01722364,  8.61862518,  7.76309591,  9.94592055,  4.77653245,
        3.85816309,  7.23363336,  7.110752  ,  8.00150364,  7.11492   ,
        9.97604527,  7.82760345,  7.70794555,  9.87949491,  6.51748845,
        6.34521655,  7.60593464,  8.86978755,  8.99148773,  6.25043555,
        7.61678509,  6.22284455,  8.752986  ,  5.05541709,  9.01883845,
        8.02414264,  9.19093391,  7.78254645,  7.44187545,  6.84066264,
        7.59238645,  8.05518809,  4.480991  ,  5.97704   ,  4.51764455,
        9.39100173,  4.77119336,  7.86532191,  3.88724145,  5.4843    ,
        5.03465918,  3.82952409,  3.24414955, 11.18525345,  5.62537518,
        7.25384527,  6.41098491,  6.68387955,  8.01903745,  5.76322645,
        6.80362136,  5.83543482,  2.65371991,  6.57602336,  4.99386818,
        9.15431755,  4.35198064,  4.03083609,  4.89079264,  7.69120491,
        5.69348564,  9.21918891,  8.08648418,  4.56413718,  8.53292782,
        9.21060364,  6.80982236,  2.83686555,  2.17618791,  6.76030155,
        5.94697809,  7.28397182,  5.59842973,  8.24463873,  4.74195536,
        8.63518255,  9.16419936,  3.72650636,  8.63478809,  5.19523445,
        5.85099191,  7.77195336,  7.99162191,  7.77434636,  8.93169773,
        3.86304655,  5.44206409,  5.790812  ,  7.57316218,  5.95210591,
        8.07927364,  8.06938336,  3.68460227,  9.051992  ,  9.18868955,
        7.314911  ,  5.40689055,  3.95002291,  5.67885627,  3.76229127,
        6.33867109,  4.241164  ,  4.77774   ,  7.28728282,  4.50012736,
        6.96111455,  7.08137555,  5.49127209, 10.59517918,  7.74685682,
        3.25790927,  6.10068309,  6.05601755,  5.769795  ,  8.60333945,
        8.78670064,  8.07427955,  4.37620145,  6.28733745,  4.35016991,
        6.88419255,  4.05051209,  6.655147  ,  4.00725627,  3.31484909,
        8.14646345,  6.04209455,  6.02169064,  6.90948   ,  6.55243809,
        7.43301282,  6.46328464,  5.58779473,  7.60913473, 10.50561845,
        7.37257955,  9.51878855,  6.204158  ,  7.01358573,  8.49423282,
        8.759615  ,  5.63676091,  5.24758827,  7.29815936,  5.96227945,
        6.54613127,  8.77915464,  8.23246218,  9.58260064,  7.94600909,
        8.904834  ,  7.86974964,  7.91981345,  5.72356573,  7.15752982,
        9.77818245,  3.32208755,  8.20239464,  5.22896927,  8.09091818,
        9.11940518,  9.05692364,  6.43690382,  8.51652345,  4.849908  ]), 'delta_distances': array([22.562232  , 21.34844691, 19.29027255, 16.60184255, 24.39120582,
       20.28548018, 17.64971   , 18.93659145, 13.55535036, 22.51046018,
       11.05165927, 10.24263873, 13.17822364, 19.92031527,  0.        ,
       20.90200327, 18.33774655, 17.29401455, 16.98103345, 21.90709764,
       17.24353891, 23.75338491, 17.452514  , 20.31695345, 14.82513345,
       23.78893818, 24.89165927, 11.78850236, 18.58581764, 19.56728545,
       20.10594182, 19.22897364, 15.36355636, 20.12540745, 19.01535691,
       11.24399073, 18.09416673, 16.73260927, 20.57518691, 12.29112618,
       11.80548782, 20.18301782, 19.70632345, 18.79196127, 20.39529927,
       23.91280545, 18.76076345, 15.04518564, 22.4631    , 19.11148909,
       16.85448473, 19.88417182, 23.87000945, 19.86848436, 22.36903564,
       22.02736145, 19.09936273, 20.31284545, 18.03165091, 20.26062818,
       23.71332745, 20.08252382, 18.79809564, 18.36287982, 16.28986927,
       19.56913618, 19.97767655, 14.79060982, 18.17815636, 12.86329727,
       19.086664  , 13.98555927, 21.096176  , 13.97172036, 19.37555291,
       13.45358055, 15.26667345, 11.51958291, 22.88727291, 11.51958491,
       19.52540855, 19.057328  , 17.91432745, 20.75360982, 17.15716891,
       19.19044291, 17.30752836,  8.80125309, 16.87810545, 14.79884582,
       22.42085364, 16.319094  , 13.15786382, 14.76055727, 19.18313491,
       17.39732673, 22.63792473, 20.012108  , 17.04725273, 17.73612236,
       19.90829855, 20.33932291, 10.65355655,  8.79632618, 19.93317055,
       14.88654309, 17.46675709, 18.54200455, 19.18216073, 16.78919473,
       21.17876964, 22.45214764, 16.70994236, 20.05724709, 14.02704218,
       17.90727509, 21.63058545, 19.12378073, 18.37657709, 21.27695891,
       12.08811582, 17.92587491, 18.64471145, 18.08169018, 15.30637164,
       18.13814309, 23.19396727, 12.17144709, 24.38447418, 22.72895309,
       15.02592455, 16.36023509, 12.68032709, 16.16246618, 12.54333055,
       18.42618564, 14.50161564, 16.60182   , 19.98436964, 14.542222  ,
       12.378552  , 18.81938582, 17.55608182, 24.54884818, 19.502668  ,
       12.08623218, 15.15118582, 19.54437709, 16.818604  , 20.98818491,
       24.05985127, 20.33877582, 15.54810964, 17.35178127, 12.09725036,
       18.72381   , 17.20418327, 18.10265255, 18.33574436,  7.28470455,
       23.151252  , 18.60865236, 18.61854345, 18.30906164, 20.40839527,
       20.00797036, 16.65140745, 17.37270164, 17.59115818, 26.38175964,
       18.93390164, 18.02778945, 17.46687236, 26.22901255, 18.64453091,
       21.44529491, 17.55882727, 17.16405655, 18.41638545, 18.03872509,
       20.32325764, 20.84107164, 22.12573691, 20.607704  , 24.16092636,
       22.09343164, 18.457056  , 17.34702927, 16.337678  , 19.25230218,
       24.44068582, 14.78399073, 20.58843309, 17.75071945, 22.49282655,
       20.08067782, 17.30585291, 17.76179855, 21.98551564, 15.26350764]), 'locations': array([157, 337, 439,  49,  60, 155, 150, 485, 128, 328, 483,  56, 240,
       276, 486, 286, 482,  54, 132, 485, 321,  63, 125, 434, 488,  14,
        24, 242, 231, 269, 206, 349, 411, 406, 248, 246,  20, 301, 487,
       325, 243, 118, 487, 230, 219, 442, 382, 118, 286, 480, 410, 142,
       425, 393, 265, 316,  14, 435,  47, 123,  19, 458, 408, 223, 342,
       222, 295,  15,  16, 205, 331,   8, 375, 386, 379, 286, 166, 292,
       243, 171,  34,  18, 131,  42, 210, 420, 424, 279, 261, 196, 330,
       275, 471, 312, 131, 323,  56,  83, 102,  98, 427, 469, 214, 264,
       394, 416,  51, 114, 453, 436, 203,  36, 212, 421, 363, 179,  91,
        99,  57,  19, 407,   7, 316, 305, 357,  77,  57, 363, 431,  71,
       419, 153,  89, 467, 355,   7, 121, 230, 274, 171, 455,  28, 107,
       431, 254, 469, 280, 179, 257,  68, 330, 107, 304, 145, 341,   4,
       139,  99,   3, 316, 305,  82, 354, 176, 291, 149, 362,   0, 448,
         6,  82, 407, 312,  17, 471, 460,  97, 197, 352, 240, 484, 135,
       328, 222, 160, 195, 301, 345, 455, 352, 340,  85,  68,  94, 230,
       115, 445, 322, 279,  62])}, {'ts_index': 24, 'loc': 245, 'gap': 1.6523502039136861, 'distances': array([10.48556573,  9.75914718,  9.19172927, 13.53211055, 12.06551345,
        8.46910809, 11.05374909, 10.35116745,  8.57818809,  9.88624073,
        5.65079182,  9.22673164, 14.53305627, 11.23072055, 12.88842409,
       15.70244455, 11.71725327, 16.06548945,  6.87435227,  0.        ,
       10.02562836,  9.02453236, 14.73251409, 12.58477791,  9.54934145,
        9.79454855,  4.57764127, 16.97854155, 14.38278691,  9.53124118,
       14.67858227,  9.47142673,  9.50715873,  4.13518691,  9.88116918,
       10.25738118, 14.44767327, 10.51480191,  9.896453  , 12.53434473,
       14.53823573, 12.40371827, 10.22003518,  8.84052018,  8.29692455,
       13.36814582,  8.477072  , 15.64048609, 10.82508045, 15.58863436,
        8.50273973, 10.11560345, 11.98784218,  5.07250155,  9.39492582,
        6.56276373, 12.70520627, 11.50022909,  9.856909  ,  8.60772291,
       11.55801227, 12.52681464,  8.44250555, 14.85924473,  6.99698527,
        9.81383373, 13.73241618,  9.298094  , 10.01107509,  9.17741482,
       12.64464073,  7.92934764, 16.20794464, 12.14256182, 15.21505664,
        5.89655573, 12.93409436, 10.23374964, 13.00241218,  9.21245718,
        9.04897573, 14.32133145,  8.97669991,  7.54452864,  8.84264864,
        9.31513045,  8.072801  ,  8.45371582, 13.25026573,  9.77043455,
        6.56526327,  8.79936409, 10.08080355,  7.90767182, 13.96811909,
       14.31290764, 13.31252227, 11.74216491, 10.190781  ,  8.13852882,
       13.07368082,  9.42163218,  9.54608764,  8.53366191, 13.07505009,
        8.86293364, 11.32556764, 11.60081173, 10.29813755, 11.21233255,
        6.77141118, 10.50697773, 13.14450355, 12.15960655, 13.20725264,
        7.61619655, 13.96747145, 12.05913209, 12.75945809, 14.38635555,
       11.70258018, 12.50322055, 17.02019227, 13.17943536,  8.97889964,
        8.52304318,  7.71010255, 11.81719264, 10.78700682, 12.39728309,
       11.14138091,  9.70965218,  8.93831727, 12.94915391,  8.85370727,
       10.94379482,  9.51817936,  8.30948309, 12.22308264,  8.57055436,
       10.63810282,  7.82642682, 10.678355  , 10.01751264, 11.54056909,
        6.35041236, 14.69553764,  5.81481264, 10.95183909,  7.53106418,
        8.61756182,  6.22081636,  6.76185264, 11.39630591, 11.06164682,
       11.60342764, 12.56384364, 11.41189782, 12.13375309, 10.45566445,
        3.52238136, 13.28330191, 13.950802  ,  7.48277291,  8.30437355]), 'delta_distances': array([16.92599618, 17.06266618, 15.81835764, 23.78081982, 17.54751582,
       19.75230909, 14.07296982, 14.09975091, 12.34945   , 20.053272  ,
       14.98578582, 16.873504  , 26.47077818, 18.17900436, 16.31098182,
       20.43131127, 11.96099018, 13.56038527, 16.67073145,  0.        ,
       12.34936291, 16.25740255, 18.27592327,  8.83734345, 13.23251709,
       14.81413418, 12.31962927, 18.07208491, 13.45023927, 10.80435382,
       20.27727673, 16.41967473, 15.53147327, 12.92199855, 11.96960164,
       16.90347309, 16.90843636, 16.181348  , 12.93043782, 16.75252473,
       22.74340255, 13.92789327, 21.15705927, 17.35763509, 14.41701764,
       19.97426909, 10.05486   , 15.91139145, 15.03278109, 15.477712  ,
       13.16389891, 16.61809836, 18.67666309,  9.03327145, 12.668274  ,
       12.21156636, 11.80006236, 15.07120036, 12.734702  , 14.074862  ,
       17.59776327,  9.35106764, 12.46972455, 14.846946  , 17.81889382,
       13.94797509, 14.94569018, 14.20867364, 13.50547745, 17.99296127,
       20.88162655, 12.49427673, 15.33422145, 10.72442473, 19.62199145,
       11.73561527, 18.94207873, 10.90415873, 17.03964564, 15.065084  ,
       15.095692  , 13.37890182, 10.11769655, 15.60274909, 12.48001945,
       14.16013255, 16.58630236, 15.94433782, 15.51101727, 16.51592182,
       13.97528691, 18.24795364, 13.43590527,  8.55869709, 11.45382836,
       17.00719327, 20.083976  , 13.13502855, 18.12391291, 17.21795491,
       12.08045091, 13.84473673, 10.44281236, 15.19581309, 26.15335309,
       22.68883545, 28.38229182, 17.65806727, 19.59164327, 16.22222509,
       15.60095564, 11.56794018, 21.17028091, 15.98017709, 13.76842291,
       15.35733873, 12.69197582, 10.39685673, 21.13663655, 13.12435764,
       15.94631818, 19.45525545, 13.35667909, 15.46349   , 19.27011655,
       12.97964855, 12.37592382,  9.96554727, 24.41925509, 16.81265582,
       18.22241964, 22.56404018, 14.01573255, 16.82340673, 12.28471418,
       22.43105564, 12.48679782, 14.03627309, 19.509584  , 11.61883782,
       17.34638655, 18.04254727, 19.46248073, 17.11099945, 14.52892927,
       15.37710327, 15.09041636, 16.43390564, 13.219176  , 11.73186836,
       12.26271582, 13.54300982, 13.73576145, 14.16484927, 15.36848473,
       19.40187582, 16.99433509, 18.70482182, 15.35355891, 15.085996  ,
       11.42125055, 14.96277964, 19.47966618, 14.46272109, 15.60661618]), 'locations': array([190, 450, 316, 234, 476, 303, 205, 249, 353, 180,  85,  81, 262,
        87, 235, 451, 305, 430,  60, 245, 183, 344, 220, 346, 129, 408,
       301, 212, 198, 235, 262, 428, 422, 228, 121, 143, 369,  46, 224,
       156,  62,  12, 368, 173,  35, 438, 421, 145,   0, 170,  27, 394,
         0, 485, 288, 152, 255, 339, 478, 123,  24,  20, 276, 376,  33,
       187, 151, 210, 389, 279, 404, 480, 367, 304,  23, 389, 276, 226,
       453,  37, 181,  61,  61, 105, 335, 216,  82,  70, 330,  53, 397,
        30, 488,  52, 322, 286,   6, 169,  24, 171, 119,  48,  92, 120,
       199,  31, 248,  42, 136, 156,   7, 417, 149, 431, 238, 335, 481,
        20, 446, 159, 138, 224, 441,  57, 327, 319, 449, 201, 175, 219,
       181, 267,  11,   9, 122, 365, 205, 417, 374, 156, 297, 162, 270,
       375,  49, 205, 466, 300, 290, 192, 340, 344, 249,  36, 114, 118,
        17, 119,  58, 175, 253, 327, 136, 335, 134])}, {'ts_index': 148, 'loc': 177, 'gap': 0.8505050604494313, 'distances': array([5.91222136, 3.83837727, 5.13979955, 5.733478  , 2.23810745,
       5.64596764, 4.284874  , 4.71305982, 4.83783227, 5.72364764,
       5.95883682, 4.94052718, 5.96276818, 4.67177582, 6.73319409,
       4.36522091, 1.69192691, 4.51116927, 3.834245  , 4.02184464,
       4.98776545, 4.59905009, 4.42380545, 0.        , 2.21625636,
       5.40792209, 5.13184082, 6.32343455]), 'delta_distances': array([10.94813182, 10.63131491,  9.35736436,  9.41029309,  5.58260964,
       18.36236018, 10.22349873, 11.49211018, 10.35708545, 12.61740273,
       15.743222  ,  6.39564345, 11.66087673,  9.37775418, 12.04851   ,
       10.15009545,  7.70398345,  9.66430164,  7.18413182,  9.25424873,
        8.124642  ,  9.33012073,  7.93042455,  0.        ,  7.23542309,
       13.21082055, 10.16063109, 11.82500727]), 'locations': array([204, 262, 241, 274, 397, 251,  62, 381, 293, 180, 199, 413, 406,
       161, 167, 182,  23,  38, 134,  55, 218, 178, 134, 177,  86, 466,
       217, 152])}], 'clusters': array([2, 2, 2, 1, 0, 2, 2, 2, 1, 2, 1, 1, 2, 2, 1, 2, 2, 3, 2, 2, 0, 2,
       0, 2, 2, 2, 2, 1, 3, 2, 2, 2, 2, 0, 0, 1, 2, 0, 2, 2, 1, 2, 2, 2,
       0, 2, 2, 2, 0, 2, 2, 2, 2, 0, 2, 0, 2, 0, 2, 2, 2, 2, 2, 2, 2, 2,
       2, 1, 2, 1, 2, 1, 2, 1, 2, 0, 1, 1, 2, 2, 0, 2, 2, 2, 2, 2, 0, 1,
       2, 3, 2, 1, 1, 2, 2, 2, 2, 2, 1, 0, 2, 2, 1, 1, 2, 2, 2, 2, 3, 1,
       2, 2, 1, 2, 2, 2, 0, 0, 0, 2, 1, 2, 2, 2, 2, 2, 2, 1, 2, 2, 2, 2,
       1, 2, 1, 2, 1, 2, 2, 1, 2, 2, 2, 2, 0, 1, 2, 2, 3, 2, 2, 3, 1, 2,
       1, 2, 1, 2, 1, 1, 2, 2, 2, 2, 2, 2, 2, 2, 2, 2, 2, 2, 2, 2, 2, 2,
       2, 2, 2, 2, 0, 2, 2, 2, 2, 2, 2, 2, 2, 2, 2, 1, 2, 2, 2, 2, 0, 0,
       2, 2]), 'time': 2131.7701959609985}
lenSubsequence: 13{'RI': 0.49874371859296485, 'num_clusters': 4, 'uShapelets': [{'ts_index': 68, 'loc': 12, 'gap': 0.9726044247991359, 'distances': array([8.44384969, 7.75939938, 7.21039377, 6.877907  , 6.21945508,
       6.82814685, 6.80409223, 6.15777254, 7.32251015, 7.05275985,
       5.22496423, 5.03289769, 5.05659631, 6.79914154, 5.42027769,
       5.587525  , 6.31011954, 5.88077877, 3.77385723, 7.95776685,
       5.37139015, 7.80963892, 5.61200685, 6.48409615, 5.92458923,
       6.23285346, 7.06149231, 3.58324592, 7.267752  , 5.34902285,
       6.47527923, 5.185405  , 8.29136631, 6.01839477, 6.50638308,
       5.18549215, 7.44709069, 9.17387792, 8.56067777, 7.322399  ,
       3.84626662, 5.25740054, 4.94324623, 7.77174015, 5.44887946,
       9.336565  , 7.68603269, 8.99866631, 8.110473  , 7.56948738,
       6.68807608, 7.22558208, 7.25931654, 6.865475  , 6.39036946,
       5.96857477, 6.55752269, 9.34303377, 6.77033092, 6.79678531,
       8.33672692, 8.05601438, 7.48584077, 5.79992677, 7.50220254,
       7.17166438, 5.96605669, 6.31905946, 0.        , 5.65241469,
       8.60418646, 9.43887669, 7.972691  , 4.10283269, 7.62916   ,
       8.24146677, 6.98171215, 6.457698  , 8.94820708, 5.27848462,
       6.14374392, 7.08547877, 7.79171377, 9.13352831, 7.50179477,
       6.71205677, 6.53305492, 5.10967269, 7.08097885, 5.54363354,
       6.18232223, 8.40510485, 7.57956554, 4.98506638, 6.28293215,
       7.33443931, 8.77128377, 7.17445623, 5.45493731, 7.74972485,
       8.49040969, 6.34429015, 3.26757508, 4.57407492, 4.59396592,
       5.15383062, 6.88765908, 5.98916569, 7.73044446, 4.68600708,
       7.113358  , 9.94219762, 7.65800723, 9.26052708, 6.67282877,
       8.86994323, 5.45712846, 5.91834323, 5.95386946, 7.49174554,
       4.86479092, 5.81624608, 6.37938723, 4.82514362, 6.09229315,
       8.89444254, 8.20186631, 5.67686262, 9.04985969, 7.49889562,
       6.35374208, 7.07216977, 6.47420146, 7.987541  , 4.14542038,
       6.34024085, 4.67988377, 7.01395577, 7.51596246, 7.23571962,
       6.19903954, 6.20087331, 4.38470615, 8.47218054, 5.13706069,
       6.82673608, 7.88211192, 5.98450908, 5.84984038, 8.39943885,
       9.87573023, 6.09090992, 6.99918762, 3.29830285, 6.16548762,
       3.44536138, 6.10884092, 7.35801315, 8.70110469, 3.64300838,
       7.69567323, 6.62976123, 5.40548346, 8.77346762, 7.08069131,
       6.40617538, 4.39648769, 5.46481408, 6.11422223, 9.00509923,
       6.30734931, 6.46598123, 6.27718931, 6.52148231, 7.34983369,
       9.81590531, 4.90590369, 7.17106454, 2.87642538, 6.44092423,
       5.35746746, 6.94724438, 7.98108323, 6.83376592, 7.49124138,
       8.61243708, 5.91516577, 9.96212785, 5.44451662, 6.90865746,
       8.40510523, 5.22415146, 7.45449108, 3.99087569, 6.51873992,
       9.76372477, 9.59807608, 5.16006838, 6.92688377, 6.34428669]), 'delta_distances': array([17.74486554, 20.82514615, 19.29379985, 22.14951277, 18.39110477,
       17.59704477, 14.87602215, 17.76617169, 16.95195554, 20.795622  ,
       15.09654554, 10.60708108, 10.45819723, 19.78392385, 15.41057462,
       13.99835846, 18.15560738, 17.060844  , 12.66723354, 23.26127862,
       15.02060631, 22.57878138, 16.94455292, 15.52332262, 20.066628  ,
       15.52306446, 19.00007123, 10.65599354, 18.19712662, 14.52750769,
       17.44495662, 16.39699938, 20.07326277, 17.61337154, 20.75480215,
       13.28505277, 17.84415631, 18.30839308, 20.318598  , 19.95305231,
       12.20718569, 17.05553646, 18.07689231, 20.78518492, 15.359068  ,
       23.47803431, 21.835092  , 16.38598323, 19.92902092, 20.85422031,
       14.65783738, 14.08237846, 22.44896523, 19.91714846, 19.17327431,
       15.07568569, 17.32602354, 20.02740354, 20.45514615, 24.46787923,
       20.04922692, 15.53035585, 17.71731385, 18.08369354, 17.21196985,
       14.81958585, 18.77047523, 19.42552354,  0.        , 13.22800292,
       18.46811415, 20.60532969, 23.43597492, 12.47897631, 17.63230031,
       14.04939462, 14.06979462, 17.76165985, 24.70632385, 14.92323892,
       16.51823431, 21.65809031, 17.58247846, 19.76946077, 16.72549862,
       17.58321385, 17.89786185, 14.15425277, 20.54833431, 13.97901292,
       16.37245492, 20.44653738, 17.35559754, 12.77090892, 18.89473354,
       20.58416738, 18.92682415, 20.30603477, 16.57944492, 20.75959585,
       20.50364185, 17.23526908, 10.46107015, 14.41093369, 17.53010415,
       14.61352354, 18.03088969, 21.67795831, 20.93341569, 13.79268415,
       20.08411123, 23.82847923, 18.72860231, 24.28646923, 18.16878354,
       19.21131092, 17.88822769, 19.20069738, 18.53503615, 18.85431815,
       11.63958708, 13.36473154, 17.27910954, 14.68399754, 15.93857492,
       22.61601692, 20.38907015, 11.74127538, 21.88805969, 19.68631262,
       16.48412215, 19.72434046, 18.14513877, 20.34921754, 14.99740369,
       20.72532123, 16.42150585, 22.31846246, 20.68124908, 16.90531723,
       16.07978538, 16.306848  , 11.50471169, 20.42135431, 13.50754538,
       19.70509985, 22.255888  , 17.73045092, 18.39342677, 19.15205277,
       22.12747431, 16.43886508, 17.45865985, 11.99242031, 20.16088908,
       13.05188046, 19.67264415, 18.16723892, 19.82845477, 13.66717569,
       20.45594323, 15.88940169, 19.97339415, 20.44624215, 15.10773692,
       19.16036985, 13.77710369, 16.39520092, 16.75105108, 21.92848954,
       16.06489277, 20.20419169, 16.83466723, 22.63503077, 18.77587892,
       21.86009631, 12.84490277, 20.10979954, 11.07948446, 17.80594985,
       16.78429938, 20.54495862, 19.06194462, 18.97259554, 19.074554  ,
       22.42157708, 14.77199308, 24.06904985, 17.39783369, 18.65421185,
       22.11544246,  9.71203446, 22.36920569, 15.16075569, 15.80702415,
       20.23327631, 24.74366754, 17.99179938, 20.98641031, 14.45958046]), 'locations': array([412, 333, 176, 235, 406, 151,  44, 338, 397, 343, 203,  52, 236,
        12, 482, 435, 478,  50, 128, 214, 335,  59, 234, 353, 337, 358,
       114, 238,  88, 459, 257, 158, 187, 307, 244, 242,  95, 430, 145,
       345, 339, 114, 365,  40, 215,  17, 130, 103, 302, 205, 406, 138,
       421,  87, 261, 451, 401, 451,  43, 482, 242, 273, 215, 219, 412,
       257, 291,  11,  12, 201, 452, 349, 418, 382, 226, 282, 446, 322,
       275, 360, 375,  14, 127, 123, 206, 416, 410, 275, 257,  47, 160,
       259, 467, 308, 191, 361, 374,  79, 383, 326, 343, 376, 210, 167,
       390, 384, 406, 295, 201, 432,  38,  32, 208, 401,  50, 175,  87,
       463,  53, 411, 403, 148, 312,  70, 172, 235,  25, 359, 427, 424,
       290, 124, 338, 303, 373,   3, 431,  83, 270, 482, 451,  24, 363,
       402, 202, 477, 401, 132, 253,  95,  58, 103, 483, 141,  74, 444,
       135, 264, 134,  30, 226,  92,   5, 397, 486, 205, 358, 368, 444,
       167, 153, 428, 308, 479, 467, 387,   9, 385, 440, 236, 423, 152,
       351, 218,   2, 420, 358, 341, 451, 361, 127, 303,  92, 187, 460,
       247, 187, 318, 238,  58])}, {'ts_index': 169, 'loc': 362, 'gap': 0.7711209127167011, 'distances': array([5.212867  , 5.92006585, 6.99080692, 7.27879985, 5.76024538,
       5.70097069, 7.58571185, 7.47019092, 7.07886577, 7.67867915,
       7.92937192, 5.90219946, 4.84329031, 7.47173515, 6.82629769,
       3.71523831, 6.95253738, 7.42738969, 6.37229638, 4.32468977,
       7.29928385, 5.99285846, 5.75960562, 6.93553785, 3.96809423,
       8.54158569, 4.22072462, 0.        , 6.54194077, 6.76588515,
       4.31089062, 4.99651769, 6.80022554, 7.568084  ]), 'delta_distances': array([10.65457031, 14.20437477, 14.27467154, 10.50622108, 15.28082769,
       14.02949923, 15.41302846, 14.69203815, 11.70171246, 16.04987985,
       15.81615938, 14.39032046,  8.60606292, 12.12088754, 14.71518246,
       11.92801892, 12.21457062, 19.99294969,  9.80807554, 13.66820954,
       18.53430554, 10.61754677, 11.67854615, 17.50920262,  9.854122  ,
       11.93421708,  9.63546738,  0.        , 13.13441692,  9.75954046,
       10.93601708, 12.11005846, 13.34340969, 12.615004  ]), 'locations': array([220, 448, 378, 300, 303,  27,  29,  94,  21, 484, 158, 158, 276,
       204,  34, 159, 379,  27, 403, 454, 440, 453,  64, 423, 310,  36,
       203, 362, 341, 230, 279,  86,  24, 141])}, {'ts_index': 195, 'loc': 252, 'gap': 1.4235046811414254, 'distances': array([10.57333177,  8.37402046, 15.46398362, 10.64042408, 11.58770292,
       12.37763477, 14.98850254, 16.00399592, 14.18779085, 11.801173  ,
       17.405463  ,  8.90842346, 11.04537554, 11.51889754, 11.05522569,
       11.02528362,  9.47922477,  9.09469231, 11.86877892, 10.44329815,
       14.370318  , 14.49828846, 10.01205508, 10.55030954, 10.41646885,
        0.        , 13.07476569]), 'delta_distances': array([23.18024185, 15.87255123, 15.04450538, 20.20822246, 19.72552046,
       16.98543908, 19.39129338, 18.76101031, 18.78844323, 15.48696215,
       20.19692354, 13.79787754, 22.81671123, 19.13811708, 19.11379215,
       15.96431954, 13.59195292, 15.47050246, 20.32623615, 14.90461769,
       10.47655646, 16.93636877, 14.77718492, 17.87037   , 21.67203477,
        0.        , 16.29138354]), 'locations': array([189, 300, 261, 427,  45, 108,  61, 202, 128, 416, 375,  32, 402,
        36, 396, 429,  51, 442, 154, 155, 199,  75, 161, 343,  16, 252,
       181])}, {'ts_index': 57, 'loc': 335, 'gap': 1.4934868781123063, 'distances': array([3.446077  , 0.        , 5.42954838, 2.07395231, 3.328422  ,
       3.70694862, 5.38071892]), 'delta_distances': array([11.74308277,  0.        , 10.69928323,  6.40338292,  6.34795554,
        9.78206292, 11.59620138]), 'locations': array([ 77, 335,  70, 144,   2, 318, 427])}], 'clusters': array([3, 1, 1, 1, 1, 1, 1, 1, 1, 1, 1, 1, 1, 1, 1, 1, 1, 1, 1, 1, 1, 1,
       1, 1, 1, 1, 1, 1, 1, 1, 1, 1, 3, 1, 1, 1, 1, 4, 3, 1, 1, 1, 1, 1,
       1, 3, 1, 3, 1, 1, 1, 1, 1, 1, 1, 1, 1, 4, 1, 1, 0, 1, 1, 1, 1, 1,
       1, 1, 1, 1, 4, 3, 1, 1, 1, 4, 1, 1, 3, 1, 1, 1, 1, 2, 1, 1, 1, 1,
       1, 1, 1, 3, 1, 1, 1, 1, 3, 1, 1, 1, 2, 1, 1, 1, 1, 1, 1, 1, 1, 1,
       1, 3, 1, 3, 1, 3, 1, 1, 1, 1, 1, 1, 1, 1, 1, 2, 3, 1, 3, 1, 1, 1,
       1, 1, 1, 1, 1, 1, 1, 1, 1, 1, 1, 3, 1, 1, 1, 1, 1, 4, 2, 1, 1, 1,
       1, 1, 1, 1, 0, 1, 1, 1, 1, 2, 1, 1, 1, 1, 1, 2, 1, 1, 1, 1, 1, 3,
       1, 1, 1, 1, 1, 1, 1, 1, 1, 3, 1, 2, 1, 1, 3, 1, 1, 1, 1, 3, 3, 1,
       1, 1]), 'time': 1228.491266489029}
lenSubsequence: 15{'RI': 0.49829145728643215, 'num_clusters': 4, 'uShapelets': [{'ts_index': 24, 'loc': 239, 'gap': 1.0677266156021101, 'distances': array([ 9.69552513,  6.998608  ,  8.28026467,  8.87569447, 12.51762427,
        9.91382713,  7.00038433, 11.62085687, 10.75274173,  9.6641674 ,
        9.4899868 , 11.45431487,  8.23462253,  9.93408253, 10.75930167,
       10.37890433,  8.67494807, 10.68662833, 11.08723393, 10.94768413,
       12.2997844 , 11.25342653, 12.26885613,  8.1044492 ,  0.        ,
        9.13580673,  8.82202267, 10.97447333, 12.01465513, 11.37649153,
        6.8476294 ,  8.40262747,  7.101206  , 12.07389027, 12.24233973,
       11.40443133,  8.3191928 , 11.92272993,  7.72949573,  7.31685693,
       11.01205093,  3.834913  ,  7.838821  ,  9.7191324 , 11.60351167,
       10.6747784 ,  8.78803833, 11.80798447, 13.05161193, 10.2220272 ,
        9.01939893,  8.382936  ,  7.04067773, 11.3760682 ,  8.31803287,
       13.1690482 , 12.48529607, 13.3247156 ,  9.2447402 ,  8.07942227,
       11.1455198 ,  6.17009367,  7.83909973,  4.64596373, 10.7024206 ,
        9.8935658 ,  7.55351833, 11.3854278 ,  7.31868793, 10.466868  ,
       10.0886024 , 12.63220433, 11.44904167, 12.74310193, 13.72632607,
       13.23717   ,  7.68448067, 10.3782308 ,  7.82488827,  9.02607393,
       10.45817207,  6.952962  ,  9.1628728 ,  7.61987107, 10.3783206 ,
        6.60883547, 13.81243933, 11.56116433, 10.54781793, 10.80707747,
        8.73456307,  7.4163966 , 10.75146087, 11.7354972 ,  8.938924  ,
        9.45861293, 10.844449  ,  8.19164107,  7.7468936 , 12.71809807,
        7.79577853,  6.6950228 , 11.934608  , 14.2670452 ,  7.16565587,
        9.754174  ,  6.98425287,  8.347033  ,  9.4721092 ,  8.45270187,
        7.25511127,  6.58361093, 10.59189907,  8.61597307, 10.66751467,
        8.3754254 , 12.6689464 , 12.21426667, 12.31822947, 10.71813533,
       11.27505053,  9.29917467,  8.608726  ,  9.0698536 ,  9.80637933,
        7.77815767,  7.72468927, 10.29513693, 11.28361867, 10.39342747,
       11.39527927, 10.21421247, 11.23761873,  7.13528913, 11.28917187,
        8.10465773, 12.89955153, 11.25551007,  8.04995153, 11.387887  ,
       12.12623727,  9.72703933, 12.37053447,  5.72380653, 11.3692062 ,
       10.50703653, 12.914435  , 10.8405148 , 12.6325554 , 11.97421907,
       10.44779873, 11.206547  ,  6.49535333, 10.99993687,  5.9150096 ,
        8.01043273, 10.6963668 ,  6.69245993,  8.91636547, 10.576849  ,
       10.00185453,  9.32200347,  9.0249542 , 10.89210807, 10.23333253,
        8.35328293,  7.1402078 , 11.73532633, 10.68810113,  6.59730947,
        7.1412802 ,  7.16907967,  9.58377813,  8.89996247,  9.9291214 ,
        8.84782913, 10.13692513,  8.70783493,  8.32496867,  4.66046727,
       11.80148753,  6.01166207,  9.08829987,  8.09533573,  8.0412162 ,
       11.47315013,  6.0618752 ,  9.25133713, 11.09213427,  8.72993733,
       10.1791142 ,  7.39342567,  9.81411507,  9.44599153,  9.99043033,
        3.56054607, 13.54828247, 12.4737834 ,  6.85436387,  6.13620767]), 'delta_distances': array([21.94517907, 18.707812  , 21.95380373, 18.05604787, 24.83417733,
       20.99865213, 18.687506  , 22.99781053, 23.4360768 , 22.74424293,
       23.04920613, 20.23293853, 18.36195133, 23.78437133, 25.1553972 ,
       24.57569893, 22.67961653, 21.7174272 , 29.48616467, 23.96302733,
       26.2652052 , 22.92135133, 24.34026627, 18.51009027,  0.        ,
       22.9885932 , 21.22705773, 25.39938027, 26.9902132 , 25.91703667,
       19.54708453, 19.42762787, 15.2031808 , 24.147174  , 23.33874427,
       21.65881973, 18.4617456 , 20.1485876 , 18.12297853, 18.6072204 ,
       20.82114307, 13.97190213, 19.62726573, 20.9364552 , 22.18231227,
       20.9508812 , 18.83356733, 27.16054973, 23.41905173, 21.9733488 ,
       22.73543827, 20.3773716 , 18.29065493, 23.96249693, 20.49525667,
       25.8440956 , 23.66635627, 28.5502012 , 23.96110307, 19.38194307,
       23.85498067, 16.60692893, 19.53667813, 16.17521973, 22.58250373,
       22.32482467, 22.12219707, 28.02049813, 22.99933213, 23.62539627,
       24.6651864 , 24.5550172 , 23.39491867, 22.77633427, 24.90726187,
       25.89224413, 20.950472  , 22.4647288 , 20.01791307, 20.36875347,
       25.4533308 , 21.13171933, 22.24936627, 20.1060288 , 21.4052764 ,
       20.50240693, 25.76282093, 25.86899133, 20.31590253, 21.6463028 ,
       20.89490253, 16.0148416 , 25.84942733, 23.57900707, 18.6773492 ,
       21.11063827, 24.82186107, 22.81258507, 22.9942676 , 23.18869573,
       17.47797667, 19.3967848 , 28.03905107, 23.98296907, 16.52619933,
       22.59865547, 22.41998347, 20.54168973, 20.61346587, 20.82936827,
       17.5790944 , 18.63741947, 22.40477173, 22.00562907, 23.62289547,
       20.67866533, 28.8696784 , 26.98771613, 23.8655376 , 26.89158027,
       21.38952707, 21.23250027, 21.506556  , 19.4958436 , 24.85655493,
       19.97970787, 21.2984296 , 22.99428773, 25.16064253, 23.4889044 ,
       23.55679987, 22.1985188 , 25.237844  , 18.99599467, 25.0391008 ,
       18.53478293, 23.63164413, 23.33479627, 19.62443413, 20.9210136 ,
       25.85236853, 20.45379867, 24.11981453, 18.11839613, 25.00101547,
       22.57826227, 24.09987747, 22.44318427, 28.09607613, 23.45529173,
       24.84629973, 22.91466427, 15.01022507, 22.7135868 , 17.78529093,
       19.62771013, 24.52057027, 18.46092133, 18.91769   , 21.7429468 ,
       22.8643876 , 20.758564  , 22.48728973, 26.9487136 , 23.7781404 ,
       22.7017208 , 16.8112236 , 27.66098933, 24.9076672 , 17.1709672 ,
       18.3817956 , 20.657018  , 23.20061587, 20.81798227, 22.04725253,
       19.78171373, 25.03141147, 20.81728373, 22.38488107, 15.95407453,
       23.49310667, 20.04607893, 22.0212672 , 19.9446988 , 20.34300693,
       25.38796853, 16.5828356 , 19.76431693, 26.9260204 , 24.13891773,
       26.7405032 , 18.4141208 , 24.369242  , 21.62013067, 20.77381587,
       10.47182373, 28.71457827, 25.5368208 , 18.44035093, 17.40119693]), 'locations': array([184, 444, 310, 180, 337, 470, 297, 199, 155, 195, 414,  94, 347,
       174,  39, 120, 411, 256,  81, 229, 235, 114, 268,  54, 239,  96,
       338, 399, 214, 420, 123, 138, 295, 190, 163, 257, 229, 256, 228,
       416, 437, 222, 115, 137, 363, 300, 362, 329, 207, 285, 362,   4,
        29, 432, 318,  86, 423,  78, 117, 388, 408, 479, 282, 146, 371,
       356, 402, 330, 117, 102, 123, 275, 257,  98, 411, 270, 230, 337,
        27, 181, 344, 204, 383,  23, 398, 474, 186, 230,  45,  17, 120,
       397,  66,  50, 220, 447,  31, 175, 216,  55,  55,  99, 464, 254,
       329, 210,  76,  64, 347,  67,  47, 391,  45,  24, 482,  46,  49,
         8, 427, 438,  24, 109, 165, 167,  42, 163,  90, 446, 236, 440,
        10,  36, 192,  87, 236, 323, 327,   1, 411, 336,   7, 425, 232,
       329, 379, 263, 113, 301, 171, 132, 260, 202,  82, 473, 256, 321,
       183, 313, 230, 223, 443, 195, 169, 200, 175, 261,   5,  78, 116,
       359,   7, 182, 368, 150, 160, 156, 264, 172,  43, 199, 460, 294,
       284, 186, 334, 375, 243,  30, 140, 483,  11,  56, 113, 182,  82,
       247, 138,  58, 329, 128])}, {'ts_index': 151, 'loc': 286, 'gap': 1.0497761315047178, 'distances': array([ 9.9545172 , 10.4776046 ,  9.5239276 ,  4.83657867, 11.48221547,
       11.84275667, 10.15776293,  9.6998582 , 13.28247333, 11.53412173,
       15.09428867,  8.5038162 , 12.2261494 , 12.89859787, 12.552513  ,
       10.28697707,  9.51092413, 14.95642713, 12.8018842 , 10.35578693,
       10.77602287,  9.1315778 , 13.77210367,  9.06564947, 12.7826234 ,
        8.99463547,  9.35839513, 14.388346  , 13.11293707, 11.9801048 ,
       12.59543033, 14.08649653,  9.97097647, 13.86819693, 12.0121648 ,
       11.45289527, 12.63309   , 10.292664  ,  8.986136  ,  9.7896696 ,
       11.16022513, 12.02347107,  6.32775427, 14.08465993,  9.7223872 ,
       14.56281747, 10.21347867, 12.7984034 ,  9.62329447, 12.3115898 ,
       13.9404488 ,  9.51127413, 13.33424153, 11.13674007, 11.35938513,
       11.57482513,  8.7175638 , 10.08825267, 11.67249093, 14.95822727,
       11.12561327,  7.8406968 , 12.80610293, 10.83978393, 12.87450567,
        8.46424693, 10.7526802 , 11.59056107, 13.0679036 , 12.68480133,
       12.65056427,  9.63405333,  9.50498647, 10.0232778 ,  5.80902753,
       10.69885273, 10.90057113, 12.4790154 ,  9.5831604 , 10.20001053,
       10.65869153, 14.07519547, 13.62744393,  9.46685493, 10.04821307,
        9.83422953, 10.90238447,  0.        ,  7.0152776 , 10.47235533,
        7.58044187, 10.24254887, 13.97588593, 10.90453993, 10.3647538 ,
       11.76667753, 11.7251252 , 15.42203173, 10.9785026 , 13.50015287,
       13.98943073, 12.51699067, 11.98727987, 12.44441093,  9.38700687,
       13.2494972 ,  8.11170047]), 'delta_distances': array([19.0536916 , 15.57796787, 14.3544124 , 11.51324813, 15.70172947,
       19.79576053, 14.80759253, 12.3923112 , 15.65362587, 16.32058733,
       19.7483636 , 12.26423973, 13.78428453, 13.82501293, 13.40411427,
       14.35688173, 12.0499272 , 15.8767984 , 14.7085568 , 16.60802107,
       16.3270164 , 14.99571467, 12.4626244 , 13.13983653, 17.41876707,
       16.378868  , 15.6000208 , 14.64232253, 15.08070453, 16.62384067,
       19.00740987, 17.453882  ,  9.58493013, 22.54967947, 16.2106536 ,
       14.6160864 , 10.3000408 , 12.81489307, 15.10021867, 15.38041227,
       13.1080708 , 16.52066147,  9.51524613, 13.73412573, 12.28887973,
       16.13198613, 11.5527312 , 14.0724268 , 14.0905604 , 18.26877613,
       15.90102133, 12.3214924 , 15.9690176 , 13.89081093, 12.7409492 ,
       15.0670676 , 12.72010453, 14.85202307, 17.36827973, 12.0984692 ,
       15.49278827, 12.31652613, 17.85680973, 16.580698  , 12.7370848 ,
       15.3075696 , 19.92719267, 14.7583104 , 17.24533773, 11.92509533,
       11.11343547, 14.13549027, 15.8406688 , 17.95958347, 14.26811413,
       14.2814256 , 17.70723667, 18.2787356 , 14.91315973, 14.5360756 ,
       13.37055533, 13.62954627, 13.661214  , 14.897524  , 13.8896892 ,
       14.52368227, 19.18911293,  0.        , 14.00822907, 12.49547373,
       11.81976973, 17.7344532 , 14.63412787, 14.022872  , 16.76815293,
       10.44585307, 14.9107452 , 18.49555293, 11.0938556 , 15.54977467,
       14.30896147, 20.6403488 , 16.0904736 , 19.6599556 , 16.12388373,
       16.1996628 , 12.68426493]), 'locations': array([346,  62,  51, 215, 403,  21, 322,  18,  61, 310, 169, 134,  98,
       435,  65,  80, 292, 107, 118, 232, 427,  23, 323, 245, 417, 350,
       444, 318, 429,  57,  93, 434, 395, 299, 217,  51, 263,  17, 207,
       461, 312, 377, 388, 345, 288, 421, 441,  25, 262, 427,  87, 198,
       473, 314, 380, 182, 216, 289,  16,  29, 127,  77, 101, 107, 322,
       192, 178, 316, 433, 145, 211, 130,  91, 386,  32, 368, 173, 457,
       137, 109, 211, 401,  13, 138,   4, 338,  24, 286,  91, 141,  36,
        95, 270, 306, 158, 152, 317, 388, 201, 211, 426, 457, 425,   7,
       232, 183, 324])}, {'ts_index': 163, 'loc': 128, 'gap': 0.9269789770467005, 'distances': array([5.16333387, 5.03486227, 4.71912427, 5.48157213, 3.84953887,
       5.6013226 , 5.25325093, 6.174681  , 5.7426554 , 2.26528973,
       5.4929022 , 6.60626047, 6.52110133, 5.40330613, 0.        ,
       4.16795333, 5.0706856 , 2.73783533]), 'delta_distances': array([ 8.25067227,  9.11692813,  9.81951067,  8.28818147,  7.46267507,
       12.85389133, 13.06912347, 12.07132027, 12.5711008 ,  7.11715267,
       11.54570347, 13.7899268 , 12.2308228 , 10.84542227,  0.        ,
       12.17101413,  8.4770628 ,  8.03675413]), 'locations': array([302, 460, 183, 416, 341,  73, 344, 195, 349,  16,  78,  57, 275,
        93, 128, 136, 472, 350])}, {'ts_index': 14, 'loc': 483, 'gap': 1.4312594210736993, 'distances': array([0.        , 5.98363447, 7.4896966 , 7.95803467, 6.229726  ,
       8.63244753, 4.323675  , 3.5037114 , 5.081501  , 4.48116427,
       2.98005247, 5.07769967, 5.92068593]), 'delta_distances': array([ 0.        , 10.25835693, 10.27949293, 11.09424693, 12.4849064 ,
        7.85323987, 10.7151884 , 13.42891627, 11.87431133, 14.215602  ,
        9.87348693, 10.37492213, 10.62845987]), 'locations': array([483,  51, 228, 111, 452, 222, 376, 289, 468, 209, 466, 277, 481])}], 'clusters': array([2, 1, 1, 1, 2, 2, 1, 2, 2, 2, 1, 2, 1, 2, 4, 2, 1, 4, 2, 2, 2, 2,
       2, 1, 1, 1, 1, 2, 0, 2, 1, 1, 1, 2, 2, 2, 1, 0, 1, 1, 2, 1, 1, 2,
       2, 2, 1, 3, 2, 2, 1, 1, 1, 2, 1, 4, 2, 0, 1, 1, 2, 1, 1, 1, 2, 2,
       1, 2, 1, 2, 2, 2, 2, 2, 4, 2, 1, 4, 1, 1, 2, 1, 1, 1, 2, 1, 2, 2,
       3, 2, 1, 1, 4, 2, 1, 1, 2, 1, 1, 2, 1, 1, 2, 2, 1, 2, 1, 1, 1, 1,
       1, 1, 4, 1, 2, 1, 2, 2, 2, 2, 2, 1, 1, 1, 2, 1, 1, 2, 2, 2, 2, 2,
       2, 1, 2, 1, 2, 2, 1, 2, 2, 2, 2, 1, 2, 4, 4, 2, 2, 2, 2, 2, 1, 2,
       1, 1, 2, 1, 1, 2, 2, 1, 1, 3, 2, 1, 1, 2, 2, 1, 1, 1, 2, 1, 3, 1,
       2, 1, 1, 1, 4, 1, 1, 1, 1, 3, 1, 1, 2, 1, 2, 1, 2, 1, 2, 1, 2, 2,
       1, 1]), 'time': 1516.3457276821136}
