lenSubsequence: 8{'RI': 0.5990452261306533, 'num_clusters': 3, 'uShapelets': [{'ts_index': 66, 'loc': 186, 'gap': 0.07179146020939925, 'distances': array([0.3257519 , 0.22792069, 0.31869735, 0.30552218, 0.14819194,
       0.32726432, 0.22558869, 0.23455819, 0.16043799, 0.29284572,
       0.32428339, 0.18423319, 0.10456344, 0.32827642, 0.30108098,
       0.32837519, 0.22756804, 0.32021166, 0.326968  , 0.31744271,
       0.32628379, 0.3280778 , 0.28508658, 0.31648172, 0.23963744,
       0.22200301, 0.32670744, 0.32620261, 0.31668087, 0.32535448,
       0.32834575, 0.28996603, 0.22341838, 0.22271007, 0.32497655,
       0.32725802, 0.16567965, 0.1693739 , 0.32845618, 0.31684808,
       0.32762552, 0.32901082, 0.31714924, 0.27791525, 0.32384508,
       0.26980399, 0.09509785, 0.32642258, 0.21539644, 0.32521947,
       0.15930386, 0.32375111, 0.31877437, 0.21192095, 0.31795356,
       0.18474512, 0.31769546, 0.31960941, 0.32812564, 0.3279793 ,
       0.32716988, 0.15845365, 0.32204762, 0.3276554 , 0.32753409,
       0.31976166, 0.        , 0.06804391, 0.29873479, 0.23432402,
       0.22054166, 0.31586167, 0.32725849, 0.32743015, 0.20353169,
       0.17268319, 0.32033726, 0.326214  , 0.2149514 , 0.15615542,
       0.15581703, 0.31767222, 0.31884983, 0.32041788, 0.23366565,
       0.18874213, 0.32419812, 0.32746074, 0.23854826, 0.26405155,
       0.31876455, 0.32012498, 0.22895712, 0.21426779, 0.31869552,
       0.32811653, 0.32751375, 0.32531026, 0.32250915, 0.32489951,
       0.08464673, 0.32338175, 0.32063728, 0.32642191, 0.17158742,
       0.22405545, 0.32734518, 0.23432596, 0.32265779, 0.32821085,
       0.32797546, 0.32867673, 0.32640528, 0.21552301, 0.32222898,
       0.17429482, 0.32806969, 0.22029695, 0.21177867, 0.3260747 ,
       0.31234292, 0.31444446, 0.23565618, 0.11418197, 0.3199366 ,
       0.32344883, 0.31566244, 0.32167016, 0.3228886 , 0.32746956,
       0.32094332, 0.13044394, 0.21569757, 0.21465723, 0.1314254 ,
       0.30545778, 0.23210622, 0.2505996 , 0.126923  , 0.31451855,
       0.32558662, 0.3247453 , 0.32345899, 0.20804977, 0.32476167,
       0.31103816, 0.31742342, 0.32224301, 0.32706331, 0.1527191 ,
       0.15311604, 0.32458094, 0.32221459, 0.2244725 , 0.32458538,
       0.21200688, 0.13725415, 0.32120288, 0.19985272, 0.22730057,
       0.32042348, 0.20065489, 0.3253966 , 0.32088952, 0.32746616,
       0.20831338, 0.23910687, 0.31062062, 0.32148601, 0.32702945,
       0.22093971, 0.32436776, 0.32554738, 0.14032354, 0.20685826,
       0.32546857, 0.29473236, 0.31265533, 0.19854042, 0.32316981,
       0.23392886, 0.31461284, 0.31791099, 0.32052602, 0.32097388,
       0.32793516, 0.32158816, 0.15200202, 0.32706668, 0.3201409 ,
       0.3182345 , 0.17105188, 0.31376309, 0.23924087, 0.31345253,
       0.31272854, 0.314165  , 0.32812827, 0.31787534, 0.32482343]), 'delta_distances': array([0., 0., 0., 0., 0., 0., 0., 0., 0., 0., 0., 0., 0., 0., 0., 0., 0.,
       0., 0., 0., 0., 0., 0., 0., 0., 0., 0., 0., 0., 0., 0., 0., 0., 0.,
       0., 0., 0., 0., 0., 0., 0., 0., 0., 0., 0., 0., 0., 0., 0., 0., 0.,
       0., 0., 0., 0., 0., 0., 0., 0., 0., 0., 0., 0., 0., 0., 0., 0., 0.,
       0., 0., 0., 0., 0., 0., 0., 0., 0., 0., 0., 0., 0., 0., 0., 0., 0.,
       0., 0., 0., 0., 0., 0., 0., 0., 0., 0., 0., 0., 0., 0., 0., 0., 0.,
       0., 0., 0., 0., 0., 0., 0., 0., 0., 0., 0., 0., 0., 0., 0., 0., 0.,
       0., 0., 0., 0., 0., 0., 0., 0., 0., 0., 0., 0., 0., 0., 0., 0., 0.,
       0., 0., 0., 0., 0., 0., 0., 0., 0., 0., 0., 0., 0., 0., 0., 0., 0.,
       0., 0., 0., 0., 0., 0., 0., 0., 0., 0., 0., 0., 0., 0., 0., 0., 0.,
       0., 0., 0., 0., 0., 0., 0., 0., 0., 0., 0., 0., 0., 0., 0., 0., 0.,
       0., 0., 0., 0., 0., 0., 0., 0., 0., 0., 0., 0., 0.]), 'locations': array([107, 182, 168, 153, 181, 176,  73, 166, 150,  94, 114, 154,  71,
        12,  72, 177, 145, 105,  21,  84, 142, 207,  85, 173, 173, 160,
       174,  83,  71,  60,  83, 163,  73,  83,   2,   6,  56, 176, 165,
        98, 116, 172, 187, 159,  93, 171, 140,  83,  56, 113, 172,  51,
       218, 198, 151, 162,  65,  83, 168, 194, 128, 189, 180,  73, 180,
       153, 186, 180, 169, 149, 162, 156, 130,  78, 140, 210, 184,  73,
        77, 155, 171, 194,  95,  91, 180, 175,  59, 266, 180, 161, 169,
        46, 162,  88, 170, 163, 240, 199,  64,  92, 143, 194,  59, 177,
       152, 110,  65, 146, 115, 263, 133,  88, 112,  89,  62, 188, 229,
        91,  72,  83, 100,  86, 155, 138, 182, 197,  74,  86, 193,  99,
       188, 143,  59, 111, 171, 207, 151, 174, 137, 140, 166, 207,  98,
        79,  75,  79,  80,  71, 184, 142,  66,  81, 178, 152,  53, 156,
       143, 173, 161, 180, 100, 173,  94, 185,  34, 165,  92, 182,  62,
       123, 156, 178, 176, 145,  61,  86, 157, 181,  73, 107, 139,  89,
        88,  89,  95, 248,  99, 187, 104,  66,  75,  87,  81, 210, 169,
       191, 184,  55,  89, 165])}, {'ts_index': 34, 'loc': 155, 'gap': 0.06712176765317729, 'distances': array([0.21001734, 0.09017928, 0.10731553, 0.20394534, 0.17610667,
       0.21189117, 0.20687671, 0.08917949, 0.20228836, 0.20497372,
       0.21074754, 0.20084868, 0.20492942, 0.20885876, 0.19872145,
       0.18142361, 0.18902896, 0.21573355, 0.20818414, 0.21168278,
       0.20108538, 0.17280527, 0.        , 0.2088657 , 0.10546953,
       0.20661474, 0.21109948, 0.20305548, 0.08711439, 0.0720626 ,
       0.2112453 , 0.12986368, 0.20642965, 0.19856789, 0.20842957,
       0.10766822, 0.07611882, 0.20207055, 0.20992887, 0.20628751,
       0.2094914 , 0.20283921, 0.18488248, 0.10928264, 0.20200154,
       0.15718667, 0.09665626, 0.10891747, 0.21282913, 0.21236462,
       0.18981783, 0.20300272, 0.21063014, 0.11230568, 0.20901275,
       0.20924176, 0.20658528, 0.20498252, 0.19985077, 0.19983374,
       0.20865648, 0.09173968, 0.11324299, 0.20423052, 0.2150257 ,
       0.08521993, 0.20803124, 0.20605788, 0.21193625, 0.20897979,
       0.19954024, 0.19922356, 0.19708298, 0.21176748, 0.0590019 ,
       0.20257113, 0.21222015, 0.20889706, 0.14050504, 0.2025181 ,
       0.19195305, 0.20611027, 0.21609166, 0.19330937, 0.21333438,
       0.20218498, 0.20270388, 0.20834741, 0.20056015, 0.20800442,
       0.19485785, 0.19782995, 0.2019139 , 0.20646805, 0.21105249,
       0.21556022, 0.19912639, 0.1936489 , 0.21020831, 0.19675198,
       0.20202309, 0.21589237, 0.21178151, 0.21534644, 0.19769339,
       0.21536224, 0.21313774, 0.21098832, 0.08989117, 0.20449662,
       0.17848517, 0.18050692, 0.20192105, 0.21415654, 0.17829189,
       0.20468094, 0.19769243, 0.20211357, 0.20993006, 0.09414096,
       0.17894972, 0.20747113, 0.16526998, 0.21127773, 0.20276217,
       0.0983482 , 0.20008538, 0.20468162, 0.19497074]), 'delta_distances': array([0., 0., 0., 0., 0., 0., 0., 0., 0., 0., 0., 0., 0., 0., 0., 0., 0.,
       0., 0., 0., 0., 0., 0., 0., 0., 0., 0., 0., 0., 0., 0., 0., 0., 0.,
       0., 0., 0., 0., 0., 0., 0., 0., 0., 0., 0., 0., 0., 0., 0., 0., 0.,
       0., 0., 0., 0., 0., 0., 0., 0., 0., 0., 0., 0., 0., 0., 0., 0., 0.,
       0., 0., 0., 0., 0., 0., 0., 0., 0., 0., 0., 0., 0., 0., 0., 0., 0.,
       0., 0., 0., 0., 0., 0., 0., 0., 0., 0., 0., 0., 0., 0., 0., 0., 0.,
       0., 0., 0., 0., 0., 0., 0., 0., 0., 0., 0., 0., 0., 0., 0., 0., 0.,
       0., 0., 0., 0., 0., 0., 0., 0., 0., 0.]), 'locations': array([111, 166,  56,  71,  95,  92,  83,  70,  77, 109,  93, 190,  73,
        82,  87, 175,  83, 129, 185,  72,  73, 164, 155, 103, 109, 100,
       188, 117,  87, 157, 102, 170,  77,  86,  52, 114, 153,  72,  84,
        95,  88, 114,  79, 102,  88, 157,  79,  61,  91,  73,  89,  80,
        96,  94,  92,  63,  90, 170, 152,  78, 101,  89, 196, 166,  62,
       103,  64, 183, 100, 109, 102,  71,  76,  68,  65,  98,  83, 103,
        90, 189, 101,  76,  18,  99, 109, 191, 208, 150,  70, 100, 100,
        77, 176,  84,  72, 106,  88,  70,  63, 167, 103,  82, 187, 193,
       183,  93, 101,  91,  71,  93, 160, 182, 105, 194, 192,  93,  98,
        99,  99, 103, 169,  79,  80,  63, 195,  94, 114, 201,  73])}], 'clusters': array([0, 1, 2, 2, 1, 0, 1, 1, 1, 0, 0, 1, 1, 0, 2, 0, 1, 0, 0, 0, 0, 0,
       0, 0, 1, 1, 0, 0, 0, 0, 0, 0, 1, 1, 2, 0, 1, 1, 2, 0, 0, 0, 2, 2,
       0, 2, 1, 0, 1, 0, 1, 0, 2, 1, 2, 1, 0, 0, 0, 0, 0, 1, 0, 2, 0, 2,
       1, 1, 2, 1, 1, 2, 0, 0, 1, 1, 0, 0, 1, 1, 1, 0, 2, 0, 1, 1, 0, 0,
       1, 1, 0, 0, 1, 1, 0, 0, 2, 2, 0, 0, 1, 2, 0, 0, 1, 1, 0, 1, 0, 0,
       0, 0, 0, 1, 2, 1, 0, 1, 1, 0, 0, 2, 1, 1, 0, 0, 0, 0, 0, 0, 0, 1,
       1, 1, 1, 0, 1, 1, 1, 0, 0, 0, 0, 1, 0, 0, 0, 0, 0, 1, 1, 0, 0, 1,
       0, 1, 1, 0, 1, 1, 0, 1, 0, 0, 0, 1, 1, 0, 0, 0, 1, 0, 2, 1, 1, 0,
       0, 0, 1, 0, 1, 0, 0, 0, 0, 0, 0, 1, 2, 0, 0, 1, 0, 1, 0, 0, 2, 0,
       0, 0]), 'time': 4398.499865531921}
lenSubsequence: 10{'RI': 0.5879396984924623, 'num_clusters': 5, 'uShapelets': [{'ts_index': 37, 'loc': 78, 'gap': 0.060274494766774184, 'distances': array([0.03645574, 0.17869491, 0.14039546, 0.20005586, 0.18894133,
       0.14116151, 0.18148001, 0.2000225 , 0.20029627, 0.1667707 ,
       0.09544869, 0.17796975, 0.20001152, 0.16085296, 0.13064928,
       0.20002333, 0.20000775, 0.14725941, 0.20002806, 0.20004136,
       0.14466381, 0.08941354, 0.1663981 , 0.18015819, 0.20002221,
       0.16259621, 0.18225786, 0.04040555, 0.02611849, 0.20005151,
       0.11750431, 0.10295017, 0.18298199, 0.20015508, 0.10338191,
       0.09989585, 0.20022693, 0.        , 0.10908127, 0.07715513,
       0.15679579, 0.05077136, 0.07165245, 0.14905848, 0.20007898,
       0.04461418, 0.08742832, 0.20008176, 0.16438001, 0.20008888,
       0.01916311, 0.03055483, 0.04074084, 0.2000531 , 0.19012409,
       0.16805137, 0.20006617, 0.20005002, 0.20000915, 0.11901243,
       0.20021398, 0.20002769, 0.18315336, 0.20004742, 0.20002787,
       0.05488458, 0.0884492 , 0.20017075, 0.20002399, 0.20002019,
       0.20003314, 0.20001451, 0.06638169, 0.20003508, 0.16367512,
       0.20001969, 0.20017704, 0.17126276, 0.20008608, 0.1325582 ,
       0.20003512, 0.15118438, 0.1816514 , 0.18105241, 0.08148499,
       0.12577179, 0.18277129, 0.20017611, 0.20002138, 0.20003198,
       0.20013948, 0.04175766, 0.04104713, 0.00838503, 0.20003325,
       0.10289052, 0.20007815, 0.20006791, 0.20009296, 0.20001528,
       0.0951732 , 0.14311035, 0.14031548, 0.18218472, 0.20020757,
       0.02160663, 0.14687498, 0.20007811, 0.16208789, 0.08536138,
       0.20002696, 0.15783788, 0.16127265, 0.15648374, 0.16712608,
       0.20004654, 0.20005319, 0.1202325 , 0.20020923, 0.05754878,
       0.10924611, 0.16468634, 0.20002493, 0.11011848, 0.16028572,
       0.03972607, 0.10826966, 0.17701702, 0.04746149, 0.2000176 ,
       0.20002549, 0.20003373, 0.1310005 , 0.12326735, 0.12966263,
       0.18516501, 0.20002182, 0.19864024, 0.20002159, 0.18142345,
       0.20005136, 0.12827327, 0.15177135, 0.07342415, 0.06239452,
       0.1919914 , 0.17071624, 0.20014416, 0.20008206, 0.10834788,
       0.18287003, 0.17382806, 0.2000059 , 0.09353322, 0.200071  ,
       0.20001348, 0.11082292, 0.08020929, 0.10835972, 0.20010877,
       0.08580871, 0.1939101 , 0.20019169, 0.1069483 , 0.20000736,
       0.07395375, 0.05898195, 0.20007693, 0.20006168, 0.20009249,
       0.10663573, 0.2001685 , 0.20012876, 0.05707519, 0.20004661,
       0.15604484, 0.19581179, 0.07439014, 0.20005865, 0.17153764,
       0.08634671, 0.20007414, 0.20002826, 0.10065235, 0.17881136,
       0.12829237, 0.0664719 , 0.00940437, 0.20004516, 0.14564789,
       0.18805022, 0.20004456, 0.12747394, 0.09938306, 0.20005617,
       0.20040213, 0.18219343, 0.10942719, 0.01954041, 0.14389093]), 'delta_distances': array([0., 0., 0., 0., 0., 0., 0., 0., 0., 0., 0., 0., 0., 0., 0., 0., 0.,
       0., 0., 0., 0., 0., 0., 0., 0., 0., 0., 0., 0., 0., 0., 0., 0., 0.,
       0., 0., 0., 0., 0., 0., 0., 0., 0., 0., 0., 0., 0., 0., 0., 0., 0.,
       0., 0., 0., 0., 0., 0., 0., 0., 0., 0., 0., 0., 0., 0., 0., 0., 0.,
       0., 0., 0., 0., 0., 0., 0., 0., 0., 0., 0., 0., 0., 0., 0., 0., 0.,
       0., 0., 0., 0., 0., 0., 0., 0., 0., 0., 0., 0., 0., 0., 0., 0., 0.,
       0., 0., 0., 0., 0., 0., 0., 0., 0., 0., 0., 0., 0., 0., 0., 0., 0.,
       0., 0., 0., 0., 0., 0., 0., 0., 0., 0., 0., 0., 0., 0., 0., 0., 0.,
       0., 0., 0., 0., 0., 0., 0., 0., 0., 0., 0., 0., 0., 0., 0., 0., 0.,
       0., 0., 0., 0., 0., 0., 0., 0., 0., 0., 0., 0., 0., 0., 0., 0., 0.,
       0., 0., 0., 0., 0., 0., 0., 0., 0., 0., 0., 0., 0., 0., 0., 0., 0.,
       0., 0., 0., 0., 0., 0., 0., 0., 0., 0., 0., 0., 0.]), 'locations': array([224, 131, 223, 177, 253, 233,  24,  26,  18, 223, 225,  16, 154,
       234,  25, 116, 164, 251,  37,  77, 198, 254, 220, 262,  83, 158,
        14, 259, 243,  62,  26, 232, 249,  49, 200, 231, 148,  78, 235,
       222, 241, 256, 262, 158, 133, 241,  54,  69,  29,  73,  77,  21,
       118,  46,  44,  83,  61,  59,  94, 153, 228, 213,   5,  16, 131,
        68, 159, 147, 154,   0,  12,  64, 227, 200,  69, 117,  91, 239,
       164, 243, 156, 105,   6, 115,   1, 140,  11,  44, 150, 154,  32,
       225,  63,  92,  70, 166,  92,  16,  80, 113,  70,  83,   6, 263,
        84, 239,  36, 178, 176, 193, 121, 184, 222, 206,   6,  77, 148,
       242,  43,  21, 222, 249,  91, 234,  94, 245, 193,  71, 251, 125,
        98, 126,  23, 228,  71, 167, 186,   3, 184, 132, 168, 231, 230,
       167, 230, 127, 226,  79,  92,  56, 242, 255,  74, 151, 242,   5,
        49, 236, 160, 208, 246, 164, 129,   2, 195,  83, 238, 185, 106,
        76, 207, 135,  15,  59, 214, 201,  41,  81, 148, 253,  54, 196,
       228, 238, 230, 236, 258,  93, 105,  92, 244, 154,  58, 256,  95,
       229, 140, 211, 149, 113])}, {'ts_index': 124, 'loc': 94, 'gap': 0.04574456825518536, 'distances': array([0.13087099, 0.03698781, 0.20012954, 0.09020143, 0.05769778,
       0.0850183 , 0.20029742, 0.200136  , 0.11173757, 0.07413235,
       0.06307391, 0.20014826, 0.03979979, 0.08603335, 0.16000684,
       0.20011773, 0.16633339, 0.2000753 , 0.20001274, 0.04818554,
       0.06676463, 0.08816416, 0.15686471, 0.14255519, 0.20011496,
       0.16102506, 0.16813985, 0.20005161, 0.13646593, 0.19398142,
       0.20018351, 0.10539054, 0.16596598, 0.12826204, 0.08672689,
       0.07183344, 0.07450105, 0.19309821, 0.18936879, 0.12057907,
       0.14778535, 0.19421327, 0.16851462, 0.12222677, 0.19724965,
       0.20014451, 0.18807742, 0.0871453 , 0.200103  , 0.2001355 ,
       0.2000446 , 0.20007181, 0.20004589, 0.09795919, 0.19510652,
       0.20018111, 0.10187137, 0.13932902, 0.09085609, 0.20032417,
       0.09919185, 0.20005728, 0.20034499, 0.09924152, 0.20016794,
       0.13457388, 0.19892963, 0.01512047, 0.08925587, 0.16112317,
       0.13277543, 0.07197507, 0.20012265, 0.20015409, 0.1970175 ,
       0.18299371, 0.07227204, 0.15801907, 0.20054046, 0.1786988 ,
       0.20009051, 0.11858088, 0.14617329, 0.1253011 , 0.10614027,
       0.08078254, 0.2000337 , 0.09585525, 0.20006352, 0.04935289,
       0.13762566, 0.14384432, 0.1518764 , 0.04042238, 0.16743938,
       0.20003204, 0.16436216, 0.15795414, 0.20036531, 0.12405957,
       0.13642555, 0.16160893, 0.14066135, 0.        , 0.10783527,
       0.04420406, 0.13453945, 0.11239449, 0.14333327, 0.05325166,
       0.05975604, 0.20031457, 0.20012375, 0.12057343, 0.16115842,
       0.20034582, 0.12887668, 0.20004766, 0.17034858, 0.15408408,
       0.15950054, 0.07898162, 0.20001695, 0.17466178, 0.09640003,
       0.16531879, 0.08680447, 0.15465257, 0.17817666, 0.1707331 ,
       0.20002873, 0.08204643, 0.13841681, 0.18255326, 0.19519717,
       0.20015109, 0.16796004, 0.19878244, 0.2001429 , 0.20018926,
       0.13351836, 0.09913593, 0.20008537, 0.20004537, 0.2001351 ,
       0.1635864 , 0.20009504, 0.0863011 , 0.03416425, 0.19994494,
       0.20009386, 0.07831571, 0.14527268, 0.17811898, 0.20000942,
       0.1883727 , 0.1183365 , 0.20011837, 0.0858409 , 0.07291049,
       0.13091045, 0.20025795, 0.13985442, 0.16240261, 0.1164292 ]), 'delta_distances': array([0., 0., 0., 0., 0., 0., 0., 0., 0., 0., 0., 0., 0., 0., 0., 0., 0.,
       0., 0., 0., 0., 0., 0., 0., 0., 0., 0., 0., 0., 0., 0., 0., 0., 0.,
       0., 0., 0., 0., 0., 0., 0., 0., 0., 0., 0., 0., 0., 0., 0., 0., 0.,
       0., 0., 0., 0., 0., 0., 0., 0., 0., 0., 0., 0., 0., 0., 0., 0., 0.,
       0., 0., 0., 0., 0., 0., 0., 0., 0., 0., 0., 0., 0., 0., 0., 0., 0.,
       0., 0., 0., 0., 0., 0., 0., 0., 0., 0., 0., 0., 0., 0., 0., 0., 0.,
       0., 0., 0., 0., 0., 0., 0., 0., 0., 0., 0., 0., 0., 0., 0., 0., 0.,
       0., 0., 0., 0., 0., 0., 0., 0., 0., 0., 0., 0., 0., 0., 0., 0., 0.,
       0., 0., 0., 0., 0., 0., 0., 0., 0., 0., 0., 0., 0., 0., 0., 0., 0.,
       0., 0., 0., 0., 0., 0., 0., 0., 0., 0., 0., 0.]), 'locations': array([132, 223, 159, 253, 233, 260,  15, 109, 227,  66, 230,  92, 234,
        25, 197,  38, 251, 222,  54, 198, 227, 220, 262,   0, 166,  15,
       103,  88, 232,  13,  54, 203, 205,  28, 235, 227, 158, 202,  15,
        26,  47, 117,  44,  83, 219, 204, 228, 153, 135,   7,  60,  63,
       129, 159, 178,  36, 247,  81,  89,  40,  61,  76,  21,  64, 189,
       243, 162, 105,   6, 115, 140,  11,  78, 157,  13,  50, 222, 261,
       199, 235, 185, 170,  70,  83,   6, 206,  50, 194,   0, 175,  30,
        45,   6, 206,   6, 202, 239, 136,  87,  13, 230,  37, 261,  94,
       194,  71, 248, 138, 241,  43, 179,  55,  18,  78,  40,  15, 132,
       174,   8, 230, 127, 227, 114, 256,  56, 242, 255, 234, 151, 246,
        44, 106, 160, 227, 164, 128,  41, 215, 158, 180, 262, 207, 151,
        74,  21,  61,   5,  58, 253,   9, 207, 237,  40, 224,   7,  92,
       244, 114, 257, 139, 231, 248, 140, 211,  96])}, {'ts_index': 96, 'loc': 89, 'gap': 0.039717236285615215, 'distances': array([0.08176305, 0.08986247, 0.10060405, 0.01781343, 0.21055704,
       0.07512333, 0.07432194, 0.08529031, 0.06375689, 0.08303349,
       0.09638679, 0.08037798, 0.09208771, 0.07597891, 0.09956496,
       0.08231181, 0.11497414, 0.07595369, 0.10213689, 0.20114501,
       0.07345932, 0.1431207 , 0.08232067, 0.21002644, 0.08167064,
       0.09839161, 0.07204563, 0.07204472, 0.1077011 , 0.1403362 ,
       0.07593813, 0.13280298, 0.07958326, 0.0837062 , 0.08202666,
       0.08129875, 0.20144376, 0.06740954, 0.03826878, 0.07639142,
       0.09385491, 0.10260407, 0.02272858, 0.07863035, 0.07803087,
       0.03962717, 0.08000484, 0.0833932 , 0.11262215, 0.08121268,
       0.08008533, 0.13353041, 0.17402306, 0.        , 0.09041639,
       0.07963939, 0.08538373, 0.08089368, 0.08117225, 0.08560289,
       0.09047805, 0.17715051, 0.07869453, 0.09260027, 0.06111546,
       0.07582975, 0.11181657, 0.05601715, 0.08497595, 0.20327603,
       0.10113233, 0.06835404, 0.00742646, 0.07271164, 0.07701873,
       0.09373724, 0.08340123, 0.13704793, 0.09820008, 0.02726959,
       0.07880719, 0.08471311, 0.07539828, 0.20509708, 0.08844574,
       0.19567783, 0.07360663, 0.07973146, 0.08561132, 0.07515648,
       0.08013935, 0.07977281, 0.02437331, 0.08167754, 0.11412471,
       0.10135755, 0.07851432, 0.08553723, 0.1942206 , 0.07389886,
       0.07872496, 0.08329079, 0.14630147, 0.03498056, 0.09986573,
       0.07809779, 0.20395904, 0.08273463, 0.1100332 , 0.10016337,
       0.08995344, 0.03873801, 0.09044125, 0.17721813, 0.10692097,
       0.13615433, 0.1420227 , 0.02986825, 0.12665238, 0.07324293]), 'delta_distances': array([0., 0., 0., 0., 0., 0., 0., 0., 0., 0., 0., 0., 0., 0., 0., 0., 0.,
       0., 0., 0., 0., 0., 0., 0., 0., 0., 0., 0., 0., 0., 0., 0., 0., 0.,
       0., 0., 0., 0., 0., 0., 0., 0., 0., 0., 0., 0., 0., 0., 0., 0., 0.,
       0., 0., 0., 0., 0., 0., 0., 0., 0., 0., 0., 0., 0., 0., 0., 0., 0.,
       0., 0., 0., 0., 0., 0., 0., 0., 0., 0., 0., 0., 0., 0., 0., 0., 0.,
       0., 0., 0., 0., 0., 0., 0., 0., 0., 0., 0., 0., 0., 0., 0., 0., 0.,
       0., 0., 0., 0., 0., 0., 0., 0., 0., 0., 0., 0., 0., 0., 0., 0., 0.,
       0.]), 'locations': array([184, 124,  34,  60, 221,  90, 114, 246, 112, 222,  98,   2,   7,
       170, 125,  83, 153, 251,  46, 255, 121, 193,   9, 154, 113, 136,
       224,  80, 188,  83,  36,  65,  76, 117, 123,  74, 175, 197,  79,
       224, 147,  15,  88,  21, 124,  77, 108,  44,  39,  11, 191, 128,
        48,  89, 154, 143,  47, 208,  82,  83, 170, 138, 146,  79,  65,
         1,  41,  91,   8,  15,  33,  68,  52,  33,  40, 118,  27,  83,
        50,  85, 113,  24,  95,  13,  23, 185, 136, 161, 132,   9,  28,
       145,  69,  24,   2, 179, 177, 128,   0, 233, 174, 177, 133,  71,
        73,  26, 224,  28, 177, 134,  46, 103, 103,  14, 141,  99,  50,
        94,  20,  56])}, {'ts_index': 135, 'loc': 164, 'gap': 0.04935850937404887, 'distances': array([0.01572326, 0.13535107, 0.03174891, 0.05879096, 0.02796519,
       0.04347185, 0.16249294, 0.0351708 , 0.06492019, 0.05011446,
       0.08268267, 0.        , 0.03564828, 0.06749487, 0.16845899,
       0.11031538, 0.07757559, 0.06273972, 0.04344524, 0.07845607,
       0.06090693]), 'delta_distances': array([0., 0., 0., 0., 0., 0., 0., 0., 0., 0., 0., 0., 0., 0., 0., 0., 0.,
       0., 0., 0., 0.]), 'locations': array([102, 181, 143, 109,  84, 176, 105, 126, 109,  66,  14, 164,  34,
        40,  95, 131,  40,  11, 128, 177, 114])}, {'ts_index': 33, 'loc': 163, 'gap': 0.0390392197189601, 'distances': array([0.        , 0.1278723 , 0.08883308, 0.17697726]), 'delta_distances': array([0., 0., 0., 0.]), 'locations': array([163, 100, 105,  81])}], 'clusters': array([1, 3, 2, 3, 2, 2, 2, 3, 3, 4, 2, 2, 3, 2, 2, 3, 3, 3, 3, 3, 2, 2,
       2, 3, 3, 3, 3, 1, 1, 3, 3, 3, 3, 5, 2, 3, 4, 1, 2, 1, 2, 1, 1, 2,
       3, 1, 1, 4, 3, 3, 1, 1, 1, 3, 3, 3, 4, 3, 4, 2, 3, 3, 3, 3, 0, 1,
       2, 3, 3, 2, 3, 2, 1, 3, 2, 3, 3, 2, 3, 3, 3, 2, 2, 3, 1, 3, 2, 3,
       3, 3, 4, 1, 1, 1, 2, 4, 3, 3, 3, 3, 3, 3, 2, 2, 3, 1, 2, 3, 2, 1,
       4, 3, 3, 2, 3, 3, 3, 3, 3, 1, 4, 3, 3, 3, 2, 1, 2, 2, 1, 3, 3, 3,
       2, 2, 3, 4, 3, 3, 3, 3, 3, 4, 3, 1, 1, 4, 2, 3, 3, 2, 3, 2, 3, 3,
       3, 3, 2, 1, 3, 3, 1, 3, 3, 3, 5, 1, 1, 3, 3, 3, 2, 0, 3, 1, 3, 3,
       4, 1, 2, 2, 1, 3, 3, 2, 3, 3, 1, 1, 3, 3, 4, 3, 2, 2, 4, 4, 3, 4,
       1, 3]), 'time': 5798.036035776138}
lenSubsequence: 13{'RI': 0.4042713567839196, 'num_clusters': 4, 'uShapelets': [{'ts_index': 55, 'loc': 72, 'gap': 0.03530401011591924, 'distances': array([0.04008864, 0.01572481, 0.12058199, 0.05176463, 0.00713137,
       0.03606938, 0.05133566, 0.05702301, 0.03147658, 0.12131508,
       0.09105165, 0.13532826, 0.141151  , 0.14539855, 0.03851905,
       0.13661633, 0.07214649, 0.0757192 , 0.09387681, 0.01853906,
       0.06382964, 0.05298524, 0.12329375, 0.01310313, 0.05423707,
       0.0643598 , 0.06989574, 0.05810123, 0.09682339, 0.05237083,
       0.07639839, 0.11911673, 0.0707366 , 0.12084985, 0.10098699,
       0.11129688, 0.04610395, 0.06283262, 0.10746136, 0.07717794,
       0.02273154, 0.03076947, 0.11294847, 0.08524729, 0.05195763,
       0.04321198, 0.00792992, 0.11970407, 0.098842  , 0.02367862,
       0.0396979 , 0.03524616, 0.03816897, 0.08441915, 0.04041331,
       0.        , 0.10632426, 0.02039424, 0.02926623, 0.05054488,
       0.06233437, 0.00874026, 0.0438222 , 0.05392131, 0.04870655,
       0.01622611, 0.04687156, 0.06964751, 0.10214053, 0.01198127,
       0.0049181 , 0.04595564, 0.02940009, 0.07962994, 0.00576911,
       0.05207489, 0.04800124, 0.14976347, 0.04129887, 0.08587655,
       0.04571834, 0.06349005, 0.09677013, 0.01549983, 0.07221258,
       0.04318573, 0.10009278, 0.00788935, 0.00741525, 0.09136568,
       0.05872995, 0.03310396, 0.0160533 , 0.03925985, 0.13776213,
       0.11953611, 0.0349628 , 0.02719105, 0.0431664 , 0.07859568,
       0.06512909, 0.12993418, 0.07875075, 0.11055829, 0.01484044,
       0.08919682, 0.02631115, 0.00747989, 0.05688629, 0.08553751,
       0.03797392, 0.12195156, 0.04072781, 0.08881964, 0.05665472,
       0.01608668, 0.11824073, 0.04468814, 0.06724956, 0.13221593,
       0.025819  , 0.11581712, 0.03287992, 0.10228821, 0.00429735,
       0.04523516, 0.06354013, 0.12550125, 0.07491829, 0.04363849,
       0.00880808, 0.05915074, 0.10207628, 0.05974317, 0.08893968,
       0.11672798, 0.04333763, 0.06033501, 0.00700797, 0.04005106,
       0.08353732, 0.02846762, 0.05950086, 0.04917506, 0.04952402,
       0.01353568, 0.11794711, 0.05558143, 0.03581284, 0.05628065,
       0.05777613, 0.05544841, 0.0489259 , 0.01718321, 0.07122447,
       0.05174781, 0.05993051, 0.12029633, 0.08998318, 0.01017698,
       0.0738245 , 0.10631763, 0.0399545 , 0.05108198, 0.04532229,
       0.06660943, 0.10954485, 0.00640705, 0.04849791, 0.04165234,
       0.12237668, 0.13948462, 0.05952599, 0.05823666, 0.0801946 ,
       0.05589675, 0.12119282, 0.04695526, 0.03811685, 0.06405046,
       0.1024964 , 0.07213371, 0.01691808, 0.05067882, 0.07641389,
       0.05680701, 0.08533507, 0.10802465, 0.05672526, 0.01347723,
       0.11791997, 0.05666416, 0.11061936, 0.0069817 , 0.05577004,
       0.0100924 , 0.03967078, 0.13229982, 0.00948461, 0.06393735]), 'delta_distances': array([0., 0., 0., 0., 0., 0., 0., 0., 0., 0., 0., 0., 0., 0., 0., 0., 0.,
       0., 0., 0., 0., 0., 0., 0., 0., 0., 0., 0., 0., 0., 0., 0., 0., 0.,
       0., 0., 0., 0., 0., 0., 0., 0., 0., 0., 0., 0., 0., 0., 0., 0., 0.,
       0., 0., 0., 0., 0., 0., 0., 0., 0., 0., 0., 0., 0., 0., 0., 0., 0.,
       0., 0., 0., 0., 0., 0., 0., 0., 0., 0., 0., 0., 0., 0., 0., 0., 0.,
       0., 0., 0., 0., 0., 0., 0., 0., 0., 0., 0., 0., 0., 0., 0., 0., 0.,
       0., 0., 0., 0., 0., 0., 0., 0., 0., 0., 0., 0., 0., 0., 0., 0., 0.,
       0., 0., 0., 0., 0., 0., 0., 0., 0., 0., 0., 0., 0., 0., 0., 0., 0.,
       0., 0., 0., 0., 0., 0., 0., 0., 0., 0., 0., 0., 0., 0., 0., 0., 0.,
       0., 0., 0., 0., 0., 0., 0., 0., 0., 0., 0., 0., 0., 0., 0., 0., 0.,
       0., 0., 0., 0., 0., 0., 0., 0., 0., 0., 0., 0., 0., 0., 0., 0., 0.,
       0., 0., 0., 0., 0., 0., 0., 0., 0., 0., 0., 0., 0.]), 'locations': array([105,  89, 148,  23,  78, 178,  49,  66, 104, 103, 102,  42, 175,
        28, 179, 123,  56,  99,  22,  90, 176, 174, 111,  75,  79, 158,
        68,  25, 164, 166, 134, 176, 182,  59,  41, 126, 162, 195,  40,
       142, 175, 110, 199,  61,  77,  73,  48, 119,  47,  83, 194,  51,
       115, 143,  64,  72, 120,  88, 209,  80,  81,  85,  64,  68,  88,
        63,  91,  84,  89,  57,  70,  26,  83, 105,  46, 114, 170, 161,
       146, 147,  78, 211, 116,  96,  46, 197, 160,  94,  81,  38,  71,
        50,  58,  89, 182,  87,   7, 184, 155,  45,  47,  14, 101, 165,
        61,  11,   8,  48, 214,  15, 164,  67,  96, 212,  63,  97, 189,
       175, 108, 116,  94,   8, 153,  25,  88, 101,  69, 139,  14,  31,
        92, 118, 163, 153, 168, 209, 145,  84,  47, 134, 171, 192,  98,
        80, 191,  84,  26, 152,  60,  32, 128, 161, 175,  58, 122, 155,
        49, 163, 152,  80, 199,  16, 175,  65,   0,  37, 177,  84, 152,
        60, 180,  79,  71,  32,  57, 101,  12,  21,  76, 102, 125,  75,
        94,  86,  95, 186,  87, 184,  60,  71,  82,  16, 102, 105, 166,
        91,  95,  23,  92, 163])}, {'ts_index': 31, 'loc': 69, 'gap': 0.03584418459696953, 'distances': array([0.05280136, 0.09091329, 0.02339684, 0.11511994, 0.07373341,
       0.06557443, 0.06964425, 0.        , 0.0161739 , 0.11738188,
       0.00773222, 0.09884084, 0.06993223, 0.07830427, 0.07102958,
       0.09774388, 0.08588922, 0.06079184, 0.06202359, 0.0962145 ,
       0.07480338, 0.10096699, 0.08367167, 0.1302311 , 0.0981303 ,
       0.07191811, 0.0150427 , 0.0193037 , 0.08884555, 0.1012676 ,
       0.09003573, 0.09562889, 0.08573671, 0.08843647]), 'delta_distances': array([0., 0., 0., 0., 0., 0., 0., 0., 0., 0., 0., 0., 0., 0., 0., 0., 0.,
       0., 0., 0., 0., 0., 0., 0., 0., 0., 0., 0., 0., 0., 0., 0., 0., 0.]), 'locations': array([151, 189,  51, 259, 188,  83, 127,  69,  81, 187, 107,  75, 142,
        88, 261,  83, 100, 180, 104,  44, 215, 185, 229, 245, 238,  83,
        90,  64, 256, 106, 170,  59,  34, 194])}, {'ts_index': 135, 'loc': 193, 'gap': 0.04485809165285477, 'distances': array([0.10311116, 0.01892795, 0.03975385, 0.034389  , 0.08144799,
       0.11342407, 0.0947233 , 0.10981089, 0.04767281, 0.01900489,
       0.04320206, 0.03753671, 0.10847474, 0.02335369, 0.08095091,
       0.14474166, 0.14398744, 0.03805167, 0.        , 0.08951321,
       0.11417944, 0.13687682, 0.11722954, 0.10603254, 0.01764874,
       0.08518563, 0.04122327]), 'delta_distances': array([0., 0., 0., 0., 0., 0., 0., 0., 0., 0., 0., 0., 0., 0., 0., 0., 0.,
       0., 0., 0., 0., 0., 0., 0., 0., 0., 0.]), 'locations': array([123, 127, 172, 127,  75, 144,  72, 112, 131,  69, 127,  36, 134,
       175, 113, 166,  16,  97, 193,  74,  66, 178, 142,  33,  92, 158,
       132])}, {'ts_index': 116, 'loc': 95, 'gap': 0.0312506509099576, 'distances': array([0.133219  , 0.07976494, 0.10532776, 0.12416227, 0.09997552,
       0.03810925, 0.        , 0.14122225, 0.07066438, 0.10708398,
       0.02427205, 0.04345356, 0.07459399, 0.05415805, 0.05620998]), 'delta_distances': array([0., 0., 0., 0., 0., 0., 0., 0., 0., 0., 0., 0., 0., 0., 0.]), 'locations': array([236, 257, 172,   5, 143, 183,  95,  67, 106, 122,  63, 177, 145,
        34,  71])}], 'clusters': array([1, 1, 2, 1, 1, 1, 1, 1, 1, 0, 1, 2, 3, 3, 1, 3, 1, 1, 1, 1, 1, 1,
       4, 1, 1, 1, 1, 1, 1, 1, 1, 2, 1, 2, 1, 4, 1, 1, 2, 1, 1, 1, 0, 1,
       1, 1, 1, 4, 1, 1, 1, 1, 1, 1, 1, 1, 1, 1, 1, 1, 1, 1, 1, 1, 1, 1,
       1, 1, 1, 1, 1, 1, 1, 1, 1, 1, 1, 3, 1, 1, 1, 1, 1, 1, 1, 1, 1, 1,
       1, 1, 1, 1, 1, 1, 3, 3, 1, 1, 1, 1, 1, 3, 1, 4, 1, 1, 1, 1, 1, 1,
       1, 3, 1, 1, 1, 1, 4, 1, 1, 0, 1, 4, 1, 1, 1, 1, 1, 3, 1, 1, 1, 1,
       1, 1, 1, 3, 1, 1, 1, 1, 1, 1, 1, 1, 1, 1, 4, 1, 1, 1, 1, 1, 1, 1,
       1, 1, 1, 4, 1, 1, 1, 1, 1, 1, 1, 1, 2, 1, 1, 1, 2, 4, 1, 1, 1, 1,
       4, 1, 1, 1, 1, 1, 1, 1, 1, 1, 1, 4, 1, 1, 3, 1, 4, 1, 1, 1, 1, 3,
       1, 1]), 'time': 3352.9797098636627}
