lenSubsequence: 6{'RI': 0.5004266240042662, 'num_clusters': 7, 'uShapelets': [{'ts_index': 168, 'loc': 4, 'gap': 0.08713796132604767, 'distances': array([0.3245074 , 0.51731513, 0.23000537, ..., 0.27678356, 0.23592713,
       0.25465194]), 'delta_distances': array([0., 0., 0., ..., 0., 0., 0.]), 'locations': array([16, 17,  4, ...,  6,  5,  5])}, {'ts_index': 361, 'loc': 5, 'gap': 0.13801363235078667, 'distances': array([0.34470015, 0.72180784, 0.65437818, 0.69389769, 0.27670356,
       0.43947567, 0.6251277 , 0.44228023, 0.56592972, 0.3722379 ,
       0.53691332, 0.76853455, 0.40196424, 0.66608024, 0.61440947,
       0.58107668, 0.35025828, 0.45753427, 0.56392964, 0.7289715 ,
       0.6042294 , 0.57629892, 0.6216183 , 0.53532358, 0.25127381,
       0.19224796, 0.3364555 , 0.69835686, 0.51530571, 0.52463323,
       0.67299185, 0.45800855, 0.53302934, 0.31670395, 0.29681831,
       0.72680381, 0.61267528, 0.61681419, 0.69836635, 0.52763255,
       0.33751272, 0.63510203, 0.41008167, 0.58645107, 0.59312731,
       0.569953  , 0.25862027, 0.71878827, 0.55898209, 0.60226286,
       0.28204659, 0.54951724, 0.50395552, 0.69434894, 0.5377696 ,
       0.31629338, 0.47875669, 0.23469644, 0.43297707, 0.        ,
       0.50302946, 0.16048572, 0.59042682, 0.55135238, 0.25258304,
       0.7723393 , 0.51285015, 0.65211104, 0.65124513, 0.30264716,
       0.54340955, 0.69037256, 0.62661263, 0.269649  , 0.64123475,
       0.70024639, 0.63726824, 0.52538721, 0.63890925, 0.39365012,
       0.58139619, 0.6654784 , 0.77180517, 0.46192168, 0.45939495,
       0.50384083, 0.39137855, 0.49593562, 0.28251549, 0.55632866,
       0.27825368, 0.43077656, 0.23746362, 0.66701716, 0.44918281,
       0.59110845, 0.51496151, 0.60038534, 0.63537819, 0.50176428,
       0.29288066, 0.29133295, 0.392827  , 0.58941546, 0.54722644,
       0.48286253, 0.47193544, 0.70117756, 0.38542963, 0.55240919,
       0.66833867, 0.61516384, 0.4610034 , 0.52398476, 0.66298649,
       0.23949751, 0.17630561, 0.49051056, 0.62984524, 0.53054686,
       0.5468011 , 0.56550673, 0.48254784, 0.37945769, 0.21700179,
       0.29447576, 0.67364166, 0.48115451, 0.69359642, 0.33514769,
       0.34376801, 0.57467665, 0.64712072, 0.45141475, 0.65446936,
       0.24263833, 0.63084348, 0.5201849 , 0.68759403, 0.36058244,
       0.44462837, 0.35868703, 0.59295508, 0.48565623, 0.61346052,
       0.2758216 , 0.70206115, 0.14819919, 0.77066506, 0.36903429,
       0.43888517, 0.29785562, 0.6934889 , 0.62030725, 0.19732263,
       0.36803619, 0.44028144, 0.12336824, 0.74526369, 0.58130371,
       0.34636261, 0.5435105 , 0.71993019, 0.82793671, 0.51617181,
       0.41488918, 0.55428107, 0.50402268, 0.69455137, 0.55373512,
       0.22890403, 0.56598096, 0.31602369, 0.63171963, 0.52958844,
       0.44972902, 0.16408424, 0.53895019, 0.55630405, 0.70056434,
       0.61319577, 0.59784697, 0.55668024, 0.54486402]), 'delta_distances': array([0., 0., 0., 0., 0., 0., 0., 0., 0., 0., 0., 0., 0., 0., 0., 0., 0.,
       0., 0., 0., 0., 0., 0., 0., 0., 0., 0., 0., 0., 0., 0., 0., 0., 0.,
       0., 0., 0., 0., 0., 0., 0., 0., 0., 0., 0., 0., 0., 0., 0., 0., 0.,
       0., 0., 0., 0., 0., 0., 0., 0., 0., 0., 0., 0., 0., 0., 0., 0., 0.,
       0., 0., 0., 0., 0., 0., 0., 0., 0., 0., 0., 0., 0., 0., 0., 0., 0.,
       0., 0., 0., 0., 0., 0., 0., 0., 0., 0., 0., 0., 0., 0., 0., 0., 0.,
       0., 0., 0., 0., 0., 0., 0., 0., 0., 0., 0., 0., 0., 0., 0., 0., 0.,
       0., 0., 0., 0., 0., 0., 0., 0., 0., 0., 0., 0., 0., 0., 0., 0., 0.,
       0., 0., 0., 0., 0., 0., 0., 0., 0., 0., 0., 0., 0., 0., 0., 0., 0.,
       0., 0., 0., 0., 0., 0., 0., 0., 0., 0., 0., 0., 0., 0., 0., 0., 0.,
       0., 0., 0., 0., 0., 0., 0., 0., 0., 0., 0., 0., 0., 0.]), 'locations': array([ 5, 12,  4,  7,  6,  5,  7,  6,  5,  7,  5, 15,  7, 16,  5, 15,  7,
       16,  6, 16,  5,  5,  6,  6,  6,  5,  6,  7,  6,  5, 16, 16,  6,  4,
        4,  5,  7,  5, 16,  5,  7, 16,  6,  7, 15,  6,  7,  7, 17,  8,  5,
        7,  5,  4,  5,  7,  9,  6,  6,  5, 17,  5, 15, 13, 15, 16,  5, 14,
       12,  5,  7,  6, 12,  5,  5,  7, 12,  5,  5,  6,  7,  8, 14, 16, 17,
        4, 14,  4,  5, 15,  5,  6,  6, 13,  6,  7,  6, 11, 14,  8,  4,  5,
       13,  5,  6,  6,  4,  8, 16, 11, 11,  5,  6,  6, 16,  6,  5, 13, 13,
        6,  5,  7,  4,  4,  6,  5,  4,  5,  8,  5,  6,  8, 17,  5, 14,  6,
        8,  7,  6, 15, 17,  6,  7, 15, 13,  6, 11,  5, 17,  5,  5, 14,  7,
        7,  6,  5,  6,  5, 14, 16,  7,  5,  5, 16,  6,  5, 15, 17,  6,  7,
        6,  4,  5,  6, 12, 16,  6,  6, 15, 13, 17,  7,  6,  5])}, {'ts_index': 664, 'loc': 16, 'gap': 0.08347908610979049, 'distances': array([0.88597898, 0.83604922, 1.00490704, 0.98786317, 0.84519454,
       0.88924281, 0.94369395, 0.96391689, 0.84003444, 0.89751058,
       0.9854982 , 0.75183531, 0.92931359, 0.90212672, 0.82077221,
       0.94693553, 0.79276632, 0.81507203, 1.0114343 , 1.00409322,
       1.14276538, 0.67159563, 0.99950393, 0.90789684, 0.8986229 ,
       0.91967958, 0.89713978, 0.81636869, 0.91641919, 0.93101426,
       1.04472551, 0.97340766, 1.00688833, 0.590971  , 0.96141766,
       0.72963969, 0.95533854, 0.91232778, 0.86298201, 0.97074718,
       1.03066113, 0.67434969, 0.94258799, 0.72886502, 0.98409849,
       0.85582984, 0.96028822, 0.94863412, 0.84275616, 0.63447923,
       0.98279053, 0.92025019, 0.62161322, 0.89004978, 0.86666796,
       0.92862697, 0.97287157, 0.7840495 , 0.94642374, 0.58736216,
       0.93746622, 0.93423263, 0.85771204, 0.98271163, 0.98404119,
       0.96131142, 0.88158164, 1.02231435, 0.76324002, 0.45717812,
       0.80186181, 0.67605913, 0.82824684, 0.67438942, 0.80634115,
       0.82782441, 0.92369587, 0.8968847 , 1.02267061, 1.04075021,
       0.79114223, 0.69998738, 0.58881774, 0.80907231, 1.05961349,
       0.84494135, 1.00317496, 0.        , 1.03168125, 0.62563736,
       0.79406904, 0.88521521, 0.79478065, 0.92720651, 0.95162155,
       0.8930207 , 0.84107857, 0.71480378, 1.00579419, 0.64286743,
       0.92961397, 0.80476791, 0.68274808, 0.86153273, 0.7788501 ,
       0.83668843, 0.92573711, 0.62818926, 0.9560213 , 1.02104757,
       0.92409008, 0.92162981, 0.98697529, 0.81003285, 0.88463871,
       0.62605491, 0.91939929, 0.68539052, 1.06425085, 0.52890631,
       0.89848487, 0.99315154, 0.7181591 , 1.01215237, 0.71041473,
       0.8995808 , 0.94128058, 0.30698502, 1.05774805, 1.00536992,
       0.41449085, 0.91499174, 1.0840707 , 0.54647001, 0.85056478,
       1.12905455, 0.83278717, 0.7770025 , 0.84665356, 0.97324332,
       0.73738615, 0.82849519, 1.0450939 , 0.8046353 , 0.6971428 ,
       0.70663726, 0.73401315, 0.8038113 , 0.39464344, 1.00790658,
       0.96320567, 1.02289152]), 'delta_distances': array([0., 0., 0., 0., 0., 0., 0., 0., 0., 0., 0., 0., 0., 0., 0., 0., 0.,
       0., 0., 0., 0., 0., 0., 0., 0., 0., 0., 0., 0., 0., 0., 0., 0., 0.,
       0., 0., 0., 0., 0., 0., 0., 0., 0., 0., 0., 0., 0., 0., 0., 0., 0.,
       0., 0., 0., 0., 0., 0., 0., 0., 0., 0., 0., 0., 0., 0., 0., 0., 0.,
       0., 0., 0., 0., 0., 0., 0., 0., 0., 0., 0., 0., 0., 0., 0., 0., 0.,
       0., 0., 0., 0., 0., 0., 0., 0., 0., 0., 0., 0., 0., 0., 0., 0., 0.,
       0., 0., 0., 0., 0., 0., 0., 0., 0., 0., 0., 0., 0., 0., 0., 0., 0.,
       0., 0., 0., 0., 0., 0., 0., 0., 0., 0., 0., 0., 0., 0., 0., 0., 0.,
       0., 0., 0., 0., 0., 0., 0., 0., 0., 0., 0., 0., 0., 0., 0., 0.]), 'locations': array([10, 10,  9, 17, 11, 17, 13, 12, 16, 13, 16, 11, 14, 16, 13,  5, 14,
       11, 14, 17,  3, 16, 14,  4, 10, 16, 17,  4, 14, 12, 13, 12,  5, 14,
        3, 15, 15,  9, 16, 15, 12, 16, 16, 16, 16,  3,  7,  3, 17, 15,  4,
       14, 11,  2, 13, 14, 14, 11, 12, 17,  6, 15, 10, 13,  5,  4, 14, 13,
       16, 14, 15, 16, 15, 15, 13, 15, 11, 15,  5,  4, 14, 12, 16, 11, 12,
       15,  4, 16, 11, 14,  9,  9, 13,  4, 10, 14, 11, 16, 10, 12, 17, 13,
        2, 11, 12, 13,  3, 14, 17, 15, 14, 12, 15, 11, 17, 13, 15, 16, 10,
       13, 11, 14, 17, 17, 11, 16, 14, 16, 16, 14, 14,  5, 10, 13, 16,  4,
       10, 14, 15, 15, 10, 16, 11, 10, 14, 15, 13, 16, 15, 11,  4,  4])}, {'ts_index': 11, 'loc': 3, 'gap': 0.0755725793701052, 'distances': array([0.52049285, 0.37480106, 0.        , 0.19559255, 0.33279769,
       0.40128017, 0.53680989, 0.32323121, 0.53869624, 0.31228348,
       0.34969399, 0.54863674, 0.68906892, 0.44057109, 0.38034513,
       0.41348754, 0.20169669, 0.37549811, 0.29215473, 0.43252887,
       0.29554371, 0.24977429, 0.37055446, 0.37732962, 0.42001386,
       0.28722035, 0.46742367, 0.51475574, 0.33689159, 0.37152011,
       0.43697397, 0.26918705, 0.45850103, 0.51923515, 0.30657766,
       0.46808905, 0.27856687, 0.2385782 , 0.33046146, 0.15870632,
       0.38049832, 0.39362292, 0.56735728, 0.36186439, 0.37344273,
       0.19681873, 0.50640931, 0.34634508, 0.37462826, 0.55193732,
       0.29916769, 0.50288542, 0.4541448 , 0.26677133, 0.30801506,
       0.33718734, 0.22534122, 0.54841904, 0.45858799, 0.42214324,
       0.22299365, 0.42754756, 0.38397866, 0.44021769, 0.32991624,
       0.54919605, 0.25505985, 0.4517823 , 0.51685892, 0.45420611,
       0.38946256, 0.59591079, 0.41826656, 0.54233502, 0.35801369,
       0.36069185, 0.11173033, 0.34131409, 0.40957152, 0.37144848,
       0.55113308, 0.38484679, 0.3938887 , 0.53330023, 0.3243759 ,
       0.57789758, 0.37180095, 0.43983362, 0.59811579, 0.29285999,
       0.53298893, 0.21524037, 0.22595519, 0.25152899, 0.49587014,
       0.18050516, 0.19983278, 0.21525289, 0.35771916, 0.50537137,
       0.21154019, 0.63254007, 0.21729837, 0.50662078, 0.47786632,
       0.27182209, 0.33966569, 0.46228232, 0.54731428, 0.36279222,
       0.48023498, 0.48630266, 0.42256538, 0.23948829, 0.27806359,
       0.36233027, 0.42731279, 0.52903628, 0.51025639, 0.53568606,
       0.1992451 , 0.53391588, 0.37691762, 0.25353523, 0.56526609]), 'delta_distances': array([0., 0., 0., 0., 0., 0., 0., 0., 0., 0., 0., 0., 0., 0., 0., 0., 0.,
       0., 0., 0., 0., 0., 0., 0., 0., 0., 0., 0., 0., 0., 0., 0., 0., 0.,
       0., 0., 0., 0., 0., 0., 0., 0., 0., 0., 0., 0., 0., 0., 0., 0., 0.,
       0., 0., 0., 0., 0., 0., 0., 0., 0., 0., 0., 0., 0., 0., 0., 0., 0.,
       0., 0., 0., 0., 0., 0., 0., 0., 0., 0., 0., 0., 0., 0., 0., 0., 0.,
       0., 0., 0., 0., 0., 0., 0., 0., 0., 0., 0., 0., 0., 0., 0., 0., 0.,
       0., 0., 0., 0., 0., 0., 0., 0., 0., 0., 0., 0., 0., 0., 0., 0., 0.,
       0., 0., 0., 0., 0., 0.]), 'locations': array([ 2,  4,  3,  5,  4,  5,  1,  4,  2,  4, 13,  0,  2,  1,  3,  4,  5,
        3,  4,  1,  4,  5,  3,  1,  5,  4,  3,  6,  5,  4,  3,  4,  4,  3,
        6,  3,  4,  6,  5,  4,  3,  4,  2,  3,  2,  3, 12,  5, 15,  3,  4,
        4,  5,  5,  4,  6,  5,  1,  3,  5,  4,  3, 13,  4,  7,  6,  2,  2,
        5,  3,  5,  2,  6,  2,  4,  3,  3,  5,  6,  3,  3,  4,  5, 17,  5,
        4,  3,  2,  2,  5,  2,  3,  3,  4,  5,  3,  4,  5, 14,  3,  3,  4,
        4,  2,  5,  5,  3,  4,  5,  4,  5,  3,  2,  4,  4,  3,  4,  2,  4,
       11,  6,  2,  2,  2,  3])}, {'ts_index': 66, 'loc': 8, 'gap': 0.16086600335686818, 'distances': array([1.0995879 , 0.94803614, 1.13328906, 1.15720541, 0.        ,
       0.92732429, 1.29434206, 1.24675598, 1.14337663, 0.8496191 ,
       0.68407409, 0.84513659, 0.92919302, 1.1357059 , 1.0947921 ,
       0.83534943, 1.15122126, 0.51109863, 0.80681059, 1.16048751,
       1.22187616, 0.89593785, 0.78364669, 0.54103876, 1.14970861,
       1.11153531, 1.21451933, 0.80319577, 0.66607123, 0.59884407,
       0.70317107]), 'delta_distances': array([0., 0., 0., 0., 0., 0., 0., 0., 0., 0., 0., 0., 0., 0., 0., 0., 0.,
       0., 0., 0., 0., 0., 0., 0., 0., 0., 0., 0., 0., 0., 0.]), 'locations': array([ 5,  7,  8,  6,  8,  7,  4,  5,  0,  6,  7,  4,  7,  6,  5,  5,  6,
        8,  7,  5, 14,  7,  6,  7,  5,  8,  5,  7,  8,  8, 16])}, {'ts_index': 778, 'loc': 18, 'gap': 0.09651183573540895, 'distances': array([0.29869192, 0.25959589, 0.42454911, 0.26335232, 0.26749242,
       0.23435455, 0.45938803, 0.45096138, 0.27031746, 0.30354077,
       0.35820986, 0.28953142, 0.37834761, 0.44309   ]), 'delta_distances': array([0., 0., 0., 0., 0., 0., 0., 0., 0., 0., 0., 0., 0., 0.]), 'locations': array([16, 14, 17, 12, 13,  1, 11, 13, 12, 11, 12, 17, 16, 17])}], 'clusters': array([1, 6, 1, ..., 1, 1, 1]), 'time': 59.18223214149475}
lenSubsequence: 8{'RI': 0.5004732860047328, 'num_clusters': 5, 'uShapelets': [{'ts_index': 174, 'loc': 4, 'gap': 0.07514602155223465, 'distances': array([0.31154015, 0.46115566, 0.19594546, ..., 0.19446397, 0.23114133,
       0.22848184]), 'delta_distances': array([0., 0., 0., ..., 0., 0., 0.]), 'locations': array([4, 3, 3, ..., 5, 4, 5])}, {'ts_index': 483, 'loc': 0, 'gap': 0.0756459431764745, 'distances': array([0.13948471, 0.3180002 , 0.31871333, 0.25925705, 0.17061177,
       0.37754884, 0.14823324, 0.39780061, 0.34016777, 0.35131507,
       0.29734158, 0.20445629, 0.31634092, 0.40651234, 0.34673243,
       0.32322247, 0.46564107, 0.15545136, 0.188477  , 0.25628411,
       0.51369603, 0.41165442, 0.36156807, 0.20259716, 0.22542034,
       0.27760043, 0.18214932, 0.36599919, 0.20812819, 0.48521785,
       0.40496435, 0.22550894, 0.30993331, 0.50311533, 0.35786553,
       0.54425963, 0.16581673, 0.37760088, 0.20288752, 0.298375  ,
       0.08157167, 0.31395113, 0.24801711, 0.0788644 , 0.10772484,
       0.35173412, 0.43312965, 0.27253495, 0.28091177, 0.22015215,
       0.60104178, 0.22773669, 0.41239749, 0.45557988, 0.25957327,
       0.33937707, 0.19735101, 0.38877906, 0.23846678, 0.3986015 ,
       0.20805243, 0.38149676, 0.49018957, 0.52989987, 0.37299328,
       0.57045571, 0.26587782, 0.40496109, 0.32428689, 0.38531681,
       0.14597485, 0.38442656, 0.29489074, 0.31592238, 0.20018964,
       0.        , 0.29713578, 0.35373156, 0.29506117, 0.38746274,
       0.27919684, 0.42668211, 0.28588186, 0.38282282, 0.36171007,
       0.55976948, 0.2174123 , 0.58517371, 0.34793965, 0.36232369,
       0.23209619, 0.17389949, 0.45345049, 0.24728937, 0.25520185,
       0.16313827, 0.15733414, 0.2741843 , 0.24460124, 0.46839266,
       0.23979119, 0.4169066 , 0.11128609, 0.2680376 , 0.30103784,
       0.22022829, 0.148661  , 0.34819268, 0.43676903, 0.19080749,
       0.25534627, 0.30572966, 0.3327341 , 0.2567884 , 0.1382952 ,
       0.14670762, 0.47082703, 0.41582433, 0.24833357, 0.234409  ,
       0.34346318, 0.4588142 , 0.27341986, 0.28321933, 0.29631376,
       0.06801206, 0.51934758, 0.24694471, 0.27655481, 0.35063576,
       0.22748479, 0.40412011, 0.29561641, 0.28164353, 0.24218072,
       0.1823172 , 0.1588871 , 0.32902061, 0.30141362, 0.3273013 ,
       0.27506928, 0.32385809, 0.3254034 , 0.33025693, 0.26526099,
       0.5344369 , 0.26978504, 0.39036095, 0.21489038, 0.25282776,
       0.3142977 , 0.10541977, 0.27997656, 0.24571662, 0.47636652,
       0.11280306, 0.37348207, 0.38823593, 0.37263787, 0.43939778,
       0.29563803, 0.3727833 , 0.26364583, 0.25627006, 0.31246222,
       0.16919151, 0.49804774, 0.30385739, 0.35821177, 0.53837294,
       0.32403378, 0.23430829, 0.22036135, 0.15246557, 0.38569785,
       0.18932536, 0.16488457, 0.15419559, 0.36937912, 0.22587189,
       0.24270903, 0.19992057, 0.31650289, 0.22708372]), 'delta_distances': array([0., 0., 0., 0., 0., 0., 0., 0., 0., 0., 0., 0., 0., 0., 0., 0., 0.,
       0., 0., 0., 0., 0., 0., 0., 0., 0., 0., 0., 0., 0., 0., 0., 0., 0.,
       0., 0., 0., 0., 0., 0., 0., 0., 0., 0., 0., 0., 0., 0., 0., 0., 0.,
       0., 0., 0., 0., 0., 0., 0., 0., 0., 0., 0., 0., 0., 0., 0., 0., 0.,
       0., 0., 0., 0., 0., 0., 0., 0., 0., 0., 0., 0., 0., 0., 0., 0., 0.,
       0., 0., 0., 0., 0., 0., 0., 0., 0., 0., 0., 0., 0., 0., 0., 0., 0.,
       0., 0., 0., 0., 0., 0., 0., 0., 0., 0., 0., 0., 0., 0., 0., 0., 0.,
       0., 0., 0., 0., 0., 0., 0., 0., 0., 0., 0., 0., 0., 0., 0., 0., 0.,
       0., 0., 0., 0., 0., 0., 0., 0., 0., 0., 0., 0., 0., 0., 0., 0., 0.,
       0., 0., 0., 0., 0., 0., 0., 0., 0., 0., 0., 0., 0., 0., 0., 0., 0.,
       0., 0., 0., 0., 0., 0., 0., 0., 0., 0., 0., 0., 0., 0.]), 'locations': array([ 0,  1,  0,  1,  0,  0,  0,  1,  1,  0,  0,  0,  0,  2,  0,  1,  0,
        0,  2,  0,  2,  1,  0,  0,  1,  0,  0,  0,  0,  0,  3,  1,  2,  0,
        1,  1,  1,  0,  1, 13,  0,  1,  1,  0,  0,  0,  1,  0,  0,  1,  1,
        1,  3,  1,  0,  1,  1,  1,  0,  0,  0, 13,  2, 12,  1,  1,  2,  0,
        0,  0,  0,  0,  1,  0,  0,  0,  0,  0,  1,  1,  1,  1,  8,  0,  1,
       13,  0,  0,  2,  0,  0,  0,  0,  1,  1,  0,  0,  0,  0,  0,  0,  1,
        0,  0,  2,  0,  0,  0, 11,  2,  1,  0,  0,  0,  1,  0,  0,  0,  0,
        1,  0,  1,  2,  0,  0,  0, 14,  1,  0,  1,  0,  0,  0,  0,  2,  1,
        1,  0,  2,  0, 12,  1,  1,  1,  0,  2,  0,  1,  0,  0,  2,  1,  0,
        0,  2,  0,  0,  1,  0,  1,  0,  0,  1,  2,  1,  1,  0,  0,  2,  0,
        0,  1,  0,  0,  1,  1,  1,  0,  0,  1,  0,  1,  0,  0])}, {'ts_index': 302, 'loc': 3, 'gap': 0.04473293563112468, 'distances': array([0.53465601, 0.43192118, 0.45976178, 0.32496808, 0.4629726 ,
       0.46230667, 0.3568225 , 0.5661948 , 0.        , 0.46202471,
       0.32815886, 0.40444246, 0.51396198, 0.52545253, 0.38101407,
       0.34034452, 0.56324988, 0.41360462, 0.40095694, 0.41842155,
       0.29869683, 0.53466803, 0.53555582, 0.52528689, 0.41897822,
       0.45736895, 0.44090539, 0.32378798, 0.1970186 , 0.40099829,
       0.53557339]), 'delta_distances': array([0., 0., 0., 0., 0., 0., 0., 0., 0., 0., 0., 0., 0., 0., 0., 0., 0.,
       0., 0., 0., 0., 0., 0., 0., 0., 0., 0., 0., 0., 0., 0.]), 'locations': array([ 2,  0,  3,  3,  1,  5,  2,  2,  3,  1,  2,  4,  4,  4,  3,  2, 13,
        2,  1,  2,  5, 14, 10,  4,  2, 15,  3,  3,  3,  1,  4])}, {'ts_index': 518, 'loc': 5, 'gap': 0.04577792365927247, 'distances': array([0.56291   , 0.93568883, 0.83788345, 0.8418205 , 0.        ,
       0.71734363, 0.81321981, 0.6140358 , 0.671597  ]), 'delta_distances': array([0., 0., 0., 0., 0., 0., 0., 0., 0.]), 'locations': array([ 8,  6,  8,  8,  5,  5, 14,  7, 13])}, {'ts_index': 670, 'loc': 5, 'gap': 0.0980540082663256, 'distances': array([0.68559619, 0.42950507, 0.34163577, 0.        , 0.57451025,
       0.42793719]), 'delta_distances': array([0., 0., 0., 0., 0., 0.]), 'locations': array([ 9,  4,  5,  5, 10, 13])}], 'clusters': array([1, 2, 1, ..., 1, 1, 1]), 'time': 49.038837909698486}
lenSubsequence: 10{'RI': 0.5005016165050161, 'num_clusters': 4, 'uShapelets': [{'ts_index': 836, 'loc': 8, 'gap': 0.07843793510227282, 'distances': array([0.41964491, 0.24073193, 0.17634843, ..., 0.22878656, 0.25258798,
       0.45770432]), 'delta_distances': array([0., 0., 0., ..., 0., 0., 0.]), 'locations': array([ 6,  9, 10, ..., 11,  9,  9])}, {'ts_index': 886, 'loc': 6, 'gap': 0.06233068183546692, 'distances': array([0.16917151, 0.18317074, 0.1540163 , 0.34591417, 0.15881634,
       0.2005579 , 0.12514607, 0.28502207, 0.31816516, 0.3362716 ,
       0.1745693 , 0.22624763, 0.2251466 , 0.43458883, 0.31390142,
       0.29150184, 0.34314039, 0.32917342, 0.24223179, 0.25679564,
       0.25754077, 0.21832249, 0.37740998, 0.19070771, 0.30320882,
       0.18840324, 0.22940987, 0.38207388, 0.25339475, 0.25430438,
       0.40789702, 0.46338375, 0.27888842, 0.20336512, 0.2669    ,
       0.26258646, 0.23991744, 0.19726622, 0.23814344, 0.18958254,
       0.29454285, 0.27799198, 0.27869412, 0.36513993, 0.54662738,
       0.334808  , 0.21720106, 0.21916494, 0.28592599, 0.35941786,
       0.28340326, 0.25375754, 0.33127806, 0.23681356, 0.29639777,
       0.27129853, 0.3427138 , 0.26903108, 0.21873075, 0.20052591,
       0.43959747, 0.22771686, 0.24256486, 0.39576933, 0.22245656,
       0.28244371, 0.25751282, 0.44486314, 0.19699919, 0.25778474,
       0.12654418, 0.24149373, 0.28515313, 0.1683791 , 0.22893309,
       0.35058979, 0.3868516 , 0.15673864, 0.30984243, 0.14020046,
       0.20045234, 0.30554478, 0.27861052, 0.30304995, 0.27235159,
       0.26266111, 0.38006609, 0.23065179, 0.35334882, 0.28747096,
       0.19822071, 0.32394918, 0.2655451 , 0.13953512, 0.25549162,
       0.31234731, 0.32271058, 0.2643451 , 0.3907998 , 0.25001474,
       0.1686038 , 0.33326977, 0.13592465, 0.29928154, 0.23729964,
       0.3989953 , 0.26207461, 0.25721174, 0.40890651, 0.36604094,
       0.37920703, 0.34054471, 0.22882406, 0.15448165, 0.35339809,
       0.28021121, 0.24566681, 0.17712987, 0.22001575, 0.38214824,
       0.39440365, 0.18367841, 0.26972942, 0.31225205, 0.29003695,
       0.14639139, 0.27400726, 0.21638544, 0.39501351, 0.42487378,
       0.15062324, 0.28408456, 0.33692878, 0.16690575, 0.26167315,
       0.41732867, 0.27812229, 0.31402573, 0.24397893, 0.28878731,
       0.22010304, 0.27933621, 0.1853504 , 0.32141346, 0.28282477,
       0.        , 0.2098315 , 0.30126065, 0.3129997 , 0.2011663 ,
       0.13900629, 0.20389473, 0.17435756, 0.42414548, 0.27274272,
       0.22052104, 0.27439801, 0.37864899, 0.25306211, 0.39404011,
       0.15034976, 0.29549555, 0.33985869, 0.23334768, 0.19496502,
       0.38871646, 0.20306445, 0.500946  , 0.17874429, 0.32692866,
       0.20736603, 0.48263264, 0.42042387, 0.26628438, 0.23641567,
       0.26800226, 0.25902394, 0.309146  , 0.21872012, 0.40778554,
       0.3242208 , 0.24466256, 0.25472886, 0.16801539]), 'delta_distances': array([0., 0., 0., 0., 0., 0., 0., 0., 0., 0., 0., 0., 0., 0., 0., 0., 0.,
       0., 0., 0., 0., 0., 0., 0., 0., 0., 0., 0., 0., 0., 0., 0., 0., 0.,
       0., 0., 0., 0., 0., 0., 0., 0., 0., 0., 0., 0., 0., 0., 0., 0., 0.,
       0., 0., 0., 0., 0., 0., 0., 0., 0., 0., 0., 0., 0., 0., 0., 0., 0.,
       0., 0., 0., 0., 0., 0., 0., 0., 0., 0., 0., 0., 0., 0., 0., 0., 0.,
       0., 0., 0., 0., 0., 0., 0., 0., 0., 0., 0., 0., 0., 0., 0., 0., 0.,
       0., 0., 0., 0., 0., 0., 0., 0., 0., 0., 0., 0., 0., 0., 0., 0., 0.,
       0., 0., 0., 0., 0., 0., 0., 0., 0., 0., 0., 0., 0., 0., 0., 0., 0.,
       0., 0., 0., 0., 0., 0., 0., 0., 0., 0., 0., 0., 0., 0., 0., 0., 0.,
       0., 0., 0., 0., 0., 0., 0., 0., 0., 0., 0., 0., 0., 0., 0., 0., 0.,
       0., 0., 0., 0., 0., 0., 0., 0., 0., 0., 0., 0., 0., 0.]), 'locations': array([ 7,  7,  7,  5,  6,  5,  7,  6,  9,  4,  8,  5,  8, 12,  5,  6, 13,
        8,  6,  6,  7,  7,  5,  6,  8,  5,  6,  4,  6,  6,  6,  5,  5,  5,
        6,  6,  7,  7,  8,  6,  6,  5,  8,  6,  9,  5,  5,  5,  8,  5,  6,
        6,  5,  5,  5,  4,  4,  5,  6,  6, 11,  6, 13, 13,  6,  7,  5,  6,
        6,  5,  5, 10, 10,  6,  5,  6,  9,  6,  5,  5,  6,  8,  7,  5,  6,
       13, 12,  6,  5,  5,  5,  6,  4,  7,  6,  7,  6,  5,  5,  8,  7, 13,
        6,  4,  6,  5,  7,  7, 11,  6,  4,  4,  5,  6,  5,  9,  6,  5,  8,
        7,  9,  5,  7,  7,  4,  8,  5,  7,  6,  5,  8,  7,  5,  6,  6,  5,
        5,  4,  7,  5,  4,  5,  8,  6,  4,  6, 11,  6,  6,  7,  6,  5,  7,
        6,  5,  5,  4,  6,  8,  4,  6,  6,  8,  6,  6,  3,  6,  5,  6, 11,
        5, 13, 10,  5,  5,  8,  6,  6,  5,  5,  6,  5,  8,  6])}, {'ts_index': 317, 'loc': 14, 'gap': 0.058581907492451846, 'distances': array([0.47203294, 0.26771192, 0.28287188, 0.28376725, 0.31976346,
       0.33093912, 0.52264168, 0.32174557, 0.38078259, 0.43809055,
       0.44097693, 0.43531657, 0.47244645, 0.33689463, 0.32582755,
       0.51496957, 0.39309598, 0.37088202, 0.33451954, 0.3835701 ,
       0.252929  , 0.40534536, 0.34820034, 0.31966886, 0.30810492,
       0.32103737, 0.30336135, 0.40879757, 0.43525381, 0.30446717,
       0.34819763]), 'delta_distances': array([0., 0., 0., 0., 0., 0., 0., 0., 0., 0., 0., 0., 0., 0., 0., 0., 0.,
       0., 0., 0., 0., 0., 0., 0., 0., 0., 0., 0., 0., 0., 0.]), 'locations': array([ 4,  2,  2,  4,  3, 13,  9,  3, 11,  2,  2,  3, 13,  3,  3, 12, 10,
        2, 13, 10,  3,  3, 13,  2,  3,  3,  2,  2,  3, 13,  2])}, {'ts_index': 317, 'loc': 3, 'gap': 0.16893392606575108, 'distances': array([0.389135  , 0.71301168, 0.        , 0.31729697, 0.63276218,
       0.36325801, 0.58637588, 0.33237808]), 'delta_distances': array([0., 0., 0., 0., 0., 0., 0., 0.]), 'locations': array([5, 3, 3, 4, 5, 3, 2, 4])}], 'clusters': array([2, 1, 1, ..., 1, 1, 2]), 'time': 42.23231220245361}
