lenSubsequence: 14{'RI': 0.49972796316309903, 'num_clusters': 7, 'uShapelets': [{'ts_index': 129, 'loc': 23, 'gap': 0.0366739774698053, 'distances': array([0.08352661, 0.09051071, 0.13235204, ..., 0.12475265, 0.12237866,
       0.08887508]), 'delta_distances': array([0., 0., 0., ..., 0., 0., 0.]), 'locations': array([22, 21, 23, ..., 20, 25, 23])}, {'ts_index': 751, 'loc': 19, 'gap': 0.07340331266795608, 'distances': array([0.36793498, 0.28648869, 0.2904764 , 0.42806222, 0.23800773,
       0.18656465, 0.27163641, 0.30791428, 0.29409303, 0.31485135,
       0.30383154, 0.37455151, 0.41201712, 0.30255623, 0.20307433,
       0.23753338, 0.36437583, 0.37069749, 0.41336161, 0.38489199,
       0.33626862, 0.34703053, 0.4982669 , 0.34331598, 0.49391748,
       0.37447454, 0.21441095, 0.15431089, 0.19896733, 0.34022658,
       0.29033637, 0.09575535, 0.32608427, 0.3725535 , 0.33992912,
       0.41730451, 0.39951032, 0.40107   , 0.20240478, 0.40649718,
       0.33323024, 0.25954441, 0.40061666, 0.36501153, 0.32768361,
       0.18288414, 0.28780786, 0.32112741, 0.37898638, 0.17467473,
       0.38157721, 0.24943654, 0.36413063, 0.27799745, 0.28842694,
       0.33233079, 0.16495202, 0.33962228, 0.22395894, 0.39878049,
       0.37370126, 0.37502839, 0.32440925, 0.37340238, 0.38934426,
       0.15316774, 0.36518974, 0.16265114, 0.3206131 , 0.37192182,
       0.36769005, 0.16276249, 0.27398291, 0.35899096, 0.35326802,
       0.39223658, 0.36418418, 0.39010695, 0.28230213, 0.30088873,
       0.31115061, 0.30876701, 0.28540546, 0.15512495, 0.30187831,
       0.37003206, 0.32994037, 0.30492201, 0.36688823, 0.36182604,
       0.34222861, 0.31978654, 0.32384745, 0.21034606, 0.33566073,
       0.36615716, 0.3499093 , 0.34617352, 0.29693017, 0.35415946,
       0.35589305, 0.37615747, 0.34463988, 0.18672344, 0.27472639,
       0.39063624, 0.25913055, 0.38642253, 0.15863996, 0.34494032,
       0.36788535, 0.27441254, 0.32971015, 0.21050023, 0.1850435 ,
       0.25516345, 0.31673231, 0.36962047, 0.22935097, 0.35341448,
       0.30659706, 0.31327975, 0.26694958, 0.31173484, 0.25773607,
       0.46982482, 0.23155799, 0.        , 0.343497  , 0.42431952,
       0.33450708, 0.34646135, 0.30451288, 0.12535686, 0.33444183,
       0.36839555, 0.07333648, 0.34836011, 0.34258678, 0.16786565,
       0.29897623, 0.32659833, 0.31381531, 0.39389705, 0.33275503,
       0.22631883, 0.37356254, 0.36559123, 0.1079294 , 0.36102868,
       0.37983833, 0.35780639, 0.33128534, 0.38388998, 0.17672478,
       0.36883795, 0.13573716, 0.39643678, 0.26236607, 0.40325874,
       0.18882307, 0.24956816, 0.07711822, 0.32134512, 0.35868476,
       0.24096851, 0.37044898, 0.4064481 , 0.3297509 , 0.31351226,
       0.38541444, 0.35762505, 0.30274877, 0.4041659 , 0.38374228,
       0.33305672, 0.30862721, 0.37862041, 0.24670603, 0.28145177,
       0.41343245, 0.17960864, 0.32291467, 0.33315536, 0.33666858,
       0.32153747, 0.25892052, 0.28242892, 0.35226146, 0.29884563,
       0.26904593, 0.31963254, 0.22227805, 0.36926426, 0.38284647]), 'delta_distances': array([0., 0., 0., 0., 0., 0., 0., 0., 0., 0., 0., 0., 0., 0., 0., 0., 0.,
       0., 0., 0., 0., 0., 0., 0., 0., 0., 0., 0., 0., 0., 0., 0., 0., 0.,
       0., 0., 0., 0., 0., 0., 0., 0., 0., 0., 0., 0., 0., 0., 0., 0., 0.,
       0., 0., 0., 0., 0., 0., 0., 0., 0., 0., 0., 0., 0., 0., 0., 0., 0.,
       0., 0., 0., 0., 0., 0., 0., 0., 0., 0., 0., 0., 0., 0., 0., 0., 0.,
       0., 0., 0., 0., 0., 0., 0., 0., 0., 0., 0., 0., 0., 0., 0., 0., 0.,
       0., 0., 0., 0., 0., 0., 0., 0., 0., 0., 0., 0., 0., 0., 0., 0., 0.,
       0., 0., 0., 0., 0., 0., 0., 0., 0., 0., 0., 0., 0., 0., 0., 0., 0.,
       0., 0., 0., 0., 0., 0., 0., 0., 0., 0., 0., 0., 0., 0., 0., 0., 0.,
       0., 0., 0., 0., 0., 0., 0., 0., 0., 0., 0., 0., 0., 0., 0., 0., 0.,
       0., 0., 0., 0., 0., 0., 0., 0., 0., 0., 0., 0., 0., 0., 0., 0., 0.,
       0., 0., 0., 0., 0., 0., 0., 0.]), 'locations': array([21, 18, 25, 22, 20, 18, 20, 19, 21, 18, 21, 24, 25, 24, 21, 18, 24,
       25, 24, 25, 20, 19, 24, 24, 18, 23, 19, 20, 21, 23, 21, 19, 20, 25,
       23, 25, 21, 22, 22, 25, 18, 21, 25, 22, 24, 19, 21, 25, 24, 20, 17,
       24, 20, 21, 23, 23, 21, 21, 18, 23, 21, 24, 19, 20, 22, 20, 25, 20,
       20, 24, 24, 18, 21, 25, 22, 21, 25, 26, 21, 21, 19, 24, 18, 19, 21,
       25, 22, 19, 23, 24, 22, 24, 17, 20, 25, 20, 20, 24, 19, 17, 25, 23,
       24, 19, 21, 22, 20, 24, 18, 24, 22, 18, 24, 19, 20, 19, 18, 24, 21,
       19, 21, 25, 21, 23, 21, 17, 19, 19, 25, 24, 24, 25, 20, 20, 24, 23,
       18, 18, 21, 18, 23, 23, 21, 21, 24, 20, 24, 24, 18, 24, 24, 17, 19,
       23, 19, 21, 21, 22, 23, 25, 18, 18, 19, 22, 18, 21, 24, 24, 18, 19,
       22, 24, 20, 23, 25, 20, 21, 23, 18, 22, 23, 18, 24, 23, 21, 19, 22,
       21, 23, 19, 19, 19, 21, 21, 23])}, {'ts_index': 538, 'loc': 20, 'gap': 0.05162014423561939, 'distances': array([0.23989501, 0.11592476, 0.22892177, 0.31832614, 0.19138726,
       0.13810572, 0.16505702, 0.14931784, 0.12043094, 0.12990574,
       0.23757102, 0.30353997, 0.20655555, 0.10809961, 0.2000151 ,
       0.16085259, 0.25815225, 0.2671928 , 0.19181766, 0.20832785,
       0.32367552, 0.19324015, 0.29071777, 0.29186614, 0.2058292 ,
       0.10524103, 0.20303477, 0.23457587, 0.19837299, 0.30400391,
       0.22237654, 0.25427314, 0.30439016, 0.23240492, 0.21228594,
       0.28882261, 0.26837575, 0.2792471 , 0.23339361, 0.21561475,
       0.26246112, 0.21099149, 0.22483286, 0.17732719, 0.16454041,
       0.18918824, 0.18987057, 0.09087295, 0.30043238, 0.20485506,
       0.28254441, 0.12100242, 0.20478243, 0.25718423, 0.23774488,
       0.13856193, 0.2409076 , 0.25977474, 0.17316966, 0.20853514,
       0.17367636, 0.24118812, 0.26774769, 0.23029449, 0.20220582,
       0.20758226, 0.07510112, 0.22455437, 0.05600629, 0.23835021,
       0.24135473, 0.18399612, 0.        , 0.17436417, 0.23557725,
       0.11192333, 0.20589798, 0.15077225, 0.26784844, 0.21735971,
       0.18353167, 0.25376447, 0.12178835, 0.23461251, 0.25338576,
       0.25214196, 0.17607192, 0.11128344, 0.23636685, 0.2223196 ,
       0.29402063, 0.18230447, 0.14328591, 0.09145892, 0.25594433,
       0.13009   , 0.23417446, 0.23368893, 0.17164116, 0.19352979,
       0.28989913, 0.19097608, 0.22444947, 0.07130053, 0.27081408,
       0.21609016, 0.22495522, 0.24666118, 0.21417428, 0.1722735 ,
       0.25349924, 0.21187094, 0.18567391, 0.12969267, 0.22098133,
       0.17976064, 0.17092132, 0.24711298, 0.19061043, 0.27431608,
       0.29948119, 0.26610123, 0.21047237, 0.20047402, 0.17311709,
       0.3222213 , 0.18558212, 0.28185647, 0.22438878, 0.30501135,
       0.10475153, 0.2306733 , 0.17213183, 0.26931467, 0.1690152 ,
       0.27898836, 0.20668222, 0.28277206, 0.22956139, 0.25041865,
       0.09499372, 0.26310126, 0.21239815, 0.19243813, 0.06558174,
       0.18821781, 0.09804848, 0.13036683, 0.32544543, 0.22169638,
       0.26345918, 0.23097935, 0.1067574 , 0.14518741, 0.10869267,
       0.24032047, 0.17591284, 0.18917083, 0.04150609, 0.17102885,
       0.26023277]), 'delta_distances': array([0., 0., 0., 0., 0., 0., 0., 0., 0., 0., 0., 0., 0., 0., 0., 0., 0.,
       0., 0., 0., 0., 0., 0., 0., 0., 0., 0., 0., 0., 0., 0., 0., 0., 0.,
       0., 0., 0., 0., 0., 0., 0., 0., 0., 0., 0., 0., 0., 0., 0., 0., 0.,
       0., 0., 0., 0., 0., 0., 0., 0., 0., 0., 0., 0., 0., 0., 0., 0., 0.,
       0., 0., 0., 0., 0., 0., 0., 0., 0., 0., 0., 0., 0., 0., 0., 0., 0.,
       0., 0., 0., 0., 0., 0., 0., 0., 0., 0., 0., 0., 0., 0., 0., 0., 0.,
       0., 0., 0., 0., 0., 0., 0., 0., 0., 0., 0., 0., 0., 0., 0., 0., 0.,
       0., 0., 0., 0., 0., 0., 0., 0., 0., 0., 0., 0., 0., 0., 0., 0., 0.,
       0., 0., 0., 0., 0., 0., 0., 0., 0., 0., 0., 0., 0., 0., 0., 0., 0.,
       0., 0., 0., 0., 0., 0., 0., 0.]), 'locations': array([20, 19, 20,  8, 19, 21, 20, 20, 19, 22, 18, 16, 24, 19, 18, 22, 18,
       24, 20, 20, 12, 24, 18, 22, 23, 20, 21, 17, 19, 21, 21, 21, 16, 21,
       22,  3, 21, 23, 20, 18, 24, 18, 24, 17, 20, 22, 17, 20, 16, 22, 21,
       20, 20, 22, 23, 21, 21, 24, 21, 19, 21, 20, 17, 19, 21, 17, 20, 25,
       19, 19, 25, 22, 20, 19, 24, 21, 23, 18, 24, 20, 21, 24, 20, 17, 24,
       22, 21, 22, 21, 20, 24, 21, 21, 19, 24, 18, 19, 22, 20, 19, 24, 22,
       23, 20, 17, 24, 23, 22, 24, 21, 24, 23, 18, 22, 22, 22, 22, 20, 19,
       23, 18, 23, 20, 18, 19, 24, 21, 21, 23, 24, 19, 22, 18, 19, 21, 23,
       18, 20, 17, 24, 21, 21, 24, 17, 22, 22, 19, 23,  9, 24, 22, 20, 19,
       23, 22, 19, 19, 20, 20, 20, 23])}, {'ts_index': 192, 'loc': 33, 'gap': 0.022848191175264904, 'distances': array([0.12251056, 0.15401082, 0.13836114, 0.15296418, 0.10937079,
       0.19652578, 0.11748511, 0.11557748, 0.19307501, 0.1694766 ,
       0.14674954, 0.10965316, 0.16044482, 0.13433618, 0.11234824,
       0.1155584 , 0.11023875, 0.12565467, 0.11334965, 0.13188065,
       0.11522801, 0.15334954, 0.13552737, 0.11196813, 0.15480626,
       0.        , 0.10918462, 0.17715117, 0.19603984, 0.15067945,
       0.18955881, 0.13973926, 0.13198792, 0.12125311, 0.12662015,
       0.21614844, 0.24711207, 0.13776616, 0.10578485, 0.11686188,
       0.11625893, 0.15221244, 0.1246195 , 0.09137027, 0.2026486 ,
       0.13892988, 0.11597024, 0.13581575, 0.14374629, 0.13872126,
       0.0994622 , 0.15244561, 0.27071626, 0.10355128, 0.1369358 ,
       0.16922749, 0.16248388, 0.19873816, 0.1528181 , 0.14740447,
       0.12813852, 0.09035937, 0.08596766, 0.09969502, 0.13732055,
       0.14608164, 0.19340541, 0.10175661, 0.14573279, 0.09787826,
       0.08156836, 0.08430396, 0.13534536, 0.11980362, 0.17548594,
       0.17771041, 0.11192372, 0.11605853, 0.0982187 , 0.16845458,
       0.16169318, 0.10040337, 0.18602992, 0.15289424, 0.14885668,
       0.12406616, 0.16254335, 0.14714098, 0.09095892, 0.10569865,
       0.15400537, 0.13222868, 0.19057338, 0.20008726, 0.1608669 ,
       0.12351008, 0.12248119, 0.17195232, 0.11204222, 0.10151963,
       0.11165949, 0.11298792, 0.12876721, 0.12242259, 0.18870681,
       0.08655174, 0.13128779, 0.16347722, 0.12444352, 0.12793942,
       0.1592322 , 0.13988811, 0.18596211, 0.09518749, 0.1311137 ,
       0.17179373, 0.12842233, 0.10257212, 0.12352807, 0.11111634,
       0.10029205, 0.17600823, 0.08344429, 0.10229816, 0.07875113,
       0.10972456, 0.11254412, 0.08497256, 0.10308949, 0.11657686,
       0.22038649, 0.17108959, 0.10368199]), 'delta_distances': array([0., 0., 0., 0., 0., 0., 0., 0., 0., 0., 0., 0., 0., 0., 0., 0., 0.,
       0., 0., 0., 0., 0., 0., 0., 0., 0., 0., 0., 0., 0., 0., 0., 0., 0.,
       0., 0., 0., 0., 0., 0., 0., 0., 0., 0., 0., 0., 0., 0., 0., 0., 0.,
       0., 0., 0., 0., 0., 0., 0., 0., 0., 0., 0., 0., 0., 0., 0., 0., 0.,
       0., 0., 0., 0., 0., 0., 0., 0., 0., 0., 0., 0., 0., 0., 0., 0., 0.,
       0., 0., 0., 0., 0., 0., 0., 0., 0., 0., 0., 0., 0., 0., 0., 0., 0.,
       0., 0., 0., 0., 0., 0., 0., 0., 0., 0., 0., 0., 0., 0., 0., 0., 0.,
       0., 0., 0., 0., 0., 0., 0., 0., 0., 0., 0., 0., 0., 0.]), 'locations': array([36, 37, 34, 31, 33, 32, 35, 38, 36, 35, 39, 36, 37, 33, 37, 36, 36,
       33, 35, 37, 38, 37, 35, 36, 33, 33, 38, 33, 35, 36, 34, 35, 35, 37,
       36, 38, 35, 32, 32, 37, 36, 35, 37, 35, 35, 34, 36, 36, 37, 36, 38,
       35, 32, 37, 37, 33, 33, 37, 33, 38, 34, 36, 38, 37, 36, 36, 35, 35,
       37, 32, 36, 36, 36, 34, 32, 36, 36, 37, 35, 34, 32, 34, 36, 34, 36,
       32, 36, 38, 38, 37, 34, 37, 36, 33, 34, 35, 34, 32, 36, 37, 36, 36,
       38, 37, 32, 37, 33, 35, 37, 36, 33, 33, 35, 36, 38, 38, 32, 35, 37,
       36, 38, 34, 36, 36, 36, 35, 32, 36, 35, 34, 34, 32, 37])}, {'ts_index': 955, 'loc': 18, 'gap': 0.03319207873628288, 'distances': array([0.10087477, 0.14456816, 0.06903977, 0.2168188 , 0.18343895,
       0.10087606, 0.11539462, 0.11958724, 0.16717939, 0.15786812,
       0.06006739, 0.1164273 , 0.18033939, 0.18586424, 0.05950827,
       0.09136502, 0.17786655, 0.16398014, 0.1945166 , 0.        ,
       0.12495138, 0.13115476, 0.19107766]), 'delta_distances': array([0., 0., 0., 0., 0., 0., 0., 0., 0., 0., 0., 0., 0., 0., 0., 0., 0.,
       0., 0., 0., 0., 0., 0.]), 'locations': array([17, 20, 18, 13, 14, 17, 23, 20, 21, 23, 20, 17, 17, 14, 19, 18,  7,
       14, 11, 18, 16, 14, 16])}, {'ts_index': 697, 'loc': 68, 'gap': 0.028047380701367405, 'distances': array([0.0494487 , 0.1037838 , 0.1541607 , 0.11086124, 0.10110757,
       0.04678768, 0.05612027, 0.06473269, 0.08037866, 0.12000984]), 'delta_distances': array([0., 0., 0., 0., 0., 0., 0., 0., 0., 0.]), 'locations': array([67, 67, 67, 67, 67, 67, 67, 65, 67, 67])}], 'clusters': array([1, 1, 1, ..., 1, 1, 1]), 'time': 625.7672591209412}
lenSubsequence: 17{'RI': 0.49973537561097103, 'num_clusters': 6, 'uShapelets': [{'ts_index': 954, 'loc': 16, 'gap': 0.028375406118192226, 'distances': array([0.06736332, 0.05960827, 0.10165836, ..., 0.08589347, 0.09789819,
       0.05167097]), 'delta_distances': array([0., 0., 0., ..., 0., 0., 0.]), 'locations': array([19, 17, 20, ..., 17, 22, 20])}, {'ts_index': 862, 'loc': 15, 'gap': 0.04954567634358159, 'distances': array([0.2645595 , 0.15763302, 0.20692799, 0.31185068, 0.17442668,
       0.18985106, 0.18652178, 0.25197556, 0.28889787, 0.21046163,
       0.12827044, 0.25321646, 0.24204486, 0.30146321, 0.25611201,
       0.22314213, 0.21131513, 0.3606843 , 0.23175677, 0.33449029,
       0.27265127, 0.13140716, 0.13958162, 0.09291312, 0.22505471,
       0.21546143, 0.21657416, 0.06968995, 0.19746587, 0.25912575,
       0.22127251, 0.24827164, 0.30853238, 0.27372792, 0.3020549 ,
       0.11445278, 0.31158956, 0.25116555, 0.2091699 , 0.16533387,
       0.28227401, 0.27514105, 0.19678168, 0.2381915 , 0.22447962,
       0.24020245, 0.20511649, 0.23396338, 0.19272014, 0.25983633,
       0.24343077, 0.24972076, 0.20721763, 0.22958527, 0.20456064,
       0.25201119, 0.2234757 , 0.23944021, 0.22005704, 0.22264175,
       0.29818768, 0.23258577, 0.27554693, 0.23027905, 0.23231256,
       0.20802037, 0.24532004, 0.26881847, 0.111334  , 0.24888176,
       0.25346958, 0.19948259, 0.25957415, 0.24846044, 0.06689143,
       0.15846826, 0.25418882, 0.2422255 , 0.2783472 , 0.27073493,
       0.26716944, 0.18504012, 0.19869431, 0.18506117, 0.16369056,
       0.06178554, 0.21641078, 0.25592408, 0.22246556, 0.18204508,
       0.25367803, 0.25032325, 0.22960774, 0.23542365, 0.19486576,
       0.12823176, 0.23824521, 0.21552148, 0.23492815, 0.25853069,
       0.21635974, 0.24726701, 0.18236012, 0.22090807, 0.2416477 ,
       0.27470053, 0.23184969, 0.11054807, 0.15438526, 0.2833838 ,
       0.16864001, 0.28729321, 0.1116405 , 0.22962031, 0.25287377,
       0.25519839, 0.15492539, 0.2306853 , 0.12372918, 0.18981513,
       0.2544613 , 0.11671657, 0.2422983 , 0.20156714, 0.25190943,
       0.17778393, 0.20894496, 0.19499522, 0.31676543, 0.13110395,
       0.24041016, 0.09070451, 0.22311082, 0.29934832, 0.22580405,
       0.23668581, 0.23888183, 0.20923939, 0.08657852, 0.23458386,
       0.23691163, 0.08323845, 0.21231694, 0.08789857, 0.2133998 ,
       0.22225423, 0.21328123, 0.276642  , 0.21466788, 0.27507245,
       0.26160462, 0.        , 0.25137026, 0.26425724, 0.22578258,
       0.22447996, 0.2675876 , 0.09483796, 0.24215747, 0.11744926,
       0.27204475, 0.2951963 , 0.11832471, 0.22332069, 0.22730506,
       0.18021539, 0.26838907, 0.27041683, 0.20606595, 0.21615213,
       0.26263307, 0.23348842, 0.18229118, 0.27466536, 0.24659367,
       0.24394062, 0.23125992, 0.18387832, 0.2673516 , 0.12748609,
       0.15915254, 0.29141111, 0.23992728, 0.22281981, 0.23482805,
       0.23478603, 0.21017203, 0.16506906, 0.1575439 , 0.23699178,
       0.15391023, 0.18945699, 0.16003773, 0.26316471, 0.26178441]), 'delta_distances': array([0., 0., 0., 0., 0., 0., 0., 0., 0., 0., 0., 0., 0., 0., 0., 0., 0.,
       0., 0., 0., 0., 0., 0., 0., 0., 0., 0., 0., 0., 0., 0., 0., 0., 0.,
       0., 0., 0., 0., 0., 0., 0., 0., 0., 0., 0., 0., 0., 0., 0., 0., 0.,
       0., 0., 0., 0., 0., 0., 0., 0., 0., 0., 0., 0., 0., 0., 0., 0., 0.,
       0., 0., 0., 0., 0., 0., 0., 0., 0., 0., 0., 0., 0., 0., 0., 0., 0.,
       0., 0., 0., 0., 0., 0., 0., 0., 0., 0., 0., 0., 0., 0., 0., 0., 0.,
       0., 0., 0., 0., 0., 0., 0., 0., 0., 0., 0., 0., 0., 0., 0., 0., 0.,
       0., 0., 0., 0., 0., 0., 0., 0., 0., 0., 0., 0., 0., 0., 0., 0., 0.,
       0., 0., 0., 0., 0., 0., 0., 0., 0., 0., 0., 0., 0., 0., 0., 0., 0.,
       0., 0., 0., 0., 0., 0., 0., 0., 0., 0., 0., 0., 0., 0., 0., 0., 0.,
       0., 0., 0., 0., 0., 0., 0., 0., 0., 0., 0., 0., 0., 0., 0., 0., 0.,
       0., 0., 0., 0., 0., 0., 0., 0.]), 'locations': array([18, 15, 22, 19, 16, 15, 18, 14, 21, 21, 18, 15, 18, 15, 16, 17, 16,
        8, 21, 15, 19, 16, 17, 18, 19, 16, 17, 16, 17, 22, 15, 15, 18, 18,
       19, 19, 22, 22, 15, 18, 20, 18, 17, 20, 21, 18, 18, 21, 15, 14, 14,
       17, 18, 17, 20, 20, 20, 17, 16, 16, 19, 18, 20, 21, 18, 16, 17, 19,
       17, 21, 20, 17, 20, 21, 15, 18, 22, 17, 18, 21, 15, 18, 18, 16, 15,
       16, 18, 22, 19, 16, 15, 21, 18, 21, 14, 17, 15, 20, 17, 20, 17, 21,
       16, 14, 20, 20, 17, 15, 18, 17, 17, 21, 15, 17, 18, 18, 15, 21, 17,
       15, 20, 18, 14, 18, 22, 18, 20, 16, 14, 16, 22, 16, 21, 16, 20, 17,
       22, 17, 17, 21, 16, 15, 18, 15, 20, 19, 18, 16, 21, 21, 20, 15, 21,
       21, 14, 16, 20, 16, 18, 18, 17, 20, 16, 19, 15, 18, 20, 20, 15, 16,
       15, 21, 17, 20, 18, 20, 17, 18, 20, 15, 19, 20, 16, 21, 19, 18, 16,
       19, 18, 20, 16, 16, 18, 17, 20])}, {'ts_index': 1037, 'loc': 35, 'gap': 0.024566501411896036, 'distances': array([0.08671556, 0.11666987, 0.13081901, 0.10766548, 0.10972706,
       0.16126104, 0.0908068 , 0.08023187, 0.14047537, 0.13459228,
       0.10020603, 0.06454137, 0.12045501, 0.12965378, 0.08648335,
       0.09637967, 0.08019237, 0.12398864, 0.10200002, 0.10005521,
       0.17655963, 0.10369544, 0.0930983 , 0.11433554, 0.14712961,
       0.13528756, 0.10924674, 0.16224323, 0.12038394, 0.06302652,
       0.10462932, 0.14993467, 0.20152733, 0.09737121, 0.1534509 ,
       0.11692253, 0.06563248, 0.10845709, 0.07415482, 0.11708294,
       0.08758347, 0.16043228, 0.12040038, 0.19441861, 0.15734319,
       0.12679753, 0.13681724, 0.13002756, 0.08621744, 0.08161887,
       0.11589912, 0.09911002, 0.12896715, 0.11630407, 0.10585223,
       0.06740178, 0.09067204, 0.07589364, 0.11205537, 0.19322639,
       0.14738992, 0.08009158, 0.0645933 , 0.15016353, 0.100391  ,
       0.08935375, 0.0698906 , 0.13968941, 0.23208018, 0.06320128,
       0.08375859, 0.18250448, 0.1649513 , 0.05706073, 0.11840043,
       0.10975224, 0.15125826, 0.13343074, 0.0689762 , 0.09072379,
       0.0902662 , 0.0724212 , 0.10663367, 0.12434541, 0.10458069,
       0.1774993 , 0.06873879, 0.11906003, 0.09451157, 0.10566712,
       0.14539236, 0.06673767, 0.07319531, 0.12321829, 0.08291326,
       0.18574994, 0.16305675, 0.11084662, 0.06716285, 0.15197314,
       0.08125804, 0.07157381, 0.12917745, 0.17721891, 0.12298447,
       0.14746134, 0.15188553, 0.12300574, 0.1665352 , 0.12370215,
       0.1098972 , 0.12981163, 0.10861943, 0.09435989, 0.10414883,
       0.1078182 , 0.15879525, 0.08357741, 0.11860068, 0.14639055,
       0.11413538, 0.1112483 , 0.14373066, 0.13015631, 0.09230716,
       0.08292382, 0.09248277, 0.0898554 , 0.09044754, 0.09262541,
       0.19769906, 0.06884482, 0.10877462, 0.1563895 , 0.09207946,
       0.1464463 , 0.12313284, 0.15299296, 0.06459265, 0.09874911,
       0.11783376, 0.11505885, 0.07879745, 0.08665566, 0.16270074,
       0.06837476, 0.08202588, 0.08863548, 0.14112645, 0.07721027,
       0.        , 0.07421683, 0.14601635, 0.08553172, 0.11813487,
       0.10858186, 0.18515017, 0.07797646, 0.10307949, 0.15833878,
       0.07914723]), 'delta_distances': array([0., 0., 0., 0., 0., 0., 0., 0., 0., 0., 0., 0., 0., 0., 0., 0., 0.,
       0., 0., 0., 0., 0., 0., 0., 0., 0., 0., 0., 0., 0., 0., 0., 0., 0.,
       0., 0., 0., 0., 0., 0., 0., 0., 0., 0., 0., 0., 0., 0., 0., 0., 0.,
       0., 0., 0., 0., 0., 0., 0., 0., 0., 0., 0., 0., 0., 0., 0., 0., 0.,
       0., 0., 0., 0., 0., 0., 0., 0., 0., 0., 0., 0., 0., 0., 0., 0., 0.,
       0., 0., 0., 0., 0., 0., 0., 0., 0., 0., 0., 0., 0., 0., 0., 0., 0.,
       0., 0., 0., 0., 0., 0., 0., 0., 0., 0., 0., 0., 0., 0., 0., 0., 0.,
       0., 0., 0., 0., 0., 0., 0., 0., 0., 0., 0., 0., 0., 0., 0., 0., 0.,
       0., 0., 0., 0., 0., 0., 0., 0., 0., 0., 0., 0., 0., 0., 0., 0., 0.,
       0., 0., 0., 0., 0., 0., 0., 0.]), 'locations': array([35, 36, 33, 33, 34, 34, 35, 37, 35, 35, 36, 36, 37, 32, 36, 35, 36,
       33, 34, 36, 33, 32, 36, 36, 35, 32, 35, 33, 33, 36, 36, 33, 33, 36,
       34, 32, 35, 35, 35, 33, 36, 31, 35, 37, 32, 32, 32, 35, 36, 35, 33,
       33, 31, 34, 36, 34, 36, 33, 33, 35, 33, 36, 36, 33, 35, 36, 36, 35,
       32, 36, 36, 33, 33, 33, 32, 36, 34, 33, 34, 36, 33, 36, 36, 36, 34,
       35, 35, 35, 35, 33, 32, 35, 35, 36, 33, 31, 35, 35, 34, 34, 36, 34,
       34, 32, 33, 35, 33, 35, 33, 32, 36, 36, 36, 36, 33, 36, 34, 36, 35,
       35, 34, 34, 34, 31, 36, 35, 35, 36, 36, 35, 31, 36, 33, 33, 36, 33,
       33, 35, 35, 36, 35, 31, 34, 37, 34, 35, 33, 37, 32, 35, 35, 35, 33,
       35, 34, 32, 31, 35, 34, 32, 36])}, {'ts_index': 806, 'loc': 14, 'gap': 0.02035766560368485, 'distances': array([0.12321738, 0.12092698, 0.08615993, 0.14380677, 0.12311176,
       0.12024575, 0.05634689, 0.072573  , 0.07861531, 0.12570906,
       0.08785335, 0.07216736, 0.04390581, 0.07239635, 0.07742075,
       0.1196062 , 0.14115771, 0.07017378, 0.09892532, 0.08934097,
       0.        , 0.11182528, 0.11879714, 0.13035676, 0.12114666,
       0.10722863, 0.12614197]), 'delta_distances': array([0., 0., 0., 0., 0., 0., 0., 0., 0., 0., 0., 0., 0., 0., 0., 0., 0.,
       0., 0., 0., 0., 0., 0., 0., 0., 0., 0.]), 'locations': array([18,  5, 15, 10, 11, 15, 14, 13,  5, 14, 15, 13, 16, 17, 14, 14, 15,
       14, 16, 16, 14, 11, 13, 12, 17, 13, 13])}, {'ts_index': 255, 'loc': 8, 'gap': 0.02619807737726315, 'distances': array([0.04455241, 0.04614218, 0.05685159, 0.        , 0.05100088,
       0.16946401, 0.10336904, 0.04690478, 0.08937135, 0.05898443,
       0.03214005, 0.11301214, 0.04472237, 0.09512696]), 'delta_distances': array([0., 0., 0., 0., 0., 0., 0., 0., 0., 0., 0., 0., 0., 0.]), 'locations': array([10,  7, 11,  8,  9, 13,  8, 11,  5, 13,  8,  5,  4, 13])}, {'ts_index': 983, 'loc': 36, 'gap': 0.028430874887512683, 'distances': array([0.10952208, 0.137587  , 0.16205205, 0.        , 0.14496098]), 'delta_distances': array([0., 0., 0., 0., 0.]), 'locations': array([32, 38, 35, 36, 36])}], 'clusters': array([1, 1, 1, ..., 1, 1, 1]), 'time': 557.5511820316315}
lenSubsequence: 20{'RI': 0.500257211941157, 'num_clusters': 6, 'uShapelets': [{'ts_index': 1143, 'loc': 18, 'gap': 0.023410292875774077, 'distances': array([0.08969936, 0.06300385, 0.0863389 , ..., 0.10130649, 0.09876969,
       0.07117157]), 'delta_distances': array([0., 0., 0., ..., 0., 0., 0.]), 'locations': array([16, 14, 17, ..., 13, 18, 17])}, {'ts_index': 160, 'loc': 13, 'gap': 0.04160583425461084, 'distances': array([0.2089295 , 0.16605773, 0.18309633, 0.25294872, 0.13176448,
       0.17668694, 0.0828637 , 0.18576655, 0.18636502, 0.1746846 ,
       0.21509157, 0.24133405, 0.1769147 , 0.09168862, 0.12692426,
       0.22623366, 0.25421565, 0.22404956, 0.20290357, 0.20574238,
       0.29827594, 0.21222818, 0.29812486, 0.2197621 , 0.11890084,
       0.07922749, 0.11911974, 0.19381782, 0.16695767, 0.17623177,
       0.        , 0.19315325, 0.20803756, 0.16543193, 0.27120181,
       0.15881213, 0.24268856, 0.20324667, 0.25078561, 0.10402157,
       0.25795071, 0.18504928, 0.15126488, 0.23767469, 0.21449297,
       0.1898144 , 0.18455836, 0.18226332, 0.2246181 , 0.1630739 ,
       0.18787553, 0.2305199 , 0.14254808, 0.22216923, 0.1441711 ,
       0.22949395, 0.17105477, 0.16645351, 0.18454297, 0.20059315,
       0.17358244, 0.16453326, 0.25166109, 0.2114146 , 0.21917422,
       0.17797011, 0.16384262, 0.19227251, 0.23518075, 0.21442666,
       0.06523988, 0.22505194, 0.09660637, 0.16022249, 0.20047947,
       0.25514793, 0.21752718, 0.23982813, 0.18307604, 0.17880165,
       0.19216774, 0.18103995, 0.17392694, 0.17006929, 0.08481052,
       0.16477294, 0.19340326, 0.1697099 , 0.18126484, 0.22860076,
       0.21903318, 0.19983292, 0.19433122, 0.18167708, 0.13376071,
       0.21154408, 0.17799542, 0.21165475, 0.19927473, 0.17230955,
       0.19961226, 0.2080451 , 0.20827449, 0.21892659, 0.10900853,
       0.16220281, 0.13555195, 0.24603045, 0.16796204, 0.24177027,
       0.10086862, 0.21392974, 0.22339481, 0.15845065, 0.19724174,
       0.10825685, 0.0879395 , 0.14058496, 0.17589746, 0.13672943,
       0.21917463, 0.16000277, 0.18003093, 0.15030128, 0.2829852 ,
       0.15147978, 0.19108853, 0.07047597, 0.20655848, 0.26456614,
       0.17719453, 0.12522616, 0.19763134, 0.19053967, 0.17427369,
       0.20563288, 0.21386772, 0.08505259, 0.21825989, 0.09171488,
       0.17712352, 0.20309537, 0.18006427, 0.22462076, 0.11220502,
       0.22477682, 0.21273597, 0.06796928, 0.20897286, 0.23310845,
       0.11050258, 0.20789179, 0.20486966, 0.20992553, 0.09214615,
       0.22762104, 0.10210976, 0.24238511, 0.16163383, 0.24487003,
       0.08531355, 0.13924882, 0.10366477, 0.14617393, 0.16732634,
       0.20489381, 0.13170744, 0.22298873, 0.23215875, 0.18909564,
       0.22370112, 0.11923663, 0.17420594, 0.18934286, 0.23213306,
       0.20614734, 0.21950122, 0.18605306, 0.21192534, 0.14051294,
       0.1741676 , 0.24356167, 0.09269868, 0.18820203, 0.1945606 ,
       0.19335216, 0.18974201, 0.14641854, 0.16918497, 0.15843666,
       0.18964499, 0.14565208, 0.20823561, 0.07240668, 0.22096494]), 'delta_distances': array([0., 0., 0., 0., 0., 0., 0., 0., 0., 0., 0., 0., 0., 0., 0., 0., 0.,
       0., 0., 0., 0., 0., 0., 0., 0., 0., 0., 0., 0., 0., 0., 0., 0., 0.,
       0., 0., 0., 0., 0., 0., 0., 0., 0., 0., 0., 0., 0., 0., 0., 0., 0.,
       0., 0., 0., 0., 0., 0., 0., 0., 0., 0., 0., 0., 0., 0., 0., 0., 0.,
       0., 0., 0., 0., 0., 0., 0., 0., 0., 0., 0., 0., 0., 0., 0., 0., 0.,
       0., 0., 0., 0., 0., 0., 0., 0., 0., 0., 0., 0., 0., 0., 0., 0., 0.,
       0., 0., 0., 0., 0., 0., 0., 0., 0., 0., 0., 0., 0., 0., 0., 0., 0.,
       0., 0., 0., 0., 0., 0., 0., 0., 0., 0., 0., 0., 0., 0., 0., 0., 0.,
       0., 0., 0., 0., 0., 0., 0., 0., 0., 0., 0., 0., 0., 0., 0., 0., 0.,
       0., 0., 0., 0., 0., 0., 0., 0., 0., 0., 0., 0., 0., 0., 0., 0., 0.,
       0., 0., 0., 0., 0., 0., 0., 0., 0., 0., 0., 0., 0., 0., 0., 0., 0.,
       0., 0., 0., 0., 0., 0., 0., 0.]), 'locations': array([15, 12, 19, 17, 14, 18, 12, 13, 12, 15, 17, 18, 18, 15, 12, 15, 18,
       18, 14, 13, 18, 18, 12, 16, 13, 14, 15, 17, 15, 15, 13, 14, 17, 14,
       17, 15, 15, 15, 16, 16, 19, 12, 15, 18, 16, 14, 16, 18, 17, 15, 12,
       18, 19, 11, 18, 14, 15, 17, 17, 15, 16, 19, 16, 15, 17, 18, 15, 13,
       17, 19, 14, 17, 12, 15, 16, 15, 19, 12, 15, 15, 13, 18, 18, 12, 13,
       15, 16, 15, 13, 17, 18, 16, 18, 11, 14, 18, 17, 14, 18, 13, 11, 18,
       17, 14, 12, 15, 17, 16, 14, 19, 12, 14, 16, 12, 18, 13, 14, 12, 12,
       15, 13, 15, 17, 15, 11, 13, 19, 13, 19, 18, 17, 15, 18, 19, 19, 18,
       13, 12, 15, 12, 17, 17, 15, 15, 14, 18, 18, 12, 18, 19, 11, 11, 13,
       17, 13, 16, 15, 14, 17, 19, 12, 12, 13, 17, 15, 16, 15, 17, 17, 13,
       12, 12, 18, 14, 17, 16, 19, 15, 17, 12, 16, 17, 12, 18, 17, 15, 13,
       16, 15, 13, 13, 15, 15, 13, 17])}, {'ts_index': 1133, 'loc': 14, 'gap': 0.031018485270662532, 'distances': array([0.1536423 , 0.07246872, 0.14808597, 0.21150693, 0.1555262 ,
       0.10708029, 0.08306752, 0.09437425, 0.1560878 , 0.19580644,
       0.15551709, 0.10784528, 0.16873058, 0.17944531, 0.1446412 ,
       0.13356324, 0.21421305, 0.13904592, 0.19217262, 0.19030952,
       0.13285613, 0.06607598, 0.09892885, 0.12910027, 0.13087943,
       0.13783048, 0.19977566, 0.10967242, 0.15703415, 0.05890796,
       0.18127989, 0.20169234, 0.15463153, 0.1472249 , 0.19455695,
       0.1662035 , 0.13054054, 0.1166909 , 0.1802088 , 0.07926039,
       0.15810573, 0.10912464, 0.18213666, 0.10746059, 0.13587184,
       0.16437782, 0.11647608, 0.1250978 , 0.13931492, 0.12136607,
       0.05218965, 0.08679101, 0.13877348, 0.19817545, 0.13005688,
       0.18051189, 0.13774934, 0.1280803 , 0.0972495 , 0.17319311,
       0.1637952 , 0.15545501, 0.12143849, 0.10393713, 0.17954359,
       0.18075308, 0.15025785, 0.15492556, 0.13149639, 0.06712179,
       0.17011865, 0.16592816, 0.052804  , 0.1564551 , 0.13646968,
       0.13770856, 0.03264495, 0.1085113 , 0.16644444, 0.08029138,
       0.14753207, 0.09622558, 0.18281444, 0.12537473, 0.11855743,
       0.18287323, 0.08297674, 0.15438425, 0.17656005, 0.16153229,
       0.11671881, 0.07874697, 0.15392517, 0.16266629, 0.20004631,
       0.1194258 , 0.10678695, 0.08288898, 0.18064704, 0.08966068,
       0.15495661, 0.14103542, 0.13307674, 0.1630255 , 0.05572919,
       0.17895452, 0.10052735, 0.16781926, 0.14964158, 0.16105639,
       0.16899909, 0.14725593, 0.14733105, 0.1427364 , 0.17890054,
       0.14477576, 0.08259762, 0.14575246, 0.13564357, 0.13750835,
       0.15766717, 0.17247582, 0.19906281, 0.18535571, 0.13673078,
       0.13011397, 0.12876964, 0.21157951, 0.14034654, 0.17844084,
       0.1498082 , 0.20768431, 0.07976693, 0.13871963, 0.09527073,
       0.16842965, 0.10168165, 0.1826592 , 0.18788099, 0.14705311,
       0.1376324 , 0.08438135, 0.1750626 , 0.15420848, 0.1418576 ,
       0.04269171, 0.12168838, 0.06704357, 0.08312248, 0.21482459,
       0.15339177, 0.17654342, 0.15208481, 0.0835307 , 0.12178888,
       0.09254444, 0.12735989, 0.        , 0.16514135, 0.11243357,
       0.1645369 ]), 'delta_distances': array([0., 0., 0., 0., 0., 0., 0., 0., 0., 0., 0., 0., 0., 0., 0., 0., 0.,
       0., 0., 0., 0., 0., 0., 0., 0., 0., 0., 0., 0., 0., 0., 0., 0., 0.,
       0., 0., 0., 0., 0., 0., 0., 0., 0., 0., 0., 0., 0., 0., 0., 0., 0.,
       0., 0., 0., 0., 0., 0., 0., 0., 0., 0., 0., 0., 0., 0., 0., 0., 0.,
       0., 0., 0., 0., 0., 0., 0., 0., 0., 0., 0., 0., 0., 0., 0., 0., 0.,
       0., 0., 0., 0., 0., 0., 0., 0., 0., 0., 0., 0., 0., 0., 0., 0., 0.,
       0., 0., 0., 0., 0., 0., 0., 0., 0., 0., 0., 0., 0., 0., 0., 0., 0.,
       0., 0., 0., 0., 0., 0., 0., 0., 0., 0., 0., 0., 0., 0., 0., 0., 0.,
       0., 0., 0., 0., 0., 0., 0., 0., 0., 0., 0., 0., 0., 0., 0., 0., 0.,
       0., 0., 0., 0., 0., 0., 0., 0.]), 'locations': array([14, 13, 14,  9, 18, 14, 13, 16, 12, 18, 18, 16, 12, 18, 14, 14,  6,
       14, 12, 16, 17, 14, 14, 15, 13, 14, 15, 14, 15, 14, 15, 10, 13, 16,
       18, 15, 15, 16, 17, 16, 14, 13, 12, 18, 12, 18, 11, 14, 16, 11, 14,
       16, 19, 10, 16, 15, 17, 14, 14, 16, 17, 15, 15, 15, 14, 11, 13, 15,
       11, 14, 19, 17, 13, 13, 16, 15, 14, 13, 12, 15, 14, 12, 18, 14, 15,
       18, 14, 11, 18, 16, 15, 16, 15, 11, 18, 15, 15, 13, 18, 12, 13, 14,
       14, 17, 14, 11, 14, 18, 18, 17, 16, 16, 18, 18, 18, 13, 16, 16, 16,
       13, 14, 17, 12, 14, 14, 12, 13, 16, 15, 15, 14, 10, 13, 18, 16, 16,
       15, 17, 14, 11, 18, 15, 15, 15, 18, 16, 16, 13, 17,  3, 18, 16, 14,
       13, 17, 16, 14, 14, 15, 14, 17])}, {'ts_index': 121, 'loc': 19, 'gap': 0.0301011245979336, 'distances': array([0.25354612, 0.32535185, 0.08327528, 0.26520784, 0.23692018,
       0.26669536, 0.18829237, 0.30756751, 0.30305858, 0.19326255,
       0.25438116, 0.31479031, 0.32389458, 0.        , 0.31819207,
       0.19870705, 0.14520463, 0.2462679 , 0.22261116, 0.31779799,
       0.33283829, 0.22431475, 0.18895249, 0.25142738, 0.29756969,
       0.16842137, 0.13758623, 0.29445682, 0.21719983, 0.16255683,
       0.21036217, 0.22953256, 0.21716314, 0.19917883, 0.19431981,
       0.25050247, 0.31072639, 0.22832119, 0.29331969, 0.32762247,
       0.32041689, 0.27020197, 0.31053259, 0.29830207, 0.27189361,
       0.19779043, 0.28709873, 0.20277757, 0.20170708, 0.19951758,
       0.29409302, 0.17924003, 0.28996214, 0.29429272, 0.28212721,
       0.27830707, 0.31754156, 0.21851392, 0.24814195, 0.30222548,
       0.30700257, 0.28658886, 0.20150041, 0.1903088 , 0.31094826,
       0.21563958, 0.29502061, 0.32835454, 0.29128507, 0.31043753,
       0.28570268, 0.30817946, 0.27902183, 0.29261245, 0.29965896,
       0.1594277 , 0.32827902, 0.21692507, 0.31580162, 0.1693773 ,
       0.30626342, 0.25568181, 0.2733127 , 0.33885738, 0.33663638,
       0.27830227, 0.29744587, 0.18264347, 0.34725759, 0.26746034,
       0.29540619, 0.21025092, 0.24242646, 0.23275884, 0.28915322,
       0.27634813, 0.22198018, 0.33248638, 0.24293236, 0.29721056,
       0.30110647, 0.19458974, 0.23473729, 0.24400455, 0.28653314,
       0.26726261, 0.28122883, 0.30339294, 0.13666531, 0.29481546,
       0.22459373, 0.26801647, 0.23282012, 0.2275606 , 0.27888565,
       0.25074178, 0.2599722 , 0.16320982, 0.32831174, 0.2681835 ,
       0.2152457 , 0.17312631, 0.24048416, 0.22993249, 0.1463953 ,
       0.25425601, 0.24999748, 0.18863216, 0.31168446, 0.32615877,
       0.2705829 , 0.2214423 , 0.16406536]), 'delta_distances': array([0., 0., 0., 0., 0., 0., 0., 0., 0., 0., 0., 0., 0., 0., 0., 0., 0.,
       0., 0., 0., 0., 0., 0., 0., 0., 0., 0., 0., 0., 0., 0., 0., 0., 0.,
       0., 0., 0., 0., 0., 0., 0., 0., 0., 0., 0., 0., 0., 0., 0., 0., 0.,
       0., 0., 0., 0., 0., 0., 0., 0., 0., 0., 0., 0., 0., 0., 0., 0., 0.,
       0., 0., 0., 0., 0., 0., 0., 0., 0., 0., 0., 0., 0., 0., 0., 0., 0.,
       0., 0., 0., 0., 0., 0., 0., 0., 0., 0., 0., 0., 0., 0., 0., 0., 0.,
       0., 0., 0., 0., 0., 0., 0., 0., 0., 0., 0., 0., 0., 0., 0., 0., 0.,
       0., 0., 0., 0., 0., 0., 0., 0., 0., 0., 0., 0., 0., 0.]), 'locations': array([16, 15, 18, 17, 16, 18, 19, 15, 19, 18, 19, 14, 16, 19, 20, 18, 17,
       19, 16, 17, 19, 16, 17, 17, 18, 18, 19, 14, 17, 19, 17, 16, 18, 19,
       17, 15, 18, 20, 18, 18, 14, 17, 19, 19, 20, 16, 16, 18, 19, 16, 16,
       18, 17, 15, 17, 18, 15, 19, 19, 18, 14, 18, 19, 16, 17, 17, 15, 18,
       17, 18, 17, 18, 17, 17, 18, 18, 18, 16, 14, 20, 18, 18, 17, 18, 14,
       17, 18, 17, 15, 19, 21, 20, 18, 18, 20, 20, 18, 14, 19, 16, 15, 16,
       18, 18, 16, 17, 19, 14, 18, 18, 16, 17, 16, 19, 18, 18, 18, 15, 13,
       19, 18, 17, 20, 18, 19, 20, 17, 17, 16, 15, 15, 16, 19])}, {'ts_index': 698, 'loc': 35, 'gap': 0.017856665217141854, 'distances': array([0.07928085, 0.11083187, 0.07097251, 0.08568759, 0.11678191,
       0.09214334, 0.09408387, 0.08838179, 0.05221726, 0.08220395,
       0.0873192 , 0.09903592, 0.13483015, 0.11285754, 0.090765  ,
       0.08476311, 0.14410997, 0.11833345, 0.14788923, 0.19781361,
       0.09345602, 0.09891003, 0.09323586, 0.08164623, 0.08175612,
       0.10917804, 0.09239184, 0.08212183, 0.07944467, 0.06895841,
       0.09470088, 0.13038345, 0.07686178, 0.10459024, 0.12808755,
       0.13962695, 0.0978609 , 0.07276289, 0.08993553, 0.08014934,
       0.09526754, 0.0863296 , 0.09123697, 0.08494463, 0.08839613,
       0.09645057, 0.09352215, 0.1286942 , 0.10984824, 0.11685073,
       0.07724646, 0.08781441, 0.08300435, 0.        , 0.09894874,
       0.09267133, 0.08956445, 0.09739757, 0.0653298 , 0.10463174,
       0.13665606, 0.13929392, 0.1021956 , 0.08512846, 0.06625875,
       0.07828613, 0.08197155, 0.09088918, 0.08232897, 0.14447222,
       0.10503862, 0.05293425, 0.09963081, 0.08508647, 0.08056791,
       0.093951  , 0.08087129, 0.05319391, 0.06957318, 0.12016849,
       0.07455417, 0.15288286, 0.07692552]), 'delta_distances': array([0., 0., 0., 0., 0., 0., 0., 0., 0., 0., 0., 0., 0., 0., 0., 0., 0.,
       0., 0., 0., 0., 0., 0., 0., 0., 0., 0., 0., 0., 0., 0., 0., 0., 0.,
       0., 0., 0., 0., 0., 0., 0., 0., 0., 0., 0., 0., 0., 0., 0., 0., 0.,
       0., 0., 0., 0., 0., 0., 0., 0., 0., 0., 0., 0., 0., 0., 0., 0., 0.,
       0., 0., 0., 0., 0., 0., 0., 0., 0., 0., 0., 0., 0., 0., 0.]), 'locations': array([38, 39, 38, 36, 38, 40, 39, 33, 38, 38, 38, 39, 36, 36, 34, 34, 32,
       37, 39, 36, 33, 35, 38, 37, 39, 38, 34, 38, 37, 37, 35, 32, 39, 34,
       36, 40, 34, 37, 39, 39, 39, 37, 36, 39, 33, 37, 38, 34, 37, 35, 38,
       38, 32, 35, 36, 36, 38, 39, 39, 38, 39, 39, 35, 36, 35, 37, 39, 39,
       38, 32, 37, 38, 36, 38, 38, 37, 40, 39, 38, 36, 38, 35, 35])}, {'ts_index': 295, 'loc': 60, 'gap': 0.0390543624879921, 'distances': array([0.13942976, 0.        , 0.18853315, 0.17396447, 0.1146915 ,
       0.16629914, 0.1163807 , 0.1262361 , 0.07500462, 0.12897552,
       0.07397373, 0.0761467 , 0.06830203, 0.05981327]), 'delta_distances': array([0., 0., 0., 0., 0., 0., 0., 0., 0., 0., 0., 0., 0., 0.]), 'locations': array([61, 60, 61,  9, 61, 61, 61, 61, 61,  7, 61, 61, 61, 61])}], 'clusters': array([1, 1, 1, ..., 1, 1, 1]), 'time': 505.93928599357605}
