lenSubsequence: 11{'RI': 0.8743718592964824, 'num_clusters': 3, 'uShapelets': [{'ts_index': 145, 'loc': 85, 'gap': 0.4526667955554824, 'distances': array([0.71556758, 0.06626026, 0.68807792, 0.53666448, 0.06283982,
       0.6897066 , 0.54324456, 0.52649395, 0.54504269, 0.77305041,
       0.69613002, 0.54191225, 0.69428448, 0.69369095, 0.67681376,
       0.77382742, 0.58927611, 0.70797482, 0.06187771, 0.04497869,
       0.68790336, 0.76462088, 0.76693453, 0.11404298, 0.53760787,
       0.67418507, 0.69321426, 0.76763595, 0.7058889 , 0.76193668,
       0.68933326, 0.52868475, 0.5606905 , 0.54996594, 0.07474773,
       0.77221786, 0.67843633, 0.06769029, 0.54202004, 0.77264745,
       0.70433051, 0.78401608, 0.56296144, 0.52722294, 0.7713386 ,
       0.54130527, 0.02896564, 0.7660941 , 0.76932527, 0.70039312,
       0.52923035, 0.7650314 , 0.54571475, 0.15916557, 0.68126858,
       0.06358933, 0.68981519, 0.08896921, 0.70621456, 0.70120092,
       0.71383903, 0.0497869 , 0.69248203, 0.53379294, 0.77209718,
       0.04836184, 0.54465569, 0.14511258, 0.54335241, 0.03675696,
       0.04249618, 0.53832187, 0.70439168, 0.75615652, 0.0399388 ,
       0.52958545, 0.53974181, 0.77615689, 0.69329756, 0.55023229,
       0.56438144, 0.11766004, 0.77488706, 0.0523105 , 0.51942528,
       0.54531016, 0.77057612, 0.06566878, 0.04594103, 0.0654832 ,
       0.68163097, 0.06283311, 0.04767174, 0.54605776, 0.68279215,
       0.70395419, 0.55381193, 0.53694853, 0.68665242, 0.7720697 ,
       0.147958  , 0.54894072, 0.7660314 , 0.69199479, 0.21881916,
       0.78428227, 0.77053693, 0.02752459, 0.16447075, 0.77658178,
       0.75771176, 0.76627238, 0.76091263, 0.69656091, 0.75990726,
       0.05532855, 0.70065866, 0.55270001, 0.76951438, 0.77906843,
       0.78249893, 0.7729042 , 0.67753882, 0.55170636, 0.03756504,
       0.53627945, 0.77410132, 0.77960312, 0.53201298, 0.77471347,
       0.05786655, 0.13462025, 0.75830413, 0.78417008, 0.53575964,
       0.0609059 , 0.12603322, 0.54230033, 0.05668224, 0.16035709,
       0.68476724, 0.70514944, 0.71103836, 0.68365316, 0.70268894,
       0.        , 0.76501416, 0.76416498, 0.77510174, 0.56859736,
       0.76579329, 0.70889307, 0.51126115, 0.04687895, 0.76876812,
       0.55492215, 0.54454303, 0.53299413, 0.56303028, 0.05153872,
       0.69097519, 0.55369009, 0.76556257, 0.69011165, 0.70254915,
       0.55719725, 0.55405917, 0.04095351, 0.75240926, 0.77218313,
       0.55059597, 0.67855917, 0.54159471, 0.0338453 , 0.69990705,
       0.77195418, 0.04821688, 0.19053786, 0.68944562, 0.70613259,
       0.12542401, 0.69573182, 0.07689969, 0.69805409, 0.70432878,
       0.69584573, 0.77530134, 0.05060061, 0.54256976, 0.06229946,
       0.76640518, 0.77888603, 0.75786423, 0.06449954, 0.69568645,
       0.06584756, 0.54687142, 0.7787682 , 0.06649371, 0.53935653]), 'delta_distances': array([0., 0., 0., 0., 0., 0., 0., 0., 0., 0., 0., 0., 0., 0., 0., 0., 0.,
       0., 0., 0., 0., 0., 0., 0., 0., 0., 0., 0., 0., 0., 0., 0., 0., 0.,
       0., 0., 0., 0., 0., 0., 0., 0., 0., 0., 0., 0., 0., 0., 0., 0., 0.,
       0., 0., 0., 0., 0., 0., 0., 0., 0., 0., 0., 0., 0., 0., 0., 0., 0.,
       0., 0., 0., 0., 0., 0., 0., 0., 0., 0., 0., 0., 0., 0., 0., 0., 0.,
       0., 0., 0., 0., 0., 0., 0., 0., 0., 0., 0., 0., 0., 0., 0., 0., 0.,
       0., 0., 0., 0., 0., 0., 0., 0., 0., 0., 0., 0., 0., 0., 0., 0., 0.,
       0., 0., 0., 0., 0., 0., 0., 0., 0., 0., 0., 0., 0., 0., 0., 0., 0.,
       0., 0., 0., 0., 0., 0., 0., 0., 0., 0., 0., 0., 0., 0., 0., 0., 0.,
       0., 0., 0., 0., 0., 0., 0., 0., 0., 0., 0., 0., 0., 0., 0., 0., 0.,
       0., 0., 0., 0., 0., 0., 0., 0., 0., 0., 0., 0., 0., 0., 0., 0., 0.,
       0., 0., 0., 0., 0., 0., 0., 0., 0., 0., 0., 0., 0.]), 'locations': array([211,  90, 159,  56,  80, 173,  73,  67,  60, 122, 189,  53, 159,
       182, 175, 137,  57, 206,  99,  91, 169, 128, 117,  77,  80, 152,
       185, 119, 176,  99, 174,  71,  73,  83,  60, 140, 148,  74, 109,
       120, 180, 163,  87,  65, 160,  73,  50,  87,  67, 177,  72,  67,
       114, 104, 146,  74, 164,  90, 198, 194, 221,  87, 175, 102, 141,
        64,  91,  89,  79,  59,  72,  61, 192,  91,  48, 114,  88, 168,
       178,  65,  78, 101, 173,  98,  89,  87, 141,  96,  83,  64, 163,
        54,  59,  88, 165, 200,  89,  94, 158, 116,  52, 103, 124, 174,
        63, 144, 142,  50, 116, 125, 122, 104, 136, 199,  89,  98, 198,
        91, 118, 156, 121, 125, 149,  52,  90, 100, 125, 169,  98, 116,
        94,  51, 110, 159,  74, 108,  60,  85,  49,  50, 158, 197, 206,
       173, 185,  85, 137,  94, 122,  48,  96, 199,  69,  61, 123,  69,
        50,  64,  69,  82, 200,  85, 121, 176, 200,  74,  92,  86, 114,
       110,  67, 184,  71,  55, 168, 121,  65,  82, 170, 204,  47, 185,
        95, 184, 198, 186, 123,  89, 103,  73,  96, 105, 114, 107, 161,
        93,  94, 183,  94,  72])}, {'ts_index': 137, 'loc': 85, 'gap': 0.3616526234560532, 'distances': array([0.42180896, 0.44796652, 0.0419295 , 0.46480716, 0.0450336 ,
       0.04925721, 0.03702758, 0.43360888, 0.47489253, 0.06461155,
       0.46514736, 0.47644   , 0.45662817, 0.48926093, 0.06882965,
       0.42728336, 0.47171565, 0.46027126, 0.46186649, 0.03997055,
       0.43658799, 0.47110914, 0.4730256 , 0.4735208 , 0.51017179,
       0.46802723, 0.05942097, 0.09694396, 0.03756724, 0.42673249,
       0.42625436, 0.04883731, 0.44359712, 0.44952849, 0.41740006,
       0.07576301, 0.08633693, 0.43563834, 0.08519249, 0.50135396,
       0.49566063, 0.46582413, 0.05291651, 0.51214419, 0.07123451,
       0.4552284 , 0.46635982, 0.44163575, 0.46838515, 0.40549557,
       0.4703155 , 0.04764755, 0.46455825, 0.02977464, 0.05177183,
       0.04162594, 0.45933527, 0.50963286, 0.05791794, 0.05208528,
       0.48275295, 0.47634511, 0.03422724, 0.05586125, 0.45639037,
       0.04632093, 0.03596854, 0.51116112, 0.47883836, 0.06297061,
       0.47349785, 0.4357186 , 0.03231968, 0.07750788, 0.46325831,
       0.42223471, 0.03533313, 0.48887955, 0.47262906, 0.4224532 ,
       0.43400706, 0.43066918, 0.49968757, 0.48675933, 0.50986616,
       0.45811665, 0.47494951, 0.43092905, 0.03106684, 0.49120134,
       0.47572692, 0.43843023, 0.44734538, 0.45084469, 0.04616455,
       0.07781399, 0.48449896, 0.45854643, 0.03962938, 0.42654331,
       0.51155311, 0.42007251, 0.04837987, 0.        , 0.4671801 ,
       0.44221507, 0.4411556 , 0.4765637 , 0.47768175, 0.47208443,
       0.48540022, 0.43032327, 0.05443701, 0.49427411, 0.46471492,
       0.0640377 , 0.50765632, 0.01837578, 0.04576964, 0.08351078,
       0.03927809, 0.42802577, 0.10140276, 0.48174386, 0.4749235 ,
       0.44153867, 0.04040968, 0.11456425, 0.50940825, 0.49117449,
       0.04157936, 0.4629591 , 0.03946481, 0.45013452, 0.45643731,
       0.47447008, 0.42454352, 0.44248624, 0.45805594, 0.44951658,
       0.42771714, 0.4381501 , 0.03207391, 0.48718581, 0.45853224,
       0.47558109, 0.44189295, 0.05577189, 0.4261003 , 0.04970857]), 'delta_distances': array([0., 0., 0., 0., 0., 0., 0., 0., 0., 0., 0., 0., 0., 0., 0., 0., 0.,
       0., 0., 0., 0., 0., 0., 0., 0., 0., 0., 0., 0., 0., 0., 0., 0., 0.,
       0., 0., 0., 0., 0., 0., 0., 0., 0., 0., 0., 0., 0., 0., 0., 0., 0.,
       0., 0., 0., 0., 0., 0., 0., 0., 0., 0., 0., 0., 0., 0., 0., 0., 0.,
       0., 0., 0., 0., 0., 0., 0., 0., 0., 0., 0., 0., 0., 0., 0., 0., 0.,
       0., 0., 0., 0., 0., 0., 0., 0., 0., 0., 0., 0., 0., 0., 0., 0., 0.,
       0., 0., 0., 0., 0., 0., 0., 0., 0., 0., 0., 0., 0., 0., 0., 0., 0.,
       0., 0., 0., 0., 0., 0., 0., 0., 0., 0., 0., 0., 0., 0., 0., 0., 0.,
       0., 0., 0., 0., 0., 0., 0., 0., 0., 0., 0., 0., 0., 0.]), 'locations': array([ 51, 161,  56, 175,  73,  67,  60,  12,  48,  53, 160,  41, 177,
        21,  57,  90, 171,   9,   5,  80, 154,  65,  70, 179,  67, 176,
        71,  72,  83,  64, 149, 109,  54,  52,  44,  87,  65,  26,  73,
        63,  52,  12,  72, 153, 114, 148, 166,  30,  59,  36,  61, 102,
        34,  91,  79,  61,  62,  61, 114,  88,  30, 179,  65,  78,  23,
        89,  87,  51, 164,  88, 167,   8,  89,  94, 159,  46, 103,  49,
       177,   6,  62,  20,  56,  68,  54,  73,  55,  13,  91,  54,  72,
        81,  39, 150,  52, 100,  61,  64,  98,  58,  59,  30,  74,  85,
       160,  82,  26,  48, 187,   8,  55,  38,  48,  61,  24,  69,  54,
        69,  50,  64,  69,  20,  84,  51, 178,   5,  74,  92,  53,  52,
        67,  22,  71, 171,  52, 172,  30,   3,  69,  14,  62,  58, 103,
        59,  67,   1, 165,  94,  59,  72])}], 'clusters': array([0, 1, 0, 2, 1, 0, 2, 2, 2, 0, 0, 2, 0, 0, 0, 0, 2, 0, 1, 1, 0, 0,
       0, 1, 2, 0, 0, 0, 0, 0, 0, 2, 2, 2, 1, 0, 0, 1, 2, 0, 0, 0, 2, 2,
       0, 2, 1, 0, 0, 0, 2, 0, 2, 1, 0, 1, 0, 1, 0, 0, 0, 1, 0, 2, 0, 1,
       2, 1, 2, 1, 1, 2, 0, 0, 1, 2, 2, 0, 0, 2, 2, 1, 0, 1, 2, 2, 0, 1,
       1, 1, 0, 1, 1, 2, 0, 0, 2, 2, 0, 0, 1, 2, 0, 0, 1, 0, 0, 1, 1, 0,
       0, 0, 0, 0, 0, 1, 0, 2, 0, 0, 0, 0, 0, 2, 1, 2, 0, 0, 2, 0, 1, 1,
       0, 0, 2, 1, 1, 2, 1, 1, 0, 0, 0, 0, 0, 1, 0, 0, 0, 2, 0, 0, 2, 1,
       0, 2, 2, 2, 2, 1, 0, 2, 0, 0, 0, 2, 2, 1, 0, 0, 2, 0, 2, 1, 0, 0,
       1, 1, 0, 0, 1, 0, 1, 0, 0, 0, 0, 1, 2, 1, 0, 0, 0, 1, 0, 1, 2, 0,
       1, 2]), 'time': 456.3055579662323}
lenSubsequence: 15{'RI': 0.8743718592964824, 'num_clusters': 3, 'uShapelets': [{'ts_index': 46, 'loc': 49, 'gap': 0.32924530925363704, 'distances': array([0.57627072, 0.04764876, 0.54825293, 0.39174072, 0.03301999,
       0.55214515, 0.40115112, 0.38618616, 0.39731048, 0.64209935,
       0.55860539, 0.39841354, 0.55715279, 0.56183427, 0.54133195,
       0.63392598, 0.43243139, 0.58125772, 0.03914293, 0.06309721,
       0.55377161, 0.62815608, 0.63431171, 0.07112674, 0.39514405,
       0.53704847, 0.55951823, 0.62588762, 0.55912874, 0.62735123,
       0.5540289 , 0.38653508, 0.41158049, 0.40458777, 0.05090719,
       0.64005328, 0.54479966, 0.04242766, 0.39525654, 0.63824999,
       0.57334567, 0.65065779, 0.40902439, 0.38599493, 0.63725886,
       0.39873577, 0.        , 0.62450383, 0.62153524, 0.57176408,
       0.38441649, 0.618564  , 0.39108642, 0.135886  , 0.54317107,
       0.04085535, 0.55203501, 0.06640666, 0.57163266, 0.56491417,
       0.586503  , 0.03644728, 0.55697383, 0.38895851, 0.63432701,
       0.03276326, 0.4001969 , 0.12166035, 0.39805974, 0.01773484,
       0.03144448, 0.39052749, 0.57080818, 0.619222  , 0.02511308,
       0.39328059, 0.3962582 , 0.63519233, 0.55840156, 0.40306182,
       0.41551432, 0.11145163, 0.6380979 , 0.04326138, 0.38335463,
       0.4016584 , 0.62958449, 0.05468735, 0.02431186, 0.04375462,
       0.55980547, 0.04931666, 0.02687469, 0.40410995, 0.55173464,
       0.57434043, 0.40691244, 0.39199272, 0.54769986, 0.63573395,
       0.13623816, 0.40126886, 0.62263735, 0.55429273, 0.16363015,
       0.65084322, 0.63841795, 0.02649956, 0.15419673, 0.64076216,
       0.61959801, 0.62384397, 0.61890652, 0.56043672, 0.61903835,
       0.04021266, 0.56912897, 0.40333217, 0.62950923, 0.63511149,
       0.64405846, 0.63179083, 0.55082001, 0.40162804, 0.02528724,
       0.39012857, 0.63086336, 0.63880887, 0.3883938 , 0.64086032,
       0.03164139, 0.12917213, 0.61414156, 0.65247543, 0.39165888,
       0.03708177, 0.12169366, 0.39915889, 0.03438191, 0.13344216,
       0.55631347, 0.57428289, 0.57085766, 0.55353589, 0.56247087,
       0.08365309, 0.633086  , 0.62612784, 0.63906157, 0.41595587,
       0.62542396, 0.56669703, 0.37519218, 0.03172941, 0.62806975,
       0.40725128, 0.39895376, 0.38720988, 0.41149621, 0.03375928,
       0.57122068, 0.40773686, 0.627812  , 0.55486763, 0.57336354,
       0.40726015, 0.40610019, 0.02226048, 0.6217515 , 0.62723085,
       0.40093929, 0.56078252, 0.39785627, 0.02420441, 0.55102109,
       0.63547194, 0.02503056, 0.15674982, 0.55583105, 0.57603072,
       0.13308569, 0.56155036, 0.0453788 , 0.57102065, 0.57273106,
       0.57703357, 0.64070945, 0.02871229, 0.39864852, 0.04220158,
       0.62844176, 0.63670042, 0.62352826, 0.0412296 , 0.54690744,
       0.03656313, 0.40096423, 0.64736718, 0.04235249, 0.39346525]), 'delta_distances': array([0., 0., 0., 0., 0., 0., 0., 0., 0., 0., 0., 0., 0., 0., 0., 0., 0.,
       0., 0., 0., 0., 0., 0., 0., 0., 0., 0., 0., 0., 0., 0., 0., 0., 0.,
       0., 0., 0., 0., 0., 0., 0., 0., 0., 0., 0., 0., 0., 0., 0., 0., 0.,
       0., 0., 0., 0., 0., 0., 0., 0., 0., 0., 0., 0., 0., 0., 0., 0., 0.,
       0., 0., 0., 0., 0., 0., 0., 0., 0., 0., 0., 0., 0., 0., 0., 0., 0.,
       0., 0., 0., 0., 0., 0., 0., 0., 0., 0., 0., 0., 0., 0., 0., 0., 0.,
       0., 0., 0., 0., 0., 0., 0., 0., 0., 0., 0., 0., 0., 0., 0., 0., 0.,
       0., 0., 0., 0., 0., 0., 0., 0., 0., 0., 0., 0., 0., 0., 0., 0., 0.,
       0., 0., 0., 0., 0., 0., 0., 0., 0., 0., 0., 0., 0., 0., 0., 0., 0.,
       0., 0., 0., 0., 0., 0., 0., 0., 0., 0., 0., 0., 0., 0., 0., 0., 0.,
       0., 0., 0., 0., 0., 0., 0., 0., 0., 0., 0., 0., 0., 0., 0., 0., 0.,
       0., 0., 0., 0., 0., 0., 0., 0., 0., 0., 0., 0., 0.]), 'locations': array([210,  89, 158,  55,  79, 172,  72,  66,  59, 156, 187,  52, 157,
       180, 174, 129,  56, 204,  98,  90, 168, 127, 115,  76,  79, 150,
       184, 116, 175, 111, 173,  70,  72,  82,  59, 139, 147,  73, 108,
       119, 178, 161,  86,  64, 160,  72,  49, 105,  83, 176,  71, 124,
       113, 103, 144,  73, 162,  89, 196, 192, 219,  86, 173, 101, 140,
        63,  90,  88,  78,  58,  71,  60, 191,  90,  47, 113,  87, 125,
       176,  64,  77, 100, 130,  97,  88,  86, 186,  95,  82,  63, 161,
        53,  58,  87, 164, 199,  88,  93, 156, 114,  51, 102, 109, 173,
        62, 163, 141,  49, 115, 124, 122, 104, 135, 198,  85,  97, 196,
        90, 105, 112, 119, 119, 148,  51,  89,  99, 124, 144,  97, 113,
        93,  50, 110, 144,  73, 107,  59,  84,  48,  49, 156, 196, 204,
       172, 183,  84,  93, 124, 121,  47,  94, 197,  68,  60, 110,  68,
        49,  63,  68,  81, 198,  84, 121, 175, 198,  73,  91,  85, 114,
       108,  66, 183,  70,  54, 166, 120,  64,  81, 169, 203,  46, 184,
        94, 182, 196, 184, 162,  88, 102,  72,  95, 140, 113, 106, 160,
        92,  93, 182,  93,  71])}, {'ts_index': 137, 'loc': 82, 'gap': 0.32336442372752927, 'distances': array([0.3916231 , 0.36605269, 0.03797976, 0.38241224, 0.03417504,
       0.04200228, 0.03283656, 0.40335254, 0.39247685, 0.05172332,
       0.38101683, 0.39718893, 0.37615777, 0.44573774, 0.05106319,
       0.39820659, 0.38441881, 0.43437725, 0.43067069, 0.03211604,
       0.35902897, 0.39772434, 0.44280808, 0.38891703, 0.42419433,
       0.38340828, 0.04749807, 0.07132196, 0.03006445, 0.39747733,
       0.35241752, 0.05368886, 0.40729514, 0.41488598, 0.38066067,
       0.05840114, 0.06487526, 0.39848033, 0.06505731, 0.43517215,
       0.42127931, 0.41004436, 0.0437374 , 0.41500718, 0.07102782,
       0.37537872, 0.38176728, 0.41282256, 0.39884425, 0.37984879,
       0.38981001, 0.04199698, 0.4309104 , 0.05136648, 0.04061685,
       0.04228517, 0.41206375, 0.43797999, 0.04670056, 0.03997371,
       0.44707574, 0.38840413, 0.04172353, 0.04646662, 0.41828458,
       0.0361895 , 0.02654347, 0.43008801, 0.39123947, 0.05374648,
       0.38917435, 0.40256924, 0.02719616, 0.06142551, 0.38019659,
       0.40127276, 0.03104899, 0.42307033, 0.38655139, 0.38763112,
       0.40195119, 0.39034933, 0.43663866, 0.42811052, 0.42185674,
       0.39922591, 0.42211548, 0.40360187, 0.02821261, 0.42203312,
       0.4328199 , 0.40502123, 0.42043622, 0.37207822, 0.03820884,
       0.06411899, 0.4345561 , 0.42557676, 0.03351955, 0.40316315,
       0.42593266, 0.38752594, 0.04153906, 0.        , 0.38439633,
       0.40785658, 0.40854173, 0.39598382, 0.38920518, 0.43316298,
       0.43458384, 0.39493192, 0.04100574, 0.43216586, 0.40385907,
       0.04863414, 0.42833964, 0.01981829, 0.04688283, 0.08252757,
       0.03057726, 0.39190733, 0.0760912 , 0.43633694, 0.38874806,
       0.4053665 , 0.03165473, 0.08436545, 0.42226807, 0.43318036,
       0.0426927 , 0.40829663, 0.0343969 , 0.3658642 , 0.42069964,
       0.38719636, 0.38941242, 0.40413783, 0.4125288 , 0.41286252,
       0.40074331, 0.4020058 , 0.03329531, 0.43940944, 0.42780849,
       0.43713155, 0.3606389 , 0.04295346, 0.39119395, 0.0392803 ]), 'delta_distances': array([0., 0., 0., 0., 0., 0., 0., 0., 0., 0., 0., 0., 0., 0., 0., 0., 0.,
       0., 0., 0., 0., 0., 0., 0., 0., 0., 0., 0., 0., 0., 0., 0., 0., 0.,
       0., 0., 0., 0., 0., 0., 0., 0., 0., 0., 0., 0., 0., 0., 0., 0., 0.,
       0., 0., 0., 0., 0., 0., 0., 0., 0., 0., 0., 0., 0., 0., 0., 0., 0.,
       0., 0., 0., 0., 0., 0., 0., 0., 0., 0., 0., 0., 0., 0., 0., 0., 0.,
       0., 0., 0., 0., 0., 0., 0., 0., 0., 0., 0., 0., 0., 0., 0., 0., 0.,
       0., 0., 0., 0., 0., 0., 0., 0., 0., 0., 0., 0., 0., 0., 0., 0., 0.,
       0., 0., 0., 0., 0., 0., 0., 0., 0., 0., 0., 0., 0., 0., 0., 0., 0.,
       0., 0., 0., 0., 0., 0., 0., 0., 0., 0., 0., 0., 0., 0.]), 'locations': array([ 51, 157,  53, 172,  70,  64,  57,   9, 187,  50, 157, 180, 174,
       133,  54,   7, 168,   6,   1,  77, 150, 184, 116, 176,  84, 173,
        68,  69,  80,   7, 145, 106,  49, 178,  42,  84,  62,  26,  70,
       107,  84, 175,  69,  64, 111, 144, 163, 196, 192,  33, 173,  99,
        34,  88,  76,  58, 191,  75, 111,  85,  83, 176,  62,  75,  23,
        86,  84,  62, 160,  85, 164,   8,  86,  91, 156,  45, 100, 120,
       173,   4,  61,  16, 120,  70, 113, 198,  85,  13,  88,  69,  73,
        79,  37, 147,  49,  97,  82,  61,  95,  56,  70,  30,  71,  82,
       156,  79,  45, 171, 184,  95, 126,  38,  45,  92, 198,  66,  64,
        66,  47,  61,  66,  20,  81,  83, 175,   8,  71,  89, 110, 177,
        64, 181,  68, 168,  50, 169,  59, 184, 181,  53,  62,  54, 100,
        78,  64,   0, 161,  91,  57,  69])}], 'clusters': array([0, 1, 0, 2, 1, 0, 2, 2, 2, 0, 0, 2, 0, 0, 0, 0, 2, 0, 1, 1, 0, 0,
       0, 1, 2, 0, 0, 0, 0, 0, 0, 2, 2, 2, 1, 0, 0, 1, 2, 0, 0, 0, 2, 2,
       0, 2, 1, 0, 0, 0, 2, 0, 2, 1, 0, 1, 0, 1, 0, 0, 0, 1, 0, 2, 0, 1,
       2, 1, 2, 1, 1, 2, 0, 0, 1, 2, 2, 0, 0, 2, 2, 1, 0, 1, 2, 2, 0, 1,
       1, 1, 0, 1, 1, 2, 0, 0, 2, 2, 0, 0, 1, 2, 0, 0, 1, 0, 0, 1, 1, 0,
       0, 0, 0, 0, 0, 1, 0, 2, 0, 0, 0, 0, 0, 2, 1, 2, 0, 0, 2, 0, 1, 1,
       0, 0, 2, 1, 1, 2, 1, 1, 0, 0, 0, 0, 0, 1, 0, 0, 0, 2, 0, 0, 2, 1,
       0, 2, 2, 2, 2, 1, 0, 2, 0, 0, 0, 2, 2, 1, 0, 0, 2, 0, 2, 1, 0, 0,
       1, 1, 0, 0, 1, 0, 1, 0, 0, 0, 0, 1, 2, 1, 0, 0, 0, 1, 0, 1, 2, 0,
       1, 2]), 'time': 441.0700891017914}
lenSubsequence: 19{'RI': 0.8743718592964824, 'num_clusters': 3, 'uShapelets': [{'ts_index': 70, 'loc': 72, 'gap': 0.27794148910580274, 'distances': array([0.52925117, 0.04444378, 0.52237227, 0.30352098, 0.04372097,
       0.52693422, 0.3094592 , 0.29837251, 0.30875128, 0.53794816,
       0.5367187 , 0.30582491, 0.52917212, 0.54061317, 0.51974742,
       0.56763569, 0.33430413, 0.53410119, 0.05096406, 0.05129425,
       0.53108373, 0.55516941, 0.54998521, 0.07213841, 0.30502199,
       0.50979108, 0.53602949, 0.55877961, 0.53227245, 0.58112661,
       0.53009131, 0.2986651 , 0.31874708, 0.31183266, 0.05013845,
       0.53357415, 0.51660613, 0.05132715, 0.30746312, 0.54078342,
       0.54616503, 0.52797909, 0.3184017 , 0.29963672, 0.53752041,
       0.30788667, 0.02749329, 0.57483189, 0.56732724, 0.55112664,
       0.29978714, 0.56591668, 0.3086048 , 0.09465697, 0.52315097,
       0.0409799 , 0.52810274, 0.0565392 , 0.54189653, 0.54126762,
       0.52102895, 0.04401851, 0.53577089, 0.30279689, 0.55469914,
       0.03290484, 0.30885932, 0.08634162, 0.30843619, 0.03168294,
       0.        , 0.30564332, 0.55054075, 0.57355346, 0.02156123,
       0.30053104, 0.30572866, 0.56440471, 0.53776115, 0.31082347,
       0.31924138, 0.07248578, 0.5504302 , 0.04577435, 0.29426132,
       0.31107848, 0.57760421, 0.06296497, 0.03602438, 0.0443629 ,
       0.53722146, 0.04442682, 0.04441691, 0.31030776, 0.53205376,
       0.53868948, 0.31367754, 0.30391317, 0.52253247, 0.53282381,
       0.08482034, 0.31081118, 0.57154263, 0.52953072, 0.11691077,
       0.53050925, 0.53591853, 0.03390029, 0.09220063, 0.53223831,
       0.57254275, 0.56751733, 0.57227486, 0.53952951, 0.57226931,
       0.03830845, 0.53593996, 0.31317452, 0.57601525, 0.57026916,
       0.54120897, 0.54455377, 0.52615598, 0.31215764, 0.03245858,
       0.30653597, 0.57577471, 0.551815  , 0.30049159, 0.53351745,
       0.04303349, 0.08417986, 0.56909916, 0.53171752, 0.302788  ,
       0.04667145, 0.07393628, 0.3078433 , 0.02691234, 0.09537169,
       0.52899937, 0.54252338, 0.54213331, 0.53438366, 0.53435388,
       0.02600863, 0.55586197, 0.57744379, 0.53222248, 0.32198984,
       0.57833362, 0.54181   , 0.28897371, 0.04022819, 0.57609333,
       0.31496813, 0.30974419, 0.30218991, 0.31856184, 0.04244609,
       0.52986225, 0.31264666, 0.56338978, 0.53273078, 0.53988752,
       0.31592865, 0.3134113 , 0.03273934, 0.57609857, 0.57656973,
       0.31092299, 0.54536205, 0.30744852, 0.03260419, 0.51440861,
       0.55018191, 0.03807032, 0.11103606, 0.53010721, 0.53116866,
       0.07678442, 0.54377218, 0.04918091, 0.55440845, 0.54665237,
       0.53198784, 0.53993897, 0.03610703, 0.30730527, 0.04138205,
       0.5655766 , 0.55793294, 0.56056525, 0.05357217, 0.51337114,
       0.04229592, 0.3102083 , 0.53438854, 0.05749163, 0.30487028]), 'delta_distances': array([0., 0., 0., 0., 0., 0., 0., 0., 0., 0., 0., 0., 0., 0., 0., 0., 0.,
       0., 0., 0., 0., 0., 0., 0., 0., 0., 0., 0., 0., 0., 0., 0., 0., 0.,
       0., 0., 0., 0., 0., 0., 0., 0., 0., 0., 0., 0., 0., 0., 0., 0., 0.,
       0., 0., 0., 0., 0., 0., 0., 0., 0., 0., 0., 0., 0., 0., 0., 0., 0.,
       0., 0., 0., 0., 0., 0., 0., 0., 0., 0., 0., 0., 0., 0., 0., 0., 0.,
       0., 0., 0., 0., 0., 0., 0., 0., 0., 0., 0., 0., 0., 0., 0., 0., 0.,
       0., 0., 0., 0., 0., 0., 0., 0., 0., 0., 0., 0., 0., 0., 0., 0., 0.,
       0., 0., 0., 0., 0., 0., 0., 0., 0., 0., 0., 0., 0., 0., 0., 0., 0.,
       0., 0., 0., 0., 0., 0., 0., 0., 0., 0., 0., 0., 0., 0., 0., 0., 0.,
       0., 0., 0., 0., 0., 0., 0., 0., 0., 0., 0., 0., 0., 0., 0., 0., 0.,
       0., 0., 0., 0., 0., 0., 0., 0., 0., 0., 0., 0., 0., 0., 0., 0., 0.,
       0., 0., 0., 0., 0., 0., 0., 0., 0., 0., 0., 0., 0.]), 'locations': array([ 51,  90, 158,  56,  80, 172,  73,  67,  60,  14, 187,  53, 157,
       181, 174,  21,  57,  10,  99,  91, 168,   8,   4,  77,  80, 151,
       184,  26, 175,  80, 173,  71,  73,  83,  60,  64, 146,  74, 109,
        55,  52,  42,  87,  65,  26,  73,  50, 105,  85, 176,  72, 124,
       114, 104, 145,  74, 163,  90,  30, 192,  37,  87, 174, 102,  47,
        64,  91,  89,  79,  59,  72,  61, 191,  91,  48, 114,  88,  31,
       176,  65,  78, 101,  23,  98,  89,  87, 133,  96,  83,  64, 162,
        54,  59,  88, 164,   8,  89,  94, 156,  15,  52, 103, 116, 173,
        63,   5,  63,  50, 116,  15, 122,  24, 112, 198,  87,  98,  14,
        91,   9,   4,  38,  40, 148,  52,  90, 100,  11,  17,  98,  58,
        94,  51, 111,  30,  74, 108,  60,  85,  49,  50, 157,  20,  50,
       172, 183,  85,   8, 125,  38,  48, 169, 197,  69,  61,  93,  69,
        50,  64,  69,  82,  20,  85,  32, 175,   3,  74,  92,  86, 114,
        87,  67, 183,  71,  55, 166,  54,  65,  82, 169,  29,  47,   3,
        95, 182,   3,  62,  59,  89, 103,  73,  27,  15,  16, 107, 160,
        93,  94,  41,  94,  72])}, {'ts_index': 101, 'loc': 99, 'gap': 0.29688594075606944, 'distances': array([0.33772723, 0.36383255, 0.03798673, 0.37549085, 0.03631381,
       0.03734788, 0.03360101, 0.35101821, 0.37771339, 0.03891086,
       0.37506665, 0.377162  , 0.37388473, 0.39185033, 0.04381445,
       0.34295761, 0.37937659, 0.37535081, 0.37047368, 0.03544552,
       0.35458374, 0.38320926, 0.38039915, 0.38371625, 0.41073075,
       0.37735256, 0.03455394, 0.06026382, 0.03402504, 0.34341233,
       0.35152537, 0.04463459, 0.35070339, 0.36164856, 0.33263241,
       0.04561169, 0.05468467, 0.34619373, 0.07150209, 0.40944039,
       0.39849589, 0.3748729 , 0.03541734, 0.4000727 , 0.05629358,
       0.37316386, 0.37619307, 0.35743   , 0.37252982, 0.33552317,
       0.38487412, 0.03521285, 0.37097455, 0.04223162, 0.04776022,
       0.0398755 , 0.37195648, 0.41079658, 0.04349483, 0.03611244,
       0.3850949 , 0.38269249, 0.04098236, 0.04683495, 0.36048744,
       0.04045626, 0.04260496, 0.41154597, 0.38702001, 0.05625454,
       0.38127662, 0.35006336, 0.03245525, 0.04985644, 0.37547408,
       0.34657643, 0.        , 0.40679181, 0.38195262, 0.33780968,
       0.34768553, 0.33626199, 0.41315094, 0.39863682, 0.40697216,
       0.37215297, 0.40843155, 0.34907438, 0.02606581, 0.40653849,
       0.38768119, 0.35029755, 0.36394409, 0.36867895, 0.02696997,
       0.04749364, 0.39824216, 0.36899371, 0.03165469, 0.35295141,
       0.40991085, 0.3359949 , 0.04005934, 0.03819526, 0.37695215,
       0.35265187, 0.35258788, 0.3826028 , 0.38232573, 0.37778322,
       0.40243104, 0.34257823, 0.04047608, 0.41486909, 0.371267  ,
       0.04165872, 0.41182307, 0.03424144, 0.03370793, 0.06346382,
       0.03222033, 0.34008316, 0.06353765, 0.3868204 , 0.38386261,
       0.34698546, 0.03331167, 0.069005  , 0.41333843, 0.41240153,
       0.03796178, 0.36767553, 0.04504384, 0.35881945, 0.36221096,
       0.37886592, 0.33946859, 0.35498152, 0.36867368, 0.35699983,
       0.34699432, 0.34811944, 0.03005208, 0.38591663, 0.37475268,
       0.37733815, 0.35798541, 0.04092568, 0.34029654, 0.0396951 ]), 'delta_distances': array([0., 0., 0., 0., 0., 0., 0., 0., 0., 0., 0., 0., 0., 0., 0., 0., 0.,
       0., 0., 0., 0., 0., 0., 0., 0., 0., 0., 0., 0., 0., 0., 0., 0., 0.,
       0., 0., 0., 0., 0., 0., 0., 0., 0., 0., 0., 0., 0., 0., 0., 0., 0.,
       0., 0., 0., 0., 0., 0., 0., 0., 0., 0., 0., 0., 0., 0., 0., 0., 0.,
       0., 0., 0., 0., 0., 0., 0., 0., 0., 0., 0., 0., 0., 0., 0., 0., 0.,
       0., 0., 0., 0., 0., 0., 0., 0., 0., 0., 0., 0., 0., 0., 0., 0., 0.,
       0., 0., 0., 0., 0., 0., 0., 0., 0., 0., 0., 0., 0., 0., 0., 0., 0.,
       0., 0., 0., 0., 0., 0., 0., 0., 0., 0., 0., 0., 0., 0., 0., 0., 0.,
       0., 0., 0., 0., 0., 0., 0., 0., 0., 0., 0., 0., 0., 0.]), 'locations': array([ 50, 155,  52, 170,  69,  63,  56,   8,  45,  49, 155,  37, 172,
         3,  53,  33, 165,   6,   1,  76, 149,   1,  27, 173,  80, 171,
        67,  68,  79,   6, 144, 105,  53,  38,  41,  83,  61,  25,  69,
        21,  85,  12,  68, 150, 110, 142, 160,  40,   6,  35, 171,  98,
        34,  87,  75,  57,   4,   7, 110,  84,  33, 174,  61,  74,  23,
        85,  83,  70, 159,  84,  25,  37,  85,  90, 154,  43,  99, 118,
       172,   0,  61,  16,  18,  24, 109,  11,  81,  12,  87,   3,   4,
        32,  37, 145,  48,  96,   7,  59,  94,  54, 106,  28,  70,  81,
       155,  37,  44,   3, 182,   8,  43,  38,  44, 172,  45,  65,  92,
        65,  46,  60,  65,  20,  80,  45, 173,   3,  70,  88, 108, 174,
        63,  32,  67, 165,  49, 167,  56,  23,  53,  53,  62,  54,  99,
        27,  15,   0, 159,  90,  56,  68])}], 'clusters': array([0, 1, 0, 2, 1, 0, 2, 2, 2, 0, 0, 2, 0, 0, 0, 0, 2, 0, 1, 1, 0, 0,
       0, 1, 2, 0, 0, 0, 0, 0, 0, 2, 2, 2, 1, 0, 0, 1, 2, 0, 0, 0, 2, 2,
       0, 2, 1, 0, 0, 0, 2, 0, 2, 1, 0, 1, 0, 1, 0, 0, 0, 1, 0, 2, 0, 1,
       2, 1, 2, 1, 1, 2, 0, 0, 1, 2, 2, 0, 0, 2, 2, 1, 0, 1, 2, 2, 0, 1,
       1, 1, 0, 1, 1, 2, 0, 0, 2, 2, 0, 0, 1, 2, 0, 0, 1, 0, 0, 1, 1, 0,
       0, 0, 0, 0, 0, 1, 0, 2, 0, 0, 0, 0, 0, 2, 1, 2, 0, 0, 2, 0, 1, 1,
       0, 0, 2, 1, 1, 2, 1, 1, 0, 0, 0, 0, 0, 1, 0, 0, 0, 2, 0, 0, 2, 1,
       0, 2, 2, 2, 2, 1, 0, 2, 0, 0, 0, 2, 2, 1, 0, 0, 2, 0, 2, 1, 0, 0,
       1, 1, 0, 0, 1, 0, 1, 0, 0, 0, 0, 1, 2, 1, 0, 0, 0, 1, 0, 1, 2, 0,
       1, 2]), 'time': 421.2153248786926}
