lenSubsequence: 6{'RI': 0.5032030130320301, 'num_clusters': 4, 'uShapelets': [{'ts_index': 200, 'loc': 9, 'gap': 0.11247142894150641, 'distances': array([0.26102857, 0.07690127, 0.12141938, ..., 0.0892677 , 0.08788582,
       0.2824792 ]), 'delta_distances': array([0., 0., 0., ..., 0., 0., 0.]), 'locations': array([10,  9, 14, ..., 10,  9,  9])}, {'ts_index': 327, 'loc': 18, 'gap': 0.14721446625759618, 'distances': array([0.37595818, 0.47063784, 0.42990219, 0.39015645, 0.09885891,
       0.1293766 , 0.15841963, 0.15491261, 0.45366079, 0.33839215,
       0.60601888, 0.64158961, 0.51047189, 0.27987304, 0.47240702,
       0.38326075, 0.3983219 , 0.11614084, 0.17194242, 0.33121015,
       0.4405622 , 0.39762192, 0.15621869, 0.45957876, 0.39394987,
       0.38608469, 0.62923752, 0.50810509, 0.27648377, 0.43508297,
       0.33481944, 0.39718149, 0.42842074, 0.22468985, 0.18030715,
       0.20796901, 0.26276088, 0.1724715 , 0.54259669, 0.63769568,
       0.21631407, 0.18301814, 0.61383096, 0.16821993, 0.43485732,
       0.42998007, 0.45011295, 0.45706057, 0.44462291, 0.56697756,
       0.26116555, 0.42139088, 0.16732188, 0.61066328, 0.16117373,
       0.16316607, 0.4728242 , 0.42448223, 0.41777662, 0.42978968,
       0.33744547, 0.16976462, 0.37303362, 0.19078194, 0.34547118,
       0.37347706, 0.17641775, 0.40564951, 0.20608904, 0.58979031,
       0.56848146, 0.40399374, 0.17813595, 0.17248792, 0.54913101,
       0.45476597, 0.61565545, 0.16702728, 0.47993669, 0.42781989,
       0.14231606, 0.39063246, 0.43453689, 0.36546496, 0.15855064,
       0.4827386 , 0.38189364, 0.41937271, 0.414818  , 0.15563142,
       0.1724243 , 0.57067514, 0.19816176, 0.17331683, 0.42748912,
       0.21450952, 0.53784774, 0.35041357, 0.3018141 , 0.61444422,
       0.42698514, 0.3234474 , 0.19635816, 0.20251934, 0.34995071,
       0.10027158, 0.46521303, 0.48443538, 0.28844006, 0.16659632,
       0.40172707, 0.20374678, 0.25386053, 0.42436106, 0.48079483,
       0.22895536, 0.40240627, 0.61453352, 0.4522405 , 0.47840145,
       0.38226151, 0.40565571, 0.20174702, 0.69027931, 0.17912108,
       0.53927629, 0.49225095, 0.48461749, 0.18683088, 0.49104277,
       0.38505043, 0.37018937, 0.19081958, 0.38597215, 0.20029922,
       0.4130918 , 0.29443666, 0.51524859, 0.21371145, 0.36596277,
       0.1318899 , 0.43772321, 0.19748326, 0.11362035, 0.33192913,
       0.1602297 , 0.15327064, 0.15654206, 0.40500295, 0.36906797,
       0.15670895, 0.56228564, 0.47354309, 0.49141821, 0.55529999,
       0.48116014, 0.29227613, 0.15423854, 0.61212873, 0.18397524,
       0.24878499, 0.37843167, 0.1887232 , 0.10882108, 0.39658844,
       0.41634791, 0.4722979 , 0.17673733, 0.53550184, 0.46830148,
       0.21082846, 0.30255312, 0.61184368, 0.59751023, 0.50227577,
       0.45215684, 0.18888525, 0.52023232, 0.11937185, 0.51274975,
       0.41932482, 0.18784479, 0.57266494, 0.44076953]), 'delta_distances': array([0., 0., 0., 0., 0., 0., 0., 0., 0., 0., 0., 0., 0., 0., 0., 0., 0.,
       0., 0., 0., 0., 0., 0., 0., 0., 0., 0., 0., 0., 0., 0., 0., 0., 0.,
       0., 0., 0., 0., 0., 0., 0., 0., 0., 0., 0., 0., 0., 0., 0., 0., 0.,
       0., 0., 0., 0., 0., 0., 0., 0., 0., 0., 0., 0., 0., 0., 0., 0., 0.,
       0., 0., 0., 0., 0., 0., 0., 0., 0., 0., 0., 0., 0., 0., 0., 0., 0.,
       0., 0., 0., 0., 0., 0., 0., 0., 0., 0., 0., 0., 0., 0., 0., 0., 0.,
       0., 0., 0., 0., 0., 0., 0., 0., 0., 0., 0., 0., 0., 0., 0., 0., 0.,
       0., 0., 0., 0., 0., 0., 0., 0., 0., 0., 0., 0., 0., 0., 0., 0., 0.,
       0., 0., 0., 0., 0., 0., 0., 0., 0., 0., 0., 0., 0., 0., 0., 0., 0.,
       0., 0., 0., 0., 0., 0., 0., 0., 0., 0., 0., 0., 0., 0., 0., 0., 0.,
       0., 0., 0., 0., 0., 0., 0., 0., 0., 0., 0., 0., 0., 0.]), 'locations': array([ 9,  9,  9,  9,  8, 17, 17, 17,  9,  9,  0,  9,  9, 17,  9, 17,  9,
        8, 17, 17,  9,  9, 17,  9, 17,  9,  0, 10,  8,  9, 17,  9,  8,  8,
       17, 17, 17, 17,  9,  0, 17, 17,  9, 17,  9,  9, 17,  9,  8,  9, 17,
       17,  8,  8, 17, 17,  9,  9, 17,  9,  9, 17, 17, 17, 17,  9, 17,  9,
       17,  0,  9,  9, 17, 17,  9, 17,  9, 17,  9,  9, 17,  9,  9,  8, 17,
        8, 17,  9,  9, 17, 17,  1, 17, 17, 10, 17,  9,  8,  8,  9,  9, 17,
       17,  8,  9, 17,  8,  9,  9, 17,  9, 17, 17,  9,  9, 17,  9,  0,  9,
        9,  9,  9, 17,  9, 17,  9,  9,  9, 17,  8,  9,  9, 17, 17, 17,  9,
       17,  9, 17,  9, 17,  9, 17, 17,  8, 17,  8, 17,  9,  9, 17,  9,  9,
        8,  1,  9,  9, 17,  0, 17, 17, 17, 17,  8,  9, 17,  8, 17,  9,  9,
       17,  9,  0,  0,  9,  9, 17,  9, 17,  9,  9, 17,  9,  9])}, {'ts_index': 316, 'loc': 17, 'gap': 0.08159279910572176, 'distances': array([0.08073998, 0.12645959, 0.13831556, 0.29600723, 0.14163647,
       0.1365469 , 0.11154807, 0.18295264, 0.25155859, 0.15984506,
       0.32560367, 0.16355724, 0.10886702, 0.18622873, 0.31390245,
       0.22495802, 0.35048201, 0.1946905 , 0.33514988, 0.27922706,
       0.10200585, 0.25201466, 0.23727428, 0.19061239, 0.32158354,
       0.11455445, 0.18935637, 0.14827255, 0.22808886, 0.08074239,
       0.11714995, 0.15737111, 0.23035908, 0.10059697, 0.25016322,
       0.08526804, 0.16971741, 0.21587689, 0.19055533, 0.30386067,
       0.34284387, 0.20993597, 0.        , 0.28981057, 0.17224079,
       0.15830675, 0.31528814, 0.12634136, 0.1673369 , 0.08454355,
       0.37971053, 0.07780049, 0.20259998, 0.32833067, 0.374592  ,
       0.07948061, 0.36392585, 0.23578345, 0.11589902, 0.2018354 ,
       0.20698926, 0.08995539, 0.11792677, 0.23112899, 0.20002097,
       0.23141005, 0.14409632, 0.32128228, 0.1453016 , 0.14663646,
       0.14469249, 0.23419857, 0.09029704, 0.09103876, 0.22728677,
       0.21025989, 0.08670544, 0.21766673, 0.09846333, 0.1438733 ,
       0.14800131, 0.29299142, 0.15233105, 0.32702663, 0.2010246 ,
       0.24411069, 0.14658037, 0.2865981 , 0.20425331, 0.22741561,
       0.17478709, 0.20380083, 0.19930156, 0.17404613, 0.34950958,
       0.21342518, 0.08830927, 0.17715099, 0.204302  , 0.28922151,
       0.11216654, 0.16058444, 0.18917371, 0.27501419, 0.36712218,
       0.1931745 , 0.22558954, 0.1879403 , 0.23578191, 0.20678431,
       0.1384332 , 0.32251404, 0.38011599, 0.0984028 , 0.14496465,
       0.16313457, 0.12913333, 0.15230005, 0.11551539, 0.15656548,
       0.19155453, 0.21521256, 0.08934406]), 'delta_distances': array([0., 0., 0., 0., 0., 0., 0., 0., 0., 0., 0., 0., 0., 0., 0., 0., 0.,
       0., 0., 0., 0., 0., 0., 0., 0., 0., 0., 0., 0., 0., 0., 0., 0., 0.,
       0., 0., 0., 0., 0., 0., 0., 0., 0., 0., 0., 0., 0., 0., 0., 0., 0.,
       0., 0., 0., 0., 0., 0., 0., 0., 0., 0., 0., 0., 0., 0., 0., 0., 0.,
       0., 0., 0., 0., 0., 0., 0., 0., 0., 0., 0., 0., 0., 0., 0., 0., 0.,
       0., 0., 0., 0., 0., 0., 0., 0., 0., 0., 0., 0., 0., 0., 0., 0., 0.,
       0., 0., 0., 0., 0., 0., 0., 0., 0., 0., 0., 0., 0., 0., 0., 0., 0.,
       0., 0., 0., 0.]), 'locations': array([17, 16, 17, 17, 16, 17, 17, 17, 17, 15, 17, 16, 17, 15, 17, 15, 17,
       15, 17, 17, 17,  6, 16, 15, 17, 17, 15, 16, 17, 17, 17, 17, 15, 16,
       17, 17, 15, 16, 17, 17, 17, 16, 17, 17, 15, 15, 17, 17, 17, 17, 17,
       17, 16, 17, 17, 17,  7, 15, 17, 17, 16, 17, 17, 17, 17, 17, 17, 17,
       17, 17, 15, 17, 17, 17, 17, 16, 17, 16, 17, 17, 16, 17, 17, 17, 17,
       17, 16, 17, 17, 16, 17, 15, 17, 15, 17, 16, 17, 17, 16, 17, 17, 16,
       17, 17, 17, 17, 17, 15, 16, 15, 17, 17, 17, 17, 17, 17, 16, 17, 16,
       16, 17, 17, 17])}], 'clusters': array([3, 1, 1, ..., 1, 1, 3]), 'time': 55.44480538368225}
lenSubsequence: 8{'RI': 0.5075092490750925, 'num_clusters': 5, 'uShapelets': [{'ts_index': 71, 'loc': 8, 'gap': 0.11064073739737812, 'distances': array([0.25843532, 0.04555663, 0.09169651, ..., 0.06228363, 0.10174217,
       0.29548353]), 'delta_distances': array([0., 0., 0., ..., 0., 0., 0.]), 'locations': array([ 9,  8, 13, ...,  8,  9,  9])}, {'ts_index': 784, 'loc': 15, 'gap': 0.11003309701828859, 'distances': array([0.27619454, 0.27030469, 0.26521457, 0.31423914, 0.09381281,
       0.0848414 , 0.13801019, 0.1207883 , 0.16511691, 0.27366015,
       0.38840236, 0.41275891, 0.29012325, 0.09257303, 0.37276884,
       0.15606754, 0.29453478, 0.0965827 , 0.22754323, 0.08405523,
       0.08161744, 0.34686173, 0.13099964, 0.09665903, 0.34174838,
       0.10538627, 0.34918468, 0.4225529 , 0.3629548 , 0.22568791,
       0.17746906, 0.07962922, 0.30488456, 0.31072755, 0.0995952 ,
       0.08502913, 0.13267306, 0.18064701, 0.24843281, 0.34766738,
       0.07658308, 0.07907374, 0.33789886, 0.07166524, 0.27664451,
       0.22711984, 0.15370548, 0.19044389, 0.11532014, 0.28322476,
       0.32597781, 0.08408784, 0.13558617, 0.18212912, 0.42050656,
       0.1085018 , 0.10956426, 0.38632546, 0.37514093, 0.12515291,
       0.33126316, 0.09243249, 0.12748021, 0.062933  , 0.11262049,
       0.13372652, 0.26719132, 0.14289075, 0.29937751, 0.13556093,
       0.41003843, 0.38010311, 0.36217529, 0.12329468, 0.31116166,
       0.15783412, 0.38859082, 0.1216602 , 0.41355592, 0.31271015,
       0.09505015, 0.33260428, 0.15336186, 0.25890122, 0.35516158,
       0.12961741, 0.10608296, 0.31484604, 0.24969306, 0.10343129,
       0.11214221, 0.48228206, 0.11429458, 0.10948937, 0.32150148,
       0.09589162, 0.13096964, 0.30982674, 0.22794376, 0.24471476,
       0.38118928, 0.33556333, 0.10914691, 0.10040216, 0.2024875 ,
       0.23270183, 0.09049068, 0.3246483 , 0.30152715, 0.0812299 ,
       0.12095706, 0.10255113, 0.12133534, 0.33734737, 0.25605191,
       0.08551928, 0.2979103 , 0.40387055, 0.26782743, 0.36606256,
       0.25939358, 0.34773767, 0.08518289, 0.15271164, 0.44095916,
       0.14889347, 0.26322436, 0.24611062, 0.34041441, 0.07204719,
       0.33144572, 0.18598395, 0.22437281, 0.07011598, 0.11840252,
       0.10135219, 0.3002124 , 0.        , 0.37281524, 0.09042642,
       0.34637471, 0.1112427 , 0.10427031, 0.26023136, 0.12436928,
       0.11279067, 0.1399971 , 0.09645935, 0.37671529, 0.26786713,
       0.35259693, 0.47649234, 0.10807116, 0.3966391 , 0.22596062,
       0.17962978, 0.43168574, 0.10390448, 0.10546578, 0.09505114,
       0.17834504, 0.10448176, 0.33482481, 0.12229134, 0.35724287,
       0.36857049, 0.09032857, 0.24904878, 0.19602316, 0.09201248,
       0.40139731, 0.42499437, 0.25071541, 0.22896994, 0.08310817,
       0.04416411, 0.25083056, 0.09525927, 0.10615636, 0.27939113,
       0.21653735, 0.11452374, 0.41919037, 0.31196935]), 'delta_distances': array([0., 0., 0., 0., 0., 0., 0., 0., 0., 0., 0., 0., 0., 0., 0., 0., 0.,
       0., 0., 0., 0., 0., 0., 0., 0., 0., 0., 0., 0., 0., 0., 0., 0., 0.,
       0., 0., 0., 0., 0., 0., 0., 0., 0., 0., 0., 0., 0., 0., 0., 0., 0.,
       0., 0., 0., 0., 0., 0., 0., 0., 0., 0., 0., 0., 0., 0., 0., 0., 0.,
       0., 0., 0., 0., 0., 0., 0., 0., 0., 0., 0., 0., 0., 0., 0., 0., 0.,
       0., 0., 0., 0., 0., 0., 0., 0., 0., 0., 0., 0., 0., 0., 0., 0., 0.,
       0., 0., 0., 0., 0., 0., 0., 0., 0., 0., 0., 0., 0., 0., 0., 0., 0.,
       0., 0., 0., 0., 0., 0., 0., 0., 0., 0., 0., 0., 0., 0., 0., 0., 0.,
       0., 0., 0., 0., 0., 0., 0., 0., 0., 0., 0., 0., 0., 0., 0., 0., 0.,
       0., 0., 0., 0., 0., 0., 0., 0., 0., 0., 0., 0., 0., 0., 0., 0., 0.,
       0., 0., 0., 0., 0., 0., 0., 0., 0., 0., 0., 0., 0., 0.]), 'locations': array([ 6, 15, 15, 15, 14, 14, 15, 14, 15,  6, 15, 15, 15, 15, 15, 15, 15,
       14,  5, 14, 15, 15, 15, 14, 15, 15,  6, 15, 15,  6, 15, 15, 15,  6,
       14, 14, 15, 15, 15, 15, 15, 14, 15, 14, 15, 15, 15, 15, 14,  6, 15,
       15, 15,  6,  6, 14, 14, 15,  7, 15, 15, 14, 15, 14, 15, 14,  6, 14,
        6, 15, 15, 15,  6, 15, 15, 15, 15, 14,  6,  6, 14,  7, 15,  6,  6,
       14, 15,  6, 15, 14, 14, 15, 14, 14,  7, 14, 14, 15,  6,  6, 15,  6,
       15, 14,  6, 15, 14, 15, 15, 14, 15, 15, 14,  6, 15, 15,  7, 15, 15,
       15, 15, 15, 14, 14, 15, 15, 15, 15, 15, 14,  6, 15, 15, 14, 15, 15,
        6, 15, 15, 14,  6, 14, 14,  5, 14, 14, 15, 14, 15, 15,  6, 15, 14,
        6,  7, 14, 15, 15, 15, 15,  5, 15,  6, 14, 15, 15, 14,  6,  5, 14,
       15, 15, 15, 15, 14, 14, 15, 14, 14, 15, 15, 15,  6,  6])}, {'ts_index': 294, 'loc': 0, 'gap': 0.06797436910878088, 'distances': array([0.24068898, 0.26283199, 0.2689112 , 0.14418673, 0.27275077,
       0.18658774, 0.23083168, 0.14045373, 0.0554097 , 0.28037709,
       0.30146854, 0.11073907, 0.08014157, 0.11679763, 0.14891808,
       0.22696121, 0.24693553, 0.16073858, 0.22226691, 0.22073464,
       0.13650378, 0.21075004, 0.30508603, 0.17770024, 0.18663178,
       0.17621267, 0.25871367, 0.        , 0.1004916 , 0.2397513 ,
       0.324436  , 0.32310503, 0.1869779 , 0.25652187, 0.09363693,
       0.21322355, 0.15693898, 0.05060231, 0.26426582, 0.12547858,
       0.21165376, 0.16114435, 0.24083192, 0.24186602, 0.23825325,
       0.19995175, 0.21146709, 0.203113  , 0.30510042, 0.22042594,
       0.22792635, 0.24591557, 0.23641291, 0.08249792, 0.25917504,
       0.10070866, 0.28780462, 0.19509361, 0.24488288, 0.07125099,
       0.29883979, 0.16230416, 0.22078121, 0.13277978, 0.29817416,
       0.11925452, 0.3510077 , 0.2278295 , 0.25878759, 0.07051296,
       0.23307945, 0.17689033, 0.19813119, 0.24465001, 0.24486125,
       0.22914972, 0.05592587, 0.22932717, 0.21593232, 0.25412223,
       0.08049505, 0.06388271, 0.23436943, 0.14960291, 0.16587462,
       0.28063021, 0.18276385, 0.26099491, 0.2489748 , 0.28580386,
       0.20412844, 0.19908353]), 'delta_distances': array([0., 0., 0., 0., 0., 0., 0., 0., 0., 0., 0., 0., 0., 0., 0., 0., 0.,
       0., 0., 0., 0., 0., 0., 0., 0., 0., 0., 0., 0., 0., 0., 0., 0., 0.,
       0., 0., 0., 0., 0., 0., 0., 0., 0., 0., 0., 0., 0., 0., 0., 0., 0.,
       0., 0., 0., 0., 0., 0., 0., 0., 0., 0., 0., 0., 0., 0., 0., 0., 0.,
       0., 0., 0., 0., 0., 0., 0., 0., 0., 0., 0., 0., 0., 0., 0., 0., 0.,
       0., 0., 0., 0., 0., 0., 0.]), 'locations': array([11, 11,  0,  0,  0,  1,  1,  0,  0,  0,  0,  0,  0,  0,  1,  1,  0,
        0, 10,  0,  1,  1, 11,  0, 11,  0,  1,  0,  0,  0,  0,  0,  1,  0,
        0,  0,  1,  0,  0,  0, 11, 10,  0,  0,  1, 12,  0, 11, 11,  0,  0,
        0, 10,  0,  0,  0, 11,  1, 11,  0,  0,  0,  1,  0, 10,  0,  0,  0,
       11,  0,  0, 10,  0, 11,  0,  1,  0, 12,  1, 11,  0,  0, 11,  1,  1,
       11,  0, 11,  0,  0,  1,  0])}, {'ts_index': 626, 'loc': 7, 'gap': 0.05688205871697663, 'distances': array([0.07597923, 0.1467929 , 0.08447439, 0.1108435 , 0.15960713,
       0.25285566, 0.19373552, 0.13698546, 0.06129271, 0.29125853,
       0.17772341, 0.09011243, 0.19653991, 0.07011787, 0.12620476,
       0.13653273, 0.22841276, 0.16959036, 0.09821882, 0.07562552,
       0.20136204, 0.13158909, 0.22129699, 0.06489872, 0.22323765,
       0.09490612, 0.23682737, 0.15485709, 0.12589579, 0.16171034,
       0.04386556, 0.12817048, 0.18389875, 0.05006199, 0.05354087,
       0.26784309, 0.1328189 , 0.1381142 , 0.1669073 , 0.13334167,
       0.16836846, 0.10499092, 0.09846367, 0.11752227, 0.        ,
       0.1195568 , 0.25138411, 0.13243324, 0.08528253, 0.06987768,
       0.23554883, 0.10248475, 0.15546111, 0.11595392, 0.07049745,
       0.13191741, 0.07768114, 0.17244578, 0.14130967, 0.14262095,
       0.10068127, 0.29520761, 0.18379808, 0.2501873 , 0.11899744,
       0.10997933, 0.20156276, 0.22442461, 0.14578543, 0.08474889,
       0.14912563, 0.11050686, 0.0519979 , 0.13368228, 0.09571091]), 'delta_distances': array([0., 0., 0., 0., 0., 0., 0., 0., 0., 0., 0., 0., 0., 0., 0., 0., 0.,
       0., 0., 0., 0., 0., 0., 0., 0., 0., 0., 0., 0., 0., 0., 0., 0., 0.,
       0., 0., 0., 0., 0., 0., 0., 0., 0., 0., 0., 0., 0., 0., 0., 0., 0.,
       0., 0., 0., 0., 0., 0., 0., 0., 0., 0., 0., 0., 0., 0., 0., 0., 0.,
       0., 0., 0., 0., 0., 0., 0.]), 'locations': array([ 7,  8,  7,  7,  7,  8,  7,  8,  7, 15,  7,  8,  7,  7,  7,  8,  7,
        8,  7,  7,  7,  8,  7,  7,  6,  7,  7,  7,  7,  7,  7,  7,  6,  7,
        7,  7,  7,  7,  7,  7,  7,  7,  7,  7,  7,  8,  7,  7,  7,  7,  7,
        7,  7,  7,  7,  8,  7,  6,  8,  8,  7,  7,  7,  7,  7,  7,  7,  8,
        8,  7,  8,  7,  7,  7,  7])}], 'clusters': array([4, 1, 1, ..., 1, 1, 4]), 'time': 47.28698921203613}
lenSubsequence: 10{'RI': 0.5079692030796921, 'num_clusters': 5, 'uShapelets': [{'ts_index': 425, 'loc': 4, 'gap': 0.07480870398945921, 'distances': array([0.18934902, 0.04519834, 0.08933023, ..., 0.05341086, 0.08570502,
       0.22958395]), 'delta_distances': array([0., 0., 0., ..., 0., 0., 0.]), 'locations': array([5, 4, 4, ..., 4, 5, 5])}, {'ts_index': 26, 'loc': 13, 'gap': 0.07763470843958828, 'distances': array([0.2588827 , 0.29025087, 0.28958835, 0.16081371, 0.08647526,
       0.        , 0.06701925, 0.21060579, 0.26312955, 0.37649129,
       0.37942836, 0.30375345, 0.13450375, 0.32084855, 0.20566453,
       0.28390928, 0.12993225, 0.18193243, 0.13219244, 0.16244802,
       0.32338605, 0.19165805, 0.09113144, 0.32224098, 0.15484828,
       0.27136468, 0.38214279, 0.32337212, 0.18018696, 0.20828855,
       0.16235865, 0.30754881, 0.2654233 , 0.14870296, 0.14153212,
       0.09896727, 0.09013457, 0.27594438, 0.3329897 , 0.07876446,
       0.14539801, 0.33524977, 0.12053149, 0.2826763 , 0.26409572,
       0.19070343, 0.23751632, 0.18365201, 0.25827329, 0.32838815,
       0.09148869, 0.17235307, 0.17826147, 0.36062963, 0.08879037,
       0.14002468, 0.31854028, 0.31207978, 0.17014611, 0.29101655,
       0.24949106, 0.11408497, 0.15613174, 0.10690725, 0.14182528,
       0.07373758, 0.14601127, 0.2739867 , 0.07843915, 0.3855619 ,
       0.35442012, 0.27754825, 0.06221479, 0.32630058, 0.18775806,
       0.36915746, 0.14431185, 0.31315823, 0.28287817, 0.12251131,
       0.28729187, 0.2008011 , 0.22305995, 0.16581378, 0.30815999,
       0.16258702, 0.17903787, 0.27349521, 0.27626856, 0.08068067,
       0.09500063, 0.44297454, 0.11212373, 0.10830896, 0.26370728,
       0.12762402, 0.18009792, 0.31401035, 0.22976854, 0.24276311,
       0.24976073, 0.36258974, 0.27438785, 0.12875919, 0.12549976,
       0.21661454, 0.22158272, 0.20920562, 0.29155967, 0.30835449,
       0.1347059 , 0.17578803, 0.1045564 , 0.19044293, 0.29641589,
       0.27793846, 0.08818543, 0.2534411 , 0.38421217, 0.28058304,
       0.32779985, 0.2910486 , 0.13014342, 0.14164304, 0.40575855,
       0.07047453, 0.27973554, 0.2844129 , 0.33672631, 0.14904036,
       0.30396307, 0.20833816, 0.26215095, 0.19055855, 0.13248891,
       0.15474285, 0.06878059, 0.26652899, 0.1184185 , 0.34257345,
       0.15855743, 0.30144018, 0.09586704, 0.14980674, 0.23308363,
       0.05940379, 0.11110743, 0.17449473, 0.269021  , 0.10310679,
       0.34174488, 0.2902608 , 0.16470744, 0.29898642, 0.42880986,
       0.29490402, 0.09834368, 0.40555064, 0.08277167, 0.07459685,
       0.16358279, 0.13958761, 0.17145358, 0.29797703, 0.0831649 ,
       0.19379419, 0.34372504, 0.32032569, 0.1413501 , 0.16138191,
       0.38632158, 0.40348822, 0.274967  , 0.25237078, 0.1361794 ,
       0.13321802, 0.26979805, 0.12951857, 0.07838265, 0.29980829,
       0.24352772, 0.0766852 , 0.3406757 , 0.26291856]), 'delta_distances': array([0., 0., 0., 0., 0., 0., 0., 0., 0., 0., 0., 0., 0., 0., 0., 0., 0.,
       0., 0., 0., 0., 0., 0., 0., 0., 0., 0., 0., 0., 0., 0., 0., 0., 0.,
       0., 0., 0., 0., 0., 0., 0., 0., 0., 0., 0., 0., 0., 0., 0., 0., 0.,
       0., 0., 0., 0., 0., 0., 0., 0., 0., 0., 0., 0., 0., 0., 0., 0., 0.,
       0., 0., 0., 0., 0., 0., 0., 0., 0., 0., 0., 0., 0., 0., 0., 0., 0.,
       0., 0., 0., 0., 0., 0., 0., 0., 0., 0., 0., 0., 0., 0., 0., 0., 0.,
       0., 0., 0., 0., 0., 0., 0., 0., 0., 0., 0., 0., 0., 0., 0., 0., 0.,
       0., 0., 0., 0., 0., 0., 0., 0., 0., 0., 0., 0., 0., 0., 0., 0., 0.,
       0., 0., 0., 0., 0., 0., 0., 0., 0., 0., 0., 0., 0., 0., 0., 0., 0.,
       0., 0., 0., 0., 0., 0., 0., 0., 0., 0., 0., 0., 0., 0., 0., 0., 0.,
       0., 0., 0., 0., 0., 0., 0., 0., 0., 0., 0., 0., 0., 0.]), 'locations': array([ 4,  5,  5, 12, 13, 13, 13, 13,  4, 13,  4, 13, 13,  5, 13,  4, 12,
        4, 13, 13,  5, 13, 13,  5, 13,  4,  5,  5,  4, 13, 13, 13,  4, 13,
       13, 13, 13, 13, 13, 13, 13, 13, 13,  5, 13, 13, 13, 12,  4, 13, 13,
       13,  4,  4, 13, 13,  4,  5, 13,  5,  4, 13, 13, 13, 13, 13, 13,  4,
       13, 13,  4,  4, 13, 13, 13,  5, 13,  4,  4, 13,  5, 13,  4, 13,  4,
       12, 13,  4, 13, 13, 13, 13, 13, 13,  5, 13, 12, 13,  4,  4,  4, 13,
        5, 13, 13,  4, 13,  4,  4, 13, 13, 13, 13, 12,  5, 13, 13,  5, 13,
       13,  5,  5, 13, 13,  4, 13, 13, 13, 13, 12,  4, 13, 13, 12, 13, 13,
       13,  5, 13,  5, 13,  5, 13, 13,  4, 13, 13, 13,  4, 13,  5, 13, 12,
        4, 13,  4, 13, 12, 13, 13, 13, 13, 13,  4, 13,  4, 13,  5, 13, 13,
       13,  5, 13, 13, 12, 12, 13, 12, 13, 13, 13, 13,  5,  4])}, {'ts_index': 655, 'loc': 10, 'gap': 0.048978850323811995, 'distances': array([0.07520126, 0.0910994 , 0.09153917, 0.12008909, 0.21516008,
       0.15553582, 0.10020279, 0.07234203, 0.05408013, 0.07189659,
       0.08785966, 0.04749968, 0.16708752, 0.08025516, 0.07047375,
       0.09964201, 0.11617724, 0.1907513 , 0.14519738, 0.10568382,
       0.09448899, 0.09704978, 0.18875447, 0.10704971, 0.18745864,
       0.07835637, 0.04731522, 0.06381599, 0.12951008, 0.08592293,
       0.17950733, 0.12958904, 0.08203371, 0.10319108, 0.16236792,
       0.08629009, 0.06379632, 0.04955159, 0.09535177, 0.15497771,
       0.0617371 , 0.08596168, 0.16974655, 0.1197327 , 0.10231588,
       0.14538349, 0.17137832, 0.07971593, 0.15566287, 0.05913459,
       0.16175472, 0.08780632, 0.08473453, 0.07044963, 0.0776805 ,
       0.05148534, 0.20308739, 0.09462674, 0.10256018, 0.        ,
       0.1886471 , 0.10301976, 0.09654108, 0.07741796, 0.17131824,
       0.09890844, 0.03235352, 0.08373159, 0.06430373, 0.17279407,
       0.06571971, 0.10841896, 0.08187594, 0.0948126 , 0.18714959,
       0.08242045, 0.18877359, 0.08108212, 0.10019726, 0.08994093,
       0.16530762, 0.1877942 , 0.10194111, 0.09626235, 0.11952406,
       0.08953323, 0.09235329, 0.13362242, 0.08576036]), 'delta_distances': array([0., 0., 0., 0., 0., 0., 0., 0., 0., 0., 0., 0., 0., 0., 0., 0., 0.,
       0., 0., 0., 0., 0., 0., 0., 0., 0., 0., 0., 0., 0., 0., 0., 0., 0.,
       0., 0., 0., 0., 0., 0., 0., 0., 0., 0., 0., 0., 0., 0., 0., 0., 0.,
       0., 0., 0., 0., 0., 0., 0., 0., 0., 0., 0., 0., 0., 0., 0., 0., 0.,
       0., 0., 0., 0., 0., 0., 0., 0., 0., 0., 0., 0., 0., 0., 0., 0., 0.,
       0., 0., 0., 0.]), 'locations': array([ 9, 10, 10, 10, 10,  9, 10, 10, 10, 10, 10, 10, 10, 10, 10,  9, 10,
        9, 10,  9, 10,  9,  9, 10,  0, 10, 10, 10, 10, 10,  0,  9, 10, 10,
       10, 10, 10, 10, 10,  9, 10,  9,  1, 10, 10, 10, 10,  9, 10, 10, 10,
        9, 10, 10, 10, 10, 10,  9, 10, 10,  9, 10,  9, 10, 10,  9, 10, 10,
       10,  9, 10, 10, 10,  9,  1,  9,  0, 10, 10, 10,  9,  0, 10, 10, 10,
       10,  9, 10, 10])}, {'ts_index': 1027, 'loc': 6, 'gap': 0.09241830508744714, 'distances': array([0.07845266, 0.08847734, 0.08957109, 0.07915302, 0.23332482,
       0.14964729, 0.08221174, 0.08994143, 0.22824719, 0.13071408,
       0.29329231, 0.08176271, 0.2411321 , 0.08937947, 0.10217999,
       0.19187975, 0.27892866, 0.12088432, 0.10348773, 0.        ,
       0.07556395]), 'delta_distances': array([0., 0., 0., 0., 0., 0., 0., 0., 0., 0., 0., 0., 0., 0., 0., 0., 0.,
       0., 0., 0., 0.]), 'locations': array([6, 6, 6, 6, 1, 6, 6, 6, 4, 6, 5, 6, 6, 6, 6, 6, 5, 6, 6, 6, 6])}], 'clusters': array([3, 1, 1, ..., 1, 1, 3]), 'time': 40.337233781814575}
