lenSubsequence: 12{'RI': 0.36053770790612893, 'num_clusters': 4, 'uShapelets': [{'ts_index': 205, 'loc': 1, 'gap': 0.030017152742811415, 'distances': array([0.22401056, 0.20857717, 0.245751  , 0.30972202, 0.17030157,
       0.25716193, 0.22779244, 0.28402899, 0.29182854, 0.25305168,
       0.15449699, 0.25987657, 0.2135786 , 0.27091371, 0.15939423,
       0.34490236, 0.30163223, 0.26255129, 0.18887189, 0.25579534,
       0.22835488, 0.18160144, 0.2097447 , 0.17877201, 0.25323559,
       0.23453213, 0.22589184, 0.14088222, 0.24814837, 0.26856891,
       0.27494258, 0.22724662, 0.24685318, 0.22604616, 0.38412874,
       0.25723311, 0.27361047, 0.29329718, 0.19071377, 0.20700013,
       0.25738706, 0.17597325, 0.20133525, 0.279584  , 0.23407448,
       0.18690955, 0.28584897, 0.34809753, 0.18237599, 0.33307704,
       0.24893703, 0.28982952, 0.18075063, 0.21250776, 0.22080979,
       0.21546084, 0.21886625, 0.33593543, 0.25398495, 0.25264652,
       0.4100473 , 0.18149294, 0.26809878, 0.26404748, 0.33491658,
       0.23849946, 0.28367732, 0.20867597, 0.19645651, 0.20527967,
       0.1649952 , 0.21150648, 0.2446962 , 0.29020078, 0.33942557,
       0.2875097 , 0.29177028, 0.17862781, 0.30858115, 0.25888239,
       0.20215413, 0.19197982, 0.27945942, 0.28638842, 0.23084331,
       0.21962637, 0.22739155, 0.29548898, 0.19000122, 0.25394185,
       0.22116028, 0.16297179, 0.23056239, 0.26691192, 0.22655086,
       0.19730169, 0.20339903, 0.20501531, 0.339631  , 0.31981132,
       0.23719933, 0.17625912, 0.23324656, 0.29760826, 0.2114725 ,
       0.20157713, 0.33816344, 0.22292564, 0.29181839, 0.32624832,
       0.2157241 , 0.22050639, 0.23228482, 0.20096253, 0.21350156,
       0.28390753, 0.20186512, 0.2374957 , 0.2502058 , 0.29157297,
       0.1977103 , 0.28555176, 0.30805501, 0.30242814, 0.23217639,
       0.21811011, 0.22163698, 0.24067362, 0.27178901, 0.31358943,
       0.33703851, 0.2510645 , 0.23201536, 0.19262772, 0.18884389,
       0.22530489, 0.20975137, 0.20725985, 0.22304311, 0.25213124,
       0.19761668, 0.17145116, 0.24975546, 0.16484837, 0.2792221 ,
       0.33565932, 0.3070103 , 0.24053481, 0.21434383, 0.36237248,
       0.38393406, 0.25678347, 0.27627039, 0.28101579, 0.23181136,
       0.29110808, 0.22139742, 0.29734849, 0.31480939, 0.22835488,
       0.23785533, 0.20895675, 0.25900314, 0.25623457, 0.24731607,
       0.16943243, 0.26643388, 0.28234848, 0.34209099, 0.18740927,
       0.19447422, 0.28079541, 0.27553933, 0.20553438, 0.18613708,
       0.22352627, 0.25720567, 0.20722919, 0.23660301, 0.20658975,
       0.24888324, 0.31809001, 0.25916853, 0.22898731, 0.26111744,
       0.25593364, 0.2015706 , 0.21792347, 0.25783603, 0.23072761,
       0.18248529, 0.16674225, 0.29141612, 0.23546781, 0.27868964,
       0.33638565, 0.25872739, 0.26818481, 0.23744877, 0.19547959,
       0.22069754, 0.22642344, 0.23558625, 0.19002664, 0.21584366,
       0.        , 0.20664713, 0.30129267, 0.23382889, 0.29409835]), 'delta_distances': array([0., 0., 0., 0., 0., 0., 0., 0., 0., 0., 0., 0., 0., 0., 0., 0., 0.,
       0., 0., 0., 0., 0., 0., 0., 0., 0., 0., 0., 0., 0., 0., 0., 0., 0.,
       0., 0., 0., 0., 0., 0., 0., 0., 0., 0., 0., 0., 0., 0., 0., 0., 0.,
       0., 0., 0., 0., 0., 0., 0., 0., 0., 0., 0., 0., 0., 0., 0., 0., 0.,
       0., 0., 0., 0., 0., 0., 0., 0., 0., 0., 0., 0., 0., 0., 0., 0., 0.,
       0., 0., 0., 0., 0., 0., 0., 0., 0., 0., 0., 0., 0., 0., 0., 0., 0.,
       0., 0., 0., 0., 0., 0., 0., 0., 0., 0., 0., 0., 0., 0., 0., 0., 0.,
       0., 0., 0., 0., 0., 0., 0., 0., 0., 0., 0., 0., 0., 0., 0., 0., 0.,
       0., 0., 0., 0., 0., 0., 0., 0., 0., 0., 0., 0., 0., 0., 0., 0., 0.,
       0., 0., 0., 0., 0., 0., 0., 0., 0., 0., 0., 0., 0., 0., 0., 0., 0.,
       0., 0., 0., 0., 0., 0., 0., 0., 0., 0., 0., 0., 0., 0., 0., 0., 0.,
       0., 0., 0., 0., 0., 0., 0., 0., 0., 0., 0., 0., 0., 0., 0., 0., 0.,
       0., 0., 0., 0., 0., 0.]), 'locations': array([  3,   0,   1,  61,   2,   0,   1,   2,   0,   3,   0,   2,   0,
         0,   3,  75,  33,   0,   2,   2,   2,   1,   0,   3,  80,   3,
         1,   0,   3,   3,  76,   2,   1,   0,   5,   2,   4,   3,   0,
         1,   0,   2,   1,   0,  77,   2,   3,   0,   1,   0,   0,  62,
         2,  78,   2,   1,   0,   4,  72,  80,  35,   1,  60, 106,  75,
         3,   0,   0,   2,   0,   1,   2,   0,   2,   0,   3,  72,   2,
         2,   0,   3,   1,   0,  76,   0,   2,   1,   2,   2,   0,   4,
         1,   0,   4,   0,  77,   2,   0,   6,   3,  73,   3,   1,  72,
         1,   0,  30,   1,  63,   0,   1,   2,   3,   1,   1,  58,   2,
         0,   1,  31,   1,   4, 106,   0,   1,   2,   0,   4,   3,  76,
        33,   1,   1,   0,   4,   0,   2,   1,  73,   0,   0,   2,   4,
         2,   0,   4,  42,  77,   0,   0,   4,  32,   2,   2,   3,   2,
         1,   1,   5,   2,   2,   3,   1,   0,   1,   1,   0,   0,   8,
         0,   1,  76,   0,   1,   1,   1,   3,   0,   5,   3,   0,  76,
         2,   1,   4,   2,   2,   0,   0,  75,  76,   0,  76,  76,   0,
       124,   2,  81,   1,   2,   2,   1,   1,   2,   4,   1,   2,   2,
         2,  30])}, {'ts_index': 47, 'loc': 130, 'gap': 0.03637933182202907, 'distances': array([0.17621258, 0.23743705, 0.33866841, 0.20975192, 0.30929952,
       0.26499055, 0.        , 0.17403071, 0.29385863, 0.37434138,
       0.20002444, 0.19144964, 0.23852731, 0.21404155, 0.2003225 ,
       0.30304272, 0.36539372, 0.36615266, 0.33904003, 0.32981454,
       0.319339  , 0.22105424, 0.27332975, 0.286275  , 0.27048294,
       0.1833547 , 0.21208942, 0.18601829, 0.30811779, 0.2078063 ,
       0.31434229, 0.27087518, 0.17364947, 0.26172571, 0.26384332,
       0.21016914]), 'delta_distances': array([0., 0., 0., 0., 0., 0., 0., 0., 0., 0., 0., 0., 0., 0., 0., 0., 0.,
       0., 0., 0., 0., 0., 0., 0., 0., 0., 0., 0., 0., 0., 0., 0., 0., 0.,
       0., 0.]), 'locations': array([ 49, 130,  57, 129,  59, 130, 130, 130,  59, 131,  61, 131,  59,
       130, 129, 128, 131, 126, 131, 123, 131, 129, 131, 131, 131, 131,
       131,  59,  59, 129, 131,  40,  61,  49, 131, 128])}, {'ts_index': 108, 'loc': 112, 'gap': 0.018940082603108865, 'distances': array([0.48722012, 0.40202753, 0.45071482, 0.35237343, 0.48370884,
       0.        , 0.44816141]), 'delta_distances': array([0., 0., 0., 0., 0., 0., 0.]), 'locations': array([ 23,  47, 120,  96,  52, 112,  29])}, {'ts_index': 15, 'loc': 94, 'gap': 0.08918898704239256, 'distances': array([0.        , 0.28865477, 0.28770685, 0.19851786]), 'delta_distances': array([0., 0., 0., 0.]), 'locations': array([ 94,  96, 112, 107])}], 'clusters': array([1, 1, 1, 2, 1, 1, 1, 1, 2, 1, 1, 1, 1, 1, 1, 4, 2, 1, 1, 1, 1, 1,
       1, 1, 1, 1, 1, 1, 1, 1, 1, 1, 1, 1, 2, 1, 1, 2, 1, 1, 1, 1, 1, 1,
       1, 1, 1, 2, 1, 2, 1, 1, 1, 1, 1, 1, 1, 2, 1, 1, 3, 1, 1, 1, 2, 1,
       1, 1, 1, 1, 1, 1, 1, 1, 2, 1, 2, 1, 2, 1, 1, 1, 1, 1, 1, 1, 1, 2,
       1, 1, 1, 1, 1, 1, 1, 1, 1, 1, 2, 0, 1, 1, 1, 3, 1, 1, 0, 1, 3, 4,
       1, 1, 1, 1, 1, 1, 1, 1, 1, 1, 1, 1, 2, 2, 1, 1, 1, 1, 1, 2, 2, 1,
       1, 1, 1, 1, 1, 1, 1, 1, 1, 1, 1, 1, 1, 2, 2, 1, 1, 2, 2, 1, 1, 1,
       1, 1, 1, 2, 2, 1, 1, 1, 1, 1, 1, 1, 1, 1, 2, 1, 1, 1, 1, 1, 1, 1,
       1, 1, 1, 1, 1, 2, 1, 1, 1, 1, 1, 1, 1, 1, 1, 1, 1, 1, 1, 2, 1, 1,
       1, 1, 1, 1, 1, 1, 1, 1, 1, 2, 1, 2]), 'time': 80.26208353042603}
lenSubsequence: 15{'RI': 0.3600364547732969, 'num_clusters': 2, 'uShapelets': [{'ts_index': 61, 'loc': 0, 'gap': 0.04363114515965477, 'distances': array([0.13505798, 0.13302107, 0.16704421, 0.314053  , 0.14948865,
       0.20109746, 0.14226531, 0.20236203, 0.22420874, 0.15779271,
       0.18015422, 0.19071466, 0.12107935, 0.21159544, 0.21486359,
       0.28441146, 0.22556705, 0.1746946 , 0.15738717, 0.13551162,
       0.23190868, 0.21243895, 0.13977428, 0.15899045, 0.27498101,
       0.16718767, 0.14810871, 0.15108679, 0.16784006, 0.20080475,
       0.2485492 , 0.11222986, 0.15862347, 0.18893185, 0.29260404,
       0.24892419, 0.19856251, 0.20682854, 0.18087618, 0.14184484,
       0.2358449 , 0.19952657, 0.17216724, 0.20741801, 0.17085408,
       0.11756298, 0.23441876, 0.31911758, 0.10962208, 0.27655771,
       0.17155376, 0.22023425, 0.12382672, 0.1903589 , 0.13794371,
       0.18936889, 0.16496864, 0.23432142, 0.21586779, 0.18953913,
       0.35401625, 0.        , 0.34449597, 0.23977109, 0.27726993,
       0.16897006, 0.26691995, 0.14986449, 0.19879048, 0.14924235,
       0.1224613 , 0.18543264, 0.21188723, 0.20107087, 0.3141931 ,
       0.23476743, 0.28727521, 0.23271324, 0.24336067, 0.16070845,
       0.1471187 , 0.140911  , 0.24479447, 0.22160229, 0.28831121,
       0.17007784, 0.14739095, 0.23842335, 0.17919654, 0.15390052,
       0.15619659, 0.15000382, 0.17442664, 0.17967495, 0.18203204,
       0.18222728, 0.08609607, 0.13359842, 0.25882985, 0.26064443,
       0.22592723, 0.17189936, 0.24777687, 0.23983231, 0.16594737,
       0.15091263, 0.29848321, 0.15687175, 0.30744254, 0.28597964,
       0.14913596, 0.12378155, 0.18723009, 0.22416258, 0.26540917,
       0.21692898, 0.14747336, 0.21076701, 0.22702786, 0.21271107,
       0.17212679, 0.22852271, 0.24737599, 0.21626645, 0.18689993,
       0.1683496 , 0.13505015, 0.15699485, 0.20824319, 0.30743271,
       0.27868033, 0.16926015, 0.17682106, 0.12490841, 0.13763775,
       0.17076103, 0.1803262 , 0.09838209, 0.2176523 , 0.19804034,
       0.17973186, 0.21405989, 0.20314967, 0.16571204, 0.21815595,
       0.21720498, 0.27326297, 0.19525232, 0.22154538, 0.28095717,
       0.28747638, 0.23810128, 0.22327591, 0.21634067, 0.13537313,
       0.213374  , 0.15308564, 0.27670954, 0.22651232, 0.15864266,
       0.13251975, 0.16422885, 0.21334658, 0.25518679, 0.16459232,
       0.1311897 , 0.20492805, 0.18082256, 0.2728536 , 0.17930181,
       0.1214768 , 0.28914395, 0.20580725, 0.12665544, 0.14064109,
       0.1280913 , 0.19310605, 0.13480536, 0.27092745, 0.22885219,
       0.20724138, 0.29109555, 0.20639456, 0.19790216, 0.21844235,
       0.17009635, 0.16586407, 0.16081414, 0.20036213, 0.2091998 ,
       0.2111559 , 0.1655088 , 0.23766228, 0.20447886, 0.23291606,
       0.30148799, 0.24271467, 0.26756122, 0.17042492, 0.15938999,
       0.13729245, 0.20645633, 0.18658352, 0.12445929, 0.1273801 ,
       0.16526753, 0.12347088, 0.27244616, 0.17811961, 0.28837835]), 'delta_distances': array([0., 0., 0., 0., 0., 0., 0., 0., 0., 0., 0., 0., 0., 0., 0., 0., 0.,
       0., 0., 0., 0., 0., 0., 0., 0., 0., 0., 0., 0., 0., 0., 0., 0., 0.,
       0., 0., 0., 0., 0., 0., 0., 0., 0., 0., 0., 0., 0., 0., 0., 0., 0.,
       0., 0., 0., 0., 0., 0., 0., 0., 0., 0., 0., 0., 0., 0., 0., 0., 0.,
       0., 0., 0., 0., 0., 0., 0., 0., 0., 0., 0., 0., 0., 0., 0., 0., 0.,
       0., 0., 0., 0., 0., 0., 0., 0., 0., 0., 0., 0., 0., 0., 0., 0., 0.,
       0., 0., 0., 0., 0., 0., 0., 0., 0., 0., 0., 0., 0., 0., 0., 0., 0.,
       0., 0., 0., 0., 0., 0., 0., 0., 0., 0., 0., 0., 0., 0., 0., 0., 0.,
       0., 0., 0., 0., 0., 0., 0., 0., 0., 0., 0., 0., 0., 0., 0., 0., 0.,
       0., 0., 0., 0., 0., 0., 0., 0., 0., 0., 0., 0., 0., 0., 0., 0., 0.,
       0., 0., 0., 0., 0., 0., 0., 0., 0., 0., 0., 0., 0., 0., 0., 0., 0.,
       0., 0., 0., 0., 0., 0., 0., 0., 0., 0., 0., 0., 0., 0., 0., 0., 0.,
       0., 0., 0., 0., 0., 0.]), 'locations': array([  0,   0,   1,  58,   0,   0,   1,   1,   0,   3,   0,   0,   1,
         0,   3,   2,   1,   0,   3,   2,   2, 105,   1,   1,   3,   1,
         1,   1,   1,  78,  76,   1,   0,   1,   5,   2,   3,   1,   0,
         1,   0,   1,   0,   4,  76,   1,   5,   1,   0,   0,   0,   1,
         1,  77,   1,   0,   0,   1,  79,   0, 110,   0,  57, 106,  75,
         1,   0,   0,   1,   1,   1,   2,   0,   1,   1,   2,  69,   4,
         2,   1,   1,   2,   0,   1,   0,   2,   2,   0,   3,   0,   1,
         0,   1,   1,  79,  77,   1,   0,   4,   3,  75,   2,   0,  73,
         2,   0,  29,   3, 126,  45,   0,   1,   1,   0,   0,   4,   1,
         4,   1,  31,   3,  75,  29,  29,   1,   0,   0,   0,   3,  76,
         1,   1,   1,   0,   2,   0,   2,   1,  73,   3,   0,   1,   2,
         0,   0,   2,   4,  76, 108,   0,   5,   0,   1,   2,   2,   1,
         0,   5,  78,   1,   2,   0,   1,   2,   0,   0,   2,   1,  47,
         1,   0,  76,   1,   0,   3,   1,   1,   1,   5,   2,   0,  76,
         0,   0,   2,   1,   2,   0,   1,  80,  76,   1,  75,  73,   0,
       124,   0,   0,   1,   2,   1,   0,   3,   0,   3,   0,   2,   2,
         1,  32])}], 'clusters': array([1, 1, 1, 0, 1, 1, 1, 1, 1, 1, 1, 1, 1, 1, 1, 0, 1, 1, 1, 1, 1, 1,
       1, 1, 0, 1, 1, 1, 1, 1, 0, 1, 1, 1, 0, 0, 1, 1, 1, 1, 1, 1, 1, 1,
       1, 1, 1, 0, 1, 0, 1, 1, 1, 1, 1, 1, 1, 1, 1, 1, 0, 1, 0, 1, 0, 1,
       0, 1, 1, 1, 1, 1, 1, 1, 0, 1, 0, 1, 1, 1, 1, 1, 1, 1, 0, 1, 1, 1,
       1, 1, 1, 1, 1, 1, 1, 1, 1, 1, 0, 0, 1, 1, 1, 1, 1, 1, 0, 1, 0, 0,
       1, 1, 1, 1, 0, 1, 1, 1, 1, 1, 1, 1, 1, 1, 1, 1, 1, 1, 1, 0, 0, 1,
       1, 1, 1, 1, 1, 1, 1, 1, 1, 1, 1, 1, 1, 1, 0, 1, 1, 0, 0, 1, 1, 1,
       1, 1, 1, 0, 1, 1, 1, 1, 1, 0, 1, 1, 1, 1, 0, 1, 1, 0, 1, 1, 1, 1,
       1, 1, 0, 1, 1, 0, 1, 1, 1, 1, 1, 1, 1, 1, 1, 1, 1, 1, 1, 0, 1, 0,
       1, 1, 1, 1, 1, 1, 1, 1, 1, 0, 1, 0]), 'time': 75.99807333946228}
lenSubsequence: 18{'RI': 0.3671451355661882, 'num_clusters': 2, 'uShapelets': [{'ts_index': 67, 'loc': 125, 'gap': 0.031584689044713815, 'distances': array([0.13000203, 0.16304718, 0.20571266, 0.20899778, 0.19077395,
       0.20612065, 0.114687  , 0.1991387 , 0.25450394, 0.22017844,
       0.21824726, 0.1472614 , 0.15210238, 0.23320963, 0.1638331 ,
       0.27996633, 0.17686552, 0.25427552, 0.13916196, 0.17584474,
       0.18208615, 0.20477574, 0.16321287, 0.13307067, 0.23415231,
       0.20148488, 0.13406771, 0.15691563, 0.17104333, 0.14545727,
       0.19192258, 0.18980233, 0.18908124, 0.13426524, 0.2745032 ,
       0.16132397, 0.17473472, 0.22902331, 0.14034949, 0.22405742,
       0.23211747, 0.21979012, 0.15389755, 0.18890239, 0.2256809 ,
       0.1714628 , 0.1899113 , 0.18188129, 0.14144631, 0.14278364,
       0.17295526, 0.13465055, 0.112389  , 0.22940981, 0.15754213,
       0.12998957, 0.18869127, 0.24658082, 0.24256542, 0.16449762,
       0.322189  , 0.18176944, 0.17361725, 0.23073919, 0.21990186,
       0.18625618, 0.23968388, 0.        , 0.14539261, 0.13288529,
       0.18337881, 0.15369551, 0.1580462 , 0.13788703, 0.18856049,
       0.14017542, 0.18773155, 0.16757125, 0.17900094, 0.13694364,
       0.13777528, 0.18450442, 0.19359951, 0.235336  , 0.1737046 ,
       0.11864423, 0.17515442, 0.19408734, 0.20184364, 0.18411305,
       0.14809079, 0.19335807, 0.25468117, 0.15429451, 0.25719993,
       0.28277515, 0.24700449, 0.25710523, 0.1706217 , 0.23759483,
       0.17530828, 0.11881203, 0.26098474, 0.26897386, 0.17852893,
       0.20603579, 0.28388459, 0.17788695, 0.23565547, 0.23880403,
       0.16193766, 0.17359799, 0.26326423, 0.18305635, 0.15811505,
       0.22220213, 0.17159352, 0.13372288, 0.17728828, 0.22762435,
       0.17523259, 0.18999559, 0.16676026, 0.20005866, 0.12049498,
       0.13111398, 0.18643397, 0.14186194, 0.13594978, 0.24554894,
       0.22400241, 0.20191911, 0.17166779, 0.11256784, 0.1337925 ,
       0.10979529, 0.13022436, 0.17791798, 0.19071799, 0.13558748,
       0.12717793, 0.18838226, 0.18249663, 0.19595959, 0.25930357,
       0.19663346, 0.1855551 , 0.2946722 , 0.17594592, 0.19768066,
       0.24162516, 0.15824875, 0.1662658 , 0.14193985, 0.14392095,
       0.13994218, 0.12128661, 0.13404941, 0.21159608, 0.09860002,
       0.13028706, 0.20098319, 0.20590252, 0.14350842, 0.22414352,
       0.17977331, 0.20573805, 0.23113279, 0.19279496, 0.10619943,
       0.13836934, 0.20635616, 0.18322792, 0.17356458, 0.17676145,
       0.20230932, 0.16894222, 0.21789471, 0.22846982, 0.23315595,
       0.13911148, 0.26526702, 0.20799257, 0.18614501, 0.19197653,
       0.11932497, 0.12897282, 0.15484222, 0.16796367, 0.26016968,
       0.23976808, 0.18102175, 0.19573054, 0.15164713, 0.19605629,
       0.19254373, 0.11702706, 0.2982984 , 0.12352378, 0.18784587,
       0.13977259, 0.13515325, 0.08851255, 0.16365728, 0.14649698,
       0.14913794, 0.1600975 , 0.18310175, 0.18382674, 0.14237685]), 'delta_distances': array([0., 0., 0., 0., 0., 0., 0., 0., 0., 0., 0., 0., 0., 0., 0., 0., 0.,
       0., 0., 0., 0., 0., 0., 0., 0., 0., 0., 0., 0., 0., 0., 0., 0., 0.,
       0., 0., 0., 0., 0., 0., 0., 0., 0., 0., 0., 0., 0., 0., 0., 0., 0.,
       0., 0., 0., 0., 0., 0., 0., 0., 0., 0., 0., 0., 0., 0., 0., 0., 0.,
       0., 0., 0., 0., 0., 0., 0., 0., 0., 0., 0., 0., 0., 0., 0., 0., 0.,
       0., 0., 0., 0., 0., 0., 0., 0., 0., 0., 0., 0., 0., 0., 0., 0., 0.,
       0., 0., 0., 0., 0., 0., 0., 0., 0., 0., 0., 0., 0., 0., 0., 0., 0.,
       0., 0., 0., 0., 0., 0., 0., 0., 0., 0., 0., 0., 0., 0., 0., 0., 0.,
       0., 0., 0., 0., 0., 0., 0., 0., 0., 0., 0., 0., 0., 0., 0., 0., 0.,
       0., 0., 0., 0., 0., 0., 0., 0., 0., 0., 0., 0., 0., 0., 0., 0., 0.,
       0., 0., 0., 0., 0., 0., 0., 0., 0., 0., 0., 0., 0., 0., 0., 0., 0.,
       0., 0., 0., 0., 0., 0., 0., 0., 0., 0., 0., 0., 0., 0., 0., 0., 0.,
       0., 0., 0., 0., 0., 0.]), 'locations': array([124, 125, 124, 124, 125, 125, 124, 125, 124, 125, 125, 124, 125,
       125, 125,  54, 125, 125, 124, 123, 125, 125, 125, 125, 125, 125,
       123, 125, 123,  59,  58, 123, 125, 124,  55, 125, 124, 125, 125,
       125, 123, 123, 125, 125,  51, 125, 121, 125, 123, 124, 124, 124,
       125, 125, 124, 124, 125,  55, 124, 125, 125,  60,  45, 123,  55,
       124, 125, 125, 124, 124, 124, 125, 124, 125, 125, 124,  54, 125,
       125, 125, 125, 124, 123, 124, 125, 124, 125, 123, 125, 125, 124,
       125, 125, 125, 124, 125, 125, 125, 125, 125,  53, 125, 123, 125,
       125, 124,  22, 125, 118, 125, 125, 125, 124, 124, 123, 123, 124,
       125, 125, 124, 123, 125, 125, 124, 125, 124, 124, 124, 124, 125,
       125, 124, 125, 125, 124, 125, 125, 125, 124, 124, 124, 124, 125,
        57, 125, 125, 125, 125,  97,  55,  52, 125, 125, 124, 125, 125,
       124, 125, 125, 124, 125, 122, 124, 125, 125, 125, 125,  54, 123,
       125, 125,  53, 125, 124, 125, 125, 124, 124, 125, 123, 125, 125,
       125, 125, 125, 124, 124, 124, 124, 125,  55, 125, 125, 125, 125,
        46, 125, 122, 123, 125, 124, 125, 124, 124, 125, 123, 125, 125,
       125, 125])}], 'clusters': array([1, 1, 1, 1, 1, 1, 1, 1, 0, 1, 1, 1, 1, 0, 1, 0, 1, 0, 1, 1, 1, 1,
       1, 1, 0, 1, 1, 1, 1, 1, 1, 1, 1, 1, 0, 1, 1, 1, 1, 1, 0, 1, 1, 1,
       1, 1, 1, 1, 1, 1, 1, 1, 1, 0, 1, 1, 1, 0, 0, 1, 0, 1, 1, 0, 1, 1,
       0, 1, 1, 1, 1, 1, 1, 1, 1, 1, 1, 1, 1, 1, 1, 1, 1, 0, 1, 1, 1, 1,
       1, 1, 1, 1, 0, 1, 0, 0, 0, 0, 1, 0, 1, 1, 0, 0, 1, 1, 0, 1, 0, 0,
       1, 1, 0, 1, 1, 1, 1, 1, 1, 1, 1, 1, 1, 1, 1, 1, 1, 1, 1, 0, 1, 1,
       1, 1, 1, 1, 1, 1, 1, 1, 1, 1, 1, 1, 0, 1, 1, 0, 1, 1, 0, 1, 1, 1,
       1, 1, 1, 1, 1, 1, 1, 1, 1, 1, 1, 1, 1, 0, 1, 1, 1, 1, 1, 1, 1, 1,
       1, 1, 1, 0, 1, 0, 1, 1, 1, 1, 1, 1, 1, 0, 0, 1, 1, 1, 1, 1, 1, 0,
       1, 1, 1, 1, 1, 1, 1, 1, 1, 1, 1, 1]), 'time': 72.68275451660156}
