lenSubsequence: 24{'RI': 0.560251256281407, 'num_clusters': 3, 'uShapelets': [{'ts_index': 95, 'loc': 3, 'gap': 0.28800370513637286, 'distances': array([0.23253221, 0.389377  , 0.27456071, 0.14663404, 0.42678779,
       0.44740671, 0.29046537, 0.14211971, 0.16725662, 0.325781  ,
       0.47642275, 1.40649537, 1.59792983, 0.61380812, 0.57850558,
       0.23232883, 0.29636488, 0.31015529, 0.90072808, 0.317655  ,
       1.17571413, 0.12207367, 0.5727155 , 0.22823025, 0.72169467,
       0.97200271, 0.29228162, 0.21844717, 0.61498142, 0.27423362,
       0.18429004, 0.65332946, 0.35744467, 0.33545967, 0.90541142,
       0.25146971, 0.62738804, 0.17272683, 1.37935829, 0.26883192,
       0.24525933, 1.30699675, 0.50303133, 0.120578  , 0.45918367,
       0.32194008, 0.37997192, 0.2943755 , 0.08346096, 0.53636975,
       0.10613592, 1.1005555 , 0.25040804, 0.33040767, 1.49610942,
       0.21700717, 0.15321425, 0.38242413, 1.63740788, 0.31602475,
       0.96436767, 0.64742113, 0.85550738, 0.19681929, 0.31435446,
       0.40202604, 0.46668996, 0.58038   , 0.31835604, 0.23629154,
       0.13723188, 0.23880571, 0.12022754, 0.22945521, 0.30999737,
       0.16042329, 0.10401487, 0.22017679, 0.32567792, 0.23603088,
       0.06587312, 0.2525335 , 1.17150417, 0.26408112, 0.48932358,
       0.25275092, 0.45461046, 0.28619154, 0.15675025, 0.43760283,
       0.13933487, 1.15445971, 0.41936779, 0.35343471, 0.29210883,
       0.        , 0.1841605 , 0.29346783, 0.70251529, 0.28458283,
       0.30702471, 0.64387758, 0.23863754, 0.29298083, 0.14604929,
       0.61579167, 0.36148296, 0.23527146, 0.54346487, 0.18003425,
       0.33178988, 0.19183792, 1.47198621, 0.09616779, 0.4398445 ,
       0.157584  , 0.21808479, 0.13783287, 0.39705629, 0.30206592,
       1.14902862, 0.32822688, 0.38136637, 0.56499554, 0.11831575,
       0.67377358, 0.16844975, 0.52644567, 0.49505033, 0.24453433,
       0.35766771, 0.20366179, 0.13519683, 0.28643537, 0.17673875,
       0.97331025, 0.73980421, 0.10085408, 0.35810008, 0.28454275,
       0.22483417, 0.37866904, 0.36293146, 0.3292615 , 0.75707142,
       0.12888042, 0.23953267, 0.38745917, 0.16741317, 0.62094496,
       0.10845429, 0.15651354, 0.13165325, 1.09450117, 0.10433804,
       0.11667121, 0.7314045 , 0.30861417, 0.16079871, 0.33208692,
       0.12704737, 0.50552462, 0.36208921, 0.43020046, 0.32371517,
       1.31660925, 0.47104721, 0.18080825, 0.11435579, 0.10216033,
       0.35940046, 0.25564725, 0.37476887, 0.45242963, 0.16696354,
       0.47229346, 0.194182  , 0.32692571, 0.14671321, 0.25178237,
       0.14112883, 0.68510367, 0.13983138, 0.36665321, 0.30628067,
       0.32644842, 1.06024479, 0.27628933, 0.24793733, 0.13884437,
       0.4036405 , 0.52094542, 0.17538933, 0.75073987, 0.45370142,
       0.30207475, 0.80705283, 0.25769254, 0.39503467, 0.80241467]), 'delta_distances': array([0.10217333, 0.13302183, 0.11934317, 0.07574683, 0.135038  ,
       0.107617  , 0.14589625, 0.08375642, 0.06779608, 0.15564592,
       0.15266417, 0.19295017, 0.27529992, 0.17590858, 0.14861542,
       0.10137883, 0.10255483, 0.106935  , 0.21512667, 0.11954533,
       0.2344275 , 0.06511217, 0.134442  , 0.07409833, 0.12102492,
       0.17708725, 0.10860108, 0.09529425, 0.16073675, 0.12359708,
       0.09765933, 0.14215867, 0.12383925, 0.107833  , 0.18975267,
       0.07993092, 0.13886175, 0.07538892, 0.22657542, 0.127087  ,
       0.08089192, 0.2173165 , 0.15244417, 0.08017217, 0.11199183,
       0.13630925, 0.14257425, 0.11368492, 0.04972908, 0.16582942,
       0.05944342, 0.20498508, 0.11747925, 0.14133742, 0.18749575,
       0.10282292, 0.06336533, 0.12137325, 0.20068475, 0.12813975,
       0.21227808, 0.17824567, 0.23969067, 0.08505775, 0.12625483,
       0.12913467, 0.094197  , 0.13292833, 0.10369458, 0.09677967,
       0.067896  , 0.09238725, 0.06514758, 0.09809275, 0.09589292,
       0.07817608, 0.05354792, 0.082832  , 0.06242558, 0.09125892,
       0.05304733, 0.09481433, 0.23076567, 0.07694858, 0.16497833,
       0.06660208, 0.12559   , 0.10923983, 0.05570675, 0.1330535 ,
       0.07384317, 0.266064  , 0.13747608, 0.12147925, 0.12956417,
       0.        , 0.07969508, 0.1136315 , 0.22975192, 0.12040492,
       0.11271217, 0.13015492, 0.09812025, 0.09431208, 0.07030625,
       0.15939408, 0.10832458, 0.08048808, 0.12138183, 0.08168575,
       0.09330508, 0.06016008, 0.1919015 , 0.05429517, 0.1256565 ,
       0.0846465 , 0.06881242, 0.05947642, 0.12308675, 0.09194025,
       0.19148183, 0.11100225, 0.10685508, 0.128324  , 0.06043692,
       0.16149342, 0.06613333, 0.16809   , 0.11552033, 0.07627925,
       0.08688683, 0.05502433, 0.06394725, 0.06745842, 0.07856667,
       0.16517692, 0.1665775 , 0.06347058, 0.13403442, 0.08590592,
       0.10429383, 0.1283405 , 0.10550792, 0.12231442, 0.21277567,
       0.05947008, 0.09092617, 0.12350592, 0.07377783, 0.13347592,
       0.05681442, 0.06498283, 0.07856675, 0.18062842, 0.05654217,
       0.057171  , 0.13640242, 0.09541583, 0.08168233, 0.08930983,
       0.0553205 , 0.12494242, 0.08609167, 0.10912925, 0.09027083,
       0.22296717, 0.11200908, 0.07884275, 0.0633245 , 0.05547633,
       0.11864033, 0.09122392, 0.14144942, 0.1248525 , 0.06119592,
       0.12294383, 0.06626167, 0.09096775, 0.0624715 , 0.09258875,
       0.07813258, 0.17940733, 0.06502033, 0.13206175, 0.10823392,
       0.12469233, 0.19153092, 0.09331875, 0.09852825, 0.08076367,
       0.11851317, 0.10045733, 0.07438   , 0.13106042, 0.12233392,
       0.10167783, 0.15638567, 0.1060485 , 0.08348108, 0.146238  ]), 'locations': array([ 3,  3,  4,  2,  9,  3,  1,  2,  2,  7,  2, 63, 71,  3,  7,  4,  2,
        2,  0,  0, 24,  3,  3,  3,  0,  0,  5,  3,  3,  3,  3,  3,  8,  3,
        0,  5,  2,  2, 32,  5,  3,  0,  0,  2,  4,  3,  3,  1,  3,  0,  4,
       31,  8,  7, 64,  5,  4,  6, 63,  8, 22,  3,  3,  4,  9,  6,  3,  3,
        3,  3,  4,  4,  2,  3,  3,  5,  2,  4,  3,  4,  4,  4,  0,  4,  7,
        3,  5,  7,  3,  3,  2, 23,  6,  4,  3,  3,  3,  9,  0,  3,  5, 64,
        6,  9,  3,  1,  5,  5,  3,  2,  5,  5, 65,  3,  9,  2,  3,  3,  1,
        6,  0,  3,  4,  1,  3,  0,  2,  1,  0,  3,  3,  3,  2,  4,  4, 56,
        0,  3,  1,  3,  6,  5,  3,  6,  0,  4,  2,  4,  2,  2,  2,  4,  2,
        4,  3,  3,  0,  7,  2,  3,  4,  3, 12,  3,  3,  0,  3,  2,  2,  3,
        4,  3,  3,  3,  2,  3,  4,  3,  4,  3,  2,  0,  4,  0,  7,  4,  0,
        4,  3,  1,  7,  2,  4,  6,  4,  5,  0,  3,  3,  3])}, {'ts_index': 11, 'loc': 13, 'gap': 0.23789646097311962, 'distances': array([0.        , 0.51500908, 0.08768721, 0.52575288, 0.32289204,
       0.088959  , 0.06839737, 0.06186179, 0.54228983, 0.0773345 ,
       0.34364046, 0.10103912, 0.04867329, 0.40507179, 0.06117075,
       0.12674721, 0.11668842, 0.45898567, 0.079112  , 0.23576571,
       0.09790904, 0.03528887, 0.13134979, 0.06683837, 0.05122913,
       0.14512725, 0.05846937, 0.09746538, 0.05906871, 0.11410104,
       0.06626333, 0.09703029, 0.05909683, 0.10795192]), 'delta_distances': array([0.        , 0.13053783, 0.05556408, 0.13751858, 0.10623225,
       0.05690458, 0.055914  , 0.043705  , 0.14340683, 0.06529258,
       0.12026133, 0.05254292, 0.04217342, 0.12943358, 0.03992467,
       0.05402792, 0.05340625, 0.12464808, 0.05072683, 0.07338667,
       0.06514775, 0.03861942, 0.06115933, 0.048596  , 0.03828967,
       0.07702892, 0.04421108, 0.056831  , 0.04255317, 0.05398283,
       0.041786  , 0.06020542, 0.03597017, 0.05156567]), 'locations': array([13, 19, 12,  3, 11, 13, 19, 15,  4, 20,  4, 10, 14,  3, 19, 19, 13,
        3, 13, 11, 13, 16, 13, 11, 13, 14, 25, 12, 12, 11, 10, 27, 11, 19])}], 'clusters': array([1, 1, 1, 1, 1, 1, 1, 1, 1, 1, 1, 2, 0, 1, 1, 1, 1, 1, 2, 1, 0, 1,
       1, 1, 2, 2, 1, 1, 1, 1, 1, 2, 1, 1, 2, 1, 1, 1, 0, 1, 1, 2, 1, 1,
       1, 1, 1, 1, 1, 1, 1, 0, 1, 1, 2, 1, 1, 1, 2, 1, 0, 2, 2, 1, 1, 1,
       1, 1, 1, 1, 1, 1, 1, 1, 1, 1, 1, 1, 1, 1, 1, 1, 2, 1, 1, 1, 1, 1,
       1, 1, 1, 0, 1, 1, 1, 1, 1, 1, 2, 1, 1, 2, 1, 1, 1, 1, 1, 1, 1, 1,
       1, 1, 2, 1, 1, 1, 1, 1, 1, 1, 2, 1, 1, 1, 1, 2, 1, 1, 1, 1, 1, 1,
       1, 1, 1, 2, 2, 1, 1, 1, 1, 1, 1, 1, 2, 1, 1, 1, 1, 1, 1, 1, 1, 2,
       1, 1, 2, 1, 1, 1, 1, 1, 1, 1, 1, 2, 1, 1, 1, 1, 1, 1, 1, 1, 1, 1,
       1, 1, 1, 1, 1, 2, 1, 1, 1, 1, 2, 1, 1, 1, 1, 1, 1, 2, 1, 1, 2, 1,
       1, 2]), 'time': 32.86111664772034}
lenSubsequence: 28{'RI': 0.560251256281407, 'num_clusters': 3, 'uShapelets': [{'ts_index': 146, 'loc': 0, 'gap': 0.5675982422023458, 'distances': array([0.31839207, 0.68204446, 0.76979382, 0.37359293, 1.06320818,
       0.6987065 , 0.84166786, 0.45729993, 0.17803996, 0.77727268,
       0.33280861, 2.70605746, 2.78377875, 1.05444661, 0.94392343,
       0.70727857, 0.50113679, 0.66857721, 1.905251  , 1.10087314,
       2.12561357, 0.16929682, 0.90691243, 0.39954975, 1.52068739,
       2.20917796, 0.77222179, 0.53554464, 0.81905911, 0.57073443,
       0.53447929, 0.91050279, 0.89479046, 0.25426425, 2.27979854,
       0.57254607, 1.00302711, 0.39814039, 2.44603871, 0.7551385 ,
       0.38656139, 2.70549346, 1.0812455 , 0.19723996, 0.80476736,
       0.51708807, 0.67634686, 0.81688214, 0.31207389, 1.33044889,
       0.43528496, 2.12834214, 0.72083793, 0.79476521, 2.77954568,
       0.41758925, 0.28520596, 0.83132343, 2.65991675, 0.81021479,
       1.90051375, 0.99283989, 1.28698514, 0.53276679, 0.91805875,
       0.80226243, 0.78314729, 1.0056935 , 0.59936457, 0.63934689,
       0.42192561, 0.48141971, 0.25463907, 0.20241307, 0.59505639,
       0.16705104, 0.201127  , 0.63777532, 0.61978154, 0.55148604,
       0.25325382, 0.696571  , 2.32614771, 0.54052261, 1.00660421,
       0.68054279, 0.64778146, 0.77413114, 0.51989157, 0.72118786,
       0.23259011, 2.14652321, 0.83644879, 0.65883389, 0.76944479,
       0.25398025, 0.17019275, 0.80616379, 1.23751318, 0.652401  ,
       0.79444971, 1.53921543, 0.71879096, 0.95512925, 0.18797036,
       0.95817821, 0.86931586, 0.60063657, 0.87711675, 0.09540096,
       0.79680139, 0.55843271, 2.48361364, 0.35534471, 1.01568018,
       0.20926589, 0.4864525 , 0.30458432, 0.82628779, 0.78551996,
       2.58637711, 0.66791618, 0.79189146, 0.68060093, 0.18505146,
       1.75180071, 0.26654675, 1.23362154, 1.32765957, 0.48005957,
       0.59447775, 0.46426639, 0.07972707, 0.56629879, 0.48770414,
       1.59440354, 1.50653575, 0.20448075, 0.95363068, 0.42234846,
       0.61753371, 0.96436893, 0.7088245 , 0.83243061, 1.30856389,
       0.25652039, 0.        , 0.99521304, 0.20102254, 0.70659057,
       0.17273311, 0.44941086, 0.11590861, 2.49719832, 0.14377696,
       0.23193386, 1.13980161, 0.76675182, 0.20645557, 0.6495865 ,
       0.367659  , 0.43450568, 1.00818589, 0.65887232, 0.72426771,
       2.75092589, 0.83787954, 0.42172282, 0.18804564, 0.19740429,
       0.80651121, 0.325021  , 0.93651343, 0.79504232, 0.49742182,
       0.73767093, 0.37491307, 0.50299246, 0.28488846, 0.73136225,
       0.34270586, 1.85725864, 0.43149414, 0.8366275 , 0.75494686,
       0.79647068, 1.51787957, 0.50807589, 0.45514975, 0.26631136,
       0.90962   , 0.95350829, 0.41734786, 1.99922779, 0.86302757,
       0.79169946, 1.35585361, 0.61907518, 0.74127139, 1.14526429]), 'delta_distances': array([0.10619021, 0.14861714, 0.20070329, 0.11974979, 0.283899  ,
       0.12213864, 0.2231195 , 0.15454943, 0.08255829, 0.20242771,
       0.11854907, 0.23547343, 0.27354436, 0.18405279, 0.20121936,
       0.16268221, 0.13857236, 0.15568571, 0.28937793, 0.22164871,
       0.28856236, 0.080192  , 0.16471757, 0.09975743, 0.1805865 ,
       0.31596421, 0.19034964, 0.13510186, 0.13683414, 0.18557571,
       0.1812765 , 0.14507257, 0.18403221, 0.07867429, 0.30019721,
       0.10242014, 0.171457  , 0.12950236, 0.27956386, 0.21745729,
       0.10477621, 0.3194    , 0.17359921, 0.10714121, 0.12654429,
       0.17616664, 0.14672179, 0.16765393, 0.09282257, 0.2584775 ,
       0.14864179, 0.28992457, 0.1695135 , 0.20999436, 0.22713557,
       0.11366921, 0.11946221, 0.15111064, 0.21906614, 0.20354421,
       0.273567  , 0.17637207, 0.28887193, 0.15954207, 0.19292036,
       0.18633993, 0.11541764, 0.17014436, 0.14655993, 0.17253893,
       0.13278379, 0.12538679, 0.10375907, 0.119427  , 0.13703414,
       0.09100079, 0.08756786, 0.15180636, 0.11131757, 0.13714279,
       0.13045857, 0.16097436, 0.310785  , 0.128578  , 0.22875157,
       0.12092521, 0.20291507, 0.17281936, 0.11145593, 0.1824925 ,
       0.08223614, 0.34616957, 0.18579229, 0.1493485 , 0.17575093,
       0.10172493, 0.08400529, 0.186239  , 0.26191021, 0.14699964,
       0.17507079, 0.15690257, 0.15199514, 0.17073786, 0.07909157,
       0.19709536, 0.17065   , 0.12006057, 0.14837236, 0.05226071,
       0.13879743, 0.09687964, 0.21817193, 0.13424636, 0.187751  ,
       0.11106436, 0.11838893, 0.10170107, 0.168546  , 0.12721279,
       0.311437  , 0.16431743, 0.16628143, 0.16324564, 0.08202336,
       0.28536893, 0.08308943, 0.24764557, 0.17071329, 0.11365093,
       0.13217307, 0.12152271, 0.04911571, 0.09282336, 0.14577121,
       0.23476786, 0.2041915 , 0.091997  , 0.18532393, 0.10513793,
       0.16808479, 0.20792   , 0.13766793, 0.16456286, 0.28819843,
       0.09167893, 0.        , 0.186443  , 0.06960457, 0.14551086,
       0.07725621, 0.11788229, 0.06983214, 0.29409229, 0.07563336,
       0.08270393, 0.19732507, 0.15364343, 0.08603957, 0.13736993,
       0.10757236, 0.09333479, 0.18746979, 0.134921  , 0.16907557,
       0.30568307, 0.13469464, 0.124123  , 0.08888379, 0.07686993,
       0.1696965 , 0.1189855 , 0.19156693, 0.16374229, 0.12069357,
       0.14091879, 0.094931  , 0.11038936, 0.10537393, 0.14033771,
       0.10790643, 0.28189914, 0.10750143, 0.17919407, 0.16662757,
       0.19056007, 0.20960907, 0.1065565 , 0.10687   , 0.11407329,
       0.17928757, 0.13530614, 0.09553864, 0.21255571, 0.1554975 ,
       0.14504486, 0.20391771, 0.15703143, 0.13238914, 0.16143036]), 'locations': array([ 1,  0,  2,  0,  2,  1,  0,  0,  0,  3,  0, 59, 65,  1,  4,  1,  0,
        0,  0,  0, 22,  1,  1,  1,  0,  0,  1,  1,  0,  1,  1,  1,  4,  1,
        0,  2,  0,  0, 22,  3,  1,  0,  0,  0,  2,  1,  1,  0,  1,  0,  1,
       25,  4,  4, 59,  2,  2,  3, 59,  6, 21,  1,  1,  2,  7,  3,  1,  1,
        1,  1,  2,  1,  0,  0,  1,  3,  0,  2,  1,  1,  2,  2,  0,  2,  5,
        2,  0,  3,  1,  1,  0, 20,  3,  1,  1,  1,  0,  6,  0,  0,  3, 59,
        4,  2,  1,  1,  2,  2,  1,  0,  3,  3, 61,  1,  7,  0,  1,  1,  0,
        2,  0,  1,  2,  0,  1,  0,  1,  1,  0,  1,  1,  1,  0,  1,  2,  0,
        0,  1,  0,  1,  3,  3,  1,  4,  0,  2,  0,  2,  0,  0,  0,  2,  0,
        3,  1,  1,  0,  5,  1,  1,  2,  0,  3,  1,  1,  0,  1,  1,  0,  1,
        2,  1,  1,  1,  0,  1,  1,  1,  2,  2,  0,  0,  1,  0,  3,  2,  0,
        1,  1,  0,  3,  0,  2,  6,  1,  3,  0,  2,  1,  1])}, {'ts_index': 135, 'loc': 6, 'gap': 0.720761439812434, 'distances': array([0.06607211, 0.68518646, 0.03174146, 1.83018154, 0.54910879,
       0.06638232, 0.09998154, 1.58490354, 0.10942039, 0.0602335 ,
       1.29871057, 0.10009311, 0.05979454, 1.07178596, 0.12931268,
       0.08256304, 1.33659236, 0.02617886, 0.26688507, 0.1685795 ,
       0.05622718, 0.09565064, 0.24075211, 0.20695807, 0.        ,
       0.04953818, 0.09641593, 0.10644396, 0.06568646, 0.11590525,
       0.08615254, 0.11311046, 0.01658725, 0.10139425]), 'delta_distances': array([0.04058893, 0.13633086, 0.02952629, 0.19155271, 0.16088757,
       0.04792036, 0.04559807, 0.20312243, 0.05829143, 0.0489305 ,
       0.19541   , 0.05621993, 0.0369365 , 0.157436  , 0.05469379,
       0.03985979, 0.17384221, 0.03120179, 0.08137214, 0.07600857,
       0.04463514, 0.05453129, 0.07338357, 0.070236  , 0.        ,
       0.03231614, 0.04263214, 0.05625064, 0.04179121, 0.05687429,
       0.0537415 , 0.05921686, 0.0198175 , 0.05385879]), 'locations': array([ 8, 12,  7,  3,  7,  7, 10,  3, 13,  7,  4,  5,  8,  0, 14,  7,  0,
        8,  7,  7, 11,  8, 29, 14,  6,  8,  8, 20,  6,  7,  6, 21,  6, 14])}], 'clusters': array([1, 1, 1, 1, 1, 1, 1, 1, 1, 1, 1, 2, 0, 1, 1, 1, 1, 1, 2, 1, 0, 1,
       1, 1, 2, 2, 1, 1, 1, 1, 1, 1, 1, 1, 2, 1, 1, 1, 0, 1, 1, 2, 1, 1,
       1, 1, 1, 1, 1, 2, 1, 0, 1, 1, 2, 1, 1, 1, 2, 1, 0, 1, 2, 1, 1, 1,
       1, 1, 1, 1, 1, 1, 1, 1, 1, 1, 1, 1, 1, 1, 1, 1, 2, 1, 1, 1, 1, 1,
       1, 1, 1, 0, 1, 1, 1, 1, 1, 1, 2, 1, 1, 2, 1, 1, 1, 1, 1, 1, 1, 1,
       1, 1, 2, 1, 1, 1, 1, 1, 1, 1, 2, 1, 1, 1, 1, 2, 1, 2, 2, 1, 1, 1,
       1, 1, 1, 2, 2, 1, 1, 1, 1, 1, 1, 1, 2, 1, 1, 1, 1, 1, 1, 1, 1, 2,
       1, 1, 1, 1, 1, 1, 1, 1, 1, 1, 1, 2, 1, 1, 1, 1, 1, 1, 1, 1, 1, 1,
       1, 1, 1, 1, 1, 2, 1, 1, 1, 1, 2, 1, 1, 1, 1, 1, 1, 2, 1, 1, 2, 1,
       1, 2]), 'time': 29.594719648361206}
lenSubsequence: 32{'RI': 0.581356783919598, 'num_clusters': 3, 'uShapelets': [{'ts_index': 174, 'loc': 0, 'gap': 0.5431474140663393, 'distances': array([0.12141828, 0.17427638, 0.40520728, 0.11793916, 0.530896  ,
       0.20618066, 0.38230922, 0.17880672, 0.31979491, 0.36721041,
       0.90311922, 1.61365656, 2.27227269, 0.750409  , 0.9156815 ,
       0.27111094, 0.10310566, 0.20127741, 1.39027119, 0.83567763,
       1.92084925, 0.14127784, 0.23348622, 0.11196816, 1.33742088,
       1.34125091, 0.26170809, 0.14486375, 0.98363984, 0.16104612,
       0.04553444, 0.32950884, 0.41736422, 0.61388172, 1.11608275,
       0.42222122, 0.2283865 , 0.20177175, 2.14923806, 0.39098056,
       0.12235759, 1.20293547, 0.86135197, 0.12630581, 0.31149084,
       0.12412966, 0.24360153, 0.36238559, 0.09136025, 0.87883066,
       0.33829322, 1.73427713, 0.37868881, 0.38261963, 2.54779669,
       0.3246015 , 0.15727931, 0.50624856, 1.68248534, 0.37944763,
       1.73542547, 0.35892169, 0.36578644, 0.39002334, 0.55294381,
       0.49002697, 0.19135425, 0.24600463, 0.41123341, 0.27849662,
       0.344993  , 0.21494153, 0.32692275, 0.51973303, 0.11574306,
       0.438962  , 0.16049153, 0.14936947, 0.18115863, 0.26067225,
       0.30763525, 0.18712225, 1.47311237, 0.12025603, 0.66697812,
       0.19193978, 0.46558003, 0.28116247, 0.11292391, 0.22858525,
       0.36907894, 1.89358425, 0.45979875, 0.31991156, 0.42293075,
       0.28546306, 0.36067019, 0.47164556, 1.05304659, 0.4823345 ,
       0.29980284, 1.25151941, 0.21814184, 0.34062847, 0.13468819,
       0.31950331, 0.55627941, 0.28658519, 0.21319319, 0.34330884,
       0.26323641, 0.1925145 , 1.68911134, 0.29448138, 0.4763915 ,
       0.41949106, 0.25100534, 0.24116234, 0.57548563, 0.31255266,
       1.19934156, 0.19793131, 0.27330884, 1.38354488, 0.14122272,
       1.14583625, 0.21255534, 0.74398606, 0.45952166, 0.13727512,
       0.12109878, 0.30524475, 0.299567  , 0.15360203, 0.30298353,
       1.41428369, 0.90903628, 0.30796972, 0.41881978, 0.10570122,
       0.25708822, 0.44943062, 0.17317306, 0.39880603, 0.80520634,
       0.21161091, 0.49941366, 0.55528119, 0.21437184, 0.71289141,
       0.30457425, 0.234359  , 0.41078166, 0.973645  , 0.17071341,
       0.09171469, 1.10108997, 0.39235706, 0.174934  , 0.20850097,
       0.37080794, 1.07777119, 0.47531303, 0.15959709, 0.13577534,
       1.85437178, 0.17201169, 0.16964688, 0.17357247, 0.31701525,
       0.26273778, 0.16463147, 0.39942091, 0.21630841, 0.        ,
       0.14978428, 0.2841555 , 0.13047609, 0.40489263, 0.25218844,
       0.18231172, 1.23065588, 0.30716559, 0.3594405 , 0.33791969,
       0.45418237, 1.79557762, 0.19799222, 0.37427178, 0.29785719,
       0.50551884, 0.15386731, 0.26752125, 0.74941447, 0.39468456,
       0.42617609, 1.41951259, 0.20241525, 0.08924247, 0.37470094]), 'delta_distances': array([0.07422725, 0.09729769, 0.123207  , 0.06827181, 0.14307375,
       0.09389719, 0.15242694, 0.07266419, 0.10845931, 0.15996212,
       0.21858188, 0.29476356, 0.27699887, 0.16068081, 0.15735138,
       0.09434481, 0.05652469, 0.08011062, 0.27229881, 0.202475  ,
       0.22304312, 0.07533644, 0.09837913, 0.0593015 , 0.16679425,
       0.26477625, 0.12095212, 0.07522069, 0.20474875, 0.10171406,
       0.04613512, 0.12417575, 0.1328095 , 0.14491694, 0.24477694,
       0.10516719, 0.10920675, 0.07133706, 0.22746712, 0.1139825 ,
       0.05787981, 0.21068987, 0.20615962, 0.07241662, 0.12562756,
       0.09712487, 0.10856288, 0.11489369, 0.04220975, 0.19948987,
       0.11985456, 0.20581781, 0.11782356, 0.15115056, 0.20113475,
       0.10162431, 0.07964231, 0.13670294, 0.2634255 , 0.11915575,
       0.23725719, 0.13706737, 0.15275519, 0.11822238, 0.15773656,
       0.11808319, 0.10032131, 0.10170775, 0.13440981, 0.10192913,
       0.09256994, 0.09444681, 0.09712762, 0.17023162, 0.07510381,
       0.13920825, 0.070614  , 0.08113119, 0.08242944, 0.07447881,
       0.12230006, 0.08804894, 0.29533925, 0.06683488, 0.16409919,
       0.08083556, 0.14668919, 0.10781369, 0.04294294, 0.09989756,
       0.09533144, 0.3037485 , 0.14115375, 0.1016885 , 0.13259925,
       0.09182038, 0.13347544, 0.1390145 , 0.23341469, 0.11591844,
       0.11076863, 0.14278562, 0.08782125, 0.105919  , 0.07745931,
       0.10991219, 0.13621312, 0.08699694, 0.08775775, 0.10190806,
       0.08692975, 0.06543094, 0.25580781, 0.10059813, 0.10553875,
       0.12248425, 0.09314412, 0.09497831, 0.14914081, 0.09335713,
       0.22250275, 0.07561038, 0.09358369, 0.23165763, 0.06038056,
       0.22978175, 0.07499988, 0.15110156, 0.11205344, 0.07251987,
       0.05819525, 0.10188787, 0.08017637, 0.06138381, 0.10188663,
       0.24631013, 0.17435119, 0.1061445 , 0.12260994, 0.05728106,
       0.10426725, 0.13236362, 0.07303925, 0.10621831, 0.21195806,
       0.07844381, 0.12071187, 0.13903862, 0.08137712, 0.14003856,
       0.09334769, 0.06540106, 0.11325338, 0.18257744, 0.07431725,
       0.05198456, 0.208212  , 0.11074731, 0.07993688, 0.095087  ,
       0.08565212, 0.16906025, 0.12271069, 0.07758506, 0.07849569,
       0.2748785 , 0.07921744, 0.07999169, 0.07319762, 0.08055513,
       0.0958545 , 0.06677263, 0.12235381, 0.0960535 , 0.        ,
       0.07794919, 0.09515513, 0.06953837, 0.10547231, 0.09370275,
       0.07217544, 0.23886744, 0.08759488, 0.11988544, 0.13311206,
       0.16479925, 0.25829487, 0.07430475, 0.11229269, 0.12947256,
       0.13670775, 0.0752215 , 0.10160675, 0.13501869, 0.11791   ,
       0.1188805 , 0.24356094, 0.09132531, 0.04907   , 0.11470112]), 'locations': array([ 1,  0,  5,  0,  2,  1,  2,  0,  0,  7,  0,  0, 11,  3, 30,  2,  0,
        0,  0,  0, 29,  1,  1,  1,  0,  0,  4,  1,  1,  0,  1,  1,  6,  0,
        0,  3,  0,  0, 26,  4,  1,  0,  0,  0,  2,  1,  1,  0,  1,  0,  1,
       58,  7,  6, 54,  2,  1,  7,  0,  8, 21,  1,  1,  2,  8,  6,  1,  1,
        1,  0,  1,  1,  0,  0,  1,  2,  0,  2,  1,  1,  1,  2,  0,  2, 11,
        2,  3,  6,  1,  1,  0, 22,  7,  1,  2,  0,  0, 12,  0,  2,  5, 56,
        5, 10,  1,  1,  4,  3,  1,  0,  3,  4,  0,  0, 13,  0,  1,  1,  3,
        5,  0,  1,  1,  0,  1,  0,  0,  5,  0,  1,  1,  1,  0,  1,  1,  0,
        0,  0,  0,  1,  4,  4,  0,  7,  0,  1,  0, 11,  0,  0,  0,  2,  0,
        3,  1,  1,  0,  6,  0,  1,  1,  0, 11,  1,  1,  0,  1,  0,  0,  1,
        2,  1,  4,  1,  0,  1,  1,  1,  1,  3,  0,  0,  1,  2,  6,  3,  0,
        1,  1,  0,  6,  0,  2,  7,  2,  3,  0,  2,  1,  1])}, {'ts_index': 34, 'loc': 8, 'gap': 0.7080446004348401, 'distances': array([0.37737741, 0.06463069, 0.47785981, 0.23775775, 0.13700675,
       1.79243653, 0.58563303, 0.14700275, 0.12907262, 0.        ,
       1.79037719, 0.11812856, 0.19690944, 1.44099603, 0.13952875,
       0.09501297, 1.25891909, 0.11453375, 1.43735106, 0.157303  ,
       0.27975053, 0.17164122, 0.08010603, 0.67983509, 0.16855697,
       0.13302803, 0.07998456, 0.10018306, 0.20556716, 0.38155594,
       0.13217375, 0.16230066, 0.24980494, 0.17723044]), 'delta_distances': array([0.14131387, 0.05742806, 0.16644106, 0.08759338, 0.08713481,
       0.28065119, 0.21575137, 0.09816306, 0.08559512, 0.        ,
       0.34485119, 0.06130644, 0.10756944, 0.27285569, 0.09651713,
       0.06228662, 0.25751644, 0.08355181, 0.30676987, 0.10228856,
       0.14865838, 0.08398994, 0.07577169, 0.18880412, 0.088318  ,
       0.0941425 , 0.06527044, 0.08232031, 0.10526656, 0.15793594,
       0.076255  , 0.11155356, 0.11977988, 0.10673469]), 'locations': array([ 8,  6, 12, 45,  6, 39,  5,  6,  7,  8,  3, 13,  6,  4,  3,  8,  0,
        6,  0,  6,  6,  7,  9,  6,  7,  5,  7, 18,  6,  7,  6,  6,  6,  6])}], 'clusters': array([1, 1, 1, 1, 1, 1, 1, 1, 1, 1, 2, 2, 2, 1, 2, 1, 1, 1, 2, 1, 0, 1,
       1, 1, 2, 2, 1, 1, 2, 1, 1, 1, 1, 1, 2, 1, 1, 1, 0, 1, 1, 2, 1, 1,
       1, 1, 1, 1, 1, 2, 1, 0, 1, 1, 2, 1, 1, 1, 2, 1, 0, 1, 1, 1, 1, 1,
       1, 1, 1, 1, 1, 1, 1, 1, 1, 1, 1, 1, 1, 1, 1, 1, 2, 1, 1, 1, 1, 1,
       1, 1, 1, 0, 1, 1, 1, 1, 1, 1, 2, 1, 1, 2, 1, 1, 1, 1, 1, 1, 1, 1,
       1, 1, 2, 1, 1, 1, 1, 1, 1, 1, 2, 1, 1, 0, 1, 2, 1, 1, 1, 1, 1, 1,
       1, 1, 1, 2, 2, 1, 1, 1, 1, 1, 1, 1, 1, 1, 1, 1, 1, 1, 1, 1, 1, 2,
       1, 1, 2, 1, 1, 1, 1, 2, 1, 1, 1, 2, 1, 1, 1, 1, 1, 1, 1, 1, 1, 1,
       1, 1, 1, 1, 1, 2, 1, 1, 1, 1, 2, 1, 1, 1, 1, 1, 1, 1, 1, 1, 2, 1,
       1, 1]), 'time': 23.244672060012817}
