lenSubsequence: 28{'RI': 0.5006918003720349, 'num_clusters': 6, 'uShapelets': [{'ts_index': 186, 'loc': 45, 'gap': 0.07905443327392048, 'distances': array([0.48467805, 0.64708637, 0.77945829, 0.65639563, 0.76815369,
       0.70971685, 0.52203781, 0.75669005, 0.70188628, 0.59232598,
       0.61195156, 0.50014922, 0.56708299, 0.62696048, 0.7814478 ,
       0.59936541, 0.76087797, 0.64859073, 0.65779765, 0.66297023,
       0.53150517, 0.60509332, 0.75802403, 0.54224952, 0.67867992,
       0.50813185, 0.54187296, 0.54721007, 0.43835037, 0.59335988,
       0.65016952, 0.70898757, 0.53589728, 0.6722686 , 0.65662818,
       0.52271958, 0.65539399, 0.46549262, 0.51584684, 0.55852738,
       0.60421016, 0.78459316, 0.61019057, 0.70850014, 0.62397367,
       0.67879439, 0.57017821, 0.71051418, 0.78769209, 0.59944933,
       0.61868993, 0.77654066, 0.45731589, 0.65199235, 0.6109349 ,
       0.79554844, 0.54163769, 0.45923263, 0.66012475, 0.51614325,
       0.63145695, 0.52165218, 0.76262522, 0.35155369, 0.51217065,
       0.62165713, 0.73131697, 0.59655729, 0.58088617, 0.71248958,
       0.66560342, 0.7731283 , 0.44400942, 0.7912964 , 0.52789824,
       0.52531302, 0.78118114, 0.72194388, 0.60092838, 0.53475452,
       0.69571448, 0.50293681, 0.47045217, 0.48435745, 0.60693852,
       0.56986569, 0.77243964, 0.75033515, 0.59411971, 0.48150808,
       0.58226284, 0.60403969, 0.74851056, 0.5884078 , 0.54912159,
       0.56105831, 0.79245106, 0.35066817, 0.70432097, 0.58998104,
       0.68111665, 0.641847  , 0.64519755, 0.52049411, 0.7866678 ,
       0.59250205, 0.57998946, 0.62453393, 0.59337415, 0.59454336,
       0.78073726, 0.79134216, 0.66415367, 0.61700109, 0.50423051,
       0.65571204, 0.76404196, 0.71359805, 0.77060644, 0.62928716,
       0.69846903, 0.54390042, 0.59768881, 0.56361165, 0.79927729,
       0.38124497, 0.4678649 , 0.72899296, 0.78555377, 0.6119026 ,
       0.52810541, 0.55596728, 0.58912837, 0.53113681, 0.61160704,
       0.79488455, 0.65432135, 0.62795623, 0.60257315, 0.47520837,
       0.60192877, 0.51148688, 0.61006741, 0.67041251, 0.67876614,
       0.79160841, 0.63706796, 0.66944597, 0.72996728, 0.55385886,
       0.67034158, 0.77075847, 0.78942831, 0.65674626, 0.68610036,
       0.73642556, 0.61829447, 0.61181193, 0.73738863, 0.47396192,
       0.53512185, 0.78705516, 0.68910608, 0.679109  , 0.60775516,
       0.6325575 , 0.52240756, 0.47655103, 0.62374103, 0.56979795,
       0.7464133 , 0.73583041, 0.63639327, 0.61997219, 0.49837419,
       0.78380551, 0.56607688, 0.76483474, 0.46314622, 0.74702087,
       0.49292371, 0.71097247, 0.55368424, 0.52055665, 0.67701985,
       0.55733223, 0.        , 0.77699811, 0.55711146, 0.75855494,
       0.64373665, 0.68619049, 0.59792365, 0.54290468, 0.60979867,
       0.80293885, 0.49595362, 0.68346825, 0.79662743, 0.61574342,
       0.71563104, 0.6425519 , 0.5073836 , 0.7041604 , 0.65618603,
       0.36857093, 0.63645662, 0.46364803, 0.61853061, 0.55949455,
       0.42611265, 0.7651303 , 0.78901898, 0.74886144, 0.56517324,
       0.50219873, 0.67214851, 0.78753767, 0.59531041, 0.59977834,
       0.57755742, 0.46756565, 0.56814044, 0.47124577, 0.5864069 ,
       0.57804583, 0.50624568, 0.67387529, 0.80046226, 0.53152779,
       0.49909277, 0.64674499, 0.77234451, 0.64237076, 0.45852586,
       0.72941699, 0.78037258, 0.66912224, 0.61179743, 0.78778037,
       0.50009057, 0.63018365, 0.55253544, 0.63311288, 0.55173628,
       0.59162993, 0.50889435, 0.50883987, 0.4841919 , 0.60053632,
       0.58809043, 0.79309753, 0.57590288, 0.69623131, 0.61033885,
       0.62497965, 0.43855225, 0.58276651, 0.62297227, 0.39760581,
       0.59293144, 0.71968864, 0.69525885, 0.70497089, 0.56525687,
       0.76756513, 0.62257851, 0.63437675, 0.5568216 , 0.48673345,
       0.67200933, 0.78804291, 0.50792364, 0.52429445, 0.71246437,
       0.5900687 , 0.70502897, 0.62619947, 0.43472373, 0.71760754,
       0.73063898, 0.63960416, 0.62389335, 0.59079361, 0.6633774 ,
       0.7606915 , 0.80643169, 0.54979554, 0.65847637, 0.48724478,
       0.57997318, 0.54905882, 0.54439287, 0.72233562, 0.61865315,
       0.62548818, 0.45686029, 0.79475635, 0.75207194, 0.66293134,
       0.69523663, 0.50964542, 0.37323869, 0.70560225, 0.78577391,
       0.63014284, 0.62526216, 0.65708135, 0.79032704, 0.58063666,
       0.65077993, 0.61567738, 0.6107243 , 0.57981158, 0.60472083,
       0.76198537, 0.72830852, 0.77847803, 0.61538243, 0.78608996,
       0.51382158, 0.44920953, 0.62754438, 0.49485731, 0.52693318,
       0.78594538, 0.55184306, 0.49827573, 0.75323433, 0.69177941,
       0.52251275, 0.55082904, 0.72274308, 0.62701535, 0.59410184,
       0.75345113, 0.68695969, 0.45366381, 0.78290983, 0.67594696,
       0.6747354 , 0.70101916, 0.56099381, 0.74153846, 0.61016951,
       0.56660211, 0.61800135, 0.7252011 , 0.58846879, 0.49152051,
       0.67995747, 0.70388208, 0.56436103, 0.57485329, 0.78876824,
       0.59556244, 0.60416113, 0.66217959, 0.79067181, 0.74769849,
       0.6535822 , 0.63371539, 0.58684363, 0.64741088, 0.61332019,
       0.75695308, 0.61964199, 0.61966276, 0.53271517, 0.60007772,
       0.49594282, 0.57242696, 0.7765913 , 0.79100943, 0.75252289,
       0.53296058, 0.7668321 , 0.42669599, 0.74734435, 0.80212711,
       0.72337741, 0.79296256, 0.68616455, 0.65874753, 0.75620701,
       0.63932545, 0.64078356, 0.42582631, 0.63805894, 0.69204973,
       0.68815857, 0.52086497, 0.34416953, 0.73689625, 0.79522272,
       0.5416751 , 0.53123301, 0.65409887, 0.52605195, 0.64899182,
       0.62264301, 0.59833505, 0.64070006, 0.76701842, 0.49979551,
       0.50286026, 0.56778077, 0.44270086, 0.49680278, 0.80528121,
       0.71191799, 0.6356077 , 0.56822476, 0.56328902, 0.66759856,
       0.39878667, 0.61706314, 0.52355659, 0.66860897, 0.71548503,
       0.64601092, 0.62576448, 0.78113759, 0.79738563, 0.77114683,
       0.73239212, 0.65506007, 0.75689658, 0.52868667, 0.69282885,
       0.51506898, 0.78236389, 0.71453871, 0.74186624, 0.62016669,
       0.76663456, 0.61356432, 0.78965822, 0.67036583, 0.78196038,
       0.79127654, 0.76593038, 0.50227217, 0.68070034, 0.63204086,
       0.57315756, 0.71174208, 0.48457501, 0.69670286, 0.78907729,
       0.71848646, 0.57010637, 0.55564449, 0.73826076, 0.65057957,
       0.55338589, 0.57450188, 0.78534114, 0.55258623, 0.80880552,
       0.51402759, 0.77597522, 0.55385132, 0.8053177 , 0.75424818,
       0.78024558, 0.69100213, 0.51852491, 0.7693013 , 0.62222512,
       0.6618871 , 0.60099626, 0.70492523, 0.6192868 , 0.78913175,
       0.7871488 , 0.64130804, 0.69577279, 0.79451748, 0.62442324,
       0.56677675, 0.6097213 , 0.47100301, 0.56780102, 0.47016559,
       0.50464514, 0.78070624, 0.57261871, 0.75131456, 0.49381287,
       0.56017539, 0.56643703, 0.61602564, 0.61267553, 0.63189602,
       0.6254773 , 0.67592529, 0.78420125, 0.5751286 , 0.62403473,
       0.49779469, 0.72292511, 0.63757345, 0.54091892, 0.50283792,
       0.62356717, 0.59764411, 0.59395189, 0.49271172, 0.69864475,
       0.80266223, 0.59183566, 0.76862219, 0.70192354, 0.60948945,
       0.44498943, 0.7846758 , 0.51281317, 0.79333448, 0.52923458,
       0.65967094, 0.57448301, 0.58687163, 0.65813275, 0.56701526,
       0.80008458, 0.5011422 , 0.67757372, 0.34403939, 0.47009827,
       0.68411927, 0.5759242 , 0.7400891 , 0.78061952, 0.77911058,
       0.63334385, 0.79501661, 0.60166056, 0.62332714, 0.57469724,
       0.53624082, 0.31618279, 0.68540659, 0.80384247, 0.55470917,
       0.72080836, 0.70458623, 0.56396658, 0.62060439, 0.6117199 ,
       0.709188  , 0.68421316, 0.74295809, 0.56836051, 0.73469893,
       0.57206335, 0.68647967, 0.66848827, 0.65682341, 0.62476003,
       0.53436615, 0.52757847, 0.63808554, 0.67643261, 0.51424001,
       0.64169824, 0.60283835, 0.66982682, 0.5649094 , 0.57682391,
       0.65788943, 0.69281213, 0.65833003, 0.43121688, 0.76845952,
       0.67727683, 0.51100327, 0.6502052 , 0.613935  , 0.72707841,
       0.7662102 , 0.48274358, 0.55469837, 0.58358904, 0.61261787,
       0.78760309, 0.58615041, 0.54838735, 0.77830638, 0.68276326,
       0.69047704, 0.60828946, 0.4930372 , 0.65302628, 0.73177007,
       0.66253   , 0.64938529, 0.64534994, 0.78772216, 0.53622384,
       0.44080404, 0.64517237, 0.57293392, 0.70528718, 0.5799809 ,
       0.58246198, 0.58601034, 0.61988493, 0.63477045, 0.62849577,
       0.70141228, 0.49568389, 0.6114809 , 0.58402736, 0.65974202,
       0.71047353, 0.52131284, 0.60317095, 0.76777274, 0.50194853,
       0.76848873, 0.66701776, 0.77903552, 0.77169743, 0.79684316,
       0.77361995, 0.7177632 , 0.52681453, 0.26821015, 0.61744125,
       0.48633387, 0.59269847, 0.45066054, 0.70789649, 0.71092546,
       0.50633762, 0.6687631 , 0.60788706, 0.51747274, 0.75191374,
       0.57025349, 0.60048924, 0.55943784, 0.59153861, 0.78458868,
       0.58692583, 0.72539808, 0.71109829, 0.39527154, 0.70520615,
       0.72138047, 0.57745243, 0.56736622, 0.52732556, 0.67922447,
       0.5748292 , 0.79530297, 0.56341264, 0.59324733, 0.49043084,
       0.72814078, 0.65260609, 0.58156242, 0.67677143, 0.59111968,
       0.75296766, 0.66624477, 0.74956932, 0.69901727, 0.57154774,
       0.59550929, 0.61747432, 0.67942331, 0.59717822, 0.65748368,
       0.57547278, 0.53109165, 0.49452876, 0.65978889, 0.72928081,
       0.66794413, 0.62033512, 0.71585041, 0.53772708, 0.59872254,
       0.73907216, 0.55977495, 0.74915555, 0.61788918, 0.69731779,
       0.63984066, 0.64801145, 0.51068205, 0.71937462, 0.55200167,
       0.459829  , 0.63184694, 0.7633434 , 0.57602453, 0.70116048,
       0.7335593 , 0.60686188, 0.79819723, 0.51462234, 0.3902833 ,
       0.65714485, 0.48934001, 0.63178233, 0.45953614, 0.77662964,
       0.77314794, 0.6039189 , 0.67465307, 0.47985867, 0.51356259,
       0.53675662, 0.68058774, 0.61621815, 0.600845  , 0.44017931,
       0.79461191, 0.78438853, 0.70578265, 0.64975203, 0.70231504,
       0.64172191, 0.75684495, 0.38234356, 0.67558774, 0.54426247,
       0.65555607, 0.67061212, 0.68633005, 0.46526985, 0.57913341,
       0.59574115, 0.68455145, 0.62786487, 0.50944739, 0.50721173,
       0.64029338, 0.53093179, 0.63159032, 0.7098851 , 0.72132205,
       0.78820643, 0.57174264, 0.62277429, 0.55003683, 0.41022126,
       0.49411169, 0.50293092, 0.57966484, 0.62813577, 0.52426343,
       0.53939404, 0.75560158, 0.72544069, 0.60894348, 0.53989967,
       0.75669669, 0.74797587, 0.70296792, 0.68257879, 0.50451294,
       0.58898959, 0.60642049, 0.72232618, 0.57145209, 0.79606   ,
       0.78677749, 0.67565519, 0.53535744, 0.76045108, 0.70406821,
       0.39035049, 0.54122948, 0.68111923, 0.60818839, 0.78768184,
       0.6399858 , 0.58517673, 0.69174379, 0.43225072, 0.58831603,
       0.73128118, 0.77146261, 0.77650884, 0.6161867 , 0.80088207,
       0.7827834 , 0.71823615, 0.51830567, 0.42104053, 0.43723293,
       0.53872466, 0.4797173 , 0.69684897, 0.5053078 , 0.4310292 ,
       0.45966873, 0.57971281, 0.79146632, 0.72402197, 0.70827989,
       0.59672389, 0.73343842, 0.75208354, 0.79332927, 0.7056067 ,
       0.65647342, 0.62242191, 0.63298671, 0.77692678, 0.54603359,
       0.49267272, 0.65685399, 0.6379252 , 0.47728157, 0.63561529,
       0.69337075, 0.49318481, 0.56746497, 0.79592582, 0.69739448,
       0.63536493, 0.42308852, 0.68894578, 0.73813436, 0.59021464,
       0.67767088, 0.79704301, 0.74147011, 0.79109795, 0.7880985 ,
       0.46185449, 0.5027337 , 0.77999949, 0.67737002, 0.67053186,
       0.5002944 , 0.78734719, 0.62144534, 0.6971963 , 0.58748678,
       0.63668725, 0.52474773, 0.79709277, 0.74859984, 0.76360357,
       0.78379659, 0.49933988, 0.64905986, 0.52294356, 0.57175706,
       0.62574143, 0.54987607, 0.50454376, 0.77322583, 0.50008802,
       0.5745905 , 0.75071172, 0.54829842, 0.52379888, 0.38482238,
       0.64970461, 0.54882609, 0.64517399, 0.58979375, 0.77525091,
       0.59671928, 0.46764123, 0.49147743, 0.57186067, 0.4348734 ,
       0.79470033, 0.54691366, 0.79474274, 0.60674002, 0.78706571,
       0.41060412, 0.66233046, 0.66676636, 0.69471105]), 'delta_distances': array([0., 0., 0., 0., 0., 0., 0., 0., 0., 0., 0., 0., 0., 0., 0., 0., 0.,
       0., 0., 0., 0., 0., 0., 0., 0., 0., 0., 0., 0., 0., 0., 0., 0., 0.,
       0., 0., 0., 0., 0., 0., 0., 0., 0., 0., 0., 0., 0., 0., 0., 0., 0.,
       0., 0., 0., 0., 0., 0., 0., 0., 0., 0., 0., 0., 0., 0., 0., 0., 0.,
       0., 0., 0., 0., 0., 0., 0., 0., 0., 0., 0., 0., 0., 0., 0., 0., 0.,
       0., 0., 0., 0., 0., 0., 0., 0., 0., 0., 0., 0., 0., 0., 0., 0., 0.,
       0., 0., 0., 0., 0., 0., 0., 0., 0., 0., 0., 0., 0., 0., 0., 0., 0.,
       0., 0., 0., 0., 0., 0., 0., 0., 0., 0., 0., 0., 0., 0., 0., 0., 0.,
       0., 0., 0., 0., 0., 0., 0., 0., 0., 0., 0., 0., 0., 0., 0., 0., 0.,
       0., 0., 0., 0., 0., 0., 0., 0., 0., 0., 0., 0., 0., 0., 0., 0., 0.,
       0., 0., 0., 0., 0., 0., 0., 0., 0., 0., 0., 0., 0., 0., 0., 0., 0.,
       0., 0., 0., 0., 0., 0., 0., 0., 0., 0., 0., 0., 0., 0., 0., 0., 0.,
       0., 0., 0., 0., 0., 0., 0., 0., 0., 0., 0., 0., 0., 0., 0., 0., 0.,
       0., 0., 0., 0., 0., 0., 0., 0., 0., 0., 0., 0., 0., 0., 0., 0., 0.,
       0., 0., 0., 0., 0., 0., 0., 0., 0., 0., 0., 0., 0., 0., 0., 0., 0.,
       0., 0., 0., 0., 0., 0., 0., 0., 0., 0., 0., 0., 0., 0., 0., 0., 0.,
       0., 0., 0., 0., 0., 0., 0., 0., 0., 0., 0., 0., 0., 0., 0., 0., 0.,
       0., 0., 0., 0., 0., 0., 0., 0., 0., 0., 0., 0., 0., 0., 0., 0., 0.,
       0., 0., 0., 0., 0., 0., 0., 0., 0., 0., 0., 0., 0., 0., 0., 0., 0.,
       0., 0., 0., 0., 0., 0., 0., 0., 0., 0., 0., 0., 0., 0., 0., 0., 0.,
       0., 0., 0., 0., 0., 0., 0., 0., 0., 0., 0., 0., 0., 0., 0., 0., 0.,
       0., 0., 0., 0., 0., 0., 0., 0., 0., 0., 0., 0., 0., 0., 0., 0., 0.,
       0., 0., 0., 0., 0., 0., 0., 0., 0., 0., 0., 0., 0., 0., 0., 0., 0.,
       0., 0., 0., 0., 0., 0., 0., 0., 0., 0., 0., 0., 0., 0., 0., 0., 0.,
       0., 0., 0., 0., 0., 0., 0., 0., 0., 0., 0., 0., 0., 0., 0., 0., 0.,
       0., 0., 0., 0., 0., 0., 0., 0., 0., 0., 0., 0., 0., 0., 0., 0., 0.,
       0., 0., 0., 0., 0., 0., 0., 0., 0., 0., 0., 0., 0., 0., 0., 0., 0.,
       0., 0., 0., 0., 0., 0., 0., 0., 0., 0., 0., 0., 0., 0., 0., 0., 0.,
       0., 0., 0., 0., 0., 0., 0., 0., 0., 0., 0., 0., 0., 0., 0., 0., 0.,
       0., 0., 0., 0., 0., 0., 0., 0., 0., 0., 0., 0., 0., 0., 0., 0., 0.,
       0., 0., 0., 0., 0., 0., 0., 0., 0., 0., 0., 0., 0., 0., 0., 0., 0.,
       0., 0., 0., 0., 0., 0., 0., 0., 0., 0., 0., 0., 0., 0., 0., 0., 0.,
       0., 0., 0., 0., 0., 0., 0., 0., 0., 0., 0., 0., 0., 0., 0., 0., 0.,
       0., 0., 0., 0., 0., 0., 0., 0., 0., 0., 0., 0., 0., 0., 0., 0., 0.,
       0., 0., 0., 0., 0., 0., 0., 0., 0., 0., 0., 0., 0., 0., 0., 0., 0.,
       0., 0., 0., 0., 0., 0., 0., 0., 0., 0., 0., 0., 0., 0., 0., 0., 0.,
       0., 0., 0., 0., 0., 0., 0., 0., 0., 0., 0., 0., 0., 0., 0., 0., 0.,
       0., 0., 0., 0., 0., 0., 0., 0., 0., 0., 0., 0., 0., 0., 0., 0., 0.,
       0., 0., 0., 0., 0., 0., 0., 0., 0., 0., 0., 0., 0., 0., 0., 0., 0.,
       0., 0., 0., 0., 0., 0., 0., 0., 0., 0., 0., 0., 0., 0., 0., 0., 0.,
       0., 0., 0., 0., 0., 0., 0., 0., 0., 0., 0., 0., 0., 0., 0., 0., 0.,
       0., 0., 0., 0., 0., 0., 0., 0., 0., 0., 0., 0., 0., 0., 0., 0., 0.,
       0., 0., 0., 0., 0., 0., 0., 0., 0., 0., 0., 0., 0., 0., 0., 0., 0.,
       0., 0., 0., 0., 0., 0., 0., 0., 0., 0., 0., 0., 0., 0., 0., 0., 0.,
       0., 0., 0., 0., 0., 0., 0., 0., 0., 0., 0., 0., 0., 0., 0., 0., 0.,
       0., 0., 0., 0., 0., 0., 0., 0., 0., 0., 0., 0., 0., 0., 0., 0., 0.,
       0., 0., 0., 0., 0., 0., 0., 0., 0., 0., 0., 0., 0., 0., 0., 0., 0.,
       0., 0., 0., 0., 0., 0., 0., 0., 0., 0., 0., 0., 0., 0., 0., 0., 0.,
       0., 0., 0., 0., 0., 0., 0., 0., 0., 0., 0., 0., 0., 0., 0., 0., 0.,
       0., 0., 0., 0., 0., 0., 0., 0., 0., 0., 0., 0., 0., 0., 0., 0., 0.,
       0., 0., 0., 0., 0., 0., 0., 0., 0., 0., 0., 0., 0., 0., 0., 0., 0.,
       0., 0., 0., 0., 0., 0., 0., 0., 0., 0., 0., 0., 0., 0., 0., 0., 0.]), 'locations': array([ 48,  42,  75,  50,   7,  43,  41,   0,  41,  43,  48,  41,  48,
        45,   4,  46,  43,  46,  44,  45,  44,  49,  78,  46,  48,  46,
        48,  42,  44,  41,  42,  47,  43,  47,  48,  43,  46,  47,  45,
        44,  45,   5,  48,  46,  48,  48,  48,  44,  22,  45,  48,   0,
        48,  48,  45, 102,  42,  42,  45,  48,  42,  46,  47,  43,  44,
        44,  45,  48,  48,  78,  43, 101,  43,  44,  48,  45,   2,  46,
        43,  44,  46,  46,  47,  42,  43,  45,   3,  42,  47,  44,  49,
        46,  47,  48,  46,  43,  46,  43,  49,  43,  48,  43,  44,  44,
        48,  43,  43,  47,  43,  46,   7,  11,  43,  43,  47,  48,  78,
        49,  45,  43,  46,  48,  46,  45, 103,  41,  46,  43,  12,  46,
        46,  46,  43,  46,  44,  94,  45,  48,  49,  47,  46,  43,  48,
        43,  47,  11,  40,  48,  79,  45,  46,  46,  18,  45,  44,  44,
        49,  48,  42,  43,  48,  18,  44,  46,  44,  47,  42,  47,  43,
        45,  75,  46,  42,  45,  42,  14,  45, 102,  47,  41,  43,  49,
        45,  45,  44,  44,  45, 107,  44,  42,  47,  42,  49,  48,  43,
        10,  44,  47,  98,  42,  48,  42,  44,  50,  48,  44,  46,  43,
        46,  46,  42,   2,  14,  42,  41,  44,  47,   3,  48,  45,  46,
        46,  48,  46,  44,  44,  47,  46,  17,  45,  44,  48,   2,  48,
        42,  49,   6,  46,  47,  90,  43,  46,  43,  46,  44,  42,  46,
        48,  45,  47,  41,  80,  44,  45,  45,  43,  48,  42,  43,  45,
        49,  48,  45,  42,  46, 102,  46,  47,  46,  42,  44,  89,  44,
        46,  42,  46,  43,  46,  44,  41,  48,  46,  45,  45,  49,  48,
        21,  45,  44,  45,  48,  43,  42,  44,  73,  43,  47, 103,  49,
        43,  46,  47,  46,  43, 107,  43,  45,  48,  80,  45,  47,  44,
        44,  46,  45,  49,  45,  18,  43,  97,  44,  43,  45,  47,  47,
       107,  44,  47,  47,  49,  42,  45,  48,  43,  42,  48,  49,  46,
       101,  47,  41,  41,  45,  43,  44,  49,  47,  77,  46,  46,  44,
        48,  45,  45,  47,  49,  45,  43, 107,  49,  45,  45,  45,  43,
        46,  16,  44,  46,  47,  47,  48,  47,  42,  20,  79,  44,  42,
        46,  44,  78,  76,  12,  47,  47,  40,  48,  49,  43,  44,  44,
        42,  46,  44,  43,   6,  45,  42,  46,  44,  43,  44,  46,  48,
         1,  45,  44,  45,  45,  46, 100,  45,  44,  42,  47,  43,  44,
        45,  45,  43,  43,  45,  43,  22,  16,  98,  45,  46,  74,  42,
        48,  45,  18,  44,  44,  43,  76,  44,   5,  44,  24,  75,  46,
        47,  41,  46,  49,  46,  45,  48,   1,  46,  44,  45,  46,  47,
        42,  48,  99,  44, 103,  47,   3,  45, 105,  46,   5,  44,  43,
        76,  43,  44,  43,  47,  43,  10,   7,  40,  42,  43,  43,  47,
        42,  47,  44,  42,  47,  99,  46,  49,  43,  46,  44,  42,  44,
        45,  43,  48,  15,  45,  49,  43,  47,  45,  42,  48,  47,  49,
        44,  45,  44, 102,  45,   2,  47,  47,  47,  10,  47, 107,  48,
        46,  50,  43,  47,  42,  85,  44,  43,  44,  43,  45,  43,  48,
        78, 106,  44, 101,  43,  48,  47,  43,  43,  44,   9,  45,  42,
        44,  42,  42,  48,  45,  44,  45,  43,  43,  48,  43,  46,  48,
        43,  46,  45,  44,  45,  44,  43,  45,  48,  44,  47,  76,  42,
        44,  44,  12,  76,  49,  47,  44,  44,  24,  44,  48,  48,  45,
        89,  45,  48, 103,  46,  47,  44,  46,  48,  45,  46,  46,  42,
        47,  45,  46,  46,  42,  42,  44,  49,  48,  46,  43,  47,  42,
        49,  45,  42,  47,  43,  44,  45,  10,  48,  42,  47,  25,  42,
       104,  10,  43,  42,  45,  49,  43,  46,  44,  47,  77,  42,  45,
        43,  47,  50,  42,  44,  49,  44,  13,  45,  43,  46,  44,  47,
        46,  45,  48,  45,  45,  44,  14,  43,  42,  43,  73,  43,  42,
        43,  47,  74,  43,  44,  49,  45,  46,  48,  46,  43,  43,  44,
        45,  43,  43,  73,  47,  43,  77,  47,  49,  45,  43,  47,  46,
        43,  48,  43,  44,  41,  43,  48,  47,  42,  45,  47,  47,  43,
        24,  47,  44,  46,  46,  45,  46,  90,  48,  43,  42,  43,  45,
        46,  42,  47,  48,  47,   1,  22,  78,  49,  49,  49,  44,  45,
        47,  43,  43,  42,  45,  44,  48,  47,  45,  44,  48,  43,  44,
        44,  42,  47,  45,   9,  48,  45,  44,  45,  44,  43,  47,  41,
        47,  43,  48,  75,  46,  48,  74,  43,  47,  77,  44,  42,  44,
        44,  47, 103,  42,  44,  46,  42,  42,  44,  42,  45,  48,  46,
        45,  44,  47,  44,  48,  45,  47,  16,  46,  89,   3,  49,  47,
        43,  44,  48,  45,  44,  48,  44,  48,  45, 107,  44,  45,  42,
        46,  48, 101,  50,  46,  45,  46,  28,  44,  49,  42,  45,  44,
        49,  44,  45,  49,  46,  45,  44,  48,  44,  43,  45,  41,  44,
        41,   6,  46,  42,  48,  22,  46,  49,  48,   6,  49,  46,  47,
        46,  48,  46,  69,  48,   0,  43,  47,  42,  43,  43,  49,  44,
        14,  46,  47,   1,  46,  49,  43,  44,  41,  47,  48,  44,  46,
        46,  43,  41,  48,  99,  43,   6,  42,   6,  43,  43,  47,  45])}, {'ts_index': 625, 'loc': 48, 'gap': 0.08804929232803271, 'distances': array([0.77928706, 0.80197909, 0.6697056 , 0.65511259, 0.61535352,
       0.77539684, 0.73236861, 0.74218635, 0.73699812, 0.68129383,
       0.51511508, 0.76418943, 0.76976677, 0.70221389, 0.73616395,
       0.60191646, 0.7543239 , 0.80358755, 0.6454052 , 0.79568129,
       0.51715894, 0.77477825, 0.66273597, 0.70605199, 0.47118687,
       0.55607063, 0.41462088, 0.7094855 , 0.80167325, 0.68717216,
       0.6066232 , 0.79299331, 0.51803876, 0.78322958, 0.73854312,
       0.82493953, 0.58196713, 0.60794632, 0.56527408, 0.80820695,
       0.78008572, 0.79335131, 0.795876  , 0.78201722, 0.61441608,
       0.80057295, 0.70558978, 0.6512596 , 0.41403064, 0.70797893,
       0.47227943, 0.63507468, 0.42295387, 0.77625238, 0.7324911 ,
       0.60077435, 0.65335495, 0.75458803, 0.63852928, 0.8004159 ,
       0.71759539, 0.79790338, 0.40512914, 0.77400871, 0.72756638,
       0.62636432, 0.57845353, 0.44919597, 0.52049992, 0.43478219,
       0.54512001, 0.74723315, 0.39989906, 0.54427693, 0.79826574,
       0.67905445, 0.77027859, 0.78140752, 0.67114786, 0.39689091,
       0.79979513, 0.71148999, 0.73944608, 0.69736063, 0.52079741,
       0.76041642, 0.77051069, 0.73199138, 0.81093486, 0.57796458,
       0.78120035, 0.79967568, 0.71591804, 0.62285554, 0.72623019,
       0.80321561, 0.7965613 , 0.65565563, 0.7408253 , 0.73479689,
       0.70659475, 0.77253204, 0.76079534, 0.51547948, 0.65874857,
       0.75953243, 0.73516576, 0.6064428 , 0.78485092, 0.69561108,
       0.        , 0.53683901, 0.71550043, 0.7450447 , 0.73024789,
       0.72163463, 0.68292726, 0.4106345 , 0.8230811 , 0.79219189,
       0.62273866, 0.66937065, 0.78743919, 0.54874501, 0.77850202,
       0.78604889, 0.56407841, 0.78833077, 0.37857525, 0.77099302,
       0.47538114, 0.4971884 , 0.55301774, 0.60701794, 0.75689245,
       0.50358529, 0.79421955, 0.52983896, 0.57881941, 0.69381791,
       0.76666698, 0.75746631, 0.77165111, 0.6977928 , 0.71307901,
       0.6933367 , 0.76955303, 0.78199372]), 'delta_distances': array([0., 0., 0., 0., 0., 0., 0., 0., 0., 0., 0., 0., 0., 0., 0., 0., 0.,
       0., 0., 0., 0., 0., 0., 0., 0., 0., 0., 0., 0., 0., 0., 0., 0., 0.,
       0., 0., 0., 0., 0., 0., 0., 0., 0., 0., 0., 0., 0., 0., 0., 0., 0.,
       0., 0., 0., 0., 0., 0., 0., 0., 0., 0., 0., 0., 0., 0., 0., 0., 0.,
       0., 0., 0., 0., 0., 0., 0., 0., 0., 0., 0., 0., 0., 0., 0., 0., 0.,
       0., 0., 0., 0., 0., 0., 0., 0., 0., 0., 0., 0., 0., 0., 0., 0., 0.,
       0., 0., 0., 0., 0., 0., 0., 0., 0., 0., 0., 0., 0., 0., 0., 0., 0.,
       0., 0., 0., 0., 0., 0., 0., 0., 0., 0., 0., 0., 0., 0., 0., 0., 0.,
       0., 0., 0., 0., 0., 0., 0., 0., 0., 0., 0., 0.]), 'locations': array([77, 82, 49, 79, 52, 75, 48, 49, 48, 51, 49, 79, 84, 52, 82, 48, 51,
       77, 53, 74, 48, 83, 50, 77, 50, 48, 48, 70, 74, 47, 49, 77, 49, 75,
       77, 78, 51, 49, 45, 81, 49, 80, 76, 81, 49, 74, 48, 47, 49, 49, 49,
       52, 49, 53, 49, 48, 79, 47, 47, 75, 74, 81, 48, 47, 53, 48, 52, 49,
       78, 48, 53, 52, 50, 47, 79, 49, 78, 52, 49, 53, 83, 50, 46, 53, 49,
       78, 77, 53, 82, 51, 81, 79, 54, 50, 45, 78, 69, 51, 47, 46, 50, 79,
       72, 46, 48, 49, 78, 51, 81, 45, 48, 50, 49, 73, 73, 48, 49, 48, 79,
       84, 51, 50, 48, 48, 81, 78, 48, 78, 51, 74, 52, 50, 81, 50, 47, 47,
       84, 48, 48, 48, 76, 78, 53, 46, 51, 53, 50, 71])}, {'ts_index': 381, 'loc': 27, 'gap': 0.14563086836586847, 'distances': array([0.77060799, 0.66803509, 0.5263521 , 0.18105515, 0.64327432,
       0.27172048, 0.63012679, 0.7254752 , 0.79315887, 0.74902484,
       0.69435056, 0.80548491, 0.71462053, 0.65144992, 0.59067178,
       0.75053895, 0.74355501, 0.76084596, 0.73720531, 0.70224533,
       0.65728373, 0.48727095, 0.59305592, 0.55444645, 0.7879513 ,
       0.62354307, 0.50992423, 0.73787502, 0.74730602, 0.54374048,
       0.72340096, 0.32969193, 0.42380954, 0.41393061, 0.78881168,
       0.39911232, 0.70000917, 0.79868726, 0.73330005, 0.54098064,
       0.52861746, 0.42561489, 0.34621354, 0.28952855, 0.53386493,
       0.72867704, 0.70901326, 0.37517056, 0.56993656, 0.61991968,
       0.7357533 , 0.72445828, 0.71470358, 0.60935218, 0.        ,
       0.72377412, 0.69672314, 0.66696046, 0.56257137, 0.63551471,
       0.45580756, 0.7026666 , 0.61787111, 0.54626562, 0.7578708 ,
       0.60959283, 0.33531158, 0.69324576, 0.65850086, 0.65920201,
       0.60919085, 0.81347569, 0.68028485, 0.58084545, 0.64858698,
       0.73635853, 0.7108736 , 0.72369061, 0.46431691, 0.65920786,
       0.42608655, 0.61277596, 0.36935904, 0.5314028 , 0.62118046,
       0.7717258 , 0.63484132, 0.74916787, 0.63976312, 0.72043907,
       0.68818646, 0.39013218, 0.42190584, 0.68415283, 0.7336913 ,
       0.65273482, 0.58668021, 0.67229247, 0.74896422, 0.54770224,
       0.66172404, 0.75474443, 0.4685656 , 0.71521475, 0.73595967,
       0.23486782, 0.6825186 , 0.68354058, 0.56560985, 0.64125591,
       0.76878747, 0.61524644, 0.32287944, 0.35191594, 0.72628156,
       0.71279936, 0.70413523, 0.3477311 , 0.68097392, 0.60578426,
       0.70627651, 0.79406824]), 'delta_distances': array([0., 0., 0., 0., 0., 0., 0., 0., 0., 0., 0., 0., 0., 0., 0., 0., 0.,
       0., 0., 0., 0., 0., 0., 0., 0., 0., 0., 0., 0., 0., 0., 0., 0., 0.,
       0., 0., 0., 0., 0., 0., 0., 0., 0., 0., 0., 0., 0., 0., 0., 0., 0.,
       0., 0., 0., 0., 0., 0., 0., 0., 0., 0., 0., 0., 0., 0., 0., 0., 0.,
       0., 0., 0., 0., 0., 0., 0., 0., 0., 0., 0., 0., 0., 0., 0., 0., 0.,
       0., 0., 0., 0., 0., 0., 0., 0., 0., 0., 0., 0., 0., 0., 0., 0., 0.,
       0., 0., 0., 0., 0., 0., 0., 0., 0., 0., 0., 0., 0., 0., 0., 0., 0.,
       0., 0., 0.]), 'locations': array([ 99,  24,  28,  26,  32,  26,  28,  29,  63,  31,  27,  33,  32,
        62,  28,  27, 107,  23,  26,  24,  30,  28,  25,  26,   7,  27,
        26,  61,  25,  23,  58,  31,  26,  25,  10,  29,  24,   3,  61,
        29,  27,  28,  27,  29,  32,  27,  29,  28,  59,  27,  27,  22,
        54,  24,  27,  33,  24,  26,  25,  27,  29,  24,  27,  26,  26,
        30,  26,  33,  27,  28,  27, 100,  26,  32,  28,  28,  30,  25,
        27,  22,  31,  27,  26,  30,  27,  29,  26,  61,  56,  31,  29,
        25,  29,  30,  53,  28,  29,  24,  55,  31,  30,  28,  28,  23,
        29,  28,  58,  23,  28,  30,  24,  29,  28,  28,  25,  29,  23,
        26,  31,  33,  36,  63])}, {'ts_index': 427, 'loc': 56, 'gap': 0.04552501585180069, 'distances': array([0.62676605, 0.6392394 , 0.59939402, 0.41254117, 0.41861299,
       0.53272597, 0.51084333, 0.58132687, 0.59286768, 0.55538434,
       0.41978672, 0.41238683, 0.5022952 , 0.52047465, 0.58300136,
       0.61003154, 0.60466746, 0.52987376, 0.53186751, 0.52467551,
       0.56806882, 0.37780988, 0.62255231, 0.5447712 , 0.4798344 ,
       0.48974723, 0.55803273, 0.63800572, 0.61363582, 0.58620827,
       0.58907792, 0.62131395, 0.63166993, 0.53417158, 0.59850034,
       0.46991374, 0.46576317, 0.62539655, 0.45118701, 0.37011026,
       0.58385669, 0.58414269, 0.54575324, 0.60812296, 0.38805206,
       0.61356132, 0.40566337, 0.        , 0.65113283, 0.57543666,
       0.35302236, 0.45537337, 0.62892268, 0.29165929, 0.3279607 ,
       0.47635461, 0.59610832, 0.57991777, 0.5446034 , 0.46509994,
       0.47004131, 0.52641713, 0.57656888, 0.51202888, 0.60483983,
       0.49609594, 0.56389698, 0.38179112, 0.58218205, 0.6414325 ,
       0.54907795, 0.53650464, 0.54311136, 0.48816156, 0.56759337,
       0.45107207, 0.53642108, 0.39132856, 0.50973496, 0.60468412,
       0.54452707, 0.38402356, 0.54035181, 0.50419791, 0.4657427 ,
       0.42069259, 0.3522472 , 0.59546217, 0.46969715, 0.49603679,
       0.53035144, 0.59937337, 0.46154941, 0.60397998, 0.55232932,
       0.41030901, 0.34346495, 0.42105022, 0.59016831, 0.62604626]), 'delta_distances': array([0., 0., 0., 0., 0., 0., 0., 0., 0., 0., 0., 0., 0., 0., 0., 0., 0.,
       0., 0., 0., 0., 0., 0., 0., 0., 0., 0., 0., 0., 0., 0., 0., 0., 0.,
       0., 0., 0., 0., 0., 0., 0., 0., 0., 0., 0., 0., 0., 0., 0., 0., 0.,
       0., 0., 0., 0., 0., 0., 0., 0., 0., 0., 0., 0., 0., 0., 0., 0., 0.,
       0., 0., 0., 0., 0., 0., 0., 0., 0., 0., 0., 0., 0., 0., 0., 0., 0.,
       0., 0., 0., 0., 0., 0., 0., 0., 0., 0., 0., 0., 0., 0., 0.]), 'locations': array([84, 61, 56, 56, 52, 56, 52, 58, 55, 54, 56, 56, 52, 55, 84, 85, 59,
       56, 54, 58, 59, 55, 85, 57, 53, 56, 53, 52, 56, 85, 54, 86, 61, 53,
       78, 56, 57, 86, 51, 56, 55, 58, 78, 60, 57, 85, 56, 56, 61, 85, 56,
       53, 75, 54, 57, 58, 52, 55, 57, 55, 56, 57, 56, 57, 57, 53, 56, 54,
       87, 78, 57, 53, 80, 55, 57, 54, 53, 52, 53, 61, 57, 55, 54, 52, 52,
       56, 57, 59, 56, 85, 54, 51, 57, 80, 53, 57, 55, 57, 54, 60])}, {'ts_index': 847, 'loc': 30, 'gap': 0.06824602610739328, 'distances': array([0.58993385, 0.64714814, 0.92485492, 0.95716854, 0.75311958,
       0.71836709, 0.87370762, 0.76729569, 0.91091321, 0.92012235,
       0.65828451, 0.68513228, 0.57161711, 0.6657504 , 0.88391338,
       0.98737064, 0.96676085, 0.57637846, 0.87453646, 0.9448631 ,
       0.61172509, 0.88699196, 0.95812837, 0.68975514, 0.56968202,
       0.66987068, 0.60740788, 0.48437412, 0.87423942, 0.91952486,
       0.96076739, 0.84970296, 0.71611595, 0.90165365, 0.85424055,
       0.63583605, 0.81108188, 0.75442729, 1.00094851, 0.82633505,
       0.55550951, 0.96264499, 0.75855961, 0.88816582, 0.7601433 ,
       0.92082504, 0.44539109, 0.88999866, 0.875597  , 0.84236586,
       0.79912519, 0.90659824, 0.89776983, 0.61826591, 0.86344178,
       0.66053036, 0.68005035, 0.9111342 , 0.74873245, 0.69558623,
       0.92464028, 0.71243974, 0.89000669, 0.76843948, 0.89623573,
       0.6868635 , 0.75107986, 0.84282471, 0.86159658, 0.85160849,
       0.90223648, 0.55667985, 0.74809339, 0.98748981, 0.81178013,
       0.68681935, 0.        , 0.81314993, 0.98298547, 0.64481007]), 'delta_distances': array([0., 0., 0., 0., 0., 0., 0., 0., 0., 0., 0., 0., 0., 0., 0., 0., 0.,
       0., 0., 0., 0., 0., 0., 0., 0., 0., 0., 0., 0., 0., 0., 0., 0., 0.,
       0., 0., 0., 0., 0., 0., 0., 0., 0., 0., 0., 0., 0., 0., 0., 0., 0.,
       0., 0., 0., 0., 0., 0., 0., 0., 0., 0., 0., 0., 0., 0., 0., 0., 0.,
       0., 0., 0., 0., 0., 0., 0., 0., 0., 0., 0., 0.]), 'locations': array([ 25,  27,  26,  30,  26,  26,  25,  24,  31,  27,  27,  25,  27,
        30,  24, 104, 102,  26,  30,  32,  28,  27,  32,  26,  26,  26,
        27,  28,  27,  24,  21,  31,  32,  25,  25,  26,  26,  28,  13,
        28,  29,  93,  28,  24,  25,  29,  27,  29,  30,  25,  29,  24,
        25,  26,  22,  31,  27,  31,  27,  28,  29,  26,  28,  27,  26,
        25,  24,  27,  24,  24,  33,  26,  23,  33,  27,  31,  30,  23,
        18,  26])}], 'clusters': array([1, 1, 5, 1, 5, 1, 1, 0, 1, 1, 1, 1, 1, 1, 3, 1, 4, 1, 1, 1, 1, 1,
       3, 1, 1, 1, 1, 1, 1, 1, 1, 1, 1, 1, 1, 1, 1, 1, 1, 1, 1, 4, 1, 1,
       1, 1, 1, 1, 0, 1, 1, 5, 1, 1, 1, 5, 1, 1, 1, 1, 1, 1, 2, 1, 1, 1,
       1, 1, 1, 1, 1, 0, 1, 5, 1, 1, 4, 1, 1, 1, 1, 1, 1, 1, 1, 1, 4, 1,
       1, 1, 1, 1, 1, 1, 1, 1, 0, 1, 1, 1, 1, 1, 1, 1, 0, 1, 1, 1, 1, 1,
       5, 5, 1, 1, 1, 1, 5, 1, 2, 1, 1, 1, 1, 1, 5, 1, 1, 1, 0, 1, 1, 1,
       1, 1, 1, 0, 1, 1, 1, 1, 1, 1, 1, 1, 1, 2, 1, 1, 1, 1, 1, 0, 2, 1,
       1, 1, 1, 1, 1, 1, 1, 4, 1, 1, 1, 1, 1, 1, 1, 1, 1, 1, 1, 1, 1, 5,
       1, 0, 1, 1, 1, 1, 1, 1, 1, 1, 1, 0, 1, 5, 1, 1, 1, 1, 1, 2, 1, 1,
       0, 1, 1, 1, 1, 1, 1, 1, 1, 1, 1, 1, 1, 0, 5, 1, 1, 1, 1, 3, 1, 1,
       1, 1, 1, 1, 1, 1, 1, 1, 3, 1, 1, 1, 3, 1, 1, 1, 5, 1, 1, 3, 1, 1,
       1, 1, 1, 1, 1, 1, 1, 1, 1, 5, 1, 1, 1, 1, 1, 1, 1, 1, 1, 1, 1, 1,
       1, 5, 1, 1, 1, 1, 1, 5, 1, 1, 1, 1, 1, 1, 1, 1, 1, 1, 1, 1, 1, 0,
       0, 1, 1, 1, 1, 1, 1, 1, 1, 1, 1, 3, 1, 1, 1, 1, 1, 1, 3, 1, 1, 1,
       2, 1, 1, 1, 1, 1, 1, 3, 1, 2, 1, 0, 1, 1, 1, 1, 1, 2, 1, 1, 0, 1,
       1, 1, 1, 1, 1, 5, 1, 1, 3, 1, 1, 1, 1, 1, 1, 1, 1, 1, 1, 1, 1, 1,
       1, 1, 0, 1, 1, 1, 4, 1, 1, 1, 1, 1, 1, 0, 1, 1, 1, 1, 1, 1, 5, 0,
       1, 1, 5, 1, 1, 2, 1, 3, 1, 1, 4, 1, 1, 1, 1, 1, 1, 1, 1, 1, 0, 1,
       1, 1, 1, 1, 1, 1, 1, 4, 1, 1, 1, 1, 1, 2, 1, 1, 1, 1, 1, 1, 1, 1,
       1, 1, 1, 1, 2, 2, 2, 1, 1, 4, 1, 1, 1, 2, 1, 1, 1, 2, 1, 0, 1, 3,
       5, 4, 1, 1, 1, 1, 1, 1, 1, 0, 1, 1, 1, 1, 1, 1, 1, 2, 1, 5, 1, 4,
       1, 3, 4, 2, 1, 1, 0, 1, 1, 1, 1, 1, 5, 0, 1, 1, 5, 1, 1, 1, 1, 1,
       1, 1, 0, 1, 1, 1, 1, 1, 1, 1, 1, 1, 1, 0, 1, 1, 1, 1, 1, 1, 1, 1,
       1, 1, 1, 1, 0, 1, 0, 1, 1, 1, 0, 1, 0, 1, 1, 1, 1, 1, 1, 3, 1, 1,
       1, 1, 1, 1, 1, 5, 3, 1, 0, 1, 1, 1, 1, 1, 1, 3, 1, 1, 1, 1, 1, 1,
       1, 1, 1, 1, 1, 1, 1, 1, 1, 1, 1, 1, 1, 1, 1, 1, 1, 1, 1, 1, 1, 1,
       1, 1, 4, 1, 1, 1, 1, 1, 5, 1, 1, 1, 1, 5, 1, 1, 2, 1, 1, 1, 1, 1,
       1, 1, 1, 1, 0, 1, 1, 1, 1, 1, 1, 1, 1, 1, 1, 1, 1, 1, 1, 1, 1, 1,
       1, 1, 5, 1, 5, 1, 0, 5, 3, 2, 1, 1, 1, 1, 1, 1, 1, 1, 1, 1, 1, 1,
       1, 1, 1, 1, 1, 1, 2, 1, 1, 1, 1, 1, 1, 1, 1, 1, 1, 1, 3, 1, 1, 1,
       1, 1, 1, 1, 1, 1, 1, 1, 1, 1, 1, 1, 1, 1, 1, 1, 1, 1, 1, 1, 1, 1,
       1, 1, 1, 1, 1, 1, 1, 1, 1, 1, 1, 1, 1, 1, 1, 0, 1, 1, 1, 1, 5, 1,
       1, 1, 1, 1, 1, 4, 0, 1, 1, 1, 1, 1, 1, 1, 1, 1, 2, 5, 1, 1, 1, 1,
       5, 1, 1, 1, 1, 1, 1, 1, 1, 1, 1, 1, 1, 1, 1, 1, 1, 1, 1, 4, 1, 1,
       1, 1, 1, 1, 1, 1, 1, 1, 0, 1, 1, 1, 0, 1, 1, 1, 1, 1, 1, 1, 1, 0,
       4, 1, 1, 4, 1, 1, 1, 1, 1, 3, 1, 1, 1, 1, 1, 1, 0, 2, 1, 5, 2, 1,
       1, 1, 1, 1, 1, 1, 1, 1, 1, 1, 2, 1, 1, 1, 1, 1, 5, 1, 1, 1, 1, 0,
       1, 1, 1, 1, 1, 1, 1, 1, 1, 0, 1, 1, 1, 1, 1, 1, 1, 2, 1, 5, 2, 1,
       1, 3, 1, 1, 1, 3, 1, 1, 1, 1, 1, 5, 1, 0, 4, 1, 1, 1, 1, 1, 1, 1,
       3, 1, 1, 1, 1, 1, 1, 1, 1, 1, 1, 4, 1, 1, 1, 1, 1, 4, 1, 0, 1, 5,
       1, 1, 1, 1]), 'time': 894.8030700683594}
lenSubsequence: 32{'RI': 0.5011683739616589, 'num_clusters': 6, 'uShapelets': [{'ts_index': 32, 'loc': 29, 'gap': 0.07603347879883315, 'distances': array([0.53681403, 0.68216047, 0.56065426, 0.62984852, 0.589343  ,
       0.63260415, 0.65817638, 0.83032052, 0.66610519, 0.62954228,
       0.67084174, 0.56132328, 0.63185324, 0.62027554, 0.81462906,
       0.61148081, 0.76561012, 0.77057716, 0.65627754, 0.73554715,
       0.53874674, 0.64345566, 0.79663522, 0.58239721, 0.68911863,
       0.57365227, 0.5998023 , 0.48029819, 0.58156859, 0.46236428,
       0.69735605, 0.63697288, 0.        , 0.70787388, 0.69319576,
       0.5984398 , 0.54501459, 0.50471878, 0.58505113, 0.57975157,
       0.62900152, 0.82545167, 0.65456363, 0.63199161, 0.57096497,
       0.65355911, 0.62763305, 0.69894234, 0.79046679, 0.68233563,
       0.60878065, 0.83595754, 0.50500445, 0.7391689 , 0.5704767 ,
       0.81548346, 0.59250532, 0.49580033, 0.61852357, 0.5894065 ,
       0.62354233, 0.51845321, 0.80993079, 0.50844063, 0.63089042,
       0.65045859, 0.75627617, 0.69830159, 0.64049884, 0.78346208,
       0.76341656, 0.81670267, 0.51602201, 0.78098668, 0.61645882,
       0.52201641, 0.82457007, 0.83972734, 0.69325086, 0.7118083 ,
       0.65255397, 0.62253594, 0.54231279, 0.59696755, 0.53327887,
       0.60305895, 0.82216468, 0.77522454, 0.60389744, 0.57190962,
       0.659262  , 0.69234355, 0.72846074, 0.64137805, 0.64312539,
       0.43010508, 0.73649568, 0.46286748, 0.75281172, 0.62744555,
       0.60674353, 0.64950884, 0.60205521, 0.63296768, 0.7978662 ,
       0.61567843, 0.60365584, 0.63346467, 0.70346177, 0.69307032,
       0.74517665, 0.64734287, 0.74861115, 0.61846099, 0.58079241,
       0.66653892, 0.55264002, 0.73305851, 0.73446376, 0.67141053,
       0.74479485, 0.61895293, 0.58655454, 0.63606227, 0.76819021,
       0.33392104, 0.41809533, 0.8195274 , 0.74264498, 0.43379642,
       0.54244447, 0.6090454 , 0.65934275, 0.49061224, 0.51193739,
       0.82605897, 0.67013853, 0.65542403, 0.6791808 , 0.60350094,
       0.54327671, 0.64538104, 0.68114111, 0.63515741, 0.67880444,
       0.79633311, 0.73737323, 0.66001365, 0.75251477, 0.6698025 ,
       0.7277284 , 0.81512019, 0.79312483, 0.68223885, 0.72177669,
       0.66614601, 0.60609129, 0.64862949, 0.72951286, 0.59485719,
       0.57640774, 0.80409755, 0.70147917, 0.68399881, 0.5277349 ,
       0.74757182, 0.58484428, 0.52831813, 0.6172784 , 0.64309153,
       0.78769106, 0.73643905, 0.66885165, 0.73981042, 0.49990599,
       0.61947852, 0.5551394 , 0.82242925, 0.51473325, 0.71464512,
       0.55396317, 0.7611956 , 0.63527284, 0.60797659, 0.69659492,
       0.61515615, 0.47110138, 0.78312033, 0.63410158, 0.69276138,
       0.65869465, 0.58700528, 0.66576206, 0.61951456, 0.53959355,
       0.8257714 , 0.64598805, 0.71567878, 0.8170298 , 0.7601198 ,
       0.72334731, 0.6265248 , 0.65035473, 0.70199103, 0.71440135,
       0.30842635, 0.58654505, 0.56033189, 0.64818727, 0.55410642,
       0.62891131, 0.81306117, 0.71606763, 0.75744958, 0.6564092 ,
       0.65743423, 0.70473048, 0.84058327, 0.59944496, 0.67373258,
       0.60316219, 0.58243407, 0.64959288, 0.59502876, 0.70579367,
       0.69451416, 0.55675406, 0.62490085, 0.83592848, 0.6611136 ,
       0.62366298, 0.6482875 , 0.81141951, 0.73688765, 0.47697441,
       0.70321365, 0.80071018, 0.70004999, 0.61744241, 0.8182948 ,
       0.64803411, 0.61978623, 0.58728585, 0.59471183, 0.59163041,
       0.67793505, 0.5462068 , 0.48249053, 0.48804445, 0.72131011,
       0.61790468, 0.82978105, 0.61237267, 0.7673108 , 0.7348331 ,
       0.63262717, 0.45450568, 0.70603665, 0.74919817, 0.47711874,
       0.6626075 , 0.75935733, 0.71981244, 0.81587464, 0.64640049,
       0.70129484, 0.69128219, 0.67424499, 0.48957846, 0.69233598,
       0.72976138, 0.76550384, 0.5703682 , 0.57286631, 0.75422087,
       0.66077589, 0.7150456 , 0.73567283, 0.61433953, 0.72434192,
       0.77330844, 0.71765412, 0.70670739, 0.71491114, 0.72471587,
       0.75803027, 0.83340004, 0.66107786, 0.37141846, 0.50818338,
       0.51023076, 0.57501972, 0.56564528, 0.69073619, 0.70588854,
       0.6621665 , 0.63329606, 0.82161818, 0.72252561, 0.71572472,
       0.7553436 , 0.63345598, 0.48288817, 0.73687795, 0.79067841,
       0.60222363, 0.61488764, 0.76249634, 0.80229626, 0.60371015,
       0.75795109, 0.67591379, 0.70207224, 0.64343785, 0.70339247,
       0.80531129, 0.78661688, 0.81559956, 0.6312069 , 0.83338362,
       0.62115928, 0.51342827, 0.65123149, 0.45330065, 0.64498812,
       0.83243674, 0.60314344, 0.59405476, 0.8405792 , 0.71284411,
       0.62522479, 0.57760125, 0.75254345, 0.63137789, 0.63823415,
       0.70654694, 0.67854993, 0.51331381, 0.8004108 , 0.77447329,
       0.61991147, 0.76934149, 0.52912859, 0.64553515, 0.61840765,
       0.56142027, 0.66811049, 0.79689121, 0.71868119, 0.55578433,
       0.74963316, 0.72300028, 0.53822882, 0.58664104, 0.84053876,
       0.56392542, 0.68240404, 0.61841618, 0.81974575, 0.7719545 ,
       0.67362713, 0.66899472, 0.62016591, 0.65432519, 0.76767488,
       0.798272  , 0.62864732, 0.52338371, 0.62855599, 0.6724785 ,
       0.58438367, 0.57327092, 0.63984608, 0.76368858, 0.8136274 ,
       0.61996687, 0.61321662, 0.53266782, 0.81711619, 0.845007  ,
       0.74178838, 0.83997075, 0.6942051 , 0.71512525, 0.74385793,
       0.6793312 , 0.69538678, 0.54850303, 0.64395414, 0.65011485,
       0.78663555, 0.5348835 , 0.50071832, 0.74202675, 0.77136105,
       0.62855588, 0.6616206 , 0.69593758, 0.51196504, 0.59147531,
       0.74736131, 0.60747771, 0.7334814 , 0.81820828, 0.65555428,
       0.44401414, 0.65220346, 0.58418988, 0.54510591, 0.81488669,
       0.71942343, 0.52478304, 0.67768481, 0.68989584, 0.66880334,
       0.50102805, 0.61908602, 0.59565443, 0.57999813, 0.71329759,
       0.67358232, 0.74267693, 0.8296149 , 0.82992834, 0.83451217,
       0.49002429, 0.79152181, 0.79058178, 0.47182028, 0.73486476,
       0.68579243, 0.82600668, 0.702728  , 0.80672613, 0.56046739,
       0.83335404, 0.70653941, 0.80128959, 0.71417736, 0.80661752,
       0.8350232 , 0.83033249, 0.61153837, 0.68436157, 0.64520381,
       0.63495733, 0.80280428, 0.60087573, 0.65959164, 0.82577225,
       0.64679869, 0.63080447, 0.65113787, 0.69533863, 0.67337682,
       0.6161748 , 0.62067924, 0.83838911, 0.72935463, 0.7548754 ,
       0.66393519, 0.81943649, 0.52283742, 0.80914995, 0.7955505 ,
       0.8312762 , 0.67581404, 0.52471234, 0.80048766, 0.52929847,
       0.69183901, 0.45175649, 0.7541787 , 0.60924628, 0.82829135,
       0.83083571, 0.63999895, 0.63594833, 0.67830597, 0.50293197,
       0.68063569, 0.75768489, 0.60512589, 0.57291949, 0.45566516,
       0.63272096, 0.8214335 , 0.59600414, 0.76406067, 0.5968229 ,
       0.68145854, 0.68044737, 0.6881665 , 0.69163202, 0.75829432,
       0.67396688, 0.57853476, 0.83032198, 0.65292279, 0.69760071,
       0.58803611, 0.67126686, 0.68492184, 0.55350794, 0.55332568,
       0.57097993, 0.67099814, 0.64458316, 0.57447683, 0.74714291,
       0.83028525, 0.59968992, 0.82478938, 0.72008212, 0.6247559 ,
       0.55425156, 0.82809503, 0.53512523, 0.822641  , 0.43037829,
       0.69204013, 0.60318646, 0.65985783, 0.71213816, 0.57345565,
       0.72864729, 0.51345958, 0.69585748, 0.48537478, 0.50373676,
       0.77946213, 0.34116063, 0.78276929, 0.80032797, 0.82742436,
       0.50896336, 0.81980559, 0.51972812, 0.67433744, 0.64858268,
       0.43834078, 0.4020899 , 0.75889547, 0.82066098, 0.59660711,
       0.75660301, 0.66094098, 0.60344274, 0.63883652, 0.64517054,
       0.72893016, 0.67748774, 0.75113474, 0.59415371, 0.58631495,
       0.60402162, 0.71806475, 0.55155956, 0.6918117 , 0.72994527,
       0.63259794, 0.49580765, 0.5405033 , 0.68768488, 0.56052046,
       0.70466669, 0.65941049, 0.74190411, 0.73850927, 0.63606091,
       0.74809153, 0.80509443, 0.67388413, 0.61506634, 0.83442358,
       0.78357085, 0.51901597, 0.74600113, 0.50736303, 0.67717999,
       0.79074083, 0.5207531 , 0.62763652, 0.6151518 , 0.59341459,
       0.80870158, 0.61338806, 0.57384142, 0.82688835, 0.66113696,
       0.73242229, 0.74324347, 0.6094463 , 0.65239657, 0.68036402,
       0.7503692 , 0.52312076, 0.72011904, 0.8094239 , 0.57565299,
       0.47594332, 0.57127916, 0.45551064, 0.60788381, 0.57134364,
       0.64090644, 0.62626829, 0.57905091, 0.67444129, 0.67130145,
       0.73164672, 0.56718081, 0.59105422, 0.63718826, 0.57469143,
       0.797401  , 0.52697434, 0.67372551, 0.78573442, 0.52114858,
       0.77305691, 0.68520969, 0.76798463, 0.80965382, 0.76084129,
       0.81083055, 0.74288085, 0.62540998, 0.50697386, 0.68549394,
       0.64029621, 0.6124925 , 0.60501796, 0.79312152, 0.78115016,
       0.53782722, 0.6992609 , 0.61535763, 0.58615755, 0.7447443 ,
       0.64429681, 0.59997882, 0.65732142, 0.63481956, 0.80902728,
       0.52908438, 0.79858911, 0.75214653, 0.65633339, 0.66039738,
       0.6099918 , 0.70106436, 0.61846323, 0.63764929, 0.48648287,
       0.68785997, 0.83734988, 0.70726568, 0.57979753, 0.47853737,
       0.77371621, 0.55790913, 0.69849197, 0.64356553, 0.5340511 ,
       0.80280827, 0.77522336, 0.76406929, 0.72245048, 0.51812125,
       0.67042857, 0.6857834 , 0.67841846, 0.61021567, 0.72855741,
       0.6422221 , 0.57791564, 0.47856951, 0.68629383, 0.67188791,
       0.6881495 , 0.74520745, 0.74173293, 0.53820388, 0.67073971,
       0.81889911, 0.54692078, 0.77402329, 0.67360445, 0.71894917,
       0.67320473, 0.6918987 , 0.53541104, 0.77230945, 0.62293352,
       0.51516765, 0.74076127, 0.79791237, 0.67488247, 0.7184285 ,
       0.63943147, 0.64620127, 0.76905356, 0.56856524, 0.57611848,
       0.71954728, 0.64205845, 0.60176811, 0.50766631, 0.82666895,
       0.82815747, 0.60720091, 0.70574395, 0.57631133, 0.71412658,
       0.5800053 , 0.81379016, 0.61850831, 0.65310966, 0.56573736,
       0.82088403, 0.83706761, 0.78047878, 0.64556323, 0.73361617,
       0.67193212, 0.69254713, 0.43548126, 0.75422247, 0.6215754 ,
       0.63191251, 0.63546721, 0.54801195, 0.42792703, 0.64488637,
       0.67252526, 0.7028605 , 0.66563198, 0.59607249, 0.62144392,
       0.60676345, 0.57184463, 0.70687223, 0.73693824, 0.64465435,
       0.82665996, 0.66049319, 0.74088527, 0.70221214, 0.53887838,
       0.52469483, 0.51182422, 0.5284098 , 0.68870879, 0.62165551,
       0.54160601, 0.80799144, 0.64807573, 0.64604564, 0.60271358,
       0.77188332, 0.59473025, 0.71534103, 0.76595668, 0.50363749,
       0.57704568, 0.63239458, 0.67380815, 0.56263478, 0.82784658,
       0.80653435, 0.6410323 , 0.62557526, 0.76239985, 0.73949686,
       0.53766094, 0.50669935, 0.78562476, 0.68950503, 0.77077284,
       0.67318638, 0.5946523 , 0.76676774, 0.54490696, 0.63855884,
       0.77212379, 0.79338774, 0.81564507, 0.6502687 , 0.84437212,
       0.82820242, 0.76595156, 0.66662195, 0.48185021, 0.59777176,
       0.64912852, 0.50069186, 0.7564895 , 0.59690828, 0.43938441,
       0.60066123, 0.61789512, 0.81316471, 0.83067977, 0.47571369,
       0.58611086, 0.8430111 , 0.7632993 , 0.80233246, 0.7076164 ,
       0.71317736, 0.71437957, 0.68210435, 0.81855989, 0.68273294,
       0.5703159 , 0.7347144 , 0.50929489, 0.39316012, 0.66277773,
       0.72787156, 0.54491921, 0.63377521, 0.69599627, 0.66755181,
       0.64622791, 0.5573209 , 0.81231856, 0.79915045, 0.6942622 ,
       0.79316345, 0.8135266 , 0.67693797, 0.82730284, 0.75025407,
       0.52835015, 0.60979807, 0.82442454, 0.71354157, 0.65188913,
       0.45190837, 0.83906816, 0.65793594, 0.73310611, 0.59718971,
       0.68320426, 0.60137443, 0.80447653, 0.81966232, 0.71190074,
       0.81893819, 0.54152077, 0.62927728, 0.58336122, 0.55696026,
       0.71350354, 0.61708774, 0.64807468, 0.79809471, 0.58893878,
       0.71728251, 0.83983267, 0.62183475, 0.61784265, 0.47394385,
       0.63415136, 0.58645859, 0.65249734, 0.57186675, 0.82781295,
       0.56641605, 0.57115598, 0.70789652, 0.62220077, 0.4524346 ,
       0.83743055, 0.62456031, 0.82934706, 0.6676469 , 0.82436254,
       0.52773789, 0.59994032, 0.76963086, 0.75492876]), 'delta_distances': array([0., 0., 0., 0., 0., 0., 0., 0., 0., 0., 0., 0., 0., 0., 0., 0., 0.,
       0., 0., 0., 0., 0., 0., 0., 0., 0., 0., 0., 0., 0., 0., 0., 0., 0.,
       0., 0., 0., 0., 0., 0., 0., 0., 0., 0., 0., 0., 0., 0., 0., 0., 0.,
       0., 0., 0., 0., 0., 0., 0., 0., 0., 0., 0., 0., 0., 0., 0., 0., 0.,
       0., 0., 0., 0., 0., 0., 0., 0., 0., 0., 0., 0., 0., 0., 0., 0., 0.,
       0., 0., 0., 0., 0., 0., 0., 0., 0., 0., 0., 0., 0., 0., 0., 0., 0.,
       0., 0., 0., 0., 0., 0., 0., 0., 0., 0., 0., 0., 0., 0., 0., 0., 0.,
       0., 0., 0., 0., 0., 0., 0., 0., 0., 0., 0., 0., 0., 0., 0., 0., 0.,
       0., 0., 0., 0., 0., 0., 0., 0., 0., 0., 0., 0., 0., 0., 0., 0., 0.,
       0., 0., 0., 0., 0., 0., 0., 0., 0., 0., 0., 0., 0., 0., 0., 0., 0.,
       0., 0., 0., 0., 0., 0., 0., 0., 0., 0., 0., 0., 0., 0., 0., 0., 0.,
       0., 0., 0., 0., 0., 0., 0., 0., 0., 0., 0., 0., 0., 0., 0., 0., 0.,
       0., 0., 0., 0., 0., 0., 0., 0., 0., 0., 0., 0., 0., 0., 0., 0., 0.,
       0., 0., 0., 0., 0., 0., 0., 0., 0., 0., 0., 0., 0., 0., 0., 0., 0.,
       0., 0., 0., 0., 0., 0., 0., 0., 0., 0., 0., 0., 0., 0., 0., 0., 0.,
       0., 0., 0., 0., 0., 0., 0., 0., 0., 0., 0., 0., 0., 0., 0., 0., 0.,
       0., 0., 0., 0., 0., 0., 0., 0., 0., 0., 0., 0., 0., 0., 0., 0., 0.,
       0., 0., 0., 0., 0., 0., 0., 0., 0., 0., 0., 0., 0., 0., 0., 0., 0.,
       0., 0., 0., 0., 0., 0., 0., 0., 0., 0., 0., 0., 0., 0., 0., 0., 0.,
       0., 0., 0., 0., 0., 0., 0., 0., 0., 0., 0., 0., 0., 0., 0., 0., 0.,
       0., 0., 0., 0., 0., 0., 0., 0., 0., 0., 0., 0., 0., 0., 0., 0., 0.,
       0., 0., 0., 0., 0., 0., 0., 0., 0., 0., 0., 0., 0., 0., 0., 0., 0.,
       0., 0., 0., 0., 0., 0., 0., 0., 0., 0., 0., 0., 0., 0., 0., 0., 0.,
       0., 0., 0., 0., 0., 0., 0., 0., 0., 0., 0., 0., 0., 0., 0., 0., 0.,
       0., 0., 0., 0., 0., 0., 0., 0., 0., 0., 0., 0., 0., 0., 0., 0., 0.,
       0., 0., 0., 0., 0., 0., 0., 0., 0., 0., 0., 0., 0., 0., 0., 0., 0.,
       0., 0., 0., 0., 0., 0., 0., 0., 0., 0., 0., 0., 0., 0., 0., 0., 0.,
       0., 0., 0., 0., 0., 0., 0., 0., 0., 0., 0., 0., 0., 0., 0., 0., 0.,
       0., 0., 0., 0., 0., 0., 0., 0., 0., 0., 0., 0., 0., 0., 0., 0., 0.,
       0., 0., 0., 0., 0., 0., 0., 0., 0., 0., 0., 0., 0., 0., 0., 0., 0.,
       0., 0., 0., 0., 0., 0., 0., 0., 0., 0., 0., 0., 0., 0., 0., 0., 0.,
       0., 0., 0., 0., 0., 0., 0., 0., 0., 0., 0., 0., 0., 0., 0., 0., 0.,
       0., 0., 0., 0., 0., 0., 0., 0., 0., 0., 0., 0., 0., 0., 0., 0., 0.,
       0., 0., 0., 0., 0., 0., 0., 0., 0., 0., 0., 0., 0., 0., 0., 0., 0.,
       0., 0., 0., 0., 0., 0., 0., 0., 0., 0., 0., 0., 0., 0., 0., 0., 0.,
       0., 0., 0., 0., 0., 0., 0., 0., 0., 0., 0., 0., 0., 0., 0., 0., 0.,
       0., 0., 0., 0., 0., 0., 0., 0., 0., 0., 0., 0., 0., 0., 0., 0., 0.,
       0., 0., 0., 0., 0., 0., 0., 0., 0., 0., 0., 0., 0., 0., 0., 0., 0.,
       0., 0., 0., 0., 0., 0., 0., 0., 0., 0., 0., 0., 0., 0., 0., 0., 0.,
       0., 0., 0., 0., 0., 0., 0., 0., 0., 0., 0., 0., 0., 0., 0., 0., 0.,
       0., 0., 0., 0., 0., 0., 0., 0., 0., 0., 0., 0., 0., 0., 0., 0., 0.,
       0., 0., 0., 0., 0., 0., 0., 0., 0., 0., 0., 0., 0., 0., 0., 0., 0.,
       0., 0., 0., 0., 0., 0., 0., 0., 0., 0., 0., 0., 0., 0., 0., 0., 0.,
       0., 0., 0., 0., 0., 0., 0., 0., 0., 0., 0., 0., 0., 0., 0., 0., 0.,
       0., 0., 0., 0., 0., 0., 0., 0., 0., 0., 0., 0., 0., 0., 0., 0., 0.,
       0., 0., 0., 0., 0., 0., 0., 0., 0., 0., 0., 0., 0., 0., 0., 0., 0.,
       0., 0., 0., 0., 0., 0., 0., 0., 0., 0., 0., 0., 0., 0., 0., 0., 0.,
       0., 0., 0., 0., 0., 0., 0., 0., 0., 0., 0., 0., 0., 0., 0., 0., 0.,
       0., 0., 0., 0., 0., 0., 0., 0., 0., 0., 0., 0., 0., 0., 0., 0., 0.,
       0., 0., 0., 0., 0., 0., 0., 0., 0., 0., 0., 0., 0., 0., 0., 0., 0.,
       0., 0., 0., 0., 0., 0., 0., 0., 0., 0., 0., 0., 0., 0., 0., 0., 0.,
       0., 0., 0., 0., 0., 0., 0., 0., 0., 0., 0., 0., 0., 0., 0., 0., 0.]), 'locations': array([ 33,  28,  28,  31,  30,  28,  26,  14,  27,  29,  30,  27,  34,
        31,  35,  32,  26,  31,  29,  31,  30,  34,  65,  32,  33,  32,
        33,  27,  29,  27,  28,  32,  29,  33,  33,  30,  30,  33,  30,
        29,  32,  15,  34,  32,  33,  32,  34,  30,  36,  30,  34,  95,
        34,  33,  30,  10,  27,  28,  31,  33,  28,  32,  33,  29,  30,
        30,  29,  33,  34,  64,  28, 100,  28,  27,  34,  31,  12,  18,
        28,  29,  32,  31,  33,  27,  29,  30, 102,  28,  33,  30,  35,
        32,  32,  34,  32,  29,  32,  28,  35,  28,  31,  28,  29,  30,
        30,  29,  28,  34,  29,  32,  28,  27,  29,  27,  33,  33,  30,
        35,  31,  28,  33,  33,  31,  30,  29,  27,  31,  28,  34,  32,
        32,  32,  28,  31,  28,  98,  32,  31,  34,  33,  32,  28,  34,
        26,  33, 101,  26,  31,  29,  31,  31,  94, 103,  31,  29,  29,
        35,  34,  28,  29,  34,  30,  31,  32,  30,  33,  27,  33,  28,
        31,  61,  32,  29,  30,  28,  27,  31,  88,  33,  28,  27,  34,
        29,  31,  30,  29,  31,  32,  29,  27,  33,  29,  34,  33,  29,
       102,  30,  32,  30,  27,  34,  26,  29,  31,  34,  30,  31,  28,
        29,  32,  27,  95,  29,  26,  27,  30,  32,  17,  34,  30,  31,
        32,  33,  32,  29,  30,  32,  30,  17,  31,  31,  33,  34,  34,
        28,  33,  29,  32,  33, 100,  29,  31,  28,  32,  29,  28,  32,
        34,  30,  33,  28, 103,  29,  31,  31,  28,  33,  28,  28,  30,
        35,  34,  31, 102,  32,  30,  27,  30,  32,  27,  30,  29,  29,
        32,  27,  32,  34,  31,  30,  28,  34,  32,  31,  31,  33,  33,
        99,  31,  30,  30,  34,  28,  28,  30,  59,  30,  33,  32,  35,
        29,  33,  32,  31,  27,  31,  28,  31,  33,  32,  31,  33,  31,
        30,  31,  31,  34,  32,   4,  29,  83,  29,  29,  31,  32,  32,
        91,  30,  32,  17,  35,  28,  31,  33,  29,  28,  32,  34,  32,
        34,  33,  27,  26,  31,  30,  28,  34,  33,  64,  32,  32,  29,
        34,  30,  30,  13,  34,  31,  29, 100,  34,  31,  31,  31,  28,
        32,   3,  28,  32,  33,  33,  33,  32,  27,  29,  11,  30,  31,
        31,  29,  62,  29,  98,  34,  30,  26,  34,  34,  28,  29,  30,
        28,  32,  30,  29,  31,  31,  28,  32,  30,  28,  31,  31,  34,
        13,  30,  30,  31,  31,  32,  33,  31,  30,  27,  33,  28,  30,
        30,  31,  29,  27,  30,  29, 102,  21,  98,  29,  31,  29,  28,
        33,  30,  99,  29,  30,  29,  19,  29,  31,  30,  10,  16, 101,
        34,  27,  31,  34,  27,  31,  30,  13,  29,  31,  30,  29,  32,
        29,  34,  85,  29,  31,  33,  14,  32, 102,  31,  13,  30,  29,
        31,  29,  29,  29,  32,  28,  14,  21,  26,  28,  28,  29,  33,
        29,  33,  29,  28,  33,  97,  32,  36,  28,  32,  30,  28,  29,
        32,  28,  30,  27,  30,  33,  29,  31,  31,  28,  34,  32,  35,
        30,  31,  30,  95,  31,  27,  33,  32,  32,  22,  32,  32,  34,
        32,  35,  28,  33,  28,  32,  29,  29,  30,  29,  30,  29,  31,
        27,  91,  30,  19,  29,  34,  33,  29,  29,  30,  20,  30,  27,
        29,  28,  33,  34,  32,  29,  30,  29,  29,  33,  29,  31,  33,
        29,  32,  31,  30,  30,  31,  29,  30,  33,  30,  32,  28,  28,
        30,  30,  10,  62,  34,  32,  28,  30,  10,  29,  33,  34,  30,
        33,  31,  32,   1,  32,  33,  31,  31,  34,  31,  31,  30,  28,
        31,  30,  32,  31,  28,  27,  30,  34,  33,  32,  30,  33,  27,
        35,  31,  28,  30,  27,  30,  30,  33,  34,  35,  32,  34,  28,
        31,  99,  29,  28,  31,  35,  29,  31,  30,  33,  63,  28,  31,
        28,  32,  35,  28,  29,  35,  29,  36,  31,  29,  32,  29,  30,
        29,  30,  33,  31,  31,  30,  23,  28,  28,  29,  59,  28,  28,
        29,  32,  60,  28,  30,  35,  30,  31,  33,  32,  27,  29,  31,
        31,  28,  28,  31,  28,  30,  62,  33,  34,  30,  29,  33,  32,
        28,  33,  28,  29,  34,  28,  34,  28,  28,  31,  31,  33,  29,
        28,  33,  30,  29,  32,  29,  32,  12,  33,  29,  28,  28,  31,
        31,  28,  32,  33,  32,  14,  96,  64,  35,  35,  34,  30,  30,
        32,  28,  28,  28,  30,  30,  33,  33,  31,  29,  34,  28,  30,
        30,  28,  30,  30,  95,  33,  31,  30,  31,  30,  29,  33,  27,
        33,  29,  29,  31,  32,  34,  27,  29,  33,  63,  30,  28,  30,
        30,  33,  18,  28,  30,  31,  28,  28,  30,  28,  31,  34,  32,
        29,  30,  33,  30,  34,  30,  29,   2,  32,  15,  27,  34,  32,
        29,  30,  34,  31,  29,  34,  30,  33,  30, 103,  84,  30,  27,
        16,  33, 103,  34,  31,  30,  31,  14,  30,  33,  27,  29,  30,
        34,  30,  31,  34,  30,  29,  29,  34,  29,  29,  31,  27, 100,
        27,  94,  32,  27,  33,  17,  32,  34,  33, 103,  34,  32,  33,
        31,  34,  31,  17,  34, 103,  28,  33,  27,  28,  29,  34,  29,
        33,  32,  32,  18,  32,  35,  29,  31,  26,  32,  34,  89,  31,
        32,  29,  26,  33,  10,  28,  16,  28,  21,  29,  29,  33,  30])}, {'ts_index': 423, 'loc': 38, 'gap': 0.0699918453654036, 'distances': array([0.68601675, 0.73012097, 0.72006037, 0.76619427, 0.85949575,
       0.82852385, 0.78617154, 0.58441276, 0.91990575, 0.36288522,
       0.84435862, 0.81211116, 0.68570719, 0.82239852, 0.88053131,
       0.8687779 , 0.82558068, 0.6810631 , 0.60055409, 0.73140378,
       0.56515187, 0.78699216, 0.90497649, 0.79020635, 0.78714041,
       0.46406084, 0.91101668, 0.79779724, 0.5893117 , 0.78414827,
       0.65599315, 0.94954013, 0.7013392 , 0.92763352, 0.79571989,
       0.91362649, 0.68719606, 0.67685647, 0.53402369, 0.66342044,
       0.90772995, 0.63622007, 0.64345434, 0.50208727, 0.87079885,
       0.70316115, 0.79777993, 0.64222623, 0.77600825, 0.72770879,
       0.71326006, 0.87484262, 0.88222942, 0.55961236, 0.64311704,
       0.76420233, 0.6423385 , 0.63242609, 0.5100795 , 0.        ,
       0.5024665 , 0.84097802, 0.79740069, 0.58494496, 0.80406181,
       0.66559482, 0.90548026, 0.57440341, 0.85747582, 0.75748368,
       0.83268514, 0.69031354, 0.53368893, 0.70190712, 0.81249314,
       0.74253708, 0.68448768, 0.89826212, 0.82965615, 0.83076532,
       0.70205759, 0.76802756, 0.84871529, 0.85425217, 0.80328988,
       0.89272576, 0.84224484, 0.83488545, 0.93638196, 0.55371109,
       0.82316899, 0.75663857, 0.90562997, 0.68358589, 0.65439714,
       0.91597545, 0.86791289, 0.70584972, 0.85847983, 0.85520214,
       0.78689315, 0.79415336, 0.38088221, 0.88684515, 0.68497834,
       0.73367764, 0.77162365, 0.58764324, 0.7242852 , 0.80590016,
       0.79802006, 0.80295399, 0.74030774, 0.76654012, 0.89540087,
       0.5234549 , 0.92950641, 0.88877913, 0.58703048, 0.74727181,
       0.56938143, 0.91543352, 0.83007012, 0.9066216 , 0.53234021,
       0.9174781 , 0.62486872, 0.36595301, 0.9104418 , 0.80811442,
       0.69847094, 0.76876605, 0.83006797, 0.75539885, 0.68061726,
       0.66582773, 0.7094272 , 0.52193354, 0.69850836, 0.8923829 ,
       0.7775491 , 0.90082981, 0.68111867, 0.84475824, 0.71528882,
       0.74262444, 0.89336335, 0.89660608]), 'delta_distances': array([0., 0., 0., 0., 0., 0., 0., 0., 0., 0., 0., 0., 0., 0., 0., 0., 0.,
       0., 0., 0., 0., 0., 0., 0., 0., 0., 0., 0., 0., 0., 0., 0., 0., 0.,
       0., 0., 0., 0., 0., 0., 0., 0., 0., 0., 0., 0., 0., 0., 0., 0., 0.,
       0., 0., 0., 0., 0., 0., 0., 0., 0., 0., 0., 0., 0., 0., 0., 0., 0.,
       0., 0., 0., 0., 0., 0., 0., 0., 0., 0., 0., 0., 0., 0., 0., 0., 0.,
       0., 0., 0., 0., 0., 0., 0., 0., 0., 0., 0., 0., 0., 0., 0., 0., 0.,
       0., 0., 0., 0., 0., 0., 0., 0., 0., 0., 0., 0., 0., 0., 0., 0., 0.,
       0., 0., 0., 0., 0., 0., 0., 0., 0., 0., 0., 0., 0., 0., 0., 0., 0.,
       0., 0., 0., 0., 0., 0., 0., 0., 0., 0., 0., 0.]), 'locations': array([38, 36, 36, 38, 42, 38, 41, 39, 69, 37, 36, 42, 44, 36, 41, 41, 35,
       38, 40, 38, 38, 36, 43, 37, 39, 39, 65, 38, 41, 39, 35, 71, 39, 70,
       34, 64, 38, 37, 39, 39, 41, 39, 42, 39, 43, 38, 39, 36, 69, 42, 37,
       39, 34, 38, 37, 42, 42, 39, 40, 38, 43, 37, 42, 40, 34, 37, 37, 39,
       66, 42, 42, 39, 43, 40, 36, 43, 39, 68, 38, 43, 41, 42, 38, 44, 40,
       35, 44, 44,  4, 41, 37, 36, 42, 40, 37, 69, 39, 36, 38, 40, 39, 39,
       38, 64, 42, 40, 36, 39, 38, 35, 41, 40, 38, 39, 38, 38, 68, 39, 41,
       40, 38, 71, 37, 68, 41, 64, 42, 40, 67, 42, 38, 40, 41, 41, 40, 37,
       43, 38, 38, 66, 44, 43, 36, 70, 41, 43, 46, 61])}, {'ts_index': 286, 'loc': 46, 'gap': 0.058424387222876684, 'distances': array([0.82449823, 0.7853206 , 0.70169374, 1.00610731, 0.99035661,
       1.02423341, 1.00618918, 1.07404391, 1.02857523, 1.05219623,
       1.0012693 , 0.99198967, 1.02829667, 1.09239849, 1.01276986,
       0.86901015, 0.91118932, 1.0101047 , 0.99841496, 1.04072401,
       0.86123065, 1.07249847, 0.94554051, 0.69044442, 0.9443294 ,
       1.07711408, 0.74608821, 1.0537202 , 1.05348291, 0.        ,
       0.77379118, 0.73949005, 0.63055941, 1.0456539 , 0.88223605,
       0.9153107 , 1.00512278, 0.79195594, 0.97828041, 0.77366967,
       0.93315951, 0.90306413, 1.06807659, 0.68922061, 1.02876786,
       0.66381556, 1.06387963, 1.0023427 , 0.96685064, 1.03386649,
       0.90271252, 1.0105556 , 1.02702583, 0.95700167, 1.00751294,
       1.05121107, 0.89005527, 0.88110454, 0.76625549, 0.99756662,
       1.01053535, 0.99868365, 0.99501941, 0.95850454, 1.06981476,
       0.8393816 , 1.04873727, 1.04622727, 1.06308414, 1.03272964,
       1.01780354, 1.01807325, 1.02602098, 0.90610016, 0.79959629,
       1.02185703, 0.81671133, 0.80434946, 1.01982872, 1.06422856,
       1.02163122, 0.95609711, 0.93168148, 0.89836861, 1.06375232,
       1.00989797, 0.98312723, 0.96169617, 1.00488867, 0.92663517,
       1.07272997, 1.04573458, 0.94273185, 0.8958334 , 0.9301399 ,
       1.06919164, 1.03462212, 1.04964002, 1.03531428, 1.0579686 ,
       1.00941549, 1.02767821, 1.07885535, 1.0583365 , 1.00007086,
       0.81041431, 1.04647732, 1.0229987 , 1.05167021, 0.92852202,
       1.05438969, 1.05023006, 0.72897623, 1.04186115, 0.98296573,
       1.08645011, 0.67060869, 0.98611189, 0.96800252, 0.94153008,
       1.00941651, 0.79875476]), 'delta_distances': array([0., 0., 0., 0., 0., 0., 0., 0., 0., 0., 0., 0., 0., 0., 0., 0., 0.,
       0., 0., 0., 0., 0., 0., 0., 0., 0., 0., 0., 0., 0., 0., 0., 0., 0.,
       0., 0., 0., 0., 0., 0., 0., 0., 0., 0., 0., 0., 0., 0., 0., 0., 0.,
       0., 0., 0., 0., 0., 0., 0., 0., 0., 0., 0., 0., 0., 0., 0., 0., 0.,
       0., 0., 0., 0., 0., 0., 0., 0., 0., 0., 0., 0., 0., 0., 0., 0., 0.,
       0., 0., 0., 0., 0., 0., 0., 0., 0., 0., 0., 0., 0., 0., 0., 0., 0.,
       0., 0., 0., 0., 0., 0., 0., 0., 0., 0., 0., 0., 0., 0., 0., 0., 0.,
       0., 0., 0.]), 'locations': array([47, 45, 45, 47, 51, 70, 49, 77, 71, 80, 53, 80, 77, 75, 43, 47, 44,
       44, 52, 78, 45, 77, 47, 45, 44, 80, 47, 77, 49, 46, 47, 46, 48, 74,
       45, 51, 52, 47, 80, 45, 46, 51, 80, 48, 49, 46, 75, 51, 45, 72, 43,
       46, 46, 74, 51, 51, 48, 49, 45, 52, 78, 74, 46, 51, 50, 51, 73, 79,
       46, 47, 53, 53, 41, 46, 45, 74, 49, 46, 46, 74, 76, 44, 49, 48, 80,
       73, 51, 49, 74, 46, 80, 43, 72, 47, 47, 78, 77, 72, 74, 77, 76, 76,
       51, 73, 51, 47, 48, 43, 50, 49, 82, 82, 47, 75, 45, 73, 45, 42, 50,
       52, 75, 47])}, {'ts_index': 806, 'loc': 35, 'gap': 0.04530172554666634, 'distances': array([0.33351526, 0.47810444, 0.49345675, 0.53232738, 0.48848792,
       0.53153414, 0.4057882 , 0.5163598 , 0.54576156, 0.5308399 ,
       0.5203792 , 0.4093959 , 0.53875322, 0.53742442, 0.52096909,
       0.47553982, 0.53345811, 0.519277  , 0.52213431, 0.5299989 ,
       0.5278581 , 0.5130133 , 0.54156335, 0.51454905, 0.48717423,
       0.52238872, 0.5376562 , 0.45518673, 0.46161226, 0.49028373,
       0.5401792 , 0.52208741, 0.42318023, 0.51729639, 0.52669706,
       0.50936229, 0.5151756 , 0.50070847, 0.51301561, 0.44531746,
       0.54306893, 0.38288443, 0.38807519, 0.51313205, 0.4358975 ,
       0.27973708, 0.52569661, 0.51596279, 0.34064168, 0.48908201,
       0.53055461, 0.47689299, 0.45069912, 0.47712038, 0.49610794,
       0.53634741, 0.34287118, 0.43450604, 0.51172362, 0.52289104,
       0.49561525, 0.45434369, 0.51530506, 0.50866598, 0.35424837,
       0.53791689, 0.34674399, 0.42504347, 0.53006142, 0.53506633,
       0.4492655 , 0.38824371, 0.49156503, 0.37588306, 0.48303356,
       0.22090992, 0.38145838, 0.40850597, 0.53513345, 0.46580637,
       0.43362013, 0.54300611, 0.41977305, 0.49302959, 0.53780513,
       0.53821431, 0.        , 0.4946482 , 0.34805727, 0.5308561 ,
       0.47106987, 0.48196266, 0.53102563, 0.53729461, 0.53783077,
       0.5448443 , 0.53653177, 0.26799168, 0.52664354, 0.53667276]), 'delta_distances': array([0., 0., 0., 0., 0., 0., 0., 0., 0., 0., 0., 0., 0., 0., 0., 0., 0.,
       0., 0., 0., 0., 0., 0., 0., 0., 0., 0., 0., 0., 0., 0., 0., 0., 0.,
       0., 0., 0., 0., 0., 0., 0., 0., 0., 0., 0., 0., 0., 0., 0., 0., 0.,
       0., 0., 0., 0., 0., 0., 0., 0., 0., 0., 0., 0., 0., 0., 0., 0., 0.,
       0., 0., 0., 0., 0., 0., 0., 0., 0., 0., 0., 0., 0., 0., 0., 0., 0.,
       0., 0., 0., 0., 0., 0., 0., 0., 0., 0., 0., 0., 0., 0., 0.]), 'locations': array([ 31,  35,  61, 100,  67,  62,  35,  37,   2,  67,  95,  33,   8,
         6,   7,  37,  18,   0,  93,  13,  64,  62, 100, 101,  34, 102,
         6,  36,  64,  62,  14,   6,  33,   1,  35,  35,  63,  33,  66,
        34, 102,  35,  35,  99,  33,  36,  95,  65,  31,  35,  67,  31,
        35,  36,  65,  37,  37,  32,  91,  65,  66,  58,  93, 103,  33,
        89,  32,  37,  66,  11,  32,  63,  32,  34,  62,  31,  32,  31,
        12,  32,  33,  13,  35,  28, 101,   5,  35,  36,  34,  66,  33,
        66,  93, 100,  93,  98, 101,  34,  14,  27])}, {'ts_index': 831, 'loc': 23, 'gap': 0.04259293550388765, 'distances': array([0.32289364, 0.3326839 , 0.33764146, 0.38970601, 0.34971018,
       0.35622304, 0.44929569, 0.33233234, 0.27339853, 0.22116211,
       0.27007073, 0.32157274, 0.41340139, 0.11889418, 0.31597643,
       0.3397452 , 0.26120329, 0.23537723, 0.4175954 , 0.29917788,
       0.28368287, 0.41709974, 0.29670837, 0.34371304, 0.34593967,
       0.3558751 , 0.34502476, 0.20716991, 0.31977505, 0.35608492,
       0.37271763, 0.22754742, 0.3732755 , 0.2707483 , 0.33499967,
       0.23471056, 0.3541893 , 0.31690822, 0.25615104, 0.39946073,
       0.21821988, 0.30797917, 0.36587682, 0.32365841, 0.34168075,
       0.37116749, 0.23965519, 0.17609111, 0.31683211, 0.32506772,
       0.41846617, 0.40804973, 0.22128591, 0.39333613, 0.10615322,
       0.30976458, 0.38847695, 0.40152077, 0.39900598, 0.25914485,
       0.20947842, 0.22089732, 0.27639066, 0.26780885, 0.33870546,
       0.36291255, 0.29380537, 0.30958232, 0.41649949, 0.380466  ,
       0.38965633, 0.20975556, 0.41006663, 0.40871629, 0.        ,
       0.35859372, 0.31892912, 0.24627693, 0.38541363, 0.39209432,
       0.30379798, 0.37345527]), 'delta_distances': array([0., 0., 0., 0., 0., 0., 0., 0., 0., 0., 0., 0., 0., 0., 0., 0., 0.,
       0., 0., 0., 0., 0., 0., 0., 0., 0., 0., 0., 0., 0., 0., 0., 0., 0.,
       0., 0., 0., 0., 0., 0., 0., 0., 0., 0., 0., 0., 0., 0., 0., 0., 0.,
       0., 0., 0., 0., 0., 0., 0., 0., 0., 0., 0., 0., 0., 0., 0., 0., 0.,
       0., 0., 0., 0., 0., 0., 0., 0., 0., 0., 0., 0., 0., 0.]), 'locations': array([ 25,  24,  20,  19,  20,  25,  18,  21,  23,  22,  24,  22,  25,
        23,  22,  21,  19,  21,  20,  21,  20,  19,  22,  21,  23,  25,
        55,  23,  23,  20,  21,  22,  23,  21,  20,  23,  24,  20,  22,
        22,  25,  24,  23,  25,  24,  24,  26,  21,  19,  19,  18,  20,
        23,  20,  22,  24,  22,  21,  24,  26,  22,  21,  21,  20,  20,
        20,  21,  23,  26,  20,  19,  26,  97,  26,  23,  25,  21,  23,
        19,  19,  23, 102])}], 'clusters': array([1, 1, 1, 1, 1, 1, 1, 3, 1, 1, 1, 1, 1, 1, 3, 1, 1, 1, 1, 1, 1, 1,
       3, 1, 1, 1, 1, 1, 1, 1, 1, 1, 1, 1, 1, 1, 1, 1, 1, 1, 1, 4, 1, 1,
       1, 1, 1, 1, 0, 1, 1, 0, 1, 1, 1, 0, 1, 1, 1, 1, 1, 1, 2, 1, 1, 1,
       1, 1, 1, 0, 1, 2, 1, 0, 1, 1, 4, 0, 1, 1, 1, 1, 1, 1, 1, 1, 0, 0,
       1, 1, 1, 1, 1, 1, 1, 1, 1, 1, 1, 1, 1, 1, 1, 1, 0, 1, 1, 1, 1, 1,
       1, 1, 1, 1, 1, 1, 1, 1, 1, 1, 1, 1, 1, 1, 1, 1, 1, 4, 1, 1, 1, 1,
       1, 1, 1, 5, 1, 1, 1, 1, 1, 1, 1, 1, 1, 2, 1, 1, 1, 1, 1, 0, 2, 1,
       1, 1, 1, 1, 1, 1, 1, 0, 1, 1, 1, 1, 1, 1, 1, 1, 0, 1, 1, 1, 1, 1,
       1, 5, 1, 1, 1, 1, 1, 1, 1, 1, 1, 0, 1, 1, 1, 1, 1, 1, 1, 2, 1, 1,
       0, 1, 1, 1, 1, 1, 1, 1, 1, 1, 1, 1, 1, 0, 1, 1, 1, 1, 1, 2, 1, 1,
       1, 1, 1, 1, 1, 1, 1, 1, 3, 1, 1, 1, 5, 1, 1, 1, 0, 1, 1, 3, 1, 1,
       1, 1, 1, 1, 1, 1, 1, 1, 1, 0, 1, 1, 1, 1, 1, 1, 1, 1, 1, 1, 1, 0,
       1, 1, 1, 1, 1, 1, 1, 1, 1, 1, 1, 1, 1, 1, 1, 1, 1, 1, 1, 1, 1, 1,
       3, 1, 1, 1, 1, 1, 1, 1, 1, 1, 1, 3, 1, 1, 1, 1, 1, 1, 3, 1, 1, 1,
       2, 1, 1, 1, 1, 1, 1, 3, 0, 0, 1, 0, 1, 1, 1, 1, 1, 2, 1, 1, 0, 1,
       1, 1, 1, 1, 1, 1, 1, 1, 3, 0, 1, 1, 1, 1, 1, 1, 1, 3, 1, 1, 1, 1,
       1, 1, 0, 1, 1, 1, 5, 1, 1, 1, 1, 1, 1, 0, 1, 1, 1, 1, 1, 1, 1, 1,
       3, 1, 1, 1, 0, 2, 1, 3, 1, 1, 1, 1, 1, 1, 1, 1, 0, 1, 1, 1, 1, 1,
       1, 1, 1, 1, 1, 1, 1, 5, 1, 1, 1, 1, 1, 2, 1, 1, 1, 1, 1, 1, 1, 1,
       1, 1, 1, 1, 2, 2, 2, 1, 0, 0, 1, 1, 1, 2, 1, 0, 1, 5, 1, 0, 1, 2,
       0, 4, 1, 1, 1, 1, 4, 1, 1, 0, 1, 1, 1, 1, 1, 1, 1, 2, 1, 1, 1, 0,
       1, 3, 4, 5, 1, 1, 0, 1, 1, 1, 1, 1, 4, 0, 1, 1, 1, 1, 1, 1, 1, 1,
       1, 1, 0, 1, 1, 1, 1, 1, 1, 1, 1, 1, 1, 3, 1, 1, 1, 1, 1, 1, 1, 1,
       1, 1, 1, 1, 0, 1, 0, 1, 1, 1, 5, 1, 5, 1, 1, 1, 1, 1, 1, 1, 1, 1,
       1, 1, 0, 1, 4, 0, 2, 1, 0, 1, 1, 1, 1, 1, 1, 3, 1, 1, 1, 1, 1, 1,
       1, 1, 1, 1, 1, 1, 1, 1, 1, 1, 1, 1, 1, 1, 1, 1, 1, 1, 1, 1, 1, 0,
       1, 1, 3, 3, 1, 1, 1, 1, 5, 1, 1, 1, 1, 0, 1, 1, 5, 1, 1, 1, 1, 1,
       1, 1, 1, 1, 0, 1, 1, 1, 1, 1, 1, 1, 1, 1, 1, 1, 1, 1, 1, 1, 1, 4,
       1, 1, 0, 1, 1, 1, 1, 4, 1, 2, 1, 1, 1, 1, 1, 1, 1, 0, 0, 1, 1, 1,
       1, 1, 1, 1, 1, 1, 0, 1, 5, 1, 1, 1, 1, 1, 1, 1, 1, 1, 2, 1, 1, 1,
       1, 1, 1, 1, 1, 4, 5, 1, 1, 1, 1, 1, 1, 1, 1, 1, 1, 1, 1, 1, 1, 1,
       1, 1, 1, 4, 1, 1, 1, 1, 1, 1, 1, 1, 1, 1, 1, 0, 1, 1, 1, 1, 1, 1,
       1, 1, 1, 1, 1, 4, 4, 1, 1, 1, 1, 1, 4, 1, 1, 1, 2, 0, 0, 1, 1, 1,
       1, 1, 1, 1, 1, 1, 1, 1, 1, 1, 1, 1, 1, 1, 1, 1, 1, 1, 1, 2, 1, 1,
       1, 1, 1, 1, 1, 1, 1, 1, 0, 1, 1, 1, 1, 1, 1, 1, 1, 1, 1, 1, 1, 2,
       0, 1, 1, 1, 1, 1, 1, 0, 1, 1, 1, 1, 1, 1, 1, 1, 0, 2, 1, 0, 2, 1,
       1, 1, 1, 1, 1, 1, 1, 1, 1, 1, 2, 0, 1, 1, 4, 1, 3, 1, 1, 1, 1, 5,
       1, 1, 1, 1, 1, 1, 1, 1, 1, 1, 1, 1, 1, 4, 0, 1, 0, 5, 1, 0, 1, 1,
       1, 2, 1, 1, 1, 3, 1, 1, 1, 1, 1, 0, 0, 1, 0, 1, 1, 1, 1, 1, 1, 1,
       3, 1, 1, 0, 1, 1, 1, 1, 1, 1, 1, 4, 1, 1, 1, 1, 1, 0, 1, 0, 1, 3,
       1, 1, 1, 1]), 'time': 726.5215423107147}
lenSubsequence: 36{'RI': 0.5005226936144264, 'num_clusters': 4, 'uShapelets': [{'ts_index': 799, 'loc': 21, 'gap': 0.06646249378705305, 'distances': array([0.45885631, 0.58418965, 0.5435679 , 0.51207528, 0.59286084,
       0.36499454, 0.42554932, 0.68399212, 0.58496685, 0.51977332,
       0.5107797 , 0.33318633, 0.52471358, 0.57483208, 0.66021172,
       0.34804265, 0.62271803, 0.55324449, 0.5162273 , 0.56002967,
       0.5156054 , 0.58111235, 0.6900579 , 0.49519853, 0.55989514,
       0.44457598, 0.52455332, 0.41169961, 0.4199145 , 0.4006547 ,
       0.56290916, 0.56396759, 0.26005591, 0.57397931, 0.58813093,
       0.45166142, 0.46498858, 0.39490538, 0.43657532, 0.44300223,
       0.40683794, 0.61967235, 0.52654167, 0.59574193, 0.55387078,
       0.5535232 , 0.52931058, 0.56508036, 0.67839873, 0.51192494,
       0.59415403, 0.64891408, 0.42559616, 0.56922948, 0.38081476,
       0.64410046, 0.49908654, 0.33564372, 0.52086257, 0.45255882,
       0.43029712, 0.38602595, 0.65168654, 0.34268893, 0.52248296,
       0.48054519, 0.50983017, 0.54642099, 0.54163986, 0.42268052,
       0.59280172, 0.67049848, 0.40978032, 0.56692658, 0.4932546 ,
       0.42506626, 0.68496785, 0.42221035, 0.43444179, 0.41814657,
       0.5429703 , 0.41631272, 0.42309583, 0.47384432, 0.50771645,
       0.5004768 , 0.63666223, 0.62274989, 0.52111035, 0.34396837,
       0.55154137, 0.48315733, 0.67108832, 0.53482876, 0.53543318,
       0.37025349, 0.63230255, 0.30419554, 0.60790827, 0.56253647,
       0.52835614, 0.47859343, 0.46444094, 0.47606848, 0.65384438,
       0.52314202, 0.44892684, 0.46878959, 0.54549078, 0.58662683,
       0.62178374, 0.38493789, 0.63053393, 0.49496152, 0.47117599,
       0.56178748, 0.41241713, 0.65382821, 0.68056793, 0.50213682,
       0.60821281, 0.46783983, 0.5178115 , 0.52169885, 0.55530322,
       0.27775469, 0.4032996 , 0.64904243, 0.6786588 , 0.45683683,
       0.45284785, 0.48420565, 0.54825821, 0.38844606, 0.41617178,
       0.69020454, 0.56699594, 0.51709876, 0.53124887, 0.48527562,
       0.53629648, 0.46129013, 0.57391911, 0.51252745, 0.57620105,
       0.62071379, 0.54490834, 0.57078685, 0.65271497, 0.42427358,
       0.63254582, 0.66058566, 0.64952209, 0.55734561, 0.61319172,
       0.55443848, 0.53624236, 0.52972165, 0.48187501, 0.44831063,
       0.44285114, 0.63624317, 0.48994411, 0.5726983 , 0.50426869,
       0.56864561, 0.40334108, 0.42425461, 0.40281804, 0.48052366,
       0.66348822, 0.64150745, 0.56595744, 0.50746195, 0.34627595,
       0.45322329, 0.50167439, 0.69590794, 0.45237522, 0.54638943,
       0.3432391 , 0.59155869, 0.406196  , 0.42435632, 0.59517809,
       0.49455766, 0.23051979, 0.66786218, 0.50835454, 0.5254109 ,
       0.49514374, 0.56224387, 0.52074506, 0.49778164, 0.51589701,
       0.67586476, 0.49013241, 0.6299423 , 0.67761588, 0.53301906,
       0.59823194, 0.52618958, 0.50697273, 0.6327945 , 0.61443963,
       0.28757603, 0.55988677, 0.43941365, 0.47708428, 0.47537061,
       0.43778864, 0.67508914, 0.67284371, 0.56761093, 0.53781595,
       0.53299716, 0.56595289, 0.69616397, 0.49265777, 0.50623124,
       0.46662318, 0.44648783, 0.49955476, 0.45758838, 0.44894639,
       0.49944247, 0.42102072, 0.5123869 , 0.68525564, 0.52541239,
       0.43338462, 0.5137231 , 0.6917732 , 0.48873446, 0.42634391,
       0.59878013, 0.64629039, 0.61125657, 0.55386429, 0.67631372,
       0.49955956, 0.46068963, 0.47430739, 0.43202701, 0.45058675,
       0.55864312, 0.35427274, 0.37225002, 0.43959851, 0.60772855,
       0.40583561, 0.58352852, 0.4966331 , 0.59835039, 0.49815845,
       0.46825357, 0.37685282, 0.54287916, 0.54346362, 0.39692597,
       0.55252714, 0.56719762, 0.59143296, 0.61052584, 0.48182105,
       0.58354912, 0.55697165, 0.54789945, 0.43009629, 0.45507893,
       0.42108364, 0.61333658, 0.46270146, 0.47832315, 0.56841912,
       0.55572515, 0.61326532, 0.4942468 , 0.40243418, 0.62215167,
       0.58622678, 0.53068549, 0.54111693, 0.41159345, 0.59558529,
       0.66197659, 0.65023001, 0.51649199, 0.39682107, 0.44122898,
       0.47609736, 0.43003145, 0.45956217, 0.58318665, 0.65712039,
       0.5023393 , 0.4181132 , 0.65657013, 0.63721016, 0.54711899,
       0.61590287, 0.46888611, 0.39219378, 0.57292839, 0.63708758,
       0.5234091 , 0.42030795, 0.59251276, 0.69033037, 0.49762354,
       0.53116329, 0.39418494, 0.56266132, 0.49975522, 0.54828847,
       0.67971187, 0.64657065, 0.6860486 , 0.48131217, 0.67223   ,
       0.48646351, 0.38027913, 0.55780534, 0.47436108, 0.49302261,
       0.68501466, 0.53139297, 0.45475332, 0.66007794, 0.58267036,
       0.51265098, 0.49544802, 0.62607897, 0.55952396, 0.46505337,
       0.62331983, 0.5512003 , 0.37006149, 0.67831023, 0.64848037,
       0.55765166, 0.60221964, 0.36518086, 0.58608084, 0.5182979 ,
       0.50177602, 0.54718186, 0.66813987, 0.5735243 , 0.44993942,
       0.57805589, 0.5947968 , 0.42224371, 0.48071247, 0.68997401,
       0.4790377 , 0.52544222, 0.43884328, 0.68159701, 0.60779103,
       0.56824084, 0.50830981, 0.51388549, 0.4815703 , 0.62525793,
       0.68595767, 0.48155807, 0.45697724, 0.51890166, 0.50244741,
       0.44329948, 0.47000259, 0.41313981, 0.65345625, 0.67037075,
       0.44759183, 0.540482  , 0.42704956, 0.52164274, 0.70851633,
       0.64221788, 0.67740777, 0.57796206, 0.55625223, 0.62269461,
       0.54793015, 0.57705095, 0.4024225 , 0.55842272, 0.57552556,
       0.52066972, 0.43087566, 0.32278223, 0.52608697, 0.68753171,
       0.48232464, 0.46910045, 0.57217812, 0.45710757, 0.50148332,
       0.54407864, 0.5301246 , 0.64206049, 0.61723229, 0.4429807 ,
       0.3656291 , 0.48144788, 0.48218287, 0.43524396, 0.70412017,
       0.61579687, 0.49649143, 0.49018543, 0.50056189, 0.57409404,
       0.37448017, 0.51765115, 0.41829156, 0.28814107, 0.42514731,
       0.56258817, 0.51411017, 0.58545005, 0.68838111, 0.54649206,
       0.39709349, 0.63288623, 0.48049099, 0.46350658, 0.58876026,
       0.46443886, 0.68800956, 0.5635151 , 0.66332076, 0.4459479 ,
       0.64722524, 0.56149016, 0.67478659, 0.5694432 , 0.51557976,
       0.69753381, 0.53317562, 0.47619533, 0.55697977, 0.58692812,
       0.5203632 , 0.60682475, 0.49612949, 0.50878136, 0.68511565,
       0.57234485, 0.42133617, 0.51375621, 0.61472873, 0.61717005,
       0.37990063, 0.47375517, 0.63666806, 0.44699847, 0.65770766,
       0.47728097, 0.46517733, 0.41672828, 0.66866851, 0.5346653 ,
       0.69255067, 0.57701574, 0.43926962, 0.62503991, 0.47190067,
       0.45366126, 0.45085193, 0.61348924, 0.51964313, 0.66290812,
       0.68954065, 0.53262553, 0.5571447 , 0.50962299, 0.43952983,
       0.48816237, 0.52792332, 0.43784083, 0.43969671, 0.20420817,
       0.42866207, 0.68147247, 0.50528801, 0.65396548, 0.43175357,
       0.53112086, 0.55620917, 0.45923638, 0.49554462, 0.62034927,
       0.44610709, 0.5070615 , 0.56938598, 0.50346007, 0.54214227,
       0.45884142, 0.5774084 , 0.54046713, 0.38232404, 0.43633766,
       0.48472502, 0.51352441, 0.45349635, 0.43839329, 0.63538188,
       0.60394261, 0.49238988, 0.63426499, 0.55926853, 0.53469863,
       0.38559365, 0.6348637 , 0.44702575, 0.68782218, 0.44826296,
       0.59961062, 0.50261651, 0.50548779, 0.52586281, 0.5076816 ,
       0.58737804, 0.42413828, 0.61810794, 0.3592667 , 0.34254331,
       0.53566548, 0.31969705, 0.54446703, 0.61711583, 0.69206687,
       0.50123364, 0.670526  , 0.4913615 , 0.53611363, 0.51725306,
       0.44069481, 0.28529965, 0.6092827 , 0.67141382, 0.50228261,
       0.54696572, 0.54827434, 0.48854753, 0.48571126, 0.46720308,
       0.5401052 , 0.47354843, 0.65471019, 0.3738752 , 0.49126152,
       0.51014051, 0.52349736, 0.41176433, 0.5703265 , 0.59035575,
       0.54032623, 0.46059274, 0.47036706, 0.60582206, 0.45806003,
       0.56465373, 0.53624865, 0.61486946, 0.44201171, 0.5415323 ,
       0.58724276, 0.38983636, 0.56709162, 0.40931704, 0.60807485,
       0.69960837, 0.44959134, 0.62097169, 0.35634936, 0.61456845,
       0.55956521, 0.26341768, 0.42241627, 0.4950467 , 0.46456168,
       0.53551672, 0.49929688, 0.43256581, 0.70309531, 0.59050598,
       0.62896626, 0.58739149, 0.44055407, 0.55226551, 0.56692293,
       0.60141165, 0.48742846, 0.48829043, 0.66841191, 0.5003591 ,
       0.27582039, 0.50081687, 0.3893494 , 0.56080363, 0.48466183,
       0.50548065, 0.52794022, 0.52519302, 0.53873007, 0.56285057,
       0.65878   , 0.44035811, 0.48956374, 0.41109466, 0.4641111 ,
       0.49723577, 0.38633045, 0.57815398, 0.67143229, 0.45334441,
       0.5885411 , 0.615742  , 0.67741555, 0.51677806, 0.64418974,
       0.66412173, 0.59452729, 0.46248801, 0.29625359, 0.55460684,
       0.45690853, 0.48858528, 0.43609334, 0.60918981, 0.58725752,
       0.38769031, 0.56540535, 0.43992822, 0.4826681 , 0.61061468,
       0.44125859, 0.46410688, 0.50032105, 0.49657632, 0.65035682,
       0.43758194, 0.66096513, 0.64697565, 0.47396579, 0.55546695,
       0.5262359 , 0.51796984, 0.51562226, 0.44787983, 0.44149269,
       0.51773306, 0.54505096, 0.4349007 , 0.50278318, 0.41075873,
       0.46806225, 0.50075972, 0.59061499, 0.51990727, 0.47038438,
       0.6829973 , 0.56425758, 0.64303378, 0.56263577, 0.41061821,
       0.54313682, 0.51181469, 0.54748022, 0.50866162, 0.57366728,
       0.50988084, 0.38028929, 0.43018678, 0.5133803 , 0.48128376,
       0.55522258, 0.55341245, 0.64114554, 0.41536365, 0.54000834,
       0.55281311, 0.47582317, 0.62042355, 0.48982264, 0.56277944,
       0.5524449 , 0.61331292, 0.43337205, 0.61397804, 0.5057593 ,
       0.40768414, 0.57517981, 0.50453264, 0.54608068, 0.54065668,
       0.53315712, 0.47101236, 0.62390504, 0.44968257, 0.40658045,
       0.55933677, 0.4884381 , 0.51677474, 0.39974992, 0.57214308,
       0.65068127, 0.40594117, 0.48568979, 0.45774949, 0.55386588,
       0.46416698, 0.66285702, 0.45932114, 0.4993093 , 0.43470713,
       0.67666827, 0.59059762, 0.60547681, 0.58409869, 0.59095862,
       0.57004259, 0.61991977, 0.37803845, 0.58195682, 0.51225565,
       0.53038203, 0.55267768, 0.50652926, 0.42418647, 0.52722607,
       0.53893251, 0.58898709, 0.56318501, 0.47244038, 0.41426665,
       0.52533364, 0.44345437, 0.55827503, 0.60059606, 0.49731681,
       0.48279484, 0.57070045, 0.43178593, 0.47007743, 0.39387766,
       0.45483197, 0.38108161, 0.40591549, 0.56155613, 0.505124  ,
       0.42579436, 0.55236627, 0.52596452, 0.50578659, 0.49274496,
       0.59495777, 0.46816871, 0.64555797, 0.67020327, 0.41217728,
       0.47576142, 0.41274023, 0.46765621, 0.44445972, 0.60894068,
       0.54869157, 0.54043205, 0.4777304 , 0.43223956, 0.58537477,
       0.37940537, 0.33510003, 0.60895116, 0.52412553, 0.66566015,
       0.47855459, 0.44581428, 0.6030525 , 0.42227067, 0.5347941 ,
       0.65244135, 0.66385174, 0.65894143, 0.50131755, 0.62337404,
       0.50518766, 0.63693345, 0.52842931, 0.39639091, 0.42855374,
       0.50965638, 0.41445627, 0.60200122, 0.43039835, 0.        ,
       0.37321059, 0.50562273, 0.64001457, 0.45337622, 0.518305  ,
       0.48131485, 0.56357938, 0.65068788, 0.59770177, 0.58081615,
       0.47357318, 0.58166949, 0.49049362, 0.68251343, 0.38979516,
       0.40011671, 0.53127873, 0.45047745, 0.33337038, 0.53389872,
       0.53407844, 0.44069648, 0.53358184, 0.62214307, 0.56492968,
       0.52829014, 0.4253385 , 0.56396646, 0.3437161 , 0.54960593,
       0.49534145, 0.65228838, 0.54456483, 0.68221131, 0.65792662,
       0.34539376, 0.43377826, 0.68668895, 0.64017251, 0.53389151,
       0.41954595, 0.66908619, 0.5301333 , 0.45422712, 0.52448415,
       0.55778482, 0.49955147, 0.45477439, 0.60021624, 0.57910274,
       0.65165794, 0.451677  , 0.46173735, 0.47363367, 0.39082515,
       0.52366882, 0.51762221, 0.47285772, 0.6311773 , 0.44471715,
       0.54607722, 0.67569325, 0.36013035, 0.4645753 , 0.35456729,
       0.51747529, 0.50008893, 0.56913072, 0.48535109, 0.51385729,
       0.50164296, 0.40541795, 0.37690849, 0.43888131, 0.36222177,
       0.62527501, 0.43612892, 0.68370303, 0.57681442, 0.65813323,
       0.36285817, 0.58116343, 0.57274516, 0.60596193]), 'delta_distances': array([0., 0., 0., 0., 0., 0., 0., 0., 0., 0., 0., 0., 0., 0., 0., 0., 0.,
       0., 0., 0., 0., 0., 0., 0., 0., 0., 0., 0., 0., 0., 0., 0., 0., 0.,
       0., 0., 0., 0., 0., 0., 0., 0., 0., 0., 0., 0., 0., 0., 0., 0., 0.,
       0., 0., 0., 0., 0., 0., 0., 0., 0., 0., 0., 0., 0., 0., 0., 0., 0.,
       0., 0., 0., 0., 0., 0., 0., 0., 0., 0., 0., 0., 0., 0., 0., 0., 0.,
       0., 0., 0., 0., 0., 0., 0., 0., 0., 0., 0., 0., 0., 0., 0., 0., 0.,
       0., 0., 0., 0., 0., 0., 0., 0., 0., 0., 0., 0., 0., 0., 0., 0., 0.,
       0., 0., 0., 0., 0., 0., 0., 0., 0., 0., 0., 0., 0., 0., 0., 0., 0.,
       0., 0., 0., 0., 0., 0., 0., 0., 0., 0., 0., 0., 0., 0., 0., 0., 0.,
       0., 0., 0., 0., 0., 0., 0., 0., 0., 0., 0., 0., 0., 0., 0., 0., 0.,
       0., 0., 0., 0., 0., 0., 0., 0., 0., 0., 0., 0., 0., 0., 0., 0., 0.,
       0., 0., 0., 0., 0., 0., 0., 0., 0., 0., 0., 0., 0., 0., 0., 0., 0.,
       0., 0., 0., 0., 0., 0., 0., 0., 0., 0., 0., 0., 0., 0., 0., 0., 0.,
       0., 0., 0., 0., 0., 0., 0., 0., 0., 0., 0., 0., 0., 0., 0., 0., 0.,
       0., 0., 0., 0., 0., 0., 0., 0., 0., 0., 0., 0., 0., 0., 0., 0., 0.,
       0., 0., 0., 0., 0., 0., 0., 0., 0., 0., 0., 0., 0., 0., 0., 0., 0.,
       0., 0., 0., 0., 0., 0., 0., 0., 0., 0., 0., 0., 0., 0., 0., 0., 0.,
       0., 0., 0., 0., 0., 0., 0., 0., 0., 0., 0., 0., 0., 0., 0., 0., 0.,
       0., 0., 0., 0., 0., 0., 0., 0., 0., 0., 0., 0., 0., 0., 0., 0., 0.,
       0., 0., 0., 0., 0., 0., 0., 0., 0., 0., 0., 0., 0., 0., 0., 0., 0.,
       0., 0., 0., 0., 0., 0., 0., 0., 0., 0., 0., 0., 0., 0., 0., 0., 0.,
       0., 0., 0., 0., 0., 0., 0., 0., 0., 0., 0., 0., 0., 0., 0., 0., 0.,
       0., 0., 0., 0., 0., 0., 0., 0., 0., 0., 0., 0., 0., 0., 0., 0., 0.,
       0., 0., 0., 0., 0., 0., 0., 0., 0., 0., 0., 0., 0., 0., 0., 0., 0.,
       0., 0., 0., 0., 0., 0., 0., 0., 0., 0., 0., 0., 0., 0., 0., 0., 0.,
       0., 0., 0., 0., 0., 0., 0., 0., 0., 0., 0., 0., 0., 0., 0., 0., 0.,
       0., 0., 0., 0., 0., 0., 0., 0., 0., 0., 0., 0., 0., 0., 0., 0., 0.,
       0., 0., 0., 0., 0., 0., 0., 0., 0., 0., 0., 0., 0., 0., 0., 0., 0.,
       0., 0., 0., 0., 0., 0., 0., 0., 0., 0., 0., 0., 0., 0., 0., 0., 0.,
       0., 0., 0., 0., 0., 0., 0., 0., 0., 0., 0., 0., 0., 0., 0., 0., 0.,
       0., 0., 0., 0., 0., 0., 0., 0., 0., 0., 0., 0., 0., 0., 0., 0., 0.,
       0., 0., 0., 0., 0., 0., 0., 0., 0., 0., 0., 0., 0., 0., 0., 0., 0.,
       0., 0., 0., 0., 0., 0., 0., 0., 0., 0., 0., 0., 0., 0., 0., 0., 0.,
       0., 0., 0., 0., 0., 0., 0., 0., 0., 0., 0., 0., 0., 0., 0., 0., 0.,
       0., 0., 0., 0., 0., 0., 0., 0., 0., 0., 0., 0., 0., 0., 0., 0., 0.,
       0., 0., 0., 0., 0., 0., 0., 0., 0., 0., 0., 0., 0., 0., 0., 0., 0.,
       0., 0., 0., 0., 0., 0., 0., 0., 0., 0., 0., 0., 0., 0., 0., 0., 0.,
       0., 0., 0., 0., 0., 0., 0., 0., 0., 0., 0., 0., 0., 0., 0., 0., 0.,
       0., 0., 0., 0., 0., 0., 0., 0., 0., 0., 0., 0., 0., 0., 0., 0., 0.,
       0., 0., 0., 0., 0., 0., 0., 0., 0., 0., 0., 0., 0., 0., 0., 0., 0.,
       0., 0., 0., 0., 0., 0., 0., 0., 0., 0., 0., 0., 0., 0., 0., 0., 0.,
       0., 0., 0., 0., 0., 0., 0., 0., 0., 0., 0., 0., 0., 0., 0., 0., 0.,
       0., 0., 0., 0., 0., 0., 0., 0., 0., 0., 0., 0., 0., 0., 0., 0., 0.,
       0., 0., 0., 0., 0., 0., 0., 0., 0., 0., 0., 0., 0., 0., 0., 0., 0.,
       0., 0., 0., 0., 0., 0., 0., 0., 0., 0., 0., 0., 0., 0., 0., 0., 0.,
       0., 0., 0., 0., 0., 0., 0., 0., 0., 0., 0., 0., 0., 0., 0., 0., 0.,
       0., 0., 0., 0., 0., 0., 0., 0., 0., 0., 0., 0., 0., 0., 0., 0., 0.,
       0., 0., 0., 0., 0., 0., 0., 0., 0., 0., 0., 0., 0., 0., 0., 0., 0.,
       0., 0., 0., 0., 0., 0., 0., 0., 0., 0., 0., 0., 0., 0., 0., 0., 0.,
       0., 0., 0., 0., 0., 0., 0., 0., 0., 0., 0., 0., 0., 0., 0., 0., 0.,
       0., 0., 0., 0., 0., 0., 0., 0., 0., 0., 0., 0., 0., 0., 0., 0., 0.,
       0., 0., 0., 0., 0., 0., 0., 0., 0., 0., 0., 0., 0., 0., 0., 0., 0.]), 'locations': array([25, 19, 19, 26, 21, 19, 18, 14, 22, 20, 25, 18, 25, 23, 26, 23, 20,
       22, 21, 22, 21, 27, 56, 23, 23, 23, 25, 18, 20, 19, 22, 18, 20, 24,
       25, 21, 23, 24, 23, 21, 22, 18, 25, 25, 24, 25, 25, 21, 14, 22, 25,
       18, 25, 24, 22, 20, 19, 19, 22, 25, 19, 23, 16, 20, 21, 21, 22, 25,
       25, 20, 19, 15, 20, 20, 25, 22,  3, 23, 19, 20, 23, 23, 24, 19, 20,
       23, 16, 19, 24, 21, 26, 23, 23, 25, 23, 20, 18, 20, 18, 20, 26, 20,
       22, 21, 25, 20, 19, 24, 21, 23, 21, 19, 20, 20, 25, 17, 21, 20, 22,
       19, 26, 25, 22, 21, 20, 18, 22, 20, 18, 23, 23, 24, 19, 23, 21, 98,
       23, 25, 26, 25, 23, 20, 25, 20, 24, 17, 17, 22, 20, 22, 23, 23, 94,
       22, 20, 20, 26, 25, 19, 20, 25, 15, 22, 23, 21, 24, 20, 24, 19, 22,
       14, 24, 20, 22, 19, 20, 22, 94, 24, 19, 20, 17, 22, 22, 21, 20, 22,
       24, 21, 19, 24, 20, 25, 25, 20, 17, 21, 23, 98, 19, 20, 20, 21, 26,
       25, 21, 24, 20, 23, 23, 19, 86, 90, 21, 18, 21, 24, 98, 25, 22, 23,
       23, 26, 24, 21, 21, 24, 23, 24, 23, 21, 25, 13, 25, 19, 26, 16, 23,
       24, 91, 20, 22, 19, 23, 20, 19, 23, 25, 22, 25, 19, 19, 21, 23, 22,
       21, 24, 19, 19, 22, 20, 25, 23, 19, 23, 21, 23, 24, 23, 19, 21, 20,
       20, 23, 18, 23, 25, 23, 21, 18, 25, 24, 22, 22, 26, 25, 17, 22, 21,
       22, 25, 20, 19, 21, 50, 21, 24, 25, 17, 20, 24, 23, 22, 20, 24, 19,
       22, 25, 96, 22, 24, 22, 21, 23, 22, 26, 20, 96, 20, 19, 21, 20, 22,
       24, 25, 18, 21, 24, 23, 26, 19, 22, 24, 22, 19, 25, 26, 23, 25, 24,
       20, 17, 21, 20, 21, 25, 24, 16, 23, 23, 21, 26, 21, 22,  4, 25, 22,
       21, 93, 27, 22, 22, 22, 21, 23,  6, 22, 23, 24, 24, 25, 24, 18,  5,
        2, 21, 22, 24, 20, 16, 23, 99, 25, 24, 17, 25, 26, 20, 22, 21, 19,
       23, 21, 20, 18, 22, 19, 23, 21, 19, 21, 23, 19, 21, 22, 21, 22, 22,
       23, 16, 22, 21, 19, 24, 21, 21, 21, 22, 20, 19, 21, 20, 19, 90, 23,
       20, 23, 21, 19, 25, 22, 92, 20, 21, 20, 14, 20,  4, 21, 19,  7, 22,
       24, 18, 23, 26, 22, 22, 22,  4, 23, 22, 22, 23, 23, 20, 25, 21, 21,
       22, 24, 20, 23, 93, 23, 10, 21, 20, 17, 20, 21, 20, 19, 21, 18, 16,
       20, 19, 18, 20, 24, 19, 24, 21, 19, 24, 99, 24, 27, 20, 23, 22, 20,
       21, 22, 19, 25, 22, 22, 19, 21, 24, 22, 19, 25, 24, 26, 22, 22, 24,
       18, 22, 22, 18, 24, 25, 17, 24, 95, 25, 23, 27, 20, 24, 19, 23, 21,
       20, 21, 20, 22, 20, 24, 19, 98, 21, 14, 20, 25, 25, 20, 20, 21, 96,
       22, 18, 20, 19, 19, 25, 20, 20, 21, 20, 20, 26, 20, 22, 25, 20, 23,
       22, 21, 23, 21, 20, 22, 24, 21, 24, 19, 19, 21, 21, 20,  8, 25, 23,
       21, 21, 22, 21, 25, 25, 22, 19, 22, 25, 87, 23, 25, 21, 22, 25, 17,
       23, 23, 19, 90, 22, 23, 22, 19, 18, 22, 25, 25, 23, 21, 24, 18, 26,
       22, 19, 21, 20, 21, 22, 25, 25, 18, 24,  5, 19, 24, 90, 20, 19, 22,
       26, 20, 24, 21, 24, 22, 19, 22, 21, 24, 26, 19, 21, 26, 21, 17, 22,
       94, 23, 21, 23, 22, 22, 24, 22, 22, 22, 19, 20, 19, 20, 20, 20, 19,
       22, 23, 14, 19, 21, 26, 21, 23, 25, 23, 19, 20, 22, 22, 20, 20, 22,
       23, 20, 23, 24, 26, 21, 20, 24, 23, 20, 24, 20, 21, 18, 20, 25, 23,
       19, 22, 24, 24, 20, 19, 24, 21, 23, 23, 22, 23, 18, 19, 20, 19, 20,
       22, 22, 19, 24, 26, 24,  5, 18, 19, 26, 26, 26, 17, 22, 25, 20, 21,
       19, 21, 21, 24, 24, 22, 21, 25, 20, 24, 21, 19, 24, 20, 21, 25, 22,
       21, 22, 21, 20, 24, 18, 24, 20, 20, 22, 23, 25, 18, 20, 99, 25, 21,
       19, 21, 21, 24, 18, 19, 21, 23, 19, 19, 21, 19, 22, 25, 93, 22, 21,
       24, 21, 25, 22, 24, 15, 23, 18, 20, 26, 24, 20, 21, 25, 22, 21, 25,
       21, 25, 22, 97, 20, 21, 20, 22, 25, 16, 27, 23, 23, 22,  5, 21, 26,
       18, 22, 21, 26, 21, 22, 26, 23, 23, 21, 25, 21, 20, 22, 18, 21, 18,
       98, 99, 19, 25,  7, 23, 19, 24, 26, 26, 23, 24, 22, 25, 21, 23, 19,
       22, 20, 24, 19, 20, 20, 25, 21, 24, 23, 24, 13, 23, 26, 20, 22, 18,
       23, 25, 21, 22, 23, 20, 18, 25, 21, 21, 92, 19, 16, 20, 20, 24, 21])}, {'ts_index': 381, 'loc': 18, 'gap': 0.08358770996916787, 'distances': array([0.3654134 , 0.14239999, 0.48140593, 0.17707504, 0.46719855,
       0.51810908, 0.51718312, 0.55182241, 0.30101323, 0.5406488 ,
       0.49932407, 0.52267251, 0.557313  , 0.27577598, 0.42811478,
       0.49634253, 0.54061941, 0.35412712, 0.47142712, 0.36069516,
       0.4561989 , 0.47997558, 0.35176799, 0.33460408, 0.45812499,
       0.41919518, 0.44911104, 0.33575879, 0.38256202, 0.52121901,
       0.50720111, 0.26117756, 0.37934726, 0.3505078 , 0.3767271 ,
       0.53895573, 0.55488723, 0.38515209, 0.42610707, 0.18462591,
       0.33148229, 0.27255452, 0.5924851 , 0.24728704, 0.60929257,
       0.4092023 , 0.25847379, 0.45925302, 0.33274353, 0.58663728,
       0.2599237 , 0.28243954, 0.22449024, 0.56906898, 0.38489164,
       0.41384864, 0.20145889, 0.51816303, 0.55703735, 0.30760799,
       0.28275629, 0.43578302, 0.22313475, 0.52404143, 0.3791522 ,
       0.38831568, 0.41868805, 0.29507422, 0.45233152, 0.32461466,
       0.38355291, 0.        , 0.52827011, 0.25742096, 0.34178406,
       0.34753247, 0.32718938, 0.47149444, 0.26647155, 0.40684411,
       0.39210909, 0.48632251, 0.50874743, 0.3863215 , 0.38663813,
       0.53366557, 0.22049449, 0.37108227, 0.41865884, 0.45815092,
       0.46013319, 0.49807428, 0.39148415, 0.4856725 , 0.33521612,
       0.54074096, 0.46565438, 0.41020826, 0.31955323, 0.47445658,
       0.287252  , 0.51806472, 0.23084765, 0.49346329, 0.2675261 ,
       0.42071956, 0.48403512, 0.3733081 , 0.56609146, 0.42447323,
       0.27526499, 0.27953374, 0.41428929, 0.44739833, 0.50908413,
       0.23120725, 0.47566106, 0.37278712, 0.4418843 , 0.59348639,
       0.40382729, 0.53662994, 0.22094976, 0.57471048, 0.44883312,
       0.42897132, 0.1713984 , 0.27874145, 0.54337468, 0.2860441 ,
       0.52109172, 0.32869416, 0.16268232, 0.33092077, 0.41063452,
       0.50536794, 0.29660201, 0.4510892 , 0.16541909, 0.19740253,
       0.45595335, 0.14016585, 0.52869251, 0.2050379 , 0.50452689,
       0.46439088, 0.51940461, 0.55380734]), 'delta_distances': array([0., 0., 0., 0., 0., 0., 0., 0., 0., 0., 0., 0., 0., 0., 0., 0., 0.,
       0., 0., 0., 0., 0., 0., 0., 0., 0., 0., 0., 0., 0., 0., 0., 0., 0.,
       0., 0., 0., 0., 0., 0., 0., 0., 0., 0., 0., 0., 0., 0., 0., 0., 0.,
       0., 0., 0., 0., 0., 0., 0., 0., 0., 0., 0., 0., 0., 0., 0., 0., 0.,
       0., 0., 0., 0., 0., 0., 0., 0., 0., 0., 0., 0., 0., 0., 0., 0., 0.,
       0., 0., 0., 0., 0., 0., 0., 0., 0., 0., 0., 0., 0., 0., 0., 0., 0.,
       0., 0., 0., 0., 0., 0., 0., 0., 0., 0., 0., 0., 0., 0., 0., 0., 0.,
       0., 0., 0., 0., 0., 0., 0., 0., 0., 0., 0., 0., 0., 0., 0., 0., 0.,
       0., 0., 0., 0., 0., 0., 0., 0., 0., 0., 0., 0.]), 'locations': array([20, 17, 23, 17, 19, 20, 19, 22, 20, 18, 20, 17, 16, 18, 19, 18, 15,
       16, 22, 19, 16, 21, 19, 21, 16, 19, 19, 19, 17, 17, 19, 18, 17, 20,
       19, 16, 18, 14, 17, 22, 17, 16,  1, 20, 92, 20, 18, 17, 19, 23, 18,
       20, 20, 47, 17, 23, 20, 18, 21, 20, 19, 20, 17, 50, 18, 19, 18, 17,
       17, 19, 17, 18, 24, 19, 20, 20, 19, 18, 21, 15, 18, 19, 15, 17, 24,
       17, 17, 20, 19, 19, 18, 22, 16, 17, 17, 19, 21, 16, 22, 19, 17, 18,
       18, 20, 17, 49, 17, 14, 17, 22, 16, 19, 21, 17, 19, 19, 18, 18, 17,
       16, 20, 14, 19, 18, 18, 18, 19, 17, 49, 22, 14, 18, 21, 15, 21, 18,
       18, 20, 19, 19, 20, 19, 14, 17, 14, 24, 27, 17])}, {'ts_index': 228, 'loc': 19, 'gap': 0.03519621383405247, 'distances': array([0.36052049, 0.34814074, 0.32994684, 0.38614468, 0.42855191,
       0.39308831, 0.36901707, 0.42851274, 0.38277547, 0.37728454,
       0.41134064, 0.38502959, 0.39129402, 0.40665834, 0.38181466,
       0.37460813, 0.39765517, 0.35889542, 0.42307901, 0.41024941,
       0.38346586, 0.36217595, 0.36936387, 0.26375087, 0.3736041 ,
       0.41897551, 0.30492975, 0.40647228, 0.31530644, 0.37078563,
       0.33340509, 0.38758905, 0.40392008, 0.24487454, 0.43773907,
       0.        , 0.41208482, 0.41306526, 0.32978716, 0.35065968,
       0.35986376, 0.43812302, 0.42041078, 0.19226787, 0.3282243 ,
       0.38652186, 0.3884126 , 0.40034125, 0.34712074, 0.29356975,
       0.37381988, 0.37487348, 0.42825509, 0.4233242 , 0.34269828,
       0.36377931, 0.35033582, 0.29858215, 0.20186783, 0.4112013 ,
       0.29741863, 0.26904155, 0.39469316, 0.39107096, 0.34117053,
       0.37548368, 0.30043444, 0.40109707, 0.36380795, 0.3815491 ,
       0.39492072, 0.32575139, 0.37668695, 0.36274802, 0.31265862,
       0.35867271, 0.39815934, 0.37907961, 0.42875825, 0.31635303,
       0.25436161, 0.40275852, 0.36511077, 0.32976235, 0.28884262,
       0.28161853, 0.39379392, 0.40114086, 0.38351909, 0.34967337,
       0.36407426, 0.41383641, 0.30124606, 0.21706838, 0.42115577,
       0.35168141, 0.31064272, 0.42036184, 0.28149627, 0.25437554,
       0.3682992 , 0.35952115, 0.21205137, 0.25872009, 0.38630148,
       0.40475076, 0.26888759, 0.36907124, 0.36194356, 0.23330472,
       0.38631601, 0.36710373, 0.37909786]), 'delta_distances': array([0., 0., 0., 0., 0., 0., 0., 0., 0., 0., 0., 0., 0., 0., 0., 0., 0.,
       0., 0., 0., 0., 0., 0., 0., 0., 0., 0., 0., 0., 0., 0., 0., 0., 0.,
       0., 0., 0., 0., 0., 0., 0., 0., 0., 0., 0., 0., 0., 0., 0., 0., 0.,
       0., 0., 0., 0., 0., 0., 0., 0., 0., 0., 0., 0., 0., 0., 0., 0., 0.,
       0., 0., 0., 0., 0., 0., 0., 0., 0., 0., 0., 0., 0., 0., 0., 0., 0.,
       0., 0., 0., 0., 0., 0., 0., 0., 0., 0., 0., 0., 0., 0., 0., 0., 0.,
       0., 0., 0., 0., 0., 0., 0., 0., 0., 0., 0.]), 'locations': array([21, 25, 21, 25, 96, 15, 22,  5, 17, 19,  4, 21, 98, 99, 16, 22, 16,
       17, 99, 16, 20, 18, 19, 18, 21,  1, 19, 21, 19, 19, 21, 18, 99, 16,
       94, 19,  3, 94, 22, 17, 21,  4, 16, 19, 17, 19, 95, 18, 17, 20, 20,
       21, 93, 95, 21, 18, 26, 22, 19, 94, 20, 17, 20, 16, 17, 22, 18, 86,
       18, 19, 90, 20, 18, 18, 19, 19, 16, 19,  0, 24, 20, 19, 20, 21, 18,
       16, 22, 20, 20, 17, 17,  2, 20, 19, 16, 16, 16, 96, 20, 20, 49, 16,
       20, 17, 23,  3, 21, 19, 19, 16, 26, 20, 21])}], 'clusters': array([1, 1, 1, 1, 1, 1, 1, 0, 1, 1, 1, 1, 1, 1, 2, 1, 0, 1, 1, 1, 1, 1,
       2, 1, 1, 1, 1, 1, 1, 1, 1, 1, 1, 1, 1, 1, 1, 1, 1, 1, 1, 0, 1, 1,
       1, 1, 1, 1, 0, 1, 1, 0, 1, 1, 1, 0, 1, 1, 1, 1, 1, 1, 0, 1, 1, 1,
       1, 1, 1, 1, 1, 0, 1, 1, 1, 1, 0, 1, 1, 1, 1, 1, 1, 1, 1, 1, 0, 0,
       1, 1, 1, 1, 2, 1, 1, 1, 0, 1, 1, 1, 1, 1, 1, 1, 0, 1, 1, 1, 1, 1,
       0, 1, 0, 1, 1, 1, 1, 0, 0, 1, 1, 1, 1, 1, 1, 1, 1, 0, 0, 1, 1, 1,
       1, 1, 1, 0, 1, 1, 1, 1, 1, 1, 1, 1, 1, 0, 1, 1, 0, 1, 0, 3, 0, 1,
       1, 1, 1, 1, 1, 1, 1, 0, 1, 1, 1, 1, 1, 1, 1, 1, 0, 0, 1, 1, 1, 1,
       1, 2, 1, 1, 1, 1, 1, 1, 1, 1, 1, 0, 1, 1, 1, 1, 1, 1, 1, 0, 1, 0,
       0, 1, 1, 1, 1, 0, 1, 1, 1, 1, 1, 1, 1, 3, 0, 1, 1, 1, 1, 2, 1, 1,
       1, 1, 1, 1, 1, 1, 1, 1, 3, 1, 1, 1, 2, 1, 1, 1, 0, 1, 1, 2, 1, 1,
       1, 1, 1, 1, 1, 1, 1, 1, 1, 1, 1, 1, 1, 1, 1, 1, 1, 1, 1, 1, 1, 1,
       1, 1, 1, 1, 1, 1, 1, 1, 1, 1, 1, 1, 1, 1, 1, 0, 1, 1, 1, 1, 1, 0,
       2, 1, 1, 1, 1, 1, 1, 1, 0, 1, 1, 0, 0, 1, 1, 1, 1, 1, 2, 1, 1, 1,
       2, 1, 1, 1, 1, 1, 1, 2, 0, 3, 1, 0, 1, 1, 1, 1, 1, 2, 1, 1, 0, 1,
       1, 1, 0, 1, 1, 0, 1, 1, 2, 0, 1, 1, 1, 1, 1, 1, 1, 2, 1, 1, 1, 1,
       1, 1, 3, 1, 1, 1, 0, 1, 1, 1, 1, 1, 0, 0, 1, 1, 1, 1, 1, 1, 1, 2,
       0, 1, 1, 1, 1, 0, 0, 2, 1, 1, 0, 1, 1, 1, 1, 1, 1, 1, 1, 1, 2, 1,
       1, 1, 1, 1, 1, 1, 3, 1, 1, 1, 1, 1, 1, 3, 1, 1, 1, 1, 1, 1, 1, 1,
       1, 1, 1, 1, 1, 0, 1, 1, 3, 1, 1, 1, 1, 2, 1, 3, 1, 0, 1, 0, 1, 1,
       0, 1, 1, 1, 1, 1, 1, 1, 1, 0, 1, 1, 1, 1, 1, 1, 1, 3, 1, 0, 1, 1,
       1, 2, 1, 0, 1, 1, 0, 1, 1, 1, 1, 1, 0, 0, 1, 1, 1, 1, 1, 1, 1, 1,
       1, 1, 0, 1, 0, 1, 1, 1, 1, 1, 0, 1, 1, 1, 1, 1, 1, 1, 1, 1, 1, 1,
       1, 1, 1, 0, 1, 1, 0, 1, 1, 1, 0, 1, 0, 1, 1, 1, 1, 1, 1, 1, 1, 1,
       1, 1, 1, 1, 1, 1, 0, 1, 3, 1, 1, 1, 1, 1, 1, 2, 1, 1, 1, 1, 1, 1,
       1, 1, 0, 1, 1, 1, 1, 1, 1, 1, 1, 1, 1, 1, 1, 1, 1, 1, 1, 1, 1, 1,
       1, 1, 1, 2, 1, 0, 1, 1, 1, 1, 1, 1, 1, 1, 1, 1, 2, 1, 0, 1, 1, 1,
       1, 1, 1, 1, 3, 1, 1, 1, 1, 1, 1, 1, 1, 1, 1, 1, 3, 1, 1, 1, 1, 1,
       1, 1, 0, 1, 1, 1, 0, 1, 2, 2, 1, 1, 1, 1, 1, 1, 1, 1, 1, 1, 1, 1,
       1, 1, 1, 1, 1, 1, 0, 1, 0, 0, 1, 1, 1, 1, 1, 1, 1, 1, 1, 1, 1, 1,
       1, 1, 1, 1, 1, 2, 1, 0, 1, 1, 1, 1, 1, 1, 1, 1, 1, 1, 1, 1, 1, 1,
       0, 1, 1, 1, 1, 3, 1, 1, 1, 1, 1, 1, 1, 1, 1, 1, 1, 1, 1, 1, 0, 1,
       1, 1, 1, 1, 1, 1, 0, 1, 1, 1, 1, 1, 0, 1, 1, 1, 2, 1, 1, 1, 1, 1,
       0, 1, 1, 1, 1, 1, 1, 1, 1, 1, 1, 1, 1, 1, 1, 1, 1, 1, 1, 1, 1, 1,
       1, 1, 1, 1, 1, 1, 1, 1, 1, 1, 1, 1, 1, 1, 3, 3, 1, 1, 1, 1, 1, 1,
       1, 1, 1, 1, 1, 1, 1, 1, 1, 2, 1, 1, 1, 1, 1, 2, 0, 2, 1, 0, 1, 3,
       1, 1, 1, 1, 1, 1, 1, 1, 1, 1, 2, 1, 1, 1, 1, 3, 1, 1, 1, 1, 1, 0,
       1, 1, 1, 1, 1, 1, 1, 1, 1, 0, 1, 1, 1, 1, 1, 1, 1, 2, 1, 3, 2, 1,
       1, 2, 0, 1, 1, 2, 1, 1, 1, 1, 1, 1, 1, 1, 0, 1, 1, 1, 1, 1, 1, 1,
       2, 1, 1, 3, 1, 1, 1, 1, 1, 1, 1, 1, 1, 1, 1, 1, 1, 0, 1, 0, 1, 0,
       1, 1, 1, 1]), 'time': 720.601197719574}
