lenSubsequence: 5{'RI': 0.6070631123262702, 'num_clusters': 4, 'uShapelets': [{'ts_index': 1, 'loc': 72, 'gap': 1.5348588716331673, 'distances': array([13.5042394,  0.       , 13.0341198,  8.968924 , 10.630492 ,
       13.2803888, 13.5341826, 13.2440288, 15.0465012, 14.3311562,
       12.2683412,  7.405682 , 14.6914414, 16.069406 ,  8.6002776,
       15.3002496,  9.8219742, 14.5254474, 16.0094192, 13.8040312,
       13.518388 , 15.4577918, 12.8932248, 14.3705488,  3.93175  ,
       10.3766788,  9.6991862, 15.5024294, 15.9032766, 16.0688496,
       17.792427 , 13.368626 , 15.9576212, 12.7659164,  7.2300362,
       13.840584 , 15.5229558, 18.6577112, 11.2224114, 14.2730612,
       14.5423428, 10.739556 , 10.6184088, 17.263407 , 15.5780884,
        7.0400996, 14.687322 ,  8.137227 , 10.8793742,  7.5789862,
       13.946595 , 10.4774474, 10.3213456, 12.7939146,  9.9773094,
       13.403582 ,  9.3352962, 14.4155494, 11.1682602, 10.7503962,
        7.7212902, 17.1595262, 11.1536132, 17.0466528, 11.8116582,
       14.7895686, 14.3868778, 12.876811 , 14.6288526,  9.3928464,
       11.7161384, 15.610942 , 14.9690394, 15.663442 , 15.6139294,
       14.0338632, 12.642737 ,  9.6451484, 14.114735 , 15.3192606,
       13.3725754, 13.0320092, 15.2415986, 12.092902 , 14.4848462,
       12.5817098, 12.6778556, 12.593385 , 17.217053 , 12.4057952,
       15.9445488, 18.1283288, 17.1246898, 13.7589514, 12.9111194,
       15.7106764, 12.9926548, 10.7617622, 13.8767646,  9.68475  ,
       16.3527936,  8.2545202, 13.8659692, 13.8968932, 15.2293312,
        9.4359154, 14.1075828, 11.5701602,  9.6273482, 10.1735082,
       16.4513086, 11.727199 , 10.6662076, 14.9795182, 15.4671926,
       13.485868 , 15.3452776, 14.7831382, 14.6512664, 16.9751958,
       15.4673438, 15.5487908, 15.4942546, 14.0036868, 11.9190568,
       10.5221086, 16.361775 , 13.9845882, 14.440778 , 15.19904  ,
       12.6594806, 13.478734 , 15.6668718, 14.6141454, 15.9253348,
       12.9751872, 14.5032874, 10.1680642, 13.6974458, 13.222684 ,
       13.071471 , 15.466077 , 14.1088556, 13.3049886, 17.3689674,
       13.4098004, 14.7849566, 16.4898752, 15.3843758,  9.6493588,
       12.5929192, 14.3999428, 17.5039494, 16.2968292, 16.4525358,
       14.3596534, 10.8365514,  8.3650652, 15.1421216, 14.4404034,
       13.134496 , 14.3532118, 10.8239626, 15.1152464, 13.2358876,
       15.471048 , 17.2527786, 11.6938376, 13.4659664, 12.37565  ,
       13.3963946, 14.458353 , 15.5245584, 15.3443562, 13.178489 ,
       11.8103382, 15.148407 , 14.9222346, 13.992203 , 10.7057972,
       13.377375 , 10.5929656, 11.0847492,  6.2320454, 12.184333 ,
       12.3918908, 10.8146442, 13.8416684, 10.6509886, 13.6645506,
       13.6838382, 16.9630822,  9.486819 , 13.4920466, 14.1953032,
       12.7452592, 14.357618 , 13.3085438, 13.6022672, 15.1535792,
       13.325387 , 14.5353946, 10.5135654, 14.9387144, 16.3531532,
       11.9525598, 16.216525 , 14.7338604,  9.802944 , 16.6122396]), 'delta_distances': array([27.1561972,  0.       , 27.921622 , 22.4598512, 29.5409936,
       21.7973624, 27.4562896, 30.0993164, 31.5062468, 29.8462184,
       27.467256 , 17.4674396, 30.4953312, 31.9943428, 23.972968 ,
       34.02947  , 19.9791656, 23.6878048, 34.8396796, 30.759838 ,
       35.4655248, 27.6536712, 31.293112 , 31.5689248, 11.8255   ,
       28.7967092, 29.7636968, 31.0398644, 31.8256216, 32.7792   ,
       33.7417976, 27.8847724, 36.9182584, 29.1644848, 23.78621  ,
       32.2512016, 35.4643904, 33.517656 , 28.7876032, 29.7932132,
       29.435496 , 31.170382 , 26.1102   , 33.7488436, 38.6737708,
       25.0280012, 31.7949984, 28.4780548, 30.6820992, 25.2964992,
       30.0918096, 24.7720804, 25.6923252, 28.082048 , 27.0190072,
       28.7240636, 16.2183404, 28.4707532, 25.686902 , 22.4512688,
       28.1476856, 32.7254468, 23.6867984, 31.4505124, 30.6706508,
       43.425936 , 32.3567604, 40.2232124, 27.4458696, 26.4178168,
       38.1614704, 29.6093008, 39.8023948, 26.74281  , 26.1660324,
       35.2123456, 23.8851564, 28.3576132, 28.1488908, 31.3950808,
       27.131168 , 32.4224608, 30.2742484, 26.8893124, 34.4509876,
       32.2925116, 34.2468368, 31.89108  , 33.1806308, 33.4869964,
       34.9281364, 41.1769444, 37.1384056, 32.1915312, 23.4586136,
       37.4858476, 31.690934 , 28.0922764, 27.5438504, 19.8285628,
       34.3767052, 26.7824652, 27.9931224, 27.2297104, 33.7854836,
       31.2589076, 31.70048  , 29.3440208, 22.6289604, 23.234982 ,
       29.340686 , 25.5047628, 24.5285524, 39.0023056, 34.4901428,
       28.927422 , 33.1650744, 28.904078 , 27.8247472, 33.683696 ,
       23.2179136, 28.6884672, 31.87227  , 29.8521024, 26.5409532,
       30.9058248, 30.609402 , 28.3095144, 32.947886 , 32.360816 ,
       31.5789512, 28.9337124, 34.8439904, 28.6977572, 31.8548464,
       29.6783736, 29.0317552, 25.9883752, 30.4845308, 35.1717768,
       32.8738128, 28.5483192, 29.5502504, 34.5582036, 34.9766664,
       40.1273696, 28.2276544, 42.2380284, 32.0446644, 24.8268404,
       33.1124384, 34.0278492, 28.356256 , 30.7731444, 29.7738896,
       34.8334796, 27.2838164, 26.2570924, 29.5683708, 32.0283876,
       31.0091532, 27.3306272, 22.0947856, 27.9452568, 27.8072896,
       27.5633284, 32.7919848, 30.5470892, 30.7273144, 29.8975956,
       29.3170952, 32.4752416, 38.0581692, 28.7646452, 24.7386524,
       31.18302  , 33.9882916, 29.9999776, 27.92061  , 24.0741548,
       31.257228 , 25.1841524, 20.3804204, 23.8253964, 21.2002964,
       30.112324 , 29.606886 , 26.8236664, 22.9331428, 28.352238 ,
       22.9678072, 30.1542456, 31.84645  , 30.187664 , 34.1151452,
       37.418654 , 30.2423028, 29.5176072, 29.347204 , 29.8061576,
       30.8848356, 31.8233132, 27.1060404, 28.7259536, 30.8953292,
       30.8991004, 24.945894 , 32.9149888, 21.498136 , 33.8032688]), 'locations': array([ 27,  72,  68,  70,  69, 102,  69,  58,  59,  93,  91, 138,  89,
       112,  57,  78, 106,  25,  33,  60,  44,  54,  74,  43,  69,  55,
        74,  66,  41, 112,  45, 113,  70,  74,  74,  48,  75, 114, 105,
        51,  26,  70,  29,  69,  71,  71, 135,  75, 105,  72, 138,  73,
        73,  72,  65,  72,  29, 134,  64,  54,  30,  72,  68,  72,  70,
        72, 112, 106,  62,  67,  72,  51,  67,  97,  90,  54,  83,  33,
       108,  91, 102,  68, 103, 105,  70,  62, 109,  61,  53, 106,  68,
        49,  83,  30,  65, 109,  49,  95,  69,  68,  83,  69,  95,  47,
        69,  70, 107,  91,  55,  90,  64,  54, 108,  94, 109, 112,  85,
        44,  67,  49,  45,  49,  62,  43,  69, 107,  54,  25,  96,   0,
        57,  67,  44,  67,  59, 109,  62,  75,   1, 108,  44,  97,  70,
       110,  67,  49,  94,  70,  72,  73,  67, 110,  59, 104,  89,  71,
        45,  94,  61,  52,  70,  29,  73,  10,  24,  29,  72,  74, 137,
        27,  40, 106,  68,  93,  35,  45,  46,  61,  54, 105,  43,  40,
        63,  68,  58,  52,  45, 109,  45,  64,  29,  45, 107,  45,  34,
        74,  56, 109,  39,  30,  81,  63,  81,  37,  71,  65, 110,  59,
        74,  97])}, {'ts_index': 93, 'loc': 106, 'gap': 0.9131910700096755, 'distances': array([3.1087886, 3.2074414, 3.785338 , 2.0697462, 1.8648152, 2.8859676,
       4.1111584, 5.028759 , 3.5310372, 5.2795896, 6.9302574, 3.1747774,
       3.9578606, 3.9454318, 4.421219 , 5.0788612, 5.1292598, 3.963897 ,
       2.1545298, 3.2080664, 3.6970004, 5.005699 , 1.3464094, 4.8699966,
       0.9868406, 1.7642292, 3.8015318, 2.4772608, 2.5784556, 3.428215 ,
       3.1907874, 3.5552298, 3.0302636, 4.5619842, 5.2115214, 4.8054332,
       2.6570058, 3.8884586, 2.6285366, 4.2330468, 1.8449602, 5.2907496,
       5.1648924, 4.581738 , 2.7671622, 4.2072122, 3.6905864, 3.4475956,
       4.1404204, 1.1633606, 2.378375 , 2.3205584, 4.521639 , 3.2116954,
       3.3378806, 2.6016148, 3.1877126, 4.1604028, 4.3164054, 2.9903484,
       1.1011332, 6.7026612, 2.0458412, 6.3484804, 2.0007906, 3.937678 ,
       0.       , 1.4360124, 3.1584182, 2.1881236, 2.2428224, 5.9777126,
       4.9064196, 0.9610966, 3.8885014, 4.1082578, 4.4773826, 3.56689  ,
       2.8642502, 1.8103558, 5.8142468, 6.245643 , 6.6429582, 4.9706438,
       1.4324712, 3.9116424, 2.2931238, 3.4874796, 6.2427506, 4.0806384,
       4.972899 , 6.7994846, 4.5131324, 4.3529732, 1.2344424, 3.9708532,
       4.1366726, 4.0221882, 2.38197  , 1.9741894, 3.8996088, 3.645214 ,
       1.4398962, 2.2754414, 1.7139396, 4.010696 , 4.70877  , 4.2033946,
       4.1379392, 3.3707444, 0.619857 , 6.264986 , 0.9191332, 2.5502356,
       3.6718468, 2.274122 , 4.532682 , 5.5359456, 1.5108114, 2.1139912,
       3.3300764, 2.4339882, 2.243666 , 3.7461578, 3.9441898, 5.4856554,
       4.258399 , 4.7912884, 4.8932636, 4.4931964, 3.796579 , 0.9621998,
       7.2641636, 1.3449402, 4.9499224, 4.3404614, 2.6937412, 2.4318748,
       3.8418332, 1.7704636, 1.1626574, 2.5010316, 3.3084418, 6.1257198,
       2.216347 , 5.6727332, 4.7725922, 5.0282334, 2.3315114, 4.0427658,
       3.875285 , 2.4072828, 2.3408478, 3.9231356, 1.8166446, 5.3282414,
       1.1244558, 2.854907 , 1.811077 , 1.7750516, 5.1145278]), 'delta_distances': array([ 9.6341936,  2.3643252, 10.7371376,  5.190026 ,  5.377568 ,
        5.0692512,  6.8298492,  4.7934368,  5.7575052,  9.5833056,
        3.9361344,  9.9662272,  5.0698   ,  7.3259576,  4.8602988,
        5.666424 ,  6.4613276, 11.9703112,  3.5560448,  3.6294304,
        8.8029688,  6.0729216,  5.8676204,  8.7967016,  3.2831676,
        4.4267356,  6.8634604,  4.5520304,  3.0717088,  4.6588872,
        5.7501052,  6.3501196,  7.023078 ,  4.3859648,  3.8680956,
        2.5873452,  6.812944 ,  2.893868 ,  7.3485188,  3.6927788,
        4.605224 ,  7.9856592,  4.6789048,  3.7107768,  7.2110156,
        4.67326  ,  2.147924 ,  4.4215836,  4.2351324,  3.1376164,
        9.4205944,  4.5467252,  3.7309296,  8.0197556, 10.7659072,
        6.4605056,  5.1828536,  5.9844744, 10.3098896,  4.201536 ,
        3.0732528,  2.5693128,  4.7414748,  8.4491212,  5.4277584,
        2.9290396,  0.       ,  2.8580432,  7.3172176,  3.2113956,
        3.6080344,  3.578924 , 10.4131428,  3.356856 ,  8.6673128,
        6.1138568, 10.859834 , 10.3671484,  5.9871632,  4.5569756,
        4.9820052,  3.904086 ,  3.7463576,  3.0046404,  5.336118 ,
        8.0561296,  4.6134816,  5.7983592,  8.7278352,  3.9754404,
        6.938676 ,  7.2347344,  4.4132576,  7.2210304,  5.965342 ,
        4.637218 , 12.542746 ,  5.3050032,  5.243238 ,  5.1543948,
        6.74509  ,  4.8457192,  3.3865604,  6.5984976,  4.9770732,
        3.0077532,  5.5626356,  9.0217624,  4.7755008,  3.9305092,
        2.4235312,  5.142822 ,  5.3894048,  5.1742084,  4.6752504,
        6.1577948,  8.258752 ,  4.5156748,  6.8265144,  4.997038 ,
        5.0125876,  3.4296432,  4.4858844, 10.6791604,  8.8318652,
        6.307188 ,  5.0982892,  3.839274 ,  5.3736228,  5.4759632,
        7.1445156,  3.871382 ,  3.8128664,  4.232214 ,  5.7308464,
        6.240722 ,  3.958958 ,  4.9362232,  3.1856324,  5.2469192,
        3.2888512,  5.2848668,  4.3428604,  8.9793496,  5.7616884,
        5.7398068,  8.989558 ,  6.0896252,  3.6628008,  6.6977424,
        7.3090816,  5.6106152,  5.0864408, 10.3361636,  5.3847776,
        4.0048908,  5.7375824,  8.3368696,  4.5794164,  6.9713184,
        5.6768312]), 'locations': array([ 73, 114,  49,  73,  65,  47, 108, 114, 111,  98, 113,  50, 119,
        48,  22,  58,  32,  30, 112, 113,  48,  53,  29,  78,  97,  33,
       110,  50,  71,  77,  76, 114,  75,  84, 118,  23,  33, 124,  99,
        93,  58,  50, 113, 100,  70,  37,  33,  28,  54,  33,  48,  27,
       113, 106,  72,  47, 109,  27,  29, 113,  96,  88,  51,  26,  98,
        36, 106,  37, 113, 112,  34,  87,  75,  32, 108,  97,  48,  47,
       114, 111,  66,  22, 122, 121,  71,  72,  49,  37,  98, 100,  47,
        96,  52, 113,  34,  95, 111,  32, 109,  51,  62,  39,  27,  47,
       112,  59, 108, 114,  18,  27,  37,  26,  48, 112,  47,  46, 108,
        93,  97,  28, 107, 113,  33, 110,  50,  33, 113,  22,  33,  67,
        48,  49,  16,  97,  68,  35, 111, 110, 101,  73,  99,  73,  50,
        49,  33, 118,  49, 100, 107,  46,  32, 117,  28,  28, 113,  31,
       111,  34, 100,  74,  51])}, {'ts_index': 135, 'loc': 30, 'gap': 1.838046965279604, 'distances': array([ 8.1199894,  8.2122918,  8.0091712, 10.7068566,  9.0041598,
       10.9905398, 10.5079212,  6.173295 , 11.214147 , 14.6185152,
        8.7264322,  8.556298 , 10.0490558,  9.8673638, 12.884484 ,
       13.0028082,  9.6993458, 10.2044352, 10.7007588, 12.762672 ,
       12.0930294,  8.8970396, 10.3679668,  5.622977 ,  8.8830046,
        9.1065244,  7.9504432, 11.3320032,  5.8832886, 11.5295552,
       13.2828538, 13.1988774, 11.0923848, 11.8451414,  6.285335 ,
        8.410484 ,  4.7731892, 10.7862932,  5.4871902, 11.1273156,
        7.855897 ,  7.0978604, 10.6221822,  9.3822414,  1.347918 ,
        6.208917 , 14.068147 , 12.031323 ,  8.0488392,  8.61797  ,
       11.2862702, 10.463439 , 11.4889536,  6.894272 , 13.619756 ,
        6.4391064, 13.589779 , 12.0770256,  9.6245348,  9.5837222,
        6.5124524, 10.8762942,  8.3710912, 11.2899382, 12.5280032,
       12.74547  ,  7.301263 ,  7.0739118, 13.5555918, 14.5323124,
        8.395726 , 13.127654 ,  1.1586084,  3.2862028,  9.7325798,
       10.1823158, 11.026421 , 11.9810036, 14.730827 , 10.8935934,
       11.8289956, 11.0273062, 12.5874884,  9.9056424,  4.4964636,
        0.       ,  1.4205272,  8.5403484, 12.8074082,  7.1865792,
        8.843093 , 12.0634268, 10.7169834, 12.9220796,  3.917528 ,
       11.5390558,  9.5900512, 12.5901448,  4.4368708,  9.0536996,
       10.1977594, 10.9543744,  6.7101478, 11.0438638,  7.8176608,
       13.2020878, 12.6445484, 13.9024262, 12.8711028, 12.5867734,
        7.4719268, 14.2231866, 10.4980112,  9.9828604, 10.4476516,
        8.8846734,  8.401788 ,  9.0659844,  7.40052  , 14.9050984,
        8.5163548, 11.630014 , 13.3025272, 11.2636718,  9.3053488,
        3.1821192, 10.1280318,  9.308963 ,  8.6613602, 12.8421262,
       12.5512608,  7.5484866, 13.6221684]), 'delta_distances': array([11.7655068,  8.7414064,  9.5060328, 14.3846484, 12.0229148,
       12.1125412,  6.4609668,  6.104642 ,  8.0198908,  6.8626072,
       10.5283332,  4.3180316,  7.8286012,  7.7482156, 12.7296184,
        7.1092576,  9.3966368,  6.1507548, 10.38744  , 12.4782424,
        9.2960372, 13.526164 , 16.5378604,  8.333186 , 15.2024236,
       11.9103676, 12.2671576,  4.9981256,  4.0624704,  8.2550624,
        9.864062 ,  7.3151768, 16.077474 ,  4.9688476,  6.2596588,
       11.4179188, 10.8686072,  6.3150448, 10.3599264, 11.2627872,
        5.4818284, 12.2996712,  6.8770024,  5.878328 ,  4.699514 ,
       11.7665172,  7.7823984, 10.5289812,  8.3090992,  6.413286 ,
        5.2825844,  5.7622184,  7.9220128,  7.6244256,  6.6102756,
        5.8615376,  6.8003696, 16.4358288,  7.7103128,  8.0884604,
        5.0563152, 12.5860796,  5.7963148, 10.9267736, 12.2092344,
        9.1104816, 11.6230764,  6.4062092,  8.8237832,  8.5502428,
       13.0970568,  6.2238248,  5.260434 ,  7.1329384, 10.18305  ,
       13.0055772,  9.8753044, 17.0858928, 19.6224024,  7.0129532,
        8.633318 , 11.146174 , 10.9758896,  8.4514528,  4.7429948,
        0.       ,  4.7936216,  9.4271736, 11.0426076,  9.5454636,
        5.091796 ,  6.1900132,  7.7119628,  6.9446252,  4.4624552,
       11.1520548, 13.5601176,  8.4436312,  5.304474 ,  8.86237  ,
       12.7047532, 15.7194784,  8.6955096,  6.029964 , 10.3056184,
       11.2799256, 12.6515252,  7.8707548,  8.7561864,  7.7908532,
        8.1383052, 10.1440212, 10.0263144, 10.6029128,  8.6027828,
        9.161978 ,  9.949098 ,  7.260756 , 10.1768524,  8.6017368,
        7.2431572,  5.404852 , 13.7477736, 10.732014 ,  4.9387824,
        5.6193456,  9.8126604,  8.8432848,  8.0111312, 11.853484 ,
       11.433746 ,  9.4686052, 10.940222 ]), 'locations': array([ 72,  48, 105,  72,  46,  68,  94, 110,  50,  25,  49, 118,  47,
        47,  94, 117,  29, 111, 112,  47,  52,  77,  34,  49,  70,  76,
        75,  90,  74,  51,  46, 120,  32,  31,  98,  33,  47, 104,  95,
        69,  36,  77,  27, 108,  47,  26,  94, 108,  72,  46, 118,  34,
        34,  80, 105,  25,  77,  35, 112, 111,  72,  48,  49, 107,  48,
        31,  46, 113, 121,  96,  69, 120,  71,  48,  36,  97,  99,  46,
        48,  51, 112,  60,  46,  31,  97,  30,  48,  46,  58,  73, 113,
        17,  57,  54, 111,  46,  45, 107,  51,  27,  76, 109,  32,  13,
        49, 108, 112,  21,  32,  66,  47,  54,  67,  27,  29, 109,  73,
        72,  49,  29,  32,  29,  48,  99,   8,  74, 112, 116,  27,  27,
        74,  33,  50])}], 'clusters': array([0, 1, 0, 1, 1, 0, 0, 2, 0, 0, 0, 1, 3, 0, 1, 0, 1, 0, 0, 0, 0, 0,
       0, 0, 1, 1, 1, 0, 0, 0, 0, 2, 0, 2, 1, 2, 0, 3, 1, 0, 0, 1, 1, 0,
       0, 1, 3, 1, 1, 1, 0, 1, 1, 0, 1, 0, 1, 0, 1, 1, 1, 0, 1, 3, 0, 2,
       3, 0, 3, 1, 0, 0, 3, 0, 0, 2, 3, 1, 3, 0, 0, 0, 0, 0, 0, 0, 3, 2,
       0, 3, 0, 2, 0, 2, 2, 0, 0, 1, 3, 1, 0, 1, 0, 2, 0, 1, 0, 0, 1, 1,
       3, 3, 1, 2, 0, 0, 0, 0, 2, 3, 3, 0, 0, 0, 0, 1, 0, 0, 0, 2, 0, 0,
       0, 3, 2, 3, 3, 1, 2, 0, 2, 0, 3, 0, 0, 0, 2, 0, 2, 1, 3, 0, 0, 0,
       3, 2, 1, 1, 0, 0, 0, 3, 1, 0, 0, 0, 0, 0, 0, 0, 0, 2, 0, 2, 0, 0,
       0, 0, 0, 1, 2, 1, 1, 1, 2, 0, 1, 0, 1, 0, 0, 0, 1, 0, 0, 0, 3, 0,
       0, 0, 0, 2, 1, 0, 2, 0, 2, 2, 1, 0]), 'time': 254.78989052772522}
lenSubsequence: 8{'RI': 0.36390977443609024, 'num_clusters': 4, 'uShapelets': [{'ts_index': 177, 'loc': 0, 'gap': 0.4412250090334151, 'distances': array([0.575379  , 0.3640435 , 0.38957075, 1.07604713, 0.51709088,
       0.77407738, 0.49828113, 1.16395987, 2.332251  , 0.57014787,
       0.89939112, 0.39152025, 0.428286  , 1.19092113, 0.71316687,
       2.1343945 , 1.31029488, 0.739254  , 0.617327  , 0.77606837,
       0.54243   , 1.53398725, 0.35298137, 0.77818863, 1.81122312,
       0.84401062, 0.77480538, 0.41976613, 0.76127325, 1.09719225,
       1.36482188, 0.14762463, 1.237635  , 0.6763295 , 0.93093225,
       0.92870513, 0.62483162, 0.6886025 , 0.52025812, 0.06574975,
       0.94190475, 0.388597  , 0.5864865 , 0.27107762, 0.79008937,
       0.264257  , 0.5199385 , 1.053251  , 0.34441562, 1.0005075 ,
       1.123707  , 0.88323825, 0.41880475, 0.96834213, 0.77036238,
       0.42717612, 0.77878338, 1.1621765 , 0.8316595 , 1.24683863,
       2.96064013, 0.38933138, 0.48337762, 1.22867088, 1.43398375,
       0.28551438, 0.836455  , 0.65319388, 1.0009405 , 0.601719  ,
       0.43747188, 0.822573  , 0.87834225, 1.05355987, 0.85415337,
       0.57176775, 0.686901  , 0.64006663, 1.39396275, 0.29210563,
       0.62316512, 0.14057275, 0.69179888, 1.29307837, 0.75277237,
       1.02394863, 0.44111625, 0.45360213, 0.67598375, 0.87968288,
       0.62012725, 0.205815  , 0.2091135 , 0.810914  , 0.7585035 ,
       0.620967  , 0.22386112, 0.57544237, 2.2754645 , 2.41889563,
       0.65498612, 0.5028625 , 1.6750805 , 0.90671225, 0.30094775,
       0.6772895 , 2.99112   , 0.45150988, 0.76866288, 1.794467  ,
       1.00595413, 0.60171863, 0.84084662, 0.87231738, 1.30465825,
       0.90172262, 0.260945  , 0.9551555 , 0.64594938, 1.78561513,
       1.01735737, 2.03218238, 1.60249213, 0.87385975, 1.20166137,
       0.84048588, 0.25242787, 0.82577725, 0.21833512, 1.73860512,
       0.91047813, 0.89059225, 0.67890413, 0.901485  , 0.90979287,
       0.85081638, 1.16029425, 0.58954575, 1.0569665 , 1.16033162,
       0.3403265 , 1.13997713, 1.29154937, 1.05984737, 0.75208025,
       1.34945275, 1.89426512, 0.38547475, 0.93287687, 2.32018887,
       1.78126788, 1.6069075 , 1.62865762, 1.694021  , 0.6166735 ,
       1.06087963, 0.34622913, 0.29411275, 0.894805  , 0.5052315 ,
       0.475595  , 0.64474   , 1.74500363, 0.52750125, 0.61558687,
       0.22546738, 1.533233  , 1.07435187, 2.00730687, 0.30961288,
       0.36488463, 1.97732063, 0.90839175, 0.5333475 , 0.404933  ,
       0.23381362, 0.92477175, 0.        , 1.5472215 , 1.33155387,
       1.21019425, 1.878758  , 1.8409685 , 0.45531113, 1.24060925,
       0.7893    , 0.40304038, 0.6762435 , 0.881058  , 0.93486513,
       0.91896712, 0.54626038, 0.45936862, 0.84927787, 1.65878013,
       1.697001  , 1.2695275 , 1.5858275 , 0.24301387, 0.89306337,
       0.52192063, 1.0961735 , 0.27904213, 0.24735237, 0.881038  ,
       0.55273037, 0.22242863, 1.50967588, 0.87387738, 1.65087237]), 'delta_distances': array([1.8466545 , 1.0498615 , 1.426936  , 3.3623585 , 1.90204725,
       1.7583145 , 1.5744725 , 3.6609615 , 3.49542375, 2.03585925,
       2.1919775 , 1.376988  , 1.06334375, 2.16012975, 2.1620525 ,
       5.9725995 , 2.06314325, 2.28305225, 1.668462  , 1.655335  ,
       1.842428  , 3.5978735 , 1.617199  , 1.93476475, 3.5374785 ,
       1.95758   , 1.798866  , 1.1081275 , 2.16191175, 2.59967675,
       3.4793    , 0.73135825, 2.53030175, 2.16550825, 4.85754425,
       2.4839455 , 1.85798075, 1.63748   , 1.456363  , 0.59666075,
       2.28432575, 0.982013  , 2.030614  , 1.37500325, 1.634684  ,
       1.227248  , 1.2024195 , 1.97967275, 1.557829  , 2.530005  ,
       2.5652205 , 2.36586575, 1.25988475, 2.81413575, 1.75587275,
       1.722569  , 1.8866915 , 1.646328  , 2.0494655 , 2.42917625,
       3.5119445 , 1.1857885 , 2.5145105 , 3.20730125, 4.57691175,
       0.97429975, 2.07286025, 1.55999   , 2.745653  , 1.607685  ,
       1.10620675, 2.202336  , 2.57153375, 2.35282275, 2.1767515 ,
       1.89491   , 2.95722025, 1.62978925, 2.65915175, 1.375511  ,
       2.46877675, 0.50393525, 1.32461525, 4.331375  , 1.93683275,
       1.8845945 , 1.564474  , 1.24972475, 2.13397875, 1.95126425,
       1.73741175, 1.0600725 , 0.9719665 , 1.8269695 , 1.8016915 ,
       2.2869175 , 0.73850975, 1.49958425, 3.005045  , 3.14474475,
       2.18128475, 1.85846175, 3.373306  , 3.63024475, 0.87868825,
       1.69224625, 5.90527275, 1.740812  , 1.8163385 , 3.312158  ,
       1.9565875 , 1.47165375, 2.00548275, 2.15672875, 2.37230075,
       2.462305  , 0.8288175 , 2.55504225, 2.11565125, 4.70595425,
       2.83594525, 2.66965475, 4.31295725, 1.867959  , 3.401972  ,
       1.85143125, 1.03131225, 2.429301  , 0.76905025, 2.482466  ,
       2.36637725, 2.1327655 , 1.3958285 , 2.0035295 , 2.03902225,
       2.05308275, 2.22085675, 1.333794  , 3.19295875, 2.005745  ,
       1.1513435 , 2.7891965 , 2.196083  , 2.20487975, 2.20824875,
       2.1883915 , 2.595436  , 1.48229575, 2.3844875 , 5.10335075,
       5.29029   , 2.5801765 , 3.29132275, 2.55944925, 1.43250275,
       1.75789575, 1.32348575, 0.88780225, 2.075444  , 1.462034  ,
       1.47601625, 1.95526825, 4.41370275, 1.24124975, 1.4137785 ,
       0.8165155 , 3.3059835 , 4.13816175, 3.302767  , 1.3789355 ,
       1.382632  , 4.0581125 , 2.6157975 , 1.42142825, 1.4097085 ,
       0.93814125, 2.0964025 , 0.        , 2.85947625, 2.7855725 ,
       2.39560575, 4.0496145 , 5.4858955 , 1.4470615 , 3.41669525,
       2.19887525, 1.46155325, 1.581076  , 2.61192675, 3.55290025,
       2.21425575, 2.1592715 , 0.99581525, 1.64295975, 2.98316975,
       3.10356575, 2.12380625, 3.4288345 , 1.08783675, 2.1577905 ,
       1.22140525, 2.79259   , 1.02123825, 0.907225  , 2.024389  ,
       1.49716225, 0.8665595 , 2.46999525, 2.154972  , 4.325245  ]), 'locations': array([  0,   0,   1,  66,   0,  32,   0,  75,   0,   0,   1,   0,   1,
         0,   4,  76,   1,   0,   2,   2,   1,   0,   0,   0,  81,   0,
         1,   0,   0,  73,  73,   0,   1,   0,  68,   0,   0, 107,   1,
         0,   0,   0,   0,   0,  77,   1,   1,   2,   1,   0,   0,   0,
         1,  77,   0,   0,   0,   1,  72,   0,  35,   0,  61,  33,  75,
         0,   0,   0,   0,   0,   0,   2,   0,   0,   0,   0,  69,   1,
         3,   0,   0,   1,   0,  73,   0, 135,   0,   0,   0,   0,   0,
         1,   0,   1,   0,  76,   0,   1,   6,   3,  67,   0,   2,  70,
         0,   0,  30,   0,  65,  75,   0,   0,   0,  72, 133,   3,   0,
         1,   1,  30,   2,   4,  29,   0,   0,   2,   0,   1,   0,  76,
         0,   1,   1,   0,   3,   0,   1,   1,  73,   3,   1,   1,   1,
         0,   0,   2, 134,  75,   1,  66,  72,   1,   0,   2,   0,   3,
         0,   0,  78,   0,   1,   0,   0,   1,   0,   0,   1,  70, 133,
         0,   0,  67,   0,   0,   2,   0,   0,   0,   5,   1,   0,  77,
        72,   0,   0,   0,   0,   0,   0,  74,  77,   0,   0,   0,   0,
        59,   2,  80,   2,   0,   0,   0,   0,   0,   3,   0,   1,   2,
         1, 108])}, {'ts_index': 145, 'loc': 92, 'gap': 0.9351840578422752, 'distances': array([2.33820125, 3.19103375, 2.69885213, 0.82581175, 2.19594688,
       0.99957513, 2.9728115 , 2.72617213, 2.810981  , 0.6970945 ,
       1.0169615 , 2.03476113, 3.12650188, 2.280673  , 1.6392805 ,
       0.89164075, 0.53711088, 0.        , 1.6049865 , 1.76257175,
       2.74681412, 2.54934875, 2.73241288, 3.34773387, 0.8289685 ,
       2.02157813, 3.38318663, 0.58841437, 2.34785038, 2.04862563,
       3.12572688, 2.269108  , 3.0371685 , 2.0967425 , 2.489296  ,
       1.41225363]), 'delta_distances': array([5.145089  , 3.58599725, 3.317811  , 2.152126  , 4.07565525,
       2.32589625, 5.47948825, 1.8669045 , 3.15456975, 1.789617  ,
       1.35966925, 2.21130075, 3.253191  , 4.653687  , 3.66563975,
       1.27390175, 1.5463595 , 0.        , 2.48191875, 1.29025475,
       2.58227275, 2.0874005 , 2.991502  , 1.72947875, 2.53403975,
       4.72495925, 2.088827  , 1.642343  , 2.95449275, 4.7470765 ,
       2.717196  , 4.8199175 , 5.01046   , 4.45731425, 4.3877665 ,
       2.131209  ]), 'locations': array([104, 134,  19,  58,  65,  52,  65,  87, 132, 103, 100,  77,  85,
        24,  44, 101,  56,  92,  85,  87,  56,  76, 132, 127,  25,  64,
        86,  27,  58,  65, 102,  24,  52,  67,  25, 102])}, {'ts_index': 150, 'loc': 74, 'gap': 0.46792466049103343, 'distances': array([2.48519163, 1.71959275, 2.33804188, 2.325853  , 2.48542875,
       2.36732625, 3.53889   , 3.660876  , 3.39731075, 3.31282562,
       3.02389025, 3.32321387, 3.34953925, 0.        , 2.19598975,
       2.55624925, 1.96245512, 0.92072675, 3.168645  , 2.26602975,
       2.6402645 , 2.87249537, 2.84920638, 2.71583075, 2.16160712,
       1.35820337, 1.44442663]), 'delta_distances': array([ 9.34278225,  5.10347925,  8.55049975,  6.08116075,  7.1192125 ,
        6.95114725, 13.18005   ,  7.62514925,  8.5334305 ,  9.42527675,
        7.628778  ,  8.812807  ,  5.973865  ,  0.        ,  6.22349675,
        7.891557  ,  4.5261105 ,  6.19826725,  7.3039735 ,  6.12777025,
        6.988563  ,  7.23790175,  7.55094875,  7.182946  ,  6.037191  ,
        5.537256  ,  4.80786725]), 'locations': array([110,  76, 105,  77,  75,   2,  47,  83,  78,  30,  50,  91,  79,
        74,  33,  82,   0,  70, 134,   6,  77,  73,   0,  69,  82,  31,
       110])}], 'clusters': array([1, 1, 1, 1, 1, 1, 1, 1, 0, 1, 1, 1, 1, 1, 1, 3, 1, 1, 1, 1, 1, 0,
       1, 1, 2, 1, 1, 1, 1, 1, 0, 1, 1, 1, 1, 1, 1, 1, 1, 1, 1, 1, 1, 1,
       1, 1, 1, 1, 1, 1, 1, 1, 1, 1, 1, 1, 1, 1, 1, 1, 2, 1, 1, 1, 0, 1,
       1, 1, 1, 1, 1, 1, 1, 1, 1, 1, 1, 1, 0, 1, 1, 1, 1, 1, 1, 1, 1, 1,
       1, 1, 1, 1, 1, 1, 1, 1, 1, 1, 0, 2, 1, 1, 2, 1, 1, 1, 0, 1, 1, 0,
       1, 1, 1, 1, 1, 1, 1, 1, 1, 0, 1, 0, 2, 1, 1, 1, 1, 1, 1, 2, 1, 1,
       1, 1, 1, 1, 1, 1, 1, 1, 1, 1, 1, 1, 1, 2, 0, 1, 1, 0, 3, 0, 0, 3,
       1, 1, 1, 1, 1, 1, 1, 1, 2, 1, 1, 1, 3, 1, 0, 1, 1, 2, 1, 1, 1, 1,
       1, 1, 0, 1, 1, 0, 0, 1, 1, 1, 1, 1, 1, 1, 1, 1, 1, 1, 0, 0, 1, 0,
       1, 1, 1, 1, 1, 1, 1, 1, 1, 3, 1, 3]), 'time': 119.08378291130066}
lenSubsequence: 12{'RI': 0.7353383458646616, 'num_clusters': 8, 'uShapelets': [{'ts_index': 204, 'loc': 104, 'gap': 0.45608785323237844, 'distances': array([0.96878933, 2.75507258, 2.0294815 , 2.38366292, 2.5055455 ,
       2.3812255 , 1.53659842, 2.15839533, 1.49949217, 2.87684325,
       2.59756508, 2.13601183, 2.391941  , 2.0261335 , 2.11049517,
       3.26715208, 2.42096775, 0.90099067, 2.01578875, 1.17203975,
       2.52672558, 2.23856008, 2.21794592, 2.17068833, 2.58960433,
       2.233699  , 2.56447292, 1.12366492, 2.034837  , 2.20875   ,
       2.17881333, 1.12304742, 2.80752275, 1.08018058, 2.30807333,
       1.9254305 , 2.40483133, 1.874769  , 2.44133992, 1.3047915 ,
       1.63860483, 2.26543175, 2.42837142, 2.27544608, 2.42210975,
       1.80546392, 2.45857858, 1.968574  , 1.72149367, 1.18528325,
       2.26921533, 2.88149517, 2.13753467, 2.56488642, 1.431575  ,
       2.25752908, 1.41167383, 2.9690515 , 1.81475167, 2.13595525,
       1.511903  , 2.09192575, 2.29124433, 1.92829467, 1.72507925,
       1.46290808, 2.55534125, 2.53776708, 2.69452892, 1.94768758,
       2.44037825, 2.18393925, 2.26789592, 1.86943433, 1.81445867,
       1.46015017, 1.40802267, 1.05524583, 1.149967  , 2.02329725,
       2.05519292, 2.56568742, 1.65092467, 1.59494225, 2.01782017,
       2.7643165 , 2.22587875, 1.22612517, 2.75842892, 1.25678492,
       2.88337775, 1.08497533, 2.57858317, 0.85861333, 1.08397792,
       2.11580975, 2.08569258, 2.25813842, 1.31738242, 1.74982875,
       2.91028458, 1.87848158, 2.83751733, 2.25014483, 2.50112817,
       2.19317608, 3.02464108, 2.44026133, 2.23920067, 2.168532  ,
       1.41730475, 2.59447517, 3.06199608, 0.93484708, 2.4488195 ,
       2.30984258, 2.85676233, 2.11384175, 2.37259083, 2.3398025 ,
       1.68947792, 2.182322  , 2.37712008, 2.0436425 , 1.97155142,
       1.31961708, 2.91058733, 2.17258175, 1.77149983, 1.46261067,
       1.697562  , 1.3306615 , 2.77931808, 1.59910333, 2.13912475,
       2.58877175, 2.14458658, 1.60308333, 1.73671917, 0.852798  ,
       1.86769367, 1.87988258, 2.38928392, 1.96479192, 1.77116683,
       2.09542725, 1.41025192, 2.52088133, 0.50383525, 2.30909083,
       2.55485658, 1.9903005 , 2.317419  , 2.04586125, 3.0509465 ,
       0.98791333, 2.586678  , 2.05729258, 2.11364233, 1.38155683,
       2.28199667, 2.44693433, 2.27075683, 2.17615458, 2.55710042,
       3.11333608, 2.22182375, 2.39907592, 2.16805358, 2.37044567,
       2.44143783, 1.10646258, 3.01502542, 1.84209333, 2.69875683,
       2.18072725, 1.96024058, 1.16566908, 2.15681042, 1.15165575,
       1.2473905 , 1.91800692, 1.23183417, 1.35302958, 0.65319883,
       1.64949142, 3.09737358, 1.82376425, 2.69849317, 2.905548  ,
       1.65262525, 2.47043858, 2.81129517, 2.14816683, 1.89818875,
       2.03224792, 2.38397417, 2.03125408, 1.6794515 , 2.17289467,
       1.62864008, 0.95633792, 2.00977725, 2.47970492, 0.        ,
       1.68691383, 0.7285925 , 1.46854592, 2.12547625, 2.5937585 ]), 'delta_distances': array([4.44827267, 7.88383533, 5.61884383, 4.6281895 , 4.96871067,
       7.39962883, 5.48226017, 4.56425833, 4.98435333, 8.86289033,
       7.629483  , 5.85987933, 5.91772533, 5.912924  , 5.81584083,
       6.0613485 , 6.32480533, 3.5641675 , 5.97206033, 4.1612425 ,
       5.77289617, 5.214229  , 5.364646  , 5.85458033, 5.02992967,
       5.13111   , 7.54079267, 4.17887117, 5.57908883, 7.42960883,
       5.20859317, 2.87609767, 4.4171575 , 3.84669167, 6.35122783,
       4.5758165 , 7.00635717, 4.32343617, 5.322529  , 5.69483183,
       5.17260967, 5.49471583, 7.84485983, 6.09589883, 7.65865317,
       3.92829733, 5.858531  , 7.86250417, 7.47166033, 4.263818  ,
       7.93931583, 7.33520867, 5.473232  , 6.1744515 , 4.61756183,
       4.857553  , 4.47083183, 6.03349633, 6.81423317, 7.71396817,
       4.4423405 , 6.36425583, 6.14299183, 5.96713833, 4.54549567,
       4.71315467, 5.65634867, 7.32631217, 5.88620267, 6.4864765 ,
       7.38006583, 7.6674395 , 6.43133767, 6.34653317, 5.28678583,
       5.246401  , 6.36177517, 3.19401717, 2.47149217, 5.70073833,
       6.56012317, 5.85695117, 5.43382433, 5.487922  , 5.75854567,
       6.7241455 , 5.252053  , 4.45143933, 5.3525715 , 4.476603  ,
       6.012685  , 5.0541755 , 6.799569  , 3.81675167, 3.77432717,
       8.14035917, 7.472089  , 6.0395495 , 4.48006567, 6.79729   ,
       5.90102483, 7.4410185 , 6.71205733, 4.82855967, 7.1538785 ,
       5.670648  , 7.79391567, 4.7351465 , 5.50029517, 5.91994883,
       4.21362967, 7.829203  , 6.4857285 , 5.28036683, 6.1263265 ,
       4.66807017, 6.09594167, 5.46400317, 6.06889   , 6.055896  ,
       3.81632533, 5.53661683, 6.62175817, 7.39789267, 6.55568   ,
       4.7323105 , 7.11592033, 5.1248425 , 5.694678  , 4.361972  ,
       4.61084833, 6.11680417, 6.9337275 , 4.68085817, 4.87181733,
       7.50124433, 6.77109483, 4.73219417, 4.99174683, 4.32360383,
       6.31375633, 5.15208067, 4.78002533, 4.07338417, 4.937432  ,
       5.86469   , 2.982661  , 4.43959517, 2.14613517, 5.03348683,
       5.903273  , 5.71159117, 6.18212117, 5.55259983, 7.92554083,
       4.291431  , 8.7721755 , 5.47792733, 6.63814983, 5.84683767,
       5.19404167, 6.52727083, 5.85919917, 6.25633617, 5.71599133,
       5.03987783, 7.07458567, 5.36947317, 5.59301967, 5.85960483,
       5.680723  , 4.09088667, 5.50645783, 5.9927515 , 6.24855233,
       6.293819  , 5.3617885 , 4.69881133, 5.67905733, 4.527894  ,
       3.48327433, 5.148596  , 4.49818067, 5.48564533, 2.79321067,
       7.373045  , 5.8116155 , 4.24838117, 4.99312917, 5.4864545 ,
       5.88051217, 5.8702275 , 5.13967033, 6.7413695 , 5.13545883,
       5.7796835 , 5.47813917, 5.702585  , 5.93704283, 4.60591517,
       5.10891233, 4.3920095 , 4.90480333, 6.88974367, 0.        ,
       6.22061067, 3.123255  , 4.5706475 , 4.00546683, 6.78577717]), 'locations': array([ 66, 109,  54,   7,  17,  56,  66,  18,  40, 101,  88, 102,  21,
        91,  20,  43,  89,  43, 112,  41,  15,  12, 111, 112, 112, 110,
        38, 105,  24,  41,  98,  22,  12,  90,  89,  17,  27,  90,  16,
        64,  11,  23, 104,  19, 107, 101,  15,  65,  41, 103,  25,  88,
       101, 111, 100,  16, 106,  17,  41,  27,  40, 117,  88,  92,  17,
        51,  11,  23, 111,  26,  21, 105,  26,  21,  87,  26,  41,  88,
        20, 106,  99,  91,  40,  92,  20, 103,  74,  89,  12,  39,  19,
        91,  22,  99,  21, 106, 105,  24,  20,  23,  19, 104,  39,  92,
        39,  19,  89,  16,  80,  25,  40, 104,  24, 104,  19,  15, 115,
       114,  64,  89,  42,  30,  91,  40,  38,  91,  89,  15, 106,  27,
        88, 104,  20, 102,  17,  90,  89, 102,  20,  40, 105,  52,  14,
        13,  11,  20,  30, 113,  41,  17,  18,  40,  56,  42,  86,  90,
       100, 110,  38, 100, 115,  19,  42, 103,  21,  15,  23,  15, 102,
       103,  16,  42,  14,  90, 109, 105,  23, 103,  38,  39,  66, 105,
        22,  24,  92,  66, 113,  14,  18,  20,  26, 111,  13,  26,  93,
         2,  39,  17, 110,  16,  21, 106,  25,  67, 104,  26,  93,  67,
        30,  44])}, {'ts_index': 196, 'loc': 75, 'gap': 0.9462782346577354, 'distances': array([4.30842575, 5.55483733, 4.44694558, 7.444025  , 5.21835625,
       4.534762  , 4.8534715 , 5.36602558, 7.05218675, 6.6644365 ,
       6.80595517, 5.38257383, 6.88648517, 6.1295345 , 8.87084175,
       5.53624092, 5.53332283, 6.480733  , 6.74636908, 6.99051125,
       7.22707833, 5.12730167, 7.535679  , 8.28438575, 6.98459525,
       6.2902455 , 7.82213633, 5.52467467, 6.9694235 , 4.33845667,
       5.99754858, 4.41689933, 7.62144058, 5.3037685 , 7.23471533,
       6.29602808, 5.00195433, 8.140824  , 5.44705058, 6.06025775,
       4.54373333, 3.85178808, 7.48354008, 5.48589342, 8.48665758,
       8.46474742, 6.04148175, 7.70102392, 5.37020833, 6.4571265 ,
       8.18777842, 7.46400083, 6.36846258, 3.3017385 , 5.04387842,
       7.0392565 , 8.22115325, 4.17586225, 8.10453992, 4.97156467,
       5.050834  , 7.41806375, 5.50827817, 3.555337  , 8.18062975,
       7.74767925, 6.91295533, 7.70230283, 7.28710825, 6.490798  ,
       5.9956475 , 6.93666108, 6.46514967, 5.87493858, 4.42026942,
       9.18564392, 7.8259455 , 8.4739485 , 7.05905708, 6.36528225,
       5.11250683, 4.39189975, 7.6464915 , 6.48976217, 6.24917433,
       2.11434158, 6.79490292, 1.15603433, 6.71529667, 7.4419085 ,
       3.86888233, 5.46534883, 6.00055708, 8.5079715 , 7.83850625,
       9.27648383, 5.01513092, 7.30747792, 3.13344575, 1.69631142,
       2.48151658, 4.84299667, 7.70568383, 6.70519175, 8.30520175,
       8.52208708, 6.65080533, 7.12946883, 4.5307935 , 6.93999908,
       6.76704625, 5.25122167, 3.244262  , 3.05298617, 2.35790608,
       6.74438358, 5.23708817, 6.82386075, 7.25347017, 4.751523  ,
       7.30238667, 7.06386733, 6.63694408, 8.19172492, 7.44273775,
       5.23670775, 7.51251375, 5.00185217, 6.9613235 , 4.39550033,
       5.21620425, 6.07018483, 4.21204758, 7.56155008, 4.24704525,
       4.16133225, 6.16665567, 4.90890492, 6.01692742, 7.332549  ,
       8.282207  , 7.78612267, 8.11287883, 4.366178  , 8.5725635 ,
       4.82506683, 6.19294442, 7.52228175, 5.90971767, 5.96903517,
       5.45205608, 6.096975  , 7.13093992, 3.33654042, 5.94148933,
       8.42783125, 5.24871492, 8.190548  , 6.46498417, 6.221146  ,
       7.24473467, 6.98141758, 0.        , 7.07065475, 6.20810442,
       5.93713792, 8.29374333, 5.865178  , 7.66899108, 5.7568675 ,
       3.52366742, 4.39165467, 8.26680208]), 'delta_distances': array([ 5.36634583,  5.83788833, 10.76482517,  7.16091467,  5.3834515 ,
        9.90662017,  7.2430605 ,  8.90067483,  8.44092   ,  7.74678567,
        6.57547383,  5.74896583,  8.17563033,  8.07769567,  6.71296117,
        9.37134767,  3.7071015 ,  4.80601783,  3.77877133,  8.89905117,
        6.54513017,  7.5562725 ,  8.250185  ,  8.6343925 ,  7.16671383,
        8.98936383,  7.38042433,  6.05496667,  3.93865467,  8.11120817,
        6.88582583,  5.57854917,  7.847494  ,  8.37915833,  5.80372017,
        7.04203233,  8.241529  ,  8.9842015 ,  5.93864283,  5.03239867,
        5.65497317,  7.14177233,  8.01198233,  5.146848  ,  5.565638  ,
        4.27751433,  6.290019  ,  5.05899583,  6.50798183,  7.49178283,
        8.3791695 ,  6.16439017,  3.1897665 ,  8.18368933,  6.65929667,
        5.39586483,  9.68452117,  7.87965767,  5.7854085 ,  9.63414   ,
        7.65859   ,  6.07570917,  7.05640383,  5.10662917, 12.198388  ,
        8.7213055 ,  6.4553925 ,  4.05144517,  7.726729  ,  8.03086317,
        6.95369167,  5.14885633,  5.4393025 ,  5.93491683,  3.8674095 ,
       10.79184333,  5.35718383,  4.0474685 ,  3.96597933,  7.0743515 ,
        7.14645017,  4.67931217,  6.369885  ,  4.43523683,  3.18749667,
        4.01247583,  7.00274167,  3.92978183,  4.09162267,  7.59420667,
        5.08863133,  8.30572167,  7.52996417,  4.200012  ,  4.74663017,
        6.95645267,  7.35555317,  4.546118  ,  5.69621867,  6.9473955 ,
        4.83561667,  4.3850655 ,  9.300605  ,  8.6788625 ,  5.65928717,
       10.52430083,  4.90373733,  4.77971933,  8.52470517,  7.69919617,
        5.72764417,  6.80204483,  4.45400533,  6.32390583,  5.3083115 ,
        7.55530483,  2.99033983, 10.92081583,  6.84812967,  7.19009317,
        6.0656395 ,  5.4411655 ,  5.8014685 ,  5.3267445 ,  6.886009  ,
        7.8174975 ,  7.06580917,  6.62365733,  5.64889433,  5.2345485 ,
        6.507231  ,  7.61936067,  5.5570965 ,  4.678455  ,  8.31560417,
        6.40442633,  6.9196715 ,  7.15694883,  6.36744733,  6.819918  ,
        8.05506867,  3.57757317,  5.8679005 ,  4.6539155 ,  6.85696167,
        7.86035183,  5.53172217, 10.06090633,  5.45473083,  4.43013667,
        8.42160667,  7.14630567, 10.00646983,  4.82798217, 10.88125667,
        7.90384583,  8.666669  ,  8.05709417,  6.8084415 ,  6.86429617,
        5.79862483,  3.85344817,  0.        ,  5.22798283,  7.1296265 ,
        7.41117733,  7.87582683,  7.33792783,  6.2875865 ,  9.036665  ,
        4.96234283,  4.80018383,  6.5776515 ]), 'locations': array([ 76,  49,  74,  73, 106,  73,  65,  47,  69,  95,  94, 111,  51,
        61,  25, 110,  76,  48,  58,  32, 119,  30,  26,  46, 113,  48,
        53,  78,  98,  33,  35,  50,  71,  77,  30, 111,  76,  91,  75,
        75,  93,  48,  52,  77,  32, 123,  33, 121,  33,  48,  34,   4,
       124,  75,  99,  93,  58,  48, 113, 100,  33,  76,  37,  78,  28,
        59,  39,  95,  31,  72,  47, 119,  35,  74,  81, 106,  78, 123,
       125, 112,  74,  36,  49, 120,  75,  32, 105,  33,  97,  32,  34,
        94, 114, 121, 122,  78,  70, 121,  71,  72,  49,  37,  50,  49,
       119,  96,  52,  28,  34,  95,  60,  98,  51,  31,  49, 109,  36,
       112,  59,  74, 114,  18,  58,  55,  85, 112,  51,  46,  51,  52,
        78,  72,  50, 122,  33,  77,  76,  50,  33,  30,  88,   6,  67,
        48,  55,  97,  68,  35,  50, 101, 112,  73,  49,  77,  49,  49,
        33,  30,  54,  49, 100, 117,  75,  32, 117,  48,  28,  32,  75,
        34,  74,  37,  51])}, {'ts_index': 189, 'loc': 111, 'gap': 0.7487457365879235, 'distances': array([3.71628608, 4.45639775, 3.47686858, 5.09461917, 4.28836058,
       4.59565067, 5.84828867, 3.00857975, 3.623395  , 3.25969292,
       1.667404  , 4.69050717, 3.92593867, 3.68111308, 3.88160017,
       3.79497275, 5.2552165 , 4.4018065 , 3.79250558, 4.53954492,
       5.1546845 , 3.71955842, 5.14373692, 4.13251592, 4.84822617,
       3.75885917, 6.12156767, 5.18170558, 3.07208375, 3.936331  ,
       3.441784  , 4.819364  , 4.529523  , 2.32539742, 4.45178475,
       3.21541083, 5.11685708, 3.29733008, 3.16472442, 3.4119765 ,
       2.68665117, 4.04524858, 4.24924842, 4.49222783, 2.15003933,
       4.42613808, 5.45206567, 5.142841  , 5.11315892, 2.2986425 ,
       2.5247875 , 5.11076275, 1.08812817, 4.97440067, 2.53480808,
       2.54300017, 4.2471005 , 4.06030592, 4.82509325, 4.46579325,
       5.33268083, 2.0419715 , 4.77430567, 2.517251  , 4.67734733,
       5.33567408, 4.91637917, 4.04951458, 5.38350683, 3.7755185 ,
       4.65647033, 4.1246145 , 3.44268375, 3.37498225, 5.73043983,
       1.27073167, 3.9390455 , 5.10813583, 2.68364958, 2.76889183,
       3.54133833, 2.95946142, 4.12877067, 3.70820117, 3.23459117,
       4.50198817, 4.62824808, 2.75530175, 4.18711075, 2.89049967,
       3.94120333, 2.97044942, 4.01574133, 6.018778  , 2.00375325,
       1.510003  , 2.84663442, 4.033726  , 4.24761058, 4.67818517,
       3.30780558, 1.728983  , 2.39172975, 3.80387608, 4.80064567,
       3.93043517, 5.96374358, 5.47610167, 5.2941985 , 3.15530683,
       4.60042967, 5.25818025, 4.11438425, 2.80451125, 4.96129392,
       3.32783233, 5.42730308, 4.62469617, 2.30308058, 5.780356  ,
       3.88818925, 4.21585933, 3.764819  , 4.84973383, 5.42971292,
       2.53170108, 2.87568575, 2.37492492, 0.        , 3.86018517,
       2.24059183, 2.42522817, 4.47909342, 4.58136325, 4.57974683,
       3.95127625, 4.99144925, 2.61462583, 3.37293758, 2.13845467,
       3.908137  , 3.16354117, 4.55820575]), 'delta_distances': array([ 6.33805967,  7.34009283,  5.14943533,  7.25573433,  7.87288917,
        7.80509767,  6.53820733,  6.416131  ,  5.769389  ,  3.59810417,
        5.2457775 ,  6.446963  ,  6.38944283,  4.28541083,  6.18085433,
        5.003264  ,  8.59205917,  5.05137433,  5.17686183,  7.10695817,
        6.8882965 ,  3.09786433, 10.50183783,  4.96258267,  7.0770135 ,
        5.0134605 ,  9.86437283,  4.82170383,  5.48522967,  6.13645467,
        4.56306967,  3.76437033,  4.26830217,  3.76501   ,  5.03627433,
        7.49427967,  7.42078217,  5.1354835 ,  6.79712   ,  5.35073467,
        5.8644815 ,  5.11490567,  8.16674783,  5.248261  ,  3.99113717,
        5.96406733,  4.25307133,  6.90740633,  7.07412733,  3.78066417,
        4.79889917,  7.58977983,  3.767208  ,  7.27281083,  4.616489  ,
        4.6929025 ,  6.315731  ,  4.822165  ,  6.21491983,  6.113801  ,
        7.57954517,  3.044266  ,  3.85093217,  3.43256433,  5.25683433,
        6.40738117,  4.51864733,  7.461822  ,  5.74036333,  5.428611  ,
        7.68082033,  5.853796  ,  5.109615  ,  5.26197083,  6.35243033,
        2.76452033,  5.61960717,  5.08929867,  5.42092833,  3.26787517,
        5.741645  ,  5.22593283,  4.6160665 ,  5.65387033,  5.7111605 ,
        8.15491333,  8.35035317,  6.67921867,  5.60720733,  5.73025083,
        3.789286  ,  5.190347  ,  4.2788035 ,  5.80773433,  4.94197383,
        4.83111367,  4.47684167,  6.1166085 ,  4.70638817,  9.430748  ,
        5.04858967,  4.66448   ,  3.67624   ,  4.6588845 ,  7.87491767,
        5.2998115 ,  7.55640267,  4.205917  ,  7.410673  ,  4.103472  ,
        7.88471283,  7.23370633,  3.84694867,  5.57330017,  5.09764733,
        5.3476635 ,  5.340934  ,  7.63885417,  5.00760283,  7.11403183,
        5.14529217,  4.24987633,  5.79314633,  5.836348  ,  6.0594985 ,
        3.41459567,  5.16852633,  5.56299183,  0.        ,  5.507644  ,
        5.03645883,  6.30663283,  6.50725933,  9.3878935 ,  6.43126917,
        5.02788217,  6.49390967,  5.40229533,  5.35924683,  3.47208017,
        4.98342433,  5.36543667,  7.31753217]), 'locations': array([ 35, 107,  53,  74, 109,  46,  57,  61,  73,  85, 106,  75,  33,
        37,  74,  31,  46,  51,  84,  60,  59,  15,  33, 109,  35,  33,
        95,  53, 110, 112,  74,  11,  10, 112,   8,  46,  77, 107,  73,
        42,  96,  94, 109,  86, 108,  57,  14,  34,  74,  94, 107, 107,
        75,  97,  74,  97,  45,  96,  51,  72,  30, 113,  38,  11,  94,
        98, 103,  43,  88,  30,  96,  48,  28,  33,   6,   3, 104,  53,
        71, 108,  95,  31, 109,  44,  49,  33, 108,  69,  82, 107,  11,
        48, 101,  22,  32, 111,  33,  97,  44,  29,  92,  97, 107,  92,
        45,  86,   2,  34, 109,  34,  70,  41, 115,  47, 103, 108,  91,
        58,  45,  34,  35,  90,  95,   5,  76,  32,  65, 107, 111,  43,
       107, 107,  76,  68,  68,  81,  97, 105,  46,  71,  59,  46,  58])}, {'ts_index': 133, 'loc': 65, 'gap': 0.3140293920321984, 'distances': array([4.81138483, 5.25435267, 3.7603905 , 2.84723142, 4.15432067,
       4.38918825, 4.12127567, 3.12038033, 4.01718067, 4.06792642,
       4.4412585 , 4.247272  , 3.13392842, 2.75305883, 4.45248917,
       4.69878017, 4.46297308, 4.89309458, 4.03396842, 3.65360183,
       4.80636958, 3.26720667, 4.66931133, 4.69092617, 4.65122958,
       3.4553285 , 2.85343625, 1.87899042, 4.52219517, 4.7837055 ,
       4.77813258, 2.7834755 , 3.9910055 , 3.72809175, 4.64749267,
       4.33686   , 5.01650492, 4.19337692, 3.78522225, 3.74566808,
       4.00359875, 5.11756217, 4.29161275, 4.82358367, 3.33204408,
       4.7840295 , 3.46343608, 3.83112758, 3.93488833, 4.70899092,
       3.97026033, 3.88963167, 4.91909692, 4.54794075, 3.39789125,
       4.4340865 , 4.66754058, 4.49910092, 4.72565967, 2.76621575,
       4.0333815 , 3.58023392, 4.51970258, 3.63850708, 3.81674217,
       3.98551875, 4.8033095 , 4.31909308, 5.18992775, 3.70154575,
       4.392113  , 3.43930575, 2.63293392, 3.99219717, 4.50713642,
       4.15225133, 4.06284075, 4.24860408, 4.59727925, 4.882384  ,
       0.        , 2.7449405 , 4.174218  , 2.99807442, 5.03890042,
       3.3928905 , 3.98297033, 2.84656   , 3.43822975, 4.4913785 ,
       4.51374175, 3.59184925, 4.46135725, 3.69887458, 4.33923533,
       3.16166342, 3.74904133, 4.76177217, 3.45239242, 4.63886675,
       4.49847   , 3.97958942, 4.01319883, 4.26255225, 3.71887742,
       4.32091408, 2.85021333, 4.59629733, 3.91552533, 3.92396258,
       4.93872225, 3.86222992, 5.20405075, 3.08247642, 4.16240233,
       4.90838333, 4.27822317, 5.0358985 ]), 'delta_distances': array([ 7.74677017, 10.0361815 ,  5.63129683,  5.50346283,  4.93800083,
        7.25745267,  6.39499067,  6.000754  ,  4.93177367,  7.511558  ,
        4.7623865 ,  6.87644683,  6.020242  ,  5.368161  ,  8.7850895 ,
        6.3624785 ,  7.40872983,  6.343166  ,  7.20106   ,  8.3567955 ,
        6.32909217,  4.58813683,  5.56235283,  5.50741817,  7.22343267,
        5.61297233,  4.88417817,  5.29667433,  6.235266  ,  6.19323867,
        5.64298017,  5.055253  ,  5.9638735 ,  5.094321  ,  5.1689825 ,
        4.8837845 ,  8.17617533,  3.78302317,  6.98145567,  5.77791883,
        6.1331095 ,  5.68244567,  5.0153945 ,  3.83054383,  5.57814467,
        9.83484417,  4.8866305 ,  6.7201985 ,  4.23408883,  5.82252417,
        9.96980667,  7.91867317,  4.38889833,  6.15692467,  6.620359  ,
        5.010854  ,  7.85526317,  5.73150017,  7.87386133,  6.45545817,
        6.85796833,  5.67168633,  4.511655  ,  4.4307005 ,  9.93144317,
        5.2941065 ,  7.918794  ,  5.93456833,  6.31013217,  9.30891283,
        5.95074467,  5.805604  ,  4.5403775 ,  7.8193525 ,  6.08004967,
        7.04330567,  6.28952217,  5.48746067,  7.95752817,  7.623147  ,
        0.        ,  5.09211383,  5.43934733,  7.5405655 ,  5.36412233,
        5.040253  ,  5.98330683,  6.55919233,  3.80461917,  7.12327083,
        6.40425917,  7.65256133,  4.7226265 ,  6.3224905 ,  6.110719  ,
        4.41606567,  8.74715283,  6.54182783,  4.45751883,  7.5355825 ,
        5.29048467,  6.35895017,  6.61776567,  6.42993033,  6.26456017,
        4.25389883,  6.60379967,  7.38764383,  3.78208567,  5.73608183,
        4.235396  ,  4.715899  ,  4.3438605 ,  5.233944  ,  5.22808167,
        7.41784683,  8.60811417,  7.466172  ]), 'locations': array([100, 106,  83,  25,  86,  92,  89,  66,  16, 110,  98,  39, 113,
        98,  89,  87, 101, 100,  20,  63,  99,  37,  19,  66,  90, 102,
        93,  66, 101,  77,  65,  85, 102,  87,  99,  11, 102, 106, 109,
       104,  57,  89,  16,  84,  28, 107,  92,  27,  19, 105,  25,  41,
        12,  47, 100,  13, 102,  90,  94, 103, 101, 100,   7,  87,  26,
        56,  94,  90, 112,  64, 105,  56,  39,  41, 110,  40,  40, 107,
        87, 106,  65, 106,  53,  68,  99,  87,  35, 106,  86,  96, 102,
        18,  15,  99,   8,  82, 103, 100,  39, 101,   7,  62,  62, 101,
        59,   8, 106,  43,  38, 102, 114,   3,  12,  99,  96,  25, 101,
        39])}, {'ts_index': 92, 'loc': 61, 'gap': 0.6082909152022515, 'distances': array([2.49775592, 4.199803  , 3.95204817, 4.85751333, 3.3421505 ,
       4.27351592, 4.21067525, 3.78496183, 3.80585525, 4.58926042,
       3.76210817, 4.60895792, 3.48064683, 3.12242225, 3.70297   ,
       4.612866  , 4.34945092, 2.77650392, 5.16445142, 3.89570525,
       4.58927167, 2.852112  , 3.02513842, 3.43955067, 3.37247558,
       3.74084792, 2.81229667, 3.20214633, 2.27773242, 4.15010608,
       3.58526467, 4.8889515 , 5.14504608, 3.8737025 , 3.79344   ,
       3.880929  , 4.51001867, 4.14912742, 1.74648017, 4.175423  ,
       4.15710258, 2.29971058, 4.91063583, 1.84068533, 4.5498925 ,
       3.0726725 , 0.        , 1.92949875, 3.2141665 , 5.13574258,
       4.78192417, 3.36113625, 4.56332042, 3.65459042, 5.34656675,
       1.168718  , 4.50171033, 4.09823317, 4.16213958, 3.400664  ,
       2.91393117, 4.57236333, 2.46295292, 4.45871208, 3.92703358,
       3.55756158, 1.87366183, 2.2289495 , 3.82247342, 4.85633883,
       3.9645575 , 4.34574025, 4.44419275, 1.88812575, 3.83808567,
       3.68129183, 4.51166725, 2.57305925, 3.47096092, 2.80611775,
       5.08755042, 4.16684758, 5.42524325, 4.52113733, 3.99969567,
       3.86146675, 4.62736242, 2.85521575, 2.96683883, 2.44264167,
       5.35108808, 4.42877375, 3.4440835 , 3.05679983, 4.10207175,
       2.75144458, 3.48089933]), 'delta_distances': array([4.6935175 , 6.81177333, 5.63603383, 4.75906183, 2.98169067,
       7.175348  , 4.841644  , 4.070747  , 5.3241425 , 3.28178383,
       4.4746075 , 3.725023  , 6.97215283, 4.9762695 , 3.76701333,
       2.3372665 , 4.0869285 , 6.936505  , 8.67782167, 8.117008  ,
       6.88450217, 3.75995233, 3.99232717, 2.56880217, 2.35982883,
       4.32926067, 5.04699517, 3.209804  , 3.90360233, 5.16141617,
       5.09106233, 5.31127783, 4.4921055 , 4.12038283, 5.63836283,
       4.00660067, 2.8875765 , 3.33393067, 4.56755533, 3.70630317,
       2.97534983, 5.23412267, 2.97053017, 3.38682267, 4.62967917,
       6.02368583, 0.        , 4.16311217, 3.8486645 , 7.76549317,
       3.12990233, 2.78108083, 4.48037767, 6.057966  , 4.31025883,
       4.421361  , 5.67027767, 4.96939133, 5.93716033, 3.775005  ,
       4.54962033, 5.286098  , 2.5166635 , 3.5120065 , 3.89360783,
       4.540439  , 3.8651365 , 3.61027717, 4.6012385 , 5.07759317,
       4.81911617, 3.40645917, 3.33102467, 3.8829835 , 3.574915  ,
       5.61850383, 3.89153433, 5.853718  , 3.5518745 , 3.81860017,
       3.6331235 , 4.4067935 , 5.7922375 , 3.7519435 , 3.72180733,
       5.85515867, 3.60035283, 3.5894115 , 3.57606467, 4.4674035 ,
       6.21264783, 5.035958  , 6.64207967, 3.89538833, 5.562578  ,
       4.913009  , 3.69831333]), 'locations': array([ 63,  53, 131, 129, 129,  64,  54,  76,  57, 128,  22, 125,  34,
        54, 130, 126, 131,  61,  26,  65,  86,  33,  43, 128, 130, 130,
        61,  52,  64,  63,  64,  59, 127,  48,  64, 130, 127, 127,  61,
       127, 129,  63, 130,  60,  85,  62,  61,  56, 129,  59, 129, 126,
       129,  95,  44,  39, 131, 129,  96,  35,  40,  63,  60, 129,  98,
        51,  39,  63,  63,  20,  58, 128, 127,  62,  85,  61, 129,  38,
       128,  79,  40,  49, 130,  84, 131,  86, 129, 131,  55,  61,  20,
        59,  63,  37,  50,  37,  67])}, {'ts_index': 81, 'loc': 1, 'gap': 0.37076754155120906, 'distances': array([0.26261233, 0.732898  , 1.34775242, 0.58095425, 0.49764   ,
       0.36781117, 0.86783883, 1.67538908, 0.92364658, 0.85050608,
       0.37185308, 0.61984825, 1.53379075, 0.6624265 , 0.54155117,
       0.69598683, 0.74686525, 1.9272395 , 0.60527967, 0.28336508,
       0.78812225, 0.41446325, 1.03215158, 1.64064108, 0.497198  ,
       0.61626908, 0.38520892, 0.99210983, 0.69553675, 2.43961817,
       0.31883975, 0.99428783, 0.65412275, 0.27284758, 0.51571708,
       0.40657325, 0.        , 0.66221192, 0.57061333, 0.307832  ,
       0.79744042, 0.54363892, 1.19046225, 0.22948733, 0.38952975,
       1.28282192, 1.18137367, 0.91321908, 0.19547258, 0.80073117,
       1.07266483, 1.029345  , 0.333875  , 0.53283508, 0.42834417,
       0.63148092, 0.64968067, 1.82696292, 0.94383017, 1.18928617,
       0.8916165 , 0.49734492, 0.48405783, 1.09259067, 1.69531742,
       0.25197708, 0.35570217, 0.25991567, 0.36101092, 0.94680183,
       1.2597625 , 0.41280133, 0.56926817, 1.129036  , 1.57767442,
       1.30006117, 0.40783967, 0.34910583, 1.419957  ]), 'delta_distances': array([1.186628  , 2.34789567, 2.68298333, 1.33705117, 2.10985933,
       1.49948833, 2.72048767, 3.7776465 , 3.1225995 , 2.1780675 ,
       1.4732455 , 1.76430267, 2.956849  , 1.844156  , 1.89883883,
       1.757652  , 2.13524683, 3.1504785 , 1.48878867, 1.5920745 ,
       2.150381  , 1.437467  , 2.25853117, 2.8672545 , 1.3762465 ,
       1.97148933, 1.5296905 , 1.48376717, 2.35701433, 6.16173883,
       1.37352417, 4.032948  , 1.81848283, 1.014283  , 1.830438  ,
       1.54323317, 0.        , 2.21893817, 1.68667483, 1.14022633,
       4.5618975 , 1.26335017, 2.77053333, 1.2758235 , 1.73266833,
       1.65278567, 2.9666585 , 2.17772333, 1.26651633, 2.186764  ,
       2.4221465 , 2.41834133, 1.00203867, 1.79377817, 1.4115075 ,
       1.7733765 , 2.22573033, 3.535935  , 2.3135945 , 2.24887217,
       1.913484  , 1.27061317, 1.11956483, 2.43202683, 3.43905583,
       0.986603  , 1.45492683, 1.204659  , 1.24355117, 1.56280267,
       2.55127567, 1.62883083, 1.59607   , 2.02758683, 3.0932475 ,
       2.5338815 , 1.307824  , 1.30478467, 3.886963  ]), 'locations': array([  1,  31,   0,   2,   1,   0,   0,  76,   0,   0,   0,   2,  78,
         3,   1,   0,   1,   7,   0,   0,   0,   0,   2,   1,   0,  78,
         0,   2,  76,  35,   1, 106,   3,   0,   0,   0,   1,   3,   3,
         2,  73,   2,   0,   0,   1,   0,  52,   3,   0,   3,   4,   0,
         1,   0,   1,   0,   1,   0,   0,   2,   1,   1,   0,   1,  47,
         1,   0,   1,   0,   0,   5,   1,  77,   0, 125,   0,   0,   2,
       108])}, {'ts_index': 178, 'loc': 132, 'gap': 0.2649287602769519, 'distances': array([0.8699225 , 1.57799008, 1.35701833, 1.43356858, 0.37204892,
       1.92783233, 1.40278675, 1.12602208, 0.82031158, 1.04717225,
       1.04376467, 0.81396858, 1.4721305 , 0.61068733]), 'delta_distances': array([2.65335367, 4.73662083, 3.62273633, 2.45108317, 1.38325033,
       2.62001567, 1.8975795 , 2.49540083, 3.2916825 , 3.91287983,
       2.506217  , 3.14511317, 3.51571667, 1.90758683]), 'locations': array([130,  56, 131,  59, 130, 131, 126, 129,  59,  40, 130,  50,  55,
       131])}], 'clusters': array([1, 2, 5, 2, 6, 6, 2, 4, 7, 6, 6, 4, 6, 6, 3, 0, 6, 1, 4, 1, 4, 6,
       6, 6, 0, 6, 6, 1, 6, 4, 5, 1, 6, 1, 0, 2, 6, 2, 4, 1, 4, 6, 6, 6,
       4, 3, 6, 7, 2, 1, 5, 6, 5, 6, 3, 6, 1, 6, 6, 3, 0, 6, 2, 6, 4, 3,
       2, 3, 6, 3, 6, 3, 2, 3, 5, 6, 1, 1, 1, 6, 5, 6, 3, 5, 3, 6, 2, 1,
       4, 1, 6, 1, 5, 1, 1, 5, 6, 4, 1, 2, 6, 6, 0, 2, 6, 2, 3, 6, 2, 7,
       1, 3, 5, 1, 6, 6, 6, 6, 2, 2, 2, 6, 4, 6, 5, 1, 6, 6, 6, 2, 5, 1,
       5, 4, 2, 2, 2, 3, 3, 1, 4, 6, 4, 6, 4, 3, 1, 3, 1, 7, 4, 4, 6, 6,
       2, 1, 5, 6, 2, 1, 6, 2, 2, 6, 4, 5, 6, 5, 7, 6, 2, 1, 3, 6, 6, 6,
       6, 1, 7, 1, 1, 4, 1, 1, 1, 3, 6, 2, 3, 3, 6, 3, 3, 5, 6, 7, 2, 0,
       4, 3, 6, 1, 3, 6, 1, 5, 1, 2, 2, 7]), 'time': 320.09299540519714}
lenSubsequence: 15{'RI': 0.5943950786056049, 'num_clusters': 4, 'uShapelets': [{'ts_index': 42, 'loc': 68, 'gap': 0.9533245696145878, 'distances': array([10.91991073,  7.67224893,  9.531722  , 10.1909232 , 10.8747152 ,
       10.11155133,  7.80144793,  7.63345807, 10.76746333, 13.0156974 ,
        7.62623693,  7.30508273, 11.37008267, 10.3540638 ,  8.20848353,
        8.7225442 ,  8.43574507,  7.43143993, 10.0123948 ,  8.67282993,
        9.2239778 ,  5.0864436 , 11.39486333,  6.7641814 ,  8.501523  ,
       10.660235  , 11.1261226 ,  7.2824704 , 10.83736533, 10.8420448 ,
        7.93516853, 10.70488353,  8.93737347,  7.08872067,  8.3966702 ,
       10.94425533, 11.18457027,  7.931628  , 10.61610727, 10.3562354 ,
        8.20409407,  8.9064804 ,  0.        , 10.29992987,  8.98148047,
        9.02738167,  9.9164122 ,  8.7849324 , 11.09371413, 12.17611127,
        9.77179653,  9.0615522 ,  8.3810066 ,  8.65171127,  8.36704373,
        9.6141408 , 10.81899167,  9.46669033,  9.81988767, 10.52872533,
        9.7669028 ,  8.88631387, 11.00933807,  8.23463033,  7.3770132 ,
        7.23058713, 11.5925616 ,  8.64893473,  9.22426913,  7.3646384 ,
       12.1660812 ,  4.7204416 , 11.0663736 ,  5.92481347,  8.27421007,
       11.61346353,  9.149935  , 10.4160882 , 10.51641993, 10.22826727,
        5.27058073, 10.6108824 , 11.89828   ,  3.3976886 , 11.5879846 ,
       10.43218087,  7.30449393,  7.148527  ,  9.548045  ,  7.65844473,
       11.39258773, 10.83104593,  3.89755553,  6.78427167, 11.1419106 ,
        8.3470952 ,  8.21365207,  9.06607053, 11.80589407,  7.10118453,
       10.51730767, 10.27884733,  6.2131092 ,  9.0752924 , 11.57565187,
       10.27962073,  7.5071604 , 10.73925553, 10.01755   , 10.9895242 ,
       11.05639293,  9.98918227,  6.92129813,  7.22623953,  9.3971018 ,
        9.47052647,  9.92749533, 11.46151013, 10.98863227, 10.67111253,
       11.74061167,  9.21393793,  8.94577087,  6.63185707,  7.72687653,
       10.7069804 , 10.59790527, 10.6001336 ,  8.756603  ,  7.90421453,
       11.2132652 , 10.605835  ,  9.017155  , 10.52814073, 10.1967676 ,
       10.53540193, 11.1225718 , 10.36029667,  9.98459653, 11.16181853,
       11.51686093,  8.46108753, 11.69618947,  9.37164733,  9.49369047,
        7.5678602 ,  7.3433148 ,  8.82239193,  9.44246573,  8.81030613,
        8.94867247, 10.9186252 , 10.40984493, 11.51828327, 10.70874333,
        9.9229734 ,  9.60476687, 10.6536798 , 11.29234573, 11.51361627,
        6.23441787,  9.8494624 ,  5.12841113,  9.8544982 ,  7.10181753,
        8.4654862 ,  8.43121587, 10.31805687, 11.0811778 , 10.03879953,
       12.68492667,  6.8545968 ,  7.18460153, 12.649444  , 10.91682447,
        8.44789347, 11.03498267,  9.19898593, 11.30451767, 10.139267  ,
       10.76793367,  5.840978  , 10.2883114 , 11.1982078 , 10.87122393,
        9.60089133, 12.14740473, 11.54455413, 10.51368833,  6.3089726 ,
        8.44751207,  9.90093407,  4.30672047,  7.3931394 , 10.098477  ,
        9.18430787, 10.45455113,  9.6666536 , 10.3623726 ,  8.81939007,
        8.47570133, 11.60283827,  7.19425827,  9.9267596 ,  9.72641247,
        7.82949033,  9.58386693, 10.0056604 ,  9.1328696 ,  8.41258893]), 'delta_distances': array([18.14798627, 16.6739808 , 21.9464376 , 21.68922053, 21.263478  ,
       20.35497587, 20.2450484 , 17.35539773, 17.47385373, 18.99143787,
       20.6243284 , 16.9196876 , 16.36679347, 16.91141267, 15.86912   ,
       19.29430373, 18.92261867, 17.69929027, 15.78648493, 19.0060832 ,
       17.53879453, 12.66938293, 20.9218524 , 15.44198587, 15.1895524 ,
       22.43913227, 20.61762387, 16.46018147, 19.3664916 , 16.8931624 ,
       16.07473613, 17.0129364 , 18.42679973, 17.02509573, 22.2397936 ,
       23.16179053, 19.5048984 , 17.02714493, 19.4542552 , 16.60198187,
       18.50760133, 17.1563624 ,  0.        , 16.64655227, 19.63210587,
       18.8289944 , 18.74486067, 18.56755453, 19.427464  , 17.45347413,
       20.6247832 , 18.38710253, 16.205406  , 21.66601373, 19.4149864 ,
       19.96668773, 23.52639853, 19.98414307, 16.83881467, 17.5075288 ,
       19.59026413, 17.27774187, 18.1751852 , 17.28569013, 15.84585027,
       15.63919653, 20.7203388 , 18.54702147, 18.8729288 , 19.43027373,
       17.18503973, 14.3060428 , 17.635622  , 15.61946987, 16.98914093,
       19.2312708 , 15.92954267, 19.7814712 , 17.1199264 , 17.14025733,
       13.20304707, 16.4698512 , 19.74594947, 11.38747907, 19.722562  ,
       17.7756108 , 17.0989616 , 15.92795427, 19.05907453, 20.17363173,
       17.51688947, 19.0053456 , 12.7663652 , 15.6545572 , 17.8341688 ,
       17.4941056 , 19.264498  , 17.23109667, 19.183728  , 17.86020893,
       19.24263147, 17.01489013, 14.63689827, 20.1775344 , 17.26124987,
       21.36798387, 15.16161987, 18.23857253, 22.27438507, 18.9312192 ,
       21.05958413, 18.83388747, 17.27540213, 18.49001187, 20.48649173,
       17.3991468 , 19.0551888 , 18.5885696 , 19.31124693, 20.32357653,
       18.87436307, 16.43336987, 18.10669213, 16.77182147, 18.19302053,
       23.1390308 , 18.2839448 , 20.22392733, 16.9362312 , 17.53640827,
       18.42924413, 18.6868648 , 23.8453692 , 17.77113253, 17.0231332 ,
       16.90647013, 19.322208  , 20.9854888 , 20.4049496 , 18.76251587,
       17.40079453, 20.32251267, 16.514706  , 15.9381452 , 18.56731013,
       15.59789653, 16.6701352 , 20.46954747, 15.5441012 , 18.83887827,
       19.17617427, 20.7533664 , 17.8049464 , 19.8026044 , 19.323474  ,
       20.43284373, 19.01958907, 17.0855188 , 21.705074  , 18.17059027,
       15.99471333, 18.97066427, 15.76130813, 18.81567067, 19.3026632 ,
       16.15034547, 16.2818576 , 17.77479387, 18.906904  , 18.41157227,
       18.0030948 , 16.65045027, 14.28435627, 18.30953907, 18.64117747,
       20.89817253, 17.34907813, 18.5339492 , 20.55993613, 15.8523476 ,
       18.59841067, 13.0619452 , 20.9071528 , 18.89031187, 20.90742733,
       18.175814  , 17.95679307, 19.31277147, 18.20347573, 15.28036333,
       15.41819427, 18.58476827, 14.52895933, 17.1923964 , 19.5759484 ,
       20.152676  , 21.96589173, 22.15843693, 18.18191413, 16.92093253,
       20.02992587, 17.07243293, 19.21523987, 17.7535996 , 15.63645173,
       17.64629347, 18.36080253, 16.65958493, 20.25137773, 17.75484333]), 'locations': array([  1,  95,  93,  56,  44,  28,  45,  72, 107,   6,  71,  59,   2,
        83,   1,  73,  31,  28,   0,  70,   0,  29,  44,  41,  78,  70,
        78,  72,  45,  70,  68, 128, 105,  72,  72,  72,  92,  65,  47,
        81, 108,  40,  68,  78,  68,  56,   6,  44,  79,   3,  68,  59,
        70,  70,  94,  54,  68,  43,  69,  52,  24,  70,  57,  29,  68,
        92, 104,  58,  77,  73,   0,  72,  84,  71,  68,  52,  81, 106,
         2,  70,  70,  79,  80,  67,   9,   0,  43,  67,  64,  27,   2,
        61,  68,  69,  75,  63,  69,  86,   2, 106,  66,   1,  27,  65,
         4, 104,   1,  56,  71,  71,  62,  69, 106,  91,  93,  29, 103,
        83,  51,  27,  55,  47, 104, 105,  67, 105,  52, 105,  58,  69,
        46,  73,  70,  51,   2,  81,  77,  67,  71,  52,   2,  70,   1,
         0, 105,  95,  71,  67,  27,  71,  71,  30,  79,  66,  96,  73,
        71,   6,  70,   1,  68,  66,  28,  39,  72,  69,  67,  63,  46,
        56,   1,  30, 106,   0,  33,  46,  75,  82,  52,   0,  94,  69,
        70,  75,  28,  30,   3, 107,  82,  69,  74,  43, 105,  68,  27,
        65,  28,  70,  50,  65,  66,  88,  69,  57,   2,  44,  82,   0,
       107, 107])}, {'ts_index': 105, 'loc': 30, 'gap': 0.8413132853003713, 'distances': array([4.5085838 , 5.42145073, 4.81321567, 4.54795913, 6.40077853,
       3.62362773, 4.31363353, 3.6256188 , 4.27737613, 5.66716127,
       3.787905  , 4.99399473, 6.24098487, 6.6471472 , 5.9504008 ,
       4.69110467, 4.60253333, 5.7326972 , 5.54432747, 4.97422227,
       5.9742032 , 6.58332027, 4.59297933, 4.7077504 , 5.65458547,
       1.9928764 , 4.601089  , 5.6860666 , 2.895947  , 4.4341618 ,
       3.18374467, 6.08301487, 4.02437967, 4.62558587, 5.28779227,
       4.71180087, 5.58923147, 5.30319053, 4.82421933, 4.04613147,
       3.52703713, 2.84863053, 5.16813887, 5.31136773, 6.08828753,
       6.10062493, 4.5624918 , 5.7033874 , 2.4297408 , 5.0523744 ,
       5.1616642 , 5.49560787, 6.18142773, 5.0591294 , 3.93497833,
       4.74281907, 2.16170853, 5.687466  , 4.0443148 , 5.69682087,
       3.74484107, 5.06642293, 4.14219653, 1.3102726 , 3.11832413,
       2.42504647, 6.20131347, 4.88619767, 5.74527887, 4.76049893,
       5.8830494 , 6.4013606 , 3.74790387, 6.0386798 , 3.8987594 ,
       3.64322073, 5.23723347, 4.34804733, 4.58955193, 4.04276613,
       6.13879867, 4.7444138 , 2.3306896 , 5.47621147, 0.        ,
       5.83329447, 3.28341353, 4.81817907, 4.42060727, 4.63505853,
       5.44531773, 7.4094222 , 3.86256933, 5.657307  , 2.90638973,
       2.00788813, 2.9668076 , 4.01568413, 4.9457694 , 5.6871176 ,
       4.45655253, 6.9464704 , 4.75133207, 5.8298028 , 2.78151627,
       5.80388193, 6.37291053, 5.4965352 , 4.42653053, 2.54797947,
       2.5727732 , 1.8649438 , 5.02762207, 4.20075787, 4.1242452 ,
       3.8679026 , 6.13402607, 4.501272  , 5.64207473, 5.02133153,
       6.28805987, 3.16898347, 5.38480447, 4.069116  , 5.47109393,
       4.84240033, 5.96092253, 4.37153933, 3.95114833, 5.64191253,
       5.33907993, 3.96764467, 5.03887253, 3.92901333, 5.50983113,
       6.5583768 , 5.54996007, 6.39589527, 5.54772747, 5.49366493,
       3.49996093, 4.36232113, 4.644583  , 5.2293426 , 5.03505493,
       4.65911613, 4.72994793, 2.71559047, 2.56558773, 6.1486606 ,
       4.28231833, 3.2687144 , 4.5474056 , 6.0113616 , 3.67730513,
       5.4603356 , 4.61347913, 6.50858393, 5.66072233, 5.0787488 ,
       1.3007732 , 5.3197914 , 4.019493  , 4.59114313, 5.7737072 ,
       3.45775873, 5.3853992 , 3.701965  , 3.8232628 , 3.6526028 ,
       3.08232113, 4.9869156 , 6.01426313]), 'delta_distances': array([ 8.8573856 ,  5.9923636 ,  6.34420107,  5.13231573,  5.49056   ,
        7.1746576 ,  6.23765707,  7.2912128 ,  6.97499   , 11.07372307,
        9.95369573,  7.08778693,  9.04589813,  3.76208693, 10.44231733,
        3.99116427,  7.69656387,  5.86375507,  5.34903933,  8.5025784 ,
        7.1240268 ,  5.446918  ,  5.73711387,  5.7401904 ,  9.78304467,
        3.96823107,  7.4099212 ,  6.00772093,  4.2527604 ,  8.3826048 ,
        5.88297413,  7.92525147,  6.51340747,  8.9071364 ,  4.9569096 ,
        6.7796372 ,  6.68492813,  5.378404  ,  6.98152293,  5.04997867,
        6.62283413,  5.1443896 ,  6.4608092 ,  8.05386053,  5.61265187,
        6.6238464 ,  6.43042853,  3.99860227,  5.9734288 ,  5.65928413,
        9.074536  ,  6.32327133,  7.75183587,  3.4470876 ,  9.91698   ,
        6.74046533,  5.51547013,  6.88386547,  5.58110907,  4.67221893,
        5.94259733,  6.879686  ,  5.418026  ,  4.77848467,  6.0718564 ,
        4.80669173,  6.2441868 ,  5.48561013,  7.1743928 ,  7.037262  ,
        6.76161067,  6.83640067,  5.74469533,  5.41977467,  5.63036453,
        7.75730387,  5.9942852 ,  5.41354493,  8.7874124 ,  6.5498568 ,
        6.13225653,  4.3392744 ,  5.94802187,  4.9909584 ,  0.        ,
        5.98002507,  6.93761773,  7.59448733,  7.7717428 ,  6.64584613,
        3.81131733,  7.2326644 ,  8.06251107,  4.1151304 ,  5.919664  ,
        5.20412213,  5.1899112 ,  6.15922187,  6.2336928 ,  6.75467573,
        8.461168  ,  4.33282067,  5.68263107,  5.40548733,  5.7768876 ,
        8.67113293, 11.11311147,  7.74451413,  5.99561773,  4.0906212 ,
        5.60446453,  4.03121773,  8.6828244 ,  5.457096  ,  5.87376853,
        7.05894267,  4.913788  ,  8.6586604 ,  6.27246813,  4.62361333,
        4.0065228 ,  6.570212  ,  6.2990716 ,  8.62741467,  7.58227747,
        6.7992964 ,  7.0765248 ,  6.205684  ,  6.99511733,  3.37446307,
        5.23998027,  5.85567027,  5.8983224 ,  6.35093747,  9.28059973,
        5.268714  ,  6.55158133,  6.82283973,  5.54152387,  7.12282093,
        6.12800387,  5.07827213,  7.76313093,  6.1427588 ,  7.1558676 ,
        5.7145716 ,  4.74048493,  5.0531604 ,  5.89248587,  4.8050224 ,
        5.926126  ,  5.8594368 ,  5.10229533,  6.84268187,  6.4210396 ,
        5.30195347,  9.38033213,  6.62987773,  4.8831968 ,  5.5876948 ,
        3.9994832 ,  7.00095853,  4.9954124 ,  6.17400693,  9.17730653,
        5.59822613,  5.5412408 ,  6.91354427,  6.6031628 ,  4.8952716 ,
        6.5764996 ,  9.47523187,  6.68042   ]), 'locations': array([ 70, 114, 111, 112, 117, 103,  70,  62,  44,  66, 108,  48,  58,
       117, 107, 116,  45,  45, 115,  27,  23, 117, 110,  45,  27,  26,
        75,  93,  30,  32,  94,  27,  68,  74,  27,  73,  88, 115, 110,
        90,  45, 107,  29,  74, 113, 115,  30, 118, 110,  29,  45,  31,
        44, 121,  72,  96,  45, 110,  97,  25,  75, 106,  30,  45,  92,
        24, 110,  26,  44,  32,  32, 103,  48,  23,  95,  66, 110, 109,
        71,  31,  25, 117,  96, 102,  30,  29,  31,  29,  44, 111, 119,
        94,  67, 118,  68,  69,  46,  34,  47,  42,  48, 118,  49, 116,
        31,  92, 108,  29,  73,  48,  28,  46, 106,  24,  44, 109, 120,
        71, 111,  15, 122,  45,  45, 109,  44,  43,  48,  49,  94, 119,
       114,  47, 104,  30, 107,  89,  27,  23,  30,  64,  45,  94,  65,
        32,  27, 107,  98,  43,  70,  57,  28,  96,  70,  28,  74,  27,
        30,  27,  51,   6,  72, 110, 114,  45,  25, 110,  72, 108,  31,
        97,  71,  75,  93])}, {'ts_index': 6, 'loc': 20, 'gap': 0.5529317459533472, 'distances': array([2.9715414 , 1.26920327, 2.6634594 , 1.015795  , 2.52845707,
       0.        , 3.01310193, 2.7202278 , 3.04286667, 2.63217847,
       2.26514807, 1.5649838 , 2.82282673, 3.1663382 , 2.8062978 ,
       3.33150613, 2.88828187, 2.5401748 , 2.4236702 , 2.7054584 ,
       2.81143873, 3.02234167, 2.0088956 , 3.3708666 , 2.4742196 ,
       3.2620924 , 3.41710007, 3.05216447, 2.74853027, 1.52431033,
       2.93408367, 1.64287347, 2.40200487, 2.3926688 , 1.39060947,
       3.12031893, 2.07538247, 3.13661167, 3.29777973, 2.54538187,
       2.9095176 , 1.60194993, 1.88130473, 2.77737047, 2.358829  ,
       3.08611187, 3.240782  , 2.72563447, 1.68062733, 2.99602493,
       3.397229  , 3.14801967, 3.09443113, 2.9718538 , 2.50233187,
       2.7720266 , 2.19735207, 3.04992667, 2.98524747, 2.23082227,
       3.01897867, 2.39260367, 2.4963626 , 3.58652847, 2.54040767,
       2.25896153, 2.12156447, 2.59120147, 1.99181413, 3.0668472 ,
       2.60342413, 3.10133033, 3.26593473, 3.01438627, 2.77142293,
       2.40190733, 1.52112167, 2.97263953, 2.10299653, 2.9269306 ,
       3.43478213, 3.01876467, 3.13304053, 2.7709318 , 2.1888124 ,
       2.80264893, 1.6793942 , 2.8812718 , 2.920338  , 2.3146404 ,
       2.35298993, 0.97962467, 3.55377813, 1.64147667, 2.05147073,
       2.45678007, 2.7241192 , 2.04930813, 2.40644727, 2.9280106 ,
       2.3847824 , 2.99931827, 2.33939107, 3.051901  , 1.36831913,
       2.64029113, 1.28066633, 1.18681647, 3.43770433, 2.592532  ,
       2.04590713, 2.99847353, 1.87116493, 3.1181206 , 2.69627767,
       2.55854093, 3.10632453, 2.8278678 , 3.13461047, 3.2598182 ,
       2.5534594 , 3.4834032 , 3.0578348 , 1.63399913, 3.110237  ,
       2.62146573, 2.52353647, 1.782704  , 0.720624  , 2.4986234 ,
       1.84320267, 2.9562954 , 2.19288467, 1.49184867, 2.76710133,
       1.92232293, 3.2423488 , 1.45245833, 3.08209333, 3.24260933,
       2.47324533, 2.9040298 , 3.4143614 ]), 'delta_distances': array([7.97574627, 4.4979148 , 7.31917827, 3.99489387, 5.81115813,
       0.        , 3.0047008 , 6.84778067, 6.4688428 , 5.4372204 ,
       6.24811253, 4.74466987, 5.0959332 , 6.08491347, 4.10622853,
       5.27470627, 5.9613536 , 4.6570156 , 3.71525907, 7.6641252 ,
       5.021522  , 6.34185653, 4.15376653, 3.63825707, 7.73037107,
       6.13897413, 4.75377573, 6.82654907, 4.2010244 , 5.15189373,
       5.33342227, 2.71194707, 4.5625304 , 4.44643747, 3.89921333,
       4.13037587, 5.8380388 , 7.56943093, 6.18213093, 6.31797333,
       8.600124  , 4.8412944 , 5.155812  , 3.81974693, 5.2002484 ,
       3.63975947, 6.08905253, 4.13885613, 3.8927152 , 6.55188147,
       4.9580136 , 7.64411107, 5.12753   , 5.50722507, 5.065304  ,
       5.18217307, 5.42054387, 7.5468448 , 4.9825384 , 4.52271133,
       4.89609973, 3.94419213, 5.37967307, 4.1244888 , 4.38302973,
       6.12099773, 5.500322  , 7.7036912 , 4.54875987, 6.84572747,
       5.47769573, 8.9261644 , 3.33117693, 5.44923627, 6.4256016 ,
       6.74949067, 5.0628064 , 4.2527892 , 5.3205456 , 6.2784948 ,
       6.45707867, 4.20925213, 6.89198813, 4.49245453, 5.5183052 ,
       5.303704  , 5.3043856 , 5.93219907, 6.75150053, 3.94261467,
       3.56064613, 2.2746416 , 6.86583947, 4.113282  , 4.3930328 ,
       5.3643812 , 6.6792768 , 3.52441747, 5.9441708 , 6.15499013,
       4.01698867, 4.14702693, 2.34015653, 5.89870893, 4.50249627,
       5.0073016 , 4.45935053, 4.21524373, 5.3278448 , 3.4537468 ,
       4.86570827, 6.8916732 , 4.60877693, 6.90086707, 5.12651933,
       4.928784  , 6.01743067, 3.8123028 , 3.6961032 , 4.99787307,
       6.6957544 , 8.23093787, 5.17365227, 3.67995253, 5.34378907,
       5.6520288 , 4.2164164 , 5.38559413, 2.4509756 , 6.08265413,
       4.25067427, 5.89310107, 3.3251956 , 4.31071733, 3.88405347,
       4.75868373, 5.9069268 , 3.9933356 , 6.20069573, 4.13480027,
       4.59931613, 3.59608613, 6.3216388 ]), 'locations': array([ 20,  17,  28,  99,  26,  20,  11,  26,  23,  18,  23,  18,  42,
       102, 109,  56,  27,  42,  18,  26,   8,  26,  24, 117,  26,  18,
       110,  37,  38, 105,  28,  18,  93,  98,  25, 107, 100,  66,  35,
        38,  66, 102,  22,  13,  42, 114, 102, 116, 100,  22, 108, 102,
        25, 102,  25, 101, 106,  64, 108,  30,  84,  96, 102, 115, 102,
        23,  81, 101,  41,  21,  19,  67,  17, 102,  64,  88,  24,  90,
        24,  93,  92, 108,  66,  22, 100,  21,  41,  42,  28,  15,  25,
       104,  26,  26,  19, 101, 103,  85, 100,  85,  38,  93,  18,  44,
        91,  19, 102,  40,  15,  22,  90,  24,  23,  54,  81, 106,  40,
       114, 105,  24,  88,  41,  86,  27,  21,  25,  39, 102, 100,  36,
       100,  61,  35,  41,  15,  24, 106,  21,  23,  18,  16,  81,  85])}], 'clusters': array([0, 3, 0, 3, 0, 2, 3, 2, 0, 0, 1, 1, 0, 0, 0, 3, 0, 1, 0, 0, 0, 1,
       0, 1, 0, 0, 0, 1, 0, 0, 0, 2, 0, 1, 0, 2, 0, 2, 0, 0, 0, 3, 1, 0,
       3, 0, 0, 3, 2, 2, 0, 0, 0, 0, 0, 0, 2, 3, 3, 0, 0, 0, 0, 0, 1, 1,
       2, 3, 0, 1, 0, 1, 0, 1, 0, 0, 2, 2, 2, 0, 1, 0, 0, 1, 0, 0, 1, 1,
       0, 0, 0, 0, 1, 1, 0, 0, 0, 0, 0, 1, 0, 0, 1, 2, 0, 2, 1, 0, 2, 0,
       0, 0, 1, 1, 0, 3, 0, 0, 2, 2, 2, 0, 0, 1, 0, 0, 0, 0, 0, 2, 3, 0,
       0, 0, 2, 2, 2, 0, 3, 0, 3, 0, 0, 0, 0, 1, 1, 0, 2, 0, 0, 0, 0, 0,
       3, 0, 3, 3, 0, 0, 1, 0, 1, 0, 1, 3, 0, 0, 0, 0, 2, 1, 1, 0, 0, 0,
       0, 0, 0, 2, 2, 1, 3, 0, 2, 0, 0, 3, 3, 1, 0, 3, 1, 1, 0, 0, 2, 3,
       0, 3, 0, 2, 1, 3, 0, 0, 0, 2, 0, 0]), 'time': 263.45057582855225}
