lenSubsequence: 8{'RI': 0.5945665160251415, 'num_clusters': 2, 'uShapelets': [{'ts_index': 67, 'loc': 33, 'gap': 0.1473116417685164, 'distances': array([0.02394775, 0.22733971, 0.23642794, 0.00866772, 0.26584685,
       0.05845274, 0.03169966, 0.24803257, 0.02985153, 0.03184818,
       0.036749  , 0.06769371, 0.03811386, 0.05480736, 0.02041255,
       0.02442914, 0.02495962, 0.01965584, 0.25090435, 0.21301059,
       0.01588581, 0.22797174, 0.23267425, 0.0251721 , 0.22583718,
       0.04399288, 0.01626569, 0.21876186, 0.02981343, 0.26233095,
       0.04956586, 0.03896386, 0.02764305, 0.03472148, 0.26602334,
       0.02457745, 0.23918788, 0.22277531, 0.22017442, 0.00994247,
       0.02979719, 0.03555823, 0.03002865, 0.05641114, 0.25513285,
       0.06138541, 0.02053239, 0.02887775, 0.03315341, 0.03588078,
       0.01907356, 0.04342365, 0.22552128, 0.01751276, 0.24039222,
       0.08233024, 0.03147921, 0.04548088, 0.03192605, 0.00734939,
       0.02201681, 0.01952579, 0.21750479, 0.03913142, 0.25614216,
       0.24002217, 0.01527072, 0.        , 0.23004932, 0.21233779,
       0.03348909, 0.24293943, 0.03551929, 0.23034607, 0.26703311,
       0.05056153, 0.04325529, 0.1499598 , 0.22976246, 0.22579336,
       0.0192988 , 0.00833096, 0.01460918, 0.0421967 , 0.03835115,
       0.21308126, 0.21014199, 0.03439682, 0.16868787, 0.26750407,
       0.02009057, 0.02020126, 0.11123154, 0.25087493, 0.01978053,
       0.00769805, 0.01169438, 0.0335    , 0.03598351, 0.01766433,
       0.24744308, 0.2650555 , 0.04400168, 0.04194058, 0.0967018 ,
       0.01343092, 0.25051419, 0.22482958, 0.04708356, 0.00844981,
       0.2198348 , 0.23738455, 0.21654822, 0.01492656, 0.03075554,
       0.23233739, 0.04269614, 0.02448301, 0.05249991, 0.02380652,
       0.08186598, 0.05327413, 0.01380173, 0.03328089, 0.01661236,
       0.0506801 , 0.06748541, 0.0279574 , 0.02441944, 0.0482454 ,
       0.07282485, 0.02840356, 0.02255105, 0.03278407, 0.03945858,
       0.03905922, 0.05799694, 0.2633773 , 0.02316063, 0.00421611,
       0.19116618, 0.22657943, 0.05402614, 0.01748008, 0.03966928,
       0.02139942, 0.07523591, 0.02261071, 0.23204741, 0.16170329,
       0.04971155, 0.0452942 , 0.0353355 , 0.02889369, 0.03984718,
       0.01518421, 0.2640144 , 0.01022946, 0.01897818, 0.25591477,
       0.03341437, 0.0560037 , 0.26329814, 0.08278788, 0.05275139,
       0.23895433, 0.02310497, 0.25888033, 0.26337885, 0.05578149,
       0.08152309, 0.24906916, 0.03446697, 0.23605319, 0.24950888,
       0.00745727, 0.00849786, 0.01450673, 0.26172011, 0.03928235,
       0.03365298, 0.02141085, 0.08660018, 0.0356884 , 0.11078402,
       0.07119837, 0.22752764, 0.03213532, 0.23050747, 0.1977804 ,
       0.02867926, 0.23147405, 0.02894211, 0.02561443, 0.0098019 ,
       0.24925386, 0.07507345, 0.02210802, 0.04047795, 0.04131455,
       0.06042292, 0.22252171, 0.06312276, 0.04221614, 0.22249385,
       0.0322902 , 0.04356408, 0.03772435, 0.02142605, 0.26428924,
       0.0373954 , 0.11126224, 0.04378023, 0.01563519, 0.02142129,
       0.07058384, 0.2614577 , 0.07220958, 0.00662189, 0.15530436,
       0.01706912, 0.02888979, 0.26689618, 0.22385028, 0.03954291,
       0.04590411, 0.05128497, 0.22198317, 0.02299889, 0.17791181,
       0.01539543, 0.18358959, 0.03186376, 0.0459135 , 0.00398665,
       0.06027152, 0.04608267, 0.02145811, 0.03011703, 0.04197955,
       0.02568007, 0.21423469, 0.20021229, 0.14067767, 0.04506129,
       0.07244902, 0.03869711, 0.02007469, 0.03564445, 0.01702818,
       0.22167089, 0.08270725, 0.04613784, 0.02471162, 0.01794733,
       0.0691814 , 0.01411107, 0.01177025, 0.02902996, 0.01842688,
       0.01759844, 0.04989867, 0.01854613, 0.04117078, 0.21576934,
       0.03203024, 0.05022455, 0.24222087, 0.03173439, 0.04362605,
       0.02287719, 0.04473995, 0.16837374, 0.0101111 , 0.01231014,
       0.04790781, 0.01366016, 0.21911061, 0.00708731, 0.01221452,
       0.0310857 , 0.25057373, 0.05678755, 0.0499178 , 0.02812165,
       0.00896075, 0.05520558, 0.200099  , 0.050432  , 0.03649886,
       0.03693524, 0.09103133, 0.02749945, 0.07666074, 0.02008233,
       0.23560958, 0.05281106, 0.01192217, 0.02106599, 0.02327306,
       0.0452807 , 0.02399349, 0.02937387, 0.03069489, 0.23535396,
       0.00751559, 0.22848586, 0.04552379, 0.02236819, 0.02926399,
       0.03739516, 0.03493216, 0.03703444, 0.09468984, 0.01892785,
       0.00692618, 0.02168757, 0.20856622, 0.01615056, 0.25321141,
       0.22508854, 0.02591209, 0.22186509, 0.21801443, 0.0211438 ,
       0.21706225, 0.02457923, 0.0464233 , 0.07933298, 0.0462103 ,
       0.23847161, 0.01967637, 0.04730126, 0.04626163, 0.24012474,
       0.21357904, 0.04060508, 0.01971112, 0.00304845, 0.03333297,
       0.02888073, 0.03586331, 0.25622834, 0.05848254, 0.02071135,
       0.01244071, 0.05234   , 0.20832461, 0.2531134 , 0.2623771 ,
       0.05114533, 0.01788166, 0.02595009, 0.04103166, 0.02462735,
       0.03411755, 0.01634889, 0.02809285, 0.05034808, 0.02176539,
       0.05405098, 0.05330748, 0.01320666, 0.03861424, 0.01163445,
       0.21719891, 0.08746575, 0.25673481, 0.0641511 , 0.05038727,
       0.030888  , 0.02783265, 0.10391241, 0.03839388, 0.02715898,
       0.25612403, 0.02574051, 0.02179692, 0.03147832, 0.01945762,
       0.21746458, 0.2603036 , 0.04356908, 0.04383445, 0.01693496,
       0.0400126 , 0.00830895, 0.02366239, 0.01024462, 0.03814481,
       0.20794011, 0.04379491, 0.02109275, 0.02303255, 0.02080288,
       0.04697149, 0.01183498, 0.02504781, 0.20132256, 0.03106137,
       0.07921419, 0.26667865, 0.25496393, 0.03578469, 0.02578708,
       0.04543266, 0.00797385, 0.05663211, 0.01172021, 0.03112507,
       0.06887655, 0.03350726, 0.01610047, 0.22204591, 0.25002143,
       0.24449484, 0.17144619, 0.25627911, 0.12848273, 0.15181004,
       0.04616333, 0.0331226 , 0.0476677 , 0.21798033, 0.02399392,
       0.24522297, 0.03331843, 0.20008701, 0.03053009, 0.22619756,
       0.08394974, 0.04721785, 0.05208902, 0.04117854, 0.01111654,
       0.05165025, 0.25127239, 0.05813713, 0.03748314, 0.26271461,
       0.04749909, 0.03268081, 0.20673578, 0.03377244, 0.03939903,
       0.04132173, 0.06013815, 0.16376185, 0.03433238, 0.03170036,
       0.24073861, 0.05235901, 0.11345474, 0.05573878, 0.12050857,
       0.25584833, 0.22920504, 0.25110426, 0.18845604, 0.21490737,
       0.01661176, 0.0170713 , 0.01534366, 0.02750477, 0.0166852 ,
       0.25221462, 0.24760263, 0.24483915, 0.017638  , 0.02291081,
       0.04399061, 0.04119115, 0.02751268, 0.19436397, 0.04283691,
       0.01477471, 0.04583464, 0.01997422, 0.07932755, 0.06293478,
       0.03387806, 0.03904149, 0.02280844, 0.01827091, 0.25840243,
       0.02761603, 0.2576625 , 0.02339393, 0.22763564, 0.03528986,
       0.01247068, 0.26300637, 0.24222392, 0.02526487, 0.0246255 ,
       0.06114877, 0.24146443, 0.02832586, 0.11727808, 0.08523419,
       0.03749433, 0.24917535, 0.04127723, 0.03841334, 0.03059997,
       0.01646977, 0.02987275, 0.02036255, 0.01288393, 0.22877077,
       0.01163626, 0.23556475, 0.03033223, 0.0263726 , 0.04843348,
       0.06284985, 0.05749585, 0.00670595, 0.01911862, 0.00654565,
       0.01741679, 0.01770984, 0.00995784, 0.04599514, 0.04437836,
       0.02588535, 0.01270563, 0.01255861, 0.02465827, 0.01936478,
       0.08036213, 0.01381318, 0.25078491, 0.0907598 , 0.03899844,
       0.02190368, 0.21283864, 0.01035431, 0.0212291 , 0.04638009,
       0.22509752, 0.14526769, 0.01893225, 0.060369  , 0.090576  ,
       0.06379525, 0.02527758, 0.06315789, 0.14492396, 0.22411831,
       0.0208798 , 0.2625222 , 0.12511718, 0.04237372, 0.26069093,
       0.03278399, 0.03178438, 0.01335539, 0.07229855, 0.00767677,
       0.25915662, 0.04019564, 0.02294794, 0.03008779, 0.05055082,
       0.2139363 , 0.0658196 , 0.2277284 , 0.21195374, 0.26858118,
       0.01180054, 0.25683652, 0.01211783, 0.23197402, 0.02244501,
       0.04452018, 0.01597073, 0.0346841 , 0.03874408, 0.04963907,
       0.08440581, 0.2182259 , 0.02732782, 0.03516034, 0.01655687,
       0.03582574, 0.03100285, 0.0134902 , 0.03673519, 0.24913968,
       0.23076772, 0.25580363, 0.02942182, 0.02463918, 0.01974771,
       0.03435261, 0.06248569, 0.01565035, 0.22805142, 0.03384004,
       0.26654917, 0.24980704, 0.02039264, 0.24357701, 0.08661297,
       0.04289685, 0.04562649, 0.21684332, 0.02488323, 0.07215043,
       0.00783757, 0.20487964, 0.01355443, 0.09901807, 0.2323563 ,
       0.0616989 , 0.26109935, 0.23523199, 0.05029217, 0.03382406,
       0.03088318]), 'delta_distances': array([0., 0., 0., 0., 0., 0., 0., 0., 0., 0., 0., 0., 0., 0., 0., 0., 0.,
       0., 0., 0., 0., 0., 0., 0., 0., 0., 0., 0., 0., 0., 0., 0., 0., 0.,
       0., 0., 0., 0., 0., 0., 0., 0., 0., 0., 0., 0., 0., 0., 0., 0., 0.,
       0., 0., 0., 0., 0., 0., 0., 0., 0., 0., 0., 0., 0., 0., 0., 0., 0.,
       0., 0., 0., 0., 0., 0., 0., 0., 0., 0., 0., 0., 0., 0., 0., 0., 0.,
       0., 0., 0., 0., 0., 0., 0., 0., 0., 0., 0., 0., 0., 0., 0., 0., 0.,
       0., 0., 0., 0., 0., 0., 0., 0., 0., 0., 0., 0., 0., 0., 0., 0., 0.,
       0., 0., 0., 0., 0., 0., 0., 0., 0., 0., 0., 0., 0., 0., 0., 0., 0.,
       0., 0., 0., 0., 0., 0., 0., 0., 0., 0., 0., 0., 0., 0., 0., 0., 0.,
       0., 0., 0., 0., 0., 0., 0., 0., 0., 0., 0., 0., 0., 0., 0., 0., 0.,
       0., 0., 0., 0., 0., 0., 0., 0., 0., 0., 0., 0., 0., 0., 0., 0., 0.,
       0., 0., 0., 0., 0., 0., 0., 0., 0., 0., 0., 0., 0., 0., 0., 0., 0.,
       0., 0., 0., 0., 0., 0., 0., 0., 0., 0., 0., 0., 0., 0., 0., 0., 0.,
       0., 0., 0., 0., 0., 0., 0., 0., 0., 0., 0., 0., 0., 0., 0., 0., 0.,
       0., 0., 0., 0., 0., 0., 0., 0., 0., 0., 0., 0., 0., 0., 0., 0., 0.,
       0., 0., 0., 0., 0., 0., 0., 0., 0., 0., 0., 0., 0., 0., 0., 0., 0.,
       0., 0., 0., 0., 0., 0., 0., 0., 0., 0., 0., 0., 0., 0., 0., 0., 0.,
       0., 0., 0., 0., 0., 0., 0., 0., 0., 0., 0., 0., 0., 0., 0., 0., 0.,
       0., 0., 0., 0., 0., 0., 0., 0., 0., 0., 0., 0., 0., 0., 0., 0., 0.,
       0., 0., 0., 0., 0., 0., 0., 0., 0., 0., 0., 0., 0., 0., 0., 0., 0.,
       0., 0., 0., 0., 0., 0., 0., 0., 0., 0., 0., 0., 0., 0., 0., 0., 0.,
       0., 0., 0., 0., 0., 0., 0., 0., 0., 0., 0., 0., 0., 0., 0., 0., 0.,
       0., 0., 0., 0., 0., 0., 0., 0., 0., 0., 0., 0., 0., 0., 0., 0., 0.,
       0., 0., 0., 0., 0., 0., 0., 0., 0., 0., 0., 0., 0., 0., 0., 0., 0.,
       0., 0., 0., 0., 0., 0., 0., 0., 0., 0., 0., 0., 0., 0., 0., 0., 0.,
       0., 0., 0., 0., 0., 0., 0., 0., 0., 0., 0., 0., 0., 0., 0., 0., 0.,
       0., 0., 0., 0., 0., 0., 0., 0., 0., 0., 0., 0., 0., 0., 0., 0., 0.,
       0., 0., 0., 0., 0., 0., 0., 0., 0., 0., 0., 0., 0., 0., 0., 0., 0.,
       0., 0., 0., 0., 0., 0., 0., 0., 0., 0., 0., 0., 0., 0., 0., 0., 0.,
       0., 0., 0., 0., 0., 0., 0., 0., 0., 0., 0., 0., 0., 0., 0., 0., 0.,
       0., 0., 0., 0., 0., 0., 0., 0., 0., 0., 0., 0., 0., 0., 0., 0., 0.,
       0., 0., 0., 0., 0., 0., 0., 0., 0., 0., 0., 0., 0., 0., 0., 0., 0.,
       0., 0., 0., 0., 0., 0., 0., 0., 0., 0., 0., 0., 0., 0., 0., 0., 0.,
       0., 0., 0., 0., 0., 0., 0., 0., 0., 0., 0., 0., 0., 0., 0., 0., 0.,
       0., 0., 0., 0., 0., 0., 0., 0., 0., 0., 0., 0., 0., 0., 0., 0., 0.,
       0., 0., 0., 0., 0., 0., 0., 0., 0., 0., 0., 0., 0., 0., 0., 0., 0.,
       0., 0., 0., 0., 0., 0., 0., 0., 0.]), 'locations': array([ 7, 55, 18, 15, 30, 59,  0, 20, 34, 33, 59, 19, 17,  4,  6, 56,  6,
       41, 15, 56, 37,  3, 16, 45, 53, 60, 34, 43, 48, 45, 60,  4,  8, 28,
       14,  7, 55, 15, 54, 31,  3, 42,  6, 29, 14,  7, 29, 47, 31,  1, 60,
        7, 15, 47, 56,  1,  5, 55,  7, 36, 37, 37, 61, 61, 13, 15,  6, 33,
        3, 15, 45, 61, 46, 55, 16, 47,  4, 31, 43, 43, 25, 34, 22, 19, 32,
       55, 58,  7, 29, 19, 61, 21, 60, 17, 36,  7, 38, 58, 46, 34, 55, 17,
       61, 19, 30,  7, 21, 58, 46,  7, 43, 21, 15, 17, 17, 54, 42, 33, 59,
       21, 55, 22,  8, 21, 45, 29, 27,  5, 25, 59, 16, 26,  5, 26, 43,  1,
       55, 31, 38, 60, 60, 26, 56, 41,  1, 41, 55, 34, 14, 29, 60,  5, 41,
       29, 15,  6, 30,  8, 47, 58,  5,  5, 61, 60,  0, 60, 38, 57, 59, 29,
       23, 20, 33, 58, 15,  7,  8, 60, 57, 37, 46, 33, 32,  7, 28, 19,  4,
       31, 58,  3, 34, 29, 16, 47, 16, 35, 29, 61,  1, 33, 30, 13, 54, 16,
       57, 15, 41, 45, 60, 55, 58, 31, 55, 37,  6, 15, 56, 17, 40, 33, 24,
       34, 33, 54, 32, 46, 46,  3,  7, 29,  6, 29, 41, 33,  7, 61, 21, 37,
        4,  8, 41, 31, 44, 30, 29, 32, 37,  1, 36, 57, 58, 56, 18, 59, 47,
       33,  7, 32, 28, 41,  7, 61, 16, 33, 56, 39, 57, 30, 41, 17, 16, 16,
       33, 10,  7, 16, 60, 56, 37, 60, 45, 25, 32, 34, 37,  8, 55, 35, 18,
       37, 55, 29, 32, 59, 57, 59, 60, 46, 28, 46, 54, 17, 45,  7, 59, 38,
       55, 56, 60, 56, 17, 57,  9, 61,  7, 41,  8, 54, 56, 26, 54, 40, 55,
        4, 34,  3, 16, 61, 32, 59, 60, 18, 33,  1, 41, 54, 33, 56, 61,  8,
       22, 33, 30, 59, 40, 40, 17, 29, 25, 33, 32, 47, 61, 60,  6, 42, 29,
       46, 44, 61, 61, 57, 37, 59, 61, 60, 30, 30, 16, 40,  1, 40, 21, 34,
       45, 61, 37,  6, 45, 30, 14, 30,  7, 59, 44, 44, 61,  7,  7, 32, 54,
        8,  7, 59, 60, 41, 30,  5, 54, 41, 31, 61, 13, 36, 36, 27, 34, 21,
       31, 46, 33, 60,  6, 56, 15, 60, 31, 61, 28, 26, 45,  4,  5, 61, 15,
       61, 61, 30, 46, 54, 15, 61, 29, 55, 57, 55, 16, 58, 40, 58, 32, 59,
       54, 45, 60, 21,  1, 31, 44, 15, 21, 58, 31, 41, 31, 23, 55, 24, 31,
       54, 31, 40, 33, 16, 36, 58, 15, 28, 31, 61,  7, 59, 41, 56, 58, 40,
       34, 15, 55, 26, 45, 35, 22, 26, 22,  8, 45, 45, 30, 48, 57, 61, 27,
       16, 42,  3, 44,  5, 61, 56, 28, 15, 55, 36, 20, 59, 15, 61, 34, 55,
       46, 15, 43, 18, 56, 60,  1, 30, 42, 32, 38, 61,  6,  9, 31, 41, 47,
       18, 58, 35, 16, 32, 26, 61, 46, 29, 28,  6, 17, 42, 54, 24, 36,  2,
       17, 44,  6, 32, 33, 14, 46, 30, 59, 28, 56, 57,  1, 37, 56, 36, 30,
       56, 17,  8,  7, 14, 19, 53, 54,  5, 32, 21, 38, 24, 41, 42,  5,  8,
       30, 32, 55, 45, 36,  7, 16, 30, 37, 45, 43, 30, 15, 23, 43, 41, 37,
       21, 55, 31, 24, 57, 56, 14,  8, 25, 61, 45, 59, 54, 32, 35, 35, 17,
       47, 30, 55, 18, 60, 34,  5, 38, 35])}], 'clusters': array([1, 0, 0, 1, 0, 1, 1, 0, 1, 1, 1, 1, 1, 1, 1, 1, 1, 1, 0, 0, 1, 0,
       0, 1, 0, 1, 1, 0, 1, 0, 1, 1, 1, 1, 0, 1, 0, 0, 0, 1, 1, 1, 1, 1,
       0, 1, 1, 1, 1, 1, 1, 1, 0, 1, 0, 1, 1, 1, 1, 1, 1, 1, 0, 1, 0, 0,
       1, 1, 0, 0, 1, 0, 1, 0, 0, 1, 1, 1, 0, 0, 1, 1, 1, 1, 1, 0, 0, 1,
       1, 0, 1, 1, 1, 0, 1, 1, 1, 1, 1, 1, 0, 0, 1, 1, 1, 1, 0, 0, 1, 1,
       0, 0, 0, 1, 1, 0, 1, 1, 1, 1, 1, 1, 1, 1, 1, 1, 1, 1, 1, 1, 1, 1,
       1, 1, 1, 1, 1, 0, 1, 1, 0, 0, 1, 1, 1, 1, 1, 1, 0, 1, 1, 1, 1, 1,
       1, 1, 0, 1, 1, 0, 1, 1, 0, 1, 1, 0, 1, 0, 0, 1, 1, 0, 1, 0, 0, 1,
       1, 1, 0, 1, 1, 1, 1, 1, 1, 1, 0, 1, 0, 0, 1, 0, 1, 1, 1, 0, 1, 1,
       1, 1, 1, 0, 1, 1, 0, 1, 1, 1, 1, 0, 1, 1, 1, 1, 1, 1, 0, 1, 1, 1,
       1, 1, 0, 0, 1, 1, 1, 0, 1, 0, 1, 0, 1, 1, 1, 1, 1, 1, 1, 1, 1, 0,
       0, 1, 1, 1, 1, 1, 1, 1, 0, 1, 1, 1, 1, 1, 1, 1, 1, 1, 1, 1, 1, 1,
       0, 1, 1, 0, 1, 1, 1, 1, 1, 1, 1, 1, 1, 0, 1, 1, 1, 0, 1, 1, 1, 1,
       1, 0, 1, 1, 1, 1, 1, 1, 1, 0, 1, 1, 1, 1, 1, 1, 1, 1, 0, 1, 0, 1,
       1, 1, 1, 1, 1, 1, 1, 1, 1, 0, 1, 0, 0, 1, 0, 0, 1, 0, 1, 1, 1, 1,
       0, 1, 1, 1, 0, 0, 1, 1, 1, 1, 1, 1, 0, 1, 1, 1, 1, 0, 0, 0, 1, 1,
       1, 1, 1, 1, 1, 1, 1, 1, 1, 1, 1, 1, 1, 0, 1, 0, 1, 1, 1, 1, 1, 1,
       1, 0, 1, 1, 1, 1, 0, 0, 1, 1, 1, 1, 1, 1, 1, 1, 0, 1, 1, 1, 1, 1,
       1, 1, 0, 1, 1, 0, 0, 1, 1, 1, 1, 1, 1, 1, 1, 1, 1, 0, 0, 0, 1, 0,
       1, 1, 1, 1, 1, 0, 1, 0, 1, 0, 1, 0, 1, 1, 1, 1, 1, 1, 0, 1, 1, 0,
       1, 1, 0, 1, 1, 1, 1, 1, 1, 1, 0, 1, 1, 1, 1, 0, 0, 0, 0, 0, 1, 1,
       1, 1, 1, 0, 0, 0, 1, 1, 1, 1, 1, 0, 1, 1, 1, 1, 1, 1, 1, 1, 1, 1,
       0, 1, 0, 1, 0, 1, 1, 0, 0, 1, 1, 1, 0, 1, 1, 1, 1, 0, 1, 1, 1, 1,
       1, 1, 1, 0, 1, 0, 1, 1, 1, 1, 1, 1, 1, 1, 1, 1, 1, 1, 1, 1, 1, 1,
       1, 1, 1, 1, 0, 1, 1, 1, 0, 1, 1, 1, 0, 1, 1, 1, 1, 1, 1, 1, 1, 0,
       1, 0, 1, 1, 0, 1, 1, 1, 1, 1, 0, 1, 1, 1, 1, 0, 1, 0, 0, 0, 1, 0,
       1, 0, 1, 1, 1, 1, 1, 1, 1, 0, 1, 1, 1, 1, 1, 1, 1, 0, 0, 0, 1, 1,
       1, 1, 1, 1, 0, 1, 0, 0, 1, 0, 1, 1, 1, 0, 1, 1, 1, 0, 1, 1, 0, 1,
       0, 0, 1, 1, 1]), 'time': 1523.0551643371582}
lenSubsequence: 9{'RI': 0.5114175886966911, 'num_clusters': 4, 'uShapelets': [{'ts_index': 257, 'loc': 54, 'gap': 0.012153437298312298, 'distances': array([0.03886252, 0.02603415, 0.02270456, 0.04764288, 0.04092883,
       0.04635326, 0.03088321, 0.04258965, 0.08757046, 0.02648096,
       0.04740375, 0.04596844, 0.01349441, 0.07156945, 0.06784509,
       0.06252993, 0.03863685, 0.07357462, 0.03268901, 0.05937908,
       0.06569597, 0.0369612 , 0.07275533, 0.04844291, 0.01780248,
       0.01797549, 0.06170791, 0.05913895, 0.07855114, 0.10450491,
       0.02090016, 0.09299951, 0.04292977, 0.00978427, 0.09276606,
       0.04865694, 0.07421093, 0.01280986, 0.08732374, 0.04197052,
       0.0529377 , 0.03274909, 0.04220406, 0.0275278 , 0.04632862,
       0.0291608 , 0.02930564, 0.04895242, 0.0399169 , 0.02654247,
       0.0331364 , 0.06228429, 0.00487141, 0.05664965, 0.01850237,
       0.05509   , 0.06139993, 0.02424535, 0.08260241, 0.02492575,
       0.06079299, 0.03775397, 0.04814321, 0.07554403, 0.00518159,
       0.07612445, 0.07054113, 0.04429081, 0.0606329 , 0.072936  ,
       0.08009908, 0.06077244, 0.01773309, 0.04555575, 0.07029664,
       0.07667853, 0.07971684, 0.05438861, 0.05878693, 0.08323913,
       0.04348061, 0.03875372, 0.05031411, 0.06270154, 0.05399115,
       0.04520768, 0.05054079, 0.02499767, 0.02478575, 0.05895036,
       0.04506626, 0.02270386, 0.05456603, 0.07025568, 0.04657561,
       0.05210478, 0.01365115, 0.10253915, 0.03761561, 0.07592756,
       0.07614393, 0.06151021, 0.02606177, 0.07307481, 0.04812006,
       0.00826757, 0.01513054, 0.03342369, 0.04603453, 0.01730916,
       0.03619341, 0.0842189 , 0.06953688, 0.05739698, 0.02235736,
       0.01028105, 0.06675103, 0.01227578, 0.10821187, 0.04299239,
       0.00946421, 0.055907  , 0.05251012, 0.0635471 , 0.04686295,
       0.0539602 , 0.04473806, 0.02768531, 0.10912109, 0.05246396,
       0.02847843, 0.01464468, 0.04453777, 0.02143593, 0.07467911,
       0.06131779, 0.05722768, 0.06965312, 0.04708521, 0.06465872,
       0.04017913, 0.08410376, 0.03814836, 0.01203505, 0.02650564,
       0.05970903, 0.09171009, 0.05218549, 0.06814152, 0.03796305,
       0.04656124, 0.05966851, 0.03300092, 0.04971599, 0.02196647,
       0.0580422 , 0.07803819, 0.05790229, 0.07647393, 0.01141076,
       0.05906422, 0.03600644, 0.06289764, 0.0518873 , 0.06931047,
       0.06063012, 0.04070848, 0.06447441, 0.03075202, 0.06520654,
       0.06102324, 0.03115424, 0.08362822, 0.06428923, 0.02518434,
       0.06189676, 0.0708898 , 0.01470562, 0.03874312, 0.04982723,
       0.04622661, 0.06198745, 0.02357914, 0.06045838, 0.02125957,
       0.0485524 , 0.07031412, 0.03662349, 0.15001901, 0.06138917,
       0.04444785, 0.03324006, 0.03412298, 0.02573089, 0.00850605,
       0.03686616, 0.04761165, 0.04677089, 0.05317608, 0.03123238,
       0.04841271, 0.04155561, 0.06432161, 0.03329258, 0.06705602,
       0.03689409, 0.05739011, 0.08109981, 0.07020386, 0.07047342,
       0.04604388, 0.04572441, 0.00952042, 0.03080508, 0.05693301,
       0.04127813, 0.08150178, 0.04851758, 0.02962377, 0.01053562,
       0.05590091, 0.01568306, 0.04907401, 0.05943754, 0.02049128,
       0.04912929, 0.03352004, 0.0343495 , 0.06118574, 0.04352619,
       0.04680704, 0.05982914, 0.03251937, 0.17404773, 0.06378579,
       0.08056753, 0.0334565 , 0.07403702, 0.0599204 , 0.06480956,
       0.11695575, 0.03782585, 0.02298859, 0.04715556, 0.05945516,
       0.06310819, 0.03631626, 0.09058362, 0.09588591, 0.07246516,
       0.09881436, 0.0673307 , 0.01651746, 0.0424664 , 0.07444732,
       0.02978581, 0.07285291, 0.        , 0.04377578, 0.05109884,
       0.0140785 , 0.04151042, 0.03393125, 0.15492227, 0.08545869,
       0.04163948, 0.05356776, 0.02058737, 0.05431886, 0.0584154 ,
       0.04413292, 0.06936625, 0.06001301, 0.05125918, 0.0527222 ,
       0.04310479, 0.04181506, 0.05074376, 0.0776073 , 0.01385629,
       0.04466462, 0.04296219, 0.04971028, 0.03572291, 0.04445105,
       0.00889362, 0.01499864, 0.04287174, 0.1151996 , 0.06340224,
       0.03061634, 0.10591852, 0.02064775, 0.05080422, 0.01214839,
       0.07405742, 0.0427296 , 0.06872852, 0.03211775, 0.02443423,
       0.07421445, 0.04015486, 0.05783854, 0.0777667 , 0.00907983,
       0.0265135 , 0.08095144, 0.02128297, 0.05132037, 0.05902462,
       0.07537031, 0.05033491, 0.02795724, 0.02674686, 0.03207772,
       0.05470574, 0.05622432, 0.04591527, 0.04096129, 0.04136249,
       0.0253435 , 0.02258248, 0.04993503, 0.03982576, 0.05743802,
       0.02669922, 0.04684352, 0.04167995, 0.05036893, 0.09170117,
       0.04530539, 0.07459499, 0.05358363, 0.04559009, 0.02109351,
       0.01541966, 0.05473556, 0.07167558, 0.06729009, 0.00674903,
       0.0540407 , 0.14464207, 0.01220358, 0.06199672, 0.05944691,
       0.1073824 , 0.03428402, 0.02158617, 0.04850341, 0.04983489,
       0.06043284, 0.04551797, 0.06641837, 0.04143855, 0.06133897,
       0.01993935, 0.01322171, 0.04657577, 0.03912023, 0.04176231,
       0.0120688 , 0.01928325, 0.08224941, 0.06058016, 0.04305709,
       0.0122063 , 0.03740392, 0.0846958 , 0.06518162, 0.03511718,
       0.03163501, 0.05677579, 0.01217909, 0.05955498, 0.03887297,
       0.08390836, 0.07737184, 0.02949702, 0.02517234, 0.01944502,
       0.08332933, 0.06183589, 0.05526806, 0.02507639, 0.01913636,
       0.0527159 , 0.11899   , 0.04090096, 0.02372884, 0.01829155,
       0.05938938, 0.08111216, 0.05880734, 0.05574004, 0.07353282,
       0.03124565, 0.01388375, 0.07733157, 0.02692981, 0.03356373,
       0.06307569, 0.04982329, 0.05904813, 0.03476806, 0.06210962,
       0.05358514, 0.07666823, 0.04031829, 0.03432169, 0.05570878,
       0.07917408, 0.04765265, 0.06686411, 0.01979346, 0.04043822,
       0.06826621, 0.06647671, 0.04114312, 0.07942312, 0.02618526,
       0.06011662, 0.0628401 , 0.02142459, 0.04176167, 0.02518194,
       0.04151638, 0.05218784, 0.05610097, 0.02148379, 0.0298811 ,
       0.09285336, 0.05346715, 0.04460264, 0.0194169 , 0.07130097,
       0.05816455, 0.04142639, 0.05773396, 0.049392  , 0.04693495,
       0.02182091, 0.06350532, 0.01783918, 0.03792985, 0.06417631,
       0.01893504, 0.0825426 , 0.04582813, 0.07404754, 0.06306355,
       0.02876984, 0.08399572, 0.04385295, 0.04359831, 0.07245531,
       0.0360534 , 0.0700003 , 0.03611448, 0.07456364, 0.06569122,
       0.0541148 , 0.07491474, 0.07241596, 0.03970871, 0.04844902,
       0.10512911, 0.06978085, 0.09281603, 0.05265561, 0.01534026,
       0.05937344, 0.02906958, 0.06092781, 0.06873802, 0.05173655,
       0.17497698, 0.03742932, 0.02953467, 0.09327397, 0.04049598,
       0.04917672, 0.03712873, 0.06868197, 0.1000911 , 0.02150522,
       0.0518935 , 0.04723777, 0.05078541, 0.03132557, 0.04807532,
       0.08501548, 0.06001645, 0.0703828 , 0.0571707 , 0.04509397,
       0.04296419, 0.05435489, 0.05895745, 0.03307984, 0.02507437,
       0.02932839, 0.05093032, 0.06243988, 0.09150293, 0.09007757,
       0.05758431, 0.04202679, 0.04847402, 0.03520672, 0.05103674,
       0.03578908, 0.05281687, 0.0166728 , 0.07372247, 0.05812491,
       0.08860123, 0.04155308, 0.04430978, 0.05473523, 0.03053279,
       0.04357615, 0.07332686, 0.05208292, 0.05026906, 0.06242291,
       0.06702649, 0.05889599, 0.10447508, 0.01081232, 0.07796048,
       0.02722685, 0.05362438, 0.03026435, 0.02790614, 0.06419868,
       0.05618235, 0.09442794, 0.05570377, 0.06093815, 0.07086717,
       0.00391056, 0.06803522, 0.02685397, 0.0389915 , 0.06791477,
       0.06994615, 0.02864781, 0.04669077, 0.02352945, 0.09189407,
       0.03975129, 0.05198652, 0.02485163, 0.05745365, 0.04469886,
       0.03239023, 0.04647485, 0.03170479, 0.07227426, 0.07790956,
       0.05722791, 0.05390471, 0.06115475, 0.06286791, 0.0660276 ,
       0.03480203, 0.02466116, 0.02763059, 0.07438939, 0.08384869,
       0.02568527, 0.10059477, 0.02236977, 0.09359374, 0.0324075 ,
       0.04188855, 0.00824518, 0.05076018, 0.17809719, 0.00416562,
       0.09002566, 0.0941476 , 0.02265364, 0.08205954, 0.01383311,
       0.02458703, 0.07570798, 0.02414418, 0.08719289, 0.03234534,
       0.06102538, 0.09499016, 0.06828654, 0.06915277, 0.0218302 ,
       0.04775954, 0.06423332, 0.05222275, 0.06922986, 0.04410296,
       0.07252735, 0.00609537, 0.01533117, 0.03455637, 0.03597819,
       0.07017634, 0.07339167, 0.03148949, 0.05219373, 0.02586795,
       0.06353675, 0.04745056, 0.04216541, 0.0854498 , 0.00733867,
       0.09739677, 0.05451506, 0.08994127, 0.02405127, 0.08093296,
       0.02049427]), 'delta_distances': array([0., 0., 0., 0., 0., 0., 0., 0., 0., 0., 0., 0., 0., 0., 0., 0., 0.,
       0., 0., 0., 0., 0., 0., 0., 0., 0., 0., 0., 0., 0., 0., 0., 0., 0.,
       0., 0., 0., 0., 0., 0., 0., 0., 0., 0., 0., 0., 0., 0., 0., 0., 0.,
       0., 0., 0., 0., 0., 0., 0., 0., 0., 0., 0., 0., 0., 0., 0., 0., 0.,
       0., 0., 0., 0., 0., 0., 0., 0., 0., 0., 0., 0., 0., 0., 0., 0., 0.,
       0., 0., 0., 0., 0., 0., 0., 0., 0., 0., 0., 0., 0., 0., 0., 0., 0.,
       0., 0., 0., 0., 0., 0., 0., 0., 0., 0., 0., 0., 0., 0., 0., 0., 0.,
       0., 0., 0., 0., 0., 0., 0., 0., 0., 0., 0., 0., 0., 0., 0., 0., 0.,
       0., 0., 0., 0., 0., 0., 0., 0., 0., 0., 0., 0., 0., 0., 0., 0., 0.,
       0., 0., 0., 0., 0., 0., 0., 0., 0., 0., 0., 0., 0., 0., 0., 0., 0.,
       0., 0., 0., 0., 0., 0., 0., 0., 0., 0., 0., 0., 0., 0., 0., 0., 0.,
       0., 0., 0., 0., 0., 0., 0., 0., 0., 0., 0., 0., 0., 0., 0., 0., 0.,
       0., 0., 0., 0., 0., 0., 0., 0., 0., 0., 0., 0., 0., 0., 0., 0., 0.,
       0., 0., 0., 0., 0., 0., 0., 0., 0., 0., 0., 0., 0., 0., 0., 0., 0.,
       0., 0., 0., 0., 0., 0., 0., 0., 0., 0., 0., 0., 0., 0., 0., 0., 0.,
       0., 0., 0., 0., 0., 0., 0., 0., 0., 0., 0., 0., 0., 0., 0., 0., 0.,
       0., 0., 0., 0., 0., 0., 0., 0., 0., 0., 0., 0., 0., 0., 0., 0., 0.,
       0., 0., 0., 0., 0., 0., 0., 0., 0., 0., 0., 0., 0., 0., 0., 0., 0.,
       0., 0., 0., 0., 0., 0., 0., 0., 0., 0., 0., 0., 0., 0., 0., 0., 0.,
       0., 0., 0., 0., 0., 0., 0., 0., 0., 0., 0., 0., 0., 0., 0., 0., 0.,
       0., 0., 0., 0., 0., 0., 0., 0., 0., 0., 0., 0., 0., 0., 0., 0., 0.,
       0., 0., 0., 0., 0., 0., 0., 0., 0., 0., 0., 0., 0., 0., 0., 0., 0.,
       0., 0., 0., 0., 0., 0., 0., 0., 0., 0., 0., 0., 0., 0., 0., 0., 0.,
       0., 0., 0., 0., 0., 0., 0., 0., 0., 0., 0., 0., 0., 0., 0., 0., 0.,
       0., 0., 0., 0., 0., 0., 0., 0., 0., 0., 0., 0., 0., 0., 0., 0., 0.,
       0., 0., 0., 0., 0., 0., 0., 0., 0., 0., 0., 0., 0., 0., 0., 0., 0.,
       0., 0., 0., 0., 0., 0., 0., 0., 0., 0., 0., 0., 0., 0., 0., 0., 0.,
       0., 0., 0., 0., 0., 0., 0., 0., 0., 0., 0., 0., 0., 0., 0., 0., 0.,
       0., 0., 0., 0., 0., 0., 0., 0., 0., 0., 0., 0., 0., 0., 0., 0., 0.,
       0., 0., 0., 0., 0., 0., 0., 0., 0., 0., 0., 0., 0., 0., 0., 0., 0.,
       0., 0., 0., 0., 0., 0., 0., 0., 0., 0., 0., 0., 0., 0., 0., 0., 0.,
       0., 0., 0., 0., 0., 0., 0., 0., 0., 0., 0., 0., 0., 0., 0., 0., 0.,
       0., 0., 0., 0., 0., 0., 0., 0., 0., 0., 0., 0., 0., 0., 0., 0., 0.,
       0., 0., 0., 0., 0., 0., 0., 0., 0., 0., 0., 0., 0., 0., 0., 0., 0.,
       0., 0., 0., 0., 0., 0., 0., 0., 0., 0., 0., 0., 0., 0., 0., 0., 0.,
       0., 0., 0., 0., 0., 0., 0., 0., 0., 0., 0., 0., 0., 0., 0., 0., 0.,
       0., 0., 0., 0., 0., 0., 0., 0., 0.]), 'locations': array([24, 57, 18, 22, 39, 28, 20, 53, 56, 28, 28, 43, 29,  3, 29, 48, 15,
       25, 14, 38, 23, 39, 39, 13, 14, 26, 14, 43, 27, 23, 24, 60, 14, 24,
       53, 46, 26, 14, 54, 15,  2, 14, 26, 16, 13, 14, 25, 24, 14, 29, 13,
       43, 14, 13, 55, 36, 26, 14, 35, 23,  3, 35, 24, 13, 23, 32, 22, 14,
       43, 38, 36, 60, 28, 57, 33, 35, 33, 29, 23, 37, 19, 28, 43, 21, 13,
       58, 54, 31, 13, 21, 29, 55, 22,  8, 57, 29, 18, 37, 13, 54,  6, 29,
       58, 33, 26, 27, 55, 22, 38, 39, 28, 34, 27, 48, 29, 29, 20, 14, 29,
       57, 16, 36, 48, 15, 24, 21, 44, 28, 18, 54, 18, 25, 30, 57, 47, 25,
       54, 28, 13, 30, 58, 31, 25, 14, 27, 39, 54, 31, 19, 58, 27, 22, 29,
       57, 13, 24, 56, 28, 34, 14, 48, 14, 28, 13,  2, 24, 55, 48, 56, 55,
       39, 53, 55, 38, 14, 13, 22, 15, 26, 19, 55, 37, 27, 24, 24,  7, 36,
       24, 31, 27, 13, 55, 14, 58, 57, 22, 56, 59, 27, 24, 22, 39, 57, 38,
       33, 38, 17, 54, 48, 59, 56, 58, 14, 27, 28, 44, 29, 55, 60, 58, 22,
       14, 23, 21, 22, 12, 43, 28, 52, 59, 26, 58, 28, 13, 58, 29, 19, 32,
       13, 55, 33, 14, 25, 28, 35, 38, 27, 38, 30, 29, 31, 48,  6, 57, 55,
       24, 36, 54, 21, 27, 19, 22, 26,  2, 37, 27, 54, 54, 26, 32, 54,  8,
       58, 36, 26, 38,  5, 28, 35, 29, 29, 24, 29, 57, 54, 15, 27, 30, 33,
       35, 26, 36, 57, 25, 30, 48, 29, 28, 25, 13, 53, 26, 23, 53, 14, 26,
       38, 13, 54,  8, 47, 17, 38, 14, 14, 38, 22, 28, 13, 58, 14, 23, 27,
       14, 30, 55, 28, 27, 24, 55, 57, 15, 23, 14, 39, 57, 26, 23, 32, 14,
       18, 57, 53, 22, 39, 29, 16, 24, 24, 54, 30, 30, 54, 14, 58, 14, 43,
       24, 13, 21, 23, 24, 47, 25, 26, 15, 55, 32, 37,  4, 28, 16, 54, 23,
       28, 37, 35, 14, 30, 14, 37, 10, 24, 14, 39, 23, 30, 39, 18, 30, 54,
       31, 54, 23, 28, 39, 13, 23, 57, 38, 56, 28, 22, 14, 48, 13, 14, 15,
       14, 24, 37, 28,  3, 25, 14, 35, 48, 60, 13, 13, 30, 59, 22, 14, 51,
       23, 12, 54, 17, 57, 14, 59, 14, 57, 20, 37, 29, 27, 29, 57, 13, 30,
       30, 31, 37, 53, 17, 59, 18, 29, 19, 21, 54, 38, 28, 23, 30, 25, 23,
       22, 20, 47, 30, 31, 14, 37, 27, 59, 44, 28, 44, 14, 54, 43, 26, 13,
       29, 27, 13, 14, 23, 30,  8, 32, 22, 53, 59, 28, 15, 56, 26, 29, 28,
       53, 40,  5, 30,  3, 27, 14, 16, 57,  3, 27, 31, 57, 28, 23, 14, 26,
       58, 26, 15, 31, 26, 35, 19, 27, 48, 25, 28, 20, 56, 16, 29,  7, 21,
       15, 14, 37, 53, 30, 13, 24,  3, 58, 58, 57, 47, 38, 26, 37, 27, 55,
       29,  3, 30, 55,  7, 35, 24, 13, 57, 33, 13, 22, 58, 28, 38, 34, 30,
       14, 57, 31,  3, 18, 55, 60, 56, 32,  7, 26, 53, 35, 22, 38, 29, 55,
       31, 14, 30, 32, 58, 15, 28, 28, 46, 57, 34, 29, 29, 30, 26, 26, 14,
       18, 48, 53, 36, 13, 44, 15, 30, 26, 26, 33, 28, 26, 28, 27, 26, 57,
       28, 19, 54, 32, 31, 48, 54, 33, 14])}, {'ts_index': 127, 'loc': 3, 'gap': 0.007770606933956269, 'distances': array([0.00651323, 0.0089189 , 0.00909067, 0.01596919, 0.02514479,
       0.03085123, 0.01890938, 0.03468303, 0.01434573, 0.02240214,
       0.01689224, 0.01514438, 0.02233311, 0.00580643, 0.05862483,
       0.03390716, 0.01071384, 0.01379283, 0.0069553 , 0.04126133,
       0.02847523, 0.01499068, 0.01742527, 0.03452578, 0.03870551,
       0.01068587, 0.01980513, 0.02066868, 0.01922804, 0.03196184,
       0.02458507, 0.02413524, 0.02995157, 0.01617378, 0.01217548,
       0.01671565, 0.02574104, 0.03034455, 0.01626301, 0.02608457,
       0.03438613, 0.0149069 , 0.0309786 , 0.01903527, 0.0176075 ,
       0.02412509, 0.01028291, 0.00675117, 0.0249986 , 0.00775938,
       0.03239482, 0.0129986 , 0.04513893, 0.01441581, 0.03040595,
       0.02576648, 0.02817032, 0.00703578, 0.01870453, 0.01715756,
       0.03205161, 0.01602623, 0.02437424, 0.04824961, 0.03580877,
       0.01617097, 0.02721182, 0.02748904, 0.02581933, 0.03986901,
       0.02726231, 0.01404447, 0.03586916, 0.01899459, 0.00964723,
       0.02024735, 0.0140442 , 0.00665725, 0.02800265, 0.0320005 ,
       0.03144659, 0.02556827, 0.01557438, 0.03654952, 0.01566607,
       0.02348723, 0.03904986, 0.01510704, 0.01305628, 0.03252883,
       0.03130349, 0.02095108, 0.00963839, 0.01138151, 0.04516886,
       0.01595259, 0.01140296, 0.03456849, 0.01692092, 0.02273461,
       0.03018733, 0.02193917, 0.        , 0.02487831, 0.0269059 ,
       0.01878028, 0.02382465, 0.01247577, 0.02876602, 0.02507586,
       0.01546119, 0.00767756, 0.01793822, 0.01113528, 0.03156889,
       0.01691465, 0.03550636, 0.02396543, 0.0270056 , 0.01741   ,
       0.01605511, 0.0228922 , 0.02369086, 0.03496787, 0.01911069,
       0.03788207, 0.03050671, 0.01589739, 0.02442461, 0.01175134,
       0.04268247, 0.01199715, 0.03991839, 0.03650806, 0.01769141,
       0.01169662, 0.02228614, 0.02647039, 0.02511292, 0.02132511,
       0.00949123, 0.02384932, 0.02290017, 0.01343785, 0.02459032,
       0.01708034, 0.03660138, 0.02580203, 0.02765444, 0.01908346,
       0.00778184, 0.024447  , 0.02109827, 0.01533523, 0.02344479,
       0.02534506, 0.02043534, 0.03184569, 0.02873536, 0.04440297,
       0.03736042, 0.03396624, 0.01177586, 0.01522568, 0.01563334,
       0.01924736, 0.01306162, 0.01849922, 0.02528542, 0.01850183,
       0.0103377 , 0.03017589, 0.01247222, 0.02668245, 0.02636834,
       0.04348125, 0.0044546 , 0.0287009 , 0.02449599, 0.03205623,
       0.01805857, 0.02292433, 0.01850725, 0.01590613, 0.0324194 ,
       0.0266767 , 0.01830056, 0.01217373, 0.0268154 , 0.02397063,
       0.01434838, 0.01290292, 0.0105618 , 0.01876876, 0.02665182,
       0.00907961, 0.02731096, 0.01369152, 0.02904765, 0.02345899,
       0.00384009, 0.00928204, 0.021683  , 0.02068465, 0.02841551,
       0.02497093, 0.00948412, 0.01874556, 0.01057417, 0.01363121,
       0.02104589, 0.02854523, 0.01353413, 0.02975818, 0.01679401,
       0.0215537 , 0.00895833, 0.02435591, 0.00880347, 0.02137949,
       0.02267359, 0.00527356, 0.0341012 , 0.01953798, 0.02751508,
       0.01573619, 0.0142193 , 0.01084291, 0.01310422, 0.0153904 ,
       0.03392635, 0.02355036, 0.01536261, 0.01950438, 0.02424661,
       0.02259421, 0.04357751, 0.01085744, 0.02185713, 0.03567709,
       0.03186844, 0.01878191, 0.01535034, 0.01083335, 0.0255665 ,
       0.01436958, 0.01663641, 0.00512868, 0.02973986, 0.03200756,
       0.02123064, 0.03949723, 0.03960311, 0.02914271, 0.034388  ,
       0.01581625, 0.02122223, 0.03953559, 0.01693794, 0.01897739,
       0.01433733, 0.00852827, 0.00788688, 0.01337319, 0.01110858,
       0.01475551, 0.04105505, 0.01551076, 0.01693063, 0.02194789,
       0.02261212, 0.02343454, 0.0140455 , 0.0238965 , 0.02481796,
       0.03772396, 0.04259693, 0.0301906 , 0.03305911, 0.02820135,
       0.02803118, 0.01767128, 0.00913786, 0.0137372 , 0.01230197,
       0.02639882, 0.01180756, 0.03517839, 0.04662081, 0.02924048,
       0.01547899, 0.01674912, 0.02757264, 0.02185694, 0.00877201,
       0.04180696, 0.01605918, 0.0164389 , 0.02530204, 0.01521544,
       0.01300614, 0.03201346, 0.00979603, 0.01565774, 0.01930518,
       0.01242916, 0.01356973, 0.01566671, 0.00915763, 0.00556203,
       0.01554337, 0.01277489, 0.02172191, 0.02260225, 0.02425737,
       0.00794077, 0.04223942, 0.00130876, 0.00904316, 0.00983382,
       0.01578134, 0.01445178, 0.0246596 , 0.03955805, 0.02199358,
       0.00895647, 0.02006226, 0.02157803, 0.03148529, 0.0253575 ,
       0.0302818 , 0.02269766, 0.01986332, 0.02632501, 0.01176752,
       0.03678283, 0.02194105, 0.00564518, 0.01405862, 0.02967457,
       0.04378067, 0.02048047, 0.01865106, 0.02750167, 0.05564567,
       0.01358168, 0.02339036, 0.02053867, 0.03461159, 0.02488502,
       0.0096914 , 0.02658878, 0.02499755, 0.01468485, 0.04794486,
       0.02297043, 0.00870826, 0.00602993, 0.01114172, 0.02734415,
       0.00885779, 0.04763627, 0.01773256, 0.01710074, 0.03119597,
       0.01563719, 0.05392361, 0.03287846, 0.02260778, 0.03011313,
       0.02765301, 0.04416211, 0.02488266, 0.01902648, 0.02120212,
       0.01816942, 0.00430754, 0.02122902, 0.01964398, 0.05021598,
       0.01305792, 0.01339561, 0.0227589 , 0.01571031, 0.01472486,
       0.0157994 , 0.03768951, 0.00669899, 0.00850754, 0.02175759,
       0.01584132, 0.01948468, 0.0187206 , 0.03573032, 0.03035131,
       0.02759604, 0.00685894, 0.02285592, 0.04409232, 0.0303584 ,
       0.02068164, 0.02944965, 0.03445912, 0.02228107, 0.01548882,
       0.02078989, 0.03145105, 0.01562316, 0.04075416, 0.02446423,
       0.04168543, 0.00973157, 0.02463317, 0.00726835, 0.01674228,
       0.00496314, 0.01962921, 0.03628983, 0.02004423, 0.00451323,
       0.04186563, 0.01744947, 0.02237634, 0.02653965, 0.03020412,
       0.02007436, 0.03395183, 0.02998545, 0.02031773, 0.02312572,
       0.03469503, 0.01089606, 0.01327493, 0.03198576, 0.02101231,
       0.00663801, 0.03449894, 0.02314629, 0.01606119, 0.02930872,
       0.02209587, 0.01118513, 0.02728275, 0.022459  , 0.02560526,
       0.01034529, 0.0265368 , 0.03051273, 0.01478964, 0.01141408,
       0.01668228, 0.01027114, 0.01544255, 0.0215278 , 0.01768725,
       0.04656896, 0.03666649, 0.02165959, 0.02581282, 0.00780001,
       0.03591615, 0.02084848, 0.01271344, 0.04357956, 0.00757021,
       0.00823917, 0.04298797, 0.04481515, 0.040755  , 0.00853813,
       0.03283374, 0.01394261, 0.01710701, 0.01434468, 0.0251183 ,
       0.02761189, 0.01929411, 0.02693725, 0.02186731, 0.03958697,
       0.03668613, 0.01347494, 0.0339432 , 0.00894364, 0.01182708,
       0.03074872, 0.02151612, 0.00895756, 0.0089574 , 0.01800658,
       0.0238861 , 0.03454257, 0.01686841, 0.01420391, 0.01980041,
       0.03302289, 0.00409021, 0.02650312, 0.03552358, 0.02008251,
       0.02773053, 0.00839725, 0.01686236, 0.02954995, 0.00778975,
       0.02541946, 0.03473608, 0.03663526, 0.04689268, 0.01542605,
       0.04199541, 0.02179684, 0.03544981, 0.0083479 , 0.04888482,
       0.00655036]), 'delta_distances': array([0., 0., 0., 0., 0., 0., 0., 0., 0., 0., 0., 0., 0., 0., 0., 0., 0.,
       0., 0., 0., 0., 0., 0., 0., 0., 0., 0., 0., 0., 0., 0., 0., 0., 0.,
       0., 0., 0., 0., 0., 0., 0., 0., 0., 0., 0., 0., 0., 0., 0., 0., 0.,
       0., 0., 0., 0., 0., 0., 0., 0., 0., 0., 0., 0., 0., 0., 0., 0., 0.,
       0., 0., 0., 0., 0., 0., 0., 0., 0., 0., 0., 0., 0., 0., 0., 0., 0.,
       0., 0., 0., 0., 0., 0., 0., 0., 0., 0., 0., 0., 0., 0., 0., 0., 0.,
       0., 0., 0., 0., 0., 0., 0., 0., 0., 0., 0., 0., 0., 0., 0., 0., 0.,
       0., 0., 0., 0., 0., 0., 0., 0., 0., 0., 0., 0., 0., 0., 0., 0., 0.,
       0., 0., 0., 0., 0., 0., 0., 0., 0., 0., 0., 0., 0., 0., 0., 0., 0.,
       0., 0., 0., 0., 0., 0., 0., 0., 0., 0., 0., 0., 0., 0., 0., 0., 0.,
       0., 0., 0., 0., 0., 0., 0., 0., 0., 0., 0., 0., 0., 0., 0., 0., 0.,
       0., 0., 0., 0., 0., 0., 0., 0., 0., 0., 0., 0., 0., 0., 0., 0., 0.,
       0., 0., 0., 0., 0., 0., 0., 0., 0., 0., 0., 0., 0., 0., 0., 0., 0.,
       0., 0., 0., 0., 0., 0., 0., 0., 0., 0., 0., 0., 0., 0., 0., 0., 0.,
       0., 0., 0., 0., 0., 0., 0., 0., 0., 0., 0., 0., 0., 0., 0., 0., 0.,
       0., 0., 0., 0., 0., 0., 0., 0., 0., 0., 0., 0., 0., 0., 0., 0., 0.,
       0., 0., 0., 0., 0., 0., 0., 0., 0., 0., 0., 0., 0., 0., 0., 0., 0.,
       0., 0., 0., 0., 0., 0., 0., 0., 0., 0., 0., 0., 0., 0., 0., 0., 0.,
       0., 0., 0., 0., 0., 0., 0., 0., 0., 0., 0., 0., 0., 0., 0., 0., 0.,
       0., 0., 0., 0., 0., 0., 0., 0., 0., 0., 0., 0., 0., 0., 0., 0., 0.,
       0., 0., 0., 0., 0., 0., 0., 0., 0., 0., 0., 0., 0., 0., 0., 0., 0.,
       0., 0., 0., 0., 0., 0., 0., 0., 0., 0., 0., 0., 0., 0., 0., 0., 0.,
       0., 0., 0., 0., 0., 0., 0., 0., 0., 0., 0., 0., 0., 0., 0., 0., 0.,
       0., 0., 0., 0., 0., 0., 0., 0., 0., 0., 0., 0., 0., 0., 0., 0., 0.,
       0., 0., 0., 0., 0., 0., 0., 0., 0., 0., 0., 0., 0., 0., 0., 0., 0.,
       0., 0., 0., 0., 0., 0., 0., 0., 0., 0., 0., 0., 0., 0., 0., 0., 0.,
       0., 0., 0., 0., 0., 0., 0., 0., 0., 0., 0., 0., 0., 0., 0., 0., 0.,
       0., 0., 0., 0., 0., 0., 0., 0., 0., 0., 0., 0., 0., 0., 0., 0., 0.,
       0., 0., 0., 0., 0., 0., 0., 0., 0., 0., 0., 0., 0., 0., 0., 0., 0.,
       0., 0., 0., 0., 0., 0., 0., 0., 0., 0., 0., 0., 0., 0., 0., 0., 0.,
       0., 0., 0., 0., 0., 0.]), 'locations': array([ 3, 53, 13, 58, 54, 14,  3, 54, 43, 54, 53,  3, 53,  3, 20, 43, 14,
       57,  3, 60, 42,  3, 42, 55, 54, 54, 41, 14,  3, 13, 53,  3, 53,  3,
        2, 54, 53, 53, 53,  4,  3, 44,  4, 54, 43, 18,  3,  4, 60, 55, 53,
        3, 13, 53, 54, 55, 14,  3, 53, 54, 13,  4,  3, 53, 43, 53, 14,  3,
       19, 13, 53, 54, 53, 54, 53,  2, 14, 53, 53, 54,  4, 53, 14, 14,  3,
       14, 53, 54, 57,  3, 14, 13, 57, 12, 42, 19, 16, 53, 14, 53, 53, 25,
        3, 12, 58, 14, 54,  4, 40, 53,  3,  4, 53, 54, 43, 54,  3, 14,  3,
        4, 13, 54, 53,  3,  3, 53, 52, 53, 14, 54, 52, 27, 44, 54, 52, 53,
       17, 24, 14, 54, 57, 13, 53, 54, 48,  4, 54, 43, 54,  2,  3, 12, 13,
        2, 54, 53, 55,  3, 29,  3, 27, 54, 17, 54, 27, 12, 53, 12, 23, 57,
       13, 53, 54, 53, 53, 54, 53, 56, 54, 54, 54,  2, 59, 43, 53,  3, 53,
       53,  3,  3,  3, 55, 53, 54, 53, 54, 43, 12, 52, 52,  3, 54, 53, 13,
        2, 12, 28, 54,  2, 54, 54, 54, 43,  3,  2, 25, 53, 43, 52, 58, 55,
       56, 53, 52, 43, 14, 15, 14,  7,  3, 12,  4, 55,  4, 54, 53, 53,  4,
       14, 24, 13, 53, 53, 54, 53, 54, 53, 54, 13, 25,  4,  8, 52, 13, 43,
       14, 53, 13, 13, 53, 54, 53, 20, 54, 53, 54, 53, 54,  3, 53,  3, 14,
       58, 59, 54, 16, 14, 29, 13, 53,  3, 53, 14, 53, 54, 27, 53, 13, 18,
       16, 54, 54, 53, 54,  3, 54, 54, 53,  4, 53, 57, 25, 14, 14, 43, 58,
       53, 53, 53, 14, 14,  3, 13, 55, 53,  3, 27,  3, 53,  4,  4, 53, 53,
       28, 54, 53, 58, 53, 53, 55, 53, 54, 53, 53, 54,  3, 44, 54, 58, 57,
       55,  4, 13, 18, 53, 54,  3, 52, 53, 42, 25, 53, 53, 17, 15, 42, 44,
       54, 13, 53, 54, 14, 54, 42, 54, 55, 58, 54, 12, 14, 53,  4, 22, 27,
       42, 54, 55, 54, 53, 19, 53, 54, 53,  3, 55, 54, 54,  4, 14, 53,  3,
       54, 53,  2, 60,  3, 53, 54, 40, 53, 14, 53, 52, 53, 14, 27,  2, 54,
       13, 54, 44, 13,  0, 54, 53, 54, 25, 54, 53, 54, 12, 53, 13, 53, 52,
       54, 53, 53, 13, 53, 53, 14, 54,  3,  4, 13, 54,  3, 53, 26, 12, 42,
       14, 42, 14, 13, 28, 59, 54, 54, 54, 53,  4, 59, 54,  2, 14, 14, 14,
        3, 54, 13, 58, 53, 13, 58, 44, 53, 53, 54, 54, 15, 54, 14, 53, 53,
       14,  3, 54, 13, 59, 53,  3, 13, 52, 53, 25, 44,  3,  4, 54, 54, 14,
       54, 59, 54, 14, 53, 42, 53, 53, 54, 54, 54, 44, 53, 53, 53, 56, 54,
       43, 53, 13, 15, 17, 13])}, {'ts_index': 504, 'loc': 43, 'gap': 0.01001883931868948, 'distances': array([0.02544102, 0.01511079, 0.01266098, 0.03373048, 0.03991331,
       0.0235831 , 0.02307531, 0.01074457, 0.01080299, 0.02152218,
       0.01905356, 0.00916667, 0.00768603, 0.03496446, 0.02034994,
       0.00939089, 0.02794837, 0.02299276, 0.00639619, 0.01837981,
       0.02698777, 0.0091883 , 0.02502982, 0.02952475, 0.02078873,
       0.03562766, 0.0104842 , 0.0105195 , 0.01208308, 0.01079404,
       0.02130988, 0.01382057, 0.01596779, 0.01299839, 0.03546407,
       0.02473032, 0.03215957, 0.0005834 , 0.00683572, 0.04245925,
       0.0215368 , 0.00983918, 0.01131539, 0.03132379, 0.0147846 ,
       0.00734121, 0.02271896, 0.01915475, 0.0066074 , 0.01925489,
       0.00812769, 0.00820023, 0.00678036, 0.02637544, 0.02119385,
       0.01302953, 0.00912122, 0.01323376, 0.0069283 , 0.0100931 ,
       0.00808629, 0.01143019, 0.0118136 , 0.        , 0.0567863 ,
       0.04075342, 0.01424403, 0.04084705, 0.03268785, 0.0043937 ,
       0.01067066, 0.01533981, 0.01980129, 0.0042485 , 0.01286588,
       0.01002577, 0.01546302, 0.00699776, 0.0102022 , 0.03255181,
       0.02303051, 0.03572397, 0.01033097, 0.02058964, 0.03417508,
       0.01004148, 0.00987372]), 'delta_distances': array([0., 0., 0., 0., 0., 0., 0., 0., 0., 0., 0., 0., 0., 0., 0., 0., 0.,
       0., 0., 0., 0., 0., 0., 0., 0., 0., 0., 0., 0., 0., 0., 0., 0., 0.,
       0., 0., 0., 0., 0., 0., 0., 0., 0., 0., 0., 0., 0., 0., 0., 0., 0.,
       0., 0., 0., 0., 0., 0., 0., 0., 0., 0., 0., 0., 0., 0., 0., 0., 0.,
       0., 0., 0., 0., 0., 0., 0., 0., 0., 0., 0., 0., 0., 0., 0., 0., 0.,
       0., 0.]), 'locations': array([20, 45, 45, 21, 14, 45, 45, 59, 21,  5,  4, 10,  5, 15, 17, 44, 31,
       23, 20,  7, 21, 22, 46, 22,  5, 55, 47, 45, 19, 20, 37,  5, 45, 20,
       12, 25, 30,  6,  5, 24, 28, 45,  6, 28, 32,  6, 20, 44, 60, 30, 19,
       21, 45,  5, 60, 36,  5, 24,  4, 59, 30, 59, 20, 43, 20, 28,  6, 45,
       28, 43, 19, 23,  8,  8, 11, 30, 45, 60, 45, 45, 13, 55, 20, 15, 56,
       59, 28])}], 'clusters': array([2, 1, 1, 2, 2, 2, 2, 2, 2, 3, 2, 2, 1, 2, 2, 2, 2, 3, 3, 2, 2, 2,
       0, 2, 1, 1, 2, 2, 0, 3, 1, 2, 2, 1, 2, 2, 2, 1, 2, 2, 2, 2, 2, 2,
       2, 2, 2, 2, 3, 2, 2, 2, 1, 2, 1, 2, 2, 1, 2, 1, 2, 2, 2, 2, 1, 3,
       2, 2, 2, 2, 2, 2, 1, 2, 2, 2, 2, 3, 3, 2, 2, 2, 2, 3, 2, 2, 3, 1,
       1, 2, 2, 1, 2, 2, 2, 2, 1, 2, 2, 2, 2, 3, 2, 2, 0, 1, 1, 2, 2, 1,
       3, 2, 2, 2, 1, 1, 2, 1, 3, 2, 1, 2, 3, 2, 2, 2, 2, 2, 2, 2, 2, 1,
       2, 1, 2, 2, 2, 2, 2, 2, 2, 2, 2, 1, 3, 2, 2, 2, 2, 2, 2, 3, 2, 3,
       1, 2, 2, 2, 2, 1, 3, 2, 3, 3, 2, 2, 2, 2, 2, 2, 2, 2, 2, 2, 1, 2,
       2, 1, 3, 2, 2, 2, 1, 2, 1, 2, 2, 2, 2, 2, 2, 2, 2, 1, 1, 3, 0, 3,
       2, 2, 2, 2, 2, 2, 2, 2, 2, 2, 2, 2, 2, 3, 1, 2, 2, 2, 2, 2, 2, 1,
       2, 1, 2, 3, 1, 2, 2, 2, 2, 2, 2, 2, 2, 2, 2, 2, 2, 2, 2, 2, 2, 2,
       1, 2, 2, 2, 2, 2, 2, 2, 2, 2, 1, 2, 2, 2, 2, 1, 2, 2, 1, 2, 2, 2,
       2, 2, 3, 1, 2, 2, 2, 2, 2, 2, 2, 3, 2, 2, 2, 1, 2, 2, 3, 2, 2, 1,
       1, 3, 2, 2, 2, 2, 1, 2, 1, 2, 2, 2, 2, 1, 2, 2, 3, 0, 1, 2, 3, 1,
       2, 2, 0, 2, 2, 2, 2, 2, 2, 2, 2, 3, 1, 1, 2, 2, 2, 2, 2, 2, 2, 2,
       3, 0, 2, 3, 1, 1, 2, 2, 2, 1, 2, 2, 1, 2, 2, 2, 3, 1, 3, 2, 2, 2,
       2, 2, 2, 1, 1, 0, 2, 2, 1, 1, 2, 2, 2, 1, 2, 2, 2, 2, 2, 2, 1, 2,
       2, 2, 2, 2, 1, 1, 2, 2, 2, 1, 1, 2, 3, 2, 1, 1, 2, 2, 2, 2, 2, 3,
       1, 2, 2, 2, 2, 2, 2, 2, 2, 2, 2, 2, 3, 2, 2, 2, 2, 1, 3, 2, 2, 2,
       3, 2, 2, 2, 1, 3, 1, 2, 2, 2, 1, 2, 2, 3, 2, 1, 2, 2, 2, 2, 2, 3,
       1, 2, 1, 2, 2, 1, 2, 3, 3, 2, 2, 2, 3, 2, 2, 2, 2, 2, 2, 2, 3, 2,
       2, 2, 2, 2, 2, 3, 2, 1, 2, 2, 2, 2, 2, 3, 2, 2, 2, 2, 3, 2, 2, 2,
       1, 3, 2, 2, 2, 2, 2, 3, 2, 3, 2, 2, 2, 2, 2, 1, 2, 3, 2, 2, 3, 2,
       2, 2, 2, 2, 0, 2, 1, 2, 2, 0, 2, 2, 2, 2, 2, 3, 2, 2, 2, 2, 2, 2,
       1, 2, 2, 2, 2, 2, 2, 2, 2, 2, 2, 2, 1, 2, 0, 0, 2, 2, 2, 3, 1, 2,
       2, 3, 1, 2, 2, 3, 3, 3, 2, 3, 2, 2, 2, 2, 2, 2, 1, 2, 2, 3, 1, 3,
       1, 2, 3, 2, 1, 2, 2, 1, 2, 2, 1, 2, 1, 1, 2, 1, 2, 3, 2, 2, 2, 0,
       1, 2, 2, 3, 2, 2, 2, 1, 1, 2, 2, 2, 2, 0, 3, 1, 3, 2, 0, 2, 1, 3,
       2, 3, 1, 2, 1]), 'time': 2446.6861107349396}
lenSubsequence: 10{'RI': 0.4988104514051218, 'num_clusters': 3, 'uShapelets': [{'ts_index': 89, 'loc': 1, 'gap': 0.07916092018588808, 'distances': array([0.06630871, 0.02359714, 0.05763328, 0.0422108 , 0.06002068,
       0.05494894, 0.05818643, 0.0563912 , 0.20017333, 0.01779115,
       0.05374936, 0.05780291, 0.14455376, 0.04486906, 0.06746095,
       0.09558704, 0.20051484, 0.19444055, 0.03568406, 0.05954498,
       0.01922578, 0.08199917, 0.04642433, 0.0998046 , 0.0638007 ,
       0.07894945, 0.20005853, 0.20045512, 0.06012059, 0.03986121,
       0.20034219, 0.12237222, 0.05851205, 0.14362595, 0.16574789,
       0.20059273, 0.04291581, 0.04867748, 0.05040123, 0.14636579,
       0.15060934, 0.04486508, 0.17852075, 0.0439168 , 0.08583383,
       0.15231322, 0.20076304, 0.20022892, 0.19289517, 0.11116489,
       0.1235395 , 0.20030046, 0.05032437, 0.07234023, 0.02412471,
       0.06946878, 0.15652005, 0.10480493, 0.05013507, 0.19035332,
       0.05414675, 0.07842029, 0.07270619, 0.14445455, 0.08167975,
       0.07105233, 0.20038622, 0.20054865, 0.19886828, 0.04349938,
       0.07479072, 0.08800987, 0.04901446, 0.03158388, 0.079894  ,
       0.07825074, 0.0761588 , 0.04648177, 0.0355386 , 0.07541261,
       0.12124467, 0.20044777, 0.04362407, 0.07703255, 0.03928506,
       0.03907816, 0.079495  , 0.15548113, 0.05477241, 0.        ,
       0.20107072, 0.03324346, 0.03755983, 0.06297047, 0.12689729,
       0.0305003 , 0.20006632, 0.03742308, 0.04244143, 0.20025993,
       0.05316171, 0.20025964, 0.03947727, 0.03577617, 0.07959098,
       0.09576673, 0.05815235, 0.17961342, 0.1506765 , 0.20033539,
       0.06300728, 0.13538056, 0.01618418, 0.20075009, 0.07254876,
       0.13669146, 0.03845361, 0.0402242 , 0.0516658 , 0.03662913,
       0.01479626, 0.1851735 , 0.04136295, 0.04291397, 0.05400531,
       0.20058266, 0.05976822, 0.0474974 , 0.18766136, 0.06584344,
       0.20000551, 0.03666745, 0.10980136, 0.07593698, 0.02793219,
       0.1665835 , 0.01574725, 0.0738987 , 0.13793599, 0.03159818,
       0.20047683, 0.04900123, 0.07889312, 0.07245504, 0.04252299,
       0.03053428, 0.02169899, 0.06913037, 0.04048651, 0.07778494,
       0.05938591, 0.16480761, 0.15412785, 0.08036402, 0.09136016,
       0.20245466, 0.05104973, 0.06178477, 0.11614496, 0.20023688,
       0.20025398, 0.10789957, 0.05355581, 0.20037963, 0.20069672,
       0.19910535, 0.03191465, 0.10144087, 0.04401774, 0.06065707,
       0.14890421, 0.02905914, 0.03457251, 0.03354409, 0.04817243,
       0.19701444, 0.20118944, 0.06025074, 0.02544667, 0.2000819 ,
       0.08775578, 0.07584736, 0.02947251, 0.04237017, 0.02554263,
       0.06019944, 0.14311649, 0.01901644, 0.07113699, 0.1856375 ,
       0.0457054 , 0.20007048, 0.20053726, 0.06808902, 0.20055505,
       0.04718764, 0.04214618, 0.0276168 , 0.0964623 , 0.12927356,
       0.05478333, 0.11857883, 0.04112242, 0.18636737, 0.03536046,
       0.0445862 , 0.04826114, 0.10031645, 0.05625893, 0.05510706,
       0.06755184, 0.03161499, 0.14118094, 0.11229168, 0.19791438,
       0.04057596, 0.1375966 , 0.20232851, 0.05116175, 0.15432552,
       0.08877205, 0.03212166, 0.08913062, 0.01895603, 0.17862415,
       0.08076724, 0.05543916, 0.1228117 , 0.08426519, 0.04190862,
       0.20024808, 0.02877691, 0.06144737, 0.06785498, 0.05902006,
       0.03524327, 0.06854011, 0.14293913, 0.12234702, 0.09632846,
       0.02899339, 0.20057036, 0.04379527, 0.06223339, 0.1181895 ,
       0.12977558, 0.16928648, 0.20007178, 0.20016651, 0.10083955,
       0.07389768, 0.04776653, 0.20089144, 0.13374468, 0.10823591,
       0.17652617, 0.05898908, 0.20278242, 0.04035051, 0.06442988,
       0.13129272, 0.13596776, 0.14155042, 0.1684369 , 0.0311555 ,
       0.11161032, 0.16774239, 0.0782483 , 0.0848206 , 0.03595708,
       0.0422293 , 0.06052105, 0.06020801, 0.15640997, 0.16927298,
       0.0465309 , 0.13318633, 0.02704291, 0.07819055, 0.05123767,
       0.20042211, 0.02524955, 0.04239856, 0.12090373, 0.12047207,
       0.10752379, 0.19122206, 0.05140267, 0.17513742, 0.07830319,
       0.20070725, 0.20003415, 0.20007501, 0.20078692, 0.07546684,
       0.03995694, 0.062899  , 0.16921253, 0.07305015, 0.03321555,
       0.0410268 , 0.20042029, 0.10772462, 0.18038337, 0.19198208,
       0.1592145 , 0.14006226, 0.15842921, 0.06681293, 0.05531181,
       0.01116241, 0.08404249, 0.20013178, 0.04578819, 0.18160906,
       0.04281463, 0.16771461, 0.06331465, 0.16394497, 0.20037092,
       0.15686307, 0.10057637, 0.03199849, 0.04625756, 0.04816857,
       0.03620667, 0.0411158 , 0.19259713, 0.03803388, 0.20396048,
       0.04496478, 0.2084706 , 0.0271582 , 0.05529214, 0.04769875,
       0.1634726 , 0.14930372, 0.06587103, 0.18142565, 0.20079088,
       0.03508082, 0.20313474, 0.07328052, 0.05459446, 0.16799807,
       0.05384539, 0.02546156, 0.06652184, 0.04841095, 0.04297068,
       0.04078915, 0.04076699, 0.03264037, 0.06307696, 0.03980502,
       0.20006782, 0.06635926, 0.04701375, 0.02821674, 0.06775362,
       0.07833921, 0.04175444, 0.04710878, 0.03564635, 0.15716242,
       0.02718473, 0.04190153, 0.04486337, 0.0299847 , 0.20050578,
       0.20048129, 0.17731544, 0.05895325, 0.11045894, 0.04701653,
       0.01855935, 0.16369601, 0.03630571, 0.11805492, 0.19888914,
       0.0410529 , 0.11401198, 0.20098554, 0.03832491, 0.20037462,
       0.20023115, 0.20014945, 0.0430284 , 0.10880658, 0.08367673,
       0.0230982 , 0.0511582 , 0.20108162, 0.16015948, 0.05723604,
       0.20042924, 0.04530656, 0.16580394, 0.04648979, 0.16894112,
       0.06971541, 0.02932937, 0.20007095, 0.04740722, 0.12788016,
       0.04395349, 0.12073748, 0.16685422, 0.09420109, 0.07863888,
       0.06715836, 0.06201118, 0.05033725, 0.17180577, 0.07481279,
       0.10526807, 0.05171371, 0.0996605 , 0.03802166, 0.05281203,
       0.03937787, 0.17673451, 0.04323353, 0.03893946, 0.03465251,
       0.06650832, 0.18863306, 0.04901742, 0.05024863, 0.04531904,
       0.04755827, 0.04873656, 0.07103574, 0.04321486, 0.06665727,
       0.04982985, 0.0581667 , 0.05055138, 0.05171725, 0.03983905,
       0.13855529, 0.20012475, 0.02865428, 0.20011313, 0.05898315,
       0.08229753, 0.20010208, 0.00761931, 0.04400155, 0.03533975,
       0.03449053, 0.0402774 , 0.05544623, 0.20015538, 0.03644156,
       0.0891533 , 0.03604397, 0.06007825, 0.01903496, 0.06692539,
       0.05370391, 0.05717517, 0.03480146, 0.04968251, 0.20036148,
       0.14611097, 0.05434146, 0.20027469, 0.1825865 , 0.20042635,
       0.07515884, 0.20009916, 0.05450586, 0.07146756, 0.01295531,
       0.12343096, 0.19686373, 0.18402622, 0.18596484, 0.04745991,
       0.03812174, 0.02817582, 0.01224866, 0.20007331, 0.03907853,
       0.05137282, 0.03404339, 0.0345032 , 0.04872166, 0.15360301,
       0.04973187, 0.03730668, 0.04470711, 0.14769455, 0.05740762,
       0.16102541, 0.0419412 , 0.07208262, 0.02967471, 0.06342195,
       0.20013347, 0.03139928, 0.03924944, 0.03660101, 0.04042945,
       0.200126  , 0.05776752, 0.05327367, 0.20020502, 0.08767731,
       0.1970051 , 0.200297  , 0.12905382, 0.05215188, 0.03422558,
       0.04170395, 0.12669552, 0.17245883, 0.12314893, 0.15948379,
       0.18834229, 0.07004084, 0.1843073 , 0.20035259, 0.06101664,
       0.20004706, 0.03554558, 0.04189848, 0.07016793, 0.2009715 ,
       0.2030439 , 0.08732819, 0.04789434, 0.20078   , 0.09257278,
       0.20012388, 0.05961781, 0.11070547, 0.11057489, 0.19973009,
       0.03773976, 0.17593214, 0.07836984, 0.10503123, 0.1291735 ,
       0.05235388, 0.13565303, 0.01242923, 0.11886041, 0.13093057,
       0.20086242, 0.02285732, 0.07280985, 0.06661171, 0.07754291,
       0.15508005, 0.20021164, 0.03781622, 0.06525889, 0.06421358,
       0.05142932, 0.03642603, 0.11226726, 0.07257154, 0.08549723,
       0.03543843, 0.04420014, 0.04402072, 0.06784828, 0.20086705,
       0.20046716, 0.04519682, 0.07465969, 0.04598849, 0.19594996,
       0.04481471, 0.07094585, 0.20050616, 0.07558103, 0.0488475 ,
       0.0348742 , 0.04151036, 0.11089948, 0.07507024, 0.05044606,
       0.20021894, 0.2022937 , 0.04589684, 0.02652413, 0.03330682,
       0.05271376, 0.074949  , 0.02362148, 0.12345948, 0.20028868,
       0.20097223, 0.0212111 , 0.09953141, 0.04715038, 0.14630519,
       0.05188396, 0.20006486, 0.03710013, 0.0411826 , 0.01873039,
       0.20174602, 0.20036293, 0.04176969, 0.03384574, 0.14943259,
       0.1885435 , 0.04484904, 0.08968935, 0.05002488, 0.04129693,
       0.00385844, 0.07160369, 0.20014609, 0.05186916, 0.17984294,
       0.20019356]), 'delta_distances': array([0., 0., 0., 0., 0., 0., 0., 0., 0., 0., 0., 0., 0., 0., 0., 0., 0.,
       0., 0., 0., 0., 0., 0., 0., 0., 0., 0., 0., 0., 0., 0., 0., 0., 0.,
       0., 0., 0., 0., 0., 0., 0., 0., 0., 0., 0., 0., 0., 0., 0., 0., 0.,
       0., 0., 0., 0., 0., 0., 0., 0., 0., 0., 0., 0., 0., 0., 0., 0., 0.,
       0., 0., 0., 0., 0., 0., 0., 0., 0., 0., 0., 0., 0., 0., 0., 0., 0.,
       0., 0., 0., 0., 0., 0., 0., 0., 0., 0., 0., 0., 0., 0., 0., 0., 0.,
       0., 0., 0., 0., 0., 0., 0., 0., 0., 0., 0., 0., 0., 0., 0., 0., 0.,
       0., 0., 0., 0., 0., 0., 0., 0., 0., 0., 0., 0., 0., 0., 0., 0., 0.,
       0., 0., 0., 0., 0., 0., 0., 0., 0., 0., 0., 0., 0., 0., 0., 0., 0.,
       0., 0., 0., 0., 0., 0., 0., 0., 0., 0., 0., 0., 0., 0., 0., 0., 0.,
       0., 0., 0., 0., 0., 0., 0., 0., 0., 0., 0., 0., 0., 0., 0., 0., 0.,
       0., 0., 0., 0., 0., 0., 0., 0., 0., 0., 0., 0., 0., 0., 0., 0., 0.,
       0., 0., 0., 0., 0., 0., 0., 0., 0., 0., 0., 0., 0., 0., 0., 0., 0.,
       0., 0., 0., 0., 0., 0., 0., 0., 0., 0., 0., 0., 0., 0., 0., 0., 0.,
       0., 0., 0., 0., 0., 0., 0., 0., 0., 0., 0., 0., 0., 0., 0., 0., 0.,
       0., 0., 0., 0., 0., 0., 0., 0., 0., 0., 0., 0., 0., 0., 0., 0., 0.,
       0., 0., 0., 0., 0., 0., 0., 0., 0., 0., 0., 0., 0., 0., 0., 0., 0.,
       0., 0., 0., 0., 0., 0., 0., 0., 0., 0., 0., 0., 0., 0., 0., 0., 0.,
       0., 0., 0., 0., 0., 0., 0., 0., 0., 0., 0., 0., 0., 0., 0., 0., 0.,
       0., 0., 0., 0., 0., 0., 0., 0., 0., 0., 0., 0., 0., 0., 0., 0., 0.,
       0., 0., 0., 0., 0., 0., 0., 0., 0., 0., 0., 0., 0., 0., 0., 0., 0.,
       0., 0., 0., 0., 0., 0., 0., 0., 0., 0., 0., 0., 0., 0., 0., 0., 0.,
       0., 0., 0., 0., 0., 0., 0., 0., 0., 0., 0., 0., 0., 0., 0., 0., 0.,
       0., 0., 0., 0., 0., 0., 0., 0., 0., 0., 0., 0., 0., 0., 0., 0., 0.,
       0., 0., 0., 0., 0., 0., 0., 0., 0., 0., 0., 0., 0., 0., 0., 0., 0.,
       0., 0., 0., 0., 0., 0., 0., 0., 0., 0., 0., 0., 0., 0., 0., 0., 0.,
       0., 0., 0., 0., 0., 0., 0., 0., 0., 0., 0., 0., 0., 0., 0., 0., 0.,
       0., 0., 0., 0., 0., 0., 0., 0., 0., 0., 0., 0., 0., 0., 0., 0., 0.,
       0., 0., 0., 0., 0., 0., 0., 0., 0., 0., 0., 0., 0., 0., 0., 0., 0.,
       0., 0., 0., 0., 0., 0., 0., 0., 0., 0., 0., 0., 0., 0., 0., 0., 0.,
       0., 0., 0., 0., 0., 0., 0., 0., 0., 0., 0., 0., 0., 0., 0., 0., 0.,
       0., 0., 0., 0., 0., 0., 0., 0., 0., 0., 0., 0., 0., 0., 0., 0., 0.,
       0., 0., 0., 0., 0., 0., 0., 0., 0., 0., 0., 0., 0., 0., 0., 0., 0.,
       0., 0., 0., 0., 0., 0., 0., 0., 0., 0., 0., 0., 0., 0., 0., 0., 0.,
       0., 0., 0., 0., 0., 0., 0., 0., 0., 0., 0., 0., 0., 0., 0., 0., 0.,
       0., 0., 0., 0., 0., 0., 0., 0., 0., 0., 0., 0., 0., 0., 0., 0., 0.,
       0., 0., 0., 0., 0., 0., 0., 0., 0.]), 'locations': array([24,  3,  7, 45, 43,  6, 30, 48, 48,  1, 20, 30, 28, 37, 21, 35,  0,
       48,  1, 18, 24, 44,  4, 15, 35, 24, 39,  5,  4,  7,  0, 46, 45, 24,
       32,  0, 46, 21, 22, 33, 55, 23, 30, 51,  7, 45, 19, 49,  7, 46, 37,
       56,  7, 30,  1, 50, 26, 53, 58, 59, 40, 41, 30, 41, 13,  7, 59, 12,
       45, 28, 25, 32, 16,  1, 42, 32, 25, 42, 40, 45, 24, 47,  9, 21,  8,
        8, 46, 28,  1,  1,  0, 46, 54, 54, 35, 18, 24, 10, 58, 39, 35,  1,
       25, 29, 51, 25, 48, 59, 37, 43, 35, 34,  0, 25, 49, 31, 17,  6,  7,
       40, 42,  5, 13, 52,  6, 32, 42, 42, 37,  7, 41,  6, 23, 29, 11, 44,
        0,  6, 33,  7, 39, 46, 27, 23, 48, 37, 47, 28, 46, 34,  1, 22, 28,
       14, 33, 42, 26, 42, 22, 56, 10, 46,  2, 50, 10, 30,  1, 52,  6, 20,
       33, 45, 25,  7, 34,  6, 34, 35, 40,  2, 53, 14, 46, 11, 43, 35, 33,
       49, 25,  5,  2, 21, 49, 22,  1,  6,  6,  0, 31, 40, 56, 30,  6,  4,
       14,  1, 26, 28, 17, 23, 34,  7,  0, 36, 10,  1,  2, 24, 51, 21, 24,
       26, 41,  3, 19, 53, 13,  2, 17, 40, 38, 10, 27, 47, 22, 21, 29, 30,
       33, 21, 47,  2,  7, 34, 55, 16, 22,  9, 10, 28, 47, 36,  0, 33, 31,
       59, 34,  2, 12, 27, 31, 17, 16, 32, 24, 26, 33,  6, 31, 22, 26, 37,
       23, 37, 45,  6, 34,  9, 32, 13, 16, 59,  6, 30, 25, 44, 46, 44, 20,
       31, 38, 10, 54, 20, 36,  9, 45, 29, 46,  7, 13, 59, 16,  8,  5, 18,
       36, 54, 21, 22, 39, 10, 23,  7, 42, 12, 22,  0, 33, 19,  4, 32, 42,
       25, 28, 40, 29,  5, 41, 17, 48, 17, 12, 57,  7, 32, 28,  6, 46, 50,
        1, 22,  6, 22, 41, 21, 46, 34, 14,  2,  7, 23, 40,  0, 17, 35, 42,
       26, 49, 33,  8, 21, 25, 20, 47, 37, 48, 47, 48,  1, 38, 35, 25, 35,
       23, 41, 30, 27, 26, 43, 48, 53, 47,  2, 49, 49, 21, 36, 45, 12, 40,
       57, 45,  1, 34, 58, 24, 30,  6, 40, 46, 59, 40, 45, 35,  7, 23, 29,
       22, 54,  8, 13, 47, 36,  8, 32, 21, 30, 45, 12, 25, 30, 18, 28,  6,
        0,  8, 45, 30, 21, 47,  6, 35,  1, 26, 28, 53,  6, 19, 48, 31, 24,
        1, 38, 33,  6, 35,  1, 35, 24, 50, 20,  7, 17, 49,  2, 40, 36,  3,
        7, 28, 13,  9, 22, 48, 52, 36, 18, 31, 38, 46, 43, 11, 52,  0, 31,
       33,  6, 15,  9,  8,  2, 39, 56,  7, 24, 25, 25, 48, 56, 46, 25,  9,
       37, 22, 33,  8, 24, 22,  7, 39, 10, 45,  7, 40, 34, 47, 25, 49, 47,
        7,  1, 25, 27,  6, 24, 34, 36, 32, 25, 46, 47,  6, 24,  0,  3,  9,
        2, 36, 19, 36, 23,  5, 43, 53, 39, 40, 36, 16,  5, 23, 31, 32, 30,
        1, 23, 32,  4, 22, 42,  0,  3, 29, 47, 47, 37,  9, 51, 35, 47, 54,
       41, 21, 45, 37, 34, 48, 45, 16, 37, 59,  7,  1,  7, 40, 21, 51, 20,
       33,  7, 32,  7, 43, 37, 21, 23, 43, 50, 22,  1, 46, 47, 28, 54, 40,
       26, 17, 17, 26, 34, 34, 39, 50, 21,  1, 41, 26,  7, 59, 22, 43, 47,
       13, 41, 46, 39, 27, 29, 46, 27, 49])}, {'ts_index': 290, 'loc': 23, 'gap': 0.04303071590040239, 'distances': array([0.20328549, 0.20128315, 0.19176299, 0.0977496 , 0.0596844 ,
       0.20038704, 0.14472962, 0.04994369, 0.15770581, 0.1852761 ,
       0.17790097, 0.17977631, 0.15952956, 0.16345857, 0.20053354,
       0.20993538, 0.20012345, 0.17719086, 0.20775218, 0.20139813,
       0.20079916, 0.15108317, 0.20198799, 0.2011888 , 0.14424056,
       0.17605259, 0.2039362 , 0.05360048, 0.14496605, 0.20104838,
       0.20013094, 0.0293433 , 0.20064927, 0.20306775, 0.11604792,
       0.20141151, 0.15164972, 0.20335656, 0.16532282, 0.1635735 ,
       0.14877692, 0.20234814, 0.18485581, 0.08686795, 0.15114627,
       0.15499661, 0.02583915, 0.14292064, 0.18181742, 0.2010024 ,
       0.19931629, 0.20441097, 0.20068478, 0.20259564, 0.20051496,
       0.15767051, 0.        , 0.1690664 , 0.20025727, 0.20067603,
       0.20604094, 0.07288969, 0.19741188, 0.20145854, 0.20346135,
       0.14932558, 0.0564618 , 0.16638955, 0.20494305, 0.20261858,
       0.2009543 , 0.20048725, 0.1850375 , 0.15310848, 0.17594541,
       0.11634297, 0.20090373, 0.19539571, 0.20042732, 0.20150461,
       0.20096838, 0.20541979, 0.19469595, 0.14777835, 0.20178556,
       0.05916223, 0.20049947, 0.20118809, 0.20118102, 0.15060583,
       0.20014999, 0.14416977, 0.20138108, 0.17765001, 0.20190302,
       0.14809978, 0.20193583, 0.17224442, 0.15384226, 0.20046821,
       0.20194435, 0.20108845, 0.09489973, 0.12802229, 0.201147  ,
       0.20174236, 0.10103532, 0.14037194, 0.02473464, 0.08204476,
       0.13736541, 0.13959066, 0.19148415, 0.18670201, 0.20083461,
       0.20149181, 0.20150879, 0.19357126, 0.14715361, 0.20183085,
       0.18382126, 0.17035729, 0.20283859, 0.13391785, 0.14572065,
       0.1193728 , 0.14882853, 0.20132209, 0.20073752, 0.17966377,
       0.09577661]), 'delta_distances': array([0., 0., 0., 0., 0., 0., 0., 0., 0., 0., 0., 0., 0., 0., 0., 0., 0.,
       0., 0., 0., 0., 0., 0., 0., 0., 0., 0., 0., 0., 0., 0., 0., 0., 0.,
       0., 0., 0., 0., 0., 0., 0., 0., 0., 0., 0., 0., 0., 0., 0., 0., 0.,
       0., 0., 0., 0., 0., 0., 0., 0., 0., 0., 0., 0., 0., 0., 0., 0., 0.,
       0., 0., 0., 0., 0., 0., 0., 0., 0., 0., 0., 0., 0., 0., 0., 0., 0.,
       0., 0., 0., 0., 0., 0., 0., 0., 0., 0., 0., 0., 0., 0., 0., 0., 0.,
       0., 0., 0., 0., 0., 0., 0., 0., 0., 0., 0., 0., 0., 0., 0., 0., 0.,
       0., 0., 0., 0., 0., 0., 0., 0., 0., 0., 0., 0.]), 'locations': array([48, 15, 48, 23, 28, 17, 46, 22, 40, 22, 22, 22, 56, 16, 57,  0, 57,
       58, 24, 39, 11, 21,  0, 25, 28, 59, 58, 48, 47, 21, 21, 24, 51, 10,
       57, 59, 45, 18, 46,  6, 33, 21, 45, 37, 47, 13, 22, 24, 18, 10, 42,
       25,  2, 16, 23, 35, 23, 47, 25, 12, 56, 36, 46, 13, 51, 47, 27, 30,
       23, 16, 50, 22, 38, 45, 27, 14, 22, 13, 14, 49, 21, 45, 32, 37, 48,
       20, 24, 38, 35, 46, 27, 32, 15,  6, 43, 42, 50, 12, 47, 35, 49, 49,
       29, 22, 18, 50, 34, 22, 22, 33, 35, 22,  5, 57, 11, 14, 41, 18, 33,
       11, 26, 46, 40, 17, 46, 31, 46, 20, 13, 35, 56])}], 'clusters': array([1, 1, 1, 1, 1, 1, 1, 1, 0, 1, 1, 1, 1, 1, 1, 1, 0, 0, 1, 1, 1, 1,
       1, 1, 1, 1, 2, 2, 1, 1, 0, 1, 1, 1, 1, 0, 1, 1, 1, 1, 1, 1, 2, 1,
       1, 1, 0, 0, 0, 1, 1, 0, 1, 1, 1, 1, 1, 1, 1, 0, 1, 1, 1, 1, 1, 1,
       0, 0, 0, 1, 1, 1, 1, 1, 1, 1, 1, 1, 1, 1, 1, 0, 1, 1, 1, 1, 1, 1,
       1, 1, 0, 1, 1, 1, 1, 1, 0, 1, 1, 0, 1, 0, 1, 1, 1, 1, 1, 0, 1, 0,
       1, 1, 1, 0, 1, 1, 1, 1, 1, 1, 1, 0, 1, 1, 1, 0, 1, 1, 0, 1, 2, 1,
       1, 1, 1, 1, 1, 1, 1, 1, 0, 1, 1, 1, 1, 1, 1, 1, 1, 1, 1, 1, 1, 1,
       1, 0, 1, 1, 1, 0, 2, 1, 1, 0, 0, 2, 1, 1, 1, 1, 1, 1, 1, 1, 1, 0,
       0, 1, 1, 0, 1, 1, 1, 1, 1, 1, 1, 1, 1, 0, 1, 0, 0, 1, 0, 1, 1, 1,
       1, 1, 1, 1, 1, 0, 1, 1, 1, 1, 1, 1, 1, 1, 1, 1, 2, 1, 1, 0, 1, 1,
       1, 1, 1, 1, 0, 1, 1, 1, 1, 1, 2, 1, 1, 1, 1, 1, 1, 1, 1, 1, 1, 0,
       1, 1, 1, 1, 1, 0, 0, 1, 1, 1, 0, 1, 1, 0, 1, 0, 1, 1, 1, 1, 1, 1,
       1, 1, 1, 1, 1, 1, 1, 1, 1, 1, 1, 1, 1, 1, 1, 1, 0, 1, 1, 1, 1, 1,
       0, 1, 0, 1, 2, 0, 0, 0, 1, 1, 1, 1, 1, 1, 1, 0, 1, 2, 0, 1, 1, 1,
       1, 1, 1, 1, 0, 1, 0, 1, 1, 1, 1, 0, 1, 1, 1, 1, 1, 1, 1, 2, 1, 0,
       1, 0, 1, 1, 1, 1, 1, 1, 0, 0, 1, 0, 1, 1, 1, 1, 1, 1, 1, 1, 1, 1,
       1, 1, 1, 0, 1, 1, 1, 1, 1, 1, 1, 1, 1, 1, 1, 1, 1, 0, 0, 2, 1, 1,
       1, 1, 1, 1, 1, 0, 1, 1, 0, 1, 0, 0, 0, 1, 1, 1, 1, 1, 0, 1, 1, 0,
       1, 1, 1, 1, 1, 1, 0, 1, 1, 1, 1, 1, 1, 1, 1, 1, 1, 1, 1, 1, 1, 1,
       1, 1, 1, 0, 1, 1, 1, 1, 2, 1, 1, 1, 1, 1, 1, 1, 1, 1, 1, 1, 1, 1,
       1, 0, 1, 0, 1, 1, 0, 1, 1, 1, 1, 1, 1, 0, 1, 1, 1, 1, 1, 1, 1, 1,
       1, 1, 0, 1, 1, 0, 0, 0, 1, 0, 1, 1, 1, 1, 0, 0, 0, 1, 1, 1, 1, 0,
       1, 1, 1, 1, 1, 1, 1, 1, 1, 1, 1, 1, 1, 1, 1, 1, 0, 1, 1, 1, 1, 0,
       1, 1, 0, 1, 2, 2, 1, 1, 1, 1, 1, 1, 1, 1, 0, 1, 0, 2, 1, 0, 1, 1,
       1, 2, 2, 1, 1, 2, 1, 2, 1, 1, 1, 0, 1, 0, 1, 1, 1, 1, 1, 1, 1, 1,
       0, 1, 1, 1, 1, 1, 0, 1, 1, 1, 1, 1, 1, 1, 1, 1, 1, 1, 1, 0, 0, 1,
       1, 1, 0, 1, 1, 0, 1, 1, 1, 1, 1, 1, 1, 0, 0, 1, 1, 1, 1, 1, 1, 1,
       0, 2, 1, 1, 1, 1, 1, 0, 1, 1, 1, 2, 0, 1, 1, 1, 0, 1, 1, 1, 1, 1,
       1, 0, 1, 0, 2]), 'time': 1542.3047442436218}
