lenSubsequence: 11{'RI': 0.5175879396984925, 'num_clusters': 8, 'uShapelets': [{'ts_index': 119, 'loc': 421, 'gap': 0.2662349845963603, 'distances': array([1.78700636, 1.842166  , 0.66726327, 2.03286473, 1.67661527,
       1.35985718, 2.15871591, 1.94394227, 2.33140545, 2.05768991,
       1.56341155, 1.71446145, 1.20011018, 1.32074745, 1.04561682,
       1.84629509, 1.88322855, 1.33386573, 1.57920327, 2.35725264,
       1.89306855, 1.71622418, 1.95518582, 1.88028882, 2.10942364,
       2.24130545, 1.39076918, 2.13296827, 1.12659982, 1.872802  ,
       2.16356064, 2.08147145, 1.68056682, 1.75098445, 2.40000764,
       1.574617  , 1.38429073, 2.13050136, 1.35971045, 1.83953609,
       1.81955836, 1.65049118, 2.16016809, 1.60576809, 1.73308964,
       1.69414609, 1.57475845, 1.76049491, 1.87428045, 1.54233845,
       1.25918564, 1.81083482, 1.51229336, 1.43886991, 1.73790045,
       2.16117009, 2.21231264, 0.97371864, 1.25953327, 1.67893782,
       2.27564809, 1.98649109, 1.78098409, 1.76860864, 2.26038409,
       1.40205455, 2.01767291, 2.07557736, 2.34787955, 2.05709773,
       1.93480782, 1.83145391, 1.88488482, 2.35978545, 2.19334736,
       2.16500745, 1.563672  , 2.35234545, 1.97626482, 1.96358582,
       2.16664827, 1.70291155, 2.25856509, 1.75153345, 2.246326  ,
       1.97461109, 2.21718464, 1.92449564, 2.19859845, 2.23944436,
       1.44600218, 0.99430527, 1.43680091, 1.44310309, 1.54054345,
       1.60936345, 1.50565727, 1.81230755, 1.25144955, 1.16869245,
       1.237542  , 1.030819  , 0.65470136, 2.351266  , 1.65871273,
       1.53634564, 0.93139291, 1.75856264, 1.43268845, 1.119273  ,
       1.06873827, 1.54917791, 1.41593618, 1.43920964, 1.51188782,
       1.75298373, 1.41730082, 1.58177318, 2.262788  , 0.        ,
       1.64374873, 1.46928455, 1.60061955, 1.61653409, 0.86144655,
       0.86987582, 1.41519282, 1.72327009, 1.02169264, 1.71033618,
       1.27241155, 1.42996636, 1.17916773, 1.54763673, 1.71457482,
       1.70192491, 1.90089355, 1.43578491, 1.72648682, 1.79236509,
       1.59002418, 1.42811736, 1.42831918, 1.36399627, 1.70004991,
       1.795616  , 1.67438427, 1.52802773, 1.60645927, 1.509029  ,
       1.41370191, 1.69956727, 1.592908  , 1.88889573, 1.52652955,
       1.96435755, 1.13241755, 1.12761636, 1.27004927, 1.08772545,
       1.45455118, 1.27280873, 1.23231618, 1.469953  , 2.18461045,
       0.88238055, 1.42797409, 1.24507636, 1.22389791, 1.33029645,
       1.24993709, 1.11417336, 1.48809182, 1.53812364, 1.51875791,
       1.99609882, 1.36065527, 1.35947955, 1.24154191, 2.10346627,
       1.466413  , 1.81294264, 1.43476391, 1.63050691, 2.02180682,
       1.90860609, 1.62252755, 1.74437591, 1.62608873, 1.58186027,
       1.30190064, 1.70572155, 1.98370473, 1.20532736, 1.42820873,
       1.61078945, 1.99889955, 1.90119555, 2.02831564, 1.41720882]), 'delta_distances': array([3.71432509, 3.51774818, 1.99461218, 2.37289218, 3.42823764,
       3.63410655, 4.71361618, 2.74433036, 4.53942491, 3.71664055,
       3.21060309, 3.08074236, 2.60216491, 2.37250636, 3.06836018,
       3.80909018, 2.98694545, 3.20961673, 3.72417782, 4.55771818,
       3.77269327, 2.66034564, 3.09484364, 3.64951182, 4.24433145,
       3.12716145, 2.26116782, 4.15439218, 2.478552  , 3.91120636,
       3.75814218, 4.21931091, 3.16157673, 3.14878164, 4.35349891,
       3.10112164, 3.73499691, 4.99479691, 3.00443582, 3.34167545,
       3.53445309, 3.10210345, 4.36788236, 2.30329491, 3.39652273,
       3.40866673, 3.42184455, 3.22912873, 3.64884691, 2.45860745,
       3.40141127, 3.02673709, 3.13872945, 3.75855018, 2.75324527,
       2.94355836, 3.78924582, 2.619856  , 2.79885564, 2.94519891,
       3.35069545, 3.67650818, 2.57776345, 3.12066927, 4.384906  ,
       3.16427655, 4.57477382, 4.11597564, 4.77572491, 3.97123727,
       3.58170564, 3.05397018, 3.22144982, 4.52999982, 5.10715564,
       4.29160582, 4.52061764, 4.55369945, 2.83106727, 3.73225673,
       3.63325818, 3.163604  , 3.72271418, 3.42222018, 3.551112  ,
       4.61271091, 4.11730236, 2.63991236, 4.89924964, 3.49102255,
       3.60130691, 3.44639727, 3.94196564, 3.105064  , 3.48754891,
       3.77002636, 3.595888  , 3.72794891, 3.10569036, 3.16909618,
       2.66312564, 3.19196473, 2.628208  , 3.944768  , 3.13888018,
       3.476154  , 2.822624  , 3.98388982, 3.512712  , 3.68870491,
       3.04426236, 3.65682473, 3.41393836, 3.11775764, 3.67711018,
       4.49997745, 3.65525673, 3.24944236, 4.22287218, 0.        ,
       3.72052182, 2.82569764, 2.77763091, 3.39301927, 2.52932073,
       2.61595273, 3.20519582, 4.44488182, 2.70674418, 3.42472582,
       3.28493782, 3.51675109, 3.06672727, 3.30715273, 4.898672  ,
       3.80156691, 3.25902982, 3.12279036, 4.10779618, 3.563174  ,
       3.46849127, 3.44519473, 3.19760436, 3.336174  , 4.45320727,
       3.92364182, 3.71518145, 4.02196036, 4.18719636, 3.70862655,
       3.81114855, 3.69260982, 3.23297164, 2.37450982, 3.77514   ,
       4.44607491, 2.58428818, 3.04198764, 2.92513909, 3.31954909,
       3.34182818, 3.12219491, 2.766824  , 3.45692727, 3.85549745,
       2.94791673, 3.19720455, 3.13075836, 3.40290782, 3.72287964,
       3.614098  , 2.65351782, 2.82198873, 2.71400891, 3.67907982,
       4.03373527, 3.15298745, 4.02440182, 3.12145691, 4.11327473,
       3.48520673, 3.267772  , 2.36424109, 3.87175709, 4.48160218,
       3.913732  , 3.01328291, 2.26311764, 4.19883564, 2.64598927,
       3.646166  , 3.73431655, 5.000848  , 3.12585109, 3.36716291,
       4.09211255, 4.62894327, 4.09107564, 4.32946636, 3.70650909]), 'locations': array([380,  79,  78, 483, 160, 348, 373, 435, 311, 485, 347, 343, 263,
       329,  91, 386, 152,  65, 433, 452, 302, 284,  52, 467,  57, 463,
        87, 162, 214, 277,  82, 122, 199, 250, 137, 234, 141, 381,  34,
        18,  36,  94,  93, 259, 298, 290, 366, 473, 231, 388,  46, 427,
         0, 197, 122,  34, 137,  30,  75, 293,  84, 479, 458, 245, 122,
       199,   1, 111, 435,  76, 242,  72, 163, 231, 371,  63,  23,  70,
       299, 383,   1, 146,  86,   7, 430,  98, 134, 390,   8, 163, 419,
       116, 374, 381,  78, 377,  73,  51, 399, 246, 165, 290, 468, 355,
       445,  51, 287, 110, 162, 350, 186, 419, 432, 158, 211,  20, 344,
       105, 178, 421, 101, 462, 392, 149, 119, 292, 169,  76, 371, 188,
        14, 111, 196, 321, 395, 134, 367, 407, 184, 129,   1,  34,  51,
       197, 160,  39, 381, 400, 421, 380, 360,  83,  25, 468,  43, 267,
       303, 439, 156,  79,  23, 233,  26, 241,  53, 215, 242, 290, 125,
       250, 103, 319, 368, 330, 347, 364, 340, 413, 167, 427, 156, 476,
       339, 435, 316, 249,  88,  12, 435, 259,  87,  71, 348,  31, 184,
       383, 142, 415,  55, 336])}, {'ts_index': 179, 'loc': 332, 'gap': 0.26064116285901995, 'distances': array([2.48798773, 1.64714982, 2.432211  , 2.55522827, 2.68457618,
       2.09396327, 2.52560791, 2.32292827, 1.22058855, 2.06586391,
       2.12509591, 2.631008  , 2.37205564, 2.87165891, 2.48290427,
       2.84628882, 2.09836464, 1.32136309, 2.70729309, 2.32353091,
       1.83227745, 2.52656182, 2.71719218, 2.649627  , 1.62949327,
       2.78739282, 1.87379573, 1.95096091, 2.12603045, 2.73414327,
       2.50680736, 2.963158  , 2.73417882, 0.        ]), 'delta_distances': array([2.87875618, 2.33732836, 2.99339309, 3.82195636, 3.85537418,
       2.02832345, 3.64279073, 2.45390909, 2.13429564, 2.709712  ,
       2.71818982, 3.72135618, 3.22334436, 2.77382891, 3.45930909,
       3.34392327, 2.61023473, 2.48695491, 2.07579745, 3.65638709,
       3.09105764, 3.10741327, 3.27913382, 3.01680982, 2.37096873,
       2.8685    , 1.52005691, 2.92496473, 2.80440418, 3.99931091,
       3.18789036, 3.90171964, 2.73334182, 0.        ]), 'locations': array([472, 146, 407,  45, 321, 334, 437, 407, 212, 228, 148, 352, 133,
        81,  20, 252, 235,  21, 447, 211, 149, 175, 334,  42,  40,  65,
       271, 266, 267, 121, 188,  95,  40, 332])}, {'ts_index': 24, 'loc': 373, 'gap': 0.1806395311066471, 'distances': array([1.36106173, 0.747737  , 1.01292345, 1.07106855, 0.        ,
       1.15399545, 1.33824364, 1.27160555, 1.26404591, 1.31786782,
       0.79697264, 1.03796527, 1.21220927, 0.68703955, 0.37070964,
       1.29204164, 0.84126182, 1.37701173, 1.20440727, 1.28849409,
       1.28910236, 1.18709827, 0.85584364, 0.76041809, 1.43854645,
       0.94889682, 1.14085982]), 'delta_distances': array([1.88851618, 1.43369891, 1.57224109, 2.21094964, 0.        ,
       2.27169291, 4.10551018, 2.11459764, 1.88517182, 1.94094618,
       1.78826436, 2.01298855, 2.60310055, 1.20158473, 1.08192545,
       1.887914  , 1.66988236, 1.39207418, 1.75183564, 2.02374745,
       1.792302  , 1.90302673, 1.45613527, 1.036966  , 2.051998  ,
       1.89554327, 1.63103073]), 'locations': array([468, 129, 218, 398, 373,  34, 147,  84,  39, 410, 189, 331,  38,
       282, 475, 480, 281, 253,  23,  75,  69, 112, 486, 272, 338, 106,
       287])}, {'ts_index': 164, 'loc': 343, 'gap': 0.23303602904004916, 'distances': array([0.92925555, 1.02574773, 0.74038173, 0.92555527, 1.01324827,
       0.71717345, 0.83722227, 0.84435955, 0.96489882, 0.44383682,
       1.024365  , 0.34975291, 0.94438091, 0.70980682, 0.81434082,
       0.46622836, 0.48592564, 0.75140773, 0.        ]), 'delta_distances': array([1.62617236, 2.02868509, 1.51346109, 2.64328673, 2.29188236,
       1.25912582, 1.73173982, 1.99118127, 1.63512345, 1.17870964,
       1.83719945, 1.25455127, 1.97759509, 1.67843327, 1.75897727,
       1.56528945, 1.24690964, 2.05459327, 0.        ]), 'locations': array([132,  22,  92, 209,  47, 259, 187, 155, 180,  74,  62, 164, 426,
       245, 107, 123, 179, 343, 343])}, {'ts_index': 31, 'loc': 471, 'gap': 0.37879420577166045, 'distances': array([1.11674691, 0.78776355, 1.08478909, 1.59648473, 0.53685291,
       0.        , 1.56833564, 1.84618018, 0.76574845, 1.64880473,
       1.47022718, 1.58494055, 1.13632291, 1.62728118]), 'delta_distances': array([2.20529836, 2.09355655, 2.17541836, 3.44914182, 1.18717564,
       0.        , 2.60902873, 3.75568855, 2.14134727, 2.42631418,
       2.45046709, 2.41208455, 2.396928  , 2.99751491]), 'locations': array([113, 276, 364, 285, 268, 471,  49, 155, 170, 321, 382, 363, 246,
        14])}, {'ts_index': 68, 'loc': 347, 'gap': 0.42517932915843204, 'distances': array([1.57324482, 1.88771182, 1.49121518, 0.99806173, 0.93101936,
       0.        , 1.86560764, 1.52059818, 1.61372936, 1.80484027]), 'delta_distances': array([2.58831182, 2.40067782, 2.63005055, 1.94275127, 2.35897891,
       0.        , 2.98947582, 2.16137491, 2.57795091, 3.05803473]), 'locations': array([356, 243, 147, 177,  49, 347, 176, 471,  47, 291])}, {'ts_index': 118, 'loc': 413, 'gap': 0.3198784929922116, 'distances': array([0.73333282, 0.66068218, 0.80499764, 0.26783318, 0.323023  ,
       0.66675618, 0.        ]), 'delta_distances': array([1.38943727, 1.57995527, 2.06821964, 1.18709509, 1.08275655,
       1.560962  , 0.        ]), 'locations': array([264,  38,  95,  97, 259, 194, 413])}, {'ts_index': 3, 'loc': 477, 'gap': 0.4372709999999999, 'distances': array([0.      , 0.934113, 0.95472 , 0.496842]), 'delta_distances': array([0.        , 1.93420855, 2.11944509, 1.62429127]), 'locations': array([477,  18, 288, 158])}], 'clusters': array([1, 1, 1, 8, 1, 1, 2, 1, 3, 5, 1, 1, 1, 1, 1, 1, 1, 1, 1, 0, 1, 1,
       1, 1, 3, 0, 1, 5, 1, 1, 2, 5, 1, 1, 6, 1, 1, 6, 1, 1, 1, 1, 3, 1,
       1, 1, 1, 1, 1, 1, 1, 1, 1, 1, 1, 5, 4, 1, 1, 1, 3, 1, 1, 1, 3, 1,
       1, 2, 6, 3, 1, 1, 1, 2, 4, 7, 1, 7, 1, 1, 2, 1, 8, 1, 2, 1, 4, 1,
       3, 3, 1, 1, 1, 1, 1, 1, 1, 1, 1, 1, 1, 1, 1, 4, 1, 1, 1, 1, 1, 1,
       1, 1, 1, 1, 1, 1, 1, 1, 7, 1, 1, 1, 1, 1, 1, 1, 1, 1, 1, 1, 1, 1,
       1, 1, 1, 1, 1, 1, 1, 1, 1, 1, 1, 1, 1, 1, 1, 1, 1, 1, 1, 1, 1, 1,
       1, 1, 1, 1, 1, 1, 1, 1, 1, 1, 4, 1, 1, 1, 1, 1, 1, 1, 1, 1, 1, 1,
       1, 1, 1, 2, 1, 1, 1, 1, 1, 1, 1, 1, 1, 1, 1, 1, 1, 1, 1, 1, 1, 1,
       1, 1]), 'time': 1329.0617973804474}
lenSubsequence: 13{'RI': 0.5591959798994975, 'num_clusters': 7, 'uShapelets': [{'ts_index': 24, 'loc': 248, 'gap': 0.22680023360555435, 'distances': array([2.59433562, 3.32412969, 3.44117554, 3.268571  , 2.819377  ,
       3.55042662, 2.30184562, 3.56776585, 3.04368292, 2.45293715,
       2.44368354, 3.29314792, 1.92337277, 3.66295546, 3.48941862,
       3.04788623, 2.19562538, 3.39533538, 3.41603877, 3.28311077,
       3.08032308, 3.30800877, 3.263038  , 2.11193177, 0.        ,
       2.58668854, 2.74375408, 3.43657608, 3.52125615, 2.31434515,
       2.74507469, 3.05058131, 1.91553054, 3.46639562, 2.85117262,
       3.33172646, 3.15416192, 2.80084685, 3.30630108, 3.02507777,
       2.77402862, 2.03061808, 3.898039  , 2.77724977, 3.15302508,
       3.13387223, 2.402373  , 2.51976762, 3.60352185, 2.25582885,
       3.25968015, 2.56930438, 2.82831131, 3.272541  , 2.83825677,
       3.65372946, 2.69837869, 3.13138123, 1.95960877, 2.87081962,
       3.44929977, 3.12725138, 3.09588292, 2.05477885, 2.06840354,
       3.14216154, 2.69679131, 2.37650231, 2.88021954, 2.73694108,
       2.56282823, 3.23272608, 3.41087777, 2.56103677, 3.08651923,
       3.68034831, 1.65908738, 3.507366  , 2.85010931, 3.17154215,
       3.57021062, 2.75175815, 2.60634054, 2.50094031, 3.33284769,
       1.95928846, 3.76228669, 3.08278369, 3.31246269, 3.24146638,
       2.35206315, 3.05552831, 3.39340623, 2.96755338, 3.01749446,
       2.72612585, 3.35986023, 3.70777954, 3.80501354, 3.610522  ,
       2.79000662, 2.55941454, 3.22311438, 3.04084662, 3.077285  ,
       3.01937931, 3.35312085, 3.30068354, 3.34293454, 3.07591254,
       2.985211  , 3.08892292, 3.80122138, 2.97892092, 3.49992446,
       2.40397669, 3.63261585, 2.70602023, 3.767756  , 3.24959   ,
       3.51622562, 3.09263423, 2.64990869, 2.69700185, 2.95796246,
       3.00288754, 2.54632923, 3.10099923, 2.72859392, 3.08027246,
       2.76007385, 2.67690862, 3.47189   , 3.33723685, 3.11564438,
       3.72270654, 3.18436238, 2.18402562, 3.36413846, 3.40696408,
       3.16418615, 3.06002015, 2.81380746, 2.37946646, 2.50577138,
       2.940936  , 3.62964892, 3.56426254, 3.26878569, 2.40185623,
       3.28777477, 3.05563385, 3.15862885, 2.98462462, 2.36509754,
       3.26784569, 3.02858569, 2.87960177, 3.39917469, 3.88326162,
       2.94025185, 3.45362862, 3.53926385, 2.46037762, 3.02681438,
       2.98514908, 2.07718715, 3.17122031, 2.50285846, 3.61543054,
       3.54051677, 3.54578415, 2.35688123, 2.91579554, 2.82407646,
       2.798022  , 2.67579238, 2.99507569, 2.92597408, 2.73452185,
       2.84935538, 2.94387115, 3.51997385, 2.26572092, 2.439422  ,
       3.09593831, 2.24205262, 2.92115215, 3.20151338, 3.36670523,
       3.57581562, 2.17716731, 2.93029708, 2.05848592, 2.82291231,
       2.20617392, 3.620287  , 3.10632715, 3.30958385, 2.81046392]), 'delta_distances': array([5.42806708, 5.09755277, 5.20325831, 6.18152862, 5.25385815,
       5.42685538, 5.52654969, 5.89775938, 5.22131769, 4.33454108,
       4.88194415, 5.55806231, 3.65207123, 4.45138169, 6.18045123,
       4.40787662, 5.00307877, 5.27971738, 4.40988769, 5.65105815,
       5.32071923, 4.91910354, 5.46993062, 4.21676246, 0.        ,
       4.52393   , 5.02771154, 5.58855985, 4.20991185, 4.51629246,
       4.88399462, 4.736052  , 4.60540862, 5.34775431, 4.64225969,
       5.07554923, 5.97057154, 5.68551723, 4.73569292, 5.72447585,
       4.368354  , 4.21995862, 5.11126308, 5.35970538, 5.83110785,
       5.45328354, 4.53372569, 4.91068338, 5.62834692, 3.909902  ,
       6.23785738, 4.69325046, 4.45579785, 5.16835277, 5.53559708,
       5.32544062, 4.41677631, 5.09048154, 3.65486354, 6.18833123,
       4.65108077, 3.90576923, 4.75852846, 4.39377862, 4.42737508,
       5.59476554, 5.14111892, 4.28911246, 5.28167246, 5.29515538,
       4.819714  , 5.26636323, 5.39925046, 5.00586477, 4.67875369,
       5.45282985, 3.37738323, 4.81360923, 4.59029108, 5.22922662,
       4.47225908, 4.34425815, 4.69294769, 5.47707415, 5.87447815,
       4.66400831, 4.53785231, 5.14847646, 5.23415062, 5.51954892,
       3.37310523, 3.96359615, 5.26566138, 4.87280015, 5.01527723,
       4.69875062, 4.54014046, 5.77486215, 6.05898169, 3.62065231,
       4.37828215, 4.48301923, 4.62643662, 5.12818277, 5.35763754,
       5.35229723, 4.62298754, 5.03001   , 5.74239154, 5.63027015,
       4.82120446, 4.67266231, 5.99549738, 4.66829308, 5.26499369,
       4.83379615, 5.40722677, 4.57399031, 5.53056123, 5.38670508,
       5.22411538, 4.53256846, 4.16162154, 4.52907723, 4.55707492,
       5.19331892, 5.20514262, 5.46737831, 5.74708769, 4.09701123,
       5.830616  , 5.81667231, 5.62649646, 5.55245277, 4.93856862,
       5.97086985, 6.046742  , 4.68465385, 5.22070662, 5.45063015,
       4.72646246, 5.27427892, 5.33120431, 4.52859446, 4.10861662,
       5.32932092, 5.42776938, 5.10228277, 4.67472969, 4.84466262,
       4.58389954, 4.52227769, 4.16178554, 4.19837523, 4.93901554,
       4.82819785, 4.74484985, 5.37938154, 5.89205415, 5.15505969,
       4.53877646, 5.16744277, 4.59871523, 4.00450985, 5.73200169,
       4.902884  , 4.27648154, 4.77498246, 5.00970646, 5.06279138,
       5.60302031, 5.18790446, 4.43286477, 5.560196  , 4.9422    ,
       4.52703846, 4.39374615, 5.25311938, 5.51515062, 4.31998615,
       5.02359462, 4.44510369, 6.73236431, 4.40100569, 5.20992754,
       5.33358185, 3.89505431, 4.95605538, 4.94510569, 6.28701938,
       5.21454231, 4.15278785, 4.54727831, 4.48726108, 4.97115308,
       3.89877985, 4.40026723, 4.84410277, 4.54411862, 5.14296246]), 'locations': array([193, 180, 422,  74, 423, 408,  19, 121, 164, 322, 423, 178, 356,
       117, 178,  88, 420, 176, 149, 238, 144,  94, 407,  63, 248, 186,
       347, 114, 484, 338, 451, 432, 454, 215,  33, 416,  10, 346, 431,
       425, 446, 180, 214, 282, 452,  49, 227, 338, 403, 339, 371, 242,
        38, 441, 424, 381, 335, 173,  56,   2, 362, 238, 434, 155, 192,
       365, 481, 427, 126,  75, 325,  16, 163, 476, 183, 279, 356, 153,
        36, 190, 285, 349, 392, 348, 407, 483, 244, 239, 328, 472, 392,
       247,  75,  59, 229, 456, 403,  13, 323, 484,  64, 108,   7, 247,
       381, 219, 451, 209, 137,  76, 277, 215, 392, 459,  65,  55,  46,
       298, 352, 350,  33,  27, 174, 187, 218,  95, 211,   4, 158,  34,
       471,  45,  50, 230,  35, 104, 395,  10, 218,  22, 163,  82, 247,
       338, 484, 158, 138, 334, 478, 141, 213,  16,  91, 253, 301, 330,
       423, 476, 393, 232, 205,  14, 241, 110, 184, 332,  14,  99, 182,
       193, 208, 420, 471, 159, 300, 165,  74, 378, 428, 208, 354, 161,
       293, 195, 343, 438, 252, 199, 389,  34, 236, 377, 482,  61, 178,
       256,  18, 139, 296, 137])}, {'ts_index': 102, 'loc': 328, 'gap': 0.3511979378228758, 'distances': array([2.61461662, 2.50177323, 2.04412438, 3.31090738, 2.13605277,
       2.53136708, 1.95352692, 2.99028192, 2.31573138, 2.22659992,
       1.70581854, 2.879379  , 2.48587008, 2.62622323, 2.62083815,
       2.35234331, 3.42389469, 2.56116115, 1.67835354, 2.49476431,
       2.54257777, 3.17679162, 2.09167231, 3.10660315, 2.90457154,
       2.89881331, 2.47068362, 2.92021692, 3.09262031, 3.39586315,
       1.80064592, 2.538492  , 2.69292638, 1.89431915, 1.890895  ,
       2.96348515, 3.21053923, 2.56852792, 2.31058346, 2.90233446,
       3.00827915, 2.642147  , 2.842846  , 2.92491669, 2.99476331,
       2.49454015, 2.80425169, 2.99461854, 2.89471969, 2.72015969,
       3.03670746, 3.27689962, 3.22930008, 1.76176731, 3.34499069,
       2.44490538, 2.690792  , 1.62009092, 2.74961785, 2.95341308,
       3.41734046, 2.82499292, 2.82464292, 2.76262954, 2.89557069,
       2.63319731, 1.827419  , 1.85241815, 2.89470715, 2.14082292,
       2.05474977, 2.91265615, 2.165584  , 2.29255923, 2.62259792,
       2.69901177, 2.45434846, 3.16380277, 3.15079615, 3.03694562,
       2.55173369, 2.65779123, 0.        , 2.97932554, 2.27917608,
       2.28648531, 3.05427777, 3.34919769, 3.44517231, 1.25977923,
       2.89954746, 2.54528854, 3.07050908, 2.57996385, 2.21471046,
       1.83580723, 3.26601269, 3.01165546, 3.39014854, 3.06460177,
       1.35758185, 2.69354308, 2.15263169, 2.593754  , 3.07523792,
       3.15121692, 2.88321954, 3.08694323, 3.05253177, 2.21034062,
       1.59560669, 2.75041677, 1.76196708, 2.86715438, 3.22980246,
       2.61478592, 2.81502669, 2.67594085, 1.86665362, 2.09162777,
       2.68736323, 2.30109877, 3.16846538, 3.27001162, 1.36471669,
       3.15808515, 3.05515862, 1.62660031, 2.44871631, 2.42079469,
       2.072627  , 2.46888723, 3.04701877, 1.95071954, 1.67240815,
       2.77086569, 1.41777769, 1.81655862, 2.48306692, 2.40008215,
       2.23154423, 2.96415892, 2.57390738, 3.126145  , 3.01234431,
       3.04351654, 3.04145131, 2.48323854, 2.96341162, 3.04390831,
       2.03542015, 2.63189669, 2.55342323, 2.38066415, 2.90590838,
       2.64100469, 2.86451677, 2.997374  , 2.85770408, 3.10610608,
       2.97415162, 2.75148115, 2.10338731, 2.83163692, 2.91264408]), 'delta_distances': array([2.75584954, 3.42628508, 3.39814431, 2.77856123, 3.35085077,
       3.60475354, 2.35668538, 2.99319492, 3.21855231, 2.36338908,
       1.83119308, 3.01121108, 3.768762  , 3.66317569, 3.22733446,
       2.745614  , 3.55374462, 3.39195431, 3.06070523, 2.65052754,
       3.43522015, 3.15217877, 3.23563862, 3.44725677, 2.54643308,
       2.69859323, 2.49681846, 3.03320492, 4.87792462, 3.02434785,
       2.95133062, 3.73679308, 2.81684262, 2.947274  , 2.05510308,
       4.27601369, 2.78022554, 4.20312815, 2.65119985, 2.859924  ,
       3.51749062, 3.41993108, 3.01815308, 2.76380215, 4.87931554,
       2.44428892, 2.67590046, 3.65411815, 3.27101123, 3.45155323,
       4.09982985, 2.88636031, 4.40564815, 3.00251815, 4.62123   ,
       2.72669046, 4.2058    , 2.72200892, 3.54289477, 3.72380785,
       3.53374785, 3.78269754, 3.08741262, 2.79725938, 3.07037723,
       2.92452646, 2.42312123, 2.38165338, 3.73132677, 3.01710646,
       3.06641369, 3.26659615, 2.79025708, 3.27124492, 3.36653246,
       3.80382338, 2.82409123, 3.07207385, 3.06374954, 3.87553846,
       3.14484015, 3.41358969, 0.        , 2.96377938, 2.28264046,
       3.50959908, 2.90877077, 3.64217277, 4.03433262, 2.02883123,
       3.28455923, 2.32454169, 3.90866246, 3.40084754, 3.42663738,
       3.74421092, 3.11553769, 3.60564523, 2.69021369, 4.03024354,
       2.63946862, 3.54137138, 3.67223354, 2.69010908, 2.93994123,
       3.29593938, 2.86847615, 2.586238  , 3.90932969, 2.40523754,
       2.48523815, 3.88044923, 2.94904769, 3.12544123, 3.24668938,
       4.13426785, 2.90134477, 3.50467862, 3.04833585, 3.42975938,
       3.95405123, 2.761774  , 3.12102877, 3.53752954, 2.41399646,
       3.21010754, 2.93379846, 2.45544   , 3.11170169, 3.00538169,
       2.78361923, 2.99410954, 3.69588215, 3.17070477, 2.21581246,
       2.92170892, 2.87105492, 2.49603523, 3.04147077, 2.92759585,
       3.48096492, 2.99348508, 3.17132815, 3.53892431, 2.920728  ,
       4.00059369, 3.20751877, 2.96917354, 3.76753369, 3.33761677,
       3.07503308, 3.40660277, 2.90437   , 3.47217108, 3.62586692,
       2.38076138, 3.19797708, 4.66615292, 3.65270323, 3.25902831,
       3.93893862, 4.31547369, 2.99842846, 4.04000477, 3.44907631]), 'locations': array([ 36, 483, 471, 475, 408, 102, 483, 126, 163, 167,  57,  95, 125,
       130, 128, 275, 331, 211,  63, 155, 300, 206, 204, 383, 228, 423,
        85, 204, 291, 200, 347, 241, 302, 228, 346, 115, 297, 381, 408,
       140, 387,  89, 173, 114, 153, 295, 183, 111, 367, 335, 453, 173,
       417, 203, 457, 237, 373, 384, 167, 214, 290, 354, 417, 397, 138,
        31,  21, 258, 103,  83, 194,  52, 469, 148, 272, 400, 158, 440,
       309, 192, 345,  76, 328,  86,  96, 315, 111, 231, 384, 381,  29,
       342,  71, 419, 361, 416,  97, 262, 280, 405, 150, 103, 475,  98,
       220,  80, 255, 218, 329, 151,   1,  87, 340, 382, 372,  21, 229,
       215, 436, 281, 267,  95, 361, 278,   8, 106, 160, 105, 354, 163,
       231,   7, 458, 334, 314, 177,  97, 475, 419, 147, 246,   4, 124,
        95, 481, 365, 243, 286, 195,  85, 324, 207, 377,  12, 193, 343,
        17,  73, 106,   3, 383, 259, 114, 482, 148])}, {'ts_index': 135, 'loc': 142, 'gap': 0.2710252227399159, 'distances': array([1.30692608, 1.55661108, 1.24335477, 1.566845  , 1.49567085,
       1.94353815, 1.20165208, 1.46889031, 1.646857  , 1.58736746,
       1.14419223, 1.36057954, 1.64193554, 1.69872992, 1.87404054,
       1.03070708, 1.55193992, 1.65660385, 1.44172654, 0.82400092,
       1.72423877, 0.90275385, 0.95325692, 1.34996431, 1.57185377,
       1.89949969, 1.44424038, 1.41421623, 1.01937808, 1.63137762,
       1.21906546, 1.98613577, 1.98137677, 1.18456608, 1.59702669,
       1.34537792, 1.72341469, 0.974589  , 1.26024185, 1.75996762,
       1.21990985, 1.53187892, 1.18654662, 1.50356962, 1.19791354,
       1.68673392, 1.56821315, 0.58435477, 1.84100854, 1.26218931,
       1.36286262, 1.45266123, 1.70952862, 1.57313723, 1.32564223,
       1.71192815, 1.46799846, 1.43989115, 0.74812385, 0.84624623,
       0.88908177, 0.983019  , 1.03445046, 0.59312738, 0.888736  ,
       0.82911892, 0.56315523, 1.21930092, 0.626623  , 1.44991369,
       0.52475669, 0.75899254, 0.61148646, 1.52038415, 0.61520923,
       0.31491385, 0.78960392, 0.65673923, 0.60464869, 0.70525431,
       0.69385254, 1.21583046, 0.499471  , 0.95776638, 0.53133446,
       0.76971585, 1.53565915, 1.26042231, 0.73146738, 0.72620992,
       0.81799154, 0.73379331, 1.43771538, 1.423529  , 0.94810892,
       0.        , 1.33287538, 0.772475  , 0.65161092, 0.783721  ,
       1.41089723, 0.74586223, 1.02402231, 0.75133677, 0.75648638,
       0.87371062, 1.27093685, 0.78978354, 1.06450338, 1.29419508,
       1.19855592, 1.17059869, 0.74780562, 0.74531792, 1.49909485,
       0.70315785, 1.15294615, 0.93988769, 1.081088  , 0.98027831,
       0.74682315, 0.84466162, 1.15514769, 1.45762069, 1.52843277,
       1.320857  , 1.10941131, 1.58731385, 1.05890062, 1.111566  ,
       0.81464185, 0.85895292, 0.91725523, 1.55619692, 1.09660231,
       0.560754  ]), 'delta_distances': array([2.16158769, 2.39251108, 1.92516877, 2.76996508, 2.60511877,
       2.84334738, 2.36149138, 2.35028569, 2.33207892, 2.27062877,
       2.18058108, 1.89857123, 3.21057677, 2.42150877, 2.90917169,
       2.54307031, 2.21604308, 2.69101277, 2.57211723, 2.08787877,
       1.71514   , 1.32139538, 1.95907769, 2.81996877, 1.80548415,
       2.78146769, 2.32167985, 2.93665446, 2.14661123, 2.18783108,
       2.66511831, 2.93295462, 2.77640369, 2.28545215, 2.67842323,
       2.60686477, 2.40827815, 2.58946923, 2.53616538, 2.61611769,
       2.70513662, 2.53758277, 1.87249415, 2.25298277, 2.06379369,
       2.06782154, 1.89432815, 1.31209231, 2.88434954, 2.55962385,
       1.80344123, 2.47411538, 2.44330569, 2.74058969, 2.44916077,
       2.82351831, 2.07444338, 2.21927031, 2.02454138, 1.44075231,
       2.05376477, 1.62468554, 1.886978  , 1.50608831, 1.84655185,
       1.41072508, 1.76454277, 2.98780938, 1.48209185, 2.39879846,
       1.53869477, 1.37432815, 1.55882892, 2.63259108, 1.83336446,
       1.09653585, 1.95503308, 1.55581123, 2.00317692, 1.153662  ,
       1.57098046, 2.417988  , 1.45288769, 2.39913969, 1.70456692,
       1.59142754, 2.27077785, 2.28022738, 1.458906  , 1.21272523,
       1.68973769, 1.11857538, 1.73905492, 2.60706262, 1.95497569,
       0.        , 1.94261262, 1.64284523, 1.45158923, 0.97862862,
       2.87672754, 1.36316185, 1.63635431, 2.07842831, 1.79774215,
       2.35545523, 2.06296585, 2.28419231, 1.75657923, 2.63135615,
       1.859424  , 1.811296  , 1.95811138, 1.30247708, 2.426434  ,
       1.56558615, 2.02463769, 2.18338338, 2.01929   , 1.74560554,
       1.13823077, 1.98852062, 1.64877785, 2.29194262, 2.49447185,
       2.410728  , 2.05249492, 2.15788354, 2.08978092, 2.52658785,
       2.04477138, 1.29177538, 2.29513308, 2.14277646, 1.65208015,
       1.42242708]), 'locations': array([ 25, 478,  61, 161, 314,  39, 142, 333, 391, 213, 483,  74, 304,
       226,  55,  89, 356, 129, 339, 256, 217, 190,  47, 387, 308, 236,
       136, 189, 288, 266,  26, 253,   1, 206,   3, 221, 340,  33,  60,
       442, 135, 438, 202,   5, 475,  79,  76, 104, 195,  15, 434, 167,
       297, 356, 424,   0, 317, 169, 122, 382, 391,  82, 385,  79,  58,
       405, 252, 416, 296, 471, 447,  57, 293, 462, 169, 192, 425, 438,
       163, 213, 108, 287, 427, 107, 248, 156,  23, 298, 173,  79, 129,
       190,  22, 284, 398, 142, 339, 354, 348,  55, 165, 291, 230, 429,
       364,  29, 153, 309, 448, 395, 327, 223, 295, 256, 354,  77, 112,
       350, 372, 388, 419, 174, 326, 478, 402, 251, 247, 438, 266,  94,
       354, 187, 138, 416,  56, 342])}, {'ts_index': 144, 'loc': 101, 'gap': 0.16284064036456525, 'distances': array([0.98564646, 0.66118392, 0.94147408, 1.22688115, 0.74659992,
       1.09094723, 1.00608777, 1.48817485, 0.74505385, 1.02157646,
       0.72718746, 1.18331708, 0.91645985, 0.55669146, 0.89266677,
       1.21270831, 0.54095615, 0.906281  , 1.16848962, 1.36903608,
       0.68727738, 1.33106508, 1.11375223, 1.1584    , 1.16255515,
       1.31924054, 1.33700931, 0.87969231, 1.32338708, 1.30847962,
       0.71559115, 1.311559  , 1.30677646, 0.82336823, 1.09712638,
       0.72280831, 1.17690254, 1.40523623, 1.19128408, 1.30066708,
       1.37322738, 0.68787731, 1.33844515, 1.19559046, 1.26438323,
       1.11043546, 1.23503169, 1.14875631, 1.23534108, 0.32135215,
       1.39660877, 1.20618138, 1.07218592, 1.11267654, 0.98628708,
       1.15224285, 1.42304646, 1.22415346, 0.98485223, 0.93766692,
       0.        , 1.18830523, 0.89921915, 1.18295723, 1.32851638,
       1.07585008, 0.63111715, 1.16983762, 0.81782977, 0.87048146,
       1.08638415, 1.10503669, 0.85463285, 0.89393931, 1.20840523,
       1.25098562, 0.83987508]), 'delta_distances': array([1.81591338, 2.08417646, 2.53757585, 2.61307646, 1.70456292,
       2.34202569, 2.31107954, 2.72940354, 1.83957831, 2.29328785,
       2.227408  , 2.53040954, 2.16690292, 1.70755385, 2.24414354,
       2.90362262, 1.302626  , 2.16060846, 2.22237277, 2.70693246,
       1.93807154, 2.31177754, 3.02059462, 2.23432846, 2.21551846,
       2.85148323, 1.46421446, 2.40420738, 3.23174015, 2.33513631,
       1.81139015, 2.44040862, 2.76585938, 1.42201862, 2.22143077,
       2.07154662, 1.90821692, 3.08750754, 2.33528554, 2.5404    ,
       2.68880815, 1.71630615, 2.74261754, 2.42916938, 2.66169877,
       2.34605462, 2.65302092, 2.05141631, 2.67188554, 1.20595077,
       2.22303969, 2.318046  , 1.73503092, 1.73634354, 2.73693015,
       1.96873077, 2.45358923, 2.61502   , 2.36305277, 2.97038369,
       0.        , 2.59548231, 2.01048954, 2.40698662, 2.47832031,
       2.05165815, 2.18906569, 2.38771892, 1.95546831, 1.93002938,
       2.90618215, 2.31697138, 1.91511077, 2.09347692, 3.26685923,
       2.89704077, 2.03247292]), 'locations': array([207, 218, 111,  40, 181, 376,  84, 386, 143, 150, 395, 460, 165,
        45, 483, 266, 381, 469, 367, 189,  91,  45, 273, 250, 347, 145,
       355, 313, 406, 166, 187, 448, 420, 396, 301, 112, 459, 373, 381,
       258, 300, 234, 146,  92, 466, 368, 105, 130,  63, 460, 265, 338,
       212, 332,  55, 264, 387, 232, 312,  13, 101, 109, 169, 255, 174,
       377, 172,  81, 373, 445, 163, 458, 453, 238, 167, 379,  19])}, {'ts_index': 77, 'loc': 188, 'gap': 0.18293143511679166, 'distances': array([1.67712577, 1.30317408, 1.98403231, 2.09804515, 2.04129931,
       1.90882454, 2.1762    , 2.07501254, 2.04331915, 1.9045    ,
       1.80779038, 1.77295623, 1.39820085, 2.38672008, 2.64274862,
       2.04297323, 2.29127169, 2.44503631, 2.21962508, 1.19632408,
       2.30085277, 2.35083162, 2.38314162, 2.31137038, 2.037844  ,
       2.06418685, 1.73401615, 2.05716262, 1.60688923, 2.01900169,
       1.27432238, 2.44075169, 2.55430931, 0.        , 1.78047131,
       2.11571931, 2.47870154, 2.09612631, 2.34780915, 2.34047331,
       1.59353777, 2.15852046, 2.16765962, 2.27667277, 1.889187  ,
       2.04078738, 1.41030138, 1.78970523, 1.315428  , 2.32426915,
       2.05983823, 1.42951231, 2.52147715, 2.03867531, 1.76621523,
       1.89002338, 1.85830223, 1.63693577, 1.34882554, 2.00820262,
       2.04112562, 1.45663931, 1.92428877]), 'delta_distances': array([3.048176  , 3.02879769, 2.36632769, 3.47046169, 3.26074415,
       2.43326385, 2.75254046, 2.84385062, 3.23648154, 3.24825677,
       3.32767785, 2.49390862, 2.53691723, 3.32852277, 3.47945   ,
       3.32874062, 3.58900046, 3.61963923, 3.13953262, 2.35696369,
       2.88448846, 3.33234892, 3.27256277, 2.50929985, 3.76380862,
       2.75270015, 2.31107431, 3.25020123, 2.64786215, 3.55322877,
       2.87632877, 3.53920846, 3.65977708, 0.        , 2.09466508,
       2.73827523, 3.15736215, 2.71226969, 3.01886738, 3.07737923,
       2.52240308, 2.89695569, 2.93286538, 4.13123077, 3.04612385,
       2.90095538, 2.81629846, 2.733298  , 2.66398354, 3.05944385,
       3.70199708, 2.74052662, 2.89490077, 2.65588185, 2.84810246,
       2.52672846, 2.70472554, 2.57930015, 2.45683862, 2.68194692,
       2.87370277, 2.53625969, 2.68414985]), 'locations': array([456, 406, 339,  43, 194, 433, 227, 231, 109, 173,  41, 140, 381,
       442, 377, 456, 478, 315, 292, 436, 154, 312,  42, 265, 208, 355,
        53, 185, 120,   9, 175, 328, 237, 188, 157, 404, 319,  97, 259,
       321, 158, 365,  66, 296, 223, 237, 406, 473, 261,   5, 413, 177,
        40,   9, 139, 171, 332, 159, 278, 338,  72, 144, 382])}, {'ts_index': 45, 'loc': 407, 'gap': 0.2015170136622384, 'distances': array([1.58876469, 1.64337831, 1.29560792, 1.35526377, 1.83345731,
       1.44423638, 1.79991608, 1.62156954, 1.49635785, 1.41258438,
       1.46757054, 1.09812115, 1.28825631, 1.12306308, 0.        ,
       1.58608915, 2.00878777, 1.42970138, 1.48420615, 1.99396554,
       1.88741823, 1.10132815, 1.58334269, 1.72024454, 1.24314877,
       1.47719023, 1.84925423, 1.786559  , 1.14748138, 1.36075215,
       2.05262138, 1.97743615, 1.398473  , 1.55804569, 1.06034538,
       1.38300777, 1.40239185, 1.43035762, 1.99314331, 1.33135523,
       1.29844885, 1.03694423, 1.32713946, 1.70536123, 1.253622  ,
       1.33367615, 1.66163385, 1.60537715, 1.460053  , 1.92663908,
       1.34991138]), 'delta_distances': array([2.30698846, 2.32248785, 1.91905492, 2.80771477, 2.603834  ,
       2.41404   , 2.64405692, 1.99214877, 1.97895308, 2.59071708,
       2.273312  , 1.73817646, 2.05366062, 1.79336815, 0.        ,
       2.99437   , 2.26240169, 1.73079615, 1.98985077, 2.34167969,
       2.633276  , 2.60292769, 2.24739954, 1.27934185, 1.83162954,
       2.74401385, 2.33177123, 2.06936846, 1.99903662, 1.45480769,
       2.31290769, 2.23135015, 1.82942185, 2.11302262, 2.13151646,
       2.076758  , 1.76943846, 2.47223446, 1.62811738, 1.69102185,
       1.63523323, 1.63226446, 2.18668185, 1.57482123, 1.59345908,
       2.47382877, 2.754788  , 2.17886231, 2.47258846, 2.51940831,
       1.83774569]), 'locations': array([ 88,  44, 225,  79,  67,  82, 391, 355, 453, 327,  73,   1, 225,
       180, 407, 109,  94,  80, 142, 318, 205, 286, 172, 106, 314, 111,
       214, 317, 434, 162, 295,  91, 396, 408,  66, 396, 248, 455, 260,
       251, 339, 164, 376,   8,  97, 335, 330, 205, 267, 225, 179])}, {'ts_index': 80, 'loc': 225, 'gap': 0.27323170308462563, 'distances': array([0.97739654, 1.33125731, 1.57775877, 0.80363554, 0.670637  ,
       0.        , 0.96443854, 0.98132246, 0.76095146]), 'delta_distances': array([2.06621277, 2.48708677, 2.98338477, 2.19405662, 1.61509585,
       0.        , 2.50888569, 1.88188   , 2.14602754]), 'locations': array([453,  81, 181,  77, 172, 225,  36, 345, 108])}], 'clusters': array([6, 4, 2, 5, 6, 4, 1, 2, 6, 1, 1, 6, 1, 7, 2, 4, 1, 6, 4, 6, 6, 4,
       6, 1, 1, 2, 3, 6, 4, 1, 2, 6, 1, 3, 5, 3, 3, 6, 4, 2, 6, 1, 6, 2,
       2, 6, 1, 3, 6, 1, 0, 5, 6, 6, 0, 4, 7, 3, 1, 6, 6, 6, 4, 1, 1, 6,
       5, 1, 6, 2, 5, 7, 3, 2, 4, 6, 1, 5, 6, 6, 7, 7, 6, 1, 2, 1, 2, 4,
       6, 2, 1, 3, 3, 3, 3, 3, 3, 3, 3, 3, 5, 3, 2, 6, 3, 3, 3, 6, 3, 2,
       3, 3, 3, 3, 3, 1, 2, 3, 6, 3, 3, 2, 3, 3, 6, 7, 3, 3, 3, 3, 5, 2,
       6, 2, 3, 3, 5, 1, 3, 3, 2, 2, 3, 1, 4, 3, 3, 2, 3, 1, 3, 2, 3, 6,
       1, 2, 3, 3, 2, 2, 6, 2, 2, 1, 5, 6, 1, 3, 1, 3, 6, 3, 1, 4, 3, 6,
       3, 3, 3, 2, 4, 6, 6, 1, 1, 6, 1, 5, 6, 3, 7, 1, 3, 1, 3, 1, 3, 5,
       6, 3]), 'time': 2900.589371204376}
lenSubsequence: 15{'RI': 0.6287437185929649, 'num_clusters': 14, 'uShapelets': [{'ts_index': 161, 'loc': 232, 'gap': 0.31851795098827296, 'distances': array([1.29121427, 1.49812147, 0.8436888 , 1.33212287, 1.16997827,
       1.32963367, 1.2294476 , 1.48024467, 1.52873007, 1.37642367,
       1.6408434 , 0.7151666 , 0.99506767, 1.12914807, 0.98256407,
       0.9733964 , 1.54625967, 1.09145673, 1.33728987, 1.03420867,
       1.29835647, 1.30760607, 1.52607867, 1.2005414 , 1.20098453,
       1.64064613, 1.21636707, 1.3388244 , 1.44121867, 1.37725007,
       1.7253942 , 1.53527813, 1.1329158 , 1.23567633, 1.33404407,
       0.99818633, 1.125537  , 1.1771646 , 1.08473367, 1.15979153,
       1.1359602 , 1.16063427, 1.5885348 , 1.67368667, 1.3994428 ,
       1.38443673, 1.3795712 , 0.7636572 , 1.21473667, 1.3575444 ,
       1.12398407, 1.59884233, 1.736195  , 0.56689833, 1.65450887,
       1.55750113, 1.5602148 , 1.077563  , 1.48661327, 1.49845187,
       1.7793266 , 1.4702832 , 1.74970907, 1.18449633, 1.45056893,
       1.40542227, 1.47197713, 1.46470167, 1.0408624 , 1.1568734 ,
       1.5937564 , 1.24754247, 1.228196  , 1.31582413, 1.61838487,
       1.54440113, 1.19169553, 1.19851647, 1.56419733, 1.20237233,
       1.41043133, 1.58753093, 1.67652473, 1.341163  , 1.36949553,
       1.96971073, 1.31822747, 1.30519773, 1.14880587, 1.1779546 ,
       0.49971447, 0.53633773, 0.67392047, 0.73283907, 0.74801693,
       0.8613678 , 0.71802067, 0.7034946 , 0.76332813, 0.43516813,
       0.96181107, 0.45270353, 0.86273927, 1.33906673, 0.42102507,
       0.45448393, 0.45119767, 0.72399993, 0.6058456 , 0.57307553,
       0.44393693, 0.57520393, 0.50337173, 0.755909  , 0.65693187,
       0.81025227, 0.7438204 , 1.54005987, 1.06288407, 1.10806553,
       0.46803   , 0.570119  , 0.7179834 , 0.58598507, 0.7654468 ,
       0.637569  , 0.62430753, 1.23655107, 0.93531873, 0.88045027,
       0.7622582 , 0.60815067, 0.7175994 , 0.630549  , 0.92623893,
       0.29274573, 0.6990208 , 0.52262693, 0.61770393, 1.21895273,
       0.83989707, 1.16523713, 0.81005667, 0.51683773, 0.43201373,
       0.50198653, 0.44273687, 1.15265893, 0.5341452 , 0.5731436 ,
       0.5061326 , 0.5991262 , 0.63257073, 1.3141744 , 0.54419453,
       1.19214027, 0.42931313, 0.643724  , 0.41953753, 0.6689258 ,
       0.69696347, 0.        , 0.55448353, 0.78004347, 1.119862  ,
       1.04091813, 0.5363714 , 0.91770273, 1.07475687, 0.49892973,
       0.35797393, 0.76149113, 0.4738588 , 1.0882814 , 1.07287273,
       0.58719107, 1.0114894 , 0.43656533, 0.43113847, 1.267597  ,
       0.73151007, 1.4171922 , 1.6068564 , 1.28812173, 1.4270836 ,
       1.18024707, 1.32001727, 1.43021907, 0.85566293, 1.254587  ,
       0.7675554 , 0.992947  , 0.99894707, 0.69742213, 1.0778068 ,
       0.71150567, 1.41273747, 0.82780187, 0.93871   , 0.645437  ]), 'delta_distances': array([2.76807573, 3.0627836 , 1.45519453, 1.89725213, 2.0864212 ,
       2.388506  , 2.86966067, 2.5012872 , 2.23158827, 1.98283173,
       2.91870467, 1.6280108 , 1.97509653, 1.43445467, 2.00574627,
       1.8532024 , 2.6027684 , 2.16094587, 2.27078093, 2.33193707,
       2.36776787, 2.31113627, 2.29117213, 1.85382973, 1.99140107,
       2.5225272 , 1.71805813, 1.62237053, 1.89694827, 2.19053627,
       1.83234293, 2.89290147, 2.38995067, 2.27823507, 2.3473992 ,
       1.82342227, 1.89183387, 2.28385333, 1.88604   , 2.3948716 ,
       2.00078867, 1.8362044 , 2.514462  , 2.18404547, 2.28568893,
       2.276274  , 2.17306787, 1.8043584 , 1.87233427, 2.63532027,
       1.79365827, 2.13015347, 3.2222024 , 1.96408973, 2.00199347,
       2.3607796 , 2.48101547, 1.84048933, 2.27628427, 2.15124387,
       3.100546  , 2.12497213, 3.11379533, 1.72311787, 2.4520572 ,
       2.2126092 , 2.30972347, 2.07903893, 1.8848336 , 2.4893612 ,
       2.90879   , 2.07678427, 2.54613773, 2.197828  , 2.35403573,
       2.39493   , 2.15226133, 2.31497613, 1.89003813, 1.73158267,
       2.396964  , 3.14039907, 2.1669316 , 2.75872733, 2.22259373,
       3.23504427, 2.69797507, 2.58306627, 2.64135547, 2.1439492 ,
       1.40602613, 1.67785907, 1.62674187, 1.40506187, 1.41197533,
       1.88310453, 1.75313013, 1.7359228 , 2.19547693, 1.437064  ,
       1.89421493, 1.51816627, 2.50520773, 2.6022844 , 1.43144733,
       1.44806973, 1.44661627, 1.97106987, 1.46257213, 1.51895413,
       1.54356587, 1.71047227, 1.1755048 , 1.65384147, 1.80970587,
       2.21275173, 1.86518387, 1.91923533, 2.12393813, 2.63857613,
       1.38390227, 1.2935184 , 1.59746813, 1.37519813, 2.044702  ,
       1.54591013, 1.62698027, 2.22805827, 2.4328672 , 2.22892213,
       1.80376787, 1.6169764 , 1.73852067, 1.66853613, 2.0298808 ,
       1.11840987, 1.89142147, 1.2047696 , 2.24375773, 2.2265516 ,
       2.20621387, 1.77872187, 1.91478347, 1.57384027, 1.55456147,
       1.318374  , 1.03257   , 2.17794693, 1.2970484 , 1.66347707,
       1.2474672 , 1.53643973, 1.73914173, 2.16111973, 1.72775987,
       2.09323787, 1.2091844 , 1.67007347, 1.33909693, 1.57794693,
       1.37235853, 0.        , 1.64128827, 1.97753547, 2.02702773,
       1.9019904 , 1.5396792 , 1.9976452 , 2.08530547, 1.43354093,
       1.49799827, 1.9125872 , 1.01848413, 2.07867787, 2.59466213,
       1.44890893, 2.4296612 , 1.13778   , 1.4210128 , 2.6948208 ,
       1.7659496 , 1.39023973, 2.7603168 , 1.8129552 , 3.05013747,
       2.04921547, 2.64609627, 2.36340333, 2.25485427, 2.00878853,
       2.3531468 , 2.22791893, 2.26229947, 1.83749387, 2.1235252 ,
       2.1477444 , 2.6947928 , 2.3742156 , 2.24402813, 1.7840152 ]), 'locations': array([ 18, 206, 235, 175, 159, 439, 372, 363, 218, 121,  98, 135, 412,
       324,  90, 384, 116, 207, 476, 447, 299, 102, 292, 257,  76, 117,
        84, 455, 211, 173, 424, 449, 222, 156,  61,  29,  81, 393, 302,
        20,  33,  90, 457,   8, 294, 183, 450, 344, 257, 346,  43, 100,
       288, 197, 121, 282, 426,  29, 299, 292, 273, 404, 435, 263, 122,
       193, 223,  92, 468, 338,  72, 217,  99, 207, 208, 462, 335, 429,
       298, 405, 423, 241, 217, 139, 169, 255, 184, 312, 161, 158, 418,
       113, 375, 380,  75, 378,  70,  52, 288, 243, 322, 289, 467, 147,
       440,  51, 284, 106, 162, 347, 185, 421, 429, 158, 206,  20, 343,
       423, 322, 418,  98, 369, 392, 148, 118, 291, 166, 178, 122, 306,
        13, 110, 195, 321, 392, 135, 330, 408, 347, 339,  46,  36,  47,
       197, 159, 282, 223, 300, 422, 381, 355,  84,  27, 415,  43, 267,
       304, 438, 154,  78,  20, 232,  28, 240,  49, 452, 238, 286, 132,
       245, 102,  71, 366,  67, 347, 363, 336, 409, 167, 117, 402, 216,
       318, 455, 315, 244, 180, 394, 434, 259,  87,  72, 345,  30, 180,
       381, 136, 412, 148, 335])}, {'ts_index': 147, 'loc': 19, 'gap': 0.19059947485663975, 'distances': array([1.13278693, 1.03857027, 1.3833886 , 1.86907   , 1.5586034 ,
       1.65721813, 1.34237987, 1.46542993, 1.64472247, 1.5790662 ,
       1.1101304 , 1.95245827, 1.49701953, 1.12903913, 1.96466047,
       1.75957487, 0.96178273, 1.33793927, 1.58475113, 1.78971713,
       0.98096553, 1.50335087, 1.818422  , 1.05249013, 1.6515808 ,
       1.58613573, 1.89242127, 1.7743216 , 1.26817713, 1.6424184 ,
       1.35815487, 1.5930424 , 1.20007207, 1.6158714 , 1.33725167,
       1.620333  , 1.0494662 , 1.62383507, 1.516671  , 1.09122467,
       1.7254566 , 1.0097838 , 1.83149113, 0.96031273, 1.58262593,
       1.77473993, 1.71103047, 1.60663713, 1.8873324 , 1.3503216 ,
       1.51374307, 1.61402307, 1.7080782 , 1.73833367, 1.66471613,
       1.74011093, 1.8636006 , 1.30039853, 1.76204767, 1.53952527,
       1.1846546 , 1.63370387, 1.66351427, 1.43668127, 1.65733547,
       1.66922207, 1.80647453, 1.818334  , 1.56386313, 1.18599953,
       0.9957606 , 1.678533  , 1.7225818 , 1.79799713, 1.60627047,
       1.5360388 , 1.20896553, 1.00567713, 1.73439373, 1.5779846 ,
       1.5292564 , 1.6512392 , 1.30696293, 1.66942887, 2.07175493,
       1.77338887, 1.32008727, 1.19918667, 1.50007673, 1.29181833,
       1.63909753, 1.40527693, 1.99857447, 1.43404667, 1.6938534 ,
       1.96583007, 0.        , 1.84387993, 0.91772273, 1.54783733,
       2.0902252 , 1.4949822 , 1.8633904 , 1.61192147, 1.47316887,
       1.6496474 , 1.84296493, 1.90196393, 1.55994133, 1.94523173,
       1.8091418 , 1.05940573, 1.31088653, 1.7283468 , 1.79137427,
       1.67331707, 1.84371587, 1.16445787, 1.73112067, 1.4286142 ]), 'delta_distances': array([1.83009093, 1.3084608 , 2.111584  , 2.30531773, 1.35595773,
       2.65929373, 1.8625852 , 2.381186  , 2.13918387, 2.61905733,
       1.54224053, 2.58952253, 2.0927708 , 2.52461187, 2.48278773,
       2.84390107, 1.34901573, 2.05040467, 2.30249747, 2.32274467,
       1.59301533, 1.762842  , 1.82316427, 2.00687053, 2.3288436 ,
       1.9381304 , 2.17544293, 2.0049988 , 2.51457987, 2.89376093,
       2.07525253, 2.8991708 , 2.35953267, 2.41758307, 2.07069133,
       2.62908547, 2.09965373, 1.688308  , 1.7917844 , 1.60377987,
       2.0171656 , 1.75051933, 1.35249947, 1.5293752 , 2.0391244 ,
       2.2633032 , 2.13621507, 2.25371693, 2.11847133, 1.8638696 ,
       1.57517253, 1.99816213, 2.13262493, 2.0870692 , 3.1475416 ,
       1.80608467, 2.93977187, 2.23158053, 1.66232773, 2.78011827,
       1.23185307, 1.91078907, 3.1700404 , 2.18235533, 1.79105693,
       2.3704208 , 2.80440853, 2.99778387, 2.13339653, 2.15229293,
       1.35247133, 2.4285652 , 2.50665653, 2.69169973, 2.58640267,
       2.24853893, 2.03634053, 2.09883427, 2.74174627, 2.43869107,
       2.21987373, 2.74781813, 2.3528348 , 2.0606836 , 2.56913373,
       2.15624133, 1.54498987, 1.92639267, 1.91680547, 1.12567453,
       1.79084667, 2.725598  , 2.90746067, 1.9323396 , 1.86254453,
       2.5673484 , 0.        , 2.45712533, 1.6500896 , 2.4532504 ,
       2.52250773, 2.34790627, 2.23268533, 2.54658373, 2.0900124 ,
       1.9039748 , 2.03790067, 3.23168307, 2.580536  , 2.60350667,
       2.63520547, 1.4441688 , 2.22429733, 1.8576164 , 2.16047627,
       2.0835892 , 2.74591413, 1.82438547, 2.62892013, 2.0499616 ]), 'locations': array([ 44,  44, 467,  18,  89, 165, 342,  44, 115, 362, 446,  16, 145,
       119, 318,  21, 361, 375, 291,  47, 330, 447, 144, 367,  62, 387,
       201, 448, 158,  74, 246, 225,  38, 475, 185, 123, 144,  85, 118,
       118, 431, 451, 154, 166,  47, 110,  90, 239, 343,  10, 316,  76,
       468, 169,   8, 481, 178, 233, 323, 359, 182, 379, 300, 279,   5,
       193,  89,  57, 184, 464, 477,  22, 194, 241,  47, 456, 203, 484,
       241, 471, 334, 314, 111, 290, 328, 415,  10, 247,  69,  57, 174,
       284, 213, 449, 281, 376,  19, 227, 150, 129, 196, 389,  49, 455,
       466, 401, 177, 234,  69, 347, 180, 207, 388, 345,   1, 187, 460,
        25, 191, 175])}, {'ts_index': 19, 'loc': 485, 'gap': 0.16010260582494062, 'distances': array([1.022972  , 1.02025307, 1.35643007, 1.15894007, 1.23611393,
       1.14775373, 1.13646987, 0.8935566 , 0.91845353, 1.30298053,
       1.08106567, 0.83813213, 0.78472573, 1.247373  , 0.99240707,
       1.33536867, 1.00340893, 1.06914287, 1.38085793, 0.82795227,
       0.8880604 , 1.26814193, 1.4911832 , 1.59251527, 1.16494587,
       1.27769993, 1.25262347, 1.0031552 , 1.17014167, 1.28747373,
       1.080273  , 1.189155  , 1.00036813, 1.01199273, 1.2647886 ,
       1.22261187, 1.00538407, 0.94011287, 0.80954827, 1.28553367,
       1.35870787, 1.41710693, 0.94214193, 0.89101867, 1.11542667,
       1.4470704 , 1.27353927, 1.4793314 , 1.2053778 , 1.3957758 ,
       1.16634367, 0.9274876 , 1.3917382 , 1.13310287, 0.85423433,
       1.2889048 , 0.7889222 , 1.00140007, 0.8172256 , 1.29746553,
       0.65251913, 0.77147473, 0.59908127, 1.4618718 , 1.0943576 ,
       1.11349973, 1.0669312 , 1.22500273, 1.2329134 , 1.19732947,
       0.91403867, 1.35077967, 1.4145844 , 1.36334353, 1.03782613,
       0.77502713, 0.9470172 , 1.2139924 , 1.08842753, 1.4715184 ,
       0.6806258 , 1.3336806 , 1.36664   , 1.31992547, 1.16606233,
       0.84194213, 1.04230927, 1.06476907, 1.02881653, 1.2900082 ,
       1.16292047, 1.12788573, 1.05161427, 1.12992313, 1.44359787,
       1.15447427, 1.256617  , 0.6811666 ]), 'delta_distances': array([1.9875144 , 2.46219227, 2.2953788 , 2.45483133, 1.98145787,
       2.37219827, 2.56685987, 2.2328856 , 1.53451667, 2.6084372 ,
       2.02005027, 1.65025493, 1.71899813, 2.0476504 , 1.8818168 ,
       2.30741413, 2.15666573, 2.4477552 , 2.21317827, 1.91380227,
       1.57508907, 2.26427587, 3.09616507, 2.8080384 , 2.55541867,
       2.12727267, 2.26556413, 2.21350333, 2.45278893, 3.11244387,
       2.42395173, 2.1742916 , 1.8141024 , 2.12910747, 2.1922084 ,
       2.92404013, 2.41916933, 1.90384987, 2.01745067, 2.62122667,
       2.25523413, 1.88960453, 1.97800533, 1.78917507, 2.4976096 ,
       2.52459173, 2.4197188 , 2.36187747, 2.60006573, 2.4915492 ,
       2.03322587, 2.07535693, 2.1619388 , 2.39451493, 2.16507933,
       2.69645973, 1.82417547, 2.6624564 , 1.54063107, 2.51818907,
       1.36109573, 1.82548107, 1.743466  , 2.20664853, 2.33194147,
       2.18109653, 1.84110147, 1.80864827, 2.46797707, 2.49271067,
       1.8850064 , 2.4067556 , 3.04327   , 2.80919653, 2.73550827,
       1.94985827, 1.6634224 , 2.29270027, 2.35338293, 2.7158204 ,
       1.35482787, 2.51916293, 2.19740947, 2.30558093, 3.01220587,
       2.5408192 , 1.94811507, 2.16117947, 2.2152432 , 2.10405853,
       1.92551173, 2.58092373, 1.83067267, 2.1770356 , 2.43181493,
       1.94591387, 2.14410347, 1.4544036 ]), 'locations': array([105, 309,  49,  30,  12, 449, 224, 339,  43, 473, 224, 339, 469,
       321, 334, 322, 313, 372, 195, 367, 415, 127, 425, 267, 194,  47,
       263,  68, 473, 335, 209,   6, 198, 250, 327, 210, 119, 334,  91,
        84, 304, 366, 432, 452, 399,  74,  40, 300, 398, 139, 346, 384,
        31, 350,  84, 250, 439,  73,  45,  91, 247, 406, 356, 359, 420,
        30, 214, 384, 107,  17, 467, 458, 212, 472, 355, 144, 398,  62,
       316, 481, 292, 135, 271, 469, 247,  61,  61,  86, 425, 268, 482,
       211, 330, 391, 282, 272, 336,   3])}, {'ts_index': 51, 'loc': 178, 'gap': 0.224673835413554, 'distances': array([1.97605193, 3.35394167, 3.46553407, 3.0217748 , 3.1941402 ,
       3.2079134 , 2.82588307, 3.13403213, 3.0939546 , 2.56857867,
       3.53391533, 3.21351107, 2.601238  , 3.01754593, 3.4799204 ,
       3.27657313, 3.33564753, 2.29666013, 2.19698673, 3.22457453,
       3.52160887, 2.95346153, 3.63081687, 3.07414853, 3.83072327,
       3.5019024 , 3.963755  , 2.9575204 , 3.6351528 , 3.40927253,
       3.38528233, 0.        , 2.256764  , 3.66994707, 3.0265288 ,
       2.68408687, 2.6948026 , 3.92173053, 2.4692424 , 3.3400954 ,
       3.30418347, 3.47101053, 1.86474273, 3.43757047, 3.01883627,
       3.3183888 , 3.0275894 , 3.37958827, 2.55330667, 2.18796593,
       3.89800447, 3.24235467, 3.56487953, 3.262914  , 3.18359647,
       2.6628824 , 3.5958488 , 3.437551  , 2.47247227, 3.5242124 ,
       3.03251413, 3.6451996 , 1.2266178 , 3.26674167, 3.26645447,
       3.242025  , 3.3315876 , 3.4047086 , 2.65914027, 3.8845804 ,
       3.53493367, 3.3875126 , 2.60072553, 3.323786  , 2.25438207,
       2.75947327, 3.10517187, 3.07878413, 2.89260127, 3.31215687]), 'delta_distances': array([2.48654667, 2.52941533, 2.54421267, 3.04042293, 1.9465288 ,
       3.69207347, 2.12740733, 3.01776693, 2.71122773, 3.02714973,
       2.82328493, 2.27227373, 3.37498333, 3.89514   , 3.30939947,
       3.92928853, 2.49932373, 2.5238592 , 2.4942116 , 2.07983267,
       3.15925613, 2.41744213, 3.157696  , 2.02257707, 2.82968773,
       3.55684747, 3.65012893, 2.82458427, 2.19181093, 3.0193544 ,
       3.85040693, 0.        , 2.9610764 , 1.89638693, 2.73021533,
       2.9452024 , 2.26472053, 2.74035827, 2.16991933, 2.40118093,
       3.63820893, 2.63596707, 2.45650667, 3.09961867, 3.4626112 ,
       2.9004276 , 3.77082733, 3.08780653, 3.0776408 , 1.5796912 ,
       3.70074933, 2.78371013, 3.22980547, 3.55064627, 2.9886148 ,
       1.792628  , 3.8529132 , 3.0847348 , 2.6100772 , 1.69401653,
       2.72708533, 3.07995293, 1.7846892 , 2.42698533, 3.6170724 ,
       3.1565732 , 2.80711293, 3.27985973, 2.48886307, 2.48128907,
       3.3601164 , 2.6621796 , 2.58604653, 3.09106773, 3.44329773,
       2.9013184 , 3.4123536 , 2.5969024 , 3.18783893, 2.72397773]), 'locations': array([191, 369, 481, 308,   5, 166, 480, 185, 301, 422, 247, 241,  65,
       250, 349, 428, 332, 413, 306, 367, 402, 424, 401,  20, 180, 465,
       465, 229, 236, 448,  74, 178,  40, 383, 382, 343, 128, 419, 296,
        72, 157, 312,  99, 362, 476, 193, 152, 105, 358,  38,  76, 263,
        63, 241,  15,  28, 144, 354, 449, 172, 292,  14,  84, 224,  90,
        89, 137, 111, 135, 429, 305, 109,  55, 439, 254, 287, 123,  67,
       174, 136])}, {'ts_index': 87, 'loc': 328, 'gap': 0.19305926264437523, 'distances': array([1.799243  , 2.006035  , 1.645552  , 1.8393592 , 1.66356973,
       2.10890533, 1.0854248 , 1.202192  , 1.26641807, 1.58277367,
       1.87711767, 1.05685267, 1.99144013, 1.5552914 , 1.2060642 ,
       1.51303207, 2.17879387, 1.0513162 , 1.6010664 , 0.99719173,
       1.85313187, 2.19319487, 1.61289787, 1.63698567, 1.76339227,
       1.51718067, 1.97127787, 1.65675653, 1.9871824 , 1.89855847,
       2.01076653, 2.074636  , 1.5024172 , 1.60167493, 0.42983073,
       1.9652752 , 1.7950784 , 1.62679453, 1.79756907, 2.15501827,
       1.73110287, 1.86463893, 0.        , 1.5163712 , 1.6630306 ,
       1.8771026 , 1.8387986 , 1.93857373, 1.98307973, 1.62828373,
       1.801484  , 1.99742153, 1.71865   , 2.0134196 , 1.84473767,
       1.5128776 , 1.60280807, 1.4446858 , 2.0086308 , 1.59791993,
       1.1569256 , 2.010987  , 1.94207553, 2.08290753, 1.94807987]), 'delta_distances': array([2.36161493, 2.440514  , 2.04867787, 2.31638333, 2.60270627,
       2.83509147, 2.10210987, 1.816536  , 2.07878533, 3.0794476 ,
       2.66885427, 2.3072572 , 2.26290573, 1.98773053, 2.0782424 ,
       2.56013907, 1.8138364 , 1.75907107, 1.8568    , 1.7728916 ,
       2.85247027, 2.4257352 , 2.06284267, 2.58498973, 2.44579307,
       2.93611867, 2.52457413, 2.6750776 , 2.6825648 , 2.7692332 ,
       3.24505707, 2.35129213, 2.14778227, 2.04412427, 1.07467853,
       2.50354093, 2.1442084 , 2.41525293, 2.78917667, 2.666786  ,
       2.57086187, 2.27564573, 0.        , 1.91235653, 2.50761907,
       2.00159587, 2.451176  , 2.0538376 , 2.96514853, 2.3538192 ,
       2.18540853, 2.38179307, 3.22865907, 3.2311752 , 2.2259724 ,
       2.19113053, 2.45202427, 2.5882736 , 2.25917107, 2.3264716 ,
       2.53013987, 2.1208936 , 2.191376  , 2.63517627, 2.7907036 ]), 'locations': array([182, 418, 398, 414, 478, 220,  39, 330, 168,  48, 159, 114, 388,
       242, 188,  54, 358, 297, 345, 119, 469,  71,  57, 334, 323, 406,
        84, 151, 246,  10, 113, 387, 320,  87, 439,   6, 443,   8, 418,
       118,  70, 235, 328, 257,  47, 464, 200, 223, 427, 282, 264, 239,
        62, 287,  46, 390, 468,  82, 200, 204, 462, 247, 188,  21, 366])}, {'ts_index': 88, 'loc': 155, 'gap': 0.17775494835002703, 'distances': array([0.47945313, 0.65386547, 1.16386153, 0.5260838 , 1.05074953,
       0.8422176 , 0.9768656 , 1.0198326 , 0.88737807, 0.99961147,
       0.56146307, 1.04800907, 1.00885113, 0.5073336 , 1.0086344 ,
       1.01975673, 1.05511053, 0.49383327, 0.53039147, 0.7453166 ,
       0.91018813, 0.67606713, 0.83775353, 1.01307813, 0.95175187,
       0.8219472 , 0.91954167, 0.79913087, 0.96936067, 0.9078482 ,
       0.8485908 , 1.14176067, 0.91488187, 0.        , 0.91395193,
       0.48651547, 0.84297513, 0.83236953, 1.03450073, 0.50837207,
       0.93897533, 0.94455613, 1.09433547, 0.7480814 , 0.99941427,
       0.86809367, 0.61415273, 1.0217052 , 1.05107987, 0.97028653,
       0.69565053, 0.81410533, 1.10235227]), 'delta_distances': array([1.0996512 , 1.7513228 , 1.76796987, 1.21022013, 2.01612867,
       1.67992213, 1.78156493, 1.35633907, 1.5402292 , 1.75771653,
       1.48212107, 1.85813653, 2.04374693, 1.46383493, 2.09786   ,
       2.14039173, 1.77089667, 1.32134467, 1.12703707, 1.9470908 ,
       1.83467547, 1.19265013, 2.0029592 , 1.4427344 , 1.49014493,
       1.86715987, 1.94966987, 1.91937267, 1.93388947, 1.39553   ,
       1.45006   , 2.474008  , 1.927602  , 0.        , 1.7681308 ,
       1.15639507, 1.865066  , 1.39127187, 1.449206  , 1.20062787,
       1.8684756 , 1.86834453, 2.0085084 , 1.8447808 , 1.6333316 ,
       1.62316413, 1.69289147, 1.92035413, 1.83790253, 2.06818507,
       1.5846896 , 1.45126413, 2.1921992 ]), 'locations': array([470, 309, 347, 358, 298, 123, 345, 362, 464, 339, 181, 389, 336,
       158, 117, 267, 240, 297,  28, 424, 100, 266, 164,  81,   9, 195,
       165, 354, 383, 152, 169, 202,  90, 155, 239, 411, 412, 176, 326,
        68,  34, 451, 257,  37, 123, 228, 119, 417, 232, 437, 118, 282,
        36])}, {'ts_index': 24, 'loc': 452, 'gap': 0.2319745506150943, 'distances': array([1.58517687, 1.17026367, 1.4863062 , 1.81001407, 1.74793387,
       0.        , 0.81547427, 1.68757387, 1.74235833, 0.81673007,
       1.7028416 , 1.5154128 , 1.86001373, 1.2869972 , 1.72138513,
       1.6074558 , 1.6399632 , 1.7870294 , 1.1762026 , 1.34944207,
       1.68512773, 0.91750453, 1.67831913, 1.3697754 , 1.7908556 ,
       1.57651247, 1.57417493, 1.27957467, 1.3877678 , 1.3126686 ,
       1.9091174 , 1.51222187, 1.7867654 , 1.09113353, 0.69580667,
       2.09862927, 2.0939858 , 1.84259373, 1.88264267, 1.9550618 ,
       1.18120893, 1.72951427, 1.90027887]), 'delta_distances': array([2.24637   , 1.83223613, 2.15605573, 2.4779552 , 3.14507467,
       0.        , 1.5870684 , 2.16516427, 1.85472013, 1.4091348 ,
       1.9427864 , 2.55479507, 1.77010507, 1.9807956 , 2.40729   ,
       2.202016  , 2.3694848 , 2.33391907, 1.54455387, 1.844292  ,
       2.31150587, 1.70070773, 1.7733452 , 2.20056787, 2.5953516 ,
       2.302842  , 2.9009632 , 1.9113884 , 1.86028427, 2.65369427,
       2.39694187, 2.95865733, 2.3170116 , 2.33649187, 1.26314987,
       2.5034212 , 2.16767973, 2.03483773, 2.4924752 , 1.8562792 ,
       1.9408476 , 2.05832987, 2.6942664 ]), 'locations': array([ 62,  89, 477, 467,  58, 452, 141,  52, 326, 344, 343, 455, 289,
       302, 388,  77, 338, 276, 103, 445, 319, 200, 345, 370, 473, 378,
       277, 191, 232,  65, 115, 140, 133, 243, 300,  99, 242,  73, 369,
       335, 302,   0, 440])}, {'ts_index': 182, 'loc': 170, 'gap': 0.17204322266369254, 'distances': array([1.5098602 , 1.07749167, 1.38856793, 1.3991396 , 0.6934928 ,
       1.0729256 , 1.38619747, 1.37520493, 1.20809727, 1.43434013,
       0.65716227, 1.52048373, 1.49710827, 1.3400758 , 0.63828667,
       1.07306313, 1.72607553, 1.46260393, 1.461558  , 1.33199427,
       1.42918453, 0.9720828 , 1.032584  , 1.17289307, 1.56942467,
       1.34074507, 0.9708942 , 1.01255253, 0.88975087, 0.        ,
       1.30938287, 1.3240544 , 1.475657  , 1.46960027]), 'delta_distances': array([2.46234507, 1.41004973, 1.593376  , 2.4520644 , 1.36204653,
       1.328546  , 1.65854133, 1.97017547, 1.6540876 , 1.42996347,
       1.6097024 , 1.8075436 , 1.75983173, 1.75233133, 1.46716107,
       1.8888904 , 2.5582084 , 1.82450547, 1.698382  , 2.4055976 ,
       1.5335228 , 1.43606253, 1.46903133, 1.67044973, 2.49043787,
       2.199656  , 1.62893947, 1.80020133, 1.639558  , 0.        ,
       2.38413867, 1.89087973, 1.8147032 , 1.38651573]), 'locations': array([ 20, 189, 477, 158,  44,  83, 469, 255,  92, 349, 128, 102, 149,
        54,  72, 400, 376, 232, 182, 212, 250, 266, 140, 125, 458, 467,
        39, 439, 175, 170,  89, 136, 425,  87])}, {'ts_index': 36, 'loc': 160, 'gap': 0.19873299315775916, 'distances': array([0.98341907, 0.4400412 , 1.22085707, 0.93538387, 0.        ,
       1.04774027, 0.9987676 , 1.09028567, 1.0260324 , 1.0066252 ,
       0.6791078 , 1.11985293, 1.34852653, 1.30880633, 1.1751432 ,
       1.2637032 , 1.0003118 , 0.8425574 , 1.03068273, 1.03845693,
       0.90948247, 0.600596  , 1.0057552 , 0.48428987, 1.01991727,
       1.1207544 , 1.18853187]), 'delta_distances': array([2.24384987, 1.38224467, 1.69875853, 2.4479176 , 0.        ,
       2.5334508 , 2.3144076 , 1.95776733, 1.680408  , 2.2869096 ,
       1.6863212 , 3.02502907, 2.50716293, 2.51007733, 1.9804764 ,
       2.60291307, 2.0776864 , 2.06682947, 2.17818507, 2.23959747,
       2.4658392 , 1.86717267, 2.373114  , 1.88828973, 2.5587484 ,
       2.58598813, 2.68003347]), 'locations': array([256, 403, 233, 152, 160, 275, 338, 461,  64, 354, 243, 297,  69,
       411, 427, 460, 356, 359, 472, 470, 170,   7, 471, 231, 467, 410,
       336])}, {'ts_index': 192, 'loc': 5, 'gap': 0.18680180249239764, 'distances': array([1.057815  , 1.7859912 , 1.621254  , 1.74965233, 1.51571353,
       1.50957413, 1.71162667, 1.66070833, 1.39103447, 1.3866402 ,
       1.67537653, 1.09077667, 1.6604898 , 1.52615653, 1.46594973,
       1.37032253, 0.87087107, 1.78690753, 1.16418467, 0.        ,
       1.608232  ]), 'delta_distances': array([2.3765428 , 2.93236573, 3.1886112 , 1.82385293, 2.54070293,
       2.78424173, 2.45808613, 3.15187773, 2.14268107, 1.8127108 ,
       2.48639253, 1.46404733, 2.49624773, 2.50810973, 2.74881133,
       2.0549228 , 2.85597947, 2.98630733, 1.8536816 , 0.        ,
       3.50879747]), 'locations': array([ 88, 281, 429, 379, 437, 383, 269,   7, 467, 271, 384, 142, 257,
       432,  89, 294,  13, 324, 131,   5,  76])}, {'ts_index': 44, 'loc': 230, 'gap': 0.2110003865700676, 'distances': array([0.60812267, 0.86658527, 0.        , 1.04991493, 1.1038496 ,
       1.0129932 , 0.97369707, 1.31461227, 1.18806447, 0.9652906 ,
       0.43098127, 0.88370387, 0.8297392 , 1.00529033, 0.97087767,
       0.631338  ]), 'delta_distances': array([1.49585587, 1.62170707, 0.        , 2.101214  , 1.65142627,
       2.10447587, 2.27519627, 1.6919704 , 2.345802  , 1.69277173,
       1.17808053, 1.8424792 , 1.77804787, 1.56415573, 1.94093573,
       1.5550752 ]), 'locations': array([159, 195, 230, 258,   6, 482, 476, 392, 436, 158, 282,  56, 254,
       130, 411, 239])}, {'ts_index': 46, 'loc': 149, 'gap': 0.22968852398952955, 'distances': array([0.78629253, 0.        , 0.57108053, 0.41137153, 0.58284993,
       0.9821972 , 1.04785187, 0.8256234 , 1.01934047, 1.18988293,
       1.00393373, 0.9501754 ]), 'delta_distances': array([1.52613213, 0.        , 1.59829573, 0.96983547, 1.89279813,
       1.84918733, 1.7434332 , 1.70311573, 1.79144653, 2.12296   ,
       1.83199267, 1.65726373]), 'locations': array([121, 149,   3, 370, 185,  29, 259, 369, 117,  68, 224, 397])}, {'ts_index': 127, 'loc': 198, 'gap': 0.31261860295381116, 'distances': array([1.1590812 , 0.41185987, 0.9243404 , 0.5889504 , 0.53201293,
       0.96854347, 0.        , 1.00588647]), 'delta_distances': array([2.30750853, 1.32579067, 1.9205628 , 1.707498  , 1.70122387,
       1.96223613, 0.        , 2.20983147]), 'locations': array([411, 147,  58, 122, 114, 192, 198,  38])}, {'ts_index': 68, 'loc': 407, 'gap': 0.8420649333333348, 'distances': array([3.4048326 , 0.        , 2.11147833, 2.95354327]), 'delta_distances': array([5.23300947, 0.        , 3.35966347, 3.47440987]), 'locations': array([ 50, 407,  55, 172])}], 'clusters': array([ 2,  2,  1,  4,  6, 10,  7,  6,  9, 11,  3,  1,  2,  5,  5,  2,  4,
        3,  2,  3,  5,  0,  2,  4,  7,  2,  5,  7,  3,  3,  8,  4,  4,  5,
        2,  6,  9,  5,  2,  7,  5,  2,  6,  2, 11,  2, 12,  1, 12,  6,  6,
        4,  4,  1,  3, 12,  8, 12,  9,  3, 13,  4,  7,  5,  2,  8,  4,  5,
       14,  7, 13,  3, 10,  2,  2,  3,  4,  3,  4,  3,  2,  2,  3,  3, 11,
       13,  9,  5,  6,  8,  1,  1,  1,  1,  1,  1,  1,  1,  1,  1,  6,  1,
        1,  2,  1,  1,  1,  1,  1,  1,  1,  1,  1,  1,  1,  1,  1,  3, 14,
        4,  1,  1,  1,  1,  1,  1,  1, 13, 10,  1,  1,  1,  1,  1,  3,  1,
        1,  1,  1,  6,  1,  4,  1,  1,  1,  1,  1,  2,  1,  1,  1,  1,  1,
        9,  1,  2,  1,  1,  1,  1,  1,  1,  1,  1,  8,  3,  1,  7,  7,  1,
        1,  1,  1,  0,  8,  1,  3,  1,  1,  6,  1,  5,  8,  4,  9,  2,  4,
        5,  1, 10,  1,  7, 10,  1,  2,  1, 11,  1,  3,  1]), 'time': 2426.046883583069}
