lenSubsequence: 12{'RI': 0.41613123718386874, 'num_clusters': 3, 'uShapelets': [{'ts_index': 99, 'loc': 71, 'gap': 0.057533281599396496, 'distances': array([0.0919348 , 0.1397816 , 0.07423377, 0.04829373, 0.13227344,
       0.180712  , 0.07691522, 0.15969259, 0.2120685 , 0.10095881,
       0.14462567, 0.06866697, 0.05699184, 0.1970346 , 0.05365923,
       0.05279967, 0.18724371, 0.20056273, 0.09258678, 0.08515415,
       0.12150274, 0.19359374, 0.09305173, 0.10269243, 0.06378332,
       0.06626121, 0.08346394, 0.10048103, 0.07280706, 0.04261178,
       0.04646833, 0.06602351, 0.19843471, 0.08161716, 0.05215988,
       0.06867127, 0.05561194, 0.20612793, 0.1130673 , 0.07216599,
       0.17992938, 0.12970774, 0.11177026, 0.06222194, 0.04539969,
       0.1010033 , 0.07067728, 0.15691319, 0.08423232, 0.06740245,
       0.17030869, 0.07678921, 0.0696382 , 0.04943627, 0.06162386,
       0.06036164, 0.09123539, 0.1115815 , 0.04600687, 0.14799038,
       0.19122999, 0.0816926 , 0.05468908, 0.19967907, 0.05207807,
       0.08641201, 0.1880125 , 0.07312337, 0.07628251, 0.12447197,
       0.0882304 , 0.1008281 , 0.08081323, 0.14625112, 0.12621917,
       0.08747857, 0.0464011 , 0.08611185, 0.13364456, 0.13242582,
       0.13418434, 0.09109485, 0.11260585, 0.05581791, 0.07938435,
       0.06682273, 0.09615818, 0.09351879, 0.09338793, 0.17982988,
       0.09573517, 0.06878514, 0.1006797 , 0.10659366, 0.14205933,
       0.05125034, 0.07153491, 0.08619173, 0.05939913, 0.        ,
       0.03769542, 0.06316034, 0.20093158, 0.04989357, 0.08260322,
       0.10684481, 0.17461002, 0.06254448, 0.05085723, 0.13955288,
       0.05829445, 0.06440637, 0.10864986, 0.16162585, 0.08552103,
       0.07608963, 0.08007783, 0.06781716, 0.06676815, 0.18763808,
       0.0687602 , 0.10251352, 0.19964388, 0.18083834, 0.08569471,
       0.06764686, 0.07728352, 0.08830691, 0.06438248, 0.05431723,
       0.17498339, 0.10457699, 0.12935696, 0.07955589, 0.0665958 ,
       0.06704528, 0.06912479, 0.08394955, 0.12582   , 0.06547317,
       0.07083108, 0.15455485, 0.10434135, 0.11334038, 0.21677022,
       0.1290992 , 0.10250556, 0.05186447, 0.19643033, 0.04557678,
       0.04836601, 0.18517655, 0.1223824 , 0.07561351, 0.07250029,
       0.07154311, 0.08013132, 0.06214857, 0.0453935 , 0.06947102,
       0.09204385, 0.07280377, 0.14357187, 0.0756046 , 0.15638161,
       0.11669857, 0.12855336, 0.05080641, 0.08012486, 0.09220757,
       0.06697082, 0.05056486, 0.18225785, 0.07984825, 0.07208444,
       0.07532974, 0.10370561, 0.08093486, 0.07338606, 0.06827996,
       0.08288178, 0.06264478, 0.13609839, 0.1022089 , 0.17138569,
       0.06895243, 0.09208865, 0.1058059 , 0.10968446, 0.04367478,
       0.04778751, 0.06783845, 0.21431987, 0.12569587, 0.19778792,
       0.04406529, 0.07060724, 0.05054378, 0.07029916, 0.07218774,
       0.07525471, 0.12422527, 0.07405643, 0.07494252, 0.07768848,
       0.09514247, 0.0692022 , 0.18758765, 0.1316803 , 0.19643367]), 'delta_distances': array([0., 0., 0., 0., 0., 0., 0., 0., 0., 0., 0., 0., 0., 0., 0., 0., 0.,
       0., 0., 0., 0., 0., 0., 0., 0., 0., 0., 0., 0., 0., 0., 0., 0., 0.,
       0., 0., 0., 0., 0., 0., 0., 0., 0., 0., 0., 0., 0., 0., 0., 0., 0.,
       0., 0., 0., 0., 0., 0., 0., 0., 0., 0., 0., 0., 0., 0., 0., 0., 0.,
       0., 0., 0., 0., 0., 0., 0., 0., 0., 0., 0., 0., 0., 0., 0., 0., 0.,
       0., 0., 0., 0., 0., 0., 0., 0., 0., 0., 0., 0., 0., 0., 0., 0., 0.,
       0., 0., 0., 0., 0., 0., 0., 0., 0., 0., 0., 0., 0., 0., 0., 0., 0.,
       0., 0., 0., 0., 0., 0., 0., 0., 0., 0., 0., 0., 0., 0., 0., 0., 0.,
       0., 0., 0., 0., 0., 0., 0., 0., 0., 0., 0., 0., 0., 0., 0., 0., 0.,
       0., 0., 0., 0., 0., 0., 0., 0., 0., 0., 0., 0., 0., 0., 0., 0., 0.,
       0., 0., 0., 0., 0., 0., 0., 0., 0., 0., 0., 0., 0., 0., 0., 0., 0.,
       0., 0., 0., 0., 0., 0., 0., 0., 0., 0., 0., 0., 0., 0., 0., 0., 0.,
       0., 0., 0., 0., 0., 0.]), 'locations': array([ 0,  0,  0, 61,  0,  0,  0,  0,  0,  0,  0,  0,  0,  0,  0, 72,  0,
        0,  0,  0,  0,  0,  0,  0, 74,  0,  0,  0,  0, 75, 75,  0,  0,  0,
       71,  0,  0,  0,  0,  0,  0,  0,  0,  0, 74,  0,  0,  0,  0,  0,  0,
        0,  0, 72,  0,  0,  0,  0, 73,  0,  0,  0, 61,  0, 71,  0,  0,  0,
        0,  0,  0,  0,  0,  0,  0,  0, 69,  0,  0,  0,  0,  0,  0, 71,  0,
        0,  0,  0,  0,  0,  0,  0,  0,  0,  0, 72,  0,  0,  0, 71, 72,  0,
        0, 71,  0,  0,  0,  0, 61,  0,  0,  0,  0, 71,  0,  0,  0,  0,  0,
        0,  0,  0,  0,  0,  0,  0,  0,  0,  0, 72,  0,  0,  0,  0,  0,  0,
        0,  0,  0,  0,  0,  0,  0,  0,  0,  0,  0, 75,  0, 73, 72,  0,  0,
        0,  0,  0,  0,  1, 73,  0,  0,  0,  0,  0,  0,  0,  0, 72,  0,  0,
        0, 70,  0,  0,  0,  0,  0,  0,  0,  0,  0, 73,  0,  0,  0,  0,  0,
        0,  0, 75, 71,  0,  0,  0,  0, 63,  0, 74,  0,  0,  0,  0,  0,  0,
        0,  0,  0,  0,  0,  0])}, {'ts_index': 8, 'loc': 59, 'gap': 0.05526653791270435, 'distances': array([0.04203727, 0.11807342, 0.        , 0.02616852, 0.02946526,
       0.06068973, 0.03534945, 0.02311385, 0.02777651, 0.04136894,
       0.13014556, 0.10522067, 0.11611889, 0.03179743, 0.03863469,
       0.03060671, 0.13005429, 0.04489803, 0.05332995, 0.03807266,
       0.10420096, 0.03764583, 0.03024036, 0.03836014, 0.05123597,
       0.11800091, 0.05821315, 0.02896526, 0.04005404, 0.02623836,
       0.03848439, 0.04827309, 0.07195128, 0.05601184, 0.03198166,
       0.04526189]), 'delta_distances': array([0., 0., 0., 0., 0., 0., 0., 0., 0., 0., 0., 0., 0., 0., 0., 0., 0.,
       0., 0., 0., 0., 0., 0., 0., 0., 0., 0., 0., 0., 0., 0., 0., 0., 0.,
       0., 0.]), 'locations': array([58, 82, 59, 59, 59, 61, 59, 60, 59, 59, 92, 80, 99, 59, 59, 59, 96,
       62, 60, 64, 91, 58, 58, 63, 59, 79, 60, 59, 60, 60, 58, 57, 60, 59,
       60, 60])}], 'clusters': array([1, 1, 1, 1, 1, 2, 1, 0, 2, 1, 1, 1, 1, 2, 1, 1, 2, 2, 1, 1, 1, 2,
       1, 1, 1, 1, 1, 1, 1, 1, 1, 1, 2, 1, 1, 1, 1, 2, 1, 1, 2, 1, 1, 1,
       1, 1, 1, 0, 1, 1, 0, 1, 1, 1, 1, 1, 1, 1, 1, 0, 2, 1, 1, 2, 1, 1,
       2, 1, 1, 1, 1, 1, 1, 0, 1, 1, 1, 1, 1, 1, 1, 1, 1, 1, 1, 1, 1, 1,
       1, 2, 1, 1, 1, 1, 1, 1, 1, 1, 1, 1, 1, 1, 2, 1, 1, 1, 2, 1, 1, 1,
       1, 1, 1, 0, 1, 1, 1, 1, 1, 2, 1, 1, 2, 2, 1, 1, 1, 1, 1, 1, 2, 1,
       1, 1, 1, 1, 1, 1, 1, 1, 1, 0, 1, 1, 2, 1, 1, 1, 2, 1, 1, 2, 1, 1,
       1, 1, 1, 1, 1, 1, 1, 1, 1, 1, 2, 1, 1, 1, 1, 1, 1, 1, 2, 1, 1, 1,
       1, 1, 1, 1, 1, 1, 1, 1, 2, 1, 1, 1, 1, 1, 1, 1, 2, 1, 2, 1, 1, 1,
       1, 1, 1, 1, 1, 1, 1, 1, 1, 2, 1, 2]), 'time': 69.63400030136108}
lenSubsequence: 15{'RI': 0.8244246981089086, 'num_clusters': 4, 'uShapelets': [{'ts_index': 150, 'loc': 68, 'gap': 0.09549905481442617, 'distances': array([0.256722  , 0.22094893, 0.24100043, 0.03726452, 0.28151513,
       0.2906567 , 0.2423885 , 0.26231891, 0.28748363, 0.26315933,
       0.21027441, 0.23682641, 0.21812487, 0.28050992, 0.21265536,
       0.03801719, 0.28200393, 0.27748363, 0.2568834 , 0.24725871,
       0.23536821, 0.26528631, 0.24202306, 0.23130708, 0.04239481,
       0.23134607, 0.24849083, 0.22789066, 0.2391172 , 0.02775832,
       0.0315551 , 0.23073741, 0.2596129 , 0.23743272, 0.03332847,
       0.23388945, 0.21551329, 0.28895864, 0.25361209, 0.23965136,
       0.29805666, 0.25398725, 0.24967539, 0.221756  , 0.03007731,
       0.26791864, 0.24022933, 0.24613004, 0.25087971, 0.23420781,
       0.21533181, 0.23199024, 0.23547938, 0.03832481, 0.22349006,
       0.21967418, 0.25393238, 0.21989986, 0.02552088, 0.20349537,
       0.28514412, 0.24449163, 0.03123972, 0.28600898, 0.03252609,
       0.2297252 , 0.28667251, 0.24151215, 0.22578643, 0.24016861,
       0.25405165, 0.24559953, 0.24690955, 0.19404605, 0.18560121,
       0.24217518, 0.02673034, 0.24595623, 0.22018919, 0.23935239,
       0.25086004, 0.2438142 , 0.28352735, 0.04028625, 0.23863421,
       0.22752662, 0.24265907, 0.23985534, 0.19890151, 0.28188029,
       0.25743492, 0.23028902, 0.21995702, 0.21471352, 0.27802742,
       0.03517335, 0.20706292, 0.23080496, 0.22423522, 0.04081465,
       0.03228526, 0.22806125, 0.29276518, 0.03389021, 0.23948456,
       0.26520315, 0.31375858, 0.22866129, 0.03886244, 0.28334005,
       0.22633275, 0.22723753, 0.24486071, 0.1904801 , 0.25817136,
       0.23749779, 0.2356527 , 0.23554235, 0.22436068, 0.28363574,
       0.23557138, 0.22555218, 0.29139638, 0.2815349 , 0.24439611,
       0.23527358, 0.24329153, 0.24325955, 0.21638692, 0.02681583,
       0.28928963, 0.23944716, 0.2495504 , 0.24619643, 0.22452218,
       0.23316427, 0.22239887, 0.22063685, 0.22207872, 0.23336605,
       0.22343898, 0.26007923, 0.21338413, 0.21654084, 0.28212672,
       0.26743184, 0.2221864 , 0.03389317, 0.26911768, 0.03265905,
       0.        , 0.29137279, 0.20675367, 0.23057327, 0.22444727,
       0.22661443, 0.24564065, 0.17636214, 0.03732619, 0.2320442 ,
       0.21117396, 0.2259466 , 0.28951596, 0.24861865, 0.28153032,
       0.23329209, 0.22183492, 0.04230823, 0.24197227, 0.25713703,
       0.2221623 , 0.0245775 , 0.29129151, 0.23844891, 0.24268148,
       0.22611243, 0.20901045, 0.24508182, 0.21899846, 0.23011089,
       0.24992423, 0.04404129, 0.1851809 , 0.21330479, 0.29708506,
       0.23294926, 0.24669132, 0.2298861 , 0.22516588, 0.03940259,
       0.03474728, 0.21656864, 0.28606967, 0.20991386, 0.27115824,
       0.02184521, 0.23004531, 0.03854325, 0.23584319, 0.22189514,
       0.24081305, 0.23423855, 0.22844942, 0.2399096 , 0.23471607,
       0.21481282, 0.22531746, 0.26287108, 0.23573788, 0.28696141]), 'delta_distances': array([0., 0., 0., 0., 0., 0., 0., 0., 0., 0., 0., 0., 0., 0., 0., 0., 0.,
       0., 0., 0., 0., 0., 0., 0., 0., 0., 0., 0., 0., 0., 0., 0., 0., 0.,
       0., 0., 0., 0., 0., 0., 0., 0., 0., 0., 0., 0., 0., 0., 0., 0., 0.,
       0., 0., 0., 0., 0., 0., 0., 0., 0., 0., 0., 0., 0., 0., 0., 0., 0.,
       0., 0., 0., 0., 0., 0., 0., 0., 0., 0., 0., 0., 0., 0., 0., 0., 0.,
       0., 0., 0., 0., 0., 0., 0., 0., 0., 0., 0., 0., 0., 0., 0., 0., 0.,
       0., 0., 0., 0., 0., 0., 0., 0., 0., 0., 0., 0., 0., 0., 0., 0., 0.,
       0., 0., 0., 0., 0., 0., 0., 0., 0., 0., 0., 0., 0., 0., 0., 0., 0.,
       0., 0., 0., 0., 0., 0., 0., 0., 0., 0., 0., 0., 0., 0., 0., 0., 0.,
       0., 0., 0., 0., 0., 0., 0., 0., 0., 0., 0., 0., 0., 0., 0., 0., 0.,
       0., 0., 0., 0., 0., 0., 0., 0., 0., 0., 0., 0., 0., 0., 0., 0., 0.,
       0., 0., 0., 0., 0., 0., 0., 0., 0., 0., 0., 0., 0., 0., 0., 0., 0.,
       0., 0., 0., 0., 0., 0.]), 'locations': array([ 0, 68,  0, 56, 68, 28,  0, 71, 26,  0, 71,  0,  0, 28,  0, 68, 28,
       29,  0,  0, 69, 28, 68, 67, 70,  0,  0, 67,  0, 71, 70,  0, 28,  0,
       67,  0,  0, 27, 70,  0, 28, 68, 68,  0, 69,  0,  0, 70,  0,  0, 67,
        0,  0, 68,  0,  0,  0, 65, 69, 76, 28, 69, 57, 28, 67, 67, 28,  0,
        0, 67,  0, 67,  0, 69, 67,  0, 65,  0, 71, 69, 69,  0,  0, 67,  0,
        0,  0,  0, 67, 29,  0,  0, 67, 66, 73, 68, 69,  0,  0, 67, 67,  0,
       27, 66,  0,  0, 28,  0, 58,  0,  0,  0, 67, 68,  0,  0,  0,  0,  0,
       28,  0, 69, 27, 29,  0,  0,  0,  0,  0, 68, 28, 67, 69,  0,  0,  0,
        0, 67, 69,  0,  0, 67, 64, 66, 28, 71,  0, 70, 27, 69, 68, 28, 77,
        0,  0,  0,  0,  0, 69,  0, 67,  0, 30,  0, 29, 69, 68, 67,  0,  0,
        0, 66, 27,  0,  0,  0, 73,  0,  0,  0,  0, 68, 70, 68, 27,  0,  0,
       66, 65, 71, 67, 72, 28, 69, 28, 59,  0, 70,  0, 70,  0, 61,  0,  0,
        0, 67,  0, 28, 69, 28])}, {'ts_index': 122, 'loc': 41, 'gap': 0.05463482604781628, 'distances': array([0.09983529, 0.11333569, 0.13231503, 0.10814301, 0.02878827,
       0.13038263, 0.11791112, 0.04100336, 0.11296843, 0.11226118,
       0.13062183, 0.09878576, 0.04450783, 0.11086593, 0.03742661,
       0.0319238 , 0.10869458, 0.091468  , 0.10218961, 0.02983912,
       0.12386826, 0.11377957, 0.10104778, 0.10401088, 0.11486527,
       0.1310727 , 0.10100154, 0.02466739, 0.1093065 , 0.13151382,
       0.11269234, 0.0419819 , 0.10922053, 0.10690852, 0.02597127,
       0.09946227, 0.11874836, 0.10001911, 0.0999348 , 0.1262569 ,
       0.11885577, 0.10203496, 0.12898677, 0.11104512, 0.09873846,
       0.1072682 , 0.11921463, 0.0917298 , 0.13212551, 0.11514945,
       0.03354943, 0.12034547, 0.03688161, 0.11382993, 0.03981468,
       0.12319315, 0.07700863, 0.1229783 , 0.11721708, 0.11577747,
       0.13567353, 0.13936496, 0.09437862, 0.09288227, 0.10986159,
       0.11361565, 0.11245766, 0.09024187, 0.13383252, 0.12581646,
       0.12150759, 0.10127117, 0.02686162, 0.11952173, 0.09660541,
       0.11398193, 0.12719287, 0.10902352, 0.12606044, 0.12668463,
       0.12399263, 0.1348118 , 0.04129918, 0.10972503, 0.1139258 ,
       0.04188529, 0.10047894, 0.10321152, 0.09635693, 0.10573884,
       0.12469335, 0.10373018, 0.10481336, 0.10525978, 0.09882373,
       0.10458757, 0.03759574, 0.10028934, 0.11970259, 0.        ,
       0.03424708, 0.11061437, 0.09971548, 0.10306975, 0.09987617,
       0.1077482 , 0.05816372, 0.12741967, 0.11103001, 0.10057241,
       0.1052252 , 0.11489874, 0.10730198, 0.11512544, 0.10893947,
       0.10717228, 0.10313208, 0.1104967 , 0.12029216, 0.1295715 ,
       0.02644743, 0.10696099, 0.11379727, 0.02972511, 0.04033295,
       0.12145869, 0.10485558, 0.10429774, 0.10150236, 0.12778338,
       0.13203727, 0.11960654, 0.10326439, 0.03793509, 0.13517058,
       0.05825622, 0.11902823, 0.12127993, 0.1357137 , 0.10358228,
       0.09858411, 0.0489485 , 0.11082497, 0.1334677 , 0.14118668,
       0.13065998, 0.10211939, 0.10547012, 0.10368111, 0.1323264 ,
       0.11103123, 0.0260884 , 0.09646616, 0.09232664, 0.11550352,
       0.11292597, 0.11359311, 0.03180196, 0.1167194 , 0.01962074,
       0.10207594, 0.10043014, 0.12554617, 0.12132936, 0.10478698,
       0.10214532, 0.10580137, 0.11655968, 0.11084472, 0.10422691,
       0.03660959, 0.10803576, 0.02990191]), 'delta_distances': array([0., 0., 0., 0., 0., 0., 0., 0., 0., 0., 0., 0., 0., 0., 0., 0., 0.,
       0., 0., 0., 0., 0., 0., 0., 0., 0., 0., 0., 0., 0., 0., 0., 0., 0.,
       0., 0., 0., 0., 0., 0., 0., 0., 0., 0., 0., 0., 0., 0., 0., 0., 0.,
       0., 0., 0., 0., 0., 0., 0., 0., 0., 0., 0., 0., 0., 0., 0., 0., 0.,
       0., 0., 0., 0., 0., 0., 0., 0., 0., 0., 0., 0., 0., 0., 0., 0., 0.,
       0., 0., 0., 0., 0., 0., 0., 0., 0., 0., 0., 0., 0., 0., 0., 0., 0.,
       0., 0., 0., 0., 0., 0., 0., 0., 0., 0., 0., 0., 0., 0., 0., 0., 0.,
       0., 0., 0., 0., 0., 0., 0., 0., 0., 0., 0., 0., 0., 0., 0., 0., 0.,
       0., 0., 0., 0., 0., 0., 0., 0., 0., 0., 0., 0., 0., 0., 0., 0., 0.,
       0., 0., 0., 0., 0., 0., 0., 0., 0., 0., 0., 0., 0., 0., 0., 0., 0.,
       0., 0., 0.]), 'locations': array([111,  14, 107, 114,  42,  21, 114,  41,  21, 114,  24, 112,  43,
       108,  42,  43, 110,  41, 113,  42,  26, 113, 111, 112, 113,  23,
       112,  43,  40, 108, 109,  41, 115, 111,  42, 114, 114, 112, 112,
       107, 114, 111,  22, 111, 112, 111, 108, 113,  22,  25,  42,  26,
        42, 113,  42,  23,  40,  26,  22,  27, 107, 108,  39, 114, 114,
       114, 113,  40,  23,  23, 113,  41,  44,  22, 112, 113, 113, 114,
        29, 114, 108, 107,  42,  41, 115,  43, 112, 114, 112,  19, 113,
       111,  19, 113, 112, 112,  42,  18,  28,  41,  44,  39, 113, 111,
       112,  39,  42,  25, 114, 111,  18,  23, 112, 114, 113,  18, 113,
       114, 113, 112,  42, 114, 113,  42,  42,  34, 112, 112, 112,  22,
        23, 114, 113,  44, 107,  42, 114, 114, 106,  16, 113,  41, 112,
       108, 107,  32,  18, 113,  18, 108, 114,  41,  18, 113, 113, 113,
       115,  43, 114,  43,  40, 111, 115,  22, 114, 113, 112,  20,  27,
       112,  43, 113,  42])}, {'ts_index': 27, 'loc': 69, 'gap': 0.06047134407733347, 'distances': array([0.11312137, 0.03736314, 0.12481456, 0.0517912 , 0.12492789,
       0.04939469, 0.11648674, 0.06316726, 0.13287918, 0.12812156,
       0.13230272, 0.10279797, 0.14262395, 0.05275389, 0.03385617,
       0.0272652 , 0.12785765, 0.11878646, 0.        , 0.13383071,
       0.12911583, 0.13779674, 0.12443483, 0.12704204, 0.04474376,
       0.11767987, 0.04081258, 0.0561513 , 0.12222257, 0.11421212,
       0.13058406, 0.05306001, 0.10696828, 0.12714978, 0.05155485,
       0.13508772, 0.1148131 , 0.12317   , 0.12134375, 0.10300885,
       0.03510556, 0.03998466, 0.0336119 , 0.13590641, 0.13335705,
       0.03254631, 0.10979549, 0.03581142, 0.10853251, 0.10793712,
       0.14771952, 0.04194033, 0.03294629, 0.05430461, 0.13818649,
       0.15238511, 0.12709272, 0.13287707, 0.03845979, 0.12979755,
       0.10582354, 0.13610821, 0.03346726, 0.03833699, 0.06711138,
       0.04011018, 0.03127917, 0.12377609, 0.12955241, 0.13616359,
       0.05804068, 0.1218345 , 0.11919825, 0.12857577, 0.12312487,
       0.03362585, 0.11399023, 0.11307461, 0.13524544, 0.12496471,
       0.13392899, 0.11867502, 0.03160183, 0.14187666, 0.11986376,
       0.11585993, 0.13723184, 0.13521652, 0.03759846, 0.05309961,
       0.10516034, 0.13293932, 0.12639146, 0.13352624, 0.0286934 ,
       0.04569444, 0.11494984, 0.13401232, 0.05524953, 0.05157622,
       0.02779992, 0.05601448, 0.04102693, 0.03504733, 0.12655862,
       0.12943321, 0.13842509, 0.12929795, 0.13000851, 0.03597944,
       0.13291232, 0.11533345, 0.05424029, 0.04758212, 0.10956009,
       0.11475055, 0.13192329, 0.13858594, 0.12997025, 0.08703634,
       0.03543357, 0.11582045, 0.13838083, 0.12633471, 0.12695847,
       0.05814197, 0.13452   , 0.14633058, 0.03872817, 0.02715102,
       0.04512083, 0.05607083, 0.13431947, 0.11323594, 0.03169458,
       0.13112979, 0.03675922, 0.13137294, 0.11649158, 0.11639605,
       0.03033663, 0.13209123, 0.05318354]), 'delta_distances': array([0., 0., 0., 0., 0., 0., 0., 0., 0., 0., 0., 0., 0., 0., 0., 0., 0.,
       0., 0., 0., 0., 0., 0., 0., 0., 0., 0., 0., 0., 0., 0., 0., 0., 0.,
       0., 0., 0., 0., 0., 0., 0., 0., 0., 0., 0., 0., 0., 0., 0., 0., 0.,
       0., 0., 0., 0., 0., 0., 0., 0., 0., 0., 0., 0., 0., 0., 0., 0., 0.,
       0., 0., 0., 0., 0., 0., 0., 0., 0., 0., 0., 0., 0., 0., 0., 0., 0.,
       0., 0., 0., 0., 0., 0., 0., 0., 0., 0., 0., 0., 0., 0., 0., 0., 0.,
       0., 0., 0., 0., 0., 0., 0., 0., 0., 0., 0., 0., 0., 0., 0., 0., 0.,
       0., 0., 0., 0., 0., 0., 0., 0., 0., 0., 0., 0., 0., 0., 0., 0., 0.,
       0., 0., 0., 0., 0., 0., 0.]), 'locations': array([54, 71, 45, 70, 42, 72, 41, 73,  3,  3,  3, 54,  2, 71, 71, 69, 53,
       53, 69,  2, 53,  3, 46,  3, 71, 54, 69, 69, 55, 52,  3, 71, 54,  3,
       69,  3, 54,  2, 57, 43, 67, 71, 69,  3,  3, 70, 41, 69, 46, 47,  3,
       72, 71, 70,  3, 56, 43,  3, 69,  4, 43,  3, 69, 69, 75, 71, 73,  3,
        3,  3, 69, 53, 71, 55, 55, 69, 53, 54,  3, 55,  3, 53, 72,  3, 53,
       53,  2,  3, 69, 71, 56,  3,  3,  3, 69, 71, 54,  3, 69, 67, 69, 73,
       70, 80,  3,  3,  3, 44,  3, 70,  3, 45, 70, 69, 46, 53,  3,  3, 45,
       48, 76, 53,  4, 54, 46, 69,  2, 81, 68, 67, 73, 71,  3, 54, 73, 42,
       62,  3, 55, 55, 70,  3, 70])}], 'clusters': array([0, 3, 0, 1, 3, 2, 0, 3, 2, 0, 3, 0, 0, 2, 0, 1, 2, 2, 0, 0, 3, 2,
       3, 3, 1, 0, 0, 3, 0, 1, 1, 0, 2, 0, 1, 0, 0, 2, 3, 0, 2, 3, 3, 0,
       1, 0, 0, 3, 0, 0, 3, 0, 0, 1, 0, 0, 0, 3, 1, 1, 2, 3, 1, 2, 1, 3,
       2, 0, 0, 3, 0, 3, 0, 1, 1, 0, 1, 0, 3, 3, 3, 0, 0, 1, 0, 0, 3, 0,
       1, 2, 0, 0, 3, 3, 3, 1, 3, 3, 0, 1, 1, 0, 2, 1, 0, 3, 2, 0, 1, 0,
       0, 0, 3, 1, 0, 0, 0, 0, 0, 2, 0, 3, 2, 2, 0, 0, 0, 0, 0, 1, 2, 3,
       3, 0, 0, 0, 0, 3, 3, 0, 0, 3, 3, 3, 2, 3, 3, 1, 2, 1, 1, 2, 3, 0,
       0, 0, 0, 1, 1, 0, 3, 0, 2, 0, 2, 3, 3, 1, 0, 0, 0, 1, 2, 0, 0, 0,
       3, 0, 0, 0, 0, 1, 1, 3, 2, 0, 0, 3, 3, 1, 1, 3, 2, 3, 2, 1, 0, 1,
       0, 3, 0, 3, 0, 0, 0, 3, 0, 2, 3, 2]), 'time': 152.75519108772278}
lenSubsequence: 18{'RI': 0.8647983595352017, 'num_clusters': 4, 'uShapelets': [{'ts_index': 15, 'loc': 64, 'gap': 0.11341228193420586, 'distances': array([0.30062228, 0.19716758, 0.31910614, 0.03581485, 0.26127755,
       0.28646435, 0.29885171, 0.24419015, 0.27736887, 0.29431078,
       0.20703865, 0.30513495, 0.32235045, 0.272243  , 0.31794964,
       0.        , 0.27957757, 0.27150962, 0.29402079, 0.30572852,
       0.22883561, 0.25897691, 0.21381988, 0.2124074 , 0.03987426,
       0.31465307, 0.30197876, 0.21039121, 0.30104749, 0.02257197,
       0.03010178, 0.30290612, 0.25431487, 0.30225811, 0.03181025,
       0.32261285, 0.31865699, 0.27967325, 0.2401399 , 0.31081607,
       0.28973111, 0.24046161, 0.23949595, 0.31687201, 0.02070084,
       0.30442335, 0.30903974, 0.22822882, 0.3006469 , 0.30146999,
       0.20691268, 0.30707425, 0.30838488, 0.03068689, 0.3216854 ,
       0.32288775, 0.29315053, 0.20102286, 0.02781431, 0.19068506,
       0.28082912, 0.22640447, 0.03690165, 0.2768981 , 0.034802  ,
       0.21745094, 0.2787578 , 0.30453725, 0.31921684, 0.21039652,
       0.30394183, 0.2241911 , 0.30308868, 0.18981916, 0.18547058,
       0.2995662 , 0.02215636, 0.30219517, 0.20888879, 0.22758016,
       0.23862717, 0.30406514, 0.31320822, 0.03507668, 0.30111883,
       0.30438477, 0.22468158, 0.31476017, 0.18224067, 0.27714316,
       0.29806811, 0.30418229, 0.20430913, 0.19306599, 0.25419371,
       0.02953388, 0.19435656, 0.22314128, 0.31594012, 0.04047259,
       0.0308535 , 0.29805874, 0.28502863, 0.02922349, 0.30470405,
       0.27032957, 0.30518907, 0.31261965, 0.03172645, 0.30209202,
       0.32260094, 0.30977813, 0.2133708 , 0.19192006, 0.29773286,
       0.30591814, 0.30878954, 0.31026048, 0.30775391, 0.27823931,
       0.30445833, 0.19916406, 0.28307115, 0.27366175, 0.30517136,
       0.32319196, 0.30392025, 0.29633085, 0.30283061, 0.02821648,
       0.28361341, 0.2094953 , 0.23758857, 0.29858447, 0.31495928,
       0.29434085, 0.30903963, 0.20478222, 0.2154848 , 0.31056916,
       0.30492325, 0.24558125, 0.19876877, 0.19219886, 0.2715257 ,
       0.24744016, 0.21154047, 0.03300987, 0.26396422, 0.0349285 ,
       0.0306218 , 0.28387141, 0.17513632, 0.29243835, 0.30866035,
       0.30583578, 0.29550916, 0.27262646, 0.02766561, 0.30050061,
       0.19300332, 0.30763849, 0.2872094 , 0.31726604, 0.27958251,
       0.2273309 , 0.21505962, 0.02915158, 0.31401908, 0.3014115 ,
       0.31808944, 0.03294074, 0.2853839 , 0.30637553, 0.32269741,
       0.28267916, 0.18555452, 0.31198031, 0.32571601, 0.30826569,
       0.32165937, 0.0378233 , 0.18962589, 0.21058666, 0.2890282 ,
       0.31065389, 0.31481643, 0.21158565, 0.20741421, 0.03294402,
       0.03172777, 0.20698803, 0.27471831, 0.20509445, 0.26957115,
       0.03021987, 0.30748159, 0.03202463, 0.30746353, 0.19994195,
       0.29335651, 0.22990208, 0.30825917, 0.30739743, 0.31176454,
       0.19630294, 0.31218174, 0.25611036, 0.22600503, 0.28273754]), 'delta_distances': array([0., 0., 0., 0., 0., 0., 0., 0., 0., 0., 0., 0., 0., 0., 0., 0., 0.,
       0., 0., 0., 0., 0., 0., 0., 0., 0., 0., 0., 0., 0., 0., 0., 0., 0.,
       0., 0., 0., 0., 0., 0., 0., 0., 0., 0., 0., 0., 0., 0., 0., 0., 0.,
       0., 0., 0., 0., 0., 0., 0., 0., 0., 0., 0., 0., 0., 0., 0., 0., 0.,
       0., 0., 0., 0., 0., 0., 0., 0., 0., 0., 0., 0., 0., 0., 0., 0., 0.,
       0., 0., 0., 0., 0., 0., 0., 0., 0., 0., 0., 0., 0., 0., 0., 0., 0.,
       0., 0., 0., 0., 0., 0., 0., 0., 0., 0., 0., 0., 0., 0., 0., 0., 0.,
       0., 0., 0., 0., 0., 0., 0., 0., 0., 0., 0., 0., 0., 0., 0., 0., 0.,
       0., 0., 0., 0., 0., 0., 0., 0., 0., 0., 0., 0., 0., 0., 0., 0., 0.,
       0., 0., 0., 0., 0., 0., 0., 0., 0., 0., 0., 0., 0., 0., 0., 0., 0.,
       0., 0., 0., 0., 0., 0., 0., 0., 0., 0., 0., 0., 0., 0., 0., 0., 0.,
       0., 0., 0., 0., 0., 0., 0., 0., 0., 0., 0., 0., 0., 0., 0., 0., 0.,
       0., 0., 0., 0., 0., 0.]), 'locations': array([125,  66,  41,  53,  65,  25, 125,  67,  24, 125,  68, 125,   0,
        26,   0,  64,  25,  26, 125, 125,  66,  25,  65,  64,  66, 125,
       125,  64, 125,  67,  66, 125,  25, 125,  63, 125,   0,  24,  66,
       125,  25,  65,  65, 125,  65, 125, 125,  66, 125, 125,  64, 125,
       125,  65,   0,   0, 125,  62,  65,  73,  25,  66,  54,  25,  63,
        65,  25, 125, 125,  64, 125,  64,  81,  66,  64,  43,  61, 125,
        68,  66,  65, 125, 125,  63, 125, 125,  64,   0,  64,  27,  39,
       125,  64,  63,  71,  64,  66,  67, 125,  63,  63, 125,  24,  62,
       125,  64,  26, 125,  54,  39, 125, 125,  63,  65, 125, 125, 125,
       125, 125,  25, 125,  66,  24,  26, 125, 125, 125, 125, 125,  64,
        26,  63,  66, 125, 125, 125, 125,  64,  66, 125, 125,  64,  62,
        63,  25,  68,  64,  66,  24,  65,  64,  25,  74, 125, 125, 125,
       125,   0,  65, 125,  64, 125,  27,  41,  26,  66,  65,  64,  42,
       125,   0,  62,  25, 125, 125,  44,  70, 125,   0, 125, 125,  65,
        67,  65,  24, 125,   0,  63,  62,  67,  63,  68,  26,  66,  26,
        55, 125,  66, 125,  67, 125,  58, 125, 125, 125,  64, 125,  26,
        66,  25])}, {'ts_index': 89, 'loc': 88, 'gap': 0.06554495649766973, 'distances': array([0.12514742, 0.1188472 , 0.16434235, 0.14464129, 0.02784193,
       0.14253648, 0.14415667, 0.02496788, 0.12873679, 0.12508787,
       0.15481645, 0.11258979, 0.02077496, 0.12004552, 0.03035271,
       0.02698393, 0.13428147, 0.03397494, 0.12550409, 0.02523623,
       0.12880677, 0.14614991, 0.11569635, 0.11579163, 0.14256236,
       0.15674599, 0.12582898, 0.0215005 , 0.05161957, 0.15750412,
       0.11962635, 0.03733962, 0.13855377, 0.1259756 , 0.02322189,
       0.14211907, 0.13678301, 0.11930392, 0.11035463, 0.1545885 ,
       0.12894184, 0.13079424, 0.15283951, 0.14969547, 0.05124554,
       0.12224361, 0.14367314, 0.10884384, 0.14782748, 0.13408088,
       0.02364899, 0.14483191, 0.03143615, 0.13772096, 0.01884742,
       0.15086542, 0.0234998 , 0.13096594, 0.13566696, 0.13599637,
       0.16114661, 0.17255935, 0.05029165, 0.13825831, 0.14023236,
       0.14895702, 0.04766955, 0.04001554, 0.16148298, 0.13991521,
       0.14629295, 0.04283676, 0.        , 0.14161404, 0.05497109,
       0.14250832, 0.13254356, 0.12989864, 0.1251627 , 0.1491811 ,
       0.14279151, 0.14860826, 0.02783389, 0.04746669, 0.14814238,
       0.03706671, 0.1109613 , 0.09894254, 0.10644887, 0.12826174,
       0.12707947, 0.13790382, 0.10791305, 0.12057324, 0.04493744,
       0.12146773, 0.05524226, 0.02512665, 0.1129582 , 0.13421842,
       0.03036776, 0.03494996, 0.04429416, 0.09899065, 0.11768462,
       0.05673697, 0.04843947, 0.02817379, 0.13449122, 0.14539113,
       0.12676621, 0.04797447, 0.14497933, 0.04818233, 0.13787235,
       0.12309176, 0.12442624, 0.0532812 , 0.14738679, 0.13609823,
       0.12425556, 0.02962007, 0.12575585, 0.14512173, 0.02179315,
       0.02797469, 0.06047183, 0.0599613 , 0.05252148, 0.16004866,
       0.05623482, 0.15530177, 0.1342447 , 0.05449844, 0.03213446,
       0.1629437 , 0.02417765, 0.09720212, 0.11256241, 0.15681682,
       0.10941171, 0.04942094, 0.02521525, 0.0545883 , 0.16544665,
       0.16888504, 0.11559604, 0.0521514 , 0.12192312, 0.15957055,
       0.11538763, 0.04502777, 0.10952522, 0.07154026, 0.13695196,
       0.13854698, 0.12043008, 0.03072604, 0.11498721, 0.02594296,
       0.04315744, 0.13067247, 0.1419137 , 0.14646686, 0.1280136 ,
       0.05119477, 0.12701464, 0.1520564 , 0.13694632, 0.05210827,
       0.02180617, 0.12054612, 0.02610851]), 'delta_distances': array([0., 0., 0., 0., 0., 0., 0., 0., 0., 0., 0., 0., 0., 0., 0., 0., 0.,
       0., 0., 0., 0., 0., 0., 0., 0., 0., 0., 0., 0., 0., 0., 0., 0., 0.,
       0., 0., 0., 0., 0., 0., 0., 0., 0., 0., 0., 0., 0., 0., 0., 0., 0.,
       0., 0., 0., 0., 0., 0., 0., 0., 0., 0., 0., 0., 0., 0., 0., 0., 0.,
       0., 0., 0., 0., 0., 0., 0., 0., 0., 0., 0., 0., 0., 0., 0., 0., 0.,
       0., 0., 0., 0., 0., 0., 0., 0., 0., 0., 0., 0., 0., 0., 0., 0., 0.,
       0., 0., 0., 0., 0., 0., 0., 0., 0., 0., 0., 0., 0., 0., 0., 0., 0.,
       0., 0., 0., 0., 0., 0., 0., 0., 0., 0., 0., 0., 0., 0., 0., 0., 0.,
       0., 0., 0., 0., 0., 0., 0., 0., 0., 0., 0., 0., 0., 0., 0., 0., 0.,
       0., 0., 0., 0., 0., 0., 0., 0., 0., 0., 0., 0., 0., 0., 0., 0., 0.,
       0., 0., 0.]), 'locations': array([ 15,  11, 103, 111,  88,  18, 111,  89,  18,  54, 104, 111,  88,
       106,  89,  86,  15,  39, 112,  88,  13, 112,  16,  14, 113, 104,
       109,  89,  38, 103, 106,  88, 112,  16,  89,  78,  14, 109,  14,
       104,  52,  15,  20, 108,  89,  16, 105, 111,  19,  12,  88,  52,
        88, 113,  88, 106,  90,  12,  19,  13, 103, 103,  37, 113, 111,
       111,  90,  38,  20,  65,  14,  39,  88,  19,  90, 113,  13, 112,
       103, 101, 105,  67,  88,  90, 114,  89,  16,  55, 110,  17,  13,
        79,  14,  16,  39, 109,  89,  88,  15,  14,  89,  89,  38,  64,
        15,  40,  37,  87,  12,  79, 109,  38,  20,  89,  13,  52,  16,
        90,  14,  99,  14,  87, 111, 113,  89,  89,  90,  89,  89,  19,
        91,  66,  14,  90,  88, 103,  89,  52,  79, 103,  14,  90,  88,
        89,  20, 103,  15,  89,  16, 105,  79,  11,  16,  90, 111,  14,
        83,  87,  52,  88,  38, 109, 114,  19,  14,  90, 109,  18,  13,
        89,  89,  80,  87])}, {'ts_index': 142, 'loc': 59, 'gap': 0.06466895550537205, 'distances': array([0.13102204, 0.05726452, 0.12668959, 0.06181943, 0.13928051,
       0.0484041 , 0.12246625, 0.04317292, 0.14994583, 0.13788665,
       0.13656504, 0.12937085, 0.04207273, 0.05620342, 0.02822807,
       0.1374872 , 0.13285036, 0.03792626, 0.15825287, 0.13758256,
       0.13048087, 0.14460576, 0.05886598, 0.1360534 , 0.04249866,
       0.05743746, 0.13356724, 0.12736101, 0.15753328, 0.04222467,
       0.12827247, 0.1576426 , 0.04260053, 0.13115252, 0.1285669 ,
       0.13609554, 0.11063763, 0.02479496, 0.04312349, 0.02807711,
       0.14713519, 0.06718181, 0.11679107, 0.04077774, 0.11438619,
       0.11187024, 0.03307455, 0.04047747, 0.05391171, 0.13634705,
       0.1648927 , 0.03862086, 0.10952894, 0.04003683, 0.04414552,
       0.05641882, 0.02749893, 0.05613465, 0.14827814, 0.15329821,
       0.07318622, 0.13869864, 0.11793941, 0.1405499 , 0.1394005 ,
       0.06454444, 0.05541995, 0.13151089, 0.12596363, 0.13783024,
       0.13243998, 0.04962103, 0.14140361, 0.1350599 , 0.05736398,
       0.04404907, 0.12303985, 0.1529459 , 0.02928452, 0.0366604 ,
       0.13165976, 0.04886552, 0.        , 0.04854462, 0.05190123,
       0.03773437, 0.13783698, 0.14388414, 0.03484343, 0.12446731,
       0.04154497, 0.03659762, 0.11795466, 0.1317171 , 0.13576526,
       0.08989438, 0.13201382, 0.13697385, 0.13070758, 0.04037123,
       0.1378421 , 0.03932819, 0.0369434 , 0.03351382, 0.03591038,
       0.13233768, 0.03318299, 0.141794  , 0.05697105, 0.13087574,
       0.13129944, 0.03587599, 0.04796337]), 'delta_distances': array([0., 0., 0., 0., 0., 0., 0., 0., 0., 0., 0., 0., 0., 0., 0., 0., 0.,
       0., 0., 0., 0., 0., 0., 0., 0., 0., 0., 0., 0., 0., 0., 0., 0., 0.,
       0., 0., 0., 0., 0., 0., 0., 0., 0., 0., 0., 0., 0., 0., 0., 0., 0.,
       0., 0., 0., 0., 0., 0., 0., 0., 0., 0., 0., 0., 0., 0., 0., 0., 0.,
       0., 0., 0., 0., 0., 0., 0., 0., 0., 0., 0., 0., 0., 0., 0., 0., 0.,
       0., 0., 0., 0., 0., 0., 0., 0., 0., 0., 0., 0., 0., 0., 0., 0., 0.,
       0., 0., 0., 0., 0., 0., 0., 0., 0., 0., 0.]), 'locations': array([49, 63, 39, 63, 36, 66, 35, 66, 38, 77, 42, 49, 64, 63, 62, 75, 47,
       62, 37, 74, 40, 43, 64, 48, 63, 63, 50, 72, 38, 64, 49, 37, 62, 48,
       42, 51, 37, 59, 64, 62, 37, 61, 36, 62, 40, 41, 65, 64, 63, 37, 37,
       62, 36, 62, 61, 69, 64, 65, 40, 37, 62, 48, 37, 50, 74, 61, 63, 74,
       48, 50, 73, 64, 48, 48, 61, 64, 51, 36, 61, 64, 49, 62, 59, 61, 66,
       62, 38, 37, 62, 39, 64, 63, 40, 47, 39, 42, 48, 74, 39, 63, 75, 60,
       59, 66, 64, 49, 65, 37, 55, 49, 50, 62, 64])}], 'clusters': array([0, 3, 0, 1, 3, 2, 0, 3, 2, 0, 3, 0, 0, 2, 0, 1, 2, 2, 0, 2, 3, 2,
       3, 3, 1, 0, 0, 3, 0, 1, 1, 0, 2, 2, 1, 0, 0, 2, 3, 0, 2, 3, 3, 0,
       1, 0, 0, 3, 0, 0, 3, 2, 0, 1, 0, 0, 0, 3, 1, 1, 2, 3, 1, 2, 1, 3,
       2, 0, 2, 3, 0, 3, 0, 1, 1, 0, 1, 2, 3, 3, 3, 2, 2, 1, 0, 0, 3, 2,
       1, 2, 0, 2, 3, 3, 3, 1, 3, 3, 0, 1, 1, 0, 2, 1, 2, 3, 2, 0, 1, 0,
       0, 0, 3, 3, 0, 0, 2, 0, 2, 2, 0, 3, 2, 2, 2, 0, 0, 2, 2, 1, 2, 3,
       3, 0, 2, 0, 2, 3, 3, 0, 2, 3, 3, 3, 2, 3, 3, 1, 2, 1, 1, 2, 1, 2,
       2, 2, 0, 2, 1, 0, 3, 2, 2, 0, 2, 3, 3, 1, 0, 0, 2, 1, 2, 2, 0, 0,
       1, 0, 2, 0, 0, 1, 1, 3, 2, 0, 2, 3, 3, 1, 1, 3, 2, 3, 2, 1, 2, 1,
       0, 3, 0, 3, 2, 0, 0, 3, 2, 2, 3, 2]), 'time': 128.83688402175903}
