lenSubsequence: 6{'RI': 0.5019164750191647, 'num_clusters': 4, 'uShapelets': [{'ts_index': 103, 'loc': 9, 'gap': 0.08880423151992764, 'distances': array([0.2969276 , 0.16987365, 0.13115883, ..., 0.13328082, 0.1372693 ,
       0.3534312 ]), 'delta_distances': array([0., 0., 0., ..., 0., 0., 0.]), 'locations': array([10,  9, 10, ..., 10,  9,  9])}, {'ts_index': 881, 'loc': 18, 'gap': 0.08038151791490494, 'distances': array([0.36678528, 0.40320349, 0.23882066, 0.46874421, 0.22858156,
       0.2208566 , 0.28195858, 0.2113886 , 0.34953823, 0.44915294,
       0.4225777 , 0.39721261, 0.29449373, 0.33964827, 0.27008641,
       0.52061107, 0.29514003, 0.30003842, 0.34555382, 0.22456019,
       0.51137755, 0.30230457, 0.24608304, 0.23546526, 0.5151565 ,
       0.31708849, 0.51499121, 0.68011543, 0.42236188, 0.30504704,
       0.42695947, 0.33128089, 0.46656678, 0.50574859, 0.33008193,
       0.44023021, 0.21470956, 0.23676706, 0.24430747, 0.2003273 ,
       0.50466609, 0.27363012, 0.15120387, 0.45529215, 0.38352024,
       0.47982231, 0.22618736, 0.17189984, 0.43084081, 0.46964348,
       0.50037303, 0.35848915, 0.27172586, 0.28268377, 0.4617068 ,
       0.52970519, 0.499532  , 0.23903184, 0.16736329, 0.30851274,
       0.17049096, 0.20501172, 0.24741604, 0.2351493 , 0.19978662,
       0.20542713, 0.26550424, 0.45037848, 0.2728033 , 0.42766563,
       0.42848749, 0.2896389 , 0.45430255, 0.25485993, 0.33751284,
       0.23830291, 0.36098592, 0.2205507 , 0.62986026, 0.26552521,
       0.51704091, 0.3696823 , 0.29187136, 0.48052208, 0.47481341,
       0.39825044, 0.32974064, 0.48344823, 0.35556664, 0.44484279,
       0.39563865, 0.21565784, 0.41623137, 0.52309381, 0.19405104,
       0.34385886, 0.47546927, 0.28109513, 0.47676497, 0.34540194,
       0.39772003, 0.57854564, 0.36386811, 0.2268776 , 0.28466057,
       0.25473358, 0.42294884, 0.41414836, 0.15477735, 0.32791238,
       0.34752274, 0.27122423, 0.29207709, 0.48040963, 0.3191517 ,
       0.29625154, 0.44527788, 0.5115454 , 0.26405923, 0.54141335,
       0.32861798, 0.42591213, 0.36046209, 0.43003853, 0.52255627,
       0.28467769, 0.38983451, 0.3382194 , 0.30081814, 0.57595455,
       0.23899977, 0.42387515, 0.35779056, 0.2743874 , 0.24492544,
       0.20286428, 0.38120022, 0.35030637, 0.3887074 , 0.18335962,
       0.55177637, 0.29937013, 0.36726765, 0.20903389, 0.42912705,
       0.25537679, 0.35018388, 0.42680027, 0.21990541, 0.45585692,
       0.22057916, 0.4550004 , 0.41627195, 0.31439311, 0.53872561,
       0.61145868, 0.32146609, 0.50371192, 0.31803856, 0.36551178,
       0.49659885, 0.21323168, 0.34882354, 0.333342  , 0.21981899,
       0.24964185, 0.35999587, 0.1688812 , 0.54086708, 0.5173877 ,
       0.52187996, 0.37384582, 0.1661176 , 0.44861494, 0.46778524,
       0.2725368 , 0.25522936, 0.27930872, 0.24304526, 0.35760535,
       0.30960898, 0.21665859, 0.55678222, 0.34371265]), 'delta_distances': array([0., 0., 0., 0., 0., 0., 0., 0., 0., 0., 0., 0., 0., 0., 0., 0., 0.,
       0., 0., 0., 0., 0., 0., 0., 0., 0., 0., 0., 0., 0., 0., 0., 0., 0.,
       0., 0., 0., 0., 0., 0., 0., 0., 0., 0., 0., 0., 0., 0., 0., 0., 0.,
       0., 0., 0., 0., 0., 0., 0., 0., 0., 0., 0., 0., 0., 0., 0., 0., 0.,
       0., 0., 0., 0., 0., 0., 0., 0., 0., 0., 0., 0., 0., 0., 0., 0., 0.,
       0., 0., 0., 0., 0., 0., 0., 0., 0., 0., 0., 0., 0., 0., 0., 0., 0.,
       0., 0., 0., 0., 0., 0., 0., 0., 0., 0., 0., 0., 0., 0., 0., 0., 0.,
       0., 0., 0., 0., 0., 0., 0., 0., 0., 0., 0., 0., 0., 0., 0., 0., 0.,
       0., 0., 0., 0., 0., 0., 0., 0., 0., 0., 0., 0., 0., 0., 0., 0., 0.,
       0., 0., 0., 0., 0., 0., 0., 0., 0., 0., 0., 0., 0., 0., 0., 0., 0.,
       0., 0., 0., 0., 0., 0., 0., 0., 0., 0., 0., 0., 0., 0.]), 'locations': array([17, 17, 17,  8, 15, 16, 16, 17,  8, 17, 17, 17,  7, 15, 17,  9, 16,
       17, 16, 16, 17, 15, 17, 16,  8, 17,  7,  8, 17,  7, 17, 17,  8,  7,
        7, 15, 16, 16, 16, 17, 17, 16, 16, 17, 17, 17, 17, 17, 16,  6, 17,
       17, 16, 16, 17,  8,  8, 17, 17, 17, 16, 17, 15, 17, 16,  7, 15,  8,
       17, 17, 17,  6,  8,  7, 16, 16, 17, 16,  8, 16,  8, 17, 15,  8,  8,
        8, 15, 17, 16,  7, 17, 16, 15, 17, 16, 16,  8, 16, 17,  7,  7, 17,
       17, 16, 16,  7, 17,  7, 15, 17, 17, 16, 15,  7, 17, 16,  8, 17, 17,
        8, 17,  8, 15, 16, 17, 16, 17, 17, 17, 17, 16, 17, 16, 17, 17, 16,
       15,  7, 17, 16, 17, 16, 17,  6, 17, 15, 17, 15, 17,  7, 16, 17,  8,
       17, 17, 17,  7,  7,  8, 15, 17, 16, 16, 15, 17, 16, 17, 17,  7,  8,
        8,  6,  7, 17, 17, 17, 17, 17, 16, 17, 17, 16, 17, 17])}, {'ts_index': 296, 'loc': 14, 'gap': 0.062148659176475135, 'distances': array([0.20081846, 0.10539173, 0.08554222, 0.12758156, 0.14909011,
       0.13643181, 0.12218349, 0.12967856, 0.138255  , 0.25884428,
       0.14058795, 0.18645874, 0.28381058, 0.10472053, 0.19645942,
       0.18213632, 0.3173311 , 0.35763871, 0.05970087, 0.15934545,
       0.10639849, 0.        , 0.10774533, 0.08386481, 0.07075447,
       0.23810823, 0.17176122, 0.13605953, 0.14451173, 0.29050827,
       0.12237999, 0.15895134, 0.24332232, 0.10968908, 0.1959007 ,
       0.18044236, 0.09031796, 0.28446631, 0.29479744, 0.13106392,
       0.1176512 , 0.12576709, 0.18613093, 0.17760873, 0.09748105,
       0.12631057, 0.24077641, 0.2366088 , 0.19332292, 0.12867487,
       0.20587881, 0.13183555, 0.13240028, 0.13420103, 0.12857477,
       0.09829505, 0.20442079, 0.13356615, 0.1566046 , 0.1214259 ,
       0.17488512, 0.15842901, 0.17925114, 0.1563025 ]), 'delta_distances': array([0., 0., 0., 0., 0., 0., 0., 0., 0., 0., 0., 0., 0., 0., 0., 0., 0.,
       0., 0., 0., 0., 0., 0., 0., 0., 0., 0., 0., 0., 0., 0., 0., 0., 0.,
       0., 0., 0., 0., 0., 0., 0., 0., 0., 0., 0., 0., 0., 0., 0., 0., 0.,
       0., 0., 0., 0., 0., 0., 0., 0., 0., 0., 0., 0., 0.]), 'locations': array([14,  9,  2, 15, 14, 14, 16,  8, 14,  1, 14, 13, 13, 11, 10, 13, 12,
       12,  3, 15, 14, 14, 14, 14, 14,  0,  2, 13, 14,  5,  3, 14,  5,  8,
        4, 13,  1,  1,  3, 13, 15, 15, 13, 14, 13, 13, 14,  3, 15, 14, 12,
       14, 14, 14, 15, 13, 14,  8, 13, 14, 15,  8, 13, 15])}, {'ts_index': 570, 'loc': 4, 'gap': 0.1744090968344711, 'distances': array([0.21658915, 0.13328218, 0.1523358 , 0.42940909, 0.21306096,
       0.20875537, 0.14034046, 0.19436006, 0.        , 0.40833486,
       0.2347217 ]), 'delta_distances': array([0., 0., 0., 0., 0., 0., 0., 0., 0., 0., 0.]), 'locations': array([ 4,  4,  3,  3,  5,  4,  5,  5,  4, 13,  4])}], 'clusters': array([2, 1, 1, ..., 1, 1, 2]), 'time': 54.76885509490967}
lenSubsequence: 8{'RI': 0.5100356631003566, 'num_clusters': 6, 'uShapelets': [{'ts_index': 547, 'loc': 15, 'gap': 0.06599626086436539, 'distances': array([0.14287325, 0.36303693, 0.32542751, ..., 0.33608197, 0.26448476,
       0.26717009]), 'delta_distances': array([0., 0., 0., ..., 0., 0., 0.]), 'locations': array([15, 15,  3, ..., 14,  4, 15])}, {'ts_index': 549, 'loc': 14, 'gap': 0.061048644450587164, 'distances': array([0.13107697, 0.13573118, 0.30410011, 0.19057799, 0.10405002,
       0.15826214, 0.23919272, 0.12956441, 0.14748692, 0.27974064,
       0.05568494, 0.18288764, 0.14813223, 0.08685566, 0.25040583,
       0.08736418, 0.10526544, 0.14747585, 0.20576872, 0.16439829,
       0.16384654, 0.13924388, 0.09269978, 0.18866654, 0.10538041,
       0.1512751 , 0.11126102, 0.14348682, 0.14814309, 0.07727356,
       0.20478384, 0.16014481, 0.12891234, 0.15843413, 0.27750825,
       0.15734576, 0.09523122, 0.1539966 , 0.12330723, 0.41853224,
       0.23421455, 0.1381233 , 0.12619324, 0.13144218, 0.15495493,
       0.09317138, 0.13712865, 0.24881227, 0.17544795, 0.17502433,
       0.15067867, 0.18188187, 0.18453595, 0.16265238, 0.09811791,
       0.14712617, 0.20233577, 0.08423767, 0.1718264 , 0.17455381,
       0.13025366, 0.17209813, 0.24476778, 0.15101733, 0.09900789,
       0.17870511, 0.13696732, 0.27305174, 0.22520935, 0.14889394,
       0.29161083, 0.17531739, 0.22751174, 0.32030715, 0.07832893,
       0.17093525, 0.08932525, 0.13479174, 0.20666451, 0.32921481,
       0.19609472, 0.14488341, 0.14333593, 0.17915021, 0.10600435,
       0.14624129, 0.0892092 , 0.17104002, 0.24836412, 0.34124851,
       0.1765601 , 0.16927839, 0.25774912, 0.24103844, 0.11012855,
       0.16386413, 0.17628191, 0.12245784, 0.09546261, 0.18352588,
       0.30796129, 0.11926048, 0.14081348, 0.19583575, 0.29597917,
       0.17121975, 0.4198566 , 0.22331774, 0.11325869, 0.1874066 ,
       0.05712418, 0.04721328, 0.14093305, 0.35460753, 0.10618277,
       0.14476301, 0.17207098, 0.12439811, 0.20936317, 0.31512079,
       0.17893264, 0.19443026, 0.33196108, 0.11615742, 0.18790914,
       0.10406466, 0.15285108, 0.04447998, 0.170212  , 0.08720611,
       0.19701253, 0.14784335, 0.29937336, 0.1629582 , 0.19054675,
       0.30116685, 0.12036955, 0.05661286, 0.15762331, 0.15604622,
       0.29299629, 0.19873168, 0.15250297, 0.16900231, 0.12833002,
       0.15209228, 0.10900366, 0.14241862, 0.02943611, 0.16197396,
       0.12968405, 0.15162675, 0.14468997, 0.13561336, 0.13027717,
       0.07548955, 0.19077515, 0.16898165, 0.14558111, 0.06811846,
       0.16731664, 0.13864748, 0.33098161, 0.26024526, 0.1696309 ,
       0.19344343, 0.13938587, 0.31707856, 0.17225449, 0.12706562,
       0.17139415, 0.12548855, 0.11582901, 0.14770748, 0.38558456,
       0.23996263, 0.19271336, 0.18269112, 0.17874497, 0.15204502,
       0.15544563, 0.22249775, 0.16044396, 0.15817781, 0.15800163,
       0.12390766, 0.1541438 , 0.1425804 , 0.14091337, 0.17711053,
       0.18659967, 0.07941259, 0.15713102, 0.230092  , 0.16525473,
       0.17464003, 0.08260543, 0.11827094, 0.12801172, 0.14332944,
       0.19543493, 0.13075687, 0.26420781, 0.16545727, 0.31069549,
       0.11006149, 0.17316051, 0.20599662, 0.22389074, 0.26961135,
       0.14178946, 0.10362915, 0.10804708, 0.1685076 , 0.31349564,
       0.11338926, 0.12048956, 0.26900407, 0.2039972 , 0.18010297,
       0.09208802, 0.10133931, 0.14098437, 0.17441294, 0.19611568,
       0.17903024, 0.15212654, 0.15594165, 0.1423356 , 0.11940353,
       0.13436046, 0.24229537, 0.13112184, 0.12546576, 0.11197593,
       0.12871456, 0.24254416, 0.13776134, 0.24711899, 0.12703555,
       0.16709031, 0.1450641 , 0.16212312, 0.21380584, 0.3609707 ,
       0.14600985, 0.33606145, 0.11902613, 0.16347472, 0.17160247,
       0.13574465, 0.13784128, 0.12323326, 0.14777559, 0.16211907,
       0.15228366, 0.15900093, 0.1418419 , 0.13525537, 0.13059144,
       0.11512717, 0.11755158, 0.28419283, 0.11072665, 0.15313128,
       0.29133116, 0.11473168, 0.13870957, 0.15940264, 0.09649369,
       0.10558505, 0.11923873, 0.15284842, 0.09335726, 0.12262232,
       0.09848541, 0.11543335, 0.14241884, 0.08863249, 0.09503026,
       0.15582156, 0.2037105 , 0.07503593, 0.19738588, 0.0875391 ,
       0.21211528, 0.15715374, 0.14875672, 0.16512481, 0.12139572,
       0.16015095, 0.07906929, 0.30582006, 0.20056471, 0.08894046,
       0.34155346, 0.20323839, 0.11969466, 0.12120837, 0.14276713,
       0.27159181, 0.1390926 , 0.12577087, 0.11241038, 0.16857306,
       0.14818791, 0.1684693 , 0.16996144, 0.18555782, 0.17507686,
       0.17068062, 0.11450102, 0.20235396, 0.16956599, 0.16864186,
       0.38380682, 0.28769711, 0.17589854, 0.29415382, 0.16858154,
       0.18656035, 0.18528951, 0.15442105, 0.18337534, 0.19808387,
       0.11446247, 0.26839311, 0.14365578, 0.1756625 , 0.11966679,
       0.18014885, 0.17274421, 0.12527476, 0.09284926, 0.16714636,
       0.1412787 , 0.15566777, 0.13587224, 0.15299883, 0.15699537,
       0.19687905, 0.10822633, 0.38731007, 0.31644352, 0.11328525,
       0.09599292, 0.1167508 , 0.14649557, 0.17587727, 0.16116694,
       0.14639213, 0.12677348, 0.11571753, 0.08121365, 0.14892175,
       0.15589795, 0.13405229, 0.20206875, 0.18087487, 0.17882581,
       0.1917509 , 0.09708864, 0.12029417, 0.1897682 , 0.09875752,
       0.15253616, 0.11626552, 0.17975913, 0.28151859, 0.17141543,
       0.17438015, 0.06942599, 0.26505828, 0.14709563, 0.25288016,
       0.14863672, 0.21629938, 0.13046629, 0.16154   , 0.24261795,
       0.11443127, 0.16401953, 0.2609201 , 0.17108546, 0.11344396,
       0.27420017, 0.17216807, 0.27456562, 0.13567977, 0.12453702,
       0.20911155, 0.17739971, 0.0835347 , 0.03339232, 0.2706715 ,
       0.15641626, 0.10977327, 0.18273213, 0.12947188, 0.19042625,
       0.15392825, 0.14911955, 0.14838232, 0.16243932, 0.1595406 ,
       0.26741246, 0.14448719, 0.15438735, 0.20057663, 0.19708818,
       0.15361218, 0.17660187, 0.07330427, 0.16021704, 0.14147305,
       0.16534122, 0.3483079 , 0.1599957 , 0.09863957, 0.12970333,
       0.14215836, 0.1405751 , 0.16104721, 0.1836863 , 0.20090362,
       0.17980415, 0.1139952 , 0.10265704, 0.15004801, 0.11056072,
       0.11805673, 0.18411524, 0.18575299, 0.19324919, 0.27713044,
       0.09153765, 0.1740194 , 0.23725474, 0.0841015 , 0.14788012,
       0.12349057, 0.26073133, 0.37926409, 0.14503868, 0.40435315,
       0.14819481, 0.17947597, 0.23167552, 0.17663309, 0.08832796,
       0.        , 0.16352313, 0.29803636, 0.16036935, 0.09050345,
       0.21642912, 0.09842176, 0.13639247, 0.08630641, 0.15227401,
       0.29091896, 0.17325424, 0.33133853, 0.11169294, 0.10406443,
       0.09847358, 0.13044809, 0.20119223, 0.1492668 , 0.33674188,
       0.20823998, 0.30584943, 0.07308086, 0.08522131, 0.12268844,
       0.11749109, 0.13535821, 0.10594567, 0.14406297, 0.10050925,
       0.1470916 , 0.08451313, 0.18025394, 0.17354016, 0.24997634,
       0.13067021, 0.10302548, 0.10708495, 0.28942888, 0.28048978,
       0.11377328, 0.08357388, 0.31144788, 0.13507504, 0.24832196,
       0.1287301 , 0.24274743, 0.15776961, 0.13814525, 0.18085923,
       0.18161257, 0.16443882, 0.17287007, 0.11181807, 0.12357178,
       0.12816579, 0.12925254, 0.1485934 , 0.16426398, 0.1461374 ,
       0.15315867, 0.19098523, 0.16728881, 0.11991853, 0.15358528,
       0.16131835, 0.18997796, 0.16813903, 0.2832922 , 0.15776149,
       0.0798435 , 0.22669259, 0.26733982, 0.16938395, 0.16837403,
       0.15703209, 0.12159346, 0.12950139, 0.19362359, 0.29717143,
       0.10062974, 0.44369433, 0.20765213, 0.17091144, 0.10791577,
       0.1148086 , 0.09943379, 0.09724647, 0.14908476, 0.1553061 ,
       0.1579641 , 0.16098976, 0.35927723, 0.37531033, 0.26013936,
       0.21218657, 0.1481762 , 0.24286853, 0.19806659, 0.14627922,
       0.20236712, 0.17382557, 0.1412016 , 0.14715914, 0.08933915,
       0.09641325, 0.10036955, 0.10368741, 0.16302281, 0.12453062,
       0.12704219, 0.15519162, 0.14771573, 0.19296798, 0.11779444,
       0.1824458 , 0.14461836, 0.14174802, 0.15703498, 0.09443318,
       0.11210605, 0.15605523, 0.16505752, 0.27176797, 0.16602391,
       0.15409555, 0.13941939, 0.16859317, 0.15531344, 0.14011809,
       0.15001349, 0.16038445, 0.16871875, 0.13848184, 0.08616572,
       0.2383807 , 0.24113696, 0.11773759, 0.11453015, 0.16557679,
       0.28378937, 0.08118055, 0.15290132, 0.13520748, 0.14335075,
       0.15306851, 0.13705707, 0.2677125 , 0.24780058, 0.11082975,
       0.19457735, 0.13089852, 0.2603476 , 0.13231798, 0.14003995,
       0.14464493, 0.16980301, 0.20029467, 0.1328817 , 0.08936923,
       0.12411499, 0.19448992, 0.27737573, 0.16853305, 0.15164535,
       0.18456668, 0.15216557, 0.14850568, 0.14123263, 0.10754323,
       0.14522676, 0.12314619, 0.11069877, 0.11633431, 0.13711406,
       0.2026267 , 0.14789824, 0.19441262, 0.12979341, 0.12258791,
       0.14879642, 0.09340846, 0.19996844, 0.32849479, 0.14463035,
       0.10920308, 0.18295598, 0.10265918, 0.16369403, 0.12198072,
       0.17337991, 0.17295154, 0.09704831, 0.12967748, 0.13900455,
       0.08335485, 0.21047907, 0.17361834, 0.11191961, 0.11618305,
       0.12898062, 0.19799605, 0.13469305, 0.12956092, 0.22149499,
       0.14456032, 0.14282452, 0.18637005, 0.18575963, 0.30282013,
       0.25777364, 0.15156888, 0.15535539, 0.17714939, 0.14052357,
       0.21369601, 0.13502911, 0.08204819, 0.11433538, 0.10335588,
       0.21424861, 0.10012875, 0.23802554, 0.14410885, 0.14806908,
       0.09037007, 0.1857108 , 0.14800718, 0.2258045 , 0.15799812,
       0.1365075 , 0.18235032, 0.1875225 , 0.08832513, 0.10162069,
       0.1016682 , 0.13093361, 0.16027691, 0.09264398, 0.14838964,
       0.15506284, 0.14801721, 0.21178914, 0.1161363 , 0.27976835,
       0.14664844, 0.1904475 , 0.08201419, 0.163008  , 0.18188243,
       0.17374074, 0.25014799, 0.15516262, 0.30194461, 0.12745716,
       0.13642449, 0.13562437, 0.14572121, 0.17527202, 0.11066143,
       0.14350136, 0.12987205, 0.30322248, 0.2189315 , 0.31526489,
       0.13834519, 0.19571388, 0.25004247, 0.24708396, 0.09854893,
       0.12756971, 0.15504616, 0.21542106, 0.17246259, 0.12787146,
       0.16622523, 0.20198828, 0.1751928 , 0.16149429, 0.08280257,
       0.12047782, 0.15334999, 0.16182533, 0.24621202, 0.14277123,
       0.23376026, 0.34880983, 0.23164942, 0.1165478 , 0.09991872,
       0.1691196 , 0.29508653, 0.12484177, 0.20467795, 0.15651557,
       0.17147617, 0.40964155, 0.28126431, 0.27641613, 0.23619179,
       0.24612541, 0.34843841, 0.16862824, 0.12943966, 0.14502554,
       0.18503374, 0.14545398, 0.19569248, 0.11135515, 0.23802137,
       0.10727666, 0.14544694, 0.09530945, 0.18216335, 0.28359186,
       0.09943159, 0.09493493, 0.13486087, 0.08352713, 0.11076587,
       0.15102064, 0.16693187, 0.16103343, 0.06436869, 0.39198276,
       0.09707769, 0.12464224, 0.12975325, 0.15210055, 0.19317418,
       0.0949972 , 0.16004257, 0.17356884, 0.146895  , 0.18381512,
       0.14557467, 0.19616658, 0.13973513, 0.15268022, 0.10662859,
       0.16147586, 0.18857281, 0.14398269, 0.14369069, 0.29489124,
       0.17574791, 0.1912897 , 0.14388423, 0.13095813, 0.1736084 ,
       0.30677822, 0.12060026, 0.12567828, 0.21859741, 0.16385011,
       0.10226383, 0.12076857, 0.1494792 , 0.17451504, 0.21902222,
       0.1534495 , 0.13265286, 0.11684157, 0.16820602, 0.10652076,
       0.13532634, 0.14817668, 0.21115486, 0.15901587, 0.19127647,
       0.19478634, 0.17308443, 0.29162929, 0.18316284, 0.1233382 ,
       0.28791492, 0.11432909, 0.13976157, 0.13376028, 0.26045645,
       0.15071973, 0.156887  , 0.09891221, 0.14799741, 0.15888577,
       0.36146477, 0.17129502, 0.16972947, 0.16729965, 0.15204615,
       0.3027766 , 0.24450038, 0.10336911, 0.35154489, 0.16767132,
       0.132393  , 0.30285483, 0.17006557, 0.15912029, 0.18818367,
       0.11177314, 0.14555878, 0.1487084 , 0.21133615, 0.21153919,
       0.15706602, 0.15909966, 0.09974099, 0.40736311, 0.21699078,
       0.15665946, 0.15429198, 0.11180892, 0.25328372, 0.1194329 ,
       0.09363793, 0.13396047, 0.31598618, 0.12623168, 0.1211722 ,
       0.13236101, 0.16935401, 0.1346243 , 0.10690687, 0.11698117,
       0.16344117, 0.1269477 , 0.13371577, 0.13187109, 0.16402082,
       0.10504129, 0.09490209, 0.14664173, 0.27505468, 0.10645018,
       0.05629207, 0.27350437, 0.15105504, 0.17428864, 0.10295167,
       0.10907967, 0.25143097, 0.12749399, 0.19117731, 0.19900542,
       0.33920885, 0.28226893, 0.29046471, 0.17123577, 0.3321262 ,
       0.13188134, 0.14737049, 0.09908945, 0.39403521, 0.13849605,
       0.09224407, 0.1762164 , 0.1481994 , 0.1120242 , 0.17957785,
       0.33318946]), 'delta_distances': array([0., 0., 0., 0., 0., 0., 0., 0., 0., 0., 0., 0., 0., 0., 0., 0., 0.,
       0., 0., 0., 0., 0., 0., 0., 0., 0., 0., 0., 0., 0., 0., 0., 0., 0.,
       0., 0., 0., 0., 0., 0., 0., 0., 0., 0., 0., 0., 0., 0., 0., 0., 0.,
       0., 0., 0., 0., 0., 0., 0., 0., 0., 0., 0., 0., 0., 0., 0., 0., 0.,
       0., 0., 0., 0., 0., 0., 0., 0., 0., 0., 0., 0., 0., 0., 0., 0., 0.,
       0., 0., 0., 0., 0., 0., 0., 0., 0., 0., 0., 0., 0., 0., 0., 0., 0.,
       0., 0., 0., 0., 0., 0., 0., 0., 0., 0., 0., 0., 0., 0., 0., 0., 0.,
       0., 0., 0., 0., 0., 0., 0., 0., 0., 0., 0., 0., 0., 0., 0., 0., 0.,
       0., 0., 0., 0., 0., 0., 0., 0., 0., 0., 0., 0., 0., 0., 0., 0., 0.,
       0., 0., 0., 0., 0., 0., 0., 0., 0., 0., 0., 0., 0., 0., 0., 0., 0.,
       0., 0., 0., 0., 0., 0., 0., 0., 0., 0., 0., 0., 0., 0., 0., 0., 0.,
       0., 0., 0., 0., 0., 0., 0., 0., 0., 0., 0., 0., 0., 0., 0., 0., 0.,
       0., 0., 0., 0., 0., 0., 0., 0., 0., 0., 0., 0., 0., 0., 0., 0., 0.,
       0., 0., 0., 0., 0., 0., 0., 0., 0., 0., 0., 0., 0., 0., 0., 0., 0.,
       0., 0., 0., 0., 0., 0., 0., 0., 0., 0., 0., 0., 0., 0., 0., 0., 0.,
       0., 0., 0., 0., 0., 0., 0., 0., 0., 0., 0., 0., 0., 0., 0., 0., 0.,
       0., 0., 0., 0., 0., 0., 0., 0., 0., 0., 0., 0., 0., 0., 0., 0., 0.,
       0., 0., 0., 0., 0., 0., 0., 0., 0., 0., 0., 0., 0., 0., 0., 0., 0.,
       0., 0., 0., 0., 0., 0., 0., 0., 0., 0., 0., 0., 0., 0., 0., 0., 0.,
       0., 0., 0., 0., 0., 0., 0., 0., 0., 0., 0., 0., 0., 0., 0., 0., 0.,
       0., 0., 0., 0., 0., 0., 0., 0., 0., 0., 0., 0., 0., 0., 0., 0., 0.,
       0., 0., 0., 0., 0., 0., 0., 0., 0., 0., 0., 0., 0., 0., 0., 0., 0.,
       0., 0., 0., 0., 0., 0., 0., 0., 0., 0., 0., 0., 0., 0., 0., 0., 0.,
       0., 0., 0., 0., 0., 0., 0., 0., 0., 0., 0., 0., 0., 0., 0., 0., 0.,
       0., 0., 0., 0., 0., 0., 0., 0., 0., 0., 0., 0., 0., 0., 0., 0., 0.,
       0., 0., 0., 0., 0., 0., 0., 0., 0., 0., 0., 0., 0., 0., 0., 0., 0.,
       0., 0., 0., 0., 0., 0., 0., 0., 0., 0., 0., 0., 0., 0., 0., 0., 0.,
       0., 0., 0., 0., 0., 0., 0., 0., 0., 0., 0., 0., 0., 0., 0., 0., 0.,
       0., 0., 0., 0., 0., 0., 0., 0., 0., 0., 0., 0., 0., 0., 0., 0., 0.,
       0., 0., 0., 0., 0., 0., 0., 0., 0., 0., 0., 0., 0., 0., 0., 0., 0.,
       0., 0., 0., 0., 0., 0., 0., 0., 0., 0., 0., 0., 0., 0., 0., 0., 0.,
       0., 0., 0., 0., 0., 0., 0., 0., 0., 0., 0., 0., 0., 0., 0., 0., 0.,
       0., 0., 0., 0., 0., 0., 0., 0., 0., 0., 0., 0., 0., 0., 0., 0., 0.,
       0., 0., 0., 0., 0., 0., 0., 0., 0., 0., 0., 0., 0., 0., 0., 0., 0.,
       0., 0., 0., 0., 0., 0., 0., 0., 0., 0., 0., 0., 0., 0., 0., 0., 0.,
       0., 0., 0., 0., 0., 0., 0., 0., 0., 0., 0., 0., 0., 0., 0., 0., 0.,
       0., 0., 0., 0., 0., 0., 0., 0., 0., 0., 0., 0., 0., 0., 0., 0., 0.,
       0., 0., 0., 0., 0., 0., 0., 0., 0., 0., 0., 0., 0., 0., 0., 0., 0.,
       0., 0., 0., 0., 0., 0., 0., 0., 0., 0., 0., 0., 0., 0., 0., 0., 0.,
       0., 0., 0., 0., 0., 0., 0., 0., 0., 0., 0., 0., 0., 0., 0., 0., 0.,
       0., 0., 0., 0., 0., 0., 0., 0., 0., 0., 0., 0., 0., 0., 0., 0., 0.,
       0., 0., 0., 0., 0., 0., 0., 0., 0., 0., 0., 0., 0., 0., 0., 0., 0.,
       0., 0., 0., 0., 0., 0., 0., 0., 0., 0., 0., 0., 0., 0., 0., 0., 0.,
       0., 0., 0., 0., 0., 0., 0., 0., 0., 0., 0., 0., 0., 0., 0., 0., 0.,
       0., 0., 0., 0., 0., 0., 0., 0., 0., 0., 0., 0., 0., 0., 0., 0., 0.,
       0., 0., 0., 0., 0., 0., 0., 0., 0., 0., 0., 0., 0., 0., 0., 0., 0.,
       0., 0., 0., 0., 0., 0., 0., 0., 0., 0., 0., 0., 0., 0., 0., 0., 0.,
       0., 0., 0., 0., 0., 0., 0., 0., 0., 0., 0., 0., 0., 0., 0., 0., 0.,
       0., 0., 0., 0., 0., 0., 0., 0., 0., 0., 0., 0., 0., 0., 0., 0., 0.,
       0., 0., 0., 0., 0., 0., 0., 0., 0., 0., 0., 0., 0., 0., 0., 0., 0.,
       0., 0., 0., 0., 0., 0., 0., 0., 0., 0., 0., 0., 0., 0., 0., 0., 0.,
       0., 0., 0., 0., 0., 0., 0., 0., 0., 0., 0., 0., 0., 0., 0., 0., 0.,
       0., 0., 0., 0., 0., 0., 0., 0., 0., 0., 0., 0., 0., 0., 0., 0., 0.,
       0., 0., 0., 0., 0., 0., 0., 0., 0., 0.]), 'locations': array([11, 12,  7,  7, 13,  8,  9,  7,  8,  9,  7,  9, 14, 13, 15, 13,  8,
        7,  9,  7,  7,  7, 14, 12, 13, 13, 13,  8,  8, 13,  9,  8, 14, 12,
       10, 12, 13, 12,  7, 13,  6, 12,  7, 11,  8, 12, 14, 15, 10, 11, 10,
        8,  7,  7, 13, 12, 14, 13, 11, 13, 14,  7,  7, 14, 14,  8,  8,  7,
       10,  8,  8,  8, 11, 15, 13,  8, 14, 12, 13,  7,  8, 13, 13,  8, 12,
        8, 13,  7,  9, 14, 14, 12,  7,  6, 13,  7,  7, 13, 14,  8, 14,  8,
        7,  7,  8,  7,  8,  8, 12,  7, 13, 13, 12,  6, 13,  7,  7, 15,  9,
        8,  9, 15,  8, 11,  7, 14, 13, 13, 12,  8,  7,  8,  6, 15, 11,  7,
       13, 14,  7,  8,  7,  7,  7, 11,  8, 14,  7, 13, 13,  7, 14, 14, 14,
       14,  7, 12,  7, 12,  8, 13, 11, 12, 15,  7, 12, 10, 14, 12, 12,  7,
       14, 11, 14,  7,  8,  7, 12,  6,  8,  7, 11,  8, 14,  7,  7,  9,  9,
        7, 12, 11,  7, 13,  7,  8,  7, 11, 13,  8, 12, 14,  6, 12, 10,  8,
        6,  7,  6,  8,  7,  6, 12, 13, 13,  8,  8, 12,  8, 12, 11, 14, 13,
        8, 12, 14,  8,  7, 15,  7, 14,  8, 13, 15, 11, 12, 13, 15, 12, 12,
        7, 14,  7, 12,  7, 10,  8,  7,  8, 14, 13, 13, 15,  7, 14,  8, 12,
        7, 10, 11, 11, 13,  8,  7,  8, 11,  8,  7, 14, 13,  7,  9, 14,  8,
       13, 13,  7, 14, 14,  8, 13, 14, 14, 11, 13,  8,  7, 14,  7, 12, 13,
       11,  7,  7, 15,  9, 14,  8,  7,  8, 13,  7,  6, 13, 13,  8, 15,  7,
       14, 12,  8, 14,  8, 12,  7,  8, 11,  8, 15,  7, 15,  8, 15,  7, 12,
       13,  8, 14,  8, 10,  7,  7,  7,  8, 13,  8, 10, 14,  7, 14, 14,  7,
       15,  8,  9,  8, 12, 13,  7, 12, 14,  8,  8, 13, 13, 12,  8,  8,  7,
       15,  8,  7,  7,  7,  8, 12, 14,  8, 11,  7,  7, 11, 11, 13,  9,  8,
        6,  7, 14, 13,  7, 11, 14, 15,  7, 10,  7, 12, 14,  6, 14, 14, 14,
       12, 13, 13,  6,  7, 13,  7, 12,  7, 10, 11,  7,  7, 12,  8, 13,  6,
       12, 13,  7,  7,  8,  7, 15, 11,  0, 11, 14, 11, 10, 13, 12, 11,  8,
        8, 13, 12,  7, 13, 10, 13, 14,  8, 15, 14, 14,  6, 15,  8,  7, 10,
        8, 14, 13, 12, 11,  8,  7, 13, 14, 15,  7, 13, 13,  8, 13,  7, 14,
       12, 12, 12,  6, 11, 13, 12, 12,  7,  7,  8, 11, 15, 12, 14, 13,  7,
       12, 13,  7, 12, 14, 13,  8,  7,  7, 12, 13,  7,  7,  8,  8, 13,  7,
       14,  7, 15,  8,  7,  7, 12,  8, 11, 14, 14, 12, 14, 13, 12,  7,  8,
       11, 12, 12, 14,  7, 12, 13, 14,  8, 12,  7, 15, 15, 12, 12,  8,  8,
       13, 12, 10, 13,  0,  6,  8, 14, 14, 12, 14, 13, 14, 11, 12,  6,  8,
        9,  8, 13, 10, 12,  8,  8, 11,  7, 13,  7, 14, 14,  8, 13,  7, 11,
        8, 15, 13, 12, 12,  7,  8, 14,  8, 12, 14, 15, 15, 11, 12, 13, 11,
       13, 11, 12, 14, 11, 13, 13,  7,  7, 13, 14, 11,  9, 13, 12, 14,  7,
        8,  8, 15,  7,  7,  8,  7, 12, 12,  8, 12, 14, 11,  8, 13, 13, 12,
        6, 12, 13, 15,  7, 11, 15, 11,  7, 13,  7, 14, 13, 15,  7, 10, 14,
        7,  7, 14,  7, 10,  7, 13,  9, 13, 13, 11, 12, 11,  7, 14,  8, 14,
        9, 12,  8, 14, 13, 12,  7, 15, 11, 14,  8,  7,  8,  6,  8, 12, 13,
        7, 12,  7,  7,  7, 13, 13, 12, 12,  7,  7,  7, 14,  7, 13,  7, 11,
        7,  7,  8, 14, 14, 12, 13, 12, 12,  7, 13, 15, 14, 12,  8, 14, 15,
       13, 11, 12,  7,  6, 13, 13, 13, 14, 14, 14, 11,  7, 14, 13,  7, 12,
       12, 11,  7,  6, 15, 15,  7,  9, 15, 11, 14,  8,  7,  7,  7, 14, 13,
       11,  7,  8, 11,  8,  8,  8, 14, 14,  8,  7, 14,  8,  9, 13,  0,  7,
        8, 13,  7,  8, 13,  8, 11, 13,  7, 15, 13,  7, 14, 15, 13,  8, 15,
       14, 14, 12, 14, 14, 11,  7, 13, 13, 14, 13, 13, 14,  8,  8, 12, 12,
        8,  7,  7, 12,  8, 15,  8, 13,  8,  9, 13,  8,  8, 11,  7,  8, 13,
       12,  6, 12,  7, 15, 11, 14,  7,  8,  8, 11,  8, 13, 14,  8,  8,  8,
       13, 12, 10,  8,  7,  7,  6, 11, 14,  7, 10,  8, 13, 12,  8,  8, 13,
       14, 12,  8,  7,  8, 11, 14,  9, 15, 13,  6, 12, 12,  7,  8, 14, 11,
        7, 14, 14, 14, 15,  7, 14,  7,  8, 12,  7, 14, 12, 15, 12, 13, 12,
        7, 14, 14, 12, 10,  8,  7, 13,  8, 14, 14,  8, 13, 14, 13,  8, 15,
        8, 12, 15, 14,  8, 14,  8, 15, 13,  7, 12,  9, 15,  7,  7, 15,  7,
        7, 10,  8,  8, 13,  7,  7,  8, 11,  8])}, {'ts_index': 202, 'loc': 5, 'gap': 0.08388558210545441, 'distances': array([0.37786208, 0.34809122, 0.33344049, 0.09175988, 0.14173567,
       0.48588663, 0.23235012, 0.13477615, 0.25960601, 0.18673235,
       0.19221098, 0.38082435, 0.20004824, 0.18450224, 0.16465433,
       0.32234366, 0.38048762, 0.2523115 , 0.17888836, 0.3150703 ,
       0.32243992, 0.50193516, 0.2147134 , 0.2083615 , 0.3238764 ,
       0.30658311, 0.34079471, 0.215359  , 0.12092004, 0.42527844,
       0.15491525, 0.        , 0.45151888, 0.17413909, 0.35798088,
       0.33874963, 0.33533216, 0.13037188, 0.22925757, 0.41510795,
       0.2139782 , 0.12529846, 0.13946443, 0.19815646, 0.15955759,
       0.36192074, 0.34959372, 0.21799541, 0.19889998, 0.13601344,
       0.29443678, 0.34396811, 0.47645268, 0.21163308, 0.12880242,
       0.30636559, 0.44474466, 0.35760047, 0.36596488, 0.33322377,
       0.16609824, 0.31307799, 0.22375848, 0.24935019, 0.16855419,
       0.40595815, 0.28115849, 0.54971437, 0.40383343, 0.30492271,
       0.18800062, 0.22744385, 0.47274458, 0.18750812, 0.34479854,
       0.12344293, 0.23191539, 0.3050353 , 0.22968412, 0.17388008,
       0.12710349, 0.36899951, 0.22032629, 0.18766464, 0.16547885,
       0.32712925, 0.36684723, 0.19053276, 0.31022718, 0.49392714,
       0.38406896, 0.39499314, 0.3350253 , 0.23937918, 0.36738927,
       0.31817534, 0.16811594, 0.50416202, 0.39281765, 0.30236911,
       0.20004902, 0.15924083, 0.16983429, 0.242333  , 0.17293044,
       0.41925471, 0.18151412, 0.13992347, 0.12233586, 0.3741027 ,
       0.2058514 , 0.25948531, 0.35854467, 0.1511128 , 0.21037775,
       0.19347186, 0.32963384, 0.2095698 , 0.37860552, 0.14422579,
       0.23161589, 0.57245297, 0.15086837, 0.19198063, 0.08546682,
       0.26925087, 0.34219633, 0.28316504, 0.10539109, 0.45352293,
       0.15446268, 0.13929493, 0.15775005, 0.18734986, 0.15855815,
       0.19626748, 0.37977473, 0.35532659, 0.26889415, 0.16951493,
       0.21508835, 0.4779566 , 0.1664985 , 0.12421831, 0.3780255 ,
       0.18649853, 0.1351828 , 0.31799241, 0.21761358, 0.20008174,
       0.1545964 , 0.42106051, 0.32156172]), 'delta_distances': array([0., 0., 0., 0., 0., 0., 0., 0., 0., 0., 0., 0., 0., 0., 0., 0., 0.,
       0., 0., 0., 0., 0., 0., 0., 0., 0., 0., 0., 0., 0., 0., 0., 0., 0.,
       0., 0., 0., 0., 0., 0., 0., 0., 0., 0., 0., 0., 0., 0., 0., 0., 0.,
       0., 0., 0., 0., 0., 0., 0., 0., 0., 0., 0., 0., 0., 0., 0., 0., 0.,
       0., 0., 0., 0., 0., 0., 0., 0., 0., 0., 0., 0., 0., 0., 0., 0., 0.,
       0., 0., 0., 0., 0., 0., 0., 0., 0., 0., 0., 0., 0., 0., 0., 0., 0.,
       0., 0., 0., 0., 0., 0., 0., 0., 0., 0., 0., 0., 0., 0., 0., 0., 0.,
       0., 0., 0., 0., 0., 0., 0., 0., 0., 0., 0., 0., 0., 0., 0., 0., 0.,
       0., 0., 0., 0., 0., 0., 0., 0., 0., 0., 0., 0., 0., 0., 0., 0., 0.]), 'locations': array([ 6,  7,  7,  5,  5, 15,  5,  5,  5,  5,  4,  7,  5,  5,  6,  6,  7,
        5,  5,  6,  6,  6,  5,  6,  6,  6,  5,  5,  5, 15,  5,  5,  6,  4,
        6,  5,  4,  5,  5,  6,  5,  5,  5,  5,  5,  6,  6,  6,  5,  5,  6,
        5,  6,  5,  5,  6,  7,  6,  7,  6,  4,  7,  4,  5,  5,  6, 15, 15,
        6,  6,  5,  6, 14,  6, 15,  5,  5,  6,  5,  5,  5,  6,  6,  5,  5,
        6, 15,  6,  7, 15, 15,  6,  6,  5, 15,  5,  5,  6,  6,  5,  6,  5,
        5,  5,  5,  7,  5,  5,  5,  5,  5, 14,  5,  5,  4,  5,  6,  5,  6,
        5,  6, 15,  5,  5,  5, 14,  5,  6,  5, 15,  5,  5,  5,  5,  5,  6,
        7,  6,  5,  5,  5, 15,  5,  5,  6,  5,  5,  6,  5,  5,  5,  7,  6])}, {'ts_index': 542, 'loc': 10, 'gap': 0.05894682050773653, 'distances': array([0.10630579, 0.27595782, 0.19138921, 0.11084392, 0.13839775,
       0.20096933, 0.17077201, 0.12818779, 0.09890044, 0.12942958,
       0.17037628, 0.1603083 , 0.13446427, 0.10773956, 0.10719579,
       0.1497512 , 0.25850206, 0.30930103, 0.12327421, 0.12094536,
       0.13878851, 0.1795698 , 0.2254692 , 0.09336262, 0.22667529,
       0.11949327, 0.13202628, 0.14996416, 0.22427223, 0.27855094,
       0.14177485, 0.22976357, 0.16045059, 0.20763546, 0.20773236,
       0.        , 0.1806176 , 0.18238335, 0.15252889, 0.14175491,
       0.28823062, 0.17921613, 0.12902792, 0.17969614, 0.14397911,
       0.21211995, 0.1463323 , 0.25894072, 0.21799706, 0.24957611,
       0.27920674, 0.1085514 , 0.25596075, 0.28339948, 0.19550987,
       0.09326106, 0.18724846, 0.12943489, 0.26627271, 0.08662112,
       0.13259572, 0.12022446, 0.09256459, 0.2575732 , 0.22311705,
       0.13415016, 0.16582742]), 'delta_distances': array([0., 0., 0., 0., 0., 0., 0., 0., 0., 0., 0., 0., 0., 0., 0., 0., 0.,
       0., 0., 0., 0., 0., 0., 0., 0., 0., 0., 0., 0., 0., 0., 0., 0., 0.,
       0., 0., 0., 0., 0., 0., 0., 0., 0., 0., 0., 0., 0., 0., 0., 0., 0.,
       0., 0., 0., 0., 0., 0., 0., 0., 0., 0., 0., 0., 0., 0., 0., 0.]), 'locations': array([12,  0, 12,  9, 12, 11, 10, 12, 12, 10, 10, 12, 10, 10, 10, 11,  9,
       11,  0, 10, 12, 13,  8, 10,  9, 11, 11, 12, 10,  0,  0, 11,  3,  9,
        0, 10,  9, 10, 11, 12, 10, 13, 10, 10, 10, 12, 10, 11, 13,  9, 13,
       11, 11, 15, 12, 10, 11, 11,  0,  2, 12, 12, 11, 12,  9, 12, 10])}, {'ts_index': 909, 'loc': 7, 'gap': 0.03886626816586938, 'distances': array([0.17741538, 0.16898585, 0.25815239, 0.13995697, 0.25807451,
       0.17932155, 0.19885999, 0.17857054, 0.1682128 , 0.28718271,
       0.        , 0.25070177]), 'delta_distances': array([0., 0., 0., 0., 0., 0., 0., 0., 0., 0., 0., 0.]), 'locations': array([ 7,  6, 11,  7, 15,  6,  6,  6,  5,  7,  7, 15])}], 'clusters': array([1, 2, 2, ..., 2, 2, 4]), 'time': 77.65921974182129}
lenSubsequence: 10{'RI': 0.5056577675565777, 'num_clusters': 4, 'uShapelets': [{'ts_index': 1012, 'loc': 9, 'gap': 0.08189151382379317, 'distances': array([0.37412109, 0.1273011 , 0.11986722, ..., 0.11247209, 0.10173539,
       0.33462461]), 'delta_distances': array([0., 0., 0., ..., 0., 0., 0.]), 'locations': array([10,  8,  8, ..., 11,  9, 11])}, {'ts_index': 402, 'loc': 13, 'gap': 0.06788933358011198, 'distances': array([0.31332266, 0.32094725, 0.21594029, 0.14234237, 0.13669272,
       0.21657888, 0.27950249, 0.37433319, 0.37572147, 0.31270887,
       0.28575078, 0.30157226, 0.38092472, 0.28470139, 0.2478509 ,
       0.31772968, 0.25768743, 0.23669605, 0.08946362, 0.31490124,
       0.33458528, 0.22057037, 0.36065459, 0.44640132, 0.37990748,
       0.231208  , 0.30814711, 0.25265205, 0.31806311, 0.32481004,
       0.25345   , 0.25457158, 0.32913666, 0.35325143, 0.16103941,
       0.21599049, 0.27607456, 0.31323493, 0.09624957, 0.41096233,
       0.28440642, 0.19893411, 0.21298737, 0.23861435, 0.29768262,
       0.24051243, 0.29281549, 0.31528819, 0.30569189, 0.22614902,
       0.20176313, 0.26395439, 0.40538609, 0.28384603, 0.28709371,
       0.38867064, 0.39169239, 0.13849556, 0.18991938, 0.29063747,
       0.27802556, 0.30385014, 0.29770386, 0.17280055, 0.13783385,
       0.13417835, 0.26438669, 0.34439008, 0.24616182, 0.18171706,
       0.3607285 , 0.38606128, 0.26800067, 0.33530237, 0.        ,
       0.36227259, 0.11559762, 0.40217824, 0.37292337, 0.34081532,
       0.24397772, 0.33039555, 0.32960493, 0.31653046, 0.25522088,
       0.32659501, 0.31792957, 0.26431023, 0.15232048, 0.46320457,
       0.31374375, 0.27415519, 0.17158852, 0.32872057, 0.25627913,
       0.32219489, 0.36422512, 0.34469344, 0.2999492 , 0.30874015,
       0.32715038, 0.22725158, 0.30125984, 0.29349443, 0.18184623,
       0.2693727 , 0.28507785, 0.40838541, 0.34241532, 0.41396402,
       0.34922046, 0.17926151, 0.25626761, 0.27901299, 0.41797059,
       0.15154478, 0.25580743, 0.26115744, 0.28520414, 0.38179065,
       0.15356715, 0.24071485, 0.24669657, 0.12680631, 0.17632742,
       0.12699953, 0.28484885, 0.31148623, 0.18130499, 0.30727029,
       0.36317518, 0.24323567, 0.35400542, 0.2575591 , 0.34971017,
       0.29683088, 0.24260915, 0.2875051 , 0.28611805, 0.15535768,
       0.33453677, 0.09793825, 0.37133314, 0.36168833, 0.25843162,
       0.35570529, 0.43471089, 0.26337464, 0.17766148, 0.35210626,
       0.26816139, 0.16409768, 0.3602465 , 0.11869364, 0.19725702,
       0.22920203, 0.12063055, 0.22070773, 0.31383032, 0.17277089,
       0.36748777, 0.22953109, 0.21398867, 0.36454476, 0.23074874,
       0.36157362, 0.29600973, 0.29532017, 0.24779691, 0.31893242,
       0.37812727, 0.37811682, 0.25464607, 0.22811629, 0.24883145,
       0.29374605, 0.12769045, 0.34474797, 0.30636509, 0.2574371 ,
       0.27137531, 0.13394984, 0.39893106, 0.33512471]), 'delta_distances': array([0., 0., 0., 0., 0., 0., 0., 0., 0., 0., 0., 0., 0., 0., 0., 0., 0.,
       0., 0., 0., 0., 0., 0., 0., 0., 0., 0., 0., 0., 0., 0., 0., 0., 0.,
       0., 0., 0., 0., 0., 0., 0., 0., 0., 0., 0., 0., 0., 0., 0., 0., 0.,
       0., 0., 0., 0., 0., 0., 0., 0., 0., 0., 0., 0., 0., 0., 0., 0., 0.,
       0., 0., 0., 0., 0., 0., 0., 0., 0., 0., 0., 0., 0., 0., 0., 0., 0.,
       0., 0., 0., 0., 0., 0., 0., 0., 0., 0., 0., 0., 0., 0., 0., 0., 0.,
       0., 0., 0., 0., 0., 0., 0., 0., 0., 0., 0., 0., 0., 0., 0., 0., 0.,
       0., 0., 0., 0., 0., 0., 0., 0., 0., 0., 0., 0., 0., 0., 0., 0., 0.,
       0., 0., 0., 0., 0., 0., 0., 0., 0., 0., 0., 0., 0., 0., 0., 0., 0.,
       0., 0., 0., 0., 0., 0., 0., 0., 0., 0., 0., 0., 0., 0., 0., 0., 0.,
       0., 0., 0., 0., 0., 0., 0., 0., 0., 0., 0., 0., 0., 0.]), 'locations': array([ 5,  5, 12, 13, 13, 13,  4, 13, 13,  3, 13,  4,  5,  3,  4, 13,  4,
       13, 13,  5, 13, 13,  4,  4, 13, 13,  4,  4,  4, 13,  5, 13,  3,  4,
       13, 13, 13, 13, 13,  4, 13, 13, 13, 13,  4,  3, 13,  4, 13, 13, 13,
        4,  4, 13,  4,  4, 13, 13, 13,  3,  3, 13,  4, 13, 13, 13, 12,  4,
       13, 13, 13, 13, 13,  4, 13, 13, 13,  5,  4, 13, 12,  5,  4,  4,  4,
        4,  4, 13, 13, 13,  5,  4, 12, 13,  4,  4, 13, 13,  4, 13, 13,  4,
       13,  5, 13, 13,  5, 13, 13,  4,  4, 12, 13, 13, 13, 13, 13, 13,  4,
       13, 12, 13,  4, 12, 13, 13,  4, 13, 13,  4, 13, 13, 13, 12,  3,  4,
       12,  3,  3, 13,  4, 13, 13,  5, 13,  4, 13,  3, 12,  4,  5, 13, 13,
       13, 13, 13, 13,  3,  5, 13,  4,  4, 13, 13, 13,  5,  4,  3,  4,  4,
       13, 13, 13, 13, 13, 13, 13, 13, 13,  3,  4, 12,  5, 13])}, {'ts_index': 959, 'loc': 6, 'gap': 0.054195000663297854, 'distances': array([0.27015592, 0.28330849, 0.30403723, 0.2840168 , 0.18896344,
       0.46822453, 0.41020672, 0.34318763, 0.33685626, 0.22821965,
       0.29769333, 0.13186254, 0.14345986, 0.31544475, 0.13823487,
       0.22390232, 0.24455273, 0.27863803, 0.24809641, 0.27493792,
       0.40871177, 0.29317464, 0.21642465, 0.17509849, 0.23010015,
       0.26216146, 0.26993357, 0.16592947, 0.19972231, 0.26545005,
       0.20097356, 0.33779245, 0.33684053, 0.42315732, 0.39543782,
       0.28920626, 0.32559163, 0.22110034, 0.21557435, 0.13547727,
       0.12611332, 0.21734788, 0.35165536, 0.30983709, 0.27520545,
       0.31386424, 0.15890551, 0.39560469, 0.13946215, 0.23395305,
       0.30908703, 0.29319141, 0.1910457 , 0.13090924, 0.25071037,
       0.16187474, 0.30498297, 0.24882255, 0.21036345, 0.43324248,
       0.37675075, 0.1749359 , 0.26606817, 0.35552692, 0.36700346,
       0.28628067, 0.279683  , 0.29950811, 0.26426564, 0.23194514,
       0.25846524, 0.16439964, 0.31608402, 0.23930025, 0.25508489,
       0.43472254, 0.2763697 , 0.15908922, 0.35364803, 0.24763221,
       0.25563482, 0.38305164, 0.28584686, 0.16006836, 0.29610231,
       0.32594286, 0.15898484, 0.30435987, 0.18194562, 0.29541557,
       0.2239871 , 0.47289752, 0.33749554, 0.35658041, 0.24910323,
       0.22479884, 0.29370863, 0.39091002, 0.35419211, 0.2964656 ,
       0.15445342, 0.38223261, 0.27621115, 0.13277063, 0.21464946,
       0.28316855, 0.1865486 , 0.32778697, 0.19000516, 0.26310405,
       0.16075584, 0.2819931 , 0.17368448, 0.32322466, 0.18442776,
       0.13846068, 0.2547426 , 0.35299208, 0.27118455, 0.30405731,
       0.32141226, 0.47903737, 0.14314262, 0.29873435, 0.22386223,
       0.41622001, 0.36565776, 0.23480517, 0.        , 0.20976975,
       0.28869349, 0.17578595, 0.28468709, 0.32300314, 0.16578546,
       0.28203686, 0.22186505, 0.21080666, 0.17746529, 0.17017277,
       0.39420766, 0.42385864, 0.31396481, 0.31090449, 0.19620767,
       0.3832262 , 0.3332096 , 0.27106448, 0.15045953, 0.16950525,
       0.35835217, 0.29794377]), 'delta_distances': array([0., 0., 0., 0., 0., 0., 0., 0., 0., 0., 0., 0., 0., 0., 0., 0., 0.,
       0., 0., 0., 0., 0., 0., 0., 0., 0., 0., 0., 0., 0., 0., 0., 0., 0.,
       0., 0., 0., 0., 0., 0., 0., 0., 0., 0., 0., 0., 0., 0., 0., 0., 0.,
       0., 0., 0., 0., 0., 0., 0., 0., 0., 0., 0., 0., 0., 0., 0., 0., 0.,
       0., 0., 0., 0., 0., 0., 0., 0., 0., 0., 0., 0., 0., 0., 0., 0., 0.,
       0., 0., 0., 0., 0., 0., 0., 0., 0., 0., 0., 0., 0., 0., 0., 0., 0.,
       0., 0., 0., 0., 0., 0., 0., 0., 0., 0., 0., 0., 0., 0., 0., 0., 0.,
       0., 0., 0., 0., 0., 0., 0., 0., 0., 0., 0., 0., 0., 0., 0., 0., 0.,
       0., 0., 0., 0., 0., 0., 0., 0., 0., 0., 0., 0., 0., 0., 0., 0.]), 'locations': array([ 7,  7,  7,  7,  7,  8,  7,  9,  8,  7,  8,  6,  7,  8,  6,  7,  8,
        7,  7,  7,  7,  8,  6,  6,  7,  6,  7,  7,  6,  6,  6,  7,  7,  8,
        7,  7,  8,  7,  6,  6,  6,  6,  5,  8,  7,  8,  7,  6,  6,  7,  7,
        7,  6,  6,  8,  6,  6,  7,  5,  0,  8,  6,  7,  6,  7,  7,  7,  7,
        8,  7,  6,  6,  5,  7,  6,  0,  8,  6,  7,  7,  6,  8,  7,  6,  7,
        6,  6,  8,  7,  8,  8,  7,  6,  8,  7,  5,  5,  7,  8,  7,  6,  9,
        8,  6,  7,  7,  6,  8,  6,  7,  6,  6,  7,  7,  5,  6,  6,  8,  8,
        6,  7, 11,  6,  6,  7,  7,  6,  6,  6,  7,  6,  7,  8,  8,  6,  8,
        7,  6,  6,  7,  7, 11,  7,  7,  6,  8,  8,  7,  6,  7,  8,  7])}], 'clusters': array([3, 1, 1, ..., 1, 1, 3]), 'time': 40.98572564125061}
