lenSubsequence: 11{'RI': 0.8743718592964824, 'num_clusters': 3, 'uShapelets': [{'ts_index': 145, 'loc': 85, 'gap': 3.4793869542457205, 'distances': array([5.63240655, 0.04829464, 5.20796345, 3.16809636, 0.04343727,
       5.23264718, 3.24626118, 3.04915464, 3.26778691, 6.57367627,
       5.33056709, 3.23035773, 5.30234027, 5.29327845, 5.03884545,
       6.58689764, 3.81970964, 5.51351173, 0.04211736, 0.02225391,
       5.20532136, 6.43109591, 6.47007427, 0.14306382, 3.17924445,
       4.99978055, 5.28600609, 6.48191445, 5.48107055, 6.38602255,
       5.22698373, 3.07458318, 3.45811218, 3.32708791, 0.06145945,
       6.55952464, 5.06303436, 0.05040173, 3.231643  , 6.56682491,
       5.45689609, 6.76149327, 3.48618145, 3.05760436, 6.54459564,
       3.22312536, 0.00922909, 6.45590191, 6.51047509, 5.39605582,
       3.08093245, 6.43800355, 3.27585045, 0.27867045, 5.10539564,
       0.04447964, 5.23429491, 0.08707073, 5.486129  , 5.40851009,
       5.60522782, 0.02726609, 5.27484491, 3.13428391, 6.55747464,
       0.02572755, 3.263148  , 0.23163427, 3.24755027, 0.01486182,
       0.01986518, 3.18769482, 5.457844  , 6.28949945, 0.01754618,
       3.08506827, 3.20453345, 6.62661473, 5.28727664, 3.33031127,
       3.50379055, 0.15228273, 6.60494955, 0.03010027, 2.96782882,
       3.27099491, 6.53166318, 0.04743627, 0.02321636, 0.04716855,
       5.11082864, 0.043428  , 0.02499855, 3.27996991, 5.12825636,
       5.45106645, 3.37378418, 3.17145091, 5.186407  , 6.55700782,
       0.24080727, 3.31469509, 6.45484509, 5.26742464, 0.52670009,
       6.76608545, 6.53099882, 0.00833364, 0.29755691, 6.63387182,
       6.31539827, 6.458907  , 6.36886836, 5.33716818, 6.35204945,
       0.03367373, 5.40014809, 3.36025027, 6.51367618, 6.67642373,
       6.73535027, 6.57118991, 5.04964736, 3.348179  , 0.01552245,
       3.16355209, 6.59156136, 6.68559127, 3.11341591, 6.60199055,
       0.03683391, 0.19934873, 6.32527673, 6.76414991, 3.15742236,
       0.04080482, 0.17472809, 3.23498618, 0.03534164, 0.28285836,
       5.15796791, 5.469593  , 5.561331  , 5.141198  , 5.43148918,
       0.        , 6.43771336, 6.42342927, 6.60860982, 3.55633255,
       6.45083291, 5.52782327, 2.87526764, 0.024174  , 6.50104864,
       3.38732455, 3.26179818, 3.12491018, 3.48703409, 0.02921864,
       5.25191391, 3.37229982, 6.44694655, 5.238795  , 5.42932845,
       3.41515655, 3.37679718, 0.01844909, 6.22731664, 6.55893464,
       3.33471509, 5.06486809, 3.22657309, 0.01260055, 5.38856873,
       6.55504582, 0.02557355, 0.39935145, 5.22868782, 5.48485564,
       0.173043  , 5.32447036, 0.06504918, 5.36007464, 5.45686927,
       5.32621409, 6.61201391, 0.02816464, 3.23820136, 0.04269345,
       6.46114591, 6.673298  , 6.31794009, 0.04576209, 5.323776  ,
       0.04769491, 3.28975191, 6.671279  , 0.04863555, 3.19996018]), 'delta_distances': array([0.66935055, 0.06713091, 0.78855855, 0.413698  , 0.06400164,
       0.79165255, 0.66745382, 0.45414073, 0.48712   , 1.00875873,
       0.66816582, 0.65688   , 0.765884  , 0.73799164, 0.78731836,
       0.96021782, 0.81090255, 0.63260236, 0.08946582, 0.05547909,
       0.85611127, 1.15423164, 1.218144  , 0.21150691, 0.65416145,
       0.83252145, 0.68013327, 1.12863436, 0.75940564, 1.07213691,
       0.72080945, 0.44837927, 0.62567109, 0.53063582, 0.10971691,
       1.331196  , 0.90964127, 0.08689036, 0.44147018, 0.95139055,
       0.73998636, 0.89421782, 0.54661764, 0.55827036, 1.02225382,
       0.70164636, 0.02587709, 1.12275945, 1.046544  , 0.703998  ,
       0.44934018, 1.21151182, 0.57000655, 0.17880509, 0.87831564,
       0.083904  , 0.71169564, 0.11341073, 0.67191127, 0.69635636,
       0.64561055, 0.04848127, 0.77613382, 0.549784  , 0.93245018,
       0.04895164, 0.431738  , 0.15973964, 0.63576164, 0.04455127,
       0.042744  , 0.525422  , 0.73501927, 1.25901709, 0.04066636,
       0.44030436, 0.58103782, 0.86655855, 0.72643491, 0.63045345,
       0.66907673, 0.11774891, 0.89423982, 0.04619582, 0.65589164,
       0.55993582, 1.06384673, 0.07539364, 0.05660345, 0.10627418,
       0.77922236, 0.08166455, 0.05979309, 0.53065218, 0.80172091,
       0.63807673, 0.64123927, 0.53694927, 0.87499455, 1.15503655,
       0.15193727, 0.51415582, 0.98415291, 0.81917909, 0.137304  ,
       0.94107327, 1.09696182, 0.03232127, 0.11898145, 1.27331127,
       1.18527545, 1.07325164, 1.05600745, 0.65980182, 1.18836436,
       0.073318  , 0.664014  , 0.57863127, 1.02089927, 0.96395927,
       1.068754  , 1.06623527, 0.86810327, 0.64077273, 0.05000382,
       0.42900309, 1.222156  , 0.88879927, 0.60192255, 1.18500927,
       0.06979218, 0.11186291, 1.09941436, 0.94144309, 0.55274745,
       0.06297655, 0.11300782, 0.60921327, 0.07337255, 0.22703345,
       0.84073691, 0.66434018, 0.67034745, 0.754352  , 0.70546636,
       0.        , 1.00981509, 1.32153364, 1.10685291, 0.64193145,
       1.18517491, 0.69414618, 0.53000673, 0.06293055, 1.20590455,
       0.50826545, 0.46596127, 0.46687764, 0.75328073, 0.05969673,
       0.65624018, 0.55486745, 1.12462673, 0.74397109, 0.674932  ,
       0.48470891, 0.53535636, 0.05424964, 1.13013455, 1.17996255,
       0.46941055, 0.70190527, 0.61165691, 0.04046473, 0.81079055,
       1.10022273, 0.06024382, 0.16850036, 0.74215164, 0.64620636,
       0.14107364, 0.73191927, 0.10738909, 0.68450109, 0.66136218,
       0.69734073, 1.10007145, 0.05575309, 0.54723527, 0.09161927,
       1.12729418, 1.15928436, 1.339626  , 0.05434164, 0.79315   ,
       0.08826473, 0.59392255, 0.91364182, 0.08390891, 0.44617945]), 'locations': array([211,  90, 159,  56,  80, 173,  73,  67,  60, 122, 189,  53, 159,
       182, 175, 137,  57, 206,  99,  91, 169, 128, 117,  77,  80, 152,
       185, 119, 176,  99, 174,  71,  73,  83,  60, 140, 148,  74, 109,
       120, 180, 163,  87,  65, 160,  73,  50,  87,  67, 177,  72,  67,
       114, 104, 146,  74, 164,  90, 198, 194, 221,  87, 175, 102, 141,
        64,  91,  89,  79,  59,  72,  61, 192,  91,  48, 114,  88, 168,
       178,  65,  78, 101, 173,  98,  89,  87, 141,  96,  83,  64, 163,
        54,  59,  88, 165, 200,  89,  94, 158, 116,  52, 103, 124, 174,
        63, 144, 142,  50, 116, 125, 122, 104, 136, 199,  89,  98, 198,
        91, 118, 156, 121, 125, 149,  52,  90, 100, 125, 169,  98, 116,
        94,  51, 110, 159,  74, 108,  60,  85,  49,  50, 158, 197, 206,
       173, 185,  85, 137,  94, 122,  48,  96, 199,  69,  61, 123,  69,
        50,  64,  69,  82, 200,  85, 121, 176, 200,  74,  92,  86, 114,
       110,  67, 184,  71,  55, 168, 121,  65,  82, 170, 204,  47, 185,
        95, 184, 198, 186, 123,  89, 103,  73,  96, 105, 114, 107, 161,
        93,  94, 183,  94,  72])}, {'ts_index': 172, 'loc': 71, 'gap': 2.0700078281110197, 'distances': array([2.02988591, 2.323884  , 0.05313164, 2.50446027, 0.03584536,
       0.06087882, 0.05268382, 2.14027073, 2.55604282, 0.05855809,
       2.49942345, 2.54722545, 2.41524982, 2.70339991, 0.09402236,
       2.09142382, 2.56968873, 2.37701618, 2.414535  , 0.03714318,
       2.21422455, 2.53042055, 2.55073573, 2.58715   , 3.00028127,
       2.53420327, 0.07652482, 0.136018  , 0.05157282, 2.06807118,
       2.10341964, 0.06303209, 2.21820918, 2.30879882, 1.99535891,
       0.12603291, 0.11582109, 2.15618027, 0.11615664, 2.88026264,
       2.85325718, 2.46762536, 0.06479682, 3.01582945, 0.09304882,
       2.40351309, 2.50892773, 2.21596255, 2.48940364, 1.88987382,
       2.50775682, 0.05515991, 2.44498645, 0.04629873, 0.056927  ,
       0.05343264, 2.39967491, 2.98257145, 0.06099809, 0.06728782,
       2.62905073, 2.62060764, 0.04659309, 0.06695873, 2.36307955,
       0.03918082, 0.02622291, 2.97986882, 2.64406573, 0.07367173,
       2.57054955, 2.16542291, 0.04722545, 0.12067145, 2.47654436,
       2.037392  , 0.04194509, 2.71701809, 2.58644291, 2.04219082,
       2.14880845, 2.12278273, 2.84327418, 2.72235455, 2.99723182,
       2.41782827, 2.60325464, 2.10795464, 0.02876918, 2.74361273,
       2.61286345, 2.19886809, 2.27279591, 2.34456336, 0.06116791,
       0.09112173, 2.67823745, 2.39692182, 0.04311718, 2.07752482,
       3.01685518, 2.01144591, 0.06265782, 0.01713218, 2.52133827,
       2.24373855, 2.22373109, 2.56775636, 2.63251709, 2.52948555,
       2.68413073, 2.11530473, 0.05846364, 2.81578545, 2.44340282,
       0.07932491, 2.96827809, 0.02559455, 0.06152582, 0.12252564,
       0.046873  , 2.08424673, 0.14666773, 2.61922264, 2.60074927,
       2.21860418, 0.04235291, 0.150301  , 2.93717727, 2.76810709,
       0.05921218, 2.42401291, 0.        , 2.34975155, 2.36440936,
       2.60076882, 2.05831682, 2.22056609, 2.39383318, 2.29136445,
       2.085864  , 2.18975882, 0.036957  , 2.67730982, 2.40153036,
       2.55889564, 2.26683373, 0.06819791, 2.05495518, 0.07500309]), 'delta_distances': array([0.51494436, 0.350266  , 0.05930564, 0.36092218, 0.050188  ,
       0.05449945, 0.03917945, 0.43011636, 0.53088055, 0.07562164,
       0.40516982, 0.50405491, 0.40218618, 0.38983836, 0.10997873,
       0.53552018, 0.37893291, 0.49128073, 0.52341527, 0.03906291,
       0.41144091, 0.57948236, 0.62363927, 0.39954836, 0.62373909,
       0.33107691, 0.07191891, 0.08127873, 0.06559691, 0.43600509,
       0.43783745, 0.060168  , 0.544408  , 0.41874473, 0.44741255,
       0.09185636, 0.097202  , 0.40590309, 0.07167727, 0.75184455,
       0.64804873, 0.48463055, 0.06096273, 0.49178836, 0.09645564,
       0.39094564, 0.38617509, 0.519332  , 0.67028418, 0.55026218,
       0.53607945, 0.04844764, 0.51568327, 0.06397327, 0.06007764,
       0.04910527, 0.4301    , 0.61091036, 0.05988545, 0.03041655,
       0.46786473, 0.42076309, 0.05753091, 0.06920164, 0.39207945,
       0.05288182, 0.04134127, 0.692016  , 0.48372309, 0.05652709,
       0.49838982, 0.42031091, 0.03850709, 0.10729527, 0.42415145,
       0.57885564, 0.05081891, 0.61023927, 0.362838  , 0.44679436,
       0.59130473, 0.53176527, 0.78698745, 0.56138545, 0.60219545,
       0.75043   , 0.49877709, 0.44293891, 0.04987236, 0.59017055,
       0.60810291, 0.53905473, 0.43228564, 0.39873164, 0.04288709,
       0.07843218, 0.51141073, 0.47218727, 0.03816491, 0.40686327,
       0.62851727, 0.62304618, 0.06043764, 0.03261345, 0.41915527,
       0.56564964, 0.469162  , 0.52815309, 0.37814418, 0.52657073,
       0.53516855, 0.46266236, 0.07371636, 0.78944327, 0.46994091,
       0.06954909, 0.70986818, 0.05556618, 0.05821618, 0.094284  ,
       0.04749436, 0.46834018, 0.11130745, 0.56656455, 0.39641618,
       0.52846364, 0.05728582, 0.07889655, 0.57447345, 0.62425545,
       0.06097564, 0.57899   , 0.        , 0.39638709, 0.46730509,
       0.33962436, 0.60075545, 0.471652  , 0.44007255, 0.50480436,
       0.43621   , 0.42920418, 0.04071473, 0.40239655, 0.49935545,
       0.437354  , 0.36352527, 0.07550327, 0.44473527, 0.07734745]), 'locations': array([ 51, 161,  56, 175,  73,  67,  60,  12,  48,  53, 160,  41, 177,
        21,  57,   9, 171,   9,   5,  80, 154,  65,  70, 179,  67, 176,
        71,  72,  83,  64, 149, 109,  54,  52,  44,  87,  65,  11,  73,
        63,  52,  12,  72, 153, 114, 148, 166,  30,  59,  37,  61, 102,
        34,  91,  79,  61,  62,  61, 114,  88,  30, 179,  65,  78,  23,
        89,  87,  51, 164,  88,  47,   8,  89,  94, 159,  47, 103,  49,
       177,   4,  62,  21,  56,  24,  54,  73,  55,  13,  91,  54,  72,
        81,  39, 150,  52, 100,  61,  64,  98,  58,  59,  30,  74,  85,
       160,  82,  26,  48, 187,   8,  55,  38,  48,  61,  24,  69,  55,
        69,  50,  64,  69,  22,  84,  51, 178,   5,  74,  92,  53,  52,
        67,  22,  71, 171,  52, 172,  30,   3,  69,  13,  62,  57, 103,
        27,  67,   1, 165,  94,  22,  72])}], 'clusters': array([0, 1, 0, 2, 1, 0, 2, 2, 2, 0, 0, 2, 0, 0, 0, 0, 2, 0, 1, 1, 0, 0,
       0, 1, 2, 0, 0, 0, 0, 0, 0, 2, 2, 2, 1, 0, 0, 1, 2, 0, 0, 0, 2, 2,
       0, 2, 1, 0, 0, 0, 2, 0, 2, 1, 0, 1, 0, 1, 0, 0, 0, 1, 0, 2, 0, 1,
       2, 1, 2, 1, 1, 2, 0, 0, 1, 2, 2, 0, 0, 2, 2, 1, 0, 1, 2, 2, 0, 1,
       1, 1, 0, 1, 1, 2, 0, 0, 2, 2, 0, 0, 1, 2, 0, 0, 1, 0, 0, 1, 1, 0,
       0, 0, 0, 0, 0, 1, 0, 2, 0, 0, 0, 0, 0, 2, 1, 2, 0, 0, 2, 0, 1, 1,
       0, 0, 2, 1, 1, 2, 1, 1, 0, 0, 0, 0, 0, 1, 0, 0, 0, 2, 0, 0, 2, 1,
       0, 2, 2, 2, 2, 1, 0, 2, 0, 0, 0, 2, 2, 1, 0, 0, 2, 0, 2, 1, 0, 0,
       1, 1, 0, 0, 1, 0, 1, 0, 0, 0, 0, 1, 2, 1, 0, 0, 0, 1, 0, 1, 2, 0,
       1, 2]), 'time': 672.3996968269348}
lenSubsequence: 15{'RI': 0.7487437185929648, 'num_clusters': 2, 'uShapelets': [{'ts_index': 67, 'loc': 90, 'gap': 3.4186018436923256, 'distances': array([5.46884213, 0.09445767, 5.2729984 , 1.947497  , 0.09427507,
       5.3654254 , 1.91533567, 1.82345913, 1.94268933, 5.51923993,
       5.52581173, 1.87007867, 5.37808247, 5.58992953, 5.1874208 ,
       6.24856387, 2.2444616 , 5.5188308 , 0.11753393, 0.1174186 ,
       5.36400987, 5.9016858 , 5.7998056 , 0.1619766 , 1.92088013,
       5.02593213, 5.49470413, 6.03810093, 5.47325273, 6.53438973,
       5.41887233, 1.82720953, 2.0048878 , 1.9693756 , 0.11908007,
       5.61431727, 5.10984947, 0.11857607, 1.9277794 , 5.65404033,
       5.8005392 , 5.4200958 , 2.05349507, 1.84453347, 5.5812784 ,
       1.94027553, 0.05786953, 6.40886867, 6.194199  , 5.81603547,
       1.8508762 , 6.22454933, 1.99014727, 0.01540013, 5.28972107,
       0.06605567, 5.33706373, 0.1310634 , 5.65629313, 5.65269247,
       5.2602692 , 0.0856598 , 5.52199567, 1.876803  , 5.97915267,
       0.0523554 , 1.9342798 , 0.        , 1.8761538 , 0.05686953,
       0.06096827, 1.90706787, 5.8091316 , 6.461017  , 0.07782727,
       1.8599692 , 1.96971627, 6.20584453, 5.51862653, 1.9375292 ,
       2.08516253, 0.0694846 , 5.92561627, 0.09858193, 1.79434533,
       1.94986507, 6.47224727, 0.12311133, 0.08127607, 0.0733908 ,
       5.53971087, 0.10401473, 0.0848342 , 1.94806273, 5.40602427,
       5.61116513, 1.90976927, 1.89285833, 5.29354847, 5.50680313,
       0.02317127, 1.94597393, 6.34103113, 5.4007794 , 0.37046327,
       5.47810593, 5.59194707, 0.07018853, 0.3539674 , 5.48815847,
       6.3625238 , 6.20688007, 6.34782647, 5.59408267, 6.35616947,
       0.0643568 , 5.60264407, 1.97323167, 6.40888473, 6.33406673,
       5.70804393, 5.754531  , 5.3133318 , 1.97732833, 0.07896473,
       1.89632747, 6.4562148 , 5.87520467, 1.86654173, 5.51590667,
       0.07257053, 0.02919827, 6.2632676 , 5.528897  , 1.86045687,
       0.0980504 , 0.0485516 , 1.934011  , 0.07426333, 0.0266846 ,
       5.416853  , 5.70576787, 5.6643448 , 5.4486702 , 5.52648007,
       0.04797813, 5.97250887, 6.3605326 , 5.50368193, 2.1799992 ,
       6.500012  , 5.70508067, 1.68171967, 0.06676333, 6.48122327,
       2.01982567, 1.87843793, 1.8988872 , 2.10603053, 0.05711887,
       5.41216347, 1.94850447, 6.11525007, 5.45253707, 5.66681067,
       2.011764  , 1.962218  , 0.0735532 , 6.40235587, 6.4857076 ,
       1.99597893, 5.64577093, 1.96776587, 0.06318273, 5.19143247,
       5.93885087, 0.08207373, 0.45018873, 5.35396093, 5.47170127,
       0.05851827, 5.64557913, 0.08512387, 5.89368933, 5.8350674 ,
       5.54401933, 5.58258907, 0.09702967, 1.90198207, 0.126958  ,
       6.2419194 , 6.060418  , 6.06365767, 0.10110913, 5.13157027,
       0.120918  , 1.87959967, 5.519624  , 0.10434633, 1.90412   ]), 'delta_distances': array([0.76773187, 0.08928907, 0.68094213, 0.2411088 , 0.10601467,
       0.6634064 , 0.457872  , 0.2754088 , 0.3389104 , 0.73570307,
       0.5908248 , 0.40751747, 0.67621133, 0.61621493, 0.66507387,
       0.62626787, 0.47738547, 0.63601747, 0.11862547, 0.13980293,
       0.69974227, 0.68373   , 0.73361813, 0.17711027, 0.406248  ,
       0.68859507, 0.58350387, 0.6829836 , 0.63654427, 0.90978333,
       0.61062187, 0.28485133, 0.41569147, 0.3079848 , 0.138224  ,
       0.58247373, 0.80160187, 0.125208  , 0.31214467, 0.71662027,
       0.5762648 , 0.6975512 , 0.3310684 , 0.399858  , 0.69054053,
       0.5258204 , 0.07630573, 1.15143973, 1.01917267, 0.58072133,
       0.27190533, 0.99422533, 0.36507707, 0.03754853, 0.77743427,
       0.0900784 , 0.61057813, 0.1476088 , 0.73138253, 0.57719067,
       0.78031427, 0.10042427, 0.62066253, 0.34380667, 0.71901813,
       0.0756652 , 0.2972176 , 0.        , 0.38704173, 0.0837032 ,
       0.07106907, 0.3113652 , 0.602106  , 1.13914133, 0.09680893,
       0.28322613, 0.36649933, 0.7989396 , 0.62742827, 0.37246387,
       0.43321467, 0.10594467, 0.68946627, 0.09567293, 0.36862787,
       0.41075827, 0.847806  , 0.1542452 , 0.1010464 , 0.10944373,
       0.68178173, 0.1123936 , 0.0996012 , 0.3664728 , 0.70937773,
       0.6966676 , 0.3357936 , 0.34978747, 0.75508267, 0.72170587,
       0.052948  , 0.30510547, 0.89855293, 0.68249827, 0.11994307,
       0.74705707, 0.78147827, 0.09695667, 0.1496452 , 0.822834  ,
       0.9899408 , 0.70619333, 1.08299293, 0.555104  , 1.060256  ,
       0.0784192 , 0.804164  , 0.33033413, 0.67851147, 0.73698133,
       0.6738436 , 0.70851373, 0.73081493, 0.35163787, 0.08674747,
       0.29110627, 0.51908133, 0.66278227, 0.41540053, 0.65344547,
       0.08222947, 0.04530947, 1.05212053, 0.65079387, 0.32915747,
       0.1168748 , 0.079126  , 0.40375267, 0.0965336 , 0.06645213,
       0.68594987, 0.77321253, 0.73627227, 0.62827853, 0.5976416 ,
       0.0728844 , 0.77727067, 0.66539627, 0.7913788 , 0.41959173,
       0.94150213, 0.56259253, 0.37600013, 0.10662427, 0.9872604 ,
       0.34771347, 0.26303933, 0.28945507, 0.4434152 , 0.09200027,
       0.7845752 , 0.32555107, 0.65453147, 0.59154053, 0.68329053,
       0.3042404 , 0.3120904 , 0.0948984 , 0.98745093, 0.96719547,
       0.32608213, 0.59254867, 0.39684813, 0.07160613, 0.68781347,
       0.6044152 , 0.09078467, 0.19933453, 0.6543956 , 0.730782  ,
       0.08667827, 0.61682373, 0.1032624 , 0.623236  , 0.70429187,
       0.6962468 , 0.70357467, 0.09079853, 0.36478187, 0.1187604 ,
       0.64701213, 0.7199932 , 0.79458493, 0.0939364 , 0.65159147,
       0.126778  , 0.34465693, 0.78913293, 0.10903627, 0.29281333]), 'locations': array([ 51,  91, 159,  57,  81, 173,  74,  68,  61,  14, 188,  54, 158,
       182, 175,  22,  58,  10, 100,  92, 169,   8,   5,  78,  81, 152,
       185,  26, 176,  84, 174,  72,  74,  84,  61,  64, 147,  75, 110,
        54,  52,  42,  88,  66,  11,  74,  51, 106,  90, 177,  73, 124,
       115, 105, 146,  75, 164,  91,  31, 193,  37,  88, 174, 103,  48,
        65,  92,  90,  80,  60,  73,  62, 192,  91,  49, 115,  89,  33,
       178,  66,  79, 102,  23,  99,  90,  88, 141,  97,  84,  65, 163,
        55,  60,  89, 165,   8,  90,  95, 157,  16,  53, 104, 125, 174,
        63,   5,  63,  51, 117,  15, 122,  24, 118, 199,  87,  99,  13,
        92,  10,   4,  39,  41, 149,  53,  91, 101,  11,  17,  99,  58,
        95,  52, 112,  28,  75, 109,  61,  86,  50,  51, 158,  21,  50,
       173, 184,  86,   8,  43,  38,  49,  95, 198,  70,  62, 124,  70,
        51,  65,  70,  83,  20,  86,  51, 176,   3,  75,  93,  87, 115,
       109,  68, 184,  72,  56, 168,   1,  66,  83, 170,  29,  48, 185,
        96, 183,   3,  62,  59,  90, 104,  74,  27,  15,  16, 108, 161,
        94,  95,  41,  95,  73])}], 'clusters': array([0, 1, 0, 1, 1, 0, 1, 1, 1, 0, 0, 1, 0, 0, 0, 0, 1, 0, 1, 1, 0, 0,
       0, 1, 1, 0, 0, 0, 0, 0, 0, 1, 1, 1, 1, 0, 0, 1, 1, 0, 0, 0, 1, 1,
       0, 1, 1, 0, 0, 0, 1, 0, 1, 1, 0, 1, 0, 1, 0, 0, 0, 1, 0, 1, 0, 1,
       1, 1, 1, 1, 1, 1, 0, 0, 1, 1, 1, 0, 0, 1, 1, 1, 0, 1, 1, 1, 0, 1,
       1, 1, 0, 1, 1, 1, 0, 0, 1, 1, 0, 0, 1, 1, 0, 0, 1, 0, 0, 1, 1, 0,
       0, 0, 0, 0, 0, 1, 0, 1, 0, 0, 0, 0, 0, 1, 1, 1, 0, 0, 1, 0, 1, 1,
       0, 0, 1, 1, 1, 1, 1, 1, 0, 0, 0, 0, 0, 1, 0, 0, 0, 1, 0, 0, 1, 1,
       0, 1, 1, 1, 1, 1, 0, 1, 0, 0, 0, 1, 1, 1, 0, 0, 1, 0, 1, 1, 0, 0,
       1, 1, 0, 0, 1, 0, 1, 0, 0, 0, 0, 1, 1, 1, 0, 0, 0, 1, 0, 1, 1, 0,
       1, 1]), 'time': 447.1077778339386}
lenSubsequence: 19{'RI': 0.7487437185929648, 'num_clusters': 2, 'uShapelets': [{'ts_index': 145, 'loc': 85, 'gap': 3.492401539337334, 'distances': array([5.53153416, 0.03685395, 5.24956558, 1.841422  , 0.04081779,
       5.33446084, 1.91190832, 1.77631226, 1.90482426, 5.72225611,
       5.52456758, 1.87589153, 5.38203979, 5.61008642, 5.19106716,
       6.35716647, 2.24050037, 5.63346737, 0.05267484, 0.048685  ,
       5.41701274, 6.09175089, 5.96940516, 0.10758632, 1.85863547,
       4.99869521, 5.51563632, 6.17447211, 5.44267832, 6.49415384,
       5.39415595, 1.78221405, 2.04107721, 1.94796989, 0.05524889,
       5.61060616, 5.13286763, 0.04605032, 1.88170611, 5.76946816,
       5.85636905, 5.50549516, 2.02586189, 1.78335211, 5.69995   ,
       1.90653174, 0.01087637, 6.34962042, 6.19733332, 5.82674711,
       1.79012542, 6.16526789, 1.89956121, 0.16349795, 5.25928247,
       0.02691116, 5.35465016, 0.06755053, 5.77150658, 5.61671021,
       5.35775921, 0.037564  , 5.511097  , 1.82607684, 6.07131668,
       0.02210837, 1.90062658, 0.13606137, 1.89218942, 0.01829047,
       0.01285253, 1.860754  , 5.81031889, 6.32464458, 0.01316526,
       1.79491579, 1.87081216, 6.28611463, 5.55204811, 1.93928811,
       2.04324747, 0.09096768, 5.97669647, 0.03820337, 1.72638821,
       1.92188121, 6.42530321, 0.07225484, 0.023772  , 0.04583032,
       5.54798353, 0.04654721, 0.03707205, 1.92907105, 5.43095089,
       5.73156158, 1.96514353, 1.84662489, 5.23991758, 5.60411105,
       0.14409279, 1.93278205, 6.28888253, 5.38639421, 0.32951758,
       5.55739389, 5.66879342, 0.00981463, 0.19484153, 5.59556147,
       6.30409753, 6.35467605, 6.30468537, 5.579715  , 6.31114726,
       0.03015795, 5.67171179, 1.95424284, 6.54506516, 6.41725505,
       5.78576542, 5.85150268, 5.32483995, 1.94857337, 0.01974468,
       1.85605332, 6.54234768, 6.018317  , 1.80709747, 5.62986568,
       0.03947111, 0.12022895, 6.23121163, 5.57311363, 1.83723321,
       0.03841374, 0.105889  , 1.89002889, 0.02559079, 0.16599247,
       5.37436811, 5.81252437, 5.80818342, 5.48044663, 5.47637637,
       0.        , 6.10574911, 6.41230011, 5.59470853, 2.06674611,
       6.43629637, 5.62814195, 1.67327089, 0.02061226, 6.38692263,
       1.97857453, 1.91726768, 1.82276274, 2.02877711, 0.02882553,
       5.54756747, 1.97132958, 6.27266889, 5.44834005, 5.75812468,
       1.98817595, 1.96516374, 0.02067816, 6.39240358, 6.39389011,
       1.94242242, 5.70043332, 1.87508021, 0.02913226, 5.09117079,
       5.97453526, 0.02913553, 0.24829763, 5.39754458, 5.57014195,
       0.10431332, 5.69530595, 0.04654689, 5.88851268, 5.86523221,
       5.58875237, 5.76435811, 0.02525789, 1.88868758, 0.02847068,
       6.31335832, 6.14934247, 6.20169532, 0.04455053, 5.06492821,
       0.03889121, 1.91236011, 5.64230358, 0.05673995, 1.86089484]), 'delta_distances': array([0.74468105, 0.05536916, 0.68540021, 0.25597737, 0.06809968,
       0.66575989, 0.42000705, 0.28248768, 0.30295821, 0.74251147,
       0.59361305, 0.39345368, 0.70770053, 0.63373263, 0.65422642,
       0.63771253, 0.50445074, 0.63559168, 0.08915379, 0.07439832,
       0.71047095, 0.71706453, 0.68923263, 0.15630937, 0.40159116,
       0.72300716, 0.60642137, 0.68882168, 0.63365811, 0.89629853,
       0.64585032, 0.27009768, 0.41165947, 0.33410242, 0.09448968,
       0.59079705, 0.81112916, 0.08145189, 0.27918137, 0.70183895,
       0.62107642, 0.72850926, 0.33585263, 0.35486789, 0.61554074,
       0.45445853, 0.03127179, 1.04698895, 1.06071063, 0.62484084,
       0.27234853, 0.98944126, 0.33799958, 0.11195137, 0.75306074,
       0.05547789, 0.65493074, 0.09324663, 0.60216737, 0.58350968,
       0.80140053, 0.05721916, 0.64159337, 0.34119642, 0.75593158,
       0.03999337, 0.27458126, 0.09827011, 0.40079084, 0.04813211,
       0.03014558, 0.330582  , 0.62966789, 1.08917863, 0.03435326,
       0.27265295, 0.35931905, 0.83898916, 0.65668674, 0.38145737,
       0.41455705, 0.07429737, 0.65180505, 0.05083347, 0.39103137,
       0.36266305, 0.66277042, 0.09607368, 0.05653737, 0.09490442,
       0.66176484, 0.07063084, 0.06869947, 0.34707105, 0.71122642,
       0.67040568, 0.39262989, 0.32493453, 0.79542568, 0.72400284,
       0.10054421, 0.31723642, 0.98083116, 0.71807874, 0.12323979,
       0.779282  , 0.77129084, 0.03315916, 0.09072832, 0.85448716,
       1.04028495, 0.67782032, 1.07738474, 0.57429232, 1.05921642,
       0.06138684, 0.81928084, 0.34941663, 0.63026116, 0.71892379,
       0.65068474, 0.73465811, 0.72419726, 0.39021389, 0.04564305,
       0.27982947, 0.54513432, 0.66661547, 0.36152021, 0.65290158,
       0.06873442, 0.07802874, 1.04722032, 0.69712   , 0.33980053,
       0.05834621, 0.07822642, 0.37398558, 0.05873779, 0.13684632,
       0.71667105, 0.75777053, 0.73580421, 0.64236884, 0.60258284,
       0.        , 0.78035389, 0.94624958, 0.79452674, 0.38882558,
       0.74026505, 0.57695537, 0.32353884, 0.05346547, 0.96695495,
       0.32049189, 0.31041442, 0.29265937, 0.45034558, 0.05423726,
       0.77462526, 0.34472284, 0.78959211, 0.59411337, 0.69088411,
       0.30310316, 0.32744663, 0.05494874, 0.98802032, 0.97572411,
       0.29421484, 0.62791495, 0.37137463, 0.04983663, 0.667474  ,
       0.64853968, 0.05670305, 0.11851621, 0.67527905, 0.71177937,
       0.08944474, 0.62533674, 0.07673305, 0.63318221, 0.56689179,
       0.74839653, 0.68732537, 0.05209074, 0.33616916, 0.06140253,
       0.64156779, 0.75157821, 0.83534905, 0.05274621, 0.65223705,
       0.07380779, 0.35798874, 0.79089737, 0.07807737, 0.27687095]), 'locations': array([ 51,  90, 158,  56,  80, 172,  73,  67,  60,  14, 187,  53, 157,
       181, 174,  21,  57,  10,  99,  91, 168,   6,   4,  77,  80, 150,
       184,  26, 175,  80, 173,  71,  73,  83,  60,  64, 146,  74, 109,
        54, 179,  42,  87,  65,  26,  73,  50, 104,  85, 176,  72, 124,
       114, 104, 144,  74, 163,  90, 196, 192,  37,  87, 173, 102,  47,
        64,  91,  89,  79,  59,  72,  61, 191,  91,  48, 114,  88,  31,
       176,  65,  78, 101,  23,  98,  89,  87, 187,  96,  83,  64, 162,
        54,  59,  88, 164,   8,  89,  94, 156,  15,  52, 103, 116, 173,
        63,   5,  63,  50, 116,  15, 122,  24, 112, 198,  87,  98,  14,
        91,   9,   4,  38,  40, 148,  52,  90, 100,  11,  17,  98,  58,
        94,  51, 111,  30,  74, 108,  60,  85,  49,  50, 157,  20,  50,
       172, 183,  85,   8, 123,  38,  48, 169, 197,  69,  61,  93,  69,
        50,  64,  69,  82,  20,  85,  32, 175,   3,  74,  92,  86, 114,
        87,  67, 183,  71,  55, 166,  54,  65,  82, 169,  29,  47, 184,
        95, 182, 196,  62,  58,  89, 103,  73,  27,  16,   0, 107, 160,
        93,  94,  41,  94,  72])}], 'clusters': array([0, 1, 0, 1, 1, 0, 1, 1, 1, 0, 0, 1, 0, 0, 0, 0, 1, 0, 1, 1, 0, 0,
       0, 1, 1, 0, 0, 0, 0, 0, 0, 1, 1, 1, 1, 0, 0, 1, 1, 0, 0, 0, 1, 1,
       0, 1, 1, 0, 0, 0, 1, 0, 1, 1, 0, 1, 0, 1, 0, 0, 0, 1, 0, 1, 0, 1,
       1, 1, 1, 1, 1, 1, 0, 0, 1, 1, 1, 0, 0, 1, 1, 1, 0, 1, 1, 1, 0, 1,
       1, 1, 0, 1, 1, 1, 0, 0, 1, 1, 0, 0, 1, 1, 0, 0, 1, 0, 0, 1, 1, 0,
       0, 0, 0, 0, 0, 1, 0, 1, 0, 0, 0, 0, 0, 1, 1, 1, 0, 0, 1, 0, 1, 1,
       0, 0, 1, 1, 1, 1, 1, 1, 0, 0, 0, 0, 0, 1, 0, 0, 0, 1, 0, 0, 1, 1,
       0, 1, 1, 1, 1, 1, 0, 1, 0, 0, 0, 1, 1, 1, 0, 0, 1, 0, 1, 1, 0, 0,
       1, 1, 0, 0, 1, 0, 1, 0, 0, 0, 0, 1, 1, 1, 0, 0, 0, 1, 0, 1, 1, 0,
       1, 1]), 'time': 426.6517608165741}
