lenSubsequence: 5{'RI': 0.6791068580542264, 'num_clusters': 6, 'uShapelets': [{'ts_index': 107, 'loc': 48, 'gap': 0.1071368187924413, 'distances': array([0.35105672, 0.34715009, 0.18530934, 0.11694795, 0.3762342 ,
       0.1621746 , 0.28973369, 0.32995935, 0.32555687, 0.09018194,
       0.27072068, 0.34709655, 0.39082678, 0.29321596, 0.33416223,
       0.24690262, 0.3776059 , 0.36351772, 0.38535639, 0.0909138 ,
       0.38592858, 0.11520656, 0.24163312, 0.32176957, 0.35426353,
       0.30538055, 0.31929212, 0.23585788, 0.12617075, 0.08840959,
       0.10356061, 0.33364941, 0.08649058, 0.3786084 , 0.36335692,
       0.37006216, 0.31424357, 0.33763853, 0.23263352, 0.39132507,
       0.24590224, 0.11694452, 0.40898342, 0.35653071, 0.11835093,
       0.38257271, 0.08321474, 0.25795515, 0.27538889, 0.18008614,
       0.18726809, 0.32083903, 0.15608712, 0.18303424, 0.2881299 ,
       0.38920437, 0.08433085, 0.09087215, 0.14375807, 0.34489809,
       0.32784392, 0.33916225, 0.21455439, 0.28033315, 0.3720367 ,
       0.33250823, 0.17359688, 0.40190211, 0.41279585, 0.15386851,
       0.32418772, 0.36967024, 0.36150569, 0.26348818, 0.35684982,
       0.25290427, 0.17221934, 0.35029817, 0.29283276, 0.13674114,
       0.33491272, 0.34539203, 0.17822013, 0.15162637, 0.12353478,
       0.31027117, 0.07015118, 0.36579954, 0.38934209, 0.07158494,
       0.14448135, 0.20080369, 0.35966623, 0.3877257 , 0.21566746,
       0.29855431, 0.41895687, 0.14288763, 0.27472461, 0.36580025,
       0.40193457, 0.18399957, 0.12764257, 0.36466785, 0.36168573,
       0.16239588, 0.34923869, 0.        , 0.35650741, 0.34764998,
       0.23856422, 0.25021655, 0.07963415, 0.39130535, 0.35590942,
       0.35613851, 0.33122499, 0.24738589, 0.34892219, 0.06594678,
       0.3569477 , 0.19551387, 0.31620297, 0.20242508, 0.38066083,
       0.37702975, 0.37836715, 0.13681398, 0.3288996 , 0.39490464,
       0.38549556, 0.29969412, 0.3722396 , 0.34916353, 0.33163173,
       0.33965847, 0.37617598, 0.33917139, 0.33605805, 0.15961721,
       0.37977215, 0.3022034 , 0.29891529, 0.36080557, 0.38040207,
       0.33813768, 0.29799328, 0.41325606, 0.18361369, 0.07829594,
       0.10143873, 0.34615143, 0.35650284, 0.19445306, 0.16662047,
       0.08580758, 0.36893142, 0.08140314, 0.37986228, 0.13803218,
       0.3804347 , 0.1383596 , 0.30771809, 0.35124442, 0.33746946,
       0.39858546, 0.21099262, 0.37995802, 0.247809  , 0.30202888,
       0.33985213, 0.13102636, 0.36316771, 0.36492906, 0.31104742,
       0.25678627, 0.18522064, 0.16517057, 0.27119158, 0.35677672,
       0.33364635, 0.32159578, 0.10833362, 0.22561046, 0.37034442,
       0.39248116, 0.35206603, 0.08330032, 0.36805399, 0.3851528 ,
       0.39313465, 0.37254512, 0.12211424, 0.14465911, 0.29198138,
       0.33500981, 0.15504039, 0.31803999, 0.31697071, 0.32639506,
       0.20261215, 0.11307206, 0.22379942, 0.22417125, 0.36230816,
       0.34919721, 0.21163073, 0.18916219, 0.32827356, 0.1049125 ]), 'delta_distances': array([0., 0., 0., 0., 0., 0., 0., 0., 0., 0., 0., 0., 0., 0., 0., 0., 0.,
       0., 0., 0., 0., 0., 0., 0., 0., 0., 0., 0., 0., 0., 0., 0., 0., 0.,
       0., 0., 0., 0., 0., 0., 0., 0., 0., 0., 0., 0., 0., 0., 0., 0., 0.,
       0., 0., 0., 0., 0., 0., 0., 0., 0., 0., 0., 0., 0., 0., 0., 0., 0.,
       0., 0., 0., 0., 0., 0., 0., 0., 0., 0., 0., 0., 0., 0., 0., 0., 0.,
       0., 0., 0., 0., 0., 0., 0., 0., 0., 0., 0., 0., 0., 0., 0., 0., 0.,
       0., 0., 0., 0., 0., 0., 0., 0., 0., 0., 0., 0., 0., 0., 0., 0., 0.,
       0., 0., 0., 0., 0., 0., 0., 0., 0., 0., 0., 0., 0., 0., 0., 0., 0.,
       0., 0., 0., 0., 0., 0., 0., 0., 0., 0., 0., 0., 0., 0., 0., 0., 0.,
       0., 0., 0., 0., 0., 0., 0., 0., 0., 0., 0., 0., 0., 0., 0., 0., 0.,
       0., 0., 0., 0., 0., 0., 0., 0., 0., 0., 0., 0., 0., 0., 0., 0., 0.,
       0., 0., 0., 0., 0., 0., 0., 0., 0., 0., 0., 0., 0., 0., 0., 0., 0.,
       0., 0., 0., 0., 0., 0.]), 'locations': array([ 31, 125,  97, 116, 125,  24, 125,   9,  82,  50, 126,  11, 100,
        68,  57,  34,  59,   6,  50, 125,  79,   6,  48,  97,  87,  89,
        47,  61,   9,  58,  34,  88, 114,  50,  30,  85, 123,   5,  80,
        32, 102,  78,  89,  98,  12,  88,  70,  33,  32,  84,   9,  66,
        31,  31,  57,  10,  64,  57,  34,   8,   5,  80, 117,  50, 125,
        50,  53,  84,  50, 126, 127, 127, 122, 126,  79,  39, 125,  12,
        10,  54,  62,  84,  10,  34,  84,  12,  38,  67,  10,  62,  36,
        76,   9,  47, 102,  31, 101,  55,  73,  10,  56,  65,  36,  39,
       104, 126, 127,  48, 115,   8,  64,  98,   9,   8, 124,  97, 101,
       126,  32,  58,  31,  51,  24,   6,  50,  31, 124, 124,  29, 101,
       128, 125,  78,  33, 101,  36, 100,   9, 102,  32, 126,  53,  78,
       125,  99, 101, 126,  13,  53,  34,  32,   6,   9, 123,  59,  65,
        87, 103,  56,  85,  51,  29, 100,  70,  37,  98,  91,  33,  56,
        11,  51,  98, 100,   9,  83,  72,  85,   9,  74, 124, 122, 102,
       125,  91,  23, 125, 102,  88,  87, 128,  33,  94,  61,   9,  82,
        91,  10,  34,  31,  42,  65,  83, 124, 126,  71,  89,  32, 113,
        10,  38])}, {'ts_index': 143, 'loc': 91, 'gap': 0.10336204295839577, 'distances': array([0.21195596, 0.36359306, 0.30801052, 0.27890023, 0.30184093,
       0.1219955 , 0.33458456, 0.31423612, 0.2906632 , 0.31661057,
       0.38370994, 0.09726915, 0.08901062, 0.32535289, 0.28351257,
       0.3520347 , 0.3514554 , 0.34774761, 0.28787752, 0.2972016 ,
       0.34597838, 0.3163884 , 0.21960836, 0.34822856, 0.31978729,
       0.31139608, 0.33550212, 0.31392825, 0.25368959, 0.31447424,
       0.2775675 , 0.33960939, 0.29376301, 0.31760923, 0.29434403,
       0.28391676, 0.2525575 , 0.33244542, 0.32615529, 0.3600017 ,
       0.32876974, 0.31523273, 0.24350056, 0.29184021, 0.28702367,
       0.37759844, 0.30038721, 0.29558305, 0.32465058, 0.32388832,
       0.32827156, 0.321704  , 0.17515762, 0.07369464, 0.30882112,
       0.35996433, 0.19300629, 0.2763846 , 0.23504913, 0.29954883,
       0.3851727 , 0.32695652, 0.30274063, 0.35535976, 0.09457132,
       0.32331446, 0.36879165, 0.37498924, 0.29520164, 0.37605083,
       0.3282535 , 0.08839745, 0.25447511, 0.37698212, 0.29918135,
       0.26699612, 0.29211148, 0.31287352, 0.32436476, 0.25731745,
       0.34001268, 0.35128837, 0.33063148, 0.09522382, 0.26370799,
       0.36456514, 0.30621983, 0.32657426, 0.33695945, 0.28881787,
       0.11445395, 0.36282085, 0.35328534, 0.23345486, 0.24201861,
       0.13004858, 0.11302047, 0.17873483, 0.14065671, 0.22047785,
       0.34183067, 0.        , 0.17840903, 0.36585116, 0.20360271,
       0.34609273, 0.19971844, 0.35405926, 0.23333993, 0.29351887,
       0.12233085, 0.36219792, 0.36343274, 0.38282564, 0.32031048,
       0.26326807, 0.13531358, 0.32107554, 0.1597342 , 0.33752335,
       0.1796195 , 0.32389711, 0.13492221, 0.12979779, 0.19827828,
       0.05660768, 0.36646387, 0.33991898, 0.33208744, 0.08843965,
       0.33026941, 0.33569943, 0.31741318, 0.35685561, 0.34932742,
       0.34079653, 0.33213217, 0.28098869, 0.10910231, 0.28331264,
       0.17374248, 0.36613821, 0.36427897, 0.22546449, 0.15068176,
       0.31442094, 0.19050967]), 'delta_distances': array([0., 0., 0., 0., 0., 0., 0., 0., 0., 0., 0., 0., 0., 0., 0., 0., 0.,
       0., 0., 0., 0., 0., 0., 0., 0., 0., 0., 0., 0., 0., 0., 0., 0., 0.,
       0., 0., 0., 0., 0., 0., 0., 0., 0., 0., 0., 0., 0., 0., 0., 0., 0.,
       0., 0., 0., 0., 0., 0., 0., 0., 0., 0., 0., 0., 0., 0., 0., 0., 0.,
       0., 0., 0., 0., 0., 0., 0., 0., 0., 0., 0., 0., 0., 0., 0., 0., 0.,
       0., 0., 0., 0., 0., 0., 0., 0., 0., 0., 0., 0., 0., 0., 0., 0., 0.,
       0., 0., 0., 0., 0., 0., 0., 0., 0., 0., 0., 0., 0., 0., 0., 0., 0.,
       0., 0., 0., 0., 0., 0., 0., 0., 0., 0., 0., 0., 0., 0., 0., 0., 0.,
       0., 0., 0., 0., 0., 0., 0., 0., 0., 0., 0.]), 'locations': array([ 33,  89,  89,  37, 125,  37, 127,  50,  34,  24, 100,  33,   7,
       112, 125,  91, 126,  53, 126, 125,  97, 127,  49,  88,  84,  39,
        69,   6,  55,  63,  54, 124,  33,  30, 101,  63, 101,  84,   9,
       104, 100, 102, 116, 128,  11, 127,  98,  51,  80,  79,  66,  62,
        78,  69,  89,  81, 125,  78, 124, 102,  80,  60,  79,  10, 126,
        99, 122, 126,  55,  83, 103,  38,  21,  49,  77,  10, 126,  75,
        48,  52,  40,  49,  10, 101,  65,  76,  89,  88, 103,  52,  98,
       125,  11,  67,  57, 124,  60,   9, 124,   8,  87,  91,  37,  92,
        79,  88,  53,  67,  53,  11, 127,  62,  65,  39, 103, 125, 101,
        85, 125, 103,  23,  70, 127,  59,  49,  10,  10, 126,   9, 128,
        75,  33,  88,  13, 100,  54, 100,  47, 101,  10, 128,  13,  64,
         9,  10,  53,   9])}, {'ts_index': 25, 'loc': 62, 'gap': 0.11519525510674383, 'distances': array([0.37353261, 0.1183603 , 0.20164817, 0.34764845, 0.24598081,
       0.3490449 , 0.32854353, 0.09719296, 0.1115135 , 0.36245005,
       0.34476131, 0.35647949, 0.38470506, 0.35936393, 0.36998244,
       0.38440584, 0.        , 0.37697888, 0.27151357, 0.32531056,
       0.3617983 , 0.36440759, 0.35563778, 0.34934307, 0.3570011 ,
       0.28786055, 0.14484959, 0.36765367, 0.38370229, 0.08790912,
       0.30523258, 0.36745938, 0.30471925, 0.35238837, 0.33534752,
       0.21379551, 0.32976688, 0.29576118, 0.35662108, 0.348445  ,
       0.28311375, 0.0965726 , 0.19169187, 0.11577051, 0.16285651,
       0.27281929, 0.33184969, 0.30793042, 0.25306319, 0.37373885,
       0.41552914, 0.11132994, 0.3714252 , 0.07319736, 0.36491442,
       0.23965893, 0.37308885, 0.36777703, 0.16222064, 0.30046795,
       0.28510841, 0.22603684, 0.36631521, 0.35615652, 0.1141765 ,
       0.34212381, 0.30618697, 0.34847831, 0.33497415, 0.34786537,
       0.32260328, 0.21134046, 0.15509253, 0.1664224 , 0.15098202,
       0.36315633, 0.35390971, 0.08140028, 0.32361724, 0.35741388,
       0.31223128, 0.19465567, 0.36632884, 0.28013532, 0.30105632,
       0.28756601, 0.32165142, 0.16505111, 0.335937  , 0.3357364 ,
       0.31264154, 0.32698798, 0.40522747, 0.36780839, 0.3406038 ,
       0.38115106, 0.37243903, 0.15813891, 0.2343845 , 0.08345521,
       0.33564316, 0.391365  , 0.41382413, 0.34700376, 0.39773617,
       0.16745204, 0.25356553, 0.12400102, 0.16765331, 0.36674173,
       0.21233205, 0.29588098, 0.28228711, 0.12783181, 0.2993875 ,
       0.31447261, 0.31899358, 0.38579118, 0.0673484 , 0.2653114 ,
       0.11931153]), 'delta_distances': array([0., 0., 0., 0., 0., 0., 0., 0., 0., 0., 0., 0., 0., 0., 0., 0., 0.,
       0., 0., 0., 0., 0., 0., 0., 0., 0., 0., 0., 0., 0., 0., 0., 0., 0.,
       0., 0., 0., 0., 0., 0., 0., 0., 0., 0., 0., 0., 0., 0., 0., 0., 0.,
       0., 0., 0., 0., 0., 0., 0., 0., 0., 0., 0., 0., 0., 0., 0., 0., 0.,
       0., 0., 0., 0., 0., 0., 0., 0., 0., 0., 0., 0., 0., 0., 0., 0., 0.,
       0., 0., 0., 0., 0., 0., 0., 0., 0., 0., 0., 0., 0., 0., 0., 0., 0.,
       0., 0., 0., 0., 0., 0., 0., 0., 0., 0., 0., 0., 0., 0., 0., 0., 0.,
       0., 0.]), 'locations': array([  9,  80, 102,  83,  11,  92,  77,  91,  52,  68,  24, 124, 125,
        49, 127,  34,  62,  97,  97, 125,  75,  83,  98,  69,   6, 103,
       124,  24,  98,  11,  30,  37,  63,  82,  84,  36,  86, 129,  38,
       116, 112,  55, 126,  38,  50,  80,  79,  57,  91,  89,  56,  53,
        68,  64, 125,  89,  78,  77,   8,  99,  67, 102,  11,  84, 124,
        21,  49,  98,  10, 100,  31,  31, 102,  99,  31,  10,  29,  90,
       125, 101, 103,  39,  63,  32,   9, 123,   9,  77,  51,  87, 104,
       129,  58,  37, 101, 101,  65, 129, 102,  50,  85, 103,  52,  49,
        54, 104, 101,  11,  53,  37, 105,  97,  65,  24,  22,  10, 103,
        65,  64,  70,  51])}, {'ts_index': 156, 'loc': 85, 'gap': 0.10029272786549986, 'distances': array([0.10805505, 0.19802041, 0.07774635, 0.157086  , 0.26633631,
       0.06445795, 0.37140199, 0.22907466, 0.10959862, 0.19245237,
       0.07428589, 0.33815379, 0.14739077, 0.28022789, 0.25416623,
       0.33087875, 0.09618477, 0.12988842, 0.31160895, 0.3087877 ,
       0.06263843, 0.14784542, 0.12241887, 0.19005156, 0.06595805,
       0.07854441, 0.07467598, 0.09116151, 0.19583915, 0.29461574,
       0.25622966, 0.10353813, 0.14224901, 0.29053571, 0.14234778,
       0.3236808 , 0.20551013, 0.03875805, 0.20186844, 0.1223354 ,
       0.08074065, 0.34987524, 0.20964312, 0.11818594, 0.36503054,
       0.09327739, 0.07973595, 0.10710508, 0.10944185, 0.37032713,
       0.08266336, 0.3367139 , 0.34028531, 0.23291333, 0.05108484,
       0.13255348, 0.09052683, 0.08327667, 0.29503722, 0.11344413,
       0.07828413, 0.18903444, 0.1224788 , 0.39329719, 0.06956602,
       0.07941811, 0.07047994, 0.087907  , 0.16995897, 0.07276021,
       0.30430591, 0.17744444, 0.26513776, 0.09633501, 0.33453646,
       0.        , 0.07487143, 0.19111849, 0.17705467, 0.21550557,
       0.07848301, 0.08266794, 0.10047908, 0.16981092, 0.17027096,
       0.20112875, 0.18760205, 0.05803999, 0.22268963, 0.2043112 ,
       0.31499759, 0.20680025, 0.2109327 , 0.22753011, 0.1895657 ]), 'delta_distances': array([0., 0., 0., 0., 0., 0., 0., 0., 0., 0., 0., 0., 0., 0., 0., 0., 0.,
       0., 0., 0., 0., 0., 0., 0., 0., 0., 0., 0., 0., 0., 0., 0., 0., 0.,
       0., 0., 0., 0., 0., 0., 0., 0., 0., 0., 0., 0., 0., 0., 0., 0., 0.,
       0., 0., 0., 0., 0., 0., 0., 0., 0., 0., 0., 0., 0., 0., 0., 0., 0.,
       0., 0., 0., 0., 0., 0., 0., 0., 0., 0., 0., 0., 0., 0., 0., 0., 0.,
       0., 0., 0., 0., 0., 0., 0., 0., 0., 0.]), 'locations': array([ 75,  89,  63,  10, 127,  50,  68,  26,  10,  91, 126,  53,  13,
       126,  53,  73,  88,  54,  11, 124,   6,  64, 101,  88,  61,  37,
        31,  50,  42, 100, 104, 100,  91,  20,  52, 127,  56,  39,  66,
        62,  89,  81,  89, 125,  80,  60,  77,  10, 122,  53,  11, 100,
         2,  49,  34,  10, 125,  88,  48,  10,  29,  32,  88,  54, 100,
       125,  65,  31,  35, 125,  92,  86,  88,  38,  67,  85,  12, 113,
        65, 102,  76, 103,  52,  66,  10,   9,  77,  13, 100,  54,  47,
        10,  66,  39, 101])}, {'ts_index': 35, 'loc': 65, 'gap': 0.11020995472657252, 'distances': array([0.26235037, 0.27699521, 0.10946091, 0.        , 0.10674399,
       0.4143809 , 0.33437224, 0.10217734, 0.14276718, 0.1408684 ,
       0.13219378, 0.11628193, 0.1060172 , 0.16197959, 0.28872327,
       0.16105445, 0.39082189, 0.14662456]), 'delta_distances': array([0., 0., 0., 0., 0., 0., 0., 0., 0., 0., 0., 0., 0., 0., 0., 0., 0.,
       0.]), 'locations': array([122,  61, 103,  65,  42,  35,  73,  61,  56,  79, 103,  11,  90,
         9, 103,  51,  67, 118])}, {'ts_index': 14, 'loc': 113, 'gap': 0.06655109177949964, 'distances': array([0.        , 0.11426448, 0.22011498, 0.11028523, 0.18769954,
       0.22438286]), 'delta_distances': array([0., 0., 0., 0., 0., 0.]), 'locations': array([113, 118,  29,  65,  23,   2])}], 'clusters': array([4, 3, 1, 1, 4, 1, 4, 4, 2, 1, 4, 4, 3, 3, 6, 2, 2, 4, 4, 1, 4, 1,
       4, 6, 4, 3, 4, 4, 1, 1, 1, 5, 1, 4, 4, 5, 5, 4, 4, 3, 4, 1, 4, 3,
       1, 4, 1, 4, 4, 1, 1, 4, 1, 1, 4, 0, 1, 1, 1, 4, 4, 4, 6, 4, 3, 5,
       1, 3, 3, 1, 4, 4, 4, 4, 2, 2, 1, 4, 5, 1, 3, 4, 1, 1, 1, 3, 1, 4,
       5, 1, 1, 1, 4, 4, 3, 2, 4, 1, 4, 5, 4, 1, 1, 5, 3, 1, 2, 1, 5, 4,
       4, 4, 1, 4, 4, 5, 3, 3, 3, 1, 4, 1, 2, 1, 4, 3, 4, 1, 4, 0, 4, 2,
       4, 4, 4, 4, 2, 2, 2, 1, 2, 4, 3, 2, 2, 5, 4, 4, 1, 1, 1, 4, 0, 1,
       1, 1, 4, 1, 4, 1, 2, 1, 4, 4, 3, 4, 3, 2, 4, 2, 4, 1, 2, 4, 2, 2,
       1, 1, 4, 2, 4, 3, 1, 4, 2, 3, 3, 1, 4, 4, 4, 4, 1, 1, 3, 5, 1, 2,
       4, 2, 1, 1, 4, 4, 3, 2, 4, 1, 3, 1]), 'time': 1220.6776094436646}
lenSubsequence: 6{'RI': 0.7001594896331739, 'num_clusters': 6, 'uShapelets': [{'ts_index': 108, 'loc': 22, 'gap': 0.08272180277439026, 'distances': array([0.23491568, 0.13945222, 0.13619186, 0.27881087, 0.32951088,
       0.27538365, 0.12041131, 0.17495036, 0.29792679, 0.16819365,
       0.20193436, 0.18804061, 0.31926621, 0.12799929, 0.30044282,
       0.30553775, 0.14403569, 0.19389133, 0.28287864, 0.13205522,
       0.33373413, 0.09128141, 0.24842084, 0.28664838, 0.10099416,
       0.35018876, 0.25387533, 0.27164728, 0.2986484 , 0.33879981,
       0.30119074, 0.34665602, 0.1099204 , 0.27949495, 0.27523201,
       0.26800795, 0.27723432, 0.19624242, 0.27578461, 0.29504381,
       0.25397506, 0.20357011, 0.08203832, 0.29492194, 0.28572907,
       0.32016156, 0.33514701, 0.26749965, 0.21260239, 0.24621404,
       0.22192673, 0.12848952, 0.23853807, 0.29537791, 0.13235504,
       0.27834405, 0.32665415, 0.25516981, 0.26651192, 0.13346235,
       0.27967489, 0.29081547, 0.30919608, 0.28431057, 0.30334696,
       0.2974234 , 0.31589299, 0.27555301, 0.31898274, 0.30321297,
       0.26638482, 0.28136813, 0.30736338, 0.14065584, 0.2782484 ,
       0.33077931, 0.34062834, 0.32727997, 0.32893176, 0.24784086,
       0.23613568, 0.29690773, 0.26937604, 0.32505422, 0.28101519,
       0.2582357 , 0.31457572, 0.34007616, 0.32264033, 0.33165098,
       0.34529497, 0.08575001, 0.29653606, 0.28855654, 0.21046945,
       0.32061457, 0.25466416, 0.27622466, 0.29803323, 0.33099782,
       0.31132084, 0.34243691, 0.31287713, 0.23667071, 0.32450734,
       0.30759573, 0.12570343, 0.17663903, 0.        , 0.21689039,
       0.31398111, 0.27526606, 0.08822773, 0.24504158, 0.12309833,
       0.32963534, 0.23270457, 0.29029647, 0.28227968, 0.11134172,
       0.25179239, 0.16194115, 0.19176044, 0.31376704, 0.32558484,
       0.26342213, 0.30216965, 0.34710545, 0.3335295 , 0.15864128,
       0.22204216, 0.19307264, 0.29707657, 0.27120259, 0.1812968 ,
       0.1176986 , 0.31433045, 0.23760829, 0.1040089 , 0.32281777,
       0.30195529, 0.30411954, 0.12942574, 0.29954265, 0.2405218 ,
       0.34468816, 0.17333812, 0.27070942, 0.17591219, 0.10470589,
       0.21721614, 0.27777867, 0.0889139 , 0.17381772, 0.32907906,
       0.18348084, 0.17591194, 0.11767432, 0.34096075, 0.25737964,
       0.07998888, 0.21836928, 0.18456257, 0.24020033, 0.26161519,
       0.26923458, 0.24608183, 0.34231541, 0.30368007, 0.16382689,
       0.29028273, 0.29867883, 0.1519024 , 0.34782504, 0.30219843,
       0.34563488, 0.10029149, 0.10903346, 0.30516997, 0.30073394,
       0.11853691, 0.27551441, 0.28390613, 0.30635269, 0.21403282,
       0.1469449 , 0.33487433, 0.29110006, 0.30788631, 0.31727249,
       0.33831459, 0.31669036, 0.18039163, 0.31434162, 0.1692777 ,
       0.23503691, 0.14786685, 0.27887906, 0.31755462, 0.27078732,
       0.31293821, 0.09824588, 0.13287708, 0.19894987, 0.1824435 ,
       0.29366885, 0.22553078, 0.33095702, 0.2880228 , 0.32956161]), 'delta_distances': array([0., 0., 0., 0., 0., 0., 0., 0., 0., 0., 0., 0., 0., 0., 0., 0., 0.,
       0., 0., 0., 0., 0., 0., 0., 0., 0., 0., 0., 0., 0., 0., 0., 0., 0.,
       0., 0., 0., 0., 0., 0., 0., 0., 0., 0., 0., 0., 0., 0., 0., 0., 0.,
       0., 0., 0., 0., 0., 0., 0., 0., 0., 0., 0., 0., 0., 0., 0., 0., 0.,
       0., 0., 0., 0., 0., 0., 0., 0., 0., 0., 0., 0., 0., 0., 0., 0., 0.,
       0., 0., 0., 0., 0., 0., 0., 0., 0., 0., 0., 0., 0., 0., 0., 0., 0.,
       0., 0., 0., 0., 0., 0., 0., 0., 0., 0., 0., 0., 0., 0., 0., 0., 0.,
       0., 0., 0., 0., 0., 0., 0., 0., 0., 0., 0., 0., 0., 0., 0., 0., 0.,
       0., 0., 0., 0., 0., 0., 0., 0., 0., 0., 0., 0., 0., 0., 0., 0., 0.,
       0., 0., 0., 0., 0., 0., 0., 0., 0., 0., 0., 0., 0., 0., 0., 0., 0.,
       0., 0., 0., 0., 0., 0., 0., 0., 0., 0., 0., 0., 0., 0., 0., 0., 0.,
       0., 0., 0., 0., 0., 0., 0., 0., 0., 0., 0., 0., 0., 0., 0., 0., 0.,
       0., 0., 0., 0., 0., 0.]), 'locations': array([125,  81, 127, 116,  62,  38,  63,  54,   8,  34,   9,  11,  65,
       112,  56,  11,   7,  53,  88, 125,  53,  53,  38,  40,  34,  98,
        87,  40,  58,  14,  13,  49, 128,  50, 125,  39,  68, 127,  55,
        63, 101, 126,  10,  63,  86,  31, 123, 101,   9, 123, 122,  30,
        11,  55,  11, 127,  10,  87,  85, 126,  52, 127,   1, 129, 100,
        89,  24,  86, 103,  77,  52,   9,  57,  90,  60,  69, 124,  30,
        82,  89,  53, 124,  30,  82, 123,  50,  52, 103,  80,  39,  63,
       103,  79,  47,  60,  84, 101,  41,  12,  84,  30, 124,   7,  99,
       124,  86, 101,  32,  22, 126,  77, 126,  79,  38,  99, 125,  88,
        89,  66,  37, 102,  52,  36, 112,  30, 101,  75, 124,  65,  54,
       100, 126,  89, 100,  67, 124, 100,  51,  63,  98,  67,   9,  38,
        49,  99,  39,  79,  57, 127,  86, 126,  82,  67,   9,  12,  31,
        66,  64,  36,  77,  98, 125,  39,  38,  60,  37,  78,  34,  40,
        88, 125,  29, 113,  88,  83,  41,  85,  98, 124,  10,  39,  12,
       102, 126,   6,  31,   8,  79,  10, 105,  35,  41, 112,  62,  60,
        22,  65,  87,  64,  64,  11,  43, 125, 125,  87,  39,  88,  39,
        63,  35])}, {'ts_index': 77, 'loc': 30, 'gap': 0.05597110026516572, 'distances': array([0.28599669, 0.31614708, 0.33981215, 0.13167653, 0.28050544,
       0.1588517 , 0.33945708, 0.2479099 , 0.17990936, 0.12529512,
       0.26088861, 0.28755229, 0.3144689 , 0.16747067, 0.24071071,
       0.25958526, 0.33011847, 0.35851803, 0.16704318, 0.18662026,
       0.29950772, 0.28559803, 0.30360551, 0.35292583, 0.15874845,
       0.24892931, 0.22078677, 0.21554226, 0.26219382, 0.29625802,
       0.3092972 , 0.19443524, 0.24109562, 0.26022274, 0.2554268 ,
       0.13660453, 0.31126044, 0.28866206, 0.23287608, 0.23729955,
       0.25070871, 0.14078945, 0.2548607 , 0.25859048, 0.15621571,
       0.31175646, 0.32147282, 0.16923827, 0.27281506, 0.24665607,
       0.20627541, 0.25362473, 0.20943647, 0.08341882, 0.11504775,
       0.31092929, 0.32422873, 0.26038174, 0.2902995 , 0.24688366,
       0.22382849, 0.1812926 , 0.34077962, 0.        , 0.26996299,
       0.1737659 , 0.22753092, 0.29497739, 0.2692998 , 0.25224477,
       0.22035392, 0.31246309, 0.16936382, 0.34257877, 0.33515918,
       0.28917096, 0.31021106, 0.29393243, 0.17114566, 0.3028422 ,
       0.35249271, 0.14441261, 0.19428128, 0.21700767, 0.32428555,
       0.25359033, 0.29683302, 0.20737511, 0.23891239, 0.29809018,
       0.28256461, 0.24345953, 0.21890892, 0.27138603, 0.16702804,
       0.21563729, 0.20702678, 0.20951385, 0.31540085, 0.16170058,
       0.26139809, 0.14999207, 0.28142322, 0.35292545, 0.26345141,
       0.15772592, 0.32008957, 0.33655067, 0.19266514, 0.25606025,
       0.14385442, 0.12196392, 0.2649123 , 0.25356947, 0.32754855,
       0.30727296, 0.24134923, 0.11801079, 0.14854705, 0.28335367,
       0.296193  , 0.32729729, 0.25914607, 0.29954977, 0.28466238,
       0.22220882, 0.20880975, 0.2144209 , 0.28991463, 0.12764488,
       0.32361431, 0.25097762, 0.36066058, 0.22210873, 0.24608133,
       0.29286443, 0.28162381, 0.2908405 , 0.296092  , 0.34830996,
       0.26136138, 0.24568764, 0.24905721, 0.35701312, 0.28321729,
       0.26082335, 0.22042135, 0.11741939, 0.28071982, 0.35347972,
       0.29652908, 0.27952186, 0.14284519, 0.26333193, 0.34826628,
       0.09305129, 0.19112486, 0.25693759, 0.27031273, 0.22984145,
       0.22676008, 0.30070111, 0.27282465, 0.32040489, 0.29289534,
       0.23220641, 0.32264825, 0.24637065, 0.24956389, 0.25502639,
       0.21565796, 0.1361062 , 0.33787961]), 'delta_distances': array([0., 0., 0., 0., 0., 0., 0., 0., 0., 0., 0., 0., 0., 0., 0., 0., 0.,
       0., 0., 0., 0., 0., 0., 0., 0., 0., 0., 0., 0., 0., 0., 0., 0., 0.,
       0., 0., 0., 0., 0., 0., 0., 0., 0., 0., 0., 0., 0., 0., 0., 0., 0.,
       0., 0., 0., 0., 0., 0., 0., 0., 0., 0., 0., 0., 0., 0., 0., 0., 0.,
       0., 0., 0., 0., 0., 0., 0., 0., 0., 0., 0., 0., 0., 0., 0., 0., 0.,
       0., 0., 0., 0., 0., 0., 0., 0., 0., 0., 0., 0., 0., 0., 0., 0., 0.,
       0., 0., 0., 0., 0., 0., 0., 0., 0., 0., 0., 0., 0., 0., 0., 0., 0.,
       0., 0., 0., 0., 0., 0., 0., 0., 0., 0., 0., 0., 0., 0., 0., 0., 0.,
       0., 0., 0., 0., 0., 0., 0., 0., 0., 0., 0., 0., 0., 0., 0., 0., 0.,
       0., 0., 0., 0., 0., 0., 0., 0., 0., 0., 0., 0., 0., 0., 0., 0., 0.,
       0., 0., 0.]), 'locations': array([125,  72, 101,  59,  40, 102,  50, 126,  85,  65,  42,  11,   7,
        32,  38,  49,  53,  48,  31,  51,  51,  14,  58,  62,  50, 125,
        39,  68,  36,  79,  33, 113, 125,  63,  86,  31, 123,  80,  99,
       123,   9,  32,  31, 125,  37,  77,  12,  59, 127,  73,  23, 126,
        89, 101,  51, 104,  91,  52,  39,  10,  60,  69, 124,  30,  82,
       126,  10, 103,  29,  82, 123,  87,  53,  89,  38, 101,  94,  79,
        47,  60, 126,  82,  41,  12,  30,  85,  66,  37,  11, 124,  38,
        98, 126,  90, 125,  62, 126,  31, 125, 125, 102,  37, 112,  49,
       126,  98, 102, 124, 112,  80,  89, 125,  31, 101,  51, 125, 102,
        99,  49,   6, 127,  40,  35,  37, 126,  24, 123,  12,  66,  10,
        55,   9, 125,  27,  83,  38,  37,  79,  34,  55,  48, 125,  29,
       125,  39,  42, 124,  88,  12,  81, 127,  48,  90,  97,  10,  14,
        35,  83,  66,  92, 113,  76,  86,  64,  43,  11,  32,  42,  39,
        88,  39,  80,   8])}, {'ts_index': 44, 'loc': 32, 'gap': 0.06238559118360318, 'distances': array([0.25010576, 0.16197375, 0.32298918, 0.17756124, 0.34838488,
       0.28304262, 0.1445548 , 0.28207405, 0.30884881, 0.30419512,
       0.30568959, 0.27444157, 0.3355222 , 0.36291949, 0.29481237,
       0.22487681, 0.18128864, 0.21069799, 0.37538841, 0.24504027,
       0.2909377 , 0.23494744, 0.18233628, 0.29929522, 0.09567661,
       0.24355792, 0.23671489, 0.24128945, 0.        , 0.13492467,
       0.25391591, 0.10321353, 0.25870747, 0.22626018, 0.21924017,
       0.30952972, 0.30808108, 0.37026207, 0.2508512 , 0.11420229,
       0.26274487, 0.28694735, 0.20801281, 0.2674443 , 0.28509144,
       0.29261969, 0.2102242 , 0.22875147, 0.23437522, 0.2827252 ,
       0.20414461, 0.29476264, 0.22838979, 0.22629616, 0.2598767 ,
       0.23525628, 0.20219958, 0.33054107, 0.32700672, 0.13340159,
       0.22329059, 0.24297109, 0.14758389, 0.2888613 , 0.22640958,
       0.09406459, 0.3137393 , 0.3416741 , 0.32962654, 0.11992998,
       0.28350593, 0.24199993, 0.28532786, 0.30228466, 0.28612663,
       0.31607086, 0.10417493, 0.22364774, 0.30426735, 0.24730442,
       0.2435856 , 0.11285707, 0.21642712, 0.32936621, 0.12299461,
       0.09693263, 0.11095221, 0.09220299, 0.24035513, 0.13134513,
       0.34854379, 0.24427508, 0.2075936 , 0.34867873, 0.18087836,
       0.23043939, 0.34699203, 0.21583894, 0.27248225, 0.25158767,
       0.24327416, 0.26242645, 0.31809043, 0.28832525, 0.31510787,
       0.29306487, 0.22722041, 0.23261764, 0.13188676, 0.19277005,
       0.16797016, 0.26751715, 0.11570889, 0.3607238 , 0.21071611,
       0.15320404, 0.34631114, 0.31673752, 0.21076738, 0.23366822,
       0.25703446, 0.26142237, 0.31533263, 0.21569227, 0.20256854,
       0.16144086, 0.26344138, 0.26680823, 0.24264344, 0.2867316 ,
       0.23657176, 0.28861014, 0.27109174, 0.2419812 , 0.28973507,
       0.27018432, 0.23317608, 0.23537485, 0.15765718, 0.20817891,
       0.21841991, 0.20839179, 0.15445056]), 'delta_distances': array([0., 0., 0., 0., 0., 0., 0., 0., 0., 0., 0., 0., 0., 0., 0., 0., 0.,
       0., 0., 0., 0., 0., 0., 0., 0., 0., 0., 0., 0., 0., 0., 0., 0., 0.,
       0., 0., 0., 0., 0., 0., 0., 0., 0., 0., 0., 0., 0., 0., 0., 0., 0.,
       0., 0., 0., 0., 0., 0., 0., 0., 0., 0., 0., 0., 0., 0., 0., 0., 0.,
       0., 0., 0., 0., 0., 0., 0., 0., 0., 0., 0., 0., 0., 0., 0., 0., 0.,
       0., 0., 0., 0., 0., 0., 0., 0., 0., 0., 0., 0., 0., 0., 0., 0., 0.,
       0., 0., 0., 0., 0., 0., 0., 0., 0., 0., 0., 0., 0., 0., 0., 0., 0.,
       0., 0., 0., 0., 0., 0., 0., 0., 0., 0., 0., 0., 0., 0., 0., 0., 0.,
       0., 0., 0., 0., 0., 0., 0.]), 'locations': array([ 96,  21,  53, 125,  34, 125,  37,  42,  12,   7,  91,  50,  40,
        33,  87,  85,  13,  87,  31,  54,  97,  11,  52,  89,   9,  59,
         9,  10,  32,  38,  90,  31,  11,   9,  85, 125,  87,  85,  50,
        22,   6,  12,  51, 103,   9,  81,   9,  10, 126,  39, 124,  82,
        79,  77,  29, 125,  38,  37, 103,  38, 127,  81,  39,   9,  84,
        82,  54,  10, 127, 123, 112,  83, 125,  33,  98,   8,  98,  10,
       125,  31,  98,  61, 112,  50,  48,  31, 101,  52,  78, 101, 101,
        50,  49, 102,  38, 126,  40, 104,  53, 101, 127,  10, 125, 125,
        55,  86, 103, 128,  53,  38,   8, 124,  84,  40,  61, 102,   9,
       125,  39,  10,  66,  12, 102, 126,  52,  76,  37,  85,  65,  97,
       125,   7,  22,  13,  11, 101,  84,  32, 125,  10,  33,  24,   6])}, {'ts_index': 49, 'loc': 11, 'gap': 0.051337619905550275, 'distances': array([0.31534317, 0.29470141, 0.28776532, 0.30860166, 0.24206544,
       0.13258547, 0.34250365, 0.2816559 , 0.32404231, 0.29502078,
       0.263426  , 0.36908425, 0.26277522, 0.27240034, 0.19708701,
       0.25272626, 0.36440888, 0.18411479, 0.27528948, 0.14575349,
       0.15847643, 0.29855664, 0.14000052, 0.12410989, 0.18674202,
       0.31258877, 0.        , 0.15011048, 0.31004963, 0.18666503,
       0.32932581, 0.32533877, 0.17471965, 0.20392577, 0.32461677,
       0.2672132 , 0.29530791, 0.32390202, 0.24763531, 0.17202002,
       0.24192115, 0.17360343, 0.27342364, 0.20185311, 0.33094556,
       0.27734323, 0.30441787, 0.26367971, 0.24547003, 0.27901888,
       0.28017503, 0.35272995, 0.2984306 , 0.3308912 , 0.30878866,
       0.20272128, 0.29676438, 0.31628287, 0.27617421, 0.28539939,
       0.28307848, 0.26325724, 0.32731777, 0.2894176 , 0.25385576,
       0.16444364, 0.27467644, 0.26521092, 0.25201868, 0.12814372,
       0.29747801, 0.24318901, 0.32481037, 0.28426965, 0.24180069,
       0.28617512, 0.23922418, 0.2799347 , 0.33489393, 0.3048187 ,
       0.30276582, 0.2613318 , 0.12034794, 0.19148434, 0.31469106,
       0.28613447, 0.35954847, 0.17799067, 0.26204572, 0.20553807,
       0.29030017, 0.2820184 , 0.35327457, 0.27169221, 0.22514796,
       0.368059  , 0.27032859, 0.27969786, 0.21379775, 0.17073649,
       0.30681241, 0.2884219 , 0.21948125, 0.30302576, 0.280857  ,
       0.2053834 , 0.31073283, 0.16142521, 0.28500723, 0.20645862,
       0.29391227, 0.30194321, 0.30927948, 0.25049807, 0.27969539,
       0.2425491 , 0.16636914, 0.28103587]), 'delta_distances': array([0., 0., 0., 0., 0., 0., 0., 0., 0., 0., 0., 0., 0., 0., 0., 0., 0.,
       0., 0., 0., 0., 0., 0., 0., 0., 0., 0., 0., 0., 0., 0., 0., 0., 0.,
       0., 0., 0., 0., 0., 0., 0., 0., 0., 0., 0., 0., 0., 0., 0., 0., 0.,
       0., 0., 0., 0., 0., 0., 0., 0., 0., 0., 0., 0., 0., 0., 0., 0., 0.,
       0., 0., 0., 0., 0., 0., 0., 0., 0., 0., 0., 0., 0., 0., 0., 0., 0.,
       0., 0., 0., 0., 0., 0., 0., 0., 0., 0., 0., 0., 0., 0., 0., 0., 0.,
       0., 0., 0., 0., 0., 0., 0., 0., 0., 0., 0., 0., 0., 0., 0., 0.]), 'locations': array([ 96, 127,  54,  50, 126,  42,  11,   7, 101,  49,  40,  98,  51,
        58,  14,  13,  49, 125,  39,  11,  36,  55, 113,   9,  63,  78,
        11,   9,  55, 125,  77,  12, 127,  23, 100,  89, 103,  77,  52,
         9,  10,  60,  69, 124,  82,  10, 124,  29,  82,  85,  38, 104,
       113,  81,   9,  84,  85,  84, 127,  37, 100, 124,  86,  98, 126,
        10, 125,  31,  32, 112,  65, 126, 101,  50,  49, 125, 128, 127,
        79, 104,  81, 127,  24,  32,  12,  66,  55,  11, 103,  54,  38,
       124,  65,  61,  29,  33,  53,  42, 124,  12, 102, 127,  22,  10,
        35,  83,  63,   9,  61,  22,  86,  64,  10,  11,  32,  39,  32,
        39])}, {'ts_index': 166, 'loc': 10, 'gap': 0.06379326312252598, 'distances': array([0.10453407, 0.1165346 , 0.28713981, 0.23146219, 0.2223658 ,
       0.28914392, 0.2419053 , 0.21443408, 0.21457111, 0.26869745,
       0.27642077, 0.15739394, 0.10539641, 0.15410796, 0.13431055,
       0.21978859, 0.27219184, 0.08572106, 0.16868599, 0.27720551,
       0.2454505 , 0.25449196, 0.25559089, 0.3589645 , 0.27678138,
       0.14123891, 0.30094257, 0.24098189, 0.33589985, 0.28534039,
       0.26974883, 0.28100534, 0.2277879 , 0.19427654, 0.20443866,
       0.10321767, 0.13036358, 0.13673026, 0.2825473 , 0.0990283 ,
       0.23964804, 0.20080004, 0.13157377, 0.24180204, 0.21334898,
       0.11734656, 0.29932567, 0.18381993, 0.14751591, 0.22577141,
       0.21260146, 0.28350198, 0.29333583, 0.23870005, 0.26617209,
       0.2695692 , 0.25475972, 0.25920398, 0.08960283, 0.22523063,
       0.29637389, 0.12666682, 0.27310208, 0.17731723, 0.30073636,
       0.32411254, 0.25941624, 0.20414327, 0.29581491, 0.34603419,
       0.18897837, 0.32502586, 0.22193533, 0.        , 0.23557393,
       0.29288011, 0.19659007, 0.2739473 , 0.3247898 , 0.33263144,
       0.32097418, 0.22262539, 0.27282225, 0.16023586, 0.30486845,
       0.26754897, 0.32699318, 0.22270239, 0.24849087, 0.21049868,
       0.2163146 , 0.20536903, 0.30682863, 0.24912525, 0.24786765,
       0.29410259, 0.11341463]), 'delta_distances': array([0., 0., 0., 0., 0., 0., 0., 0., 0., 0., 0., 0., 0., 0., 0., 0., 0.,
       0., 0., 0., 0., 0., 0., 0., 0., 0., 0., 0., 0., 0., 0., 0., 0., 0.,
       0., 0., 0., 0., 0., 0., 0., 0., 0., 0., 0., 0., 0., 0., 0., 0., 0.,
       0., 0., 0., 0., 0., 0., 0., 0., 0., 0., 0., 0., 0., 0., 0., 0., 0.,
       0., 0., 0., 0., 0., 0., 0., 0., 0., 0., 0., 0., 0., 0., 0., 0., 0.,
       0., 0., 0., 0., 0., 0., 0., 0., 0., 0., 0., 0.]), 'locations': array([124,   9,  81,   9, 103, 125, 110, 125,  61,  39,  32,  98, 123,
        88,  57,  33,  10, 126,   9,  11, 127,  35, 113, 125,  99, 125,
        59,   9,  58,  96,  99,  56,  62,  50, 124,  11, 122,   9,  68,
        62,  36,  84,  54,  11, 102,  29,  52, 126,  60,   8, 125, 105,
        10, 103,  11,  88,  77,  31,   9,  39,  66,  52,  55,  86, 127,
       102,  12,  66,  96, 127, 102, 112,   6,  10,  54,  74, 125,  32,
        54,  70,  10,  64, 101, 114,  85, 100,  12, 100, 112, 118,  32,
        63,   8,  64,  50,  90,   7])}], 'clusters': array([5, 1, 1, 3, 5, 2, 1, 0, 2, 0, 0, 3, 2, 1, 4, 0, 1, 0, 2, 1, 0, 1,
       0, 0, 1, 0, 2, 0, 5, 5, 5, 0, 1, 2, 4, 0, 4, 4, 5, 3, 4, 4, 1, 4,
       3, 2, 3, 0, 3, 4, 4, 1, 2, 0, 1, 4, 2, 0, 0, 1, 2, 4, 3, 0, 0, 0,
       2, 2, 5, 0, 0, 4, 0, 1, 4, 0, 0, 2, 0, 2, 0, 0, 0, 5, 5, 5, 2, 0,
       3, 5, 0, 1, 3, 2, 0, 5, 2, 3, 0, 0, 5, 3, 0, 0, 5, 0, 1, 0, 1, 0,
       3, 2, 1, 4, 1, 0, 0, 0, 2, 1, 3, 1, 2, 4, 0, 3, 2, 3, 3, 1, 3, 0,
       2, 2, 3, 1, 0, 5, 1, 0, 0, 2, 1, 2, 5, 0, 0, 0, 0, 1, 0, 4, 1, 4,
       0, 0, 2, 1, 0, 4, 1, 0, 0, 3, 0, 3, 5, 3, 0, 0, 3, 0, 1, 0, 0, 0,
       1, 1, 0, 2, 1, 4, 0, 0, 0, 1, 2, 3, 0, 2, 0, 0, 0, 4, 0, 0, 1, 0,
       0, 0, 0, 1, 1, 0, 3, 0, 4, 5, 2, 3]), 'time': 1754.7238042354584}
lenSubsequence: 7{'RI': 0.7834130781499202, 'num_clusters': 11, 'uShapelets': [{'ts_index': 42, 'loc': 9, 'gap': 0.035275047998361314, 'distances': array([0.09352057, 0.21773013, 0.32268668, 0.2923403 , 0.18010208,
       0.28370583, 0.2636335 , 0.32019627, 0.28931318, 0.23584661,
       0.23479597, 0.22112573, 0.25050981, 0.3187181 , 0.14141583,
       0.27571547, 0.29012376, 0.28440239, 0.28444478, 0.27322599,
       0.27492855, 0.25338343, 0.29907754, 0.10729546, 0.20512419,
       0.18568466, 0.30248721, 0.22301099, 0.27824083, 0.31692209,
       0.25721976, 0.16974782, 0.29217553, 0.22182928, 0.26404873,
       0.24692463, 0.22619851, 0.2558359 , 0.21958985, 0.29215967,
       0.24784715, 0.21204336, 0.        , 0.3093583 , 0.35349666,
       0.3165446 , 0.24816981, 0.2069062 , 0.25655989, 0.25744225,
       0.27192297, 0.23722266, 0.22609226, 0.1820585 , 0.19438031,
       0.27569682, 0.17157973, 0.17320392, 0.28926119, 0.2421889 ,
       0.19742381, 0.22054105, 0.21860004, 0.22780679, 0.31932822,
       0.3127512 , 0.28499881, 0.29855076, 0.23640366, 0.18462368,
       0.29196702, 0.23693509, 0.27191622, 0.31423154, 0.26704286,
       0.21033284, 0.25906726, 0.26248108, 0.32729781, 0.19803112,
       0.2335171 , 0.2974415 , 0.32193228, 0.21874671, 0.24451702,
       0.22494073, 0.19156083, 0.28826172, 0.3227981 , 0.18677497,
       0.30239627, 0.25673046, 0.31277868, 0.31873961, 0.24166113,
       0.21567824, 0.33446948, 0.19307275, 0.23733085, 0.31611429,
       0.2380958 , 0.26385132, 0.2410308 , 0.26261251, 0.23793797,
       0.26463229, 0.28712759, 0.11302559, 0.25259954, 0.23972627,
       0.17077191, 0.22100332, 0.33132672, 0.20785311, 0.2770916 ,
       0.24300556, 0.16016638, 0.29095726, 0.34590236, 0.17598063,
       0.19012701, 0.13587709, 0.25541091, 0.24289713, 0.27629345,
       0.2163666 , 0.25604232, 0.30758498, 0.21774578, 0.26982473,
       0.12806962, 0.22236737, 0.25972454, 0.18109591, 0.2910285 ,
       0.12760498, 0.20426321, 0.28355943, 0.26173972, 0.25520965,
       0.26082515, 0.22823774, 0.32396303, 0.19294958, 0.16953479,
       0.0932869 , 0.24510615, 0.27221408, 0.26252931, 0.1456438 ,
       0.20980973, 0.25654511, 0.19905913, 0.2047887 , 0.25759677,
       0.24839151, 0.28220146, 0.33711298, 0.32005939, 0.18337148,
       0.2774948 , 0.28912019, 0.23770038, 0.31059053, 0.27178611,
       0.18489921, 0.15910121, 0.24037328, 0.30481214, 0.14989   ,
       0.22751935, 0.26203777, 0.27553398, 0.231751  , 0.18280217,
       0.22844853, 0.27791615, 0.28866323, 0.24182508, 0.29233005,
       0.29761525, 0.14102363, 0.26315806, 0.21643236, 0.26383694,
       0.27493662, 0.26016345, 0.14622865, 0.23474455, 0.23003717,
       0.16918049, 0.26163747, 0.25060331, 0.23345533, 0.11471701,
       0.28796534, 0.26023199, 0.25194995, 0.21004847, 0.16736105,
       0.18913288, 0.21625459, 0.30399202, 0.23245202, 0.29083846,
       0.2512921 , 0.15541905, 0.10082897, 0.22100611, 0.16204351]), 'delta_distances': array([0., 0., 0., 0., 0., 0., 0., 0., 0., 0., 0., 0., 0., 0., 0., 0., 0.,
       0., 0., 0., 0., 0., 0., 0., 0., 0., 0., 0., 0., 0., 0., 0., 0., 0.,
       0., 0., 0., 0., 0., 0., 0., 0., 0., 0., 0., 0., 0., 0., 0., 0., 0.,
       0., 0., 0., 0., 0., 0., 0., 0., 0., 0., 0., 0., 0., 0., 0., 0., 0.,
       0., 0., 0., 0., 0., 0., 0., 0., 0., 0., 0., 0., 0., 0., 0., 0., 0.,
       0., 0., 0., 0., 0., 0., 0., 0., 0., 0., 0., 0., 0., 0., 0., 0., 0.,
       0., 0., 0., 0., 0., 0., 0., 0., 0., 0., 0., 0., 0., 0., 0., 0., 0.,
       0., 0., 0., 0., 0., 0., 0., 0., 0., 0., 0., 0., 0., 0., 0., 0., 0.,
       0., 0., 0., 0., 0., 0., 0., 0., 0., 0., 0., 0., 0., 0., 0., 0., 0.,
       0., 0., 0., 0., 0., 0., 0., 0., 0., 0., 0., 0., 0., 0., 0., 0., 0.,
       0., 0., 0., 0., 0., 0., 0., 0., 0., 0., 0., 0., 0., 0., 0., 0., 0.,
       0., 0., 0., 0., 0., 0., 0., 0., 0., 0., 0., 0., 0., 0., 0., 0., 0.,
       0., 0., 0., 0., 0., 0.]), 'locations': array([  9,  41,   2,  19,  63, 128,  49,   9,   6,  50,   8,  65,  34,
         6,  42,  31,  53,  62,  87,  30,  62,  52,  92,   9,  33,  98,
        31,  39, 125, 127,  36, 125, 128,  31,  83,  54,  10,  52, 126,
         7,   7,  10,   9,  76,  33,   9,  52,  63,   9, 124,   8, 102,
       125, 103,  98,  35,  64,  47,  35,   9, 100,  63,   1,  37, 126,
        39,  17, 125,  30,  97,  34,  77,  40,  32, 126,   9,  82,  30,
        65, 125,  99,  29,  86,  34,  10, 122,  52, 103,  38,   7,  11,
       102,  11,  36,   8,  53, 115,  81,  86, 101,  30, 124, 108, 125,
       103,   9,  37,  48,  23, 102,  99,  33,  36, 126,  32,  31, 102,
        34,  11,  59, 124,  40,  50,  39, 101, 100,   9,  32,  29, 101,
        52,  58, 124,  10,  51, 123,  65,  87, 101,  31, 123,  77,  37,
        90,  53, 125,  86,  35,  37, 126,  11, 112, 126, 102, 102, 101,
        85,  14,  85,  65,   9, 103,  26,  64, 128,  63, 124,  11,  54,
        61, 102,  98, 128,  69,   9,  58,  10,  10,  31, 125,  39,  32,
        93, 126,  81,  32,  89,   9,  85,  58,  84,  82,  38,  80, 112,
        45,  29, 126, 124,  54,  10,  71,  65,  99,  34,  89, 101,   6,
       125,  60])}, {'ts_index': 95, 'loc': 85, 'gap': 0.06484929061014252, 'distances': array([0.25478782, 0.33240353, 0.19633186, 0.31956839, 0.2813923 ,
       0.24829652, 0.13263345, 0.27014648, 0.28255846, 0.20969647,
       0.35101832, 0.29807389, 0.17388567, 0.15577753, 0.26107573,
       0.23619552, 0.26095464, 0.26827628, 0.24240835, 0.12642533,
       0.28086811, 0.26792271, 0.2690761 , 0.31525069, 0.28474698,
       0.28396049, 0.27434817, 0.30109878, 0.23022245, 0.25394613,
       0.1634223 , 0.17966818, 0.27645876, 0.19312442, 0.13283213,
       0.1062156 , 0.2225869 , 0.31585275, 0.29175429, 0.28675591,
       0.2653355 , 0.18200799, 0.15794592, 0.09455464, 0.2967061 ,
       0.25515288, 0.15997319, 0.24364601, 0.24437414, 0.2350409 ,
       0.25498463, 0.23126031, 0.28074949, 0.28847879, 0.2850914 ,
       0.26263872, 0.21634627, 0.30512639, 0.25404491, 0.23554462,
       0.16863716, 0.30745435, 0.29027975, 0.19493394, 0.25443958,
       0.26502318, 0.28703041, 0.3512819 , 0.168661  , 0.2566701 ,
       0.25064152, 0.31976797, 0.26595752, 0.15566087, 0.28219342,
       0.20781682, 0.31383468, 0.3544325 , 0.27763115, 0.31379548,
       0.242533  , 0.33779166, 0.28600242, 0.        , 0.29253716,
       0.2823299 , 0.2671499 , 0.31067219, 0.12132384, 0.24833357,
       0.26518048, 0.25998479, 0.26405316, 0.27926812, 0.26662928,
       0.27871978, 0.28113103, 0.2468189 , 0.16088075, 0.23033278,
       0.27346397, 0.27911407, 0.2704976 , 0.3332777 , 0.13093692,
       0.29410085, 0.23681232, 0.26514326, 0.29581426, 0.23692157,
       0.29163936, 0.26294699, 0.23138116, 0.12808526, 0.319171  ,
       0.28083125, 0.2666616 , 0.14469915, 0.27627984, 0.29711368,
       0.2809992 , 0.27424084, 0.33880635, 0.28481178, 0.27018503,
       0.16058489, 0.24400203, 0.2611522 , 0.26979107, 0.26744452,
       0.25144078, 0.28228631, 0.28539451, 0.27997507, 0.32043744,
       0.31477605, 0.13594495, 0.30492714, 0.24723192, 0.21304778,
       0.27439017, 0.26647985, 0.19576265, 0.26897667, 0.27716744,
       0.30243826, 0.10362821, 0.20512901, 0.28801058, 0.27932307,
       0.26479822, 0.25303716, 0.25457406, 0.16284929, 0.24142507,
       0.10234304, 0.30711996, 0.27972073, 0.14563229, 0.23243987,
       0.14696255, 0.2836654 , 0.17888493, 0.26776552, 0.1474108 ,
       0.27363427, 0.12924015, 0.23973128, 0.31969404, 0.2932512 ,
       0.25757734, 0.26648865, 0.2780877 ]), 'delta_distances': array([0., 0., 0., 0., 0., 0., 0., 0., 0., 0., 0., 0., 0., 0., 0., 0., 0.,
       0., 0., 0., 0., 0., 0., 0., 0., 0., 0., 0., 0., 0., 0., 0., 0., 0.,
       0., 0., 0., 0., 0., 0., 0., 0., 0., 0., 0., 0., 0., 0., 0., 0., 0.,
       0., 0., 0., 0., 0., 0., 0., 0., 0., 0., 0., 0., 0., 0., 0., 0., 0.,
       0., 0., 0., 0., 0., 0., 0., 0., 0., 0., 0., 0., 0., 0., 0., 0., 0.,
       0., 0., 0., 0., 0., 0., 0., 0., 0., 0., 0., 0., 0., 0., 0., 0., 0.,
       0., 0., 0., 0., 0., 0., 0., 0., 0., 0., 0., 0., 0., 0., 0., 0., 0.,
       0., 0., 0., 0., 0., 0., 0., 0., 0., 0., 0., 0., 0., 0., 0., 0., 0.,
       0., 0., 0., 0., 0., 0., 0., 0., 0., 0., 0., 0., 0., 0., 0., 0., 0.,
       0., 0., 0., 0., 0., 0., 0., 0., 0., 0., 0., 0., 0., 0., 0., 0., 0.,
       0., 0., 0.]), 'locations': array([ 41, 128,  22,   7,   9,  65, 113,  50, 127,  11,  10,   8, 125,
         6,  62,   9,  30, 126,  37,  50,  34,  31,  39, 125,  80,  87,
       128,  31,  83,  55,  57,  52,  55, 125,   6,  88, 100,  11,  31,
        75,  90,  97, 123,   8,  31,  98,  98,  35,  35,  44, 100,  81,
        22,  37, 126,  79, 127,  12,  29,  62,  97,  96, 124,  90,   9,
        82,  67,  54, 125,  88, 104, 116,  82,   9, 122,  38, 103,  40,
        94,  32,  52,   7,   8,  85,  52,  81,  67,  83,  30, 124,   6,
       125, 103,  78,  37,  45,  78,  97,  36, 126, 100,  31,  98, 123,
        31,  51, 101,  29, 100,  32,  32,  29,  84,  78, 124,  51,  49,
         9, 101,  31, 102,  77,  58,  90,  86,  87, 128,  11,  37, 126,
       123, 102, 124,  85, 105,  86,  51, 103,  26,  83, 128,  11,  40,
       102,  82,   8,  51,  59,  65,  10,  31,  32,  39, 126, 126,  36,
        32,  89,   8,  87,  65,  38,  79,  45,  30,  33,  31,  33,  64,
        98,  95,  60, 125])}, {'ts_index': 164, 'loc': 55, 'gap': 0.031684321812596034, 'distances': array([0.20524301, 0.19689808, 0.27724765, 0.1452192 , 0.224813  ,
       0.2112719 , 0.2318365 , 0.19680641, 0.14707178, 0.24501092,
       0.2119374 , 0.11889417, 0.13687358, 0.16789055, 0.19202518,
       0.13624095, 0.16732952, 0.14973954, 0.19472783, 0.20283819,
       0.22070519, 0.24017767, 0.16071191, 0.10795611, 0.25058073,
       0.21549744, 0.18622457, 0.18363396, 0.10124535, 0.21128795,
       0.18071672, 0.19481509, 0.1462808 , 0.16882028, 0.21456916,
       0.24240076, 0.14741139, 0.21787942, 0.22158165, 0.19710439,
       0.16882538, 0.20189285, 0.15079112, 0.23716437, 0.20383347,
       0.23470938, 0.17538562, 0.20148889, 0.17593884, 0.21897507,
       0.11112869, 0.23259082, 0.23357022, 0.19765004, 0.19285438,
       0.20457207, 0.23200318, 0.21537699, 0.22489233, 0.21005316,
       0.24501629, 0.20667994, 0.18855313, 0.19992433, 0.23909453,
       0.21186651, 0.190077  , 0.17596795, 0.12544147, 0.17225741,
       0.22226538, 0.23296854, 0.08747496, 0.1616436 , 0.18676166,
       0.20057647, 0.22416242, 0.22033205, 0.21499526, 0.24145257,
       0.18929907, 0.21590938, 0.2239055 , 0.22602819, 0.20367942,
       0.22162805, 0.16178701, 0.14090665, 0.18376058, 0.23374145,
       0.23176157, 0.24703829, 0.20984289, 0.12190732, 0.13466413,
       0.20129772, 0.09695925, 0.13197717, 0.18285185, 0.22132961,
       0.19386457, 0.16415687, 0.20965341, 0.09626113, 0.14660544,
       0.21106037, 0.19277591, 0.22141312, 0.21443313, 0.1874463 ,
       0.23044341, 0.22339799, 0.20724015, 0.2054878 , 0.07831755,
       0.24246552, 0.20565895, 0.20597716, 0.        , 0.2010674 ,
       0.24889915, 0.16849358, 0.20487629, 0.18480296, 0.22409523,
       0.23424533, 0.13801097, 0.20941344, 0.23033512, 0.11578326,
       0.24835319, 0.17812021, 0.19182301, 0.17537697, 0.20494898,
       0.24669338, 0.20074764, 0.15224058, 0.12260774, 0.21491316,
       0.17176589, 0.19231758, 0.23164606]), 'delta_distances': array([0., 0., 0., 0., 0., 0., 0., 0., 0., 0., 0., 0., 0., 0., 0., 0., 0.,
       0., 0., 0., 0., 0., 0., 0., 0., 0., 0., 0., 0., 0., 0., 0., 0., 0.,
       0., 0., 0., 0., 0., 0., 0., 0., 0., 0., 0., 0., 0., 0., 0., 0., 0.,
       0., 0., 0., 0., 0., 0., 0., 0., 0., 0., 0., 0., 0., 0., 0., 0., 0.,
       0., 0., 0., 0., 0., 0., 0., 0., 0., 0., 0., 0., 0., 0., 0., 0., 0.,
       0., 0., 0., 0., 0., 0., 0., 0., 0., 0., 0., 0., 0., 0., 0., 0., 0.,
       0., 0., 0., 0., 0., 0., 0., 0., 0., 0., 0., 0., 0., 0., 0., 0., 0.,
       0., 0., 0., 0., 0., 0., 0., 0., 0., 0., 0., 0., 0., 0., 0., 0., 0.,
       0., 0., 0., 0., 0., 0., 0.]), 'locations': array([ 43,  67,  46, 130,  97,  56,  93,  67,  98,  92, 103, 131,  89,
        53,  11,  24, 129,  37,  99,  40,  90, 128,  89,  77, 128,  12,
        68,  12,  13,  87,  88,  58,  11,  75, 127, 127,  66,  14,  75,
       114, 104, 119, 131, 128, 128, 131,  98, 109, 127,  60,  12,  50,
        41,  16, 107,  11, 128,  52, 127, 126, 128,  99,  90,  11,  95,
       107,  99,  38,  85,  54,  12,  43,  85,  52,  37,  39,  79,  89,
       114,   5, 128,  89,  65, 102, 103, 127,  77, 103,  40, 126,  78,
        13, 125,  51,  12, 127,  37, 126,  66,  39,  12, 102,  60, 127,
        54, 114,  87,  10,  48,  55,  12,  14,  16,  40,  13,  51,  40,
        66,  55,  87,  60,  53,  55, 131,  95, 133,  49,  76, 127,  59,
        63,  39,  17,  89,  85, 102,  14,  56, 126, 104, 102,  64,  13])}, {'ts_index': 20, 'loc': 63, 'gap': 0.03994110437610365, 'distances': array([0.20848296, 0.15846508, 0.12154585, 0.24936876, 0.24179528,
       0.28163045, 0.23093464, 0.25084683, 0.14193528, 0.27355818,
       0.        , 0.28140536, 0.28993373, 0.21468536, 0.30678176,
       0.12885939, 0.17480631, 0.24151286, 0.27831022, 0.2505143 ,
       0.26226879, 0.25314105, 0.17398629, 0.24800056, 0.16529582,
       0.28299186, 0.26019569, 0.23710707, 0.23560113, 0.28406399,
       0.27055052, 0.19316563, 0.25059692, 0.26907213, 0.25649505,
       0.25805038, 0.19825937, 0.17225454, 0.25193295, 0.22633869,
       0.30045207, 0.20217087, 0.27131248, 0.20648778, 0.30595607,
       0.29024444, 0.27545453, 0.27011752, 0.27282719, 0.23976496,
       0.24251387, 0.24691996, 0.18598981, 0.32032835, 0.21535718,
       0.26713   , 0.2409744 , 0.29505423, 0.32169102, 0.28065482,
       0.25684624, 0.16976968, 0.25264392, 0.27650797, 0.26946688,
       0.26158261, 0.28604316, 0.25286229, 0.19145651, 0.29634982,
       0.24330086, 0.25570195, 0.32033088, 0.24071552, 0.14969705,
       0.26286522, 0.25132432, 0.25268221, 0.23222126, 0.23691088,
       0.26997611, 0.27206485, 0.3224446 , 0.22835725, 0.15164891,
       0.28508997, 0.2495867 , 0.2129333 , 0.33244631, 0.26046157,
       0.26751414, 0.28571305, 0.24712814, 0.27750904, 0.24831517,
       0.14500515, 0.32836379, 0.30088583, 0.2774492 , 0.30807288,
       0.27730678, 0.26823683, 0.25485568, 0.27794741, 0.27563621,
       0.29493386, 0.16398407, 0.29043973, 0.26169218, 0.25462287,
       0.25466018, 0.28009191, 0.29314311, 0.1616132 , 0.15973868,
       0.25826206, 0.24566838, 0.23166499]), 'delta_distances': array([0., 0., 0., 0., 0., 0., 0., 0., 0., 0., 0., 0., 0., 0., 0., 0., 0.,
       0., 0., 0., 0., 0., 0., 0., 0., 0., 0., 0., 0., 0., 0., 0., 0., 0.,
       0., 0., 0., 0., 0., 0., 0., 0., 0., 0., 0., 0., 0., 0., 0., 0., 0.,
       0., 0., 0., 0., 0., 0., 0., 0., 0., 0., 0., 0., 0., 0., 0., 0., 0.,
       0., 0., 0., 0., 0., 0., 0., 0., 0., 0., 0., 0., 0., 0., 0., 0., 0.,
       0., 0., 0., 0., 0., 0., 0., 0., 0., 0., 0., 0., 0., 0., 0., 0., 0.,
       0., 0., 0., 0., 0., 0., 0., 0., 0., 0., 0., 0., 0., 0., 0., 0.]), 'locations': array([125,  66,  72,  50,  55,  10,  92,  10,  38,  31,  63,  56,  51,
        84,  36,  57,   6,  98,  65,  10,  10,  32,  30,  83,  32,  30,
        32,  34, 127,  52,   9,  21, 127, 100,  39,  52,  51, 103,  11,
        57,  89,  65,  34, 103, 126,  38, 102, 101,  27,  86,   9,  52,
        38,  68, 124,  78,  48,  42,  10,  10,  10,  36,  33, 104,   8,
        64,  87,  67, 125,  89,  31,  10,  10,  49, 128,  67, 101,  98,
       101,  78,  80,  99,  35, 125,  46,   7, 101, 113, 123,  34, 124,
        31,  10,  64, 102,  39,  82,  99,  10,  32, 125,   6,  60,  57,
       103,  33,   9,  10, 102,  36,  24,  22,  11,  43,  32,  33,  39,
        37])}, {'ts_index': 104, 'loc': 102, 'gap': 0.034949727683609766, 'distances': array([0.28809422, 0.25103367, 0.2836641 , 0.2876173 , 0.17542749,
       0.27661171, 0.31825892, 0.22784653, 0.25199557, 0.27117954,
       0.24359458, 0.25462618, 0.29099772, 0.27692166, 0.26200699,
       0.258843  , 0.25205495, 0.27038172, 0.30442018, 0.2619651 ,
       0.22901039, 0.29211881, 0.27440875, 0.27514803, 0.24996575,
       0.2253726 , 0.24219604, 0.16750902, 0.26782825, 0.27779649,
       0.25570253, 0.26851611, 0.14231893, 0.23720031, 0.27538098,
       0.27333897, 0.29326735, 0.26133038, 0.14647541, 0.30057202,
       0.25187894, 0.16932394, 0.30292723, 0.30143075, 0.21066664,
       0.23811432, 0.24725208, 0.23677392, 0.20024043, 0.        ,
       0.27284103, 0.21057079, 0.17629885, 0.23386511, 0.24771468,
       0.25166015, 0.26967986, 0.28369309, 0.17744836, 0.26164422,
       0.28770683, 0.22608791, 0.22666796, 0.22457465, 0.12648596,
       0.26719771, 0.32275615, 0.25460102, 0.3015047 , 0.20632856,
       0.23343375, 0.30385892, 0.29740659, 0.22454839, 0.1388671 ,
       0.11774193, 0.19607737, 0.25602342, 0.29364084, 0.20961712,
       0.29844435, 0.25723129, 0.24151378, 0.11179464, 0.31085251,
       0.23732209, 0.26998945, 0.22056006, 0.13918172, 0.2819935 ,
       0.23315453, 0.2676662 , 0.1606896 , 0.23265811, 0.24992081,
       0.24609028, 0.21338287]), 'delta_distances': array([0., 0., 0., 0., 0., 0., 0., 0., 0., 0., 0., 0., 0., 0., 0., 0., 0.,
       0., 0., 0., 0., 0., 0., 0., 0., 0., 0., 0., 0., 0., 0., 0., 0., 0.,
       0., 0., 0., 0., 0., 0., 0., 0., 0., 0., 0., 0., 0., 0., 0., 0., 0.,
       0., 0., 0., 0., 0., 0., 0., 0., 0., 0., 0., 0., 0., 0., 0., 0., 0.,
       0., 0., 0., 0., 0., 0., 0., 0., 0., 0., 0., 0., 0., 0., 0., 0., 0.,
       0., 0., 0., 0., 0., 0., 0., 0., 0., 0., 0., 0.]), 'locations': array([125,  83,  80,   9,  92,  35,  50,  56,   9,  38,  13,  98,  51,
       102,   9,  12, 123,  65,  33,  85,  98,  52, 127,  36, 100,  49,
        52,  80,  79, 124,  34,  49, 125, 126,  97,  30, 125,  86,  49,
        52,  68,  10,  87,  47,  42,   9,  11,  10,  83, 102, 127, 127,
        20, 126, 125,  95, 124,  50, 123,  66,  32,  10, 101,  90, 126,
         9, 103,  99, 101, 100, 127,  57,  52, 124,  31, 123,  64,  31,
        53,  84,  65,  32,  28,   7,  60,   9,  57,  98,  10, 103,  37,
        54,  22,  56,  42,  39, 100])}, {'ts_index': 153, 'loc': 52, 'gap': 0.05169006687561509, 'distances': array([0.17325707, 0.21187428, 0.10387827, 0.25178358, 0.17632003,
       0.24108824, 0.24325887, 0.26790959, 0.19493605, 0.25999724,
       0.22898253, 0.26566438, 0.09783804, 0.18179966, 0.22066707,
       0.11375858, 0.13281221, 0.30146585, 0.22937273, 0.27861255,
       0.11867781, 0.27476939, 0.22353308, 0.2672081 , 0.15043015,
       0.22092858, 0.23467736, 0.23871942, 0.28228844, 0.17254341,
       0.29115531, 0.27671136, 0.26756359, 0.26664483, 0.28437139,
       0.26121692, 0.30197089, 0.14259301, 0.2610195 , 0.26713334,
       0.291794  , 0.27264575, 0.26483265, 0.22383778, 0.15856907,
       0.27678768, 0.17084745, 0.22233426, 0.0987855 , 0.30528233,
       0.27690703, 0.27928688, 0.24976135, 0.31546388, 0.12745487,
       0.29466216, 0.31148228, 0.21267474, 0.30655154, 0.26921127,
       0.34109476, 0.        , 0.28497007, 0.17301869, 0.30026236,
       0.3047341 , 0.23721436, 0.24730354, 0.25394232, 0.18088296,
       0.2786268 , 0.30053703, 0.2757562 , 0.26240238, 0.14666209,
       0.28343531, 0.18904478, 0.21991215, 0.24556665]), 'delta_distances': array([0., 0., 0., 0., 0., 0., 0., 0., 0., 0., 0., 0., 0., 0., 0., 0., 0.,
       0., 0., 0., 0., 0., 0., 0., 0., 0., 0., 0., 0., 0., 0., 0., 0., 0.,
       0., 0., 0., 0., 0., 0., 0., 0., 0., 0., 0., 0., 0., 0., 0., 0., 0.,
       0., 0., 0., 0., 0., 0., 0., 0., 0., 0., 0., 0., 0., 0., 0., 0., 0.,
       0., 0., 0., 0., 0., 0., 0., 0., 0., 0., 0.]), 'locations': array([125, 124,  80,   9,  35,  31,  56,  51,   9,  36,  98,  65,  79,
        10, 126,  83,  30,  32,  34, 104,  52,  51,  23,  10,  39,  99,
        66,  91, 125,  49,  90,  30, 101,  27,  37, 102, 124,  78,  37,
        42,  81,  11,  12,  86,  53,   9, 125,  31, 124, 124,  66, 101,
       125, 101,  78,  49, 123,  99, 101,  53,  10,  52, 124, 102,  63,
        10,  32,  52,  60,   9,  57,  62, 102,  13,  97,  86,   9,  39,
        10])}, {'ts_index': 6, 'loc': 50, 'gap': 0.047926142728319854, 'distances': array([0.20303161, 0.        , 0.25243769, 0.20174692, 0.21217289,
       0.27359462, 0.16471346, 0.09453954, 0.28086431, 0.23915461,
       0.19904897, 0.24847036, 0.14271929, 0.14843249, 0.17731872,
       0.1723309 , 0.08373103, 0.14428698, 0.26872472, 0.21357209,
       0.09126607, 0.25159526, 0.24486685, 0.21216251, 0.27877614,
       0.20551043, 0.27268979, 0.26458463, 0.24491849, 0.27814394,
       0.22066206, 0.28314514, 0.28533025, 0.25613226, 0.26044878,
       0.2288039 , 0.19772503, 0.22626335, 0.29664592, 0.14912736,
       0.25398456, 0.21537335, 0.33516897, 0.25354058, 0.300052  ,
       0.23065287, 0.28801176, 0.12075248, 0.34492811, 0.25439233,
       0.32117195, 0.25117039, 0.30719158, 0.20797358, 0.13753722,
       0.23969502, 0.24240373, 0.27013414, 0.30326908, 0.24687714,
       0.26364657, 0.23729593, 0.17947128, 0.2730979 ]), 'delta_distances': array([0., 0., 0., 0., 0., 0., 0., 0., 0., 0., 0., 0., 0., 0., 0., 0., 0.,
       0., 0., 0., 0., 0., 0., 0., 0., 0., 0., 0., 0., 0., 0., 0., 0., 0.,
       0., 0., 0., 0., 0., 0., 0., 0., 0., 0., 0., 0., 0., 0., 0., 0., 0.,
       0., 0., 0., 0., 0., 0., 0., 0., 0., 0., 0., 0., 0.]), 'locations': array([ 53,  50,  51,  11,  31,  86,  78,  84,  88,  99,  65,  33,  32,
        32,  33, 127,   9, 128,  11,  99,  56,  89, 125,  38,  30, 100,
       125,  37, 102,  62,  48,  51,  10,  10,  12,  86,  67,  31,  10,
        65, 101,  62, 124,  99, 104, 125,   7,  53,  95,  74,  53,  10,
       124,  52,  10,  57, 103,  33, 102,  13,  34,  33,  50,  79])}, {'ts_index': 154, 'loc': 1, 'gap': 0.022196256064346498, 'distances': array([0.1898585 , 0.2279935 , 0.15781666, 0.16756066, 0.1801689 ,
       0.11394188, 0.11783381, 0.14540764, 0.15829558, 0.08122365,
       0.17271952, 0.14278153, 0.19790601, 0.21130562, 0.21912311,
       0.20817834, 0.14125116, 0.21604824, 0.08505997, 0.1268621 ,
       0.11151858, 0.127694  , 0.19458174, 0.13616433, 0.15608291,
       0.21219777, 0.22234679, 0.17427224, 0.11394217, 0.21831578,
       0.18203743, 0.19683657, 0.20755713, 0.23133116, 0.12213307,
       0.19549681, 0.14253462, 0.13799264, 0.        , 0.15499312,
       0.19496932, 0.18349652, 0.25299782, 0.08064237, 0.17356111,
       0.24717379, 0.1326536 , 0.20535146, 0.13489326, 0.1876848 ,
       0.18258861, 0.18009657]), 'delta_distances': array([0., 0., 0., 0., 0., 0., 0., 0., 0., 0., 0., 0., 0., 0., 0., 0., 0.,
       0., 0., 0., 0., 0., 0., 0., 0., 0., 0., 0., 0., 0., 0., 0., 0., 0.,
       0., 0., 0., 0., 0., 0., 0., 0., 0., 0., 0., 0., 0., 0., 0., 0., 0.,
       0.]), 'locations': array([123, 101,  32,  97,  52, 100,  61, 111,  22,  75,  66,  48,  44,
         8,  20,   5, 117, 122,  29,   8,   3,   6,   1,  50,   3,  29,
        58,  35,  57,  27,  45,  86,  67, 120,  21,   2,  96,  88,   1,
       122,  21,  66,  51,  37,  72, 115,   5, 122, 100,  25, 116,  49])}, {'ts_index': 168, 'loc': 10, 'gap': 0.028703658275405164, 'distances': array([0.19523993, 0.23913223, 0.31792907, 0.24109099, 0.11826489,
       0.22627874, 0.23364572, 0.24112052, 0.2642912 , 0.11256501,
       0.26256852, 0.25058424, 0.23507256, 0.2063204 , 0.29757685,
       0.22245656, 0.17131655, 0.29163304, 0.19400042, 0.22565968,
       0.        , 0.2602193 , 0.17007861, 0.29590289, 0.32105024,
       0.27275524, 0.22711256, 0.23970081, 0.26222256]), 'delta_distances': array([0., 0., 0., 0., 0., 0., 0., 0., 0., 0., 0., 0., 0., 0., 0., 0., 0.,
       0., 0., 0., 0., 0., 0., 0., 0., 0., 0., 0., 0.]), 'locations': array([ 81,   9,  31,  35,  11,   9,  98, 126, 102, 125,  51,  10, 100,
         8,  10, 101,  98, 101, 125, 124,  10, 124,  99, 103, 126,  36,
        33,  90,  51])}, {'ts_index': 117, 'loc': 10, 'gap': 0.02899029662179059, 'distances': array([0.25234424, 0.28948692, 0.32316419, 0.24383094, 0.1823142 ,
       0.16721486, 0.22177286, 0.26226691, 0.15293987, 0.19639214,
       0.21851395, 0.1830131 , 0.        , 0.22314078, 0.26012532,
       0.19300558, 0.28929679, 0.31319747, 0.21489371, 0.30113579,
       0.27410607, 0.17338525, 0.20586978]), 'delta_distances': array([0., 0., 0., 0., 0., 0., 0., 0., 0., 0., 0., 0., 0., 0., 0., 0., 0.,
       0., 0., 0., 0., 0., 0.]), 'locations': array([  7,  10,  31, 126,  89,  98,  78,  30,  51,  86, 100,  36,  10,
       125, 102,  76, 124,  10,  98,  37, 125,  48, 100])}, {'ts_index': 9, 'loc': 118, 'gap': 0.048791317072350654, 'distances': array([0.        , 0.21251144, 0.16676223, 0.12734031, 0.21817131]), 'delta_distances': array([0., 0., 0., 0., 0.]), 'locations': array([118, 123,   7, 122,  64])}], 'clusters': array([ 1, 10,  4,  4,  1,  3,  7,  6,  2, 11,  5,  3,  8,  4,  1,  2,  2,
        3,  3,  0,  4,  3,  2,  1, 10,  1,  3,  7,  7,  8,  4,  1,  4,  3,
        8,  8,  2,  2,  6,  8,  2,  2,  1,  3,  7,  4,  6,  3,  4,  2,  2,
        6,  7,  1,  2,  3,  1,  1,  8,  7,  6,  7,  4,  7,  9,  6,  8,  4,
        4,  1,  5,  2,  7,  3, 10,  4, 10,  6,  5,  2, 10, 10,  8,  9,  2,
        8,  5,  8,  4,  1,  8,  5,  6,  8,  3,  2, 10,  8,  8,  3,  2, 10,
        4,  5,  5, 10,  6,  1,  5, 10,  1,  4,  2,  6,  8,  6,  1, 10,  5,
        1,  2,  1,  3,  4,  7, 10,  9, 10,  3,  3,  1,  2,  6,  1,  3,  1,
        3,  2,  5,  9,  8, 10,  4,  3,  1,  1,  3,  2,  8,  1,  5,  7,  8,
        6,  8,  5,  5,  5,  3,  1,  2,  6,  4,  8,  3,  1,  1,  5,  9,  1,
        0,  9,  5,  2,  1,  7,  8,  3, 11, 10,  3,  1,  2,  4,  2,  5,  8,
        1,  2,  0,  1,  2,  6,  2,  1,  5,  2,  8,  2,  1,  1,  4,  3,  4,
       10, 10,  1,  1, 10,  1]), 'time': 1969.587019443512}
