lenSubsequence: 6{'RI': 0.5006699330066994, 'num_clusters': 4, 'uShapelets': [{'ts_index': 960, 'loc': 9, 'gap': 0.21872183645011023, 'distances': array([0.46953017, 0.26872917, 0.18949583, ..., 0.21870883, 0.10293267,
       0.77512117]), 'delta_distances': array([0.549312  , 0.56199033, 0.66233533, ..., 0.48310333, 0.22543367,
       0.641397  ]), 'locations': array([10,  9, 15, ..., 10,  9,  9])}, {'ts_index': 881, 'loc': 18, 'gap': 0.38087005530950635, 'distances': array([0.80718867, 0.97543833, 0.34221183, 1.31832683, 0.31349717,
       0.29266583, 0.47700383, 0.26811083, 0.73306183, 1.21043017,
       1.0714315 , 0.94666717, 0.43768   , 1.62621533, 0.52264583,
       0.71644467, 0.30256367, 1.569042  , 0.36334117, 0.33266333,
       1.59231733, 0.60327067, 1.59129567, 2.775342  , 1.07033733,
       0.55832217, 1.09376633, 0.65848217, 1.30610733, 0.75648633,
       1.53468983, 1.16281583, 1.07028167, 0.27660117, 0.33635183,
       0.35811683, 0.24078617, 1.52812717, 0.44924067, 0.13717567,
       1.24374567, 0.88252667, 1.38137667, 0.73022767, 0.30696433,
       0.17729733, 1.502239  , 0.77108683, 0.44300967, 0.47946067,
       1.279039  , 0.41386383, 1.27190783, 1.6835255 , 1.49719333,
       0.16806283, 0.68449967, 0.57108067, 0.174403  , 0.25217883,
       0.36728817, 0.33177117, 1.26482583, 0.23948817, 0.422955  ,
       1.21704467, 0.44652983, 1.09738733, 1.10160917, 1.23834483,
       0.6834895 , 0.34072967, 0.781865  , 0.29185567, 2.38034367,
       0.42302183, 1.60398783, 0.81999   , 0.51113333, 1.38540883,
       1.35268667, 0.9516205 , 0.65237333, 1.40233317, 0.75856583,
       1.18731067, 0.93917967, 0.27904983, 1.03949133, 1.64176283,
       0.22593483, 0.7094335 , 1.35642617, 0.47408683, 1.363829  ,
       0.715815  , 0.94908733, 2.00829033, 0.7944    , 0.30884067,
       0.48618983, 1.14422683, 0.38933517, 1.07331433, 1.02911317,
       0.14373617, 0.64515917, 0.72463233, 0.78433333, 0.35170333,
       0.4413755 , 1.102752  , 0.51185417, 1.3847605 , 0.61114683,
       0.52658983, 1.57007217, 0.41836367, 1.7587705 , 0.64793867,
       1.08840683, 0.7795975 , 0.46874183, 1.63839033, 0.48624833,
       0.91182567, 0.68635417, 0.54294933, 1.99034183, 0.34272533,
       1.07802083, 0.7680845 , 0.3215415 , 0.35993083, 0.2469235 ,
       0.87188167, 0.73628733, 0.90656067, 0.2017245 , 1.826743  ,
       0.53773483, 0.80931317, 0.46501633, 1.10490017, 0.668055  ,
       0.39130383, 0.7357725 , 1.08828117, 1.09295083, 1.11468917,
       0.29015033, 1.24683317, 0.291931  , 1.24215217, 1.039694  ,
       0.59305817, 1.74135167, 2.24329033, 0.5073805 , 1.52235417,
       0.60689117, 0.80159317, 1.4796625 , 0.2728065 , 0.73006717,
       0.28992233, 0.37392633, 0.77758217, 0.17112517, 1.75522317,
       0.77736117, 1.60614017, 1.63415217, 1.20753217, 1.31293817,
       0.44565783, 0.39085217, 0.46808017, 0.354426  , 0.7672895 ,
       0.57514633, 0.28164567, 1.86003867, 0.70883033]), 'delta_distances': array([1.210672  , 0.982322  , 0.91745733, 1.19613433, 0.92049   ,
       0.502145  , 0.81768267, 0.67565033, 0.93725133, 1.33565467,
       1.18445667, 1.66559633, 0.77646733, 1.60442133, 0.92143   ,
       1.320291  , 0.595901  , 1.854224  , 0.71445633, 0.988309  ,
       1.180661  , 1.220652  , 1.78218867, 2.11456133, 1.186895  ,
       0.91299   , 0.965262  , 0.972048  , 1.250538  , 0.906428  ,
       1.57503267, 1.71449067, 0.979573  , 0.59446967, 0.72899333,
       0.95734533, 0.50157367, 1.379896  , 0.88924167, 0.30316233,
       1.313368  , 1.21017833, 1.28900967, 0.93098433, 0.756604  ,
       0.54779033, 1.56167633, 0.93168733, 0.61951333, 1.0719    ,
       1.32496167, 0.93767   , 1.22272267, 1.289484  , 1.16815533,
       0.37684167, 0.91122767, 0.683609  , 0.39928067, 0.715941  ,
       0.92420567, 0.70044367, 1.060538  , 0.69518467, 0.696853  ,
       1.08894667, 0.784862  , 1.29128   , 1.57652033, 1.22251667,
       0.70994567, 0.61195767, 1.50874   , 0.69436   , 1.79458633,
       0.63204867, 1.34817133, 0.758462  , 1.14749767, 1.64275133,
       1.24534267, 1.13293633, 1.30150033, 1.38764633, 1.253254  ,
       1.48882933, 1.27516467, 0.54870767, 1.48055833, 1.431171  ,
       0.55372333, 1.05679333, 1.20537667, 0.83857667, 1.92965067,
       0.682005  , 1.03427067, 2.05346233, 1.09414667, 0.736761  ,
       1.30058533, 1.27748867, 0.68862933, 1.49639433, 0.96228233,
       0.47045333, 0.71771667, 1.005572  , 1.18904533, 0.73559933,
       0.81478233, 1.267255  , 0.982242  , 1.533388  , 1.116553  ,
       0.51381367, 1.50062167, 1.121571  , 1.499607  , 1.32919433,
       1.13592867, 1.60732167, 0.728914  , 1.904439  , 0.59156333,
       1.535065  , 1.17363   , 1.043886  , 1.395965  , 0.733007  ,
       1.45787167, 0.91711267, 0.772489  , 0.66854533, 0.63238633,
       1.12631433, 0.87648133, 1.158628  , 0.48378333, 1.75744167,
       0.83308167, 1.032195  , 1.05259   , 1.466821  , 0.819819  ,
       0.93330967, 0.987354  , 1.327075  , 1.516876  , 1.03892867,
       0.57222133, 1.394306  , 0.56434867, 1.36770933, 1.01836167,
       0.808987  , 1.78718267, 1.2327    , 0.75235567, 1.28880533,
       0.870889  , 1.50964267, 2.19783333, 0.763695  , 1.11420667,
       0.453909  , 0.59662   , 1.16184867, 0.49471733, 1.45226167,
       1.435218  , 1.62998267, 1.38437533, 1.71365767, 1.46159933,
       0.94661233, 0.83600233, 1.167345  , 0.72130367, 1.35160367,
       0.42279767, 0.75049767, 1.61441867, 1.01576567]), 'locations': array([17, 17, 17,  8, 15, 16, 16, 17,  8, 17, 17, 17, 17,  9, 16, 16, 16,
       17, 17, 16,  8, 17,  7,  8, 17,  7, 17, 17,  8,  8,  7, 15, 15, 16,
       16, 16, 17, 17, 16, 16, 17, 17, 17,  5, 17, 17, 17, 17, 16, 16, 17,
       16,  7,  8,  8, 17, 16, 17, 16, 17, 15, 17,  6, 16, 15,  8, 17, 17,
       17,  8, 16, 16, 17, 16,  8, 16,  8, 17, 15,  8,  8,  8, 15, 17, 16,
        7, 17, 16, 15, 17, 16, 16,  8, 16, 17,  7,  7, 17, 17, 16, 16, 14,
        7, 17,  7, 15, 17, 17, 16, 17, 16,  6, 15,  7, 17, 16, 17, 17,  8,
       17,  8, 15, 16, 17, 16, 17, 17, 17, 17, 16, 17, 16, 15, 17, 16, 15,
        7, 17, 16, 17, 16, 17, 16, 17, 16, 15, 17,  7, 15, 16, 17,  7, 16,
       17,  8, 17, 17, 17, 16,  7,  8, 15, 17, 16, 16, 17, 16, 17, 17,  7,
       15,  8,  8, 17, 17, 17, 17, 17, 16, 17, 17, 16, 17, 17])}, {'ts_index': 105, 'loc': 17, 'gap': 0.21611489396904826, 'distances': array([0.3398885 , 0.        , 0.05893467, 0.43075783, 0.65656433,
       0.80532717, 0.0199745 , 0.14230733, 0.76060783, 0.3358025 ,
       0.120994  , 0.58382533, 0.87896583, 0.29724417, 0.5666545 ,
       0.74679833, 0.468355  , 0.39485133, 0.44698417, 0.28333833,
       0.73589217, 0.40934383, 0.26663833, 0.47904983, 0.94345783,
       0.23940367, 0.42176383, 0.7876085 , 0.06495917, 0.4415945 ,
       0.58361733]), 'delta_distances': array([0.384831  , 0.        , 0.26503733, 0.62720367, 1.339165  ,
       0.62474767, 0.149965  , 0.40385367, 0.853646  , 0.56180833,
       0.395197  , 0.78250267, 0.35829167, 0.376255  , 0.60073633,
       1.09098267, 0.977889  , 0.70301967, 0.43959467, 0.57195367,
       1.00163833, 0.77056267, 0.3652    , 0.42320533, 0.80533867,
       0.444788  , 0.42005433, 0.625127  , 0.22080267, 0.57021233,
       0.93683333]), 'locations': array([17, 17, 17, 17, 17,  7, 17, 17,  5, 17, 17, 17, 17, 17,  5, 16, 17,
       16, 17, 17, 16, 17, 17, 16, 16, 17, 17,  7, 17, 17, 17])}, {'ts_index': 983, 'loc': 9, 'gap': 0.13882056594330172, 'distances': array([0.06901283, 0.13189717, 0.01580767, 0.2807705 , 0.28914083,
       0.16831117, 0.        ]), 'delta_distances': array([0.17468067, 0.19006533, 0.09078567, 0.35497267, 0.32217267,
       0.24218267, 0.        ]), 'locations': array([9, 9, 9, 2, 9, 1, 9])}], 'clusters': array([2, 1, 1, ..., 1, 1, 2]), 'time': 73.96934294700623}
lenSubsequence: 8{'RI': 0.5034396560343966, 'num_clusters': 4, 'uShapelets': [{'ts_index': 463, 'loc': 3, 'gap': 0.2135213696702693, 'distances': array([0.71003462, 0.57215325, 0.36761325, ..., 0.25321837, 0.29664175,
       0.79888025]), 'delta_distances': array([0.53995725, 0.53659   , 0.54498375, ..., 0.4447    , 0.30046175,
       0.5904505 ]), 'locations': array([5, 4, 4, ..., 4, 4, 5])}, {'ts_index': 551, 'loc': 14, 'gap': 0.4231786857139995, 'distances': array([0.72775487, 0.62103225, 0.57931725, 1.56902612, 0.2147685 ,
       0.44351275, 0.34744338, 0.2413765 , 0.92075012, 1.055607  ,
       0.7050255 , 1.3028265 , 1.45745825, 0.23917963, 0.43738925,
       0.462496  , 0.34837138, 1.02154125, 0.59214363, 0.31407637,
       0.4874325 , 1.09983713, 1.5844835 , 2.065294  , 0.7533745 ,
       1.12415225, 0.35358338, 1.04002625, 0.939406  , 0.530886  ,
       0.81277237, 0.240201  , 0.31661825, 0.35629838, 0.883246  ,
       0.85039975, 0.34974437, 0.17252462, 1.30201312, 0.2353785 ,
       0.68627237, 0.85470175, 0.45695875, 0.15602925, 0.451044  ,
       0.719738  , 0.5702315 , 0.54678188, 0.46315862, 1.15720912,
       0.26635162, 0.57915225, 0.328307  , 1.57829438, 1.37884713,
       0.27675263, 0.38228175, 0.6137825 , 0.3333235 , 0.18901862,
       0.84195325, 0.35524638, 0.3506245 , 0.56700625, 0.45078563,
       0.89241663, 1.04010762, 1.29337888, 0.3915145 , 0.336798  ,
       0.87289075, 0.356775  , 1.764573  , 0.30861675, 1.539893  ,
       0.64641163, 0.52528538, 0.26650363, 1.01141687, 0.801404  ,
       0.240563  , 0.45037325, 1.08576313, 0.45293987, 0.78387862,
       0.37830225, 0.61700263, 1.70249262, 0.30991338, 0.9947595 ,
       0.27608687, 0.69188288, 0.81905362, 0.5434795 , 1.1602645 ,
       0.58003125, 0.        , 0.15987512, 0.6437445 , 0.251453  ,
       0.5473815 , 0.813063  , 0.41959637, 0.40875825, 0.68244688,
       0.29556862, 0.344962  , 0.36793338, 0.96623175, 0.376916  ,
       1.43859212, 0.39874413, 0.56120762, 0.60304713, 0.96392575,
       1.21954675, 0.4048725 , 0.46063725, 0.8694625 , 0.371809  ,
       0.8348275 , 1.430256  , 0.23924637, 0.91122925, 0.53902587,
       0.49685838, 0.711868  , 0.2856235 , 0.45207625, 1.24098212,
       0.246959  , 0.57052687, 0.580724  , 0.34469887, 0.77015675,
       1.33946625, 0.33446438, 0.37591312, 0.83690963, 1.14643837,
       1.58754013, 0.52339725, 0.41735275, 0.25959687, 1.0055755 ,
       0.7375285 , 0.910774  , 0.25241925, 0.3941745 , 1.35096862,
       1.5875605 , 1.20441013, 1.55399537, 0.6407745 , 0.55117975,
       0.68707087, 0.486152  , 1.388027  , 0.23027663, 0.36192962,
       0.31984775, 0.23628425, 0.55800187, 1.22642525, 1.28237938,
       1.63189475, 0.34698875, 0.42711013, 1.15265562, 0.87405038,
       0.794618  , 0.53233375, 0.28669663, 0.35373388, 0.29398012,
       0.6837255 , 0.54717525, 0.33089913, 1.01114238, 0.39420563,
       0.57797538, 0.250838  , 1.53972762, 0.94855088]), 'delta_distances': array([1.20601175, 0.84613675, 0.94326125, 1.2660755 , 0.6661455 ,
       0.72990625, 0.60955125, 0.7244665 , 1.152622  , 0.96619925,
       1.094386  , 2.0462095 , 1.27445375, 0.4922785 , 0.99007175,
       1.07308575, 0.93527325, 1.51613175, 0.682922  , 1.03020725,
       0.8261625 , 1.49224175, 1.35744175, 1.57466875, 1.09597825,
       1.2513105 , 0.5831275 , 1.13654025, 1.1423875 , 0.70287625,
       1.19294525, 0.760987  , 0.60684775, 0.18460025, 1.11004825,
       1.37423625, 0.44798975, 0.6151045 , 1.4833995 , 0.63245175,
       1.081994  , 0.9750275 , 0.49490325, 0.3702445 , 0.85246775,
       1.054657  , 1.001065  , 0.51223125, 0.77360275, 1.3576595 ,
       0.30978075, 1.08001625, 0.701611  , 1.60994725, 1.18152   ,
       0.659954  , 0.531083  , 0.8259785 , 1.1388515 , 0.61992175,
       1.08415325, 0.361998  , 0.94991175, 0.93034425, 0.884231  ,
       0.99615175, 1.56769225, 1.119912  , 0.631462  , 0.65121075,
       0.931229  , 0.75513625, 1.14263475, 0.7126735 , 1.17363475,
       1.081568  , 1.26675725, 0.59519175, 1.0479445 , 1.400845  ,
       0.54064675, 0.64145325, 1.249885  , 0.70008975, 1.10012075,
       0.62774975, 0.79347475, 1.58098975, 0.864418  , 0.941088  ,
       0.731732  , 0.98193525, 0.88744925, 0.59045875, 1.55970975,
       0.85936725, 0.        , 0.440714  , 0.85648975, 0.5404305 ,
       1.1942465 , 1.436716  , 0.74544775, 0.7673475 , 1.08180975,
       0.60397325, 0.64947225, 0.52343475, 1.01728025, 0.638212  ,
       1.99971425, 0.8115895 , 0.90527325, 0.79493325, 0.71303325,
       1.41455025, 0.509778  , 0.82993675, 1.13884175, 0.6207475 ,
       1.1006135 , 1.83785275, 0.58592075, 1.3047385 , 0.607636  ,
       0.9498915 , 1.024452  , 0.6828055 , 0.662889  , 1.180547  ,
       0.710268  , 0.911033  , 0.90181575, 0.48248175, 1.12102725,
       1.514055  , 0.724904  , 0.96376   , 0.83736175, 1.0109985 ,
       0.89501825, 0.58078875, 1.09850175, 0.721752  , 1.03222525,
       1.3669115 , 1.14148425, 0.65720975, 0.744585  , 1.31569975,
       1.27625625, 0.797845  , 1.3344815 , 1.12904075, 0.79298   ,
       0.7552155 , 0.50897175, 1.67607225, 0.368263  , 1.07561775,
       0.592999  , 0.85291225, 0.958453  , 1.023391  , 1.3326005 ,
       1.74586025, 0.690873  , 0.5767535 , 1.16173875, 1.109676  ,
       1.03001475, 0.86044725, 0.6966435 , 0.730066  , 0.49521525,
       1.17883575, 0.748277  , 0.76149775, 1.1079285 , 0.804732  ,
       0.6944475 , 0.78849025, 1.37912775, 1.3985605 ]), 'locations': array([15, 15, 15,  6, 13, 14, 15, 15, 15, 15, 15, 15,  7, 14, 14, 15, 15,
       15, 15, 14, 13, 15,  5,  6, 15, 14, 14, 15,  5, 14, 13, 14, 14, 15,
       15, 12, 13, 14, 15, 14, 15, 15, 14, 15, 12,  5, 15, 14, 15, 15, 13,
       13, 14, 15, 15, 15, 15, 15, 15, 13,  8, 14, 14, 13, 13, 15, 15,  5,
       13, 13, 15, 15,  6, 14,  5, 12, 15, 13,  7, 14, 13, 12,  4, 13,  7,
       13, 13, 15, 15,  6, 14, 12, 15,  5, 15, 15, 14, 14, 12, 13, 15, 15,
       13, 14, 14, 15, 15, 14,  7, 15, 15, 13, 13, 14,  9, 15, 14, 15,  6,
       15, 14, 15, 14, 15, 14, 12,  7, 14, 14,  6, 13, 15, 12, 14, 13, 15,
       14, 15, 13,  6,  4, 13, 15, 14, 15, 13, 15, 15, 14,  5, 15,  4, 15,
       13, 13, 13, 13, 14, 14, 15, 14, 15, 12,  6, 15,  5, 14, 13, 15, 15,
       14, 15, 15, 13, 13, 12, 15, 13, 14, 14, 15, 14, 15, 15])}, {'ts_index': 653, 'loc': 6, 'gap': 0.3515348686311232, 'distances': array([0.07642525, 1.092216  , 0.21350625, 0.16576837, 0.37384313,
       0.35370075, 0.70971325, 0.08829863, 0.0445895 , 0.15937462,
       0.59752437, 0.05788563, 0.7805295 , 0.35552038, 0.        ,
       0.602857  , 0.78689775, 1.12285312, 0.12540238, 0.508122  ,
       1.36339437, 0.3410615 , 0.63496425, 1.10251025, 0.26955725,
       0.433546  , 0.25393138, 0.143622  , 0.0639745 , 0.35056175,
       0.2045375 ]), 'delta_distances': array([0.1173755 , 0.96451625, 0.29037125, 0.29593   , 0.2403165 ,
       0.3314785 , 0.35860875, 0.19334925, 0.147042  , 0.252663  ,
       0.43934125, 0.15554075, 0.700692  , 0.5125715 , 0.        ,
       0.47336175, 0.821437  , 0.55018825, 0.25157125, 0.664723  ,
       1.0334785 , 0.3616755 , 0.57526725, 0.93708675, 0.3320175 ,
       0.45106375, 0.267655  , 0.13215125, 0.19463575, 0.376695  ,
       0.4122025 ]), 'locations': array([ 6,  7,  6,  6,  6,  6,  6,  6,  6,  6,  7,  6,  7,  7,  6,  7,  7,
        4,  6,  3, 14,  6,  9, 13,  5,  6,  5,  6,  6,  7,  7])}, {'ts_index': 899, 'loc': 15, 'gap': 0.1744028442193789, 'distances': array([0.31689987, 0.61018425, 0.2184765 , 0.50102963, 0.27988563,
       0.        ]), 'delta_distances': array([0.70077025, 0.86535   , 0.4306445 , 0.67369225, 0.7872325 ,
       0.        ]), 'locations': array([14,  1,  9, 14, 15, 15])}], 'clusters': array([2, 1, 1, ..., 1, 1, 2]), 'time': 62.75987982749939}
lenSubsequence: 10{'RI': 0.5048295170482952, 'num_clusters': 3, 'uShapelets': [{'ts_index': 727, 'loc': 10, 'gap': 0.4661727409775207, 'distances': array([1.553057 , 0.245684 , 0.1337234, ..., 0.3311598, 0.249725 ,
       1.4971037]), 'delta_distances': array([1.300753 , 0.6777078, 0.486399 , ..., 0.7886468, 0.5696864,
       1.197768 ]), 'locations': array([ 6,  8,  9, ..., 11,  9, 10])}, {'ts_index': 944, 'loc': 8, 'gap': 0.41558963652023473, 'distances': array([0.269847 , 0.2519359, 0.4373482, 0.3859134, 0.1938785, 0.2117436,
       0.3087029, 0.735477 , 0.7487157, 0.2862489, 0.3741679, 0.2070037,
       0.1466725, 0.9276753, 0.8661646, 0.2453535, 1.0026321, 0.3573583,
       0.6175419, 0.3712435, 0.2854285, 0.302946 , 0.136982 , 0.3348712,
       0.7255264, 0.5343293, 0.2438944, 0.2508101, 0.7163096, 0.2650882,
       1.1472461, 0.8101441, 0.4353755, 0.2231704, 0.0946733, 0.2522889,
       0.248256 , 0.3654622, 0.228161 , 0.4829405, 0.5989387, 1.1396074,
       1.216314 , 0.3284692, 0.240847 , 0.3931788, 0.2888297, 0.9352491,
       0.0589472, 0.9624078, 0.8917056, 0.1916836, 0.1820468, 1.1558659,
       0.4087059, 0.7124458, 0.4223479, 1.2590376, 0.3473349, 0.8467814,
       0.3309791, 0.2449614, 0.3845208, 1.3328328, 0.6378041, 0.2514074,
       0.6738309, 0.4771932, 0.3119208, 0.2041416, 0.9403986, 0.5007646,
       0.3654839, 0.2855089, 0.224825 , 0.1322614, 0.1683235, 0.1823661,
       0.2223787, 0.5638291, 0.2935573, 1.1607133, 1.074797 , 0.3963569,
       0.4764465, 0.6494311, 0.2806266, 0.3716588, 0.4142635, 0.2804486,
       0.8888234, 0.2083643, 0.3892451, 0.7877942, 0.2325521, 0.2777287,
       0.4540296, 1.0298158, 0.2254607, 0.0642274, 1.3516151, 0.223103 ,
       0.7434087, 0.3510208, 0.3640448, 0.2824192, 0.9321456, 0.276587 ,
       0.0731219, 0.1131816, 0.3705605, 0.3782944, 0.409148 , 0.6987981,
       0.3550841, 0.2213449, 0.3261748, 0.2700446, 0.2424559, 1.0201004,
       0.7402838, 0.4792426, 0.1665798, 1.0426676, 0.1758528, 0.3063937,
       0.9817799, 0.2550834, 0.3721437, 1.1383502, 0.2207422, 0.4465027,
       1.1581076, 0.3914875, 0.8001286, 0.544444 , 0.7644889, 0.2325725,
       1.0846142, 1.1208548, 0.2951776, 0.4330344, 0.1711811, 0.4370498,
       0.2468321, 0.1813965, 0.395088 , 1.0532152, 0.2307337, 0.4918567,
       0.1120162, 0.3012849, 0.2794409, 0.       , 0.6733084, 0.5459325,
       0.3262482, 1.2951552, 0.6933664, 0.3040523, 0.239815 , 1.1251042,
       0.2761514, 0.6544605, 0.2694968, 0.4920665, 1.3626935, 1.1031241,
       1.1895248, 0.1772766, 0.4788476, 0.2580692, 0.376152 , 0.6227104,
       0.1203864, 0.358954 , 0.2894349, 0.4648971, 0.7683659, 1.1354846,
       1.0366441, 0.691024 , 0.1426449, 0.2450359]), 'delta_distances': array([0.4312396, 0.4909246, 0.6223364, 0.4361468, 0.4283414, 0.319982 ,
       0.485568 , 0.949435 , 0.7353302, 0.5093614, 0.431319 , 0.3564626,
       0.2842304, 0.6984754, 0.9128042, 0.4535834, 1.411209 , 0.5014192,
       0.7247338, 0.6113364, 0.5711322, 0.552144 , 0.4186196, 0.5866162,
       0.7958892, 0.526454 , 0.361157 , 0.3897906, 0.7758578, 0.4202604,
       1.1845596, 0.917341 , 0.6756948, 0.302105 , 0.3227634, 0.4142646,
       0.5168146, 0.6323778, 0.4383212, 0.5999082, 0.7829582, 1.053549 ,
       0.8697898, 0.678325 , 0.5803734, 0.4755294, 0.5105082, 0.952214 ,
       0.2486478, 0.9274432, 0.7795048, 0.4639656, 0.424838 , 0.9356274,
       0.6753462, 0.6086284, 0.6725518, 1.1228342, 0.4745108, 0.8790184,
       0.6191774, 0.46094  , 0.6135842, 0.9782222, 0.8644278, 0.5702054,
       0.8884192, 0.5541604, 0.4999742, 0.5146198, 0.9372768, 0.6661704,
       0.565498 , 0.5181378, 0.3697034, 0.386748 , 0.397038 , 0.4008606,
       0.5722778, 0.6759488, 0.424305 , 1.1203136, 0.9769376, 0.3602366,
       0.6999168, 0.8703706, 0.5803294, 0.373995 , 0.5533278, 0.3496746,
       1.0471836, 0.4880952, 0.4790008, 0.7502478, 0.4680722, 0.5140518,
       0.6018436, 0.706741 , 0.4068544, 0.1895402, 1.0629784, 0.4485254,
       0.8005284, 0.5087078, 0.5897934, 0.5454724, 0.8776756, 0.4190726,
       0.1989044, 0.3280012, 0.6539326, 0.8419826, 0.3972122, 0.7669998,
       0.5584118, 0.4719864, 0.3816444, 0.4484704, 0.5720326, 1.057664 ,
       0.9952902, 0.635863 , 0.3081652, 1.1284818, 0.3963624, 0.5730932,
       0.7447348, 0.4946306, 0.5611664, 0.6959522, 0.5056714, 0.5462902,
       0.8493156, 0.740071 , 0.8186498, 0.5859822, 0.8501346, 0.5692388,
       0.9663978, 1.1372448, 0.4669494, 0.491657 , 0.42575  , 0.6821888,
       0.279578 , 0.4856376, 0.7735986, 1.1405762, 0.4708708, 0.8164168,
       0.4620084, 0.4700008, 0.5283668, 0.       , 0.8193888, 0.6773166,
       0.5103462, 1.305631 , 0.65433  , 0.5296648, 0.6398256, 0.8884222,
       0.5298442, 0.8290854, 0.6218158, 0.5747492, 0.9034196, 1.0459574,
       0.8291656, 0.3390738, 0.6903574, 0.498259 , 0.4973068, 0.696487 ,
       0.3812428, 0.6289124, 0.4443278, 0.8406214, 0.4077958, 0.8277608,
       0.933349 , 0.843177 , 0.2336854, 0.4598354]), 'locations': array([ 8,  8,  8,  8,  8,  8,  8,  7,  8,  1,  8,  8,  9, 13, 13,  9, 13,
        9,  8,  9,  8,  8,  8, 10,  7,  8,  8,  9,  8,  7,  8, 13,  7,  8,
        9,  8,  8,  8,  8,  9,  7,  8,  7,  8,  9,  8,  8,  8,  8,  7,  7,
        8,  8,  7,  8,  7,  8,  7,  9,  7,  8,  8,  8,  7,  7,  8,  8,  6,
        8,  8,  7,  7,  8,  8,  8,  9,  8,  8,  9,  8,  8,  8,  8,  7,  8,
        7,  8,  8,  8, 10,  8,  8,  8,  8,  8,  8,  7,  8,  8,  8, 11,  8,
        9,  8,  8,  9, 13,  9,  8,  8,  9,  8,  7,  8,  8,  8,  8,  8,  8,
        8,  9,  8,  9, 13,  8,  8, 11,  9,  8,  8,  9,  9,  8,  8,  7,  7,
        8,  8,  7, 13,  8,  8,  9,  9,  8,  8,  1, 13,  8,  9,  8,  1,  8,
        8,  8,  6,  8, 12,  8,  8,  8, 12,  9,  7,  9,  8, 10, 13,  8,  8,
       11,  9,  8,  7,  9,  8,  8,  8,  8,  8, 13,  8,  9,  8])}], 'clusters': array([2, 1, 1, ..., 1, 1, 2]), 'time': 51.8197546005249}
