lenSubsequence: 12{'RI': 0.3789929368876737, 'num_clusters': 3, 'uShapelets': [{'ts_index': 170, 'loc': 0, 'gap': 0.04088237166251535, 'distances': array([0.069802  , 0.09739713, 0.08445495, 0.09711055, 0.08941298,
       0.1462315 , 0.05959522, 0.13588869, 0.19923452, 0.10387616,
       0.12127477, 0.08248144, 0.06253877, 0.1780597 , 0.11932565,
       0.1976206 , 0.19297571, 0.15718502, 0.11827466, 0.13127042,
       0.11545162, 0.17297334, 0.06901499, 0.08898646, 0.17926224,
       0.07094158, 0.08025904, 0.07343941, 0.07039122, 0.1100798 ,
       0.12678169, 0.04231299, 0.15791128, 0.05965974, 0.21075659,
       0.07749673, 0.08035114, 0.17231472, 0.10130708, 0.05364725,
       0.15318607, 0.07772454, 0.08207902, 0.06407488, 0.11091592,
       0.08698455, 0.10039792, 0.15710566, 0.06920707, 0.09991034,
       0.14474734, 0.10931507, 0.06260929, 0.13664995, 0.07419391,
       0.08652135, 0.08937565, 0.14601134, 0.10519479, 0.13351649,
       0.25675435, 0.05953104, 0.14843199, 0.20114901, 0.16134435,
       0.07092587, 0.19810277, 0.07284368, 0.09071108, 0.08663008,
       0.06395197, 0.13950553, 0.09487554, 0.13021835, 0.13137803,
       0.09453699, 0.10485536, 0.10400314, 0.1981605 , 0.09159478,
       0.10035835, 0.0909539 , 0.14490768, 0.14004902, 0.07370281,
       0.09288479, 0.0797105 , 0.09323972, 0.09666659, 0.14672982,
       0.070407  , 0.06495939, 0.05714668, 0.10294811, 0.12030196,
       0.12778873, 0.0524515 , 0.08675344, 0.14834829, 0.26953744,
       0.0972354 , 0.06639366, 0.17756591, 0.10893885, 0.07741828,
       0.09767904, 0.25238382, 0.06595648, 0.09915704, 0.16294765,
       0.06592504, 0.05784876, 0.0951124 , 0.15999481, 0.12578335,
       0.13341175, 0.06243285, 0.1211495 , 0.10802488, 0.20465606,
       0.08762594, 0.15067641, 0.19674202, 0.18540234, 0.09879581,
       0.08383184, 0.04706947, 0.09041041, 0.07444704, 0.15588751,
       0.14675409, 0.11710273, 0.1032164 , 0.0727458 , 0.11396527,
       0.06791984, 0.07926389, 0.09987715, 0.20013679, 0.15513328,
       0.07833382, 0.12851159, 0.13871296, 0.10966014, 0.1908627 ,
       0.14089545, 0.18209783, 0.08549529, 0.19280378, 0.23917908,
       0.17734167, 0.19279105, 0.13775683, 0.14834799, 0.07646999,
       0.11609835, 0.07087984, 0.09813907, 0.19785178, 0.056837  ,
       0.08684177, 0.05985445, 0.14247627, 0.07171607, 0.10835532,
       0.07399812, 0.11944946, 0.15381072, 0.16601989, 0.06996299,
       0.        , 0.15780163, 0.15057884, 0.05561112, 0.06741672,
       0.04901403, 0.09609356, 0.06619762, 0.1689239 , 0.12292314,
       0.09429825, 0.18711622, 0.14682449, 0.09212997, 0.12754019,
       0.09207824, 0.06972969, 0.08951916, 0.11141667, 0.07686749,
       0.14619061, 0.05669907, 0.2211564 , 0.11838479, 0.2041333 ,
       0.15998357, 0.1147795 , 0.18297047, 0.08081675, 0.08183588,
       0.06137397, 0.12011768, 0.05457525, 0.05303307, 0.1228857 ,
       0.07416517, 0.07335833, 0.1827337 , 0.11852089, 0.20574656]), 'delta_distances': array([0., 0., 0., 0., 0., 0., 0., 0., 0., 0., 0., 0., 0., 0., 0., 0., 0.,
       0., 0., 0., 0., 0., 0., 0., 0., 0., 0., 0., 0., 0., 0., 0., 0., 0.,
       0., 0., 0., 0., 0., 0., 0., 0., 0., 0., 0., 0., 0., 0., 0., 0., 0.,
       0., 0., 0., 0., 0., 0., 0., 0., 0., 0., 0., 0., 0., 0., 0., 0., 0.,
       0., 0., 0., 0., 0., 0., 0., 0., 0., 0., 0., 0., 0., 0., 0., 0., 0.,
       0., 0., 0., 0., 0., 0., 0., 0., 0., 0., 0., 0., 0., 0., 0., 0., 0.,
       0., 0., 0., 0., 0., 0., 0., 0., 0., 0., 0., 0., 0., 0., 0., 0., 0.,
       0., 0., 0., 0., 0., 0., 0., 0., 0., 0., 0., 0., 0., 0., 0., 0., 0.,
       0., 0., 0., 0., 0., 0., 0., 0., 0., 0., 0., 0., 0., 0., 0., 0., 0.,
       0., 0., 0., 0., 0., 0., 0., 0., 0., 0., 0., 0., 0., 0., 0., 0., 0.,
       0., 0., 0., 0., 0., 0., 0., 0., 0., 0., 0., 0., 0., 0., 0., 0., 0.,
       0., 0., 0., 0., 0., 0., 0., 0., 0., 0., 0., 0., 0., 0., 0., 0., 0.,
       0., 0., 0., 0., 0., 0.]), 'locations': array([ 0,  0,  0, 62,  0,  0,  0,  0,  0,  0,  0,  0,  1,  0,  2, 75,  0,
        0,  1,  0,  0,  0,  0,  0, 77,  0,  0,  0,  0, 75, 75,  0,  0,  0,
       70,  0,  1,  0,  0,  0,  0,  0,  0,  1, 76,  1,  1,  0,  0,  0,  0,
        1,  1, 77,  0,  0,  0,  0, 73,  0,  0,  0, 60,  0, 72,  0,  0,  0,
        0,  0,  0,  0,  0,  0,  0,  0, 70,  1,  0,  0,  0,  1,  0, 73,  0,
        0,  0,  0,  0,  0,  0,  0,  0,  0,  0, 76,  0,  0,  0, 73, 72,  0,
        0, 72,  1,  0,  0,  0, 62,  0,  0,  0,  0, 71,  0,  0,  0,  1,  1,
        0,  0,  0,  0,  0,  0,  0,  0,  0,  1, 74,  0,  1,  0,  0,  1,  0,
        1,  1,  0,  1,  1,  0,  1,  0,  0,  0,  0, 76,  0, 73, 75,  0,  0,
        2,  0,  0,  0,  1, 78,  0,  0,  0,  0,  0,  0,  0,  0, 72,  0,  0,
        0, 71,  0,  0,  0,  0,  0,  0,  2,  1,  0, 74,  0,  0,  0,  0,  0,
        0,  0, 75, 71,  0,  0,  0,  0, 63,  0, 76,  0,  0,  0,  0,  0,  0,
        0,  0,  1,  0,  0,  0])}, {'ts_index': 37, 'loc': 131, 'gap': 0.042127893915406056, 'distances': array([0.10160504, 0.13215878, 0.15952207, 0.06341212, 0.07186436,
       0.18052345, 0.16089489, 0.        , 0.13064091, 0.07629948,
       0.11281896, 0.05688951, 0.0936096 , 0.1924892 , 0.14764988,
       0.16426886, 0.09335509, 0.05932297, 0.04498626, 0.09159262,
       0.10268993, 0.0648036 , 0.11027979, 0.11822272, 0.09782716,
       0.17565234, 0.08906454, 0.18707632, 0.10230143, 0.11100441,
       0.13847395, 0.08351069, 0.0375012 , 0.1724848 , 0.05746841,
       0.0734388 ]), 'delta_distances': array([0., 0., 0., 0., 0., 0., 0., 0., 0., 0., 0., 0., 0., 0., 0., 0., 0.,
       0., 0., 0., 0., 0., 0., 0., 0., 0., 0., 0., 0., 0., 0., 0., 0., 0.,
       0., 0.]), 'locations': array([130, 131,  57, 130, 131,  59,  59, 131, 131, 131,  59, 131, 131,
        58, 130, 131, 130, 131, 130, 131, 131, 131, 129, 130,  60,  59,
       130,  60, 129, 131,  60, 130, 131,  60, 131, 130])}], 'clusters': array([1, 1, 1, 1, 1, 1, 1, 1, 2, 1, 1, 1, 1, 2, 1, 0, 2, 1, 1, 1, 1, 2,
       1, 1, 0, 1, 1, 1, 1, 1, 1, 1, 1, 1, 0, 1, 1, 2, 1, 1, 1, 1, 1, 1,
       1, 1, 1, 1, 1, 1, 1, 1, 1, 1, 1, 1, 1, 1, 1, 1, 2, 1, 1, 2, 2, 1,
       2, 1, 1, 1, 1, 1, 1, 1, 1, 1, 1, 1, 2, 1, 1, 1, 1, 1, 1, 1, 1, 1,
       1, 1, 1, 1, 1, 1, 1, 1, 1, 1, 1, 0, 1, 1, 2, 1, 1, 1, 0, 1, 1, 2,
       1, 1, 1, 1, 1, 1, 1, 1, 1, 2, 1, 1, 2, 2, 1, 1, 1, 1, 1, 1, 1, 1,
       1, 1, 1, 1, 1, 1, 2, 1, 1, 1, 1, 1, 2, 1, 2, 1, 2, 2, 0, 2, 1, 1,
       1, 1, 1, 1, 0, 1, 1, 1, 1, 1, 1, 1, 1, 1, 2, 1, 1, 1, 1, 1, 1, 1,
       1, 1, 2, 1, 1, 2, 1, 1, 1, 1, 1, 1, 1, 1, 1, 1, 2, 1, 2, 1, 1, 0,
       1, 1, 1, 1, 1, 1, 1, 1, 1, 2, 1, 2]), 'time': 76.18395280838013}
lenSubsequence: 15{'RI': 0.38605604921394393, 'num_clusters': 3, 'uShapelets': [{'ts_index': 175, 'loc': 0, 'gap': 0.03532815227089085, 'distances': array([0.08400614, 0.12075728, 0.07514587, 0.14809644, 0.11694494,
       0.13475279, 0.05361878, 0.12758338, 0.18613915, 0.0778922 ,
       0.1222528 , 0.08972335, 0.06389982, 0.16923818, 0.114248  ,
       0.16273463, 0.15747323, 0.15253718, 0.10428836, 0.10592926,
       0.1188148 , 0.173057  , 0.05812263, 0.07412908, 0.16235534,
       0.07375238, 0.04978759, 0.07456565, 0.07192057, 0.09597701,
       0.10062357, 0.05870476, 0.15373184, 0.06913102, 0.17695598,
       0.13510784, 0.08072488, 0.15482007, 0.09579455, 0.06333302,
       0.15245849, 0.08127872, 0.09199222, 0.08486847, 0.11409737,
       0.10243775, 0.09998935, 0.14605526, 0.07628254, 0.09699588,
       0.12570422, 0.09566269, 0.06968682, 0.13704248, 0.07463169,
       0.07955917, 0.09468171, 0.11979757, 0.10685693, 0.1143422 ,
       0.21289746, 0.08909493, 0.19055087, 0.18383529, 0.13705389,
       0.08682455, 0.18358291, 0.10368058, 0.09014073, 0.11167512,
       0.05831935, 0.09423128, 0.1055219 , 0.11536566, 0.11675104,
       0.08069159, 0.13034926, 0.10440868, 0.18367498, 0.08271703,
       0.08682944, 0.08037437, 0.14496087, 0.11252695, 0.11967889,
       0.076881  , 0.07103855, 0.10354452, 0.07192366, 0.14157026,
       0.06342789, 0.06490913, 0.06899047, 0.09568346, 0.11347391,
       0.09641494, 0.06752682, 0.08434598, 0.12388453, 0.22116123,
       0.10896764, 0.08691713, 0.18648246, 0.10749067, 0.07289883,
       0.08845471, 0.22166511, 0.05958203, 0.17199597, 0.14773792,
       0.0865471 , 0.05324263, 0.10779118, 0.15008079, 0.12334549,
       0.10867202, 0.08097305, 0.09225299, 0.10314572, 0.19124791,
       0.0817019 , 0.1270267 , 0.1697359 , 0.15975268, 0.07279411,
       0.09813272, 0.07318269, 0.08006381, 0.1147253 , 0.14410536,
       0.15369379, 0.11661456, 0.07817741, 0.09747175, 0.08018418,
       0.07745399, 0.07197858, 0.09513506, 0.18745052, 0.12073904,
       0.07003828, 0.12449532, 0.12034096, 0.11590276, 0.18517856,
       0.13202205, 0.16636816, 0.08155838, 0.18499819, 0.2123814 ,
       0.15477048, 0.1688424 , 0.14051189, 0.11760346, 0.07598117,
       0.08914438, 0.0794305 , 0.14072435, 0.16507548, 0.06637202,
       0.10481219, 0.06725524, 0.11854171, 0.15899706, 0.11271975,
       0.07879016, 0.11399322, 0.13229072, 0.1608064 , 0.07469708,
       0.05286759, 0.13260811, 0.1485713 , 0.06989529, 0.07744018,
       0.        , 0.0842716 , 0.0709546 , 0.14022265, 0.11473219,
       0.09093038, 0.15289708, 0.13064622, 0.08828499, 0.12656715,
       0.08702237, 0.07444485, 0.10201906, 0.0976896 , 0.08363872,
       0.12560157, 0.0568298 , 0.20271046, 0.09724814, 0.18420645,
       0.13411743, 0.11598063, 0.14141289, 0.062704  , 0.11597161,
       0.06222708, 0.10968012, 0.07769164, 0.06531605, 0.10240224,
       0.09666671, 0.06656212, 0.18013865, 0.11647586, 0.18468777]), 'delta_distances': array([0., 0., 0., 0., 0., 0., 0., 0., 0., 0., 0., 0., 0., 0., 0., 0., 0.,
       0., 0., 0., 0., 0., 0., 0., 0., 0., 0., 0., 0., 0., 0., 0., 0., 0.,
       0., 0., 0., 0., 0., 0., 0., 0., 0., 0., 0., 0., 0., 0., 0., 0., 0.,
       0., 0., 0., 0., 0., 0., 0., 0., 0., 0., 0., 0., 0., 0., 0., 0., 0.,
       0., 0., 0., 0., 0., 0., 0., 0., 0., 0., 0., 0., 0., 0., 0., 0., 0.,
       0., 0., 0., 0., 0., 0., 0., 0., 0., 0., 0., 0., 0., 0., 0., 0., 0.,
       0., 0., 0., 0., 0., 0., 0., 0., 0., 0., 0., 0., 0., 0., 0., 0., 0.,
       0., 0., 0., 0., 0., 0., 0., 0., 0., 0., 0., 0., 0., 0., 0., 0., 0.,
       0., 0., 0., 0., 0., 0., 0., 0., 0., 0., 0., 0., 0., 0., 0., 0., 0.,
       0., 0., 0., 0., 0., 0., 0., 0., 0., 0., 0., 0., 0., 0., 0., 0., 0.,
       0., 0., 0., 0., 0., 0., 0., 0., 0., 0., 0., 0., 0., 0., 0., 0., 0.,
       0., 0., 0., 0., 0., 0., 0., 0., 0., 0., 0., 0., 0., 0., 0., 0., 0.,
       0., 0., 0., 0., 0., 0.]), 'locations': array([ 0,  0,  0, 59,  0,  0,  0,  0,  0,  0,  0,  0,  0,  0,  2, 72,  0,
        0,  0,  1,  1,  0,  0,  0, 78,  0,  0,  0,  0, 75, 75,  0,  0,  0,
       72,  0,  0,  0,  0,  0,  0,  0,  0,  0, 76,  1,  1,  0,  0,  0,  0,
        0,  0, 76,  0,  0,  0,  0, 73,  0,  0,  0, 60,  0, 72,  0,  0,  0,
        0,  0,  0,  0,  0,  0,  0,  0, 70,  1,  0,  0,  0,  1,  0, 73,  0,
        1,  0,  0,  0,  0,  0,  0,  0,  0,  0, 76,  0,  0,  1, 73, 71,  0,
        0, 70,  1,  0,  0,  0, 60,  0,  0,  0,  0,  0,  0,  0,  0,  1,  1,
        0,  0,  0,  0,  0,  0,  0,  0,  0,  1, 74,  0,  1,  0,  0,  1,  0,
        1,  0,  0,  1,  0,  0,  1,  0,  0,  0,  0, 75,  0, 73, 74,  0,  0,
        0,  1,  0,  0,  2, 73,  0,  0,  0,  0,  0,  0,  0,  0, 72,  0,  0,
        0, 71,  0,  0,  0,  0,  0,  0,  2,  1,  0, 75,  0,  0,  0,  0,  1,
        0,  0, 75, 72,  0,  0,  0,  0, 63,  2, 75,  0,  0,  0,  0,  0,  0,
        0,  0,  1,  0,  1,  0])}, {'ts_index': 37, 'loc': 126, 'gap': 0.02522256652066268, 'distances': array([0.05801042, 0.08819148, 0.10627698, 0.08200715, 0.05895852,
       0.13797219, 0.06476034, 0.14971943, 0.        , 0.10565788,
       0.10028178, 0.05533169, 0.05257672, 0.08647345, 0.14277273,
       0.1023377 , 0.09488454, 0.17807374, 0.0500068 , 0.04644662,
       0.07724213, 0.05920563, 0.08711086, 0.06662836, 0.09746069,
       0.08920097, 0.07270944, 0.121105  , 0.05693712, 0.14097253,
       0.06863456, 0.09529218, 0.07780094, 0.03428683, 0.05264886,
       0.06117741]), 'delta_distances': array([0., 0., 0., 0., 0., 0., 0., 0., 0., 0., 0., 0., 0., 0., 0., 0., 0.,
       0., 0., 0., 0., 0., 0., 0., 0., 0., 0., 0., 0., 0., 0., 0., 0., 0.,
       0., 0.]), 'locations': array([126, 125,  52, 124, 126,  53, 126,  53, 126, 126,  42, 126, 126,
       126, 124, 123, 125, 118, 126, 125, 126, 126, 126, 126, 125, 125,
        55,  55, 125, 125, 124,  37, 126, 126, 126, 125])}], 'clusters': array([1, 1, 1, 1, 1, 1, 1, 1, 2, 1, 1, 1, 1, 2, 1, 0, 2, 1, 1, 1, 1, 2,
       1, 1, 0, 1, 1, 1, 1, 1, 1, 1, 2, 1, 0, 1, 1, 2, 1, 1, 1, 1, 1, 1,
       1, 1, 1, 1, 1, 1, 1, 1, 1, 1, 1, 1, 1, 1, 1, 1, 2, 1, 2, 2, 1, 1,
       2, 1, 1, 1, 1, 1, 1, 1, 1, 1, 1, 1, 2, 1, 1, 1, 1, 1, 1, 1, 1, 1,
       1, 1, 1, 1, 1, 1, 1, 1, 1, 1, 1, 0, 1, 1, 2, 1, 1, 1, 2, 1, 0, 1,
       1, 1, 1, 1, 1, 1, 1, 1, 1, 2, 1, 1, 2, 2, 1, 1, 1, 1, 1, 1, 2, 1,
       1, 1, 1, 1, 1, 1, 2, 1, 1, 1, 1, 1, 2, 1, 2, 1, 2, 2, 0, 2, 1, 1,
       1, 1, 1, 1, 0, 1, 1, 1, 1, 2, 1, 1, 1, 1, 2, 1, 1, 1, 1, 1, 1, 1,
       1, 1, 1, 1, 1, 1, 1, 1, 1, 1, 1, 1, 1, 1, 1, 1, 2, 1, 2, 1, 1, 1,
       1, 1, 1, 1, 1, 1, 1, 1, 1, 2, 1, 2]), 'time': 72.95518398284912}
lenSubsequence: 18{'RI': 0.39471405787195263, 'num_clusters': 3, 'uShapelets': [{'ts_index': 175, 'loc': 0, 'gap': 0.03515547222490534, 'distances': array([0.08107764, 0.12051694, 0.06772455, 0.17367801, 0.10529008,
       0.13605236, 0.04784827, 0.11252764, 0.18526806, 0.06722167,
       0.10956853, 0.07897106, 0.06046116, 0.16631312, 0.09887742,
       0.13998877, 0.1541376 , 0.15030456, 0.10858978, 0.11065919,
       0.10812026, 0.16427622, 0.06305874, 0.07696817, 0.14252679,
       0.08353186, 0.05070966, 0.06809774, 0.08729229, 0.08615307,
       0.08698826, 0.05900717, 0.15516416, 0.06684317, 0.15235793,
       0.11712889, 0.07233519, 0.16003659, 0.0826415 , 0.0666468 ,
       0.14989195, 0.08073484, 0.09277365, 0.08415231, 0.11509301,
       0.10920992, 0.09638261, 0.13128527, 0.09235297, 0.11136247,
       0.11485078, 0.10218444, 0.08093716, 0.12347327, 0.06608856,
       0.06800606, 0.08163501, 0.11025084, 0.10252896, 0.10944538,
       0.19500704, 0.08876382, 0.22301882, 0.17945041, 0.11771645,
       0.08950772, 0.17071738, 0.0900407 , 0.07844926, 0.10872634,
       0.04925616, 0.08154666, 0.09192031, 0.1062081 , 0.11517046,
       0.08429751, 0.15073998, 0.10751402, 0.15416483, 0.07454545,
       0.08106989, 0.06841181, 0.13814429, 0.09859023, 0.10143258,
       0.08058969, 0.06465688, 0.14705274, 0.08464094, 0.13528153,
       0.05425952, 0.06571635, 0.05819667, 0.08574263, 0.11259383,
       0.09352792, 0.06512824, 0.07294402, 0.10377482, 0.19082399,
       0.10387992, 0.0755998 , 0.17773203, 0.09155075, 0.08255486,
       0.09962682, 0.20715217, 0.06214368, 0.18033813, 0.1363151 ,
       0.07955443, 0.04808811, 0.09411587, 0.1290406 , 0.11481742,
       0.09475004, 0.07741407, 0.09744812, 0.08730035, 0.16943494,
       0.0780309 , 0.1114625 , 0.16365798, 0.15411461, 0.08609439,
       0.11414275, 0.06585464, 0.0786945 , 0.10441365, 0.12349844,
       0.15407412, 0.10086025, 0.07087062, 0.09193004, 0.07158035,
       0.0693684 , 0.07826181, 0.08577931, 0.1600561 , 0.1267845 ,
       0.07213811, 0.11680081, 0.10995462, 0.10475791, 0.17222651,
       0.11394436, 0.14328516, 0.07939252, 0.16556714, 0.17787858,
       0.14026209, 0.16234271, 0.11807469, 0.10100576, 0.07204746,
       0.08264004, 0.06924966, 0.12030031, 0.15158415, 0.05736646,
       0.09907012, 0.05873192, 0.10761427, 0.13382531, 0.10580492,
       0.08896068, 0.10535091, 0.14264564, 0.13681911, 0.08129295,
       0.05625872, 0.11293422, 0.15331251, 0.07560597, 0.07189451,
       0.        , 0.07638855, 0.07550736, 0.12588715, 0.09848098,
       0.07596316, 0.13382533, 0.11130354, 0.08446443, 0.13001728,
       0.07630832, 0.08653812, 0.09965558, 0.08909514, 0.07925169,
       0.11013341, 0.05426766, 0.19057188, 0.10231813, 0.18228038,
       0.12204773, 0.11368851, 0.12763635, 0.06377872, 0.09767744,
       0.07365739, 0.09995005, 0.07201363, 0.06083516, 0.09112334,
       0.08713568, 0.06434811, 0.1620885 , 0.10472647, 0.16937025]), 'delta_distances': array([0., 0., 0., 0., 0., 0., 0., 0., 0., 0., 0., 0., 0., 0., 0., 0., 0.,
       0., 0., 0., 0., 0., 0., 0., 0., 0., 0., 0., 0., 0., 0., 0., 0., 0.,
       0., 0., 0., 0., 0., 0., 0., 0., 0., 0., 0., 0., 0., 0., 0., 0., 0.,
       0., 0., 0., 0., 0., 0., 0., 0., 0., 0., 0., 0., 0., 0., 0., 0., 0.,
       0., 0., 0., 0., 0., 0., 0., 0., 0., 0., 0., 0., 0., 0., 0., 0., 0.,
       0., 0., 0., 0., 0., 0., 0., 0., 0., 0., 0., 0., 0., 0., 0., 0., 0.,
       0., 0., 0., 0., 0., 0., 0., 0., 0., 0., 0., 0., 0., 0., 0., 0., 0.,
       0., 0., 0., 0., 0., 0., 0., 0., 0., 0., 0., 0., 0., 0., 0., 0., 0.,
       0., 0., 0., 0., 0., 0., 0., 0., 0., 0., 0., 0., 0., 0., 0., 0., 0.,
       0., 0., 0., 0., 0., 0., 0., 0., 0., 0., 0., 0., 0., 0., 0., 0., 0.,
       0., 0., 0., 0., 0., 0., 0., 0., 0., 0., 0., 0., 0., 0., 0., 0., 0.,
       0., 0., 0., 0., 0., 0., 0., 0., 0., 0., 0., 0., 0., 0., 0., 0., 0.,
       0., 0., 0., 0., 0., 0.]), 'locations': array([ 0,  0,  0, 59,  0,  0,  0,  0,  0,  0,  0,  0,  0,  0,  0, 72,  0,
        0,  0,  1,  0,  0,  0,  0, 78,  0,  0,  0,  0, 75, 75,  0,  0,  0,
       72,  0,  0,  0,  0,  0,  0,  0,  0,  0, 73,  1,  1,  0,  0,  0,  0,
        0,  0, 76,  0,  0,  0,  0, 75,  0,  0,  0, 57,  0, 72,  0,  0,  0,
        0,  0,  0,  0,  0,  0,  0,  0, 72,  1,  0,  0,  0,  1,  0, 73,  0,
        1,  0,  0,  0,  0,  0,  1,  0,  0,  0, 76,  0,  0,  1, 73, 71,  0,
        0, 70,  0,  0,  0,  0, 62,  0,  0,  0,  0,  0,  0,  0,  0,  1,  1,
        0,  0,  0,  0,  0,  0,  0,  0,  0,  1, 74,  0,  1,  0,  0,  1,  0,
        1,  0,  0,  1,  0,  0,  1,  0,  0,  0,  0, 75,  0, 73, 74,  0,  0,
        0,  0,  0,  0,  2, 73,  0,  1,  0,  0,  0,  0,  0,  0, 70,  0,  0,
        0, 71,  0,  0,  0,  0,  0,  0,  2,  0,  0, 75,  0,  0,  0,  0,  1,
        0,  0, 75, 71,  0,  0,  0,  0, 63,  2, 75,  0,  0,  0,  0,  0,  0,
        0,  0,  1,  0,  0,  0])}, {'ts_index': 148, 'loc': 0, 'gap': 0.05044919593080702, 'distances': array([0.17621144, 0.11078236, 0.09494602, 0.1203643 , 0.09794679,
       0.10655767, 0.11461659, 0.18577377, 0.11678995, 0.12384887,
       0.15525789, 0.22542319, 0.11934527, 0.09788031, 0.21400446,
       0.13215034, 0.21194986, 0.21909031, 0.11243425, 0.19152726,
       0.20366417, 0.11977779, 0.13269519, 0.11273498, 0.13036164,
       0.12060246, 0.07909108, 0.        , 0.20399102, 0.12678928,
       0.13369331, 0.10898205, 0.11461063, 0.117732  , 0.13288724,
       0.13070401]), 'delta_distances': array([0., 0., 0., 0., 0., 0., 0., 0., 0., 0., 0., 0., 0., 0., 0., 0., 0.,
       0., 0., 0., 0., 0., 0., 0., 0., 0., 0., 0., 0., 0., 0., 0., 0., 0.,
       0., 0.]), 'locations': array([63,  0,  0,  0,  0,  1,  0, 75,  0,  0,  0, 63,  0,  0, 74,  2,  3,
        3,  0,  0, 65,  0,  0,  1,  0, 73,  0,  0, 76,  0, 78,  0,  0,  0,
        0,  0])}, {'ts_index': 76, 'loc': 54, 'gap': 0.0506528785670817, 'distances': array([0.0811622 , 0.        , 0.12137113, 0.16743322, 0.21545298,
       0.19690155, 0.10328975]), 'delta_distances': array([0., 0., 0., 0., 0., 0., 0.]), 'locations': array([ 45,  54, 125,  53, 125, 118,  59])}], 'clusters': array([1, 1, 1, 2, 1, 1, 1, 1, 2, 1, 1, 1, 1, 2, 1, 1, 2, 2, 1, 1, 1, 2,
       1, 1, 1, 1, 1, 1, 1, 1, 1, 1, 2, 1, 2, 1, 1, 2, 1, 1, 2, 1, 1, 1,
       1, 1, 1, 1, 1, 1, 1, 1, 1, 1, 1, 1, 1, 1, 1, 1, 2, 1, 3, 2, 1, 1,
       2, 1, 1, 1, 1, 1, 1, 1, 1, 1, 3, 1, 2, 1, 1, 1, 1, 1, 1, 1, 1, 3,
       1, 1, 1, 1, 1, 1, 1, 1, 1, 1, 1, 0, 1, 1, 2, 1, 1, 1, 0, 1, 0, 1,
       1, 1, 1, 1, 1, 1, 1, 1, 1, 2, 1, 1, 2, 2, 1, 1, 1, 1, 1, 1, 2, 1,
       1, 1, 1, 1, 1, 1, 2, 1, 1, 1, 1, 1, 2, 1, 1, 1, 2, 3, 1, 2, 1, 1,
       1, 1, 1, 1, 2, 1, 1, 1, 1, 1, 1, 1, 1, 1, 1, 1, 1, 1, 2, 1, 1, 1,
       1, 1, 1, 1, 1, 1, 1, 1, 1, 1, 1, 1, 1, 1, 1, 1, 2, 1, 2, 1, 1, 1,
       1, 1, 1, 1, 1, 1, 1, 1, 1, 2, 1, 2]), 'time': 70.00504040718079}
