lenSubsequence: 14{'RI': 0.5029716503518689, 'num_clusters': 4, 'uShapelets': [{'ts_index': 823, 'loc': 68, 'gap': 0.042700710731258015, 'distances': array([0.0330857 , 0.02930304, 0.05371761, ..., 0.02586937, 0.11628427,
       0.05105494]), 'delta_distances': array([0., 0., 0., ..., 0., 0., 0.]), 'locations': array([66, 66, 67, ..., 66, 67, 67])}, {'ts_index': 476, 'loc': 10, 'gap': 0.026152721762885273, 'distances': array([0.02831258, 0.09628095, 0.02440966, 0.01853637, 0.02453278,
       0.03804207, 0.0215622 , 0.0354326 , 0.01268053, 0.01219024,
       0.03336127, 0.02757624, 0.02664985, 0.02324953, 0.08156486,
       0.01845181, 0.02340068, 0.11199697, 0.00933558, 0.14171643,
       0.01757869, 0.01665512, 0.0310195 , 0.08518848, 0.02203487,
       0.05718753, 0.03693776, 0.01257914, 0.01060708, 0.05207995,
       0.04183007, 0.02054587, 0.08276648, 0.01914419, 0.03645517,
       0.01622419, 0.02334939, 0.01242631, 0.01341298, 0.05194429,
       0.09309818, 0.02587805, 0.03417512, 0.05348154, 0.07623644,
       0.01958576, 0.03991809, 0.0208657 , 0.01939453, 0.04389982,
       0.03061854, 0.00741895, 0.08156899, 0.02641998, 0.02276611,
       0.02403155, 0.02495578, 0.02882282, 0.02314771, 0.10786899,
       0.0201645 , 0.04707213, 0.04463223, 0.02350043, 0.03636991,
       0.03952279, 0.04504737, 0.03498039, 0.03563627, 0.08203832,
       0.02854186, 0.01503177, 0.01989141, 0.01413004, 0.01759972,
       0.04587021, 0.09182551, 0.02359987, 0.0245126 , 0.01304349,
       0.05365769, 0.01557258, 0.        , 0.06142583, 0.15249078,
       0.05910049, 0.01235405, 0.01883318, 0.06898473, 0.08735227,
       0.07298127, 0.05896341, 0.01470197, 0.05278426, 0.01826561,
       0.02299501, 0.04298695, 0.0137325 , 0.02476182, 0.02064026,
       0.02940498, 0.02196263, 0.01979641, 0.02123652, 0.03156222,
       0.009908  , 0.09419232, 0.01450176, 0.01925394, 0.01492293,
       0.03911137, 0.0629522 , 0.00808974, 0.01767738, 0.02149775,
       0.02306081, 0.03550086, 0.01842829, 0.02017386, 0.04988374,
       0.01840793, 0.01194802, 0.00830847, 0.08620351, 0.0808531 ,
       0.01504127, 0.09733932, 0.0286636 , 0.00719162, 0.06222761,
       0.01748936, 0.02269046, 0.01359547, 0.06272153, 0.03857652,
       0.01149889, 0.03583629, 0.0111408 , 0.02186368, 0.01262832,
       0.01737242, 0.02379676, 0.00919461, 0.03576347, 0.05805153,
       0.06409647, 0.02148873, 0.01893922, 0.10860615, 0.01300235,
       0.07224222, 0.01099095, 0.04349478, 0.02471893, 0.03626785,
       0.02464089, 0.01916523, 0.0554167 , 0.08300774, 0.03503526,
       0.06989533, 0.01709293, 0.01554175, 0.01713884, 0.10657385,
       0.01097655, 0.01935398, 0.04768402, 0.00930301, 0.04900864,
       0.00856667, 0.01819397, 0.0085042 , 0.0217023 , 0.06185978,
       0.03228737, 0.03851795, 0.03469834, 0.03960771, 0.03074948,
       0.01629276, 0.02362537, 0.03870196, 0.01351756, 0.03329514,
       0.04921403, 0.05226956, 0.03683755, 0.05148434, 0.05795785,
       0.12412683, 0.00888906, 0.05696311, 0.09685253, 0.01384757]), 'delta_distances': array([0., 0., 0., 0., 0., 0., 0., 0., 0., 0., 0., 0., 0., 0., 0., 0., 0.,
       0., 0., 0., 0., 0., 0., 0., 0., 0., 0., 0., 0., 0., 0., 0., 0., 0.,
       0., 0., 0., 0., 0., 0., 0., 0., 0., 0., 0., 0., 0., 0., 0., 0., 0.,
       0., 0., 0., 0., 0., 0., 0., 0., 0., 0., 0., 0., 0., 0., 0., 0., 0.,
       0., 0., 0., 0., 0., 0., 0., 0., 0., 0., 0., 0., 0., 0., 0., 0., 0.,
       0., 0., 0., 0., 0., 0., 0., 0., 0., 0., 0., 0., 0., 0., 0., 0., 0.,
       0., 0., 0., 0., 0., 0., 0., 0., 0., 0., 0., 0., 0., 0., 0., 0., 0.,
       0., 0., 0., 0., 0., 0., 0., 0., 0., 0., 0., 0., 0., 0., 0., 0., 0.,
       0., 0., 0., 0., 0., 0., 0., 0., 0., 0., 0., 0., 0., 0., 0., 0., 0.,
       0., 0., 0., 0., 0., 0., 0., 0., 0., 0., 0., 0., 0., 0., 0., 0., 0.,
       0., 0., 0., 0., 0., 0., 0., 0., 0., 0., 0., 0., 0., 0., 0., 0., 0.,
       0., 0., 0., 0., 0., 0., 0., 0.]), 'locations': array([10,  8,  7,  9,  9,  9, 10,  8, 11,  9,  7,  7, 11, 10,  9,  9,  9,
        5, 10, 19,  8, 10,  5,  7,  7,  6,  8, 11, 11,  9,  7,  7,  6, 10,
        9, 13, 10,  9, 11,  9,  6,  8,  8,  9,  8,  8,  9,  7,  8,  8, 10,
        9,  8,  8,  8,  9, 17,  7,  6,  5,  8,  9,  6, 11,  9, 10,  9,  6,
        9,  6, 10, 10, 10, 10,  9,  8,  5,  8,  8, 10,  6,  9, 10,  8, 16,
        4,  9, 13,  9, 10,  5,  9,  9,  9,  8,  9,  8, 10,  8,  8,  9,  9,
        9, 10,  9, 10,  9,  9,  8, 13,  9,  6,  8,  9,  7,  7,  8, 11,  7,
        7, 10, 10, 10,  8,  8, 10,  6, 10,  9,  6, 10, 10, 10, 10,  7, 11,
        7,  8,  8, 11, 10,  9, 10,  7,  8,  6, 10,  8, 20, 10,  7, 10,  9,
       11,  9,  7,  9,  8,  9,  7,  8,  9, 10,  8,  4, 10, 10,  6, 10,  9,
        8,  8, 10,  7,  9,  8,  6,  5,  8,  8,  9,  7,  7,  9, 10,  6,  6,
        9,  6, 10, 19,  9,  7, 16, 10])}, {'ts_index': 192, 'loc': 67, 'gap': 0.027408263458643188, 'distances': array([0.02371945, 0.0214219 , 0.0417531 , 0.07730954, 0.05909284,
       0.        , 0.03287655, 0.07616919, 0.08795381, 0.03036101,
       0.07845433, 0.02026546, 0.03839842, 0.03842618, 0.04795996,
       0.02463437, 0.03438579, 0.01475998, 0.01057022, 0.05026674,
       0.09286731, 0.05601635, 0.02712829, 0.03829104, 0.02931053,
       0.07763109, 0.04304797, 0.08578571, 0.06594327, 0.03294398,
       0.04286583, 0.03822877, 0.01756388]), 'delta_distances': array([0., 0., 0., 0., 0., 0., 0., 0., 0., 0., 0., 0., 0., 0., 0., 0., 0.,
       0., 0., 0., 0., 0., 0., 0., 0., 0., 0., 0., 0., 0., 0., 0., 0.]), 'locations': array([67, 67, 67, 67, 67, 67, 67, 67, 67, 67, 67, 67, 67, 67, 67, 67, 67,
       67, 67, 67, 67, 67, 67, 67, 67, 67, 67, 67, 67, 67, 67, 67, 67])}], 'clusters': array([1, 1, 1, ..., 1, 1, 1]), 'time': 560.8103637695312}
lenSubsequence: 17{'RI': 0.5041413346260643, 'num_clusters': 4, 'uShapelets': [{'ts_index': 779, 'loc': 63, 'gap': 0.03694407448729687, 'distances': array([0.04362256, 0.04109475, 0.10729678, ..., 0.03354014, 0.12862212,
       0.09137491]), 'delta_distances': array([0., 0., 0., ..., 0., 0., 0.]), 'locations': array([64, 64, 64, ..., 64,  9, 64])}, {'ts_index': 213, 'loc': 65, 'gap': 0.029532727440912968, 'distances': array([0.05474132, 0.04349649, 0.07407555, 0.10651086, 0.05488049,
       0.12443489, 0.11741918, 0.12027359, 0.0407456 , 0.12626628,
       0.0468154 , 0.08724701, 0.06128932, 0.05629651, 0.11885339,
       0.05865647, 0.02409683, 0.14200819, 0.08645988, 0.03582247,
       0.08707281, 0.02209667, 0.14474336, 0.08510866, 0.05190772,
       0.09894829, 0.11501286, 0.04591443, 0.05068394, 0.05085137,
       0.02595285, 0.13926106, 0.02658993, 0.05976497, 0.10666824,
       0.0512566 , 0.03130186, 0.0405131 , 0.02691239, 0.04144455,
       0.01871439, 0.04092512, 0.06587647, 0.09909459, 0.14221581,
       0.06075576, 0.01308503, 0.03580604, 0.03536904, 0.11681876,
       0.05632469, 0.12841109, 0.0757309 , 0.06790075, 0.08897128,
       0.05010753, 0.03266205, 0.07231843, 0.04858499, 0.03102979,
       0.05891117, 0.05380437, 0.03380086, 0.09380192, 0.03942827,
       0.06852004, 0.07084998, 0.11385581, 0.06814726, 0.11450285,
       0.09233657, 0.09195431, 0.11634186, 0.10626296, 0.06772229,
       0.01171475, 0.11554609, 0.13527184, 0.1135103 , 0.10293185,
       0.1666756 , 0.09207649, 0.07698436, 0.0300457 , 0.09323739,
       0.02939087, 0.13925848, 0.10697128, 0.10541585, 0.08460656,
       0.14956779, 0.04155319, 0.06263339, 0.01993415, 0.08079396,
       0.11555644, 0.04396542, 0.09070596, 0.0783923 , 0.09791929,
       0.06418192, 0.10147639, 0.12657622, 0.08900533, 0.08537475,
       0.05875499, 0.06114439, 0.03407858, 0.07403478, 0.10550126,
       0.01880771, 0.05495843, 0.02302932, 0.09546396, 0.06347945,
       0.0690472 , 0.02768246, 0.06936816, 0.11339175, 0.08185704,
       0.0121641 , 0.09391373, 0.06298495, 0.13575833, 0.12558374,
       0.0901062 , 0.09192723, 0.09696707, 0.02884141, 0.11117196,
       0.01556091, 0.02183898, 0.08147084, 0.088587  , 0.10490096,
       0.05489988, 0.10245556, 0.05319921, 0.02556889, 0.03111704,
       0.03297283, 0.0381186 , 0.08262642, 0.0794727 , 0.08405878,
       0.04591142, 0.0376962 , 0.12009823, 0.09908402, 0.05011078,
       0.05860501, 0.05279145, 0.02784249, 0.05617558, 0.05268989,
       0.01385853, 0.04198257, 0.0395669 , 0.02688686, 0.04026938,
       0.05126615, 0.10683257, 0.10409664, 0.02714545, 0.01741763,
       0.01319497, 0.0456278 , 0.07018988, 0.01477572, 0.15182367,
       0.08395204, 0.02859634, 0.06927282, 0.02505109, 0.03742046,
       0.03224495, 0.06256872, 0.03558264, 0.02523235, 0.0241575 ,
       0.09246368, 0.05126176, 0.02977156, 0.05802547, 0.06297632,
       0.15926209, 0.09631334, 0.02814889, 0.05430075, 0.1050344 ,
       0.0363478 , 0.03977284, 0.12224921, 0.10947179, 0.02969044,
       0.13180628, 0.0396165 , 0.05212565, 0.03765257, 0.01984115,
       0.07121793, 0.024043  , 0.04522508, 0.10594294, 0.13811054,
       0.12555553, 0.12964667, 0.13147919, 0.01621151, 0.14166008,
       0.05558951, 0.01952392, 0.04056205, 0.07419389, 0.05194031,
       0.16318479, 0.08156452, 0.03328118, 0.04941821, 0.11653888,
       0.09685372, 0.07158468, 0.03867914, 0.04687298, 0.0980976 ,
       0.07375439, 0.03738697, 0.06728286, 0.10790633, 0.05418595,
       0.12267422, 0.02110142, 0.02696473, 0.05553748, 0.0881275 ,
       0.06961799, 0.06382139, 0.09900016, 0.1076931 , 0.08462891,
       0.02466502, 0.09570313, 0.1166949 , 0.09778679, 0.12940586,
       0.12383613, 0.09400179, 0.03060893, 0.06299627, 0.04295954,
       0.02306332, 0.09083262, 0.02849665, 0.088972  , 0.17363555,
       0.0642978 , 0.08149237, 0.11835699, 0.07084241, 0.02098244,
       0.12779054, 0.04772557, 0.01498904, 0.15729427, 0.11622632,
       0.11738605, 0.10970984, 0.04088878, 0.04072658, 0.12572809,
       0.02115694, 0.02442076, 0.08098684, 0.06472703, 0.05213218,
       0.10686793, 0.06125614, 0.07092791, 0.0301775 , 0.07067044,
       0.02882245, 0.16328338, 0.09619527, 0.04625101, 0.09980195,
       0.05574075, 0.09633811, 0.04008076, 0.0595438 , 0.0947608 ,
       0.03526185, 0.02516877, 0.07253187, 0.06222134, 0.07216508,
       0.02538847, 0.04760136, 0.0844746 , 0.02239555, 0.05190016,
       0.1316107 , 0.04116639, 0.09253369, 0.05725089, 0.11047682,
       0.01846825, 0.04335414, 0.14791002, 0.04749791, 0.07284372,
       0.09243908, 0.08096979, 0.12070263, 0.07475362, 0.10346786,
       0.08874055, 0.05716939, 0.05858233, 0.10502145, 0.01988757,
       0.0260161 , 0.14164893, 0.02020466, 0.08265018, 0.12052864,
       0.02599334, 0.03134146, 0.02063658, 0.05946969, 0.07717773,
       0.04643565, 0.08407173, 0.06364363, 0.04061559, 0.11500775,
       0.08470329, 0.06108169, 0.16574946, 0.04292328, 0.02261832,
       0.10472838, 0.15649339, 0.01410894, 0.0710671 , 0.06106101,
       0.07505285, 0.01545145, 0.07869005, 0.05386042, 0.05260287,
       0.10947958, 0.05342948, 0.06473245, 0.03829714, 0.05569687,
       0.03715049, 0.08581222, 0.02925937, 0.07097819, 0.01737456,
       0.10137233, 0.15863634, 0.14471472, 0.05653657, 0.04791479,
       0.01956128, 0.03472691, 0.04691153, 0.04113048, 0.13443658,
       0.0239881 , 0.02072926, 0.02785609, 0.05242081, 0.08172938,
       0.0215155 , 0.02750414, 0.14358715, 0.10514715, 0.09362668,
       0.08765113, 0.01964503, 0.02193013, 0.08869108, 0.12873318,
       0.03802503, 0.08906873, 0.07853604, 0.02376303, 0.13084565,
       0.01845859, 0.1308843 , 0.07555898, 0.0507024 , 0.04524711,
       0.07410252, 0.05466216, 0.13455282, 0.04231269, 0.09427173,
       0.05314503, 0.04995676, 0.11140549, 0.08487891, 0.1333219 ,
       0.02199552, 0.06035503, 0.07056014, 0.05660578, 0.0312529 ,
       0.03307567, 0.07250527, 0.05052489, 0.07149353, 0.12986558,
       0.08373764, 0.05496309, 0.09787783, 0.09976262, 0.0527773 ,
       0.13201225, 0.03031707, 0.04271747, 0.03489564, 0.07055308,
       0.09578559, 0.05097604, 0.05462926, 0.06852716, 0.0181375 ,
       0.07791029, 0.12073089, 0.09540257, 0.05404797, 0.05262589,
       0.1160879 , 0.11290457, 0.05620868, 0.08857138, 0.03499051,
       0.06317214, 0.02355903, 0.11977579, 0.03278582, 0.08328774,
       0.12047251, 0.03781612, 0.12993111, 0.07040444, 0.1021055 ,
       0.0620034 , 0.05680794, 0.08582256, 0.02694419, 0.09116252,
       0.18121269, 0.10105254, 0.0625078 , 0.09337648, 0.11178282,
       0.04243301, 0.1523187 , 0.12262284, 0.05856038, 0.04542289,
       0.07592438, 0.02618354, 0.0709223 , 0.14816279, 0.0961094 ,
       0.03178425, 0.02373207, 0.10260962, 0.11166142, 0.03671559,
       0.1019906 , 0.05364764, 0.06819271, 0.08969533, 0.10553469,
       0.0422502 , 0.0479175 , 0.13931558, 0.06607658, 0.07696762,
       0.089523  , 0.1192    , 0.09914393, 0.02107057, 0.05519835,
       0.1365733 , 0.10343972, 0.08792097, 0.08546067, 0.07003398,
       0.09053033, 0.02643233, 0.0491739 , 0.05504364, 0.05503978,
       0.00972013, 0.0871572 , 0.04309638, 0.11996825, 0.07142291,
       0.03042075, 0.14994913, 0.03585568, 0.07463304, 0.02676464,
       0.01502524, 0.067097  , 0.10170857, 0.12748017, 0.06300368,
       0.04194864, 0.10194744, 0.1035431 , 0.12475046, 0.04110658,
       0.05715541, 0.07440558, 0.03805996, 0.06837149, 0.01609756,
       0.03725044, 0.08619484, 0.16794299, 0.07224959, 0.06029044,
       0.10122671, 0.03928593, 0.08903477, 0.11570017, 0.02312274,
       0.07950694, 0.06585107, 0.03707147, 0.04898644, 0.04083256,
       0.07539095, 0.05670771, 0.08593572, 0.10913444, 0.09660912,
       0.0531053 , 0.01992286, 0.08859743, 0.06843268, 0.10269566,
       0.01542142, 0.12500036, 0.07563462, 0.01867737, 0.01860768,
       0.05187588, 0.11221021, 0.01514954, 0.01356543, 0.12401229,
       0.08222566, 0.02707531, 0.10918614, 0.03961039, 0.07772151,
       0.03635699, 0.03582242, 0.10608295, 0.03799458, 0.11156406,
       0.02616193, 0.07126271, 0.02882323, 0.10198618, 0.05091583,
       0.10680233, 0.02985171, 0.07978654, 0.06080401, 0.085016  ,
       0.07317581, 0.02654356, 0.01186385, 0.08317013, 0.01765647,
       0.03897164, 0.10142695, 0.042897  , 0.04278303, 0.02757795,
       0.0117888 , 0.11142995, 0.02710054, 0.08786219, 0.06658608,
       0.09175809, 0.12516315, 0.03719769, 0.02899159, 0.06753858,
       0.05537428, 0.11042938, 0.10713462, 0.04040273, 0.09066027,
       0.0836604 , 0.10110002, 0.10771387, 0.04548744, 0.14676067,
       0.08178593, 0.06011255, 0.06608014, 0.09963445, 0.07890897,
       0.14275308, 0.01826013, 0.01441897, 0.09851731, 0.02188963,
       0.0400969 , 0.06720335, 0.01326063, 0.06554039, 0.0835274 ,
       0.08399607, 0.03978606, 0.09517267, 0.13935099, 0.10253134,
       0.01673713, 0.01673351, 0.03710716, 0.13766782, 0.01705994,
       0.01493307, 0.07932837, 0.02303413, 0.06846435, 0.08144187,
       0.02990336, 0.08929452, 0.14295392, 0.17868663, 0.02073035,
       0.05247207, 0.13575097, 0.02892114, 0.14886613, 0.06344589,
       0.03896383, 0.04348229, 0.15936743, 0.08187191, 0.03831241,
       0.0920367 , 0.04652052, 0.07075686, 0.08855757, 0.06527949,
       0.04218115, 0.112481  , 0.06823869, 0.11516118, 0.05571566,
       0.07196676, 0.08188428, 0.04995188, 0.03609795, 0.07455627,
       0.12314763, 0.02055148, 0.08176409, 0.05457882, 0.06667252,
       0.11181709, 0.04389158, 0.01242653, 0.09659818, 0.11608184,
       0.12276652, 0.07223671, 0.10540888, 0.03863846, 0.03874064,
       0.04387277, 0.07572019, 0.08732281, 0.10461959, 0.12692169,
       0.0329375 , 0.06673871, 0.05792224, 0.09691726, 0.13822959,
       0.09313205, 0.0389799 , 0.03511632, 0.06569967, 0.0406987 ,
       0.04660424, 0.03149169, 0.12828864, 0.02515915, 0.1090143 ,
       0.09033881, 0.03147345, 0.05955388, 0.04565703, 0.03745466,
       0.02470182, 0.12619967, 0.05536269, 0.07946055, 0.06597192,
       0.02176947, 0.07352419, 0.06826941, 0.05513281, 0.09724755,
       0.07149428, 0.06398305, 0.0491574 , 0.10831955, 0.03074963,
       0.13850308, 0.05295287, 0.09758526, 0.10281109, 0.08538391,
       0.07840804, 0.11832727, 0.0750751 , 0.04633413, 0.10832555,
       0.04283343, 0.06387141, 0.03483977, 0.12571191, 0.04299244,
       0.05768549, 0.12842072, 0.15191952, 0.02700179, 0.06100613,
       0.05095707, 0.03655862, 0.04688962, 0.04838524, 0.03593992,
       0.04393732, 0.11686651, 0.03278988, 0.01514909, 0.03218233,
       0.03868617, 0.020637  , 0.03232518, 0.01788458, 0.03720182,
       0.06771002, 0.03384352, 0.0626771 , 0.07384788, 0.02120603,
       0.11126301, 0.08495955, 0.06359338, 0.13218723, 0.05504104,
       0.05742502, 0.02145616, 0.04191489, 0.03307489, 0.05001017,
       0.08368259, 0.08973087, 0.03841348, 0.16546139, 0.10768853,
       0.01394043, 0.0992669 , 0.02354161, 0.13609196, 0.04836418,
       0.05632349, 0.04392743, 0.13262438, 0.04416014, 0.12817169,
       0.11362535, 0.1380782 , 0.11286793, 0.12529376, 0.06218229,
       0.05744951, 0.06937347, 0.07413237, 0.04160824, 0.01791367,
       0.08693035, 0.03667254, 0.04309955, 0.05457451, 0.03965426,
       0.03840627, 0.14882797, 0.1715568 , 0.08043173, 0.12964068,
       0.08638077, 0.08986306, 0.06946588, 0.15183788, 0.03556475,
       0.05156428, 0.13359039, 0.10923886, 0.10767266, 0.12782724,
       0.04193722, 0.03813612, 0.04152425, 0.03077173, 0.11180116,
       0.06125544, 0.08166017, 0.04668128, 0.02691522, 0.04543782,
       0.15343519, 0.03431616, 0.11646243, 0.07737063, 0.07518186,
       0.0935777 , 0.1186426 , 0.06384719, 0.12274853, 0.0421873 ,
       0.06327441, 0.11462871, 0.09201303, 0.06201671, 0.11928795,
       0.0256941 , 0.03936819, 0.01773342, 0.08702931, 0.05514617,
       0.018386  , 0.07267511, 0.04129881, 0.13184852, 0.05682326,
       0.01863685, 0.04201676, 0.12017594, 0.03536053, 0.0329035 ,
       0.02877168, 0.04386575, 0.12029215, 0.03568145, 0.07740079,
       0.05109771, 0.02679204, 0.03247379, 0.12571582, 0.11276753,
       0.02221576, 0.08902601, 0.08800138, 0.03010087, 0.02486364,
       0.06446533, 0.0869252 , 0.09532492, 0.07696624, 0.01346121,
       0.04768532, 0.08958735, 0.07804708, 0.03839109, 0.02680934,
       0.10078165, 0.05567242, 0.0223947 , 0.10312018, 0.09548773,
       0.03518095, 0.07260258, 0.13652496, 0.06499766, 0.10440457,
       0.06422813, 0.08400935, 0.04962172, 0.02246011, 0.13325116,
       0.08740116, 0.01746881, 0.07993064, 0.03986005, 0.14466855,
       0.07276765, 0.01837593, 0.08744661, 0.04422059, 0.02827901,
       0.02423744, 0.1058522 , 0.12237561, 0.05504066, 0.06262015,
       0.01791338, 0.02886905, 0.09078222, 0.1060948 , 0.11806599,
       0.103287  , 0.11072849, 0.08140577, 0.09868136, 0.1137691 ,
       0.06727458, 0.05782042, 0.01771008, 0.09165829, 0.14149853,
       0.08923289, 0.03503291, 0.02687765, 0.05695922, 0.03085024,
       0.08261117, 0.02676568, 0.06074261, 0.08841752, 0.13530298,
       0.02641072, 0.16204228, 0.06908898, 0.05470617, 0.06483471,
       0.05975973, 0.07311852, 0.13336127, 0.0729487 , 0.03434342,
       0.06817028, 0.05410227, 0.11342389, 0.11847561, 0.11221058,
       0.01924015, 0.11951966, 0.05288333, 0.06548858, 0.08412293,
       0.0326773 , 0.01473386, 0.02683597, 0.09088504, 0.0992188 ,
       0.04243672]), 'delta_distances': array([0., 0., 0., 0., 0., 0., 0., 0., 0., 0., 0., 0., 0., 0., 0., 0., 0.,
       0., 0., 0., 0., 0., 0., 0., 0., 0., 0., 0., 0., 0., 0., 0., 0., 0.,
       0., 0., 0., 0., 0., 0., 0., 0., 0., 0., 0., 0., 0., 0., 0., 0., 0.,
       0., 0., 0., 0., 0., 0., 0., 0., 0., 0., 0., 0., 0., 0., 0., 0., 0.,
       0., 0., 0., 0., 0., 0., 0., 0., 0., 0., 0., 0., 0., 0., 0., 0., 0.,
       0., 0., 0., 0., 0., 0., 0., 0., 0., 0., 0., 0., 0., 0., 0., 0., 0.,
       0., 0., 0., 0., 0., 0., 0., 0., 0., 0., 0., 0., 0., 0., 0., 0., 0.,
       0., 0., 0., 0., 0., 0., 0., 0., 0., 0., 0., 0., 0., 0., 0., 0., 0.,
       0., 0., 0., 0., 0., 0., 0., 0., 0., 0., 0., 0., 0., 0., 0., 0., 0.,
       0., 0., 0., 0., 0., 0., 0., 0., 0., 0., 0., 0., 0., 0., 0., 0., 0.,
       0., 0., 0., 0., 0., 0., 0., 0., 0., 0., 0., 0., 0., 0., 0., 0., 0.,
       0., 0., 0., 0., 0., 0., 0., 0., 0., 0., 0., 0., 0., 0., 0., 0., 0.,
       0., 0., 0., 0., 0., 0., 0., 0., 0., 0., 0., 0., 0., 0., 0., 0., 0.,
       0., 0., 0., 0., 0., 0., 0., 0., 0., 0., 0., 0., 0., 0., 0., 0., 0.,
       0., 0., 0., 0., 0., 0., 0., 0., 0., 0., 0., 0., 0., 0., 0., 0., 0.,
       0., 0., 0., 0., 0., 0., 0., 0., 0., 0., 0., 0., 0., 0., 0., 0., 0.,
       0., 0., 0., 0., 0., 0., 0., 0., 0., 0., 0., 0., 0., 0., 0., 0., 0.,
       0., 0., 0., 0., 0., 0., 0., 0., 0., 0., 0., 0., 0., 0., 0., 0., 0.,
       0., 0., 0., 0., 0., 0., 0., 0., 0., 0., 0., 0., 0., 0., 0., 0., 0.,
       0., 0., 0., 0., 0., 0., 0., 0., 0., 0., 0., 0., 0., 0., 0., 0., 0.,
       0., 0., 0., 0., 0., 0., 0., 0., 0., 0., 0., 0., 0., 0., 0., 0., 0.,
       0., 0., 0., 0., 0., 0., 0., 0., 0., 0., 0., 0., 0., 0., 0., 0., 0.,
       0., 0., 0., 0., 0., 0., 0., 0., 0., 0., 0., 0., 0., 0., 0., 0., 0.,
       0., 0., 0., 0., 0., 0., 0., 0., 0., 0., 0., 0., 0., 0., 0., 0., 0.,
       0., 0., 0., 0., 0., 0., 0., 0., 0., 0., 0., 0., 0., 0., 0., 0., 0.,
       0., 0., 0., 0., 0., 0., 0., 0., 0., 0., 0., 0., 0., 0., 0., 0., 0.,
       0., 0., 0., 0., 0., 0., 0., 0., 0., 0., 0., 0., 0., 0., 0., 0., 0.,
       0., 0., 0., 0., 0., 0., 0., 0., 0., 0., 0., 0., 0., 0., 0., 0., 0.,
       0., 0., 0., 0., 0., 0., 0., 0., 0., 0., 0., 0., 0., 0., 0., 0., 0.,
       0., 0., 0., 0., 0., 0., 0., 0., 0., 0., 0., 0., 0., 0., 0., 0., 0.,
       0., 0., 0., 0., 0., 0., 0., 0., 0., 0., 0., 0., 0., 0., 0., 0., 0.,
       0., 0., 0., 0., 0., 0., 0., 0., 0., 0., 0., 0., 0., 0., 0., 0., 0.,
       0., 0., 0., 0., 0., 0., 0., 0., 0., 0., 0., 0., 0., 0., 0., 0., 0.,
       0., 0., 0., 0., 0., 0., 0., 0., 0., 0., 0., 0., 0., 0., 0., 0., 0.,
       0., 0., 0., 0., 0., 0., 0., 0., 0., 0., 0., 0., 0., 0., 0., 0., 0.,
       0., 0., 0., 0., 0., 0., 0., 0., 0., 0., 0., 0., 0., 0., 0., 0., 0.,
       0., 0., 0., 0., 0., 0., 0., 0., 0., 0., 0., 0., 0., 0., 0., 0., 0.,
       0., 0., 0., 0., 0., 0., 0., 0., 0., 0., 0., 0., 0., 0., 0., 0., 0.,
       0., 0., 0., 0., 0., 0., 0., 0., 0., 0., 0., 0., 0., 0., 0., 0., 0.,
       0., 0., 0., 0., 0., 0., 0., 0., 0., 0., 0., 0., 0., 0., 0., 0., 0.,
       0., 0., 0., 0., 0., 0., 0., 0., 0., 0., 0., 0., 0., 0., 0., 0., 0.,
       0., 0., 0., 0., 0., 0., 0., 0., 0., 0., 0., 0., 0., 0., 0., 0., 0.,
       0., 0., 0., 0., 0., 0., 0., 0., 0., 0., 0., 0., 0., 0., 0., 0., 0.,
       0., 0., 0., 0., 0., 0., 0., 0., 0., 0., 0., 0., 0., 0., 0., 0., 0.,
       0., 0., 0., 0., 0., 0., 0., 0., 0., 0., 0., 0., 0., 0., 0., 0., 0.,
       0., 0., 0., 0., 0., 0., 0., 0., 0., 0., 0., 0., 0., 0., 0., 0., 0.,
       0., 0., 0., 0., 0., 0., 0., 0., 0., 0., 0., 0., 0., 0., 0., 0., 0.,
       0., 0., 0., 0., 0., 0., 0., 0., 0., 0., 0., 0., 0., 0., 0., 0., 0.,
       0., 0., 0., 0., 0., 0., 0., 0., 0., 0., 0., 0., 0., 0., 0., 0., 0.,
       0., 0., 0., 0., 0., 0., 0., 0., 0., 0., 0., 0., 0., 0., 0., 0., 0.,
       0., 0., 0., 0., 0., 0., 0., 0., 0., 0., 0., 0., 0., 0., 0., 0., 0.,
       0., 0., 0., 0., 0., 0., 0., 0., 0., 0., 0., 0., 0., 0., 0., 0., 0.,
       0., 0., 0., 0., 0., 0., 0., 0., 0., 0., 0., 0., 0., 0., 0., 0., 0.,
       0., 0., 0., 0., 0., 0., 0., 0., 0., 0., 0., 0., 0., 0., 0., 0., 0.,
       0., 0., 0., 0., 0., 0., 0., 0., 0., 0., 0., 0., 0., 0., 0., 0., 0.,
       0., 0., 0., 0., 0., 0., 0., 0., 0., 0., 0., 0., 0., 0., 0., 0., 0.,
       0., 0., 0., 0., 0., 0., 0., 0., 0., 0., 0., 0., 0., 0.]), 'locations': array([64, 64, 64, 64, 64, 64, 64, 64, 64, 64, 64, 64, 64, 64, 64, 64, 64,
       64, 64, 64, 64, 63, 64, 64, 64, 64, 64, 64, 64, 64, 64, 64, 64, 64,
       64, 64, 64, 64, 64, 64, 64, 64, 62, 64, 64, 64, 64, 64, 64, 64, 64,
       64, 64, 64, 64, 64, 64, 64, 64, 64, 64, 64, 64, 64, 64, 64, 64, 64,
       64, 64, 64, 64, 64, 64, 64, 64, 64, 64, 64, 64, 64, 64, 64, 64, 64,
       64, 64, 64, 64, 64, 64, 64, 64, 64, 64, 64, 64, 64, 64, 64, 64, 64,
       64, 64, 64, 64, 64, 64, 64, 64, 64, 64, 64, 64, 64, 64, 64, 64, 64,
       64, 64, 64, 64, 64, 64, 64, 64, 64, 64, 64, 64, 64, 64, 64, 64, 64,
       64, 64, 64, 64, 64, 64, 64, 64, 64, 64, 64, 64, 64, 64, 64, 63, 64,
       64, 64, 64, 64, 64, 64, 64, 64, 64, 64, 64, 64, 64, 64, 64, 64, 64,
       64, 64, 64, 64, 62, 64, 64, 64, 64, 64, 64, 64, 64, 64, 64, 64, 64,
       63, 64, 64, 64, 64, 64, 64, 64, 64, 64, 64, 64, 64, 64, 64, 63, 64,
       64, 64, 64, 64, 64, 64, 64, 64, 64, 64, 64, 64, 64, 64, 64, 64, 64,
       64, 64, 64, 64, 64, 64, 64, 64, 64, 64, 64, 64, 64, 64, 64, 64, 64,
       64, 64, 64, 64, 64, 64, 64, 64, 64, 64, 63, 64, 64, 64, 63, 64, 64,
       64, 64, 64, 64, 64, 64, 64, 64, 64, 64, 64, 64, 64, 63, 64, 64, 63,
       64, 64, 64, 64, 64, 64, 64, 64, 64, 64, 64, 64, 64, 64, 64, 64, 64,
       64, 64, 64, 64, 64, 64, 64, 64, 64, 64, 64, 64, 64, 64, 64, 64, 64,
       64, 64, 64, 64, 64, 64, 64, 64, 64, 64, 64, 64, 64, 64, 64, 64, 64,
       64, 64, 64, 63, 64, 64, 64, 64, 64, 64, 64, 64, 64, 64, 64, 64, 64,
       64, 64, 64, 64, 64, 64, 64, 64, 64, 64, 64, 64,  7, 64, 64, 64, 64,
       64, 64, 64, 64, 64, 64, 64, 64, 64, 64, 64, 64, 64, 64, 64, 64, 64,
       64, 64, 64, 64, 64, 64, 64, 64, 64, 64, 64, 64, 64, 64, 64, 64, 64,
       64, 64, 64, 64, 64, 64, 64, 64, 64, 64, 64, 64, 64, 64, 64, 64, 64,
       64, 64, 64, 64, 64, 64, 64, 64, 64, 64, 64, 63, 64, 64, 64, 64, 64,
       64, 64, 64, 64, 64, 64, 64, 64, 64, 64, 64, 64, 64, 64, 64, 64, 64,
       64, 64, 64, 64, 64, 64, 64, 64, 64, 64, 64, 64, 64, 64, 64, 64, 64,
       64, 62, 64, 64, 64, 64, 64, 64, 64, 64, 64, 64, 64, 64, 64, 64, 64,
       64, 64, 64, 64, 64, 64, 64, 64, 64, 64, 64, 64, 64, 64, 64, 64, 64,
       64, 64, 64, 64, 64, 64, 64, 64, 64, 64, 64, 64, 64, 64, 62, 63, 64,
       64, 64, 64, 64, 64, 64, 64, 64, 64, 64, 64, 64, 61, 64, 64, 64, 64,
       64, 64, 60, 64, 64, 64, 64, 64, 64, 64, 64, 64, 64, 64, 64, 64, 64,
       64, 64, 64, 64, 64, 64, 64, 64, 64, 64, 64, 64, 64, 64, 64, 64, 64,
       64, 64, 64, 64, 64, 64, 64, 64, 64, 64, 64, 64, 64, 64, 64, 64, 64,
       64, 64, 64, 64, 64, 64, 64, 64, 64, 64, 64, 64, 64, 64, 64, 64, 64,
       64, 64, 64, 63, 64, 64, 64, 64, 64, 64, 64, 64, 64, 64, 64, 64, 64,
       64, 64, 64, 64, 64, 64, 64, 64, 64, 64, 64, 64, 64, 64, 64, 64, 64,
       64, 64, 64, 64, 64, 64, 64, 64, 64, 64, 64, 64, 64, 64, 64, 64, 64,
       64, 64, 64, 64, 64, 64, 64, 64, 64, 64, 64, 64, 64, 64, 64, 64, 64,
       64, 64, 64, 64, 64, 64, 64, 64, 64, 64, 64, 64, 64, 64, 64, 64, 64,
       64, 64, 64, 64, 64, 64, 64, 64, 64, 64, 64, 64, 64, 64, 64, 64, 64,
       64, 64, 64, 64, 64, 64, 64,  0, 64, 64, 64, 64, 64, 64, 64, 64, 64,
       64, 64, 64, 64, 64, 64, 64, 64, 64, 64, 64, 64, 64, 64, 64, 64, 64,
       64, 64, 64, 64, 63, 64, 64, 64, 64, 64, 64, 64, 64, 64, 64, 64, 64,
       64, 63, 64, 64, 64, 64, 64, 63, 64, 64, 64, 64, 64, 64, 64, 64, 64,
       64, 64, 64, 64, 64, 64, 64, 64, 64, 64, 64, 64, 64, 64, 64, 64, 64,
       64, 64, 64, 64, 63, 64, 64, 64, 64, 64, 64, 64, 64, 64, 64, 64, 64,
       64, 64, 64, 64, 64, 64, 64, 64, 64, 64, 64, 64, 64, 64, 64, 64, 61,
       64, 64, 64, 64, 64, 64, 64, 64, 64, 64, 64, 64, 64, 63, 64, 64, 64,
       64, 64, 64, 64, 64, 64, 64, 64, 64, 64, 64, 64, 64, 64, 64, 64, 64,
       64, 64, 64, 64, 64, 64, 64, 64, 62, 64, 64, 64, 64, 64, 64, 64, 64,
       64, 64, 64, 64, 64, 64, 64, 64, 64, 64, 64, 64, 64, 64, 64, 64, 64,
       64, 64, 64, 64, 64, 64, 64, 64, 64, 64, 64, 64, 64, 64, 64, 64, 64,
       64, 64, 64, 64, 64, 64, 64, 64, 64, 64, 64, 64, 64, 64, 64, 63, 64,
       64, 64, 64, 64, 64, 64, 64, 64, 64, 64, 64, 64, 64, 64, 64, 64, 64,
       64, 64, 64, 64, 64, 64, 64, 64, 64, 64, 64, 64, 64, 64, 64, 64, 64,
       64, 64, 64, 64, 64, 64, 64, 64, 64, 64, 64, 64, 64, 64])}, {'ts_index': 666, 'loc': 10, 'gap': 0.021449587397761198, 'distances': array([0.04316629, 0.10433298, 0.04098801, 0.0243095 , 0.02350388,
       0.05624711, 0.0410937 , 0.05199025, 0.02745011, 0.02886552,
       0.04640491, 0.04200725, 0.04572363, 0.02380697, 0.09145765,
       0.04347727, 0.1178617 , 0.02004882, 0.15079391, 0.0344601 ,
       0.09567402, 0.03583734, 0.07232104, 0.05032448, 0.01371711,
       0.01888263, 0.05717965, 0.03643167, 0.05340733, 0.00850076,
       0.03121651, 0.06836815, 0.10150753, 0.03990677, 0.05006961,
       0.06848428, 0.08536682, 0.02790977, 0.04012015, 0.05709653,
       0.05063667, 0.02447221, 0.09061064, 0.04528445, 0.04075537,
       0.04230246, 0.02840013, 0.04749347, 0.11339422, 0.06014133,
       0.05797926, 0.04982804, 0.05710265, 0.05848148, 0.05012414,
       0.04859244, 0.09088624, 0.04465024, 0.03990603, 0.03220329,
       0.03601643, 0.05987987, 0.04194415, 0.04153653, 0.02998264,
       0.06980422, 0.02584295, 0.0719062 , 0.16290988, 0.07100651,
       0.01565248, 0.01638454, 0.08412785, 0.09621384, 0.08289377,
       0.07371973, 0.01547931, 0.0701617 , 0.02639388, 0.04299606,
       0.05677577, 0.03325091, 0.03412084, 0.03858873, 0.04020196,
       0.03020953, 0.03932528, 0.04239859, 0.04929012, 0.02762552,
       0.02232878, 0.03799882, 0.        , 0.0209723 , 0.03405324,
       0.0413239 , 0.06568653, 0.03796976, 0.02899523, 0.0205551 ,
       0.09516116, 0.09111294, 0.03278471, 0.10455036, 0.04611033,
       0.02150963, 0.07464435, 0.03451523, 0.01819892, 0.01456533,
       0.07794333, 0.05569088, 0.02731097, 0.04933225, 0.02752288,
       0.01922918, 0.03447199, 0.02252688, 0.05423689, 0.07243317,
       0.07800705, 0.02186669, 0.11875918, 0.08229595, 0.02675016,
       0.05761013, 0.0239265 , 0.05338316, 0.02301038, 0.03093055,
       0.06978127, 0.09483245, 0.04901617, 0.0838104 , 0.0330131 ,
       0.11294389, 0.01740322, 0.03784754, 0.06023578, 0.02679462,
       0.0645794 , 0.02358031, 0.02598769, 0.02678913, 0.03386473,
       0.07640538, 0.05007797, 0.05549472, 0.05294186, 0.04304689,
       0.03613058, 0.0549899 , 0.05109002, 0.06569008, 0.04975115,
       0.06248762, 0.07215223, 0.13228337, 0.02145156, 0.07275577,
       0.10399627, 0.0301061 ]), 'delta_distances': array([0., 0., 0., 0., 0., 0., 0., 0., 0., 0., 0., 0., 0., 0., 0., 0., 0.,
       0., 0., 0., 0., 0., 0., 0., 0., 0., 0., 0., 0., 0., 0., 0., 0., 0.,
       0., 0., 0., 0., 0., 0., 0., 0., 0., 0., 0., 0., 0., 0., 0., 0., 0.,
       0., 0., 0., 0., 0., 0., 0., 0., 0., 0., 0., 0., 0., 0., 0., 0., 0.,
       0., 0., 0., 0., 0., 0., 0., 0., 0., 0., 0., 0., 0., 0., 0., 0., 0.,
       0., 0., 0., 0., 0., 0., 0., 0., 0., 0., 0., 0., 0., 0., 0., 0., 0.,
       0., 0., 0., 0., 0., 0., 0., 0., 0., 0., 0., 0., 0., 0., 0., 0., 0.,
       0., 0., 0., 0., 0., 0., 0., 0., 0., 0., 0., 0., 0., 0., 0., 0., 0.,
       0., 0., 0., 0., 0., 0., 0., 0., 0., 0., 0., 0., 0., 0., 0., 0., 0.,
       0., 0., 0., 0., 0., 0., 0., 0., 0.]), 'locations': array([ 9,  8,  7,  8,  9,  9,  8,  8, 10,  8,  6,  7, 10,  9,  9,  8,  4,
        8, 16,  8,  6,  7,  4,  8, 10, 10,  5,  8,  8, 10,  8,  8,  6,  8,
        7,  7,  8,  7,  6,  8,  9,  8,  7,  8,  8,  8, 10,  6,  5,  8,  6,
        9,  9,  8,  6,  8,  6,  9, 10,  9,  8,  8,  6,  7,  9,  5,  9,  8,
       13,  3,  8, 10,  8,  9,  4,  7,  8,  9,  8,  8,  7,  9,  7,  8,  7,
        8,  9, 10,  8,  9,  8,  7, 10,  7,  6,  7,  5,  9,  9,  9,  7,  8,
        9,  5,  9,  7,  6,  8,  7,  8, 10,  6, 10,  6,  8, 10,  8, 10,  6,
        7,  6,  6, 17,  6,  8,  8,  7,  9,  7,  8,  7,  9,  7,  8,  8,  4,
        8,  8,  5,  9,  7,  6,  7,  8,  6,  8,  7,  5,  7,  7,  8,  6,  9,
        6,  7,  5,  9, 16,  8,  7, 14,  8])}], 'clusters': array([1, 1, 2, ..., 1, 2, 2]), 'time': 850.646742105484}
lenSubsequence: 20{'RI': 0.5049581863815543, 'num_clusters': 5, 'uShapelets': [{'ts_index': 994, 'loc': 61, 'gap': 0.03137177685848092, 'distances': array([0.06976659, 0.05781029, 0.107304  , ..., 0.05527056, 0.15702773,
       0.10876051]), 'delta_distances': array([0., 0., 0., ..., 0., 0., 0.]), 'locations': array([61, 61, 61, ..., 61, 61, 61])}, {'ts_index': 1071, 'loc': 62, 'gap': 0.02494246675778025, 'distances': array([0.03954946, 0.04002281, 0.03608937, 0.05593282, 0.0960504 ,
       0.04167379, 0.10604267, 0.09450296, 0.09928511, 0.03288807,
       0.10807907, 0.03645058, 0.06873014, 0.04702792, 0.04705199,
       0.10589557, 0.04736354, 0.02033113, 0.11574729, 0.07007963,
       0.02878246, 0.0757365 , 0.11863895, 0.07462183, 0.03849828,
       0.07852761, 0.09235259, 0.03481329, 0.03836818, 0.04453471,
       0.01961951, 0.11773456, 0.02725188, 0.0443902 , 0.08391451,
       0.04261473, 0.03295042, 0.03367492, 0.01926441, 0.04772489,
       0.02333913, 0.03556733, 0.07467046, 0.07923068, 0.11826573,
       0.04539854, 0.01406156, 0.03510523, 0.03251496, 0.09695159,
       0.04589346, 0.10785172, 0.06739421, 0.0512991 , 0.07450423,
       0.04801151, 0.03533232, 0.06377221, 0.03415597, 0.03438306,
       0.04500381, 0.03921677, 0.02866139, 0.07578471, 0.02560127,
       0.05502974, 0.05315783, 0.09048421, 0.05541189, 0.10300852,
       0.07365249, 0.08089697, 0.09380501, 0.08316448, 0.05133042,
       0.01451181, 0.09147547, 0.10922877, 0.09338366, 0.02299326,
       0.08545822, 0.13666335, 0.0772606 , 0.0608124 , 0.03708625,
       0.07192503, 0.03637485, 0.11479346, 0.08632406, 0.08269637,
       0.06923122, 0.12104121, 0.03399967, 0.04641061, 0.02542602,
       0.06336545, 0.09616841, 0.03054325, 0.07485214, 0.06076909,
       0.08486273, 0.05048475, 0.08212203, 0.10168862, 0.06933131,
       0.0682931 , 0.04732639, 0.04742513, 0.02177768, 0.05755545,
       0.09373088, 0.02495917, 0.06493712, 0.02481285, 0.07467277,
       0.05074539, 0.05330331, 0.03485387, 0.05400724, 0.09451452,
       0.06383659, 0.01387516, 0.07659881, 0.06075374, 0.11692433,
       0.10586671, 0.06913874, 0.07073005, 0.08247656, 0.02232779,
       0.08807302, 0.01838607, 0.06520159, 0.08585549, 0.08140453,
       0.03930684, 0.08475227, 0.04703749, 0.02856536, 0.03147392,
       0.03573227, 0.033106  , 0.0664838 , 0.06806254, 0.06735924,
       0.03452789, 0.03864007, 0.09569839, 0.07962344, 0.04080717,
       0.04432353, 0.06275217, 0.02309491, 0.04794085, 0.04120704,
       0.01521488, 0.03042647, 0.03476417, 0.02860581, 0.03147769,
       0.03998478, 0.09011024, 0.0844205 , 0.02162337, 0.02197646,
       0.01348972, 0.03374796, 0.05611522, 0.01181651, 0.12766994,
       0.07161135, 0.06044762, 0.02773405, 0.05135319, 0.02490893,
       0.03492721, 0.02120984, 0.06694436, 0.03336821, 0.0159594 ,
       0.01875413, 0.07311814, 0.03951202, 0.02445199, 0.04203728,
       0.03633476, 0.04950381, 0.13131066, 0.07412135, 0.03964111,
       0.08248357, 0.02694935, 0.04026708, 0.1050606 , 0.09685057,
       0.01787631, 0.10897047, 0.03351142, 0.04425198, 0.04407499,
       0.02491275, 0.05493883, 0.01193723, 0.05428172, 0.08918847,
       0.11102585, 0.10083677, 0.11273627, 0.11197208, 0.01764235,
       0.11435759, 0.03979416, 0.01904915, 0.05034754, 0.056695  ,
       0.03966623, 0.1369883 , 0.07998297, 0.03057879, 0.03595452,
       0.10485953, 0.07581904, 0.07056299, 0.03515654, 0.03588715,
       0.07757674, 0.06106415, 0.02825319, 0.04952111, 0.08533475,
       0.04036948, 0.09873392, 0.02643114, 0.02031047, 0.06099582,
       0.07206249, 0.05143863, 0.05895619, 0.07780212, 0.09263286,
       0.07183264, 0.02117924, 0.07485149, 0.09685608, 0.07837761,
       0.10367542, 0.10171437, 0.07346348, 0.01838994, 0.07328136,
       0.05141734, 0.03203447, 0.07316035, 0.02975193, 0.07400157,
       0.14520346, 0.04749303, 0.07901881, 0.09573196, 0.05687671,
       0.02035645, 0.10461502, 0.03539665, 0.0175433 , 0.12965979,
       0.10893347, 0.0930596 , 0.09194879, 0.04131274, 0.04709942,
       0.10137862, 0.02208433, 0.02397149, 0.08524567, 0.05207735,
       0.04211998, 0.08895946, 0.0457447 , 0.05320806, 0.02572266,
       0.05675053, 0.02856856, 0.13687763, 0.08391925, 0.04398011,
       0.0334466 , 0.0948328 , 0.04098045, 0.07528087, 0.02964933,
       0.04467124, 0.07387907, 0.02772147, 0.03108919, 0.06248352,
       0.04424282, 0.05488196, 0.02567007, 0.03915571, 0.06511605,
       0.01940779, 0.03689431, 0.10886563, 0.03303975, 0.08308426,
       0.04764092, 0.09367185, 0.02056927, 0.0345369 , 0.12738471,
       0.0463007 , 0.06287985, 0.0210611 , 0.07567476, 0.06443132,
       0.09652668, 0.06015137, 0.08349624, 0.07157344, 0.050265  ,
       0.04858058, 0.08488204, 0.01886061, 0.01594749, 0.11869337,
       0.01396585, 0.06436162, 0.10021598, 0.01522334, 0.03962162,
       0.01947152, 0.04467933, 0.07569444, 0.04395819, 0.06756114,
       0.04783053, 0.03896704, 0.09814049, 0.06571012, 0.04523223,
       0.13653447, 0.03323917, 0.02123399, 0.09259911, 0.12968003,
       0.01917883, 0.05163543, 0.04721988, 0.05902804, 0.01492037,
       0.06307755, 0.05003379, 0.05881652, 0.08775083, 0.06416479,
       0.06851945, 0.03797628, 0.04343645, 0.03298466, 0.06670347,
       0.02354129, 0.05291748, 0.01237861, 0.08057348, 0.1328916 ,
       0.12132125, 0.04549275, 0.04288111, 0.0289227 , 0.02934195,
       0.03626503, 0.03162649, 0.10995007, 0.01996866, 0.02250428,
       0.02151302, 0.06276958, 0.06192617, 0.02253248, 0.02842873,
       0.12075736, 0.084375  , 0.08321131, 0.06819215, 0.02089557,
       0.02287728, 0.08596861, 0.10346745, 0.0263546 , 0.07146791,
       0.05982525, 0.01837628, 0.10750769, 0.10938397, 0.05856415,
       0.04184265, 0.0285976 , 0.03847727, 0.05727493, 0.04624176,
       0.10762001, 0.03807328, 0.07439726, 0.05066767, 0.042835  ,
       0.08784572, 0.06717526, 0.11101622, 0.02162273, 0.05316724,
       0.05404628, 0.04765291, 0.03027656, 0.0347793 , 0.06132159,
       0.05903334, 0.0579281 , 0.10654769, 0.06584505, 0.04137378,
       0.08654041, 0.07986191, 0.0484669 , 0.10812745, 0.02875556,
       0.03198234, 0.02387797, 0.05489556, 0.07854257, 0.03867247,
       0.04106988, 0.05453281, 0.02638266, 0.05913275, 0.09800088,
       0.07364795, 0.04132768, 0.04598429, 0.09657818, 0.10392453,
       0.04057681, 0.08024234, 0.03105692, 0.04841828, 0.01361938,
       0.09516662, 0.02886074, 0.06446807, 0.09767134, 0.0259799 ,
       0.1066059 , 0.05359653, 0.08045421, 0.06882085, 0.06903351,
       0.06908068, 0.02348835, 0.0717045 , 0.1498024 , 0.08271152,
       0.05363697, 0.08151238, 0.09185421, 0.03971791, 0.12254432,
       0.10470488, 0.04782374, 0.03635   , 0.05545216, 0.02081922,
       0.05319746, 0.12303212, 0.0735887 , 0.02886473, 0.02637001,
       0.07925132, 0.0917983 , 0.03006065, 0.08131943, 0.0408831 ,
       0.05501575, 0.07100838, 0.08987242, 0.03155499, 0.04141274,
       0.11504084, 0.05424048, 0.06069759, 0.07221257, 0.09959316,
       0.09483222, 0.02615382, 0.04522936, 0.11221942, 0.09198511,
       0.06800855, 0.06514674, 0.05603867, 0.07774661, 0.02554868,
       0.03973484, 0.04483567, 0.04046776, 0.01352387, 0.06622407,
       0.03269893, 0.09689656, 0.08129665, 0.03795501, 0.13184587,
       0.03361451, 0.08569027, 0.02582702, 0.0182219 , 0.05331334,
       0.08491853, 0.10338881, 0.04765976, 0.03668361, 0.08039831,
       0.09055954, 0.10071899, 0.03776056, 0.04594372, 0.05669116,
       0.03455951, 0.05011085, 0.0204792 , 0.02648698, 0.0660659 ,
       0.13896849, 0.07081804, 0.06948435, 0.06281801, 0.08656402,
       0.02966871, 0.06766519, 0.09533453, 0.02073771, 0.0610167 ,
       0.05015439, 0.03975456, 0.05541814, 0.03388916, 0.05736896,
       0.04690807, 0.07303215, 0.08777229, 0.07698586, 0.04208245,
       0.02022684, 0.09171632, 0.05935293, 0.08494753, 0.01477295,
       0.10380562, 0.06183126, 0.02135398, 0.04187338, 0.09087185,
       0.0228941 , 0.10897291, 0.06584461, 0.023015  , 0.08482248,
       0.0365515 , 0.06047938, 0.02947554, 0.03042273, 0.08543805,
       0.02773689, 0.08992793, 0.01526139, 0.05777962, 0.02951377,
       0.08707633, 0.03732121, 0.08476782, 0.02520684, 0.06300974,
       0.04904875, 0.0680787 , 0.06317369, 0.01952185, 0.01514323,
       0.06589046, 0.02465791, 0.0401467 , 0.0912314 , 0.02951923,
       0.03134569, 0.01854495, 0.01411489, 0.09282851, 0.02946069,
       0.08841998, 0.05131381, 0.07263691, 0.10024551, 0.02489146,
       0.03103542, 0.05652305, 0.05411139, 0.09124188, 0.09228125,
       0.03430222, 0.07834505, 0.06563263, 0.08287457, 0.08695551,
       0.03899234, 0.11825926, 0.0651791 , 0.0240645 , 0.04716874,
       0.04949066, 0.08824704, 0.06431139, 0.1182287 , 0.01419674,
       0.01476525, 0.0798402 , 0.01475644, 0.02737896, 0.05416459,
       0.01949679, 0.04912848, 0.0660903 , 0.06483039, 0.02916522,
       0.07531079, 0.11704518, 0.08193964, 0.01967753, 0.02800241,
       0.11626596, 0.0134887 , 0.08073854, 0.02608659, 0.06916289,
       0.06756447, 0.02785386, 0.07336097, 0.11740039, 0.14689074,
       0.02883661, 0.04209237, 0.11296584, 0.0271154 , 0.12177805,
       0.0485885 , 0.02881189, 0.03056587, 0.13301581, 0.07471225,
       0.03437466, 0.07576073, 0.05570249, 0.06000685, 0.06850692,
       0.06354673, 0.04656549, 0.09433945, 0.05335647, 0.09216196,
       0.04607288, 0.0557042 , 0.06579778, 0.04672992, 0.0319516 ,
       0.05694223, 0.09962241, 0.02168577, 0.06515478, 0.04026888,
       0.0561772 , 0.09659545, 0.05579682, 0.01541655, 0.07689321,
       0.09625586, 0.09775569, 0.05689051, 0.10092718, 0.02489679,
       0.03545628, 0.02857254, 0.05880019, 0.06890943, 0.09933158,
       0.10205833, 0.02011554, 0.04962336, 0.05417603, 0.07715296,
       0.11579648, 0.07592816, 0.02698347, 0.02713886, 0.05038797,
       0.02921117, 0.03572856, 0.02463184, 0.10701061, 0.01741422,
       0.13108006, 0.07125319, 0.0301568 , 0.04390843, 0.04193885,
       0.02549613, 0.01645972, 0.10415728, 0.04031771, 0.06276157,
       0.05321203, 0.01807367, 0.05826397, 0.05110093, 0.04185806,
       0.07906157, 0.06676092, 0.0520273 , 0.04093153, 0.08533973,
       0.0273114 , 0.11768564, 0.04110979, 0.07969859, 0.08392074,
       0.07259657, 0.06770164, 0.09695451, 0.06011714, 0.04112773,
       0.09911319, 0.04205208, 0.04973997, 0.0352533 , 0.10487407,
       0.02873608, 0.0541731 , 0.10301289, 0.12274217, 0.02615985,
       0.04578938, 0.03534353, 0.02689414, 0.04043563, 0.03746865,
       0.04020146, 0.03528675, 0.0927688 , 0.02770316, 0.01882857,
       0.03101637, 0.03679239, 0.02290437, 0.02386561, 0.03052614,
       0.0543881 , 0.03631291, 0.05903342, 0.0571849 , 0.02597224,
       0.09765553, 0.06572591, 0.05013828, 0.11325411, 0.04005399,
       0.04917459, 0.02822131, 0.0395748 , 0.02796587, 0.05929914,
       0.06681774, 0.07777418, 0.03542859, 0.13639605, 0.08940148,
       0.01674522, 0.07801614, 0.02605672, 0.11105586, 0.0397951 ,
       0.04457909, 0.05281449, 0.1089743 , 0.0295632 , 0.1073053 ,
       0.101557  , 0.11151497, 0.09728587, 0.10962676, 0.05223445,
       0.04332719, 0.05230069, 0.05515018, 0.035002  , 0.01667243,
       0.06808612, 0.02397572, 0.04060326, 0.0377553 , 0.03879369,
       0.02848956, 0.0355668 , 0.11986483, 0.1396444 , 0.06409427,
       0.10692158, 0.06902617, 0.09391484, 0.05684492, 0.12203973,
       0.03163542, 0.10842737, 0.088692  , 0.08508835, 0.10275089,
       0.0324421 , 0.03039609, 0.03880193, 0.02460777, 0.09088615,
       0.04558934, 0.06286217, 0.0362521 , 0.04854261, 0.02601106,
       0.04232298, 0.12747424, 0.03383005, 0.09543503, 0.0597067 ,
       0.06444375, 0.07465854, 0.09681952, 0.04807863, 0.0974705 ,
       0.03148531, 0.04997867, 0.09305372, 0.07243811, 0.0524925 ,
       0.10400536, 0.0164179 , 0.02474601, 0.02302379, 0.06798053,
       0.04201625, 0.0156333 , 0.05789387, 0.03785003, 0.10852015,
       0.04040037, 0.03423018, 0.10154245, 0.03399809, 0.02927461,
       0.02450984, 0.03494646, 0.09515072, 0.0235552 , 0.0588675 ,
       0.03773327, 0.02183546, 0.04111751, 0.10194745, 0.08997993,
       0.01838498, 0.06731441, 0.06925023, 0.0220458 , 0.02421183,
       0.05195106, 0.06894663, 0.07785058, 0.06123853, 0.01138881,
       0.0359245 , 0.07365721, 0.06054519, 0.03063315, 0.02741943,
       0.08706499, 0.04116236, 0.02042939, 0.08441922, 0.07553008,
       0.0228763 , 0.06399529, 0.11635252, 0.05272613, 0.09158144,
       0.05127043, 0.06667106, 0.0377442 , 0.01290271, 0.11318254,
       0.0676735 , 0.02051682, 0.06386754, 0.02848355, 0.11857336,
       0.05591885, 0.02638375, 0.0679374 , 0.04169296, 0.01612405,
       0.0306787 , 0.08884091, 0.09791407, 0.04049929, 0.04708596,
       0.01913883, 0.07874392, 0.08339741, 0.09460901, 0.08851256,
       0.09019812, 0.06315671, 0.08477209, 0.09114089, 0.04988622,
       0.0463765 , 0.01680632, 0.07163814, 0.12045821, 0.06986986,
       0.04163907, 0.02950373, 0.04542486, 0.03571526, 0.08413562,
       0.02729446, 0.04312925, 0.07219174, 0.11137521, 0.0283272 ,
       0.13193033, 0.05651597, 0.04159519, 0.04848843, 0.04692947,
       0.0645243 , 0.10762108, 0.08083704, 0.02268689, 0.05715829,
       0.04613762, 0.09397959, 0.09393091, 0.09056858, 0.01873593,
       0.09707223, 0.03951253, 0.04987016, 0.06956917, 0.02152156,
       0.01834809, 0.04105353, 0.02728667, 0.0707576 , 0.08787377,
       0.04056914]), 'delta_distances': array([0., 0., 0., 0., 0., 0., 0., 0., 0., 0., 0., 0., 0., 0., 0., 0., 0.,
       0., 0., 0., 0., 0., 0., 0., 0., 0., 0., 0., 0., 0., 0., 0., 0., 0.,
       0., 0., 0., 0., 0., 0., 0., 0., 0., 0., 0., 0., 0., 0., 0., 0., 0.,
       0., 0., 0., 0., 0., 0., 0., 0., 0., 0., 0., 0., 0., 0., 0., 0., 0.,
       0., 0., 0., 0., 0., 0., 0., 0., 0., 0., 0., 0., 0., 0., 0., 0., 0.,
       0., 0., 0., 0., 0., 0., 0., 0., 0., 0., 0., 0., 0., 0., 0., 0., 0.,
       0., 0., 0., 0., 0., 0., 0., 0., 0., 0., 0., 0., 0., 0., 0., 0., 0.,
       0., 0., 0., 0., 0., 0., 0., 0., 0., 0., 0., 0., 0., 0., 0., 0., 0.,
       0., 0., 0., 0., 0., 0., 0., 0., 0., 0., 0., 0., 0., 0., 0., 0., 0.,
       0., 0., 0., 0., 0., 0., 0., 0., 0., 0., 0., 0., 0., 0., 0., 0., 0.,
       0., 0., 0., 0., 0., 0., 0., 0., 0., 0., 0., 0., 0., 0., 0., 0., 0.,
       0., 0., 0., 0., 0., 0., 0., 0., 0., 0., 0., 0., 0., 0., 0., 0., 0.,
       0., 0., 0., 0., 0., 0., 0., 0., 0., 0., 0., 0., 0., 0., 0., 0., 0.,
       0., 0., 0., 0., 0., 0., 0., 0., 0., 0., 0., 0., 0., 0., 0., 0., 0.,
       0., 0., 0., 0., 0., 0., 0., 0., 0., 0., 0., 0., 0., 0., 0., 0., 0.,
       0., 0., 0., 0., 0., 0., 0., 0., 0., 0., 0., 0., 0., 0., 0., 0., 0.,
       0., 0., 0., 0., 0., 0., 0., 0., 0., 0., 0., 0., 0., 0., 0., 0., 0.,
       0., 0., 0., 0., 0., 0., 0., 0., 0., 0., 0., 0., 0., 0., 0., 0., 0.,
       0., 0., 0., 0., 0., 0., 0., 0., 0., 0., 0., 0., 0., 0., 0., 0., 0.,
       0., 0., 0., 0., 0., 0., 0., 0., 0., 0., 0., 0., 0., 0., 0., 0., 0.,
       0., 0., 0., 0., 0., 0., 0., 0., 0., 0., 0., 0., 0., 0., 0., 0., 0.,
       0., 0., 0., 0., 0., 0., 0., 0., 0., 0., 0., 0., 0., 0., 0., 0., 0.,
       0., 0., 0., 0., 0., 0., 0., 0., 0., 0., 0., 0., 0., 0., 0., 0., 0.,
       0., 0., 0., 0., 0., 0., 0., 0., 0., 0., 0., 0., 0., 0., 0., 0., 0.,
       0., 0., 0., 0., 0., 0., 0., 0., 0., 0., 0., 0., 0., 0., 0., 0., 0.,
       0., 0., 0., 0., 0., 0., 0., 0., 0., 0., 0., 0., 0., 0., 0., 0., 0.,
       0., 0., 0., 0., 0., 0., 0., 0., 0., 0., 0., 0., 0., 0., 0., 0., 0.,
       0., 0., 0., 0., 0., 0., 0., 0., 0., 0., 0., 0., 0., 0., 0., 0., 0.,
       0., 0., 0., 0., 0., 0., 0., 0., 0., 0., 0., 0., 0., 0., 0., 0., 0.,
       0., 0., 0., 0., 0., 0., 0., 0., 0., 0., 0., 0., 0., 0., 0., 0., 0.,
       0., 0., 0., 0., 0., 0., 0., 0., 0., 0., 0., 0., 0., 0., 0., 0., 0.,
       0., 0., 0., 0., 0., 0., 0., 0., 0., 0., 0., 0., 0., 0., 0., 0., 0.,
       0., 0., 0., 0., 0., 0., 0., 0., 0., 0., 0., 0., 0., 0., 0., 0., 0.,
       0., 0., 0., 0., 0., 0., 0., 0., 0., 0., 0., 0., 0., 0., 0., 0., 0.,
       0., 0., 0., 0., 0., 0., 0., 0., 0., 0., 0., 0., 0., 0., 0., 0., 0.,
       0., 0., 0., 0., 0., 0., 0., 0., 0., 0., 0., 0., 0., 0., 0., 0., 0.,
       0., 0., 0., 0., 0., 0., 0., 0., 0., 0., 0., 0., 0., 0., 0., 0., 0.,
       0., 0., 0., 0., 0., 0., 0., 0., 0., 0., 0., 0., 0., 0., 0., 0., 0.,
       0., 0., 0., 0., 0., 0., 0., 0., 0., 0., 0., 0., 0., 0., 0., 0., 0.,
       0., 0., 0., 0., 0., 0., 0., 0., 0., 0., 0., 0., 0., 0., 0., 0., 0.,
       0., 0., 0., 0., 0., 0., 0., 0., 0., 0., 0., 0., 0., 0., 0., 0., 0.,
       0., 0., 0., 0., 0., 0., 0., 0., 0., 0., 0., 0., 0., 0., 0., 0., 0.,
       0., 0., 0., 0., 0., 0., 0., 0., 0., 0., 0., 0., 0., 0., 0., 0., 0.,
       0., 0., 0., 0., 0., 0., 0., 0., 0., 0., 0., 0., 0., 0., 0., 0., 0.,
       0., 0., 0., 0., 0., 0., 0., 0., 0., 0., 0., 0., 0., 0., 0., 0., 0.,
       0., 0., 0., 0., 0., 0., 0., 0., 0., 0., 0., 0., 0., 0., 0., 0., 0.,
       0., 0., 0., 0., 0., 0., 0., 0., 0., 0., 0., 0., 0., 0., 0., 0., 0.,
       0., 0., 0., 0., 0., 0., 0., 0., 0., 0., 0., 0., 0., 0., 0., 0., 0.,
       0., 0., 0., 0., 0., 0., 0., 0., 0., 0., 0., 0., 0., 0., 0., 0., 0.,
       0., 0., 0., 0., 0., 0., 0., 0., 0., 0., 0., 0., 0., 0., 0., 0., 0.,
       0., 0., 0., 0., 0., 0., 0., 0., 0., 0., 0., 0., 0., 0., 0., 0., 0.,
       0., 0., 0., 0., 0., 0., 0., 0., 0., 0., 0., 0., 0., 0., 0., 0., 0.,
       0., 0., 0., 0., 0., 0., 0., 0., 0., 0., 0., 0., 0., 0., 0., 0., 0.,
       0., 0., 0., 0., 0., 0., 0., 0., 0., 0., 0., 0., 0., 0., 0., 0., 0.,
       0., 0., 0., 0., 0., 0., 0., 0., 0., 0., 0., 0., 0., 0., 0., 0., 0.,
       0., 0., 0., 0., 0., 0., 0., 0., 0., 0., 0., 0., 0., 0., 0., 0., 0.,
       0., 0., 0., 0., 0., 0., 0., 0., 0., 0., 0., 0., 0., 0.]), 'locations': array([60, 61, 61, 61, 61, 61, 61, 61, 61, 61, 61, 61, 61, 61, 61, 61, 61,
       61, 61, 61, 61, 61, 61, 61, 61, 61, 61, 61, 61, 61, 61, 61, 60, 61,
       61, 61, 61, 61, 61, 61, 61, 61, 59, 61, 61, 61, 61, 60, 61, 61, 61,
       61, 61, 61, 61, 61, 61, 61, 61, 61, 61, 61, 61, 61, 61, 61, 61, 61,
       61, 61, 61, 61, 61, 61, 61, 61, 61, 61, 61, 60, 61, 61, 61, 61, 60,
       61, 61, 61, 61, 61, 61, 61, 61, 61, 61, 61, 61, 61, 61, 61, 61, 61,
       61, 61, 61, 61, 61, 61, 61, 61, 61, 61, 61, 60, 61, 61, 61, 61, 61,
       61, 61, 61, 61, 61, 61, 61, 61, 61, 61, 61, 61, 61, 61, 61, 61, 61,
       61, 61, 60, 61, 61, 61, 61, 61, 61, 61, 60, 61, 61, 61, 61, 60, 61,
       61, 61, 61, 61, 61, 60, 61, 61, 61, 61, 61, 61, 60, 61, 61, 61, 61,
       61, 60, 60, 61, 61, 58, 61, 61, 61, 61, 61, 61, 61, 61, 61, 60, 61,
       61, 61, 61, 61, 61, 61, 61, 61, 61, 61, 61, 61, 61, 61, 61, 61, 60,
       61, 61, 61, 61, 61, 61, 61, 61, 61, 61, 61, 61, 61, 61, 60, 61, 61,
       61, 61, 61, 61, 61, 61, 61, 61, 61, 61, 61, 60, 61, 61, 61, 61, 61,
       61, 61, 61, 61, 61, 61, 61, 61, 61, 61, 61, 60, 61, 60, 61, 60, 61,
       61, 61, 61, 61, 61, 60, 61, 61, 60, 61, 61, 61, 61, 61, 60, 61, 61,
       60, 61, 61, 61, 61, 61, 61, 61, 61, 60, 61, 61, 60, 61, 61, 61, 61,
       61, 61, 61, 61, 61, 61, 61, 61, 61, 61, 61, 61, 61, 61, 61, 61, 61,
       61, 60, 61, 61, 61, 61, 60, 61, 61, 61, 61, 61, 61, 61, 61, 61, 61,
       61, 61, 61, 61, 61, 61, 60, 61, 61, 61, 61, 61, 61, 61, 61, 61, 61,
       61, 61, 61, 61, 61, 61, 61, 61, 61, 61, 61, 61, 61, 61, 61,  3, 61,
       61, 61, 61, 61, 61, 61, 61, 61, 61, 61, 61, 61, 61, 61, 61, 61, 61,
       61, 61, 61, 61, 60, 60, 61, 61, 61, 61, 61, 61, 61, 61, 61, 61, 61,
       61, 61, 61, 61, 61, 59, 61, 61, 61, 61, 61, 61, 61, 61, 61, 61, 61,
       61, 61, 61, 61, 61, 61, 61, 61, 61, 61, 61, 61, 61, 61, 59, 61, 60,
       61, 61, 61, 61, 61, 61, 61, 61, 61, 61, 61, 61, 61, 61, 61, 61, 61,
       61, 61, 61, 61, 61, 61, 61, 61, 61, 61, 61, 61, 61, 61, 61, 61, 61,
       61, 61, 61, 61, 59, 61, 61, 61, 61, 61, 61, 61, 61, 61, 60, 61, 61,
       61, 61, 61, 61, 61, 61, 61, 61, 61, 61, 61, 61, 61, 61, 61, 61, 61,
       61, 61, 61, 61, 61, 61, 60, 61, 61, 61, 60, 61, 61, 61, 61, 61, 61,
       59, 60, 61, 61, 61, 61, 61, 61, 61, 61, 61, 61, 61, 61, 61, 57, 61,
       61, 61, 61, 61, 61, 58, 58, 61, 61, 61, 61, 61, 61, 61, 61, 61, 61,
       61, 61, 61, 61, 61, 61, 61, 61, 61, 61, 61, 61, 61, 60, 61, 61, 61,
       61, 61, 61, 61, 61, 61, 61, 61, 61, 61, 61, 61, 61, 60, 61, 61, 61,
       61, 61, 61, 61, 61, 61, 61, 61, 60, 60, 61, 61, 61, 61, 61, 61, 60,
       61, 61, 61, 61, 61, 60, 61, 61, 61, 61, 61, 61, 61, 61, 61, 61, 61,
       61, 60, 61, 61, 61, 61, 61, 61, 61, 61, 61, 61, 61, 61, 61, 61, 61,
       61, 61, 61, 61, 60, 61, 61, 61, 61, 61, 61, 61, 61, 61, 61, 61, 61,
       61, 61, 61, 61, 61, 61, 61, 61, 61, 61, 61, 61, 61, 61, 61, 61, 61,
       61, 61, 61, 61, 61, 61, 61, 61, 61, 61, 61, 61, 61, 61, 61, 61, 61,
       61, 61, 61, 61, 61, 60, 61, 61, 61, 61, 61, 61, 61, 61, 61, 61, 61,
       61, 61, 61, 61, 61, 61, 61, 61,  0, 61, 61, 61, 61, 61, 61, 61, 61,
       61, 61, 61, 61, 61, 61, 61, 61, 61, 61, 61, 61, 61, 61, 61, 61, 61,
       61, 61, 61, 61, 61, 60, 61, 60, 61, 61, 61, 61, 61, 61, 61, 61, 61,
       61, 61, 59, 61, 61, 61, 60, 60, 59, 60, 61, 61, 61, 61, 61, 61, 61,
       61, 61, 61, 61, 61, 61, 60, 60, 61, 61, 61, 61, 61, 61, 61, 60, 61,
       61, 61, 61, 61, 60, 61, 61, 61, 61, 61, 61, 61, 61, 61, 61, 61, 61,
       61, 61, 60, 61, 61, 61, 61, 61, 61, 61, 61, 61, 61, 61, 61, 61, 61,
       61, 61, 61, 61, 61, 61, 61, 61, 61, 61, 61, 61, 60, 61, 60, 61, 61,
       61, 61, 61, 61, 61, 61, 61, 61, 61, 61, 61, 61, 61, 61, 61, 60, 61,
       61, 61, 61, 61, 61, 61, 61, 61, 59, 61, 61, 61, 61, 61, 61, 61, 61,
       61, 61, 61, 60, 61, 61, 61, 61, 61, 61, 61, 61, 61, 61, 61, 61, 61,
       60, 61, 61, 61, 61, 61, 61, 61, 61, 61, 61, 61, 61, 61, 61, 61, 61,
       61, 61, 61, 61, 61, 61, 61, 60, 61, 61, 61, 61, 61, 61, 61, 61, 61,
       61, 61, 61, 61, 61, 61, 61, 61, 61, 61, 61, 61, 61, 60, 61, 61, 61,
       61, 61, 61, 61, 60, 61, 61, 61, 61, 61, 61, 61, 61, 61, 61, 61, 61,
       61, 61, 61, 61, 61, 61, 61, 61, 60, 60, 60, 61, 61, 61])}, {'ts_index': 261, 'loc': 30, 'gap': 0.01587241949103512, 'distances': array([0.05066059, 0.04500158, 0.06537761, 0.05999098, 0.05902588,
       0.0390812 , 0.07481151, 0.08408792, 0.06717524, 0.0735903 ,
       0.03432299, 0.03640494, 0.0215919 , 0.06106668, 0.06937013,
       0.07508107, 0.12132967, 0.07101458, 0.08069205, 0.02698027,
       0.08655051, 0.04320784, 0.03921967, 0.07292333, 0.06814387,
       0.08183966, 0.06448692, 0.07635039, 0.07841596, 0.0408305 ,
       0.06514992, 0.08662383, 0.061662  , 0.02497168, 0.05522228,
       0.07662165, 0.05468889, 0.        , 0.07376981, 0.04575896,
       0.07194746, 0.06756301, 0.06819758, 0.05376746, 0.07460023,
       0.08427569, 0.04970772, 0.08636906, 0.06047359, 0.06095552,
       0.03363863, 0.04183937, 0.06799186, 0.03467499, 0.05725777,
       0.02286001, 0.03075321, 0.03636468, 0.06792157, 0.05618002,
       0.07455267, 0.05953942, 0.06370803, 0.0471685 , 0.07993031,
       0.06465052, 0.06364973, 0.09230855, 0.07369128, 0.04369462,
       0.12367365, 0.05425143, 0.07516454, 0.02958986, 0.09992726,
       0.05353321, 0.04470369, 0.08459756, 0.08313161, 0.04156191,
       0.06756086, 0.06638354, 0.04709995, 0.03873745, 0.06328448,
       0.04680345, 0.03105354, 0.06503995, 0.06164229, 0.08494494,
       0.05897985, 0.05959593, 0.05166733, 0.03396053, 0.08290235,
       0.09487851, 0.06951825, 0.06077892, 0.07239106, 0.05940219,
       0.08462311, 0.06261785, 0.07071644, 0.07305017, 0.06774697,
       0.07091088, 0.03077349, 0.06828946, 0.07796666, 0.02688057,
       0.02532138, 0.06973885, 0.06842496, 0.02624281, 0.06467927,
       0.06733393, 0.06364332, 0.05360173, 0.04541214, 0.06446344,
       0.08515354, 0.0903259 , 0.0774294 , 0.03696647, 0.02243758,
       0.07838546, 0.06016885, 0.07406241, 0.03906715, 0.04515288,
       0.0778466 , 0.04379977, 0.02552019, 0.08627994, 0.1009184 ,
       0.0603782 , 0.05539287, 0.09570526, 0.06766038, 0.0735226 ,
       0.07214728, 0.03239097, 0.07161864, 0.07525689, 0.08543461,
       0.02357037, 0.06731649, 0.03227065, 0.08253852, 0.07049326,
       0.05272355, 0.02430545, 0.0855661 , 0.07616142, 0.06148833,
       0.04885443, 0.04054214, 0.08218981, 0.09399312, 0.05662789,
       0.07830932, 0.07259272]), 'delta_distances': array([0., 0., 0., 0., 0., 0., 0., 0., 0., 0., 0., 0., 0., 0., 0., 0., 0.,
       0., 0., 0., 0., 0., 0., 0., 0., 0., 0., 0., 0., 0., 0., 0., 0., 0.,
       0., 0., 0., 0., 0., 0., 0., 0., 0., 0., 0., 0., 0., 0., 0., 0., 0.,
       0., 0., 0., 0., 0., 0., 0., 0., 0., 0., 0., 0., 0., 0., 0., 0., 0.,
       0., 0., 0., 0., 0., 0., 0., 0., 0., 0., 0., 0., 0., 0., 0., 0., 0.,
       0., 0., 0., 0., 0., 0., 0., 0., 0., 0., 0., 0., 0., 0., 0., 0., 0.,
       0., 0., 0., 0., 0., 0., 0., 0., 0., 0., 0., 0., 0., 0., 0., 0., 0.,
       0., 0., 0., 0., 0., 0., 0., 0., 0., 0., 0., 0., 0., 0., 0., 0., 0.,
       0., 0., 0., 0., 0., 0., 0., 0., 0., 0., 0., 0., 0., 0., 0., 0., 0.,
       0., 0., 0., 0., 0., 0., 0., 0., 0.]), 'locations': array([30, 30, 28, 27, 30, 30, 30, 30, 31, 29, 28, 29, 30, 29, 27, 30, 27,
       29, 28, 29, 27, 30, 30, 31, 30, 28, 30, 30, 30, 30, 30, 30, 27, 30,
       30, 30, 30, 30, 28, 30, 30, 29, 30, 28, 29, 30, 30, 28, 27, 30, 30,
       28, 30, 30, 29, 29, 28, 30, 28, 30, 31, 30, 29, 30, 29, 29, 30, 27,
       30, 29, 24, 27, 29, 30, 30, 29, 27, 30, 30, 30, 29, 30, 29, 30, 29,
       29, 30, 29, 30, 30, 30, 30, 30, 28, 28, 28, 30, 30, 30, 29, 29, 30,
       27, 30, 28, 30, 29, 29, 30, 30, 30, 28, 30, 29, 28, 28, 30, 30, 30,
       30, 28, 29, 27, 30, 29, 28, 28, 30, 30, 29, 30, 29, 30, 29, 30, 30,
       30, 29, 29, 26, 30, 28, 30, 30, 28, 30, 30, 29, 29, 28, 29, 29, 30,
       28, 29, 30, 28, 30, 27, 29, 29, 30])}, {'ts_index': 516, 'loc': 7, 'gap': 0.01911942599313464, 'distances': array([0.01940844, 0.02882967, 0.08391613, 0.02753956, 0.01453711,
       0.0421733 , 0.02827724, 0.01470298, 0.01803448, 0.07222745,
       0.09662956, 0.01043072, 0.13104407, 0.02178652, 0.07591225,
       0.0565167 , 0.01588411, 0.00816241, 0.01070864, 0.04273573,
       0.02267173, 0.03980594, 0.01943206, 0.01631679, 0.01973886,
       0.05342134, 0.08154949, 0.03454645, 0.05315818, 0.06690308,
       0.0269583 , 0.04220382, 0.03609103, 0.01131426, 0.07142759,
       0.03195931, 0.026456  , 0.02895272, 0.02363165, 0.03373248,
       0.09211234, 0.04392266, 0.04267482, 0.01436959, 0.04259442,
       0.07163723, 0.0314494 , 0.02748836, 0.0190307 , 0.02377351,
       0.04347243, 0.03028131, 0.02758482, 0.01869559, 0.05398831,
       0.01405391, 0.05450761, 0.14773934, 0.05417248, 0.        ,
       0.06864126, 0.07611966, 0.06585774, 0.05723238, 0.05716128,
       0.01544612, 0.02895497, 0.02078984, 0.02190885, 0.02782077,
       0.02723458, 0.02592455, 0.02900254, 0.03655602, 0.01545971,
       0.01350472, 0.01467575, 0.02798584, 0.05122455, 0.02456089,
       0.01477176, 0.00851043, 0.07532375, 0.07192487, 0.01952614,
       0.08335592, 0.03139916, 0.01017583, 0.0228658 , 0.00823772,
       0.06341092, 0.04105883, 0.01408119, 0.02745005, 0.01495995,
       0.00928749, 0.02246247, 0.01943026, 0.01074686, 0.04228173,
       0.05736349, 0.06117732, 0.10353888, 0.06394394, 0.01689948,
       0.02326016, 0.04186699, 0.0190759 , 0.05465945, 0.07667643,
       0.03476424, 0.02878719, 0.06659189, 0.02350431, 0.09217949,
       0.02496938, 0.01500575, 0.04981887, 0.01328862, 0.01428058,
       0.06098172, 0.0355429 , 0.03793346, 0.02238644, 0.04213517,
       0.03753771, 0.03375144, 0.04702087, 0.05585803, 0.11252821,
       0.0121225 , 0.05963504, 0.01956617]), 'delta_distances': array([0., 0., 0., 0., 0., 0., 0., 0., 0., 0., 0., 0., 0., 0., 0., 0., 0.,
       0., 0., 0., 0., 0., 0., 0., 0., 0., 0., 0., 0., 0., 0., 0., 0., 0.,
       0., 0., 0., 0., 0., 0., 0., 0., 0., 0., 0., 0., 0., 0., 0., 0., 0.,
       0., 0., 0., 0., 0., 0., 0., 0., 0., 0., 0., 0., 0., 0., 0., 0., 0.,
       0., 0., 0., 0., 0., 0., 0., 0., 0., 0., 0., 0., 0., 0., 0., 0., 0.,
       0., 0., 0., 0., 0., 0., 0., 0., 0., 0., 0., 0., 0., 0., 0., 0., 0.,
       0., 0., 0., 0., 0., 0., 0., 0., 0., 0., 0., 0., 0., 0., 0., 0., 0.,
       0., 0., 0., 0., 0., 0., 0., 0., 0., 0., 0., 0., 0., 0.]), 'locations': array([ 8,  8,  8,  6,  7,  7,  8,  8,  7,  9,  4,  8, 13,  7,  6,  4,  8,
        9,  9,  6,  8,  8,  9,  7,  8,  8,  6,  6,  7,  8,  6,  7,  8,  7,
        6,  6,  6,  8, 15,  5,  5,  8,  5,  7,  8,  6,  8,  8,  8,  7,  7,
        6,  7,  8,  5,  8,  7, 10,  2,  7,  8,  9,  4,  7,  8,  7,  7,  8,
        6,  7,  7,  7,  8,  7,  8,  7,  9,  6,  5,  8,  8,  8,  7,  7,  8,
        5,  8,  6,  8,  7,  9,  6,  8,  5,  6,  9,  8,  6,  8,  6,  7,  5,
       14,  6,  8, 11,  8,  6,  6,  8,  4, 15,  7,  6,  4,  8,  8,  7,  6,
        8,  8,  7,  7,  7,  6,  8,  7,  5,  9, 13,  7,  7,  7])}], 'clusters': array([2, 1, 2, ..., 1, 2, 2]), 'time': 757.5536057949066}
