lenSubsequence: 11{'RI': 0.39261306532663315, 'num_clusters': 2, 'uShapelets': [{'ts_index': 183, 'loc': 29, 'gap': 6.6710959148603735, 'distances': array([39.52164464, 46.800425  , 52.48469764, 41.54135836, 32.97748191,
       45.414133  , 40.02239991, 20.91817982, 51.56684818, 36.13151818,
       19.97211745, 18.80708791, 28.38486382, 42.91365591, 39.50859845,
       36.45234191, 41.14311636, 35.23758627, 43.51044036, 13.23579945,
       41.78515791, 46.98430473, 48.27297164, 42.37632182, 36.81049727,
       52.05322327, 41.48146036, 49.81858945, 23.88403655, 31.69431809,
       55.12719409, 23.78582582, 37.87062973, 44.93225164, 28.13571382,
       30.45133827, 31.05739927, 47.47193082, 48.59255227, 49.76118136,
       46.23471155, 48.29448209, 51.87603109, 51.26286691, 13.46566355,
       39.62065082, 45.14474082, 41.69444773, 49.66155545, 43.85727209,
       41.25742909, 43.54296109, 28.41592264, 37.55892673, 27.83988191,
       49.38755418, 32.46235327, 21.50715891, 51.48125936, 55.053311  ,
       37.29636209, 38.89986318, 54.88205482, 55.25642955, 45.909818  ,
       43.80913055, 38.60294082, 56.65391573, 38.92585809, 41.87476664,
       53.16685327, 47.863833  , 39.37422536, 36.20095482, 42.34122055,
       41.95404436, 33.10874691, 45.56584291, 40.64452545, 48.19673091,
       33.71302182, 36.44388827, 51.36321636, 49.14627109, 49.86797109,
       42.25666345, 50.86604809, 49.50147127, 45.15094955, 38.81032945,
       45.31692082, 33.76247236, 33.73477782, 22.52168373, 49.45985609,
       50.66771336, 32.01006718, 34.00022191, 42.13012536, 37.68901727,
       28.10137291, 47.19514709, 37.64652145, 36.46598082, 38.47191882,
       26.03725891, 22.65487527, 38.174638  , 29.24214991, 31.78028909,
       31.88110809, 44.63824991, 40.97541718, 39.09831409, 37.42574764,
       45.77042382, 48.43655682, 39.56623364, 51.85913927, 32.13605555,
       35.62446064, 20.38506636, 46.88850218, 39.20524382, 39.235071  ,
       25.01005173, 53.141705  , 52.43154809, 42.86169209, 45.57675518,
       42.87870755, 41.58405755, 43.91457564, 37.87916382, 40.72844973,
       42.28792409, 43.12689736, 49.37775455, 49.07274736, 46.22791209,
       41.10075773, 45.78971645, 40.219333  , 52.90173518, 43.69665164,
       30.63739036, 36.85529336, 25.91698455, 16.11501436, 29.475462  ,
       32.18767109, 45.33107482, 38.70278245, 39.60837791, 47.865877  ,
       53.40581782, 31.41136836, 44.31799709, 49.15841918, 51.55577836,
       38.92480645, 53.49864182, 46.77541564, 45.362693  , 34.71018418,
       56.51357464, 54.54760109, 38.78949155, 33.53701318, 45.32896645,
       36.92571764, 47.77416727, 29.118062  , 38.30881327, 28.01170609,
       51.59995527, 53.25640764, 55.59208773, 22.03235818, 46.92985109,
       46.84266791, 20.41255591, 32.30794191,  0.        , 27.70838336,
       29.87006555, 19.351288  , 52.40510082, 33.74254545, 45.19535491,
       45.04829245, 36.45907609, 48.17424536, 37.07643027, 50.87948836,
       39.51500036, 40.86570845, 29.12300882, 47.37402718, 43.024475  ]), 'delta_distances': array([64.95574582, 62.98083745, 61.76795927, 59.13297855, 60.74868527,
       62.76980636, 66.739942  , 47.28342127, 64.54226255, 63.02475927,
       45.61540418, 48.43624709, 50.801896  , 56.20677   , 62.92601218,
       61.53279945, 63.41197764, 52.59689291, 63.53601382, 38.21765655,
       63.52980091, 75.84461818, 74.79725418, 57.14593873, 65.54719873,
       56.49417073, 56.72878618, 63.88242727, 57.08196218, 62.22191273,
       73.85315618, 49.01623727, 60.06568145, 55.26420909, 56.00699145,
       58.12213127, 59.204856  , 62.89674836, 67.83614127, 72.938986  ,
       59.44001073, 62.28060982, 61.83407545, 63.01151145, 37.47848764,
       73.017928  , 56.37399   , 73.764806  , 60.70371618, 61.67850873,
       60.21263309, 65.86086455, 56.57911636, 56.79157709, 64.31969836,
       69.85890836, 58.03123982, 43.49267145, 77.65396691, 74.167814  ,
       60.32469491, 58.37679109, 69.09398818, 68.48801764, 59.09198691,
       82.55576655, 65.80178509, 57.22313055, 68.241874  , 61.37360455,
       70.39683218, 66.31339073, 61.744314  , 67.92298236, 59.31157764,
       58.43359036, 55.36631836, 60.24407618, 66.73203236, 62.21974236,
       66.75814218, 53.41681182, 73.361562  , 64.30802291, 55.71132036,
       72.38570036, 73.51613182, 68.30666127, 65.78511582, 66.539804  ,
       73.80531127, 65.73694145, 58.36130182, 48.27257673, 57.83216345,
       75.57769164, 49.40083255, 52.806616  , 79.37534109, 57.54263909,
       56.712278  , 58.99595655, 57.33176   , 53.46649418, 53.50913455,
       57.685326  , 52.85214327, 63.37815491, 57.45702273, 61.33018527,
       57.708368  , 64.01108509, 58.32190964, 55.33856364, 62.70176364,
       69.40262327, 60.55711527, 55.79872691, 59.80059345, 61.01076764,
       61.42719127, 49.49683309, 53.187108  , 51.93922509, 62.74085636,
       51.61848673, 71.83414164, 57.92039855, 59.85743527, 56.50820836,
       64.99220436, 61.64449709, 68.87352291, 55.46434564, 66.70576727,
       63.02650855, 70.88400873, 62.82784364, 68.91575836, 62.75726382,
       58.87827418, 57.29593182, 64.47527055, 70.29650909, 68.31538309,
       59.20185836, 61.52166564, 50.68043964, 40.84098691, 53.05335709,
       58.85987109, 61.39783564, 63.44118909, 64.61320509, 57.94938436,
       73.80720491, 55.26667727, 62.03250964, 63.77953491, 57.32611291,
       60.48486745, 74.56629127, 60.70687982, 65.44405055, 56.04090836,
       59.24735509, 61.89267436, 59.11539673, 59.26744073, 58.62996855,
       55.08404364, 63.20202945, 57.62982291, 64.00880909, 56.60251545,
       68.41653891, 67.88634527, 63.92801891, 44.47590927, 65.85004509,
       67.29706091, 53.87691345, 56.75329382,  0.        , 50.56406418,
       60.47827927, 51.55363764, 53.42907836, 58.17059127, 60.433522  ,
       59.25894527, 66.58553145, 75.72260582, 50.79774509, 62.92205491,
       65.140306  , 61.643518  , 54.06639327, 74.23108182, 53.30005727]), 'locations': array([ 90,  69,  41, 123,  66,  31,  95,  84, 127,  77,   8,  53,  41,
        13, 104,  29,  54,  50, 114,  97,   0,  55,  61,  94,  86,  23,
        29,  73,  87,  90,  14,  53, 110,  99, 110,  73,  65, 101,  68,
        57,   3,  73, 103,  98,  14,  71,  59, 113,  97,  51,  87,  27,
        18, 145,   5,  29,  13,  90,  32,  75,  65, 107, 126, 111,  16,
         3,  70, 119,  96,  83, 119,  71,  21,  22,  72, 123,  94,  17,
        17,  81, 103, 119,  16,  98, 126,  70,  27, 100, 104,  68,  11,
       115,  76,  96,  63,  57, 141, 152,  35,  19,  77, 115, 124,  11,
        68, 101,  42,  25,  30,  60,  39,  34,  17,  18,  37,  35,  16,
       106,  19,  39,  23,  29,  40,  54,   3, 112,  90,  33, 115,  59,
        14, 103,  59,  17, 101, 124,  33,  93, 101,  79,  15,  49,  19,
       119,  49, 101,  36,  55,  85,  79,  48,   8,  95,  86,  12, 112,
        73, 132,  96, 101, 116,  42,   0,  23,  14, 110, 127, 114,   7,
         3,  71,   0,  74, 104,  44,  35, 133,  56,  47,  67,  86,  57,
       118,  29,  61,  42,  46, 145, 124, 100,   9,  86, 117, 144,  10,
       103, 116,  25,  86,  99])}], 'clusters': array([0, 0, 0, 0, 0, 0, 0, 1, 0, 0, 1, 1, 1, 0, 0, 0, 0, 0, 0, 1, 0, 0,
       0, 0, 0, 0, 0, 0, 1, 0, 0, 1, 0, 0, 1, 1, 1, 0, 0, 0, 0, 0, 0, 0,
       1, 0, 0, 0, 0, 0, 0, 0, 1, 0, 1, 0, 0, 1, 0, 0, 0, 0, 0, 0, 0, 0,
       0, 0, 0, 0, 0, 0, 0, 0, 0, 0, 0, 0, 0, 0, 0, 0, 0, 0, 0, 0, 0, 0,
       0, 0, 0, 0, 0, 1, 0, 0, 0, 0, 0, 0, 1, 0, 0, 0, 0, 1, 1, 0, 1, 0,
       0, 0, 0, 0, 0, 0, 0, 0, 0, 0, 0, 1, 0, 0, 0, 1, 0, 0, 0, 0, 0, 0,
       0, 0, 0, 0, 0, 0, 0, 0, 0, 0, 0, 0, 0, 1, 0, 1, 1, 1, 0, 0, 0, 0,
       0, 0, 1, 0, 0, 0, 0, 0, 0, 0, 0, 0, 0, 0, 0, 0, 0, 0, 1, 0, 1, 0,
       0, 0, 1, 0, 0, 1, 0, 1, 1, 1, 1, 0, 0, 0, 0, 0, 0, 0, 0, 0, 0, 1,
       0, 0]), 'time': 625.2111692428589}
lenSubsequence: 15{'RI': 0.62678391959799, 'num_clusters': 5, 'uShapelets': [{'ts_index': 148, 'loc': 83, 'gap': 2.095232389762759, 'distances': array([10.10189793, 11.10335013, 13.32217747, 10.72603407,  5.68594333,
       12.2411272 , 10.5457712 ,  5.69906627, 13.26165353, 12.70104947,
        4.17754147,  7.6850186 ,  8.39286253, 10.8582824 ,  6.97337353,
        9.08339807,  7.8002596 ,  7.2671726 , 10.84739847,  4.29385093,
       14.3525994 , 12.91617347, 11.27282367, 11.43409053, 11.39390113,
       14.52800893,  9.72162313, 12.3771856 ,  6.35375607, 11.476948  ,
       14.51787653,  7.71776327,  7.38660047, 15.21458607,  4.7488604 ,
        9.7222286 ,  6.68449993, 13.5326088 , 10.791526  , 11.4805058 ,
       10.11410067, 12.82673973, 13.02097447, 14.37963973,  5.3494424 ,
       11.93159473, 10.07801607,  8.94477693, 12.52178933, 10.28388127,
        9.8337864 , 11.25669567,  5.5895164 ,  9.15358287, 10.851847  ,
       11.70721413,  5.4588136 ,  7.58804033, 11.19189827, 13.13430933,
        6.48416273, 10.69605367, 12.98965433, 11.88109047,  8.11826007,
       10.07176127,  8.630169  , 15.74850227,  9.08047373, 11.193836  ,
       13.52140887, 11.30357173,  9.66582293,  6.7190618 ,  9.60917893,
       11.35641587,  8.912434  , 10.99371047, 10.4677404 , 11.68768313,
        8.6111102 ,  7.0226116 , 11.17286447, 13.0144858 , 13.53925467,
        9.78664133, 17.39448247, 10.42365727, 10.21311227, 11.25753073,
       10.48663707,  7.79485607,  7.230232  ,  4.9145864 , 11.22132953,
       12.60712333,  6.60090567,  6.98801307, 12.35725953, 11.8429884 ,
        4.65894493, 10.97869007,  7.76566313,  6.94877007, 13.2907992 ,
        9.32892793,  3.82665327,  9.36556033, 10.287882  ,  6.4877648 ,
       10.7956062 , 10.41702513, 12.50761687,  7.99212213,  9.84592293,
       13.00900087, 13.4673898 , 10.08360387, 13.51051433,  7.43425433,
        8.72638153,  6.03734827, 10.5001272 , 10.38463593,  9.7334012 ,
        8.81930767, 12.39440187, 12.9313386 ,  9.72431627, 10.37141693,
        8.30924707, 11.69590867,  9.73366393,  7.23337693, 10.12910353,
        7.76392967, 11.60727193, 12.84765033, 11.62069953, 13.03908353,
       11.2287194 , 14.65107107,  7.13297727, 14.8570582 , 12.09778133,
       11.48900513, 13.225073  ,  5.33395947,  0.        ,  7.67661887,
        9.1912646 ,  9.8777494 , 10.05513607,  8.96922527, 12.80185013,
       14.17344913, 10.26187427, 10.74186473, 11.3773448 , 11.4874106 ,
        9.60799547, 12.88965273, 11.6238582 ,  8.6888852 ,  6.4806778 ,
       13.49050447, 14.1679856 , 12.67000693,  6.2930064 , 12.536975  ,
        9.5162314 , 12.8767302 ,  5.5841488 ,  9.3033354 ,  6.28315593,
       12.9837124 , 13.42805393, 14.38174887,  4.2684414 , 11.50113607,
       12.13173713,  3.75183433,  6.05959213, 11.103218  ,  5.74041827,
        5.66141873,  5.15615753, 12.4326346 ,  8.32204973, 11.1397134 ,
       12.3219784 ,  6.51728527, 15.818806  ,  7.205959  , 12.05273913,
        8.98974287,  9.47442313,  5.89634333, 12.65132833,  8.8657922 ]), 'delta_distances': array([29.36810853, 22.96372867, 19.08297827, 18.1279932 , 19.0307088 ,
       21.13519573, 27.85752773, 14.2672092 , 27.58375907, 24.6423968 ,
       13.61233973, 21.36756347, 20.34499787, 22.47671987, 19.36875387,
       22.4226312 , 20.6758308 , 17.43998493, 23.32482973, 13.926492  ,
       26.91074827, 30.83061533, 28.60199013, 21.04000747, 18.0193688 ,
       29.03481213, 22.0902096 , 25.59660827, 16.01885507, 22.8257268 ,
       28.44942373, 18.16782733, 18.98805453, 19.83493147, 15.78957467,
       24.1964536 , 13.82327107, 19.32685267, 22.25543427, 23.53739013,
       19.46744587, 26.1249784 , 24.0113972 , 22.63077027, 13.49767933,
       28.86472773, 19.32001813, 24.60790107, 25.61250773, 22.0979724 ,
       22.96040413, 25.6173592 , 19.95359773, 19.5851808 , 18.70032453,
       24.78780107, 16.7773568 , 21.75432747, 25.5205924 , 25.1832484 ,
       21.78455053, 21.71423227, 20.07379493, 25.48069987, 16.123262  ,
       27.98451693, 22.5242412 , 21.8113928 , 21.52391627, 24.93374813,
       19.4431528 , 24.91237547, 25.42221627, 19.92317093, 21.379122  ,
       26.16335827, 21.3687828 , 19.1219876 , 24.37236213, 22.7692156 ,
       21.1601112 , 14.41679107, 20.82119387, 20.7695488 , 23.4060964 ,
       28.15385653, 31.98930627, 17.55026373, 24.2687196 , 25.23088013,
       26.286472  , 26.573174  , 20.75906787, 14.78067867, 19.10144253,
       20.64997613, 18.30641373, 18.37098173, 27.8355416 , 21.88376293,
       16.43602973, 20.47078947, 18.82261907, 17.16489973, 25.35690773,
       24.88680133, 19.62557693, 17.97999733, 20.22111693, 20.36180493,
       23.39516093, 24.03960267, 31.45375853, 21.67771067, 26.77395427,
       22.2374008 , 28.8137676 , 22.42528307, 26.5849992 , 23.39568747,
       24.64503387, 16.2041876 , 26.28293347, 22.85034627, 21.11619733,
       21.93843813, 19.61858707, 20.55088053, 19.8788028 , 24.507342  ,
       18.53867867, 25.98938587, 20.71537147, 17.62908213, 22.90419813,
       17.62545387, 19.84454773, 22.55114427, 24.64460173, 29.666914  ,
       25.75157813, 24.33686133, 18.9453868 , 26.88628453, 25.7211472 ,
       22.2812872 , 23.07038467, 16.8930168 ,  0.        , 18.65425453,
       22.73250387, 19.75769373, 22.37046987, 23.8427288 , 28.20760827,
       21.60372493, 22.8128368 , 23.595776  , 22.85584373, 20.65113427,
       25.56221533, 24.14663747, 27.49882373, 16.86546107, 15.19149747,
       23.62198547, 21.71951413, 24.27758813, 19.83597813, 25.43381173,
       19.86408147, 24.53206933, 19.61777587, 23.98934173, 16.5325056 ,
       19.91256587, 25.26342853, 21.39943773, 15.58042453, 25.27382987,
       27.6375748 , 12.37639613, 18.60154427, 20.12070173, 16.14254707,
       20.78673773, 15.70991893, 18.11351587, 21.0628056 , 23.21129573,
       26.154442  , 20.423722  , 31.83822413, 16.78939507, 18.94114707,
       21.68005373, 22.53616467, 19.386     , 21.31809947, 17.22588733]), 'locations': array([ 58,  67,  23,  80,  64,  42,  93,  75, 125,  31,   6,  98,  39,
        11, 102,  27,  52,  48, 112,  26,  39,  53,  59, 137, 131,  81,
        27,  71,  85,  43,  12,  51, 108, 109, 108,  71,  35, 157,  66,
        12,   1,  71, 101, 116,  12,  69,  57, 111,  95,  68,  85,  25,
        16, 143,  34,  27,  11,  17,  30, 132,  63, 105,  10, 109,  14,
         1,  68, 117, 114,  81, 159,  69,  19,  20,  70, 121,  92,  60,
        38,  79, 101, 158,  42, 131, 124,  68,   0, 149,  13,  66,   9,
       113,  74,  94,  61,  21, 139, 150,  33, 100,  75, 113, 122,   9,
       118,  99,  40,  75,  28,  58,  37,  32,  26,  79,  35, 163, 102,
        14,  75,  37,  21,  27,  16,  52, 141, 110,  67,  95, 113,  84,
        12, 101,  11,  15,  99, 122, 126,  91,  99,  15,  13,  16,  17,
        74,  31, 110, 135,  53,  83,  77,  46,   6,  93,  84,  23,  81,
        93, 130,  94, 145, 114, 109,  23,  21,  88,  95, 125, 112,   5,
        24,  69,   6,  72, 102,   4,  21, 131, 133,  45,  82,  84,  55,
        54,  11,  59,  40,  44, 143, 122,  98,  36,  84,  14, 142,  50,
       101, 114,  23, 112,  97])}, {'ts_index': 89, 'loc': 18, 'gap': 1.0895913722232935, 'distances': array([ 8.10649787,  7.73472367,  8.92764293,  9.24053233,  7.96663847,
        7.21909447,  8.13095693,  5.17247893,  7.65103   ,  7.20414953,
        6.0239238 ,  8.6418762 ,  8.58355993,  6.8928852 ,  8.0512216 ,
        7.54832627,  5.77698307,  2.94397067,  9.62167833,  7.442167  ,
        5.9825746 ,  6.91657733,  7.606989  ,  6.61112953,  8.47921507,
        4.19790413,  7.5902932 ,  7.05094093,  4.71682773,  7.39624747,
        8.6873418 ,  8.341193  ,  9.13756053,  8.98962107,  8.91911433,
        9.685188  ,  9.77307293,  7.2371836 ,  8.7981416 ,  7.40761633,
        8.54316193,  9.11313287,  8.14498907,  6.93751113,  7.3780456 ,
        6.8708404 , 11.55666513,  4.13788907,  5.5157848 ,  8.06754007,
        4.63246093,  6.05355533,  8.4831982 ,  6.51382713,  7.2450678 ,
        9.69454167,  9.5500394 ,  9.91952493,  9.1305132 ,  7.13669647,
        7.4411328 ,  7.52214927,  8.23765433,  7.86218953,  7.92804073,
        6.454452  ,  3.99203527,  8.91976373,  7.23963773,  8.32751007,
       10.31455267,  7.27260107,  7.59503013,  3.068782  ,  9.44858253,
        9.79464527,  0.        ,  4.5553036 ,  8.28050267,  9.65136107,
        6.77155547,  9.99987673,  9.49198627,  5.83936553,  8.43901587,
        5.4474624 ,  9.9524402 ,  4.546834  ,  3.883755  ,  9.4102018 ,
        8.23288273,  8.7509422 ,  6.750241  ,  8.95987733,  7.29385873,
        8.62132433,  7.86582793,  6.5601392 ,  7.50758467,  8.79072727,
        5.9138102 ,  8.69999493,  9.4663652 ,  9.27597967,  7.3021704 ,
        7.58617247,  7.43057587, 10.02953853,  8.49176787,  8.01207893,
        7.45021747, 10.08215987,  8.54482653,  7.5210386 ,  5.82874953,
        8.30621327,  9.4616936 ,  8.68422993,  6.385215  ,  7.83959467,
        7.61394473,  9.09281533,  5.50492707,  9.12394013,  9.22697047,
        6.72824133,  6.31096413,  6.56398967,  9.49223733,  5.437646  ,
        3.97703793,  7.72586367,  7.7493114 ,  6.29575693,  4.5280254 ,
        7.05626033,  8.87362533,  9.55099927,  7.02895307,  8.1652476 ,
        4.49142327,  8.77830433,  6.85888313,  7.51586493,  8.25188693,
        8.29300953,  7.69892167,  5.9852714 ,  8.58821633,  6.18731933,
        7.24088573,  7.6961082 ,  7.6645618 ,  8.80549407,  9.79382853,
        8.34765427,  6.97914253,  8.12353447,  6.09537727,  4.87534493,
        8.66552727,  9.9261442 ,  9.93401833,  8.53849073, 10.85986487]), 'delta_distances': array([11.64735533, 19.15597013, 12.44900013, 21.26197627, 16.6379412 ,
       10.68651533, 16.61596453, 10.27203653,  7.56320773,  9.62150747,
        9.8095248 , 15.24623427, 13.0356176 , 12.47495787, 13.86580213,
       13.54835107, 13.8308308 , 10.57103107, 15.0823936 , 15.870076  ,
       13.9595664 , 13.52887333, 14.341784  , 10.56619747, 13.6046308 ,
       14.02127933, 10.5042504 , 10.34458427,  8.225584  , 14.19607773,
        8.11834947, 14.4915724 , 15.10498067, 18.19550173, 16.75196293,
       13.67723267, 11.7044188 , 11.30914973, 16.58245293,  9.45292667,
       14.57572893, 18.93903827, 12.88742507, 15.2624888 ,  9.1621184 ,
       13.99224253,  9.8994268 ,  7.09956227, 10.9799252 , 17.6791304 ,
       11.5673052 , 13.52290013,  9.14923787, 11.62344693, 12.7970352 ,
        9.6712772 , 17.2497004 , 10.63049893, 12.34664733, 13.81049107,
       13.3262316 ,  8.52282693, 17.5005004 , 12.31282787, 10.38362293,
       15.28252253, 11.1778184 , 10.59917227, 12.5611276 , 11.88848587,
       17.846476  , 12.01452467,  8.02600787,  8.72238187, 14.88201227,
       11.33498747,  0.        , 13.396326  ,  9.62069573, 12.1412832 ,
       15.08844547, 11.03617413, 18.42044227, 10.25048827, 11.7898776 ,
       10.53123693,  8.57962627,  9.27692707,  7.740154  , 10.13081627,
       11.45417947, 18.35404093,  9.65855613, 17.33684387, 12.45246707,
       12.1626028 ,  7.61932147, 10.46085933, 15.67771333, 16.0860724 ,
       10.45570387, 13.48644747, 12.77734987, 13.0833524 , 11.3226952 ,
       17.94353307, 13.5205376 , 14.79455107, 11.6831524 , 15.8362488 ,
       13.2211868 , 11.78118147, 21.0066388 , 12.4400132 , 11.7649124 ,
        8.44044787, 16.40840027,  8.61899227, 11.79550693, 13.51741013,
       12.54076133, 12.95679013, 12.79132707, 17.535666  , 13.36890907,
        9.05563747, 10.9809188 , 12.12871493, 16.37969333,  9.9185972 ,
        9.86266613, 13.35478293, 14.19825707, 12.1608568 , 10.10533587,
       11.65615493, 18.5220672 , 16.20501213, 12.0242532 , 21.9965536 ,
        7.87299667,  9.52974213, 15.025008  , 17.97753587, 14.92782827,
       10.1332336 , 13.1642776 , 10.77552947, 15.17962187, 13.726452  ,
       10.3889628 , 10.81460253,  9.32745053, 11.73631787, 13.45984907,
       14.79067253, 12.4362936 ,  8.62826733, 13.98774467, 14.05125947,
       11.25272173, 16.03787187, 15.32014253, 14.54230813, 15.89100627]), 'locations': array([130,  33,  82,  35,  48,  52,  26,  92, 152, 145,  75, 112,  22,
        87,  27,  23,  19,  88,  45,   0,  30,  64,  97, 122,  34,   0,
        39,  16,  94, 133, 171,  90,  90,  56,  21,  28, 140, 111,  37,
       122,  95,  27, 130,  88, 162,  98, 163, 133, 138,  37,  57, 115,
       172,  46,  12, 139,  70, 134,  21,  34,  87, 161,  95, 123, 165,
         4,  33,  27,   1, 122,  21,  86, 158, 138,  31, 169,  18,  90,
       161, 149,  29, 150,  39,  32,   2, 137, 169, 111, 127, 158,  64,
        20, 147,  90,  60,  94, 160,  62,   6,  88, 134, 107, 137,  57,
        13,   7,  14,  86, 149, 131, 110,  73,  26,  59,  64, 163,   3,
       159,  49,  22, 137,  65, 109,  37, 136, 144,  62,  83,  99, 140,
        15,  54, 110,  62,  27,  24,   9, 124,  28,  47,  70, 134,  51,
        47, 120, 141,  79,  26,  24,  87, 160, 145,  26, 112,  21,  78,
        57, 161,  50, 133, 155,  24, 126,  57,  57])}, {'ts_index': 183, 'loc': 35, 'gap': 3.2969064881020884, 'distances': array([31.80294867, 43.11488433, 43.32149793, 39.07871227, 37.63026313,
       36.71615153, 47.80448173, 17.36990913, 27.65404567, 28.1149484 ,
       31.0272924 , 34.06760413, 33.91370527, 33.45408433, 30.62944387,
       24.61529233, 16.2781602 , 37.27702993, 27.51008993, 42.32223947,
       31.369521  , 34.05016887, 39.8869438 , 43.13236427, 40.34342147,
       39.24739507, 42.38893393, 40.265638  , 38.9887864 , 46.91955167,
       41.54719127, 34.21508087, 41.11747827, 33.2795596 , 31.39723073,
       34.83854667, 32.2195566 , 25.52854313, 41.1140192 , 13.27871053,
       40.70851233, 37.0814568 , 28.07664547, 38.23645233, 37.6117762 ,
       28.95437553, 37.37603027, 42.78461013, 36.52116353, 29.6258748 ,
       38.8331734 , 34.53368827, 27.556734  , 42.28970587, 35.07553327,
       23.0293446 , 31.7944408 , 38.69595167, 30.6675034 , 40.8076394 ,
       41.14223413, 41.614639  , 36.16394733, 28.84637887, 31.7592084 ,
       40.0766774 , 41.00576127, 34.17044247, 38.60818707, 35.5048242 ,
       35.98968173, 30.60808927, 33.72390007, 32.09956307, 28.8197546 ,
       38.50448247, 40.5179484 , 38.98531887, 35.6934092 , 44.0431114 ,
       27.22546653, 37.43957187, 31.912557  , 34.0364046 , 18.2012318 ,
       43.62063293, 19.5626648 , 35.25946667, 38.49298953, 37.00901813,
       38.01175973, 32.98911867, 33.6249002 , 32.09246287, 43.01962193,
       36.87294787, 40.17141   , 33.73861187, 36.25791407, 36.91643467,
       32.74357673, 38.5185478 , 27.25967753, 25.0593844 , 24.06988087,
       40.2436704 , 40.17083973, 40.73664073, 32.39650773, 36.69870753,
       42.534365  , 41.8097802 , 41.0047962 , 42.79532953, 39.6493102 ,
       45.65100567, 40.48591147, 29.64615013, 40.02310287, 28.6453538 ,
       34.128552  , 41.4738608 , 45.91908593, 38.95420107, 37.9150216 ,
       39.56510887,  0.        , 41.28689   , 27.15093007, 39.856326  ,
       36.0458082 , 41.39150747, 36.51337527, 40.08949573, 39.86284233,
       40.75797793]), 'delta_distances': array([43.49431773, 30.70584267, 33.8337352 , 41.1488044 , 33.432076  ,
       35.24348547, 29.7073096 , 21.3082412 , 23.84808707, 25.50679627,
       29.13912733, 31.86044533, 31.893476  , 31.68606893, 22.58335147,
       27.00500267, 26.43837507, 29.93461413, 30.79333427, 27.38623347,
       26.05386613, 31.6290096 , 29.33653613, 40.82504773, 31.39528893,
       31.8371056 , 39.75155947, 27.58707573, 27.211466  , 31.26413373,
       32.40925907, 31.42556667, 39.1277504 , 25.98228587, 32.39339227,
       23.09201827, 28.5325572 , 33.2726804 , 28.63712853, 28.6691864 ,
       33.27215493, 35.34002627, 27.0365664 , 37.04477613, 30.75684707,
       25.8258664 , 32.71924707, 29.81702067, 35.88143733, 32.310338  ,
       34.691888  , 29.17554533, 29.4032872 , 25.88581133, 35.5429212 ,
       25.64383587, 23.8819968 , 36.9603824 , 33.73353893, 29.26623173,
       35.49768547, 27.64011853, 27.71593413, 34.44101773, 35.96470733,
       36.91092507, 36.38791067, 31.2054324 , 31.7354104 , 33.30117707,
       46.0853996 , 32.518174  , 34.26149307, 29.28228453, 32.1685952 ,
       31.88114493, 31.8610892 , 38.2485276 , 30.34584493, 35.017148  ,
       26.68131747, 39.41604307, 36.10828667, 25.55585667, 29.39268173,
       44.870014  , 27.5150532 , 28.37120933, 40.93854693, 42.4375544 ,
       34.5371252 , 32.1410748 , 31.1387916 , 28.53437573, 40.24731587,
       28.98781853, 23.66074387, 25.75107013, 33.6719464 , 27.33935307,
       43.10492173, 28.67532493, 29.68436333, 21.85656147, 39.3220164 ,
       35.54902733, 39.66594693, 44.53078027, 44.3617976 , 30.01119973,
       32.33375413, 29.02065933, 43.8084876 , 26.43663533, 27.5738548 ,
       32.70685267, 28.09350547, 28.06579707, 31.02690267, 27.79592707,
       30.29377587, 34.2016384 , 34.21053347, 25.79825653, 33.90168613,
       28.62627453,  0.        , 38.5613808 , 22.90662093, 31.46149627,
       29.14013053, 30.89398787, 25.69638427, 31.96220573, 49.2377476 ,
       34.92396747]), 'locations': array([ 66, 117,  31, 129,  37, 101, 133, 106,  47,  35,  60,  56, 120,
         6, 100,  92,   4,  67,   0,   0, 116, 105, 107,  74,  20,   9,
        79, 109, 112, 133,  65, 119,  10,  31,  93,  20, 151,  11,  79,
        96, 119,  22,  69, 141,  94, 102,  89,  76,  77,  27,  78, 129,
       100,   0,  54, 109, 125,  22, 104, 132, 101, 157, 110, 121,  82,
        69,  63,  41, 121,  95,  36,  45,  40,  23,  24,  16, 134,  22,
       118,  25,  45,  24,  95, 149, 118,  96,   3, 121,  65,  20, 109,
         0,  13, 107, 134,  99,  65,  85,  21,  24,  25,  55, 107,  42,
        85,  68,  14,  31,   2, 101, 147, 153, 122, 122,   6, 103,  98,
       120,   9,  77,   6,  29, 139,  54,  73,  92,  35, 119, 130, 106,
        44,  16, 140, 122,  92, 105])}, {'ts_index': 66, 'loc': 99, 'gap': 1.079206907209655, 'distances': array([6.03588687, 8.3455248 , 8.0717932 , 6.4861924 , 3.57033027,
       7.4823698 , 5.99482773, 6.30969693, 4.63807627, 4.72481267,
       4.45428887, 7.41581213, 6.12044547, 5.87671473, 3.84349387,
       6.87205507, 4.76714167, 4.22518347, 7.02290707, 7.5243658 ,
       2.91376847, 6.66381527, 4.59002407, 5.1218742 , 5.51180053,
       7.59346393, 8.1841182 , 6.49754553, 7.981247  , 7.98065267,
       4.92260127, 3.17607233, 7.10710847, 7.34230133, 0.        ,
       7.13968967, 8.0226368 , 4.8918092 , 3.91907307, 7.86770247,
       5.86878747, 8.48237447, 6.820584  , 7.620486  , 6.9817234 ,
       7.54172147, 5.1203114 , 6.25537113, 6.60334827, 6.91038847,
       8.60733087, 6.3125532 , 6.91292307, 8.9102468 , 7.91091413,
       8.89544767, 6.58415193, 6.36131587, 7.38720713, 9.3592052 ,
       9.02147927, 5.905349  , 7.07967227, 8.10016367, 2.67613873,
       8.56788913, 5.99035953, 7.79562853, 3.507222  , 7.46984827,
       4.47825473, 5.771611  , 4.94947373, 7.42248067, 4.60264887,
       7.65542633, 4.98851753, 5.20636953, 7.6140522 , 6.19463587,
       7.01207653, 5.8347852 , 8.08289167, 6.8851404 , 7.16188293,
       8.32739467, 9.0818544 , 7.50034213, 5.5938412 , 8.3556502 ,
       8.81377147, 3.56167573, 5.816344  , 4.3594752 , 5.36180067,
       2.52901687, 7.32633107, 6.32765933, 6.46933533, 4.5226176 ,
       6.61782773, 6.21957053, 7.2205412 , 7.75624313, 4.68530247,
       4.58860513, 8.38730353, 7.73824993, 7.1945578 , 4.49317993,
       7.3098804 , 7.33485147]), 'delta_distances': array([13.66707667, 19.521266  , 17.05197187, 20.235494  , 11.5581556 ,
       13.35606947, 16.80765987, 11.1526588 , 13.23199107, 12.56915933,
       10.169592  , 12.41440307, 18.610308  , 11.63562293, 13.80108413,
       16.65989253, 11.81605   , 15.08003   , 15.1125792 , 10.67516987,
       11.68052213, 12.06214227, 15.17177307, 14.47329267, 13.35790293,
       13.93962333, 16.50514013, 11.5606216 , 16.48204027, 10.27205733,
       11.21526733, 12.40212   , 13.469144  , 12.55386253,  0.        ,
       20.3974032 , 16.73047373, 12.21549093, 14.81159907, 12.42045627,
       10.620042  , 15.24586747, 19.02045573, 11.19817453, 14.95244587,
       12.92333   , 11.81486067, 14.48710507, 13.80728413, 13.97759813,
       12.2322916 , 17.78481427, 15.26088453, 15.6323272 , 11.981946  ,
       14.19884693, 11.56381093, 17.1389868 , 17.72890413, 12.445898  ,
       14.1062336 , 14.99365573, 18.25121467, 11.47113293,  8.82937573,
       13.78724453, 15.18318787, 14.43158547, 12.55953093,  8.90031067,
       12.4043928 , 12.0196596 , 13.40559373, 16.33079533, 13.34091413,
       17.2518252 ,  9.3801744 , 14.3186224 , 14.04680267, 16.70986813,
       14.5059692 , 18.57188867, 13.57434427, 16.9120948 , 15.53424653,
       17.7268724 , 20.62086827, 15.09792187, 12.06588133, 16.49138733,
       23.59301347, 11.67288067, 10.9032584 , 14.38215133, 16.71329693,
        7.26815373, 14.80067453, 15.68995693, 13.73024787, 16.36790133,
       15.9055332 , 13.1265212 , 17.3671928 , 11.87200853, 14.62376333,
       12.53439187, 19.38545747, 16.19205653, 10.64772893, 14.19998693,
       11.9271728 , 11.81071947]), 'locations': array([ 77, 110,   6, 118,  49, 112,  71,  95,  88, 109,  24, 134,  25,
        18,  76,  94, 105, 117,  61,  50,  57, 139,  85,  82,  74,  52,
       136,   0, 114,  38, 125,  99, 134,  31,  99, 140, 135, 108, 129,
       122, 158,  60,   5, 131,  20, 107,  96,  99, 111, 138, 150,  30,
        85,  18, 119, 149, 163,  23,  21,  43,  25,  95,  49, 123,   7,
        22,  71, 124,   8, 133,  40, 132,  94,  36,  27,  60,  68, 129,
       112,  57,  37,  81,  66,   6,  11,  24,  62, 131, 112, 126,  10,
        23, 116,  48, 130, 116, 156,  49,  35,   0, 126,  99,  62,  74,
       113,  77,  47,  39, 149, 127, 104, 110])}], 'clusters': array([0, 0, 0, 0, 1, 4, 0, 1, 0, 2, 1, 3, 3, 2, 1, 3, 0, 4, 4, 1, 4, 2,
       2, 0, 3, 2, 3, 0, 1, 3, 0, 2, 4, 0, 1, 2, 1, 4, 4, 0, 0, 4, 0, 4,
       1, 4, 0, 0, 0, 0, 0, 0, 1, 4, 3, 4, 1, 3, 2, 2, 1, 0, 2, 2, 0, 3,
       4, 0, 3, 0, 4, 4, 3, 1, 0, 0, 3, 0, 0, 2, 3, 0, 0, 0, 4, 0, 2, 0,
       0, 2, 2, 3, 0, 1, 0, 0, 1, 1, 0, 2, 1, 0, 2, 1, 0, 2, 1, 2, 0, 1,
       0, 0, 0, 3, 0, 0, 0, 0, 4, 3, 2, 1, 0, 0, 0, 3, 4, 3, 0, 4, 0, 4,
       0, 4, 0, 2, 4, 4, 0, 0, 0, 0, 0, 2, 0, 3, 3, 1, 1, 3, 0, 0, 2, 2,
       0, 0, 0, 2, 0, 0, 4, 0, 4, 2, 1, 0, 4, 0, 1, 0, 3, 0, 1, 2, 1, 4,
       0, 0, 1, 0, 0, 1, 1, 3, 1, 1, 1, 4, 3, 4, 0, 1, 2, 2, 0, 0, 4, 1,
       0, 0]), 'time': 942.8504507541656}
lenSubsequence: 19{'RI': 0.5794472361809045, 'num_clusters': 4, 'uShapelets': [{'ts_index': 148, 'loc': 80, 'gap': 1.533337187543065, 'distances': array([ 8.72799279,  9.00266279, 10.60518168, 10.03996716,  5.47356626,
       11.80420953,  9.98188953,  8.36744632, 10.81754089, 10.89668605,
        4.62213179,  6.79231005,  7.44751358,  9.20450821,  6.76158421,
        7.33596116,  7.50282668,  6.23094521,  9.98242584,  5.94140489,
       12.10470174, 10.36571684,  9.71816105,  9.50378742,  9.79582984,
       11.95850047,  8.22578237, 10.24319511,  5.64377058,  9.43128753,
       12.60574911,  7.78461716,  6.27904047, 12.89235147,  7.44231063,
        9.11988195,  5.60282221, 11.06382458, 10.05267405, 10.70058468,
       10.66776342, 10.56251921, 12.01693342, 12.37033089, 10.18439521,
       10.99640816,  9.25321489,  8.813002  , 11.40324837,  8.69315316,
        8.15037947,  9.80290211,  4.46346095,  8.96540611,  9.21917826,
       10.28281374,  5.39610874,  6.93783705,  9.73426332, 11.62204458,
        6.21507184,  9.08707158, 11.27688658, 10.66494532,  8.02592295,
        9.80802658,  8.45372742, 12.71794047,  8.07059342, 10.257654  ,
       11.68840126, 10.70223974,  8.47748326,  6.35728437,  7.81069468,
        9.823622  ,  8.65623858,  8.89052721,  8.97562568,  9.94098374,
        7.51579089,  5.91674853,  9.09126842, 10.71156379, 11.46353132,
        8.82300421, 14.30770063,  8.56114121,  9.77974763, 11.98223289,
        9.55290963,  6.92087347,  6.49726826,  8.80162326,  9.71040189,
       10.67572026,  6.24344116,  5.93675547, 10.22966058,  9.92234268,
        4.07249237,  9.96629768,  7.48724784,  5.73561995, 10.87523847,
        7.60329232,  3.77894511,  9.59918158,  9.63169979,  7.32530637,
        9.02160853,  8.85157326, 10.69729468,  8.02187795,  9.135942  ,
       10.35781221, 12.42913984,  8.36889195, 11.24529758,  6.38630116,
        7.43847084,  5.06918116, 10.19754242,  9.20596674,  7.80568974,
        7.61765974, 11.68427763, 11.42144858,  8.41704942,  8.50404589,
        8.48778763,  9.34601268,  8.56349584,  5.95538032,  9.11841832,
        7.140031  ,  9.37291484, 10.74251058,  9.70163463, 10.96964947,
       10.05172032, 11.75610337,  5.93709026, 11.89394353, 10.21800711,
       10.55464753, 10.84642174,  4.55642916,  0.        ,  6.32571137,
       10.58957205,  8.49713953,  8.38328026,  9.28978026, 10.31193042,
       11.88785505,  8.31884216,  8.94728358,  9.47529284, 10.32862595,
        8.27969542, 10.71299379, 11.63679911,  7.94658295,  6.306412  ,
       11.56173   , 11.44394495, 11.50969268,  8.41987516, 10.61312842,
       10.31677453, 11.24180484,  7.44071816,  8.43367616,  9.38281974,
       11.35363721, 12.49895232, 12.06331363,  3.72660632,  9.32196242,
       10.78057721,  6.98383716,  7.48929174,  9.58839684,  4.86426084,
        6.86214316,  4.14436721, 10.12859905,  7.99879353,  9.67930611,
       10.46403705,  5.29456595, 13.55528763,  6.13815805,  9.74104868,
        7.64032432,  8.49418547,  5.52142779, 10.53949484,  8.55679858]), 'delta_distances': array([25.21016526, 19.48799558, 16.01611758, 18.66909968, 18.46368937,
       22.82017863, 19.09599032, 16.77772421, 22.99616358, 26.418464  ,
       14.76133284, 19.49571568, 17.47192126, 19.70322526, 17.82764042,
       18.41902274, 19.49231084, 16.18226905, 22.81791211, 15.58608558,
       23.28979379, 25.16621505, 25.802556  , 18.64498042, 16.63934305,
       21.35259379, 19.80760632, 21.54925253, 14.48825326, 19.29920758,
       25.54083853, 18.14692674, 16.55624063, 17.52486958, 18.14876505,
       19.67927326, 11.89954126, 16.695574  , 20.91595558, 22.11203926,
       22.52539611, 22.03282916, 21.93110779, 21.66806674, 23.64801474,
       15.69476747, 17.89492147, 22.47642105, 18.63465505, 20.94633147,
       19.59695147, 22.33090042, 16.52193084, 19.33633632, 16.75745411,
       22.78029684, 15.95800853, 19.59086653, 22.40661895, 24.68792663,
       21.36144663, 19.42514937, 17.11418368, 22.65877958, 15.18418189,
       19.58610674, 19.63431579, 18.36123968, 24.23929053, 24.29889768,
       18.14149432, 23.92854221, 22.83907432, 17.69793895, 18.06039853,
       23.43962358, 20.31417905, 15.683794  , 21.67418905, 20.00715547,
       19.39163758, 12.55660368, 17.72786537, 17.99807337, 20.91724811,
       23.76926253, 23.91349768, 14.77907726, 22.69019168, 23.40654137,
       25.56736674, 23.50872274, 19.80569589, 20.95292979, 17.55537042,
       18.41703516, 17.76692705, 15.92881053, 23.58496421, 19.647224  ,
       13.92397495, 18.57597274, 16.78296021, 14.06774768, 21.82504263,
       20.79371589, 18.38102832, 18.89688958, 18.92310284, 21.01795284,
       20.40547463, 21.59249221, 24.11776558, 15.03574368, 24.36520411,
       17.81026958, 20.34564674, 17.69968326, 20.34549811, 20.94836516,
       20.81587726, 14.43744   , 24.72514421, 22.42441116, 17.384136  ,
       20.25879895, 20.21076274, 19.05746326, 17.92135358, 21.37646095,
       19.16944968, 21.23037326, 18.07608989, 16.40940589, 21.28526053,
       17.41708768, 16.54608779, 19.49258347, 21.26660716, 25.32491463,
       23.28052568, 19.95220674, 16.10146811, 21.951658  , 22.04995168,
       20.62214316, 19.35545147, 14.31049411,  0.        , 15.98339705,
       18.81457232, 17.16055632, 19.17357295, 22.62699495, 22.90451284,
       19.33573421, 18.90823842, 19.76804   , 19.90246842, 19.73085421,
       22.47706295, 20.48411095, 19.54918032, 14.98512653, 16.65558947,
       22.39775526, 18.29524947, 16.07339463, 20.45697737, 21.31755905,
       16.86265568, 22.34960253, 19.794288  , 22.822086  , 21.16316905,
       23.28486968, 23.79410537, 18.36580705, 13.95658547, 21.12777937,
       24.98548989, 15.69037579, 17.92380958, 18.37908758, 14.21393105,
       20.66293905, 13.04009284, 15.33343137, 20.01281968, 22.06527779,
       22.19819737, 16.77570284, 27.86480589, 14.61523232, 15.96123758,
       19.13847158, 20.93778474, 17.47946432, 18.33875737, 16.56052421]), 'locations': array([ 55,  64,  20,  77,  61,  39, 119,  79, 122,  72,   3,  95,  36,
         8,  99,  24,  49,  45, 109,  23,  36,  50,  56, 134, 128,  40,
        24,  68,  82,  40,   9,  48, 105, 106, 105,   7,  32, 154,  63,
         9,  60,  68,  98, 113,  27, 146,  54, 108,  11,  46,  82,  22,
        13, 140,  31,  24,   8,  14,  27,  70,  60, 102,  72, 106,  11,
        75, 130, 114,  91,  78, 156,  66,  16,  17,  67, 118,  89,  57,
        35,  76,  98, 155,  39, 128, 121,  65,  69, 146,  10,  30,   6,
       110,  71,  26,  58,  18, 136, 147,  30,  97,  72, 110, 119,   6,
       115,  96,  37,  72,  25,  55,  34,  29,  12,  38,  32, 160,  68,
       143,  14,  34,  18,  24,  13,  84, 138, 107,  64,  28, 110,  81,
         9,  98,   8,   2,  96, 119, 123,  88,  96,  12,  10,  13,  14,
        71,  28,  34, 132,  50,  80,  74,  10,   3,  90,  81,  20,  78,
        90, 127,  91, 142, 111, 106, 153,  18,   9,  92, 122, 139,   2,
        21, 132,   3,  69,  99,   1,  30, 104, 130,  42,  79,  81,  52,
       113,   8,  56,  37,  41, 140, 119,  95,  33,  81,  11, 139,  47,
        98, 111,  20, 109,  94])}, {'ts_index': 145, 'loc': 84, 'gap': 1.3987822181431815, 'distances': array([10.74710863,  7.53043568, 10.46444832,  9.72001511,  9.95370079,
        9.75635711,  5.88139553,  7.28589437, 11.34200347,  8.89133505,
       10.81491832,  9.26770832, 10.39556005,  7.90412779,  9.19667758,
        9.713569  ,  7.25530295,  8.22476474, 10.44391505,  8.75226816,
       10.29999989,  8.75144126, 10.22865863,  8.39074495,  7.83653768,
        8.79688163, 10.02963868, 11.77078647,  8.03497121,  8.39909284,
        9.88014847, 10.02748526, 10.85000595,  8.39941458, 10.09610505,
        9.74394195, 10.82239374,  3.79248589, 10.29590342, 10.94228868,
        9.63139074,  7.19222968,  7.43731174,  8.38421821,  9.90671016,
        8.22576516, 12.11490279, 10.94140468, 10.61695084,  7.818271  ,
       10.33118611,  5.16489632,  9.99992153,  7.35867132,  9.84498368,
        6.65192532,  9.28083563,  5.91110032,  4.52387332,  7.53343905,
        9.55127979,  4.60341747,  8.13541495, 10.35844563, 11.13682668,
        9.54815858,  8.394032  ,  8.67284268,  8.88896095,  8.64295911,
        6.59250116, 10.81590574, 10.60935821,  9.34856553,  5.23015737,
       10.04971968,  9.96218379,  8.25034005,  9.01286158,  7.16895068,
       10.35931416,  6.94405932, 10.03749526,  5.55806368,  9.45133032,
        6.65467437, 10.95755189,  3.20097111,  6.56759016,  8.69563937,
        9.67412037, 10.77744384, 10.48211047, 11.25171179, 10.83088237,
        8.13540474,  6.19424495,  9.90665584,  9.11082853,  8.96609858,
        6.73886153, 10.02310574,  3.64989668,  9.45485516,  9.29553232,
        9.38197474,  8.247599  , 10.01372626,  8.96285542,  3.96301316,
       10.50092842,  9.14161426,  8.24044505,  6.90767121, 10.35451737,
        5.99171905, 10.07626479, 10.30710089,  8.05381132,  8.76534474,
       10.46174716,  0.        ,  8.99952368, 10.12043211,  9.89940089,
        8.11109647,  7.95157695, 11.09878263,  8.21391342,  9.05993695,
        8.87540921,  8.52889174,  6.79427863,  8.44752489,  8.27146547,
       10.24456705,  9.67490847, 10.07065553,  7.13110005,  6.91351916,
       10.44021979,  9.43061863,  9.27915568, 10.30110395,  9.15651579,
        5.47120405,  8.11893647, 10.11059763,  5.33337484,  8.29156532,
       10.20359526,  7.70010447,  9.60789058, 10.36928247, 10.58488353,
        4.72515474,  9.16088458,  7.23827158,  9.00909374,  9.26718389,
        8.06761874,  3.54262774,  9.20112058,  4.69117963,  7.98773363]), 'delta_distances': array([20.92856642, 21.78765347, 21.01020937, 21.93860516, 15.56540768,
       21.53991358, 13.826916  , 12.18412011, 16.55199874, 15.93668158,
       18.90994242, 15.88297274, 19.18222905, 14.77912158, 21.09176958,
       16.34621853, 18.89462568, 20.49317326, 18.30553642, 19.41215358,
       19.40271768, 17.76726653, 16.52949179, 21.19350232, 20.55813937,
       21.81590095, 21.74952642, 23.68894747, 23.20672432, 16.85583221,
       17.19042505, 17.22901642, 13.92585021, 18.06830368, 21.91843305,
       18.00035189, 16.11190053, 10.41939432, 20.25689137, 28.79046821,
       20.29860537, 19.94365863, 17.97531989, 22.69719916, 19.43059832,
       18.08294558, 19.26266926, 15.22749021, 20.09919347, 20.90655158,
       20.66440663, 15.19159874, 16.95549189, 19.21390842, 22.06504789,
       13.00775505, 19.91246116, 16.71747779, 15.09164916, 18.79041495,
       21.309018  , 15.83700421, 17.23331758, 28.20438326, 24.55957284,
       18.05605547, 18.57084221, 21.94018758, 22.88188684, 22.58957926,
       19.98963432, 22.36305789, 23.36486663, 24.59379179, 16.69697074,
       19.87134   , 20.009566  , 18.71972537, 14.77699663, 17.168926  ,
       21.05107642, 15.30508211, 20.81920747, 16.45036021, 24.60162189,
       18.91508421, 15.56712632, 12.80687874, 16.26328021, 23.91459179,
       23.30784674, 17.84248453, 16.38909179, 16.08408053, 22.76209358,
       22.24031632, 11.59846947, 28.92939263, 21.98683337, 18.99479821,
       17.57225421, 19.33471105, 13.89277126, 16.49662474, 14.701658  ,
       22.20357621, 23.29565316, 18.87671947, 19.26300263, 13.21743747,
       16.45082095, 18.38389368, 25.45696347, 17.84472411, 24.73885358,
       16.78596453, 20.43238895, 18.62636811, 21.73232832, 14.90244347,
       16.68464253,  0.        , 18.67432768, 21.39222905, 22.37629263,
       18.27838137, 18.00563958, 20.63101326, 20.84992958, 19.97870442,
       23.34415516, 14.04395442, 13.46447674, 12.96233516, 20.46029937,
       19.77451684, 17.47183242, 20.28838042, 13.34047716, 15.05087442,
       19.27903716, 18.01353579, 15.67587821, 16.77593653, 15.50878189,
       19.33893326, 15.24821863, 21.12737632, 16.79268758, 20.82116137,
       21.10277916, 11.82711547, 18.11924084, 14.81915116, 18.44479695,
       14.75040642, 14.52787474, 17.76605011, 25.93892589, 25.10243   ,
       22.28839126,  9.97648116, 16.854226  , 18.72545326, 19.40153032]), 'locations': array([ 24,  59, 151,  52, 177,   9,  63,  61, 137, 137, 143, 149, 165,
       138, 121, 177,   3,  13,  73,  73, 166, 116, 177,  96,  71,  78,
        57, 119,  71, 118, 118, 130,  56,  73, 137, 159, 186,  49, 144,
       105, 144,  69, 122, 104,  61,  74,  41, 196, 150,  87, 166,  96,
       174,  96,  82,  88,  35,  59,  71,  57, 134,  46,  46,  21,  86,
       107, 160,  66, 106,  49,  88,  41, 104,  95,  82, 113,  64,  51,
       180,  47, 120, 122,  14,  97, 110,  61, 184,  49, 116,  21, 122,
       167, 179, 198, 133,  96,  13,  76,   8, 119,  92,  49,  89,  99,
       166,  65,  96,  16,  95,  51, 173, 165, 108,  61,  44,  46,  24,
        25,  82,  21, 181,  84, 146,   2,  23,  69,  61, 138,  62,  22,
        60,  49,  81,  18,  85, 120, 121,  65,  92,  84, 148, 131, 165,
       148, 146,  52, 145, 101,  63,  82,  61,  47, 125, 170, 147,  87,
        96,  72,  95, 114,  84,  90,  97,  95,  66])}, {'ts_index': 183, 'loc': 22, 'gap': 1.74641088192692, 'distances': array([26.00531489, 32.85665658, 31.83548011, 30.77817   , 33.03936353,
       29.82243189, 33.211678  , 23.82253132, 19.89944311, 28.42311932,
       25.16626263, 25.13198737, 32.84586326, 33.46194253, 28.66809   ,
       29.93275784, 29.82492953, 28.27281642, 34.72671095, 26.51828174,
       31.31339216, 25.00906616, 34.69426342, 18.95678568, 33.00196758,
       24.02129163, 21.56102068, 31.05348632, 34.47070226, 31.77571795,
       32.29213916, 29.76407184, 33.27078747, 32.52506732, 16.30488716,
       30.49468816, 30.68175611, 33.78690274, 28.57769384, 25.96400421,
       27.55921374, 27.41822421, 29.63431863, 32.10040084, 19.14097453,
       32.76532447, 33.86553158, 25.12552237, 34.841259  , 28.73818305,
       29.37829484, 28.804571  , 24.85481232, 33.73022968, 26.25889779,
       30.44122963, 24.99023879, 28.60742874, 26.97282447, 30.96075958,
       22.491025  , 32.54315463, 31.42180105, 29.62099874, 38.46912368,
       30.07006521, 26.84138137, 28.30104847, 22.09417458, 20.40531416,
       31.149305  , 33.10922711, 33.42946305, 25.92968226, 16.73014679,
       22.56718326, 19.95892637, 27.90143674, 26.34457789, 27.22133963,
       24.62394026, 31.13093779, 24.704325  , 32.63163463, 22.67424542,
       24.78809368, 22.04163626, 33.66625574, 32.43439395, 26.441477  ,
       30.11432968, 29.42919674, 27.24068084, 25.74406758, 26.79663689,
       31.37862784, 32.74473163, 26.65122884, 31.21006111, 32.37946989,
       27.89246121, 27.99317279, 24.02732137, 29.180496  , 24.30859805,
       29.55742742, 30.47649826, 32.91469895, 24.77939879, 26.33600711,
       31.18456132, 28.21229832, 35.61660721, 32.701494  , 28.51508384,
       34.75995621, 25.03242558, 33.96779195, 29.57415911, 29.81078068,
       21.43796068, 20.58372837, 34.57734179, 35.44103195, 29.65046542,
       30.86541621, 15.11148284, 21.54881179,  0.        , 23.61720258,
       28.87780253, 29.19616605, 34.14620716, 32.49969211, 26.67617911,
       29.14248342]), 'delta_distances': array([31.49805695, 30.52700358, 16.36672505, 23.12922968, 21.27921653,
       16.01090505, 14.564112  , 19.02029968, 11.96872358, 13.58798632,
       14.06664305, 12.82323989, 24.23729379, 23.72384958, 20.413762  ,
       21.05736937, 22.72312811, 21.08016305, 14.46441905, 15.69779558,
       16.69067884, 25.30285726, 20.49571632, 26.22517905, 20.40624895,
       20.17058663, 20.32159021, 15.40624053, 25.19069011, 18.97336726,
       16.08563379, 20.73929621, 18.20407295, 16.24979453, 20.95258158,
       28.84960063, 15.19047968, 16.38147905, 24.55207053, 24.04713947,
       13.03410432, 18.35250116, 13.31439653, 17.49882453, 26.57846779,
       20.87992968, 17.94339558, 14.44940253, 18.584868  , 20.85462526,
       20.75153842, 22.95356095, 13.381086  , 16.34413526, 20.82175547,
       22.14676232, 16.62091947, 16.15675705, 19.02706211, 18.91374674,
       26.08608126, 24.73969632, 29.42767084, 28.29002505, 25.32956453,
       11.64410863, 24.36181137, 25.56331474, 21.09940032, 14.29107768,
       15.624278  , 17.71036642, 22.86961895, 15.11838442, 21.36582432,
       19.724424  , 24.90076189, 15.38091011, 27.83109663, 20.83387537,
       24.97624716, 33.032314  , 18.21034495, 18.05506716, 12.43206358,
       20.26543011, 16.67698295, 21.79806958, 13.22420589, 13.55521105,
       16.23255084, 28.45618811, 24.07573137, 16.62220305, 18.24669274,
       23.19461653, 27.30902095, 15.24012316, 16.58925674, 20.22004116,
       23.68792642, 21.94900442, 21.77830263, 15.46013463, 24.77082747,
       27.90712895, 17.10710105, 27.20133284, 21.700224  , 13.05680063,
       20.78368432, 25.819978  , 24.41651547, 20.79935147, 23.265432  ,
       17.56828568, 18.51956705, 26.00986947, 14.44033726, 20.03935758,
       15.69660126, 23.25302895, 18.07554453, 20.66304768,  9.97958242,
       17.29707084, 16.00196021, 17.479604  ,  0.        , 18.29392074,
       16.48970168, 12.15228863, 21.99384442, 13.814728  , 14.64725263,
       21.25538211]), 'locations': array([ 53,  62,  34,  58,  24,  73, 120,  70,  34,   6,  22,  63, 107,
        39,  48,  54,  87,  73,  16,  22,  54,  83,   7,  46,  92, 103,
        66,  94,  61,   7,  58,  66,  96,  91,   7,  64,  26,  90,  44,
        80,   7, 138,  29,  82,  83,  25,  68, 100,   5,   9,  82,  63,
        89,  95,  14, 116,  87,  10,  41,  74,  96,   9,  91,  63,  35,
       144,  97,   4, 108, 117,  56,  16,  12,   7,  94,  53,  32,   2,
        10,  36,  30,  28,  99,  33,  16,  82, 105,  83,  15, 108,  79,
         7,  52,  94, 117,  86,  72,   8,  42,  34,  42, 130,  41,   1,
        88,  79,  18, 105,  66, 125,  89, 109,  35,  11,  51,  90,   0,
        19,  91,   1,  67,  37,  33,  49,  77,  79,  50, 111,  22, 117,
        93,  31,  36,   3, 109,  92])}], 'clusters': array([0, 0, 0, 0, 1, 0, 0, 2, 0, 3, 1, 1, 3, 0, 1, 0, 0, 1, 0, 1, 0, 0,
       0, 0, 0, 0, 0, 0, 1, 0, 0, 3, 1, 0, 3, 3, 1, 0, 0, 0, 0, 0, 0, 0,
       3, 0, 2, 0, 0, 0, 0, 0, 1, 0, 0, 0, 1, 3, 0, 0, 1, 0, 0, 2, 0, 0,
       0, 2, 0, 2, 2, 0, 0, 1, 2, 0, 0, 0, 0, 0, 3, 1, 0, 0, 2, 0, 0, 0,
       2, 0, 0, 3, 1, 3, 0, 0, 1, 1, 2, 0, 1, 2, 0, 1, 2, 3, 1, 2, 2, 3,
       3, 0, 0, 0, 3, 0, 2, 0, 0, 1, 3, 1, 2, 0, 2, 3, 0, 0, 0, 0, 0, 2,
       0, 1, 0, 0, 2, 0, 2, 0, 0, 0, 1, 0, 0, 2, 0, 1, 1, 1, 3, 0, 3, 0,
       0, 0, 0, 0, 0, 2, 0, 0, 0, 0, 1, 0, 2, 2, 0, 0, 0, 0, 3, 2, 3, 0,
       2, 0, 1, 0, 0, 3, 3, 3, 1, 1, 1, 2, 3, 0, 0, 1, 0, 1, 0, 2, 0, 1,
       2, 0]), 'time': 842.4689536094666}
