lenSubsequence: 11{'RI': 1.0, 'num_clusters': 2, 'uShapelets': [{'ts_index': 194, 'loc': 187, 'gap': 0.4629183159085973, 'distances': array([0.64580818, 0.64455827, 0.76255164, 0.94909382, 0.57958282,
       0.44069527, 0.78912864, 0.52423618, 0.53802836, 0.78314073,
       0.92170091, 0.40653555, 0.79718173, 0.82717118, 0.66201409,
       0.59637182, 0.34982982, 0.61150227, 0.85938655, 0.50500636,
       0.76235982, 0.56403155, 0.61094755, 0.742735  , 0.71261691,
       0.61855818, 0.39191136, 0.93544591, 0.73603491, 0.81536773,
       0.79494382, 0.75326373, 0.59084918, 0.52034255, 0.75276009,
       0.35709427, 0.81783955, 0.725411  , 0.83551555, 0.59994709,
       0.86425218, 0.82460082, 0.58462845, 0.60896345, 0.71657009,
       0.66893191, 0.70951782, 0.59370564, 0.60126327, 0.58403245,
       0.59614864, 0.56311718, 0.59869873, 0.40152491, 0.42565036,
       0.79599418, 0.92181236, 0.58291655, 0.85777345, 0.55932064,
       0.81288191, 0.72722482, 0.87273191, 0.52794018, 0.76348073,
       0.33432218, 0.48862873, 0.88053445, 0.89844545, 0.56304036,
       1.034275  , 0.66943927, 0.60476873, 0.69142264, 0.40938182,
       0.89715027, 0.46602727, 0.63935645, 0.77737545, 0.85980745,
       0.93405845, 0.75594927, 0.75583191, 0.82870227, 0.77524345,
       0.959503  , 0.52971773, 0.93355255, 0.77332055, 0.86566582,
       0.05460982, 0.03668018, 0.09012655, 0.04199991, 0.02555464,
       0.06497   , 0.03394136, 0.08799118, 0.08430636, 0.044316  ,
       0.06095509, 0.03629164, 0.08710845, 0.04295964, 0.04032936,
       0.04909445, 0.018136  , 0.06087091, 0.03592982, 0.03090564,
       0.01142127, 0.06871764, 0.11590355, 0.04705645, 0.04181291,
       0.05427873, 0.02607564, 0.05067255, 0.06235909, 0.04231355,
       0.02087191, 0.06258745, 0.07006582, 0.05271964, 0.029464  ,
       0.03191491, 0.056107  , 0.02911227, 0.052212  , 0.02116991,
       0.04954382, 0.05980682, 0.052208  , 0.05165255, 0.04421164,
       0.04190455, 0.04434591, 0.06761991, 0.04536473, 0.03869445,
       0.03702091, 0.03231727, 0.06626109, 0.03782418, 0.05134409,
       0.01727055, 0.05336145, 0.039779  , 0.01781091, 0.05172518,
       0.03143145, 0.03221873, 0.03533045, 0.03612091, 0.03467509,
       0.06270573, 0.01417364, 0.05291118, 0.043465  , 0.03824409,
       0.02865873, 0.05487782, 0.03798318, 0.02057291, 0.06760673,
       0.04463964, 0.04263891, 0.04267936, 0.04110873, 0.05853564,
       0.03317909, 0.05314918, 0.05769791, 0.05984245, 0.04687609,
       0.06287   , 0.04278555, 0.03873555, 0.03000882, 0.03807282,
       0.53796364, 0.703525  , 0.82170127, 0.92793245, 0.398073  ,
       1.01016455, 0.79927645, 0.69452491, 0.65262609, 0.55151582,
       0.02786664, 0.03753718, 0.049622  , 0.05003745, 0.        ,
       0.02412082, 0.03370127, 0.05547682, 0.05141882, 0.05299282]), 'delta_distances': array([0.29311236, 0.28279109, 0.19002127, 0.26697618, 0.26588582,
       0.14787945, 0.27419473, 0.24851945, 0.24714818, 0.29488091,
       0.26410018, 0.20665418, 0.21299655, 0.30112473, 0.25663727,
       0.22918855, 0.18082091, 0.157966  , 0.27793964, 0.21396018,
       0.34373018, 0.18862836, 0.25035436, 0.24757745, 0.19693945,
       0.21020436, 0.18945073, 0.40018164, 0.21920345, 0.23018091,
       0.23289673, 0.235298  , 0.25202418, 0.24325745, 0.25246855,
       0.19838455, 0.26843073, 0.24188691, 0.27217491, 0.19762327,
       0.23415655, 0.27010818, 0.25241891, 0.25141145, 0.23729073,
       0.24396291, 0.29758855, 0.24132273, 0.30516291, 0.23243927,
       0.22779182, 0.19946836, 0.254478  , 0.18588873, 0.19062655,
       0.24488109, 0.29902109, 0.18698164, 0.25142964, 0.24736073,
       0.23893382, 0.27544691, 0.268162  , 0.18975455, 0.25801145,
       0.16280273, 0.15525291, 0.23593473, 0.25503   , 0.19609673,
       0.25805818, 0.23296018, 0.238976  , 0.202914  , 0.18170891,
       0.32318818, 0.17674527, 0.25345345, 0.248948  , 0.27498691,
       0.24524709, 0.20793291, 0.20311   , 0.25644873, 0.217144  ,
       0.32139   , 0.14395091, 0.22917964, 0.24755055, 0.29497891,
       0.06695945, 0.06119782, 0.11009473, 0.07024018, 0.05777727,
       0.09417927, 0.04890127, 0.11272218, 0.10138673, 0.07810582,
       0.08689127, 0.06333527, 0.12845036, 0.07824345, 0.06460564,
       0.06786236, 0.04148709, 0.08211   , 0.06886509, 0.05591509,
       0.03053745, 0.08849036, 0.09589927, 0.05775327, 0.06779545,
       0.09072636, 0.04769436, 0.07483855, 0.07445073, 0.07838636,
       0.033962  , 0.10843182, 0.09132364, 0.08226527, 0.06704109,
       0.06659164, 0.08336273, 0.05477491, 0.08260291, 0.04840109,
       0.07959909, 0.07588109, 0.06937145, 0.08134491, 0.06475255,
       0.06890164, 0.062306  , 0.10170655, 0.06008964, 0.06861327,
       0.05450455, 0.05119127, 0.09510873, 0.06002364, 0.06682582,
       0.04886164, 0.07768145, 0.06382945, 0.046864  , 0.072828  ,
       0.06546582, 0.05742709, 0.07394036, 0.05364818, 0.06613455,
       0.08725745, 0.036582  , 0.07596018, 0.07956818, 0.07249891,
       0.05435745, 0.07846509, 0.07335909, 0.051834  , 0.07939873,
       0.06369818, 0.06636382, 0.07354364, 0.07030218, 0.08702836,
       0.05531873, 0.068904  , 0.070812  , 0.09490455, 0.06952873,
       0.09711709, 0.06917836, 0.06049055, 0.06250382, 0.06904418,
       0.17886945, 0.27719291, 0.26667073, 0.35547491, 0.18207309,
       0.23204545, 0.18852673, 0.27497855, 0.28368836, 0.21422364,
       0.06167545, 0.05424055, 0.07350382, 0.06250527, 0.        ,
       0.04874727, 0.05333164, 0.07306909, 0.07538327, 0.08202873]), 'locations': array([ 12, 478, 241,  59, 166, 163, 428, 367,  63,  82, 388, 142, 157,
       333, 439, 392, 158,  67, 140, 444,  19, 223,  29, 249, 271,  87,
       470, 166, 170, 284,  85, 452, 225, 215, 485, 190, 440, 150, 258,
        52,  36,  96, 136,  92, 300, 104, 367, 289, 265,  84,  34, 387,
        24, 229,   2, 282, 304, 234,  42, 376, 208, 133,  28, 207, 154,
       202, 225, 375, 148, 345,  45, 323, 108, 235, 339, 464,  26, 235,
       440, 344, 487, 231,   0, 421, 202, 240,  96, 271, 162, 235, 425,
       121, 382, 391,  87, 390,  81,  59, 297, 253, 179, 297, 472, 161,
       447,  57, 294, 115, 169, 357, 193, 427, 441, 163, 214,  29, 354,
       111, 330, 427, 105, 377, 401, 156, 125, 300, 175,  82, 128, 317,
        20, 121, 203, 327, 402, 142, 340, 415, 356, 349,  53,  39,  55,
       207, 167, 292, 231, 304, 431, 389, 367,  94,  32, 154,  53, 271,
       311, 448, 163,  88,  30, 240,  34, 248, 326, 220, 246, 297, 136,
       254, 112,  78, 373,  73, 354, 372, 344, 418, 175, 121, 328,  25,
       341, 200, 311, 237, 180, 199, 440, 265,  92,  78, 356,  38, 187,
       391, 142, 420, 155, 342])}], 'clusters': array([0, 0, 0, 0, 0, 0, 0, 0, 0, 0, 0, 0, 0, 0, 0, 0, 0, 0, 0, 0, 0, 0,
       0, 0, 0, 0, 0, 0, 0, 0, 0, 0, 0, 0, 0, 0, 0, 0, 0, 0, 0, 0, 0, 0,
       0, 0, 0, 0, 0, 0, 0, 0, 0, 0, 0, 0, 0, 0, 0, 0, 0, 0, 0, 0, 0, 0,
       0, 0, 0, 0, 0, 0, 0, 0, 0, 0, 0, 0, 0, 0, 0, 0, 0, 0, 0, 0, 0, 0,
       0, 0, 1, 1, 1, 1, 1, 1, 1, 1, 1, 1, 1, 1, 1, 1, 1, 1, 1, 1, 1, 1,
       1, 1, 1, 1, 1, 1, 1, 1, 1, 1, 1, 1, 1, 1, 1, 1, 1, 1, 1, 1, 1, 1,
       1, 1, 1, 1, 1, 1, 1, 1, 1, 1, 1, 1, 1, 1, 1, 1, 1, 1, 1, 1, 1, 1,
       1, 1, 1, 1, 1, 1, 1, 1, 1, 1, 1, 1, 1, 1, 1, 1, 1, 1, 1, 1, 1, 1,
       1, 1, 1, 1, 0, 0, 0, 0, 0, 0, 0, 0, 0, 0, 1, 1, 1, 1, 1, 1, 1, 1,
       1, 1]), 'time': 1542.0199394226074}
lenSubsequence: 13{'RI': 1.0, 'num_clusters': 2, 'uShapelets': [{'ts_index': 194, 'loc': 180, 'gap': 0.6093316450186382, 'distances': array([0.95541277, 1.06564546, 1.04298762, 1.01700046, 0.76375031,
       0.51455615, 1.12339392, 0.46045646, 0.72921877, 1.09295669,
       1.19341838, 0.50667785, 1.19019969, 0.79973031, 0.73868038,
       0.492963  , 0.75396931, 0.92566462, 1.065879  , 1.11261192,
       1.02116515, 0.90076662, 0.87677377, 0.73463646, 0.74640485,
       1.07037131, 0.76973546, 1.14864785, 0.840715  , 0.70930246,
       1.03379746, 1.14788069, 0.70371131, 0.49536854, 1.47632092,
       0.73118346, 1.12355277, 0.75716454, 1.20719308, 0.70285946,
       0.91271546, 0.83662338, 1.143656  , 0.74382362, 1.08487623,
       0.99393154, 0.65615469, 0.85345015, 0.742258  , 0.815934  ,
       0.70343077, 0.77396685, 0.92579362, 0.48771262, 1.31361269,
       0.89106338, 1.15843631, 1.16978915, 1.08783662, 0.83962115,
       1.03638846, 1.063532  , 0.81624985, 0.91583331, 0.84135346,
       0.69192838, 0.47199969, 1.22443338, 0.94011231, 1.17337577,
       1.142406  , 0.79043454, 0.39839362, 0.61532338, 0.50850315,
       0.97002008, 0.56053015, 0.69917208, 1.15977562, 0.96517008,
       0.98095869, 0.72814692, 1.29419908, 0.98308585, 0.86633423,
       1.224847  , 0.73860585, 1.04959938, 1.13635262, 1.16810792,
       0.05560677, 0.03263169, 0.08798285, 0.03985115, 0.02864438,
       0.05684162, 0.02748015, 0.07470162, 0.07942062, 0.04324846,
       0.03160492, 0.03116369, 0.06258631, 0.03771077, 0.03556792,
       0.061014  , 0.00970977, 0.05288415, 0.03667908, 0.02338269,
       0.00824231, 0.04370185, 0.10718069, 0.10795354, 0.03358638,
       0.04166938, 0.02362869, 0.04057515, 0.05313323, 0.034458  ,
       0.024293  , 0.051467  , 0.06185438, 0.05654285, 0.02636954,
       0.03002092, 0.04490246, 0.02492831, 0.04276015, 0.01600685,
       0.03528615, 0.06149546, 0.08649377, 0.03879838, 0.03913385,
       0.03122938, 0.03519746, 0.05239546, 0.03745723, 0.03113254,
       0.02809615, 0.02409246, 0.08718323, 0.02379192, 0.05206715,
       0.01294669, 0.05342723, 0.03825562, 0.01603723, 0.04696415,
       0.02514277, 0.02556708, 0.02482885, 0.03424792, 0.02473846,
       0.06192092, 0.02144208, 0.05023146, 0.02881469, 0.03281146,
       0.04156977, 0.03327423, 0.03535138, 0.040227  , 0.07264254,
       0.04192469, 0.03832146, 0.03277769, 0.04811092, 0.05755408,
       0.03413931, 0.05421762, 0.04686615, 0.06517277, 0.04546885,
       0.04285031, 0.04597431, 0.03372815, 0.02516554, 0.03222431,
       0.54739946, 0.97459746, 0.97582608, 0.73371669, 1.00828831,
       0.79753062, 0.88769108, 1.04827146, 0.78220208, 0.66192515,
       0.03619069, 0.03700015, 0.03926023, 0.04466662, 0.        ,
       0.02295585, 0.01502615, 0.05817131, 0.058934  , 0.04495692]), 'delta_distances': array([0.35098662, 0.42236877, 0.23839862, 0.26166154, 0.29189877,
       0.27782631, 0.24937923, 0.26173708, 0.30014031, 0.45244815,
       0.32051338, 0.22647969, 0.37719862, 0.25335185, 0.21034692,
       0.18468338, 0.29078831, 0.27555277, 0.28996231, 0.27337754,
       0.261456  , 0.30662477, 0.25766585, 0.23826815, 0.22741508,
       0.29752954, 0.24316108, 0.23994785, 0.27257569, 0.22169246,
       0.30690354, 0.31664108, 0.29348154, 0.17226615, 0.38628585,
       0.29078846, 0.28615585, 0.19314831, 0.34741369, 0.263148  ,
       0.26233415, 0.26320508, 0.255028  , 0.24725015, 0.324748  ,
       0.25052215, 0.28399708, 0.21438369, 0.30007308, 0.29323508,
       0.27121431, 0.28325077, 0.27095354, 0.16151246, 0.29013954,
       0.23886415, 0.31518492, 0.31652785, 0.34213754, 0.28980062,
       0.24109923, 0.33920831, 0.29475215, 0.284592  , 0.31531677,
       0.30670462, 0.19607123, 0.27527231, 0.23320508, 0.29853985,
       0.25098954, 0.27475938, 0.20495769, 0.21667785, 0.25342677,
       0.29658862, 0.19284385, 0.24195692, 0.41700262, 0.25627308,
       0.29744646, 0.25039462, 0.24081754, 0.33833662, 0.27847046,
       0.37097092, 0.28003708, 0.29978492, 0.30053123, 0.34778831,
       0.06996446, 0.05345815, 0.10872477, 0.07537754, 0.06189446,
       0.08478446, 0.03992015, 0.09876815, 0.092814  , 0.0732    ,
       0.04720246, 0.052464  , 0.08139646, 0.06428138, 0.05816908,
       0.07122123, 0.02647631, 0.07889615, 0.05798215, 0.04757677,
       0.02531   , 0.05773754, 0.10311308, 0.09806354, 0.050606  ,
       0.06021385, 0.05487385, 0.07047692, 0.060064  , 0.06525631,
       0.04508646, 0.08577631, 0.07996585, 0.07151492, 0.05191692,
       0.04961215, 0.06697415, 0.04478477, 0.06218846, 0.035978  ,
       0.06553785, 0.08145077, 0.109034  , 0.064262  , 0.05859585,
       0.05304138, 0.04816031, 0.07111431, 0.05381954, 0.05255538,
       0.048574  , 0.04300138, 0.10736785, 0.03989277, 0.06892631,
       0.04001769, 0.07739292, 0.06553231, 0.04421431, 0.06776046,
       0.04968215, 0.04008754, 0.05391646, 0.05041062, 0.053206  ,
       0.07855569, 0.04804538, 0.07580169, 0.06179908, 0.068076  ,
       0.05913954, 0.06232292, 0.06625677, 0.08146215, 0.09028015,
       0.06145   , 0.06008123, 0.051824  , 0.07447354, 0.08999292,
       0.05770031, 0.07998062, 0.06692785, 0.08726   , 0.06727   ,
       0.06900108, 0.06220262, 0.07450477, 0.058148  , 0.07023015,
       0.24009169, 0.33414246, 0.31677369, 0.29117292, 0.317558  ,
       0.27217738, 0.29938385, 0.28689892, 0.24437215, 0.18496338,
       0.06778585, 0.05856277, 0.05605908, 0.06720662, 0.        ,
       0.04812185, 0.02977415, 0.09000492, 0.09295892, 0.06774723]), 'locations': array([ 17, 473,   3, 177, 160, 436, 422, 364,  58,   0, 120, 136, 414,
       327, 100, 386, 154,  88, 484, 442, 301, 220, 409, 292, 380, 305,
       468,  65, 344, 277,  81,  29, 223, 213, 481, 247, 310, 393, 398,
        50,  33,  92, 134,  86, 297,  98, 364, 284, 269,  79,  27, 382,
        70, 196,   0,  98, 424, 319,  60, 373, 448, 397,  23, 202, 382,
       199, 221,  18, 145,  74, 225, 220, 101, 206, 337, 466,  22, 429,
       249, 407, 482, 422, 216,  36, 297,  96, 133, 392,   8, 368, 419,
       114, 375, 384,  80, 383,  74,  52, 290, 246, 172, 290, 466, 154,
       440,  51, 287, 109, 162, 350, 186, 420, 434, 157, 207,  22, 347,
       104, 323, 420,  98, 370, 394, 150, 118, 294, 168,  75, 121, 310,
        14, 114, 197, 320, 395, 135, 333, 409, 350, 342,  46,  32,  49,
       200, 160, 285, 223, 297, 424, 382, 360,  87,  25, 147,  46, 265,
       304, 441, 156,  81,  23, 233,  27, 241, 320, 213, 239, 290, 129,
       248, 105,  71, 367,  67, 347, 365, 337, 412, 168, 114, 404, 341,
       310, 206, 120, 196, 173, 396, 437, 259,  85,  71, 350,  32, 180,
       384, 135, 413, 149, 335])}], 'clusters': array([0, 0, 0, 0, 0, 0, 0, 0, 0, 0, 0, 0, 0, 0, 0, 0, 0, 0, 0, 0, 0, 0,
       0, 0, 0, 0, 0, 0, 0, 0, 0, 0, 0, 0, 0, 0, 0, 0, 0, 0, 0, 0, 0, 0,
       0, 0, 0, 0, 0, 0, 0, 0, 0, 0, 0, 0, 0, 0, 0, 0, 0, 0, 0, 0, 0, 0,
       0, 0, 0, 0, 0, 0, 0, 0, 0, 0, 0, 0, 0, 0, 0, 0, 0, 0, 0, 0, 0, 0,
       0, 0, 1, 1, 1, 1, 1, 1, 1, 1, 1, 1, 1, 1, 1, 1, 1, 1, 1, 1, 1, 1,
       1, 1, 1, 1, 1, 1, 1, 1, 1, 1, 1, 1, 1, 1, 1, 1, 1, 1, 1, 1, 1, 1,
       1, 1, 1, 1, 1, 1, 1, 1, 1, 1, 1, 1, 1, 1, 1, 1, 1, 1, 1, 1, 1, 1,
       1, 1, 1, 1, 1, 1, 1, 1, 1, 1, 1, 1, 1, 1, 1, 1, 1, 1, 1, 1, 1, 1,
       1, 1, 1, 1, 0, 0, 0, 0, 0, 0, 0, 0, 0, 0, 1, 1, 1, 1, 1, 1, 1, 1,
       1, 1]), 'time': 1468.0469346046448}
lenSubsequence: 15{'RI': 1.0, 'num_clusters': 2, 'uShapelets': [{'ts_index': 194, 'loc': 177, 'gap': 0.6238389562170432, 'distances': array([0.81096433, 0.98392767, 1.03451167, 1.14985193, 0.723721  ,
       0.57311087, 1.04862287, 0.71540887, 0.8478734 , 1.1138382 ,
       0.89537513, 0.55344013, 1.11726307, 0.8191492 , 0.73166933,
       0.44602613, 0.80851113, 0.8734912 , 0.84462727, 1.10778413,
       0.858208  , 0.87120047, 0.87588967, 0.67921473, 0.86588227,
       0.9255124 , 0.7597436 , 1.00994847, 1.00203993, 0.7370906 ,
       0.8578552 , 0.9296364 , 0.7552866 , 0.56624067, 1.29987173,
       0.76765473, 0.912962  , 0.73914853, 1.02140647, 0.71310347,
       0.81339433, 0.88745193, 1.2065882 , 0.6983494 , 0.88434927,
       1.03672327, 0.80173153, 0.74153707, 0.83413993, 0.72122367,
       0.72237527, 0.6021816 , 0.82643627, 0.61780593, 1.1554536 ,
       0.97856913, 1.0250566 , 1.0106178 , 1.11497987, 0.8656532 ,
       1.13745407, 0.98266767, 0.7287974 , 1.0057752 , 0.85833127,
       0.75989593, 0.4542692 , 1.06652567, 0.8158452 , 1.02697273,
       0.96667607, 0.6980012 , 0.3539426 , 0.5281954 , 0.5980266 ,
       0.78762933, 0.84088707, 0.83059473, 1.14488927, 0.91028693,
       0.90339187, 0.96174887, 1.20413947, 0.96447833, 0.82110047,
       1.0710352 , 0.72341   , 0.9106188 , 0.8317336 , 0.9739762 ,
       0.05071667, 0.03000853, 0.07685213, 0.034486  , 0.02217993,
       0.04390033, 0.0249494 , 0.0794134 , 0.06733127, 0.04063247,
       0.03295487, 0.032474  , 0.05364907, 0.03185473, 0.03435833,
       0.04972907, 0.010795  , 0.04872153, 0.03042507, 0.02332993,
       0.00926187, 0.03762833, 0.09690013, 0.0914814 , 0.02913733,
       0.0367322 , 0.02319713, 0.03701887, 0.04620767, 0.0301952 ,
       0.0243456 , 0.041076  , 0.0567198 , 0.05147833, 0.02371207,
       0.02620867, 0.03825313, 0.02253947, 0.03717187, 0.01236207,
       0.03181287, 0.0560762 , 0.07397187, 0.0283292 , 0.03477127,
       0.02832793, 0.0313492 , 0.0401752 , 0.03384807, 0.02755673,
       0.02455407, 0.02294347, 0.07729767, 0.02394093, 0.04567333,
       0.011516  , 0.04847793, 0.0364776 , 0.0141676 , 0.03746033,
       0.02243173, 0.02572833, 0.0218276 , 0.0338354 , 0.02322833,
       0.05388493, 0.0198506 , 0.04465507, 0.0304422 , 0.02940813,
       0.03721087, 0.02844153, 0.03137127, 0.03524413, 0.06313773,
       0.03763427, 0.04556027, 0.028216  , 0.04177   , 0.05154267,
       0.03177627, 0.048553  , 0.03908893, 0.05786667, 0.03756587,
       0.0423978 , 0.04438653, 0.03058933, 0.0243992 , 0.0473508 ,
       0.6637634 , 0.836318  , 1.0303972 , 0.8056724 , 0.93946507,
       0.68030533, 0.8049956 , 0.91965693, 0.61601733, 0.65220667,
       0.0338184 , 0.02893053, 0.0278598 , 0.02675407, 0.        ,
       0.02349193, 0.01354667, 0.04861687, 0.0511518 , 0.0514722 ]), 'delta_distances': array([0.29539267, 0.3456772 , 0.24239307, 0.2522964 , 0.23751147,
       0.26432587, 0.35691773, 0.3117248 , 0.25182453, 0.35937147,
       0.2361012 , 0.22450893, 0.2639972 , 0.28182573, 0.20494893,
       0.22081213, 0.20106187, 0.2708656 , 0.2392304 , 0.32440587,
       0.20443547, 0.28248907, 0.26656387, 0.22813653, 0.325776  ,
       0.23713667, 0.22294733, 0.23884053, 0.31834867, 0.27577533,
       0.25508667, 0.292318  , 0.2899484 , 0.20387547, 0.3274796 ,
       0.19760787, 0.24596853, 0.1809948 , 0.2546232 , 0.2428672 ,
       0.20572973, 0.24923493, 0.360158  , 0.19401533, 0.20903827,
       0.24917653, 0.32720453, 0.19882133, 0.2779384 , 0.20019347,
       0.28753333, 0.25843973, 0.25855307, 0.24054653, 0.3556736 ,
       0.23488973, 0.27904333, 0.2938356 , 0.31332467, 0.2717732 ,
       0.2882492 , 0.28875387, 0.28782053, 0.2997008 , 0.33567   ,
       0.27992573, 0.18822893, 0.2969296 , 0.21157973, 0.2796216 ,
       0.25665587, 0.19979027, 0.1785344 , 0.2105856 , 0.276004  ,
       0.18399907, 0.16474707, 0.30559147, 0.345514  , 0.26635333,
       0.2675736 , 0.33102787, 0.25464787, 0.2356504 , 0.24680173,
       0.34023387, 0.2977444 , 0.24571387, 0.15131133, 0.29722013,
       0.06527053, 0.05060067, 0.0973876 , 0.0652888 , 0.05175227,
       0.0669436 , 0.03888493, 0.11005827, 0.07907067, 0.06905853,
       0.05353133, 0.0539756 , 0.07026453, 0.05742227, 0.05960507,
       0.05791093, 0.0319392 , 0.07470213, 0.04956787, 0.04755973,
       0.0273624 , 0.05040773, 0.10066827, 0.08106027, 0.04446907,
       0.05490453, 0.05530507, 0.0606824 , 0.05411347, 0.05909613,
       0.04521827, 0.068922  , 0.07198973, 0.06448667, 0.0512356 ,
       0.04738867, 0.05833   , 0.04246787, 0.05238093, 0.02929   ,
       0.06267893, 0.07665613, 0.09687107, 0.052436  , 0.0513456 ,
       0.05350067, 0.04580707, 0.06230987, 0.04843733, 0.04786013,
       0.0437604 , 0.04352293, 0.0987536 , 0.0407908 , 0.064542  ,
       0.03557773, 0.07532973, 0.06852573, 0.039108  , 0.05473293,
       0.04588213, 0.04509667, 0.0469468 , 0.0580364 , 0.0528224 ,
       0.068594  , 0.0455884 , 0.061912  , 0.06253173, 0.06230867,
       0.05310787, 0.05229413, 0.06119547, 0.07404133, 0.08233187,
       0.05571693, 0.06646107, 0.04473347, 0.0651964 , 0.08194733,
       0.05738733, 0.0710008 , 0.0548252 , 0.08301067, 0.05847133,
       0.07177053, 0.06628   , 0.06907653, 0.0533648 , 0.08646133,
       0.265802  , 0.21129853, 0.30185573, 0.3305764 , 0.26842093,
       0.23336533, 0.19224267, 0.24186533, 0.21140653, 0.20156893,
       0.06099813, 0.05031413, 0.04214467, 0.04867653, 0.        ,
       0.05176133, 0.02819093, 0.07598   , 0.0790348 , 0.07261107]), 'locations': array([  6, 472,   1, 177, 158, 434, 420, 362,  56, 319, 118, 136, 152,
       325,  97, 384, 307,  61, 428, 239, 296, 103, 406, 289,  76, 406,
       463,  64, 210, 276,  79,  27, 219, 211, 476,  26, 416, 391, 396,
        46,  32,  91, 457,  84, 295,  96, 361, 341, 370,  40,  24, 380,
        68, 444, 185, 281, 104, 319, 298, 369, 445, 136,  21, 200, 378,
       197, 219,  16, 142,  71, 223, 218, 100, 204, 333, 340, 334,  66,
       247, 405, 479, 231, 215, 412, 295, 238, 131, 390, 289, 366, 416,
       111, 372, 381,  77, 380,  71,  49, 287, 243, 169, 287, 463, 151,
       437,  48, 284, 106, 160, 347, 183, 417, 431, 154, 204,  19, 344,
       101, 320, 417,  95, 367, 391, 147, 115, 291, 165,  72, 118, 307,
        11, 111, 194, 318, 392, 132, 330, 406, 347, 339,  43,  29,  46,
       197, 157, 282, 220, 294, 421, 379, 357,  84,  22, 144,  43, 262,
       301, 438, 153,  78,  20, 230,  24, 238, 317, 210, 236, 287, 126,
       245, 102,  68, 364,  64, 344, 362, 334, 409, 165, 111, 402,  29,
       308, 204, 118, 194, 171, 395, 435, 257,  82,  68, 347,  29, 177,
       381, 132, 410, 146, 332])}], 'clusters': array([0, 0, 0, 0, 0, 0, 0, 0, 0, 0, 0, 0, 0, 0, 0, 0, 0, 0, 0, 0, 0, 0,
       0, 0, 0, 0, 0, 0, 0, 0, 0, 0, 0, 0, 0, 0, 0, 0, 0, 0, 0, 0, 0, 0,
       0, 0, 0, 0, 0, 0, 0, 0, 0, 0, 0, 0, 0, 0, 0, 0, 0, 0, 0, 0, 0, 0,
       0, 0, 0, 0, 0, 0, 0, 0, 0, 0, 0, 0, 0, 0, 0, 0, 0, 0, 0, 0, 0, 0,
       0, 0, 1, 1, 1, 1, 1, 1, 1, 1, 1, 1, 1, 1, 1, 1, 1, 1, 1, 1, 1, 1,
       1, 1, 1, 1, 1, 1, 1, 1, 1, 1, 1, 1, 1, 1, 1, 1, 1, 1, 1, 1, 1, 1,
       1, 1, 1, 1, 1, 1, 1, 1, 1, 1, 1, 1, 1, 1, 1, 1, 1, 1, 1, 1, 1, 1,
       1, 1, 1, 1, 1, 1, 1, 1, 1, 1, 1, 1, 1, 1, 1, 1, 1, 1, 1, 1, 1, 1,
       1, 1, 1, 1, 0, 0, 0, 0, 0, 0, 0, 0, 0, 0, 1, 1, 1, 1, 1, 1, 1, 1,
       1, 1]), 'time': 1443.22407746315}
