lenSubsequence: 7{'RI': 0.5028140703517588, 'num_clusters': 5, 'uShapelets': [{'ts_index': 144, 'loc': 2, 'gap': 0.026787984051543257, 'distances': array([0.31553542, 0.33841826, 0.32809848, 0.31775991, 0.33145828,
       0.2466115 , 0.37964476, 0.27221131, 0.29549939, 0.23356319,
       0.30504521, 0.34809211, 0.34870842, 0.30400152, 0.30785081,
       0.28182743, 0.25146361, 0.22607108, 0.27351063, 0.23145755,
       0.28096338, 0.3388156 , 0.31693789, 0.2364595 , 0.3039652 ,
       0.34364912, 0.25497854, 0.30755591, 0.29101536, 0.23483973,
       0.28437615, 0.33572072, 0.34395345, 0.28423227, 0.26857868,
       0.2830922 , 0.24574639, 0.35774673, 0.31131878, 0.25077616,
       0.35056247, 0.30507339, 0.18578577, 0.28809885, 0.26090845,
       0.2907411 , 0.2708326 , 0.31532177, 0.30351558, 0.33849077,
       0.28089077, 0.33903827, 0.33724186, 0.20683754, 0.2638316 ,
       0.18911013, 0.23185148, 0.18891912, 0.31080698, 0.23048318,
       0.30372813, 0.30421856, 0.33335857, 0.3001059 , 0.24682651,
       0.25436934, 0.26310645, 0.25347162, 0.33966845, 0.28836167,
       0.28702942, 0.28196037, 0.25592841, 0.29079567, 0.30815809,
       0.25995871, 0.35242862, 0.23922772, 0.23523088, 0.19944332,
       0.34846431, 0.32819852, 0.36174869, 0.28244346, 0.27205887,
       0.28866745, 0.3171086 , 0.30550609, 0.29114868, 0.21060021,
       0.28041512, 0.30788691, 0.29087735, 0.32386263, 0.26699004,
       0.27735914, 0.16337334, 0.35419598, 0.13211843, 0.30226349,
       0.28602125, 0.3188468 , 0.2263091 , 0.26782376, 0.36731088,
       0.2907436 , 0.16706291, 0.19066346, 0.28017342, 0.2529544 ,
       0.28822469, 0.26488641, 0.34248028, 0.33155717, 0.28418938,
       0.26421891, 0.29476865, 0.2037952 , 0.37177739, 0.33341659,
       0.18458132, 0.15396725, 0.25285156, 0.29174512, 0.34039576,
       0.2514213 , 0.34952078, 0.35526205, 0.34679368, 0.30382058,
       0.31710805, 0.23300444, 0.34544904, 0.21872416, 0.20044293,
       0.22577447, 0.2029429 , 0.26157027, 0.20481355, 0.23565542,
       0.25296315, 0.28013713, 0.25650757, 0.29577611, 0.        ,
       0.23308486, 0.25641732, 0.2933676 , 0.28281456, 0.32101986,
       0.34542901, 0.29450477, 0.35569023, 0.27176912, 0.3590582 ,
       0.2692829 , 0.25721522, 0.28900537, 0.24622001, 0.27805036,
       0.25048527, 0.27652708, 0.21808785, 0.31024908, 0.21624888,
       0.29244664, 0.27451623, 0.33608558, 0.26168432, 0.23255861,
       0.23317663, 0.37417739, 0.27304669, 0.21251718, 0.23855982,
       0.2662677 , 0.30643448, 0.28051447, 0.31656082, 0.2573292 ,
       0.34949732, 0.35271641, 0.23065831, 0.29436739, 0.31120218,
       0.33541124, 0.3002978 , 0.25036258, 0.20865694, 0.26932586,
       0.28232484, 0.29155347, 0.27641907, 0.27196965, 0.26586561,
       0.29185207, 0.20828452, 0.31938569, 0.32038986, 0.33076599]), 'delta_distances': array([0., 0., 0., 0., 0., 0., 0., 0., 0., 0., 0., 0., 0., 0., 0., 0., 0.,
       0., 0., 0., 0., 0., 0., 0., 0., 0., 0., 0., 0., 0., 0., 0., 0., 0.,
       0., 0., 0., 0., 0., 0., 0., 0., 0., 0., 0., 0., 0., 0., 0., 0., 0.,
       0., 0., 0., 0., 0., 0., 0., 0., 0., 0., 0., 0., 0., 0., 0., 0., 0.,
       0., 0., 0., 0., 0., 0., 0., 0., 0., 0., 0., 0., 0., 0., 0., 0., 0.,
       0., 0., 0., 0., 0., 0., 0., 0., 0., 0., 0., 0., 0., 0., 0., 0., 0.,
       0., 0., 0., 0., 0., 0., 0., 0., 0., 0., 0., 0., 0., 0., 0., 0., 0.,
       0., 0., 0., 0., 0., 0., 0., 0., 0., 0., 0., 0., 0., 0., 0., 0., 0.,
       0., 0., 0., 0., 0., 0., 0., 0., 0., 0., 0., 0., 0., 0., 0., 0., 0.,
       0., 0., 0., 0., 0., 0., 0., 0., 0., 0., 0., 0., 0., 0., 0., 0., 0.,
       0., 0., 0., 0., 0., 0., 0., 0., 0., 0., 0., 0., 0., 0., 0., 0., 0.,
       0., 0., 0., 0., 0., 0., 0., 0., 0., 0., 0., 0., 0.]), 'locations': array([76,  2, 48,  3,  3, 78,  3, 32, 76,  8, 27, 27, 83, 49, 69,  3, 34,
       34, 28, 28, 53, 78, 35, 78, 35, 34,  7, 35,  3,  2,  3,  4,  9,  3,
       30,  6,  2, 35, 85,  6,  2, 36,  3,  2, 35,  3, 77, 43,  3, 60, 74,
       62, 48,  7, 24, 34,  3,  7, 30, 50, 47,  3, 40, 44, 11, 53, 77, 35,
       33, 77, 35,  8, 79, 34, 36, 37, 78, 41,  6, 76, 31,  8, 27, 78, 16,
        4, 77, 49,  3, 36, 79, 78,  9, 34,  4, 34, 34, 14, 28,  3, 48,  1,
        8, 13, 79, 35, 49, 40, 61, 34, 41,  6, 69,  4, 56,  9,  4,  2, 76,
        6, 30, 35,  4, 57, 45,  1, 75, 28,  7,  3, 35, 76,  3, 78,  9,  3,
       29, 36,  1,  3, 44, 48,  2,  6,  2,  3,  2, 67, 75, 81, 10, 39, 77,
        2,  4,  3, 62,  8, 35, 79,  3, 46,  4,  3, 36, 28, 35, 83, 79,  3,
        5, 31,  6, 36,  2, 34,  4, 75, 36, 44, 32, 79, 35,  4, 49,  4,  4,
       77,  7, 73,  8, 51, 36,  4,  5, 48, 77, 39, 36, 34])}, {'ts_index': 51, 'loc': 2, 'gap': 0.04546965442109724, 'distances': array([0.29470843, 0.32176409, 0.34555149, 0.33524304, 0.34336436,
       0.29330026, 0.19438863, 0.33248074, 0.26380714, 0.1628963 ,
       0.28714999, 0.        , 0.23858699, 0.30165491, 0.28628232,
       0.31836273, 0.31188363, 0.27594231, 0.29463102, 0.26618137,
       0.331652  , 0.19849628, 0.33093381, 0.31381322, 0.34181158,
       0.29480064, 0.20665181, 0.31994826, 0.31497872, 0.35635667,
       0.29551255, 0.20461564, 0.17392909, 0.25369577]), 'delta_distances': array([0., 0., 0., 0., 0., 0., 0., 0., 0., 0., 0., 0., 0., 0., 0., 0., 0.,
       0., 0., 0., 0., 0., 0., 0., 0., 0., 0., 0., 0., 0., 0., 0., 0., 0.]), 'locations': array([ 6,  5, 28, 45, 24, 70, 35,  9, 34, 37,  3,  2, 14, 34, 79, 35, 28,
       53, 78, 29, 39, 79,  3,  8, 36, 34, 35, 75, 78, 84, 10, 33,  1,  5])}, {'ts_index': 6, 'loc': 81, 'gap': 0.021150726213517684, 'distances': array([0.18024458, 0.        , 0.23557146, 0.20785552, 0.16945225,
       0.17125803, 0.19153365, 0.21895943, 0.1689576 , 0.20492458,
       0.23173139, 0.21521966, 0.2130645 , 0.13676751, 0.21412233,
       0.1186647 , 0.13290644, 0.21573137, 0.20458252, 0.17026284,
       0.17617008, 0.14729458, 0.1881815 , 0.11797759, 0.20548724,
       0.20460312, 0.21533809]), 'delta_distances': array([0., 0., 0., 0., 0., 0., 0., 0., 0., 0., 0., 0., 0., 0., 0., 0., 0.,
       0., 0., 0., 0., 0., 0., 0., 0., 0., 0.]), 'locations': array([16, 81, 87, 31, 16, 38, 83, 48, 77, 45, 26, 49, 59, 42, 39, 28, 24,
       73, 38, 83, 62, 46, 16, 12, 56, 30, 31])}, {'ts_index': 49, 'loc': 2, 'gap': 0.02561793149697389, 'distances': array([0.11965728, 0.22473507, 0.20016139, 0.24685308, 0.23191591,
       0.25702999, 0.24036125, 0.        , 0.2491892 , 0.19679918,
       0.2577967 , 0.18362562, 0.2637793 , 0.23774141, 0.2691727 ,
       0.26490996, 0.26946688, 0.23654854, 0.24164938, 0.20111819,
       0.13563851]), 'delta_distances': array([0., 0., 0., 0., 0., 0., 0., 0., 0., 0., 0., 0., 0., 0., 0., 0., 0.,
       0., 0., 0., 0.]), 'locations': array([34,  5, 35, 33, 12, 12, 33,  2, 56,  1, 43, 74,  8, 35, 46, 13,  3,
       73,  2, 77, 47])}], 'clusters': array([1, 4, 1, 1, 1, 1, 3, 1, 1, 1, 1, 0, 0, 1, 1, 1, 1, 1, 1, 1, 1, 0,
       1, 1, 1, 0, 1, 1, 1, 1, 1, 2, 0, 1, 1, 1, 1, 0, 1, 1, 2, 1, 1, 1,
       1, 1, 1, 1, 1, 4, 1, 2, 0, 1, 1, 1, 1, 1, 1, 1, 1, 1, 1, 1, 1, 1,
       1, 1, 4, 1, 1, 1, 1, 1, 1, 1, 0, 1, 1, 1, 4, 1, 3, 1, 1, 1, 1, 1,
       1, 1, 1, 1, 1, 1, 1, 1, 1, 0, 1, 1, 1, 1, 1, 1, 3, 1, 1, 1, 1, 1,
       1, 1, 3, 1, 1, 1, 1, 1, 0, 1, 1, 1, 1, 1, 2, 1, 0, 0, 0, 1, 1, 1,
       3, 1, 1, 1, 1, 1, 1, 1, 1, 1, 1, 1, 1, 1, 1, 1, 1, 1, 2, 1, 0, 1,
       3, 1, 1, 1, 1, 1, 1, 1, 1, 1, 1, 1, 1, 0, 1, 1, 1, 0, 1, 1, 1, 1,
       1, 1, 1, 1, 2, 2, 1, 1, 1, 4, 1, 1, 1, 1, 1, 1, 1, 1, 1, 1, 1, 1,
       1, 1]), 'time': 285.57061767578125}
lenSubsequence: 8{'RI': 0.48170854271356783, 'num_clusters': 4, 'uShapelets': [{'ts_index': 74, 'loc': 7, 'gap': 0.10286128920335219, 'distances': array([0.23298957, 0.08825176, 0.09045153, 0.2604699 , 0.24441178,
       0.23976209, 0.26664519, 0.23602479, 0.05791679, 0.20623535,
       0.03746769, 0.24229588, 0.2035013 , 0.22889599, 0.25138287,
       0.03926662, 0.22443404, 0.19373588, 0.22708028, 0.0247783 ,
       0.16852712, 0.25440972, 0.07624183, 0.03837392, 0.07659259,
       0.04823782, 0.07858362, 0.23939946, 0.21500777, 0.12295389,
       0.06214017, 0.25770208, 0.02640192, 0.13180677, 0.2429795 ,
       0.03460558, 0.05621735, 0.2604974 , 0.09605271, 0.20824949,
       0.2560243 , 0.22500173, 0.25925198, 0.02710815, 0.25183377,
       0.0544023 , 0.20336748, 0.24478158, 0.03291696, 0.22204743,
       0.13454578, 0.03648478, 0.1015759 , 0.24693998, 0.24386204,
       0.10210444, 0.07338335, 0.0176575 , 0.26575358, 0.25821708,
       0.12962903, 0.09170996, 0.14656216, 0.2228819 , 0.00906987,
       0.03744995, 0.24489426, 0.24114563, 0.0942656 , 0.05125194,
       0.20496608, 0.07564003, 0.17413394, 0.2549812 , 0.        ,
       0.23634483, 0.2231123 , 0.1860749 , 0.07540139, 0.15283586,
       0.26084766, 0.18306358, 0.19597784, 0.01158242, 0.22573309,
       0.12006089, 0.21097554, 0.10748627, 0.25706201, 0.11334683,
       0.24468768, 0.10861742, 0.02541996, 0.22946385, 0.24981585,
       0.26235697, 0.25889881, 0.02951869, 0.05323711, 0.06968495,
       0.25982835, 0.22563863, 0.19912332, 0.20870872, 0.23524169,
       0.21457805, 0.20719065, 0.25376263, 0.10402983, 0.09042274,
       0.02498844, 0.04135207, 0.21906913, 0.24009951, 0.05802884,
       0.24706297, 0.09378239, 0.21790473, 0.24227707, 0.26676003,
       0.25616123, 0.1497943 , 0.22152526, 0.0998614 , 0.13100832,
       0.24463045, 0.24836003, 0.24521875, 0.24433343, 0.04917076,
       0.01585797, 0.16087953, 0.24932488, 0.03648618, 0.0722438 ,
       0.22250272, 0.09277043, 0.24689149, 0.0338164 , 0.03544085,
       0.16463058, 0.03306265, 0.24911665, 0.03504937, 0.24212457,
       0.25454593, 0.2480887 , 0.09082709, 0.23736772, 0.2493993 ,
       0.18395595, 0.14819948, 0.24747849, 0.26045689, 0.23746743,
       0.18811028, 0.08204352, 0.21432971, 0.24690999, 0.09222539,
       0.2464514 , 0.08200571, 0.03572559, 0.06336074, 0.23442387,
       0.24826045, 0.1448813 , 0.24721159, 0.06298757, 0.25957661,
       0.21742494, 0.08720012, 0.05283548, 0.04752039, 0.04081466,
       0.22507515, 0.21867751, 0.05306072, 0.02397753, 0.21608019,
       0.26574729, 0.09108748, 0.01828516, 0.25890431, 0.25968794,
       0.25237107, 0.23564357, 0.06392646, 0.23500059, 0.05687186,
       0.21786099, 0.09565616, 0.06479475, 0.04575331, 0.23558536,
       0.1596781 , 0.2349611 , 0.25464614, 0.22657137, 0.2475006 ]), 'delta_distances': array([0., 0., 0., 0., 0., 0., 0., 0., 0., 0., 0., 0., 0., 0., 0., 0., 0.,
       0., 0., 0., 0., 0., 0., 0., 0., 0., 0., 0., 0., 0., 0., 0., 0., 0.,
       0., 0., 0., 0., 0., 0., 0., 0., 0., 0., 0., 0., 0., 0., 0., 0., 0.,
       0., 0., 0., 0., 0., 0., 0., 0., 0., 0., 0., 0., 0., 0., 0., 0., 0.,
       0., 0., 0., 0., 0., 0., 0., 0., 0., 0., 0., 0., 0., 0., 0., 0., 0.,
       0., 0., 0., 0., 0., 0., 0., 0., 0., 0., 0., 0., 0., 0., 0., 0., 0.,
       0., 0., 0., 0., 0., 0., 0., 0., 0., 0., 0., 0., 0., 0., 0., 0., 0.,
       0., 0., 0., 0., 0., 0., 0., 0., 0., 0., 0., 0., 0., 0., 0., 0., 0.,
       0., 0., 0., 0., 0., 0., 0., 0., 0., 0., 0., 0., 0., 0., 0., 0., 0.,
       0., 0., 0., 0., 0., 0., 0., 0., 0., 0., 0., 0., 0., 0., 0., 0., 0.,
       0., 0., 0., 0., 0., 0., 0., 0., 0., 0., 0., 0., 0., 0., 0., 0., 0.,
       0., 0., 0., 0., 0., 0., 0., 0., 0., 0., 0., 0., 0.]), 'locations': array([75, 81, 50, 74,  6, 34, 55,  5, 78,  9, 68, 26, 37, 49,  7, 10,  3,
        3, 28, 82, 43, 30,  4,  6,  0, 73,  8,  6, 61, 85,  6,  5, 15, 61,
       27, 46,  3, 29, 87, 11, 87, 35, 60, 70, 74,  8,  6, 42, 86,  3, 78,
       46, 14, 45, 77, 82, 81, 14,  0, 48, 45,  4, 78, 76, 18, 11, 33,  3,
        9,  5, 78,  8, 84, 64,  7, 85, 85,  6,  9,  7, 64,  7, 28, 83,  9,
       40, 77, 50, 87, 86, 77, 41, 14, 76, 49,  6, 60, 17, 75, 82, 10, 25,
        8, 13, 76,  6,  6, 42, 86, 83, 11, 10, 42, 33, 12, 61,  5, 75, 37,
       11, 67,  6, 76, 59, 86, 70, 32, 48,  8,  8,  7,  5, 76,  8,  5, 63,
       74, 33,  9,  7,  9,  9,  3, 14, 33, 62, 59, 72, 34,  5, 80, 83, 33,
       36, 78,  4, 83,  9, 86, 85, 64, 62, 86, 80,  6, 27,  5, 78, 84, 31,
        6, 83, 50,  8, 79,  3,  5, 78, 67,  6,  9, 70, 68,  0, 42, 42, 56,
        9, 30, 80, 54,  3,  9,  7, 39, 11, 82, 78,  4, 34])}, {'ts_index': 121, 'loc': 24, 'gap': 0.1377983094446631, 'distances': array([0.30739388, 0.20556861, 0.22903836, 0.03400728, 0.12281645,
       0.31928313, 0.31391655, 0.31870699, 0.32630824, 0.31111732,
       0.32427421, 0.07298795, 0.07249745, 0.04524255, 0.2295857 ,
       0.32253198, 0.14534328, 0.01892778, 0.32603929, 0.30845191,
       0.03781428, 0.29054947, 0.23861936, 0.34331992, 0.07199449,
       0.31518299, 0.28388325, 0.32594189, 0.19907039, 0.32705104,
       0.27868707, 0.32771651, 0.29044511, 0.24911112, 0.20486909,
       0.31352375, 0.22975584, 0.24733543, 0.27312127, 0.14488844,
       0.13731702, 0.26198907, 0.03356696, 0.30213979, 0.32692457,
       0.31537484, 0.32683552, 0.30373302, 0.034417  , 0.31182444,
       0.30728713, 0.19544679, 0.1978298 , 0.32494283, 0.32381826,
       0.27317891, 0.30147887, 0.29757232, 0.01883194, 0.20612511,
       0.27590073, 0.17076948, 0.19071768, 0.19999751, 0.32369784,
       0.24247333, 0.30124396, 0.00784533, 0.32235402, 0.11476792,
       0.        , 0.22452909, 0.32064701, 0.32346081, 0.27495689,
       0.26449269, 0.28305626, 0.01911579, 0.26889211, 0.32022919,
       0.0998976 , 0.31352569, 0.32008561, 0.20532911, 0.121643  ,
       0.33226737, 0.28752096, 0.05165374, 0.10270923, 0.04912192,
       0.00949971, 0.13413206, 0.20682615, 0.28795431, 0.29308405,
       0.31654567, 0.28091256, 0.29369756, 0.17246444, 0.31451691,
       0.03127986, 0.31771583, 0.14193061, 0.30064354, 0.00484971,
       0.01360493, 0.3175412 , 0.33293634, 0.26847538, 0.24452689,
       0.31963909, 0.32251958, 0.24450163, 0.13067013, 0.17300601,
       0.31845928, 0.2781613 , 0.3147461 ]), 'delta_distances': array([0., 0., 0., 0., 0., 0., 0., 0., 0., 0., 0., 0., 0., 0., 0., 0., 0.,
       0., 0., 0., 0., 0., 0., 0., 0., 0., 0., 0., 0., 0., 0., 0., 0., 0.,
       0., 0., 0., 0., 0., 0., 0., 0., 0., 0., 0., 0., 0., 0., 0., 0., 0.,
       0., 0., 0., 0., 0., 0., 0., 0., 0., 0., 0., 0., 0., 0., 0., 0., 0.,
       0., 0., 0., 0., 0., 0., 0., 0., 0., 0., 0., 0., 0., 0., 0., 0., 0.,
       0., 0., 0., 0., 0., 0., 0., 0., 0., 0., 0., 0., 0., 0., 0., 0., 0.,
       0., 0., 0., 0., 0., 0., 0., 0., 0., 0., 0., 0., 0., 0., 0., 0.]), 'locations': array([77, 49,  5, 22, 34,  3, 13, 83, 18,  6, 73, 47, 22, 17, 42, 36, 17,
       66, 35, 34, 22, 10,  5, 52,  9, 79,  4, 48, 61, 14, 79, 33, 14,  4,
       24, 21,  4, 66, 87, 23, 26, 86, 26,  6,  1,  6,  2, 48, 28, 78, 81,
        5, 10, 71, 79,  9,  2, 34, 36, 80,  3, 40, 49, 20, 76, 68, 75, 14,
       11, 57, 24,  5,  3,  3,  8,  2,  6, 21, 80, 84, 33,  4, 35, 26, 18,
       83,  4, 22, 81, 55, 60, 44, 22, 60, 84, 79,  6, 46, 23, 19, 23, 51,
        7,  4, 26, 60, 87, 87,  7, 72, 80,  5,  6, 13, 13, 41,  4, 85])}, {'ts_index': 106, 'loc': 40, 'gap': 0.1367398023653545, 'distances': array([0.26172944, 0.04554629, 0.1948724 , 0.02100799, 0.23318206,
       0.33203261, 0.31423384, 0.32852827, 0.2623995 , 0.32481888,
       0.17278783, 0.33389727, 0.03432511, 0.24329103, 0.31473143,
       0.31718424, 0.21720901, 0.33827822, 0.23193754, 0.20984174,
       0.25723137, 0.13984802, 0.27420609, 0.17139315, 0.33642449,
       0.30400736, 0.23037071, 0.04344529, 0.2341681 , 0.18755796,
       0.14952596, 0.20991552, 0.03446922, 0.03899117, 0.21637054,
       0.31971847, 0.31927088, 0.31367454, 0.31238862, 0.28421112,
       0.32311774, 0.29386864, 0.17880512, 0.09586223, 0.31563527,
       0.3127918 , 0.24067314, 0.32331655, 0.33211017, 0.13580939,
       0.1989799 , 0.        , 0.02778608, 0.03633379, 0.31477781,
       0.16049523, 0.24220297, 0.26575096, 0.06614744, 0.20542836,
       0.32199418, 0.33157668, 0.25172086, 0.26472473, 0.27224042,
       0.23944753, 0.33301663, 0.32014148, 0.27394294, 0.04265777,
       0.05737632, 0.33698724, 0.19897749, 0.04096961, 0.0476692 ,
       0.33361996, 0.25575558, 0.27564646, 0.29981547, 0.32330628,
       0.01776818, 0.33046713, 0.33322637, 0.13977299, 0.20800845,
       0.25513097, 0.26399759, 0.23472876, 0.21092454, 0.32442428,
       0.24175045, 0.22759437, 0.22266173, 0.01553809, 0.32888161,
       0.28021547, 0.26781534]), 'delta_distances': array([0., 0., 0., 0., 0., 0., 0., 0., 0., 0., 0., 0., 0., 0., 0., 0., 0.,
       0., 0., 0., 0., 0., 0., 0., 0., 0., 0., 0., 0., 0., 0., 0., 0., 0.,
       0., 0., 0., 0., 0., 0., 0., 0., 0., 0., 0., 0., 0., 0., 0., 0., 0.,
       0., 0., 0., 0., 0., 0., 0., 0., 0., 0., 0., 0., 0., 0., 0., 0., 0.,
       0., 0., 0., 0., 0., 0., 0., 0., 0., 0., 0., 0., 0., 0., 0., 0., 0.,
       0., 0., 0., 0., 0., 0., 0., 0., 0., 0., 0., 0.]), 'locations': array([ 4, 49,  5, 30,  3, 15, 71, 38,  6, 24, 42, 57, 17,  4, 70,  7,  5,
       79,  5,  4,  4, 61,  9, 79, 73, 14,  0, 24,  4,  4, 66, 81, 23, 26,
       86, 12, 80,  4, 34, 41, 82, 82,  5, 10, 74, 74,  9,  7, 56, 80,  3,
       40, 49, 20, 62, 68,  4,  8, 57,  5, 86, 37,  8,  2, 76, 80, 61, 84,
       32, 26, 18, 11,  4, 44, 22, 46, 87,  5,  4, 33, 23, 39, 59,  7,  4,
       87,  9,  7, 57, 40,  9,  6, 13, 13, 85,  7,  4])}], 'clusters': array([0, 1, 1, 3, 0, 2, 3, 0, 1, 0, 1, 0, 0, 0, 0, 1, 2, 2, 2, 1, 0, 0,
       1, 1, 1, 1, 1, 3, 2, 1, 1, 0, 1, 1, 0, 1, 1, 2, 1, 0, 0, 0, 2, 1,
       0, 1, 0, 0, 1, 0, 1, 1, 1, 0, 0, 1, 1, 1, 0, 0, 1, 1, 0, 3, 1, 1,
       0, 0, 1, 1, 0, 1, 0, 3, 1, 3, 0, 2, 1, 0, 0, 0, 0, 1, 0, 1, 2, 1,
       0, 1, 0, 1, 1, 0, 3, 0, 0, 1, 1, 1, 0, 0, 0, 2, 3, 0, 3, 3, 1, 1,
       1, 1, 3, 0, 1, 0, 1, 0, 2, 0, 3, 2, 0, 1, 1, 0, 0, 0, 0, 1, 1, 0,
       2, 1, 1, 0, 1, 0, 1, 1, 2, 1, 0, 1, 0, 3, 3, 1, 0, 0, 2, 2, 2, 2,
       3, 3, 1, 0, 0, 1, 0, 1, 1, 1, 0, 0, 3, 0, 1, 2, 0, 1, 1, 1, 1, 0,
       0, 1, 1, 2, 2, 1, 1, 0, 0, 0, 0, 1, 0, 1, 0, 1, 1, 1, 0, 0, 3, 0,
       0, 0]), 'time': 530.6817655563354}
lenSubsequence: 9{'RI': 0.5218090452261307, 'num_clusters': 2, 'uShapelets': [{'ts_index': 180, 'loc': 15, 'gap': 0.1059702643637789, 'distances': array([0.29667908, 0.19279811, 0.15216682, 0.29112145, 0.00559621,
       0.15215048, 0.26341183, 0.21354983, 0.29699204, 0.20629828,
       0.27727979, 0.28893112, 0.28107104, 0.2768019 , 0.29569379,
       0.21108057, 0.19743225, 0.25125182, 0.28972737, 0.21165135,
       0.20502601, 0.29212112, 0.29284604, 0.19812164, 0.16468327,
       0.20911907, 0.3000491 , 0.2782757 , 0.29642133, 0.19123377,
       0.0122645 , 0.27382635, 0.18941002, 0.11034172, 0.27897798,
       0.21467384, 0.13424427, 0.03521148, 0.28605811, 0.28498849,
       0.21285416, 0.30222064, 0.29638453, 0.09378894, 0.22182381,
       0.25143132, 0.20085733, 0.01398097, 0.00820315, 0.22027858,
       0.00290563, 0.17364642, 0.19166243, 0.25216844, 0.13001735,
       0.11403617, 0.0145314 , 0.28749369, 0.18871592, 0.03347945,
       0.20232379, 0.24257319, 0.20057174, 0.03482868, 0.07779506,
       0.22649173, 0.22523853, 0.16806409, 0.24115602, 0.15678113,
       0.22042069, 0.25320489, 0.02116088, 0.13741109, 0.28765013,
       0.26632669, 0.06807556, 0.01202189, 0.20731669, 0.28512134,
       0.28641608, 0.2105719 , 0.2798841 , 0.17909376, 0.2564293 ,
       0.01052925, 0.151     , 0.29788633, 0.28823521, 0.22076426,
       0.13244294, 0.24170043, 0.21225102, 0.15512332, 0.2723457 ,
       0.27484142, 0.29621818, 0.23410315, 0.17019333, 0.1051106 ,
       0.22111819, 0.27762268, 0.30414472, 0.13584865, 0.27226208,
       0.1682285 , 0.03465117, 0.21177883, 0.16551   , 0.17489608,
       0.21277727, 0.16091427, 0.27186043, 0.27491827, 0.1889549 ,
       0.29291443, 0.28388406, 0.22291019, 0.14022195, 0.23215852,
       0.26859818, 0.14668676, 0.18231433, 0.12466182, 0.01054349,
       0.02111873, 0.14558531, 0.30086318, 0.28150218, 0.19061325,
       0.15376544, 0.14467425, 0.01776833, 0.2546743 , 0.20508206,
       0.18517938, 0.113469  , 0.29181742, 0.16912524, 0.19093361,
       0.2389616 , 0.0391441 , 0.27698299, 0.29669506, 0.28683129,
       0.28535226, 0.01548334, 0.15579906, 0.29488154, 0.2356208 ,
       0.17014431, 0.23855125, 0.09795409, 0.02648806, 0.28685142,
       0.00825518, 0.28756582, 0.21833381, 0.29873845, 0.21081286,
       0.29641537, 0.13645102, 0.20398424, 0.12172063, 0.15362153,
       0.01668662, 0.25079321, 0.02173698, 0.01406821, 0.28734833,
       0.30673303, 0.25687192, 0.03803451, 0.18986161, 0.02180811,
       0.2687681 , 0.19212578, 0.17571208, 0.29666753, 0.17710289,
       0.        , 0.28904338, 0.20245783, 0.30090374, 0.20889396,
       0.20544834, 0.19391851, 0.22818621, 0.28793017, 0.20640872,
       0.3051857 , 0.02004882, 0.14765601, 0.06156716, 0.22300997,
       0.134288  , 0.15751484, 0.30310694, 0.25266799, 0.23965129]), 'delta_distances': array([0., 0., 0., 0., 0., 0., 0., 0., 0., 0., 0., 0., 0., 0., 0., 0., 0.,
       0., 0., 0., 0., 0., 0., 0., 0., 0., 0., 0., 0., 0., 0., 0., 0., 0.,
       0., 0., 0., 0., 0., 0., 0., 0., 0., 0., 0., 0., 0., 0., 0., 0., 0.,
       0., 0., 0., 0., 0., 0., 0., 0., 0., 0., 0., 0., 0., 0., 0., 0., 0.,
       0., 0., 0., 0., 0., 0., 0., 0., 0., 0., 0., 0., 0., 0., 0., 0., 0.,
       0., 0., 0., 0., 0., 0., 0., 0., 0., 0., 0., 0., 0., 0., 0., 0., 0.,
       0., 0., 0., 0., 0., 0., 0., 0., 0., 0., 0., 0., 0., 0., 0., 0., 0.,
       0., 0., 0., 0., 0., 0., 0., 0., 0., 0., 0., 0., 0., 0., 0., 0., 0.,
       0., 0., 0., 0., 0., 0., 0., 0., 0., 0., 0., 0., 0., 0., 0., 0., 0.,
       0., 0., 0., 0., 0., 0., 0., 0., 0., 0., 0., 0., 0., 0., 0., 0., 0.,
       0., 0., 0., 0., 0., 0., 0., 0., 0., 0., 0., 0., 0., 0., 0., 0., 0.,
       0., 0., 0., 0., 0., 0., 0., 0., 0., 0., 0., 0., 0.]), 'locations': array([67, 79, 84, 77, 31, 81, 29,  4, 57, 10, 61,  1, 21, 39,  6,  9,  3,
       20, 84, 81, 39, 27, 82, 84, 69, 72, 37,  3, 81, 81, 22,  8, 11, 66,
       69,  7, 20, 24, 84, 10, 80, 74, 56, 86,  5,  6,  4, 55, 19, 82, 22,
       76, 11,  9, 77, 85, 21, 55, 10, 31, 42,  4,  4, 18, 41,  9,  4,  4,
        6, 83, 67, 77, 12, 66,  3, 81, 14, 24,  4,  8, 66,  7, 34, 83, 35,
       23, 17, 10, 82,  4, 81, 39, 12,  5,  6, 16, 86, 15, 76, 24,  8, 48,
        9, 35, 78,  3, 67,  7, 82, 14,  6,  8, 41, 86, 12,  4,  6, 75, 13,
        8, 56, 23,  5, 56, 21, 18, 60, 59,  8, 79, 82, 25, 53, 86,  7, 65,
       72, 60, 35, 82, 11, 42, 83, 84, 85, 82, 19, 31, 66,  3, 77, 84, 54,
       48, 62, 23, 39,  9, 66,  4, 49, 53, 85,  5,  6, 14,  4, 66, 19, 84,
       23, 80, 30, 57, 15,  4,  4,  6, 58, 25, 15, 31,  5, 68,  9,  7, 59,
       81,  5, 78,  9, 29,  7, 85,  5, 10, 79, 50,  7,  4])}], 'clusters': array([0, 0, 0, 0, 1, 0, 0, 0, 0, 0, 0, 0, 0, 0, 0, 0, 0, 0, 0, 0, 0, 0,
       0, 0, 0, 0, 0, 0, 0, 0, 1, 0, 0, 1, 0, 0, 0, 1, 0, 0, 0, 0, 0, 1,
       0, 0, 0, 1, 1, 0, 1, 0, 0, 0, 0, 0, 1, 0, 0, 1, 0, 0, 0, 1, 1, 0,
       0, 0, 0, 0, 0, 0, 1, 0, 0, 0, 1, 1, 0, 0, 0, 0, 0, 0, 0, 1, 0, 0,
       0, 0, 0, 0, 0, 0, 0, 0, 0, 0, 0, 1, 0, 0, 0, 0, 0, 0, 1, 0, 0, 0,
       0, 0, 0, 0, 0, 0, 0, 0, 0, 0, 0, 0, 0, 0, 1, 1, 0, 0, 0, 0, 0, 0,
       1, 0, 0, 0, 1, 0, 0, 0, 0, 1, 0, 0, 0, 0, 1, 0, 0, 0, 0, 0, 1, 1,
       0, 1, 0, 0, 0, 0, 0, 0, 0, 0, 0, 1, 0, 1, 1, 0, 0, 0, 1, 0, 1, 0,
       0, 0, 0, 0, 1, 0, 0, 0, 0, 0, 0, 0, 0, 0, 0, 1, 0, 1, 0, 0, 0, 0,
       0, 0]), 'time': 532.6553454399109}
