lenSubsequence: 12{'RI': 0.4990452261306533, 'num_clusters': 7, 'uShapelets': [{'ts_index': 73, 'loc': 272, 'gap': 0.03740993832307862, 'distances': array([0.12912359, 0.03974212, 0.15671585, 0.09981648, 0.03999604,
       0.10098126, 0.13939597, 0.14131464, 0.09839941, 0.16406271,
       0.12180435, 0.12638213, 0.12252401, 0.03906037, 0.12395998,
       0.12376922, 0.05772808, 0.14164386, 0.08087407, 0.16272   ,
       0.06387359, 0.13895149, 0.11562578, 0.03499356, 0.13958451,
       0.09551048, 0.16709559, 0.14591004, 0.05007882, 0.10139409,
       0.15998095, 0.13012395, 0.14968679, 0.12667379, 0.11844336,
       0.10187895, 0.15098414, 0.13117686, 0.12691081, 0.05865663,
       0.14436773, 0.06256995, 0.09616786, 0.14666677, 0.04963319,
       0.0971667 , 0.10204536, 0.13972395, 0.14342177, 0.14202064,
       0.05837841, 0.12501717, 0.14491675, 0.11949863, 0.12794153,
       0.12506297, 0.08900488, 0.15070393, 0.15122552, 0.0888482 ,
       0.11979711, 0.04343521, 0.15281311, 0.12155093, 0.05663145,
       0.07884251, 0.08500991, 0.1576429 , 0.05321233, 0.13977642,
       0.12859767, 0.16222256, 0.16772476, 0.        , 0.15379902,
       0.06505238, 0.06921878, 0.05349487, 0.07586252, 0.14543461,
       0.17624642, 0.13450398, 0.05257271, 0.03852205, 0.07656392,
       0.12591335, 0.12721656, 0.13751986, 0.10566615, 0.11577895,
       0.14634529, 0.12752106, 0.05731851, 0.09542528, 0.11947674,
       0.0901576 , 0.08554064, 0.16056863, 0.13732843, 0.11722109,
       0.1222451 , 0.09235867, 0.08670136, 0.05612279, 0.12710165,
       0.10554803, 0.09585617, 0.04179444, 0.12352801, 0.14743185,
       0.11587789, 0.05610048, 0.13626442, 0.11963096, 0.10940191,
       0.15543748, 0.13404463, 0.12221305, 0.05206579, 0.12416954,
       0.13026553, 0.16219636, 0.13255459, 0.14701602, 0.11959796,
       0.11242809, 0.05821432, 0.16527594, 0.09205197, 0.08223711,
       0.11417104, 0.1154792 , 0.14045147, 0.04759717, 0.15772414,
       0.05473485, 0.1558093 , 0.09870833, 0.1108605 , 0.13952   ,
       0.14192169, 0.08393752, 0.15258157, 0.06554711, 0.09265286,
       0.05612911, 0.10048494, 0.1325063 , 0.12652941, 0.1265924 ,
       0.11416071, 0.12832161, 0.12543298, 0.11845916, 0.13536743,
       0.05853031, 0.1626693 , 0.10609894, 0.10175382, 0.1257744 ,
       0.1292439 , 0.1481753 , 0.16351846, 0.12279292, 0.09035471,
       0.12935949, 0.11872181, 0.12590668, 0.14596467, 0.14671897,
       0.14377527, 0.12596982, 0.06270531, 0.09113223, 0.12149324,
       0.06298844, 0.13610715, 0.04677201, 0.14716387, 0.07403466,
       0.10913341, 0.16180499, 0.09365088, 0.12828583, 0.14445327,
       0.06005947, 0.0773982 , 0.0950404 , 0.10466247, 0.10213523,
       0.12152571, 0.08652344, 0.12133677, 0.0369292 , 0.10605176,
       0.14207777, 0.11682444, 0.15974209, 0.14655948, 0.15174424]), 'delta_distances': array([0., 0., 0., 0., 0., 0., 0., 0., 0., 0., 0., 0., 0., 0., 0., 0., 0.,
       0., 0., 0., 0., 0., 0., 0., 0., 0., 0., 0., 0., 0., 0., 0., 0., 0.,
       0., 0., 0., 0., 0., 0., 0., 0., 0., 0., 0., 0., 0., 0., 0., 0., 0.,
       0., 0., 0., 0., 0., 0., 0., 0., 0., 0., 0., 0., 0., 0., 0., 0., 0.,
       0., 0., 0., 0., 0., 0., 0., 0., 0., 0., 0., 0., 0., 0., 0., 0., 0.,
       0., 0., 0., 0., 0., 0., 0., 0., 0., 0., 0., 0., 0., 0., 0., 0., 0.,
       0., 0., 0., 0., 0., 0., 0., 0., 0., 0., 0., 0., 0., 0., 0., 0., 0.,
       0., 0., 0., 0., 0., 0., 0., 0., 0., 0., 0., 0., 0., 0., 0., 0., 0.,
       0., 0., 0., 0., 0., 0., 0., 0., 0., 0., 0., 0., 0., 0., 0., 0., 0.,
       0., 0., 0., 0., 0., 0., 0., 0., 0., 0., 0., 0., 0., 0., 0., 0., 0.,
       0., 0., 0., 0., 0., 0., 0., 0., 0., 0., 0., 0., 0., 0., 0., 0., 0.,
       0., 0., 0., 0., 0., 0., 0., 0., 0., 0., 0., 0., 0.]), 'locations': array([263, 464, 300, 119,  77, 123,  37, 195, 434,  38, 117,  78,  14,
       254,  74, 374, 263, 156,   5, 389, 232,  64, 444, 392, 471,  24,
        45, 174, 264, 471, 120, 423, 459, 247, 268, 372, 339, 457, 230,
       124,  47, 195, 436, 249, 229, 163, 330,   6, 411, 424,  43, 171,
       140, 155,  80, 459, 486, 128, 352, 100, 172, 305, 296, 242, 469,
       310, 203, 175, 328,  27, 148, 107, 417, 272, 243, 477, 373,  60,
       135, 450, 468, 134,  71, 288, 329, 251, 262, 245,  43, 117,  50,
       444, 310, 223, 153, 124, 363, 238, 239, 477, 429, 478, 424,  86,
       101, 432,  74, 393,  30, 121, 266,  39,  11,  40, 146, 139, 137,
        66, 212, 459, 230,  30, 126, 238, 255, 406,   9, 106, 274, 177,
       335, 288,  93, 421, 188, 206, 123, 326, 321, 263, 203, 446, 255,
       400, 296, 370, 144, 475, 404,  13, 417, 471, 456, 111, 466, 311,
       108,  93, 113,  17, 153, 384, 344,  30, 116, 415,  74, 356, 452,
       192, 419, 349,  79, 238,  84, 153,  86, 335, 329, 454,  78, 469,
       373, 377, 399, 363, 425, 156, 302, 163, 127, 184,  12, 319,  75,
       140,  56, 130, 214, 416])}, {'ts_index': 186, 'loc': 408, 'gap': 0.03406047572092778, 'distances': array([0.1353537 , 0.11036235, 0.09115837, 0.16277557, 0.12092983,
       0.11512106, 0.16481346, 0.06184323, 0.07131626, 0.14902113,
       0.09320121, 0.05358024, 0.12507912, 0.11802422, 0.1555688 ,
       0.13641077, 0.04246423, 0.1664792 , 0.16004492, 0.04546251,
       0.12854585, 0.07269477, 0.05328119, 0.12006018, 0.11613509,
       0.15778061, 0.15183215, 0.13405814, 0.1336866 , 0.12112616,
       0.05783397, 0.1332142 , 0.13967702, 0.1421331 , 0.06796537,
       0.12863285, 0.11835524, 0.14808881, 0.15995894, 0.10781155,
       0.0983537 , 0.10857807, 0.09180691, 0.12786391, 0.11997867,
       0.10885676, 0.14829248, 0.17263882, 0.10785146, 0.14685093,
       0.05618955, 0.12739816, 0.15580439, 0.08213447, 0.12942495,
       0.1655914 , 0.14090428, 0.14344553, 0.15489374, 0.14959652,
       0.10229377, 0.1532542 , 0.07997362, 0.14434767, 0.13113694,
       0.1603041 , 0.10612004, 0.12684589, 0.13096504, 0.0733038 ,
       0.1393354 , 0.16731196, 0.16645959, 0.04438267, 0.04919336,
       0.09701702, 0.13173198, 0.13075717, 0.15304374, 0.10810537,
       0.06855155, 0.12753034, 0.10707402, 0.06514785, 0.15799489,
       0.16601876, 0.08877368, 0.1260945 , 0.15768241, 0.15791311,
       0.1437958 , 0.15474743, 0.16317675, 0.09989224, 0.15531799,
       0.12868118, 0.05251128, 0.13566064, 0.08489184, 0.10218346,
       0.1362459 , 0.16792014, 0.14701053, 0.11051372, 0.13443514,
       0.11731415, 0.07580547, 0.11744878, 0.08021464, 0.12899252,
       0.13925942, 0.13467802, 0.09723554, 0.14789843, 0.07105973,
       0.1293291 , 0.0737072 , 0.13648536, 0.05532556, 0.08626795,
       0.13789809, 0.15749553, 0.15049079, 0.06840237, 0.05835936,
       0.15248606, 0.13978105, 0.12955278, 0.12790404, 0.1407108 ,
       0.07867138, 0.12370505, 0.16443   , 0.14170729, 0.05835674,
       0.15644387, 0.1647347 , 0.12521048, 0.09984292, 0.140586  ,
       0.15881995, 0.13159183, 0.09144059, 0.1519689 , 0.09268331,
       0.11814431, 0.13301503, 0.12583041, 0.1398072 , 0.15021165,
       0.1509057 , 0.09401885, 0.        , 0.10704064, 0.04110493,
       0.12633947, 0.10364495, 0.1544201 , 0.14651666, 0.10610638,
       0.07178315, 0.12875962, 0.14130594, 0.12824109, 0.12687981]), 'delta_distances': array([0., 0., 0., 0., 0., 0., 0., 0., 0., 0., 0., 0., 0., 0., 0., 0., 0.,
       0., 0., 0., 0., 0., 0., 0., 0., 0., 0., 0., 0., 0., 0., 0., 0., 0.,
       0., 0., 0., 0., 0., 0., 0., 0., 0., 0., 0., 0., 0., 0., 0., 0., 0.,
       0., 0., 0., 0., 0., 0., 0., 0., 0., 0., 0., 0., 0., 0., 0., 0., 0.,
       0., 0., 0., 0., 0., 0., 0., 0., 0., 0., 0., 0., 0., 0., 0., 0., 0.,
       0., 0., 0., 0., 0., 0., 0., 0., 0., 0., 0., 0., 0., 0., 0., 0., 0.,
       0., 0., 0., 0., 0., 0., 0., 0., 0., 0., 0., 0., 0., 0., 0., 0., 0.,
       0., 0., 0., 0., 0., 0., 0., 0., 0., 0., 0., 0., 0., 0., 0., 0., 0.,
       0., 0., 0., 0., 0., 0., 0., 0., 0., 0., 0., 0., 0., 0., 0., 0., 0.,
       0., 0., 0., 0., 0., 0., 0., 0., 0., 0., 0., 0.]), 'locations': array([196, 359, 247, 420,  44, 291, 119,  52,  81,  79, 255,  58, 142,
        82, 156, 163, 148, 454, 389, 155, 420, 111, 453, 238, 425, 113,
       487, 174, 198, 283, 346, 400, 458, 318, 460,  11, 353, 452, 246,
       416, 193,  83, 156, 444, 310, 233, 439, 193, 183, 173, 359, 400,
       152,  91, 171, 401, 199, 307, 391, 398, 346, 436, 163, 393, 483,
       354, 476, 345, 102, 401, 303, 236, 393, 225, 150, 108, 182, 119,
       423, 192, 334, 386, 420, 356, 193, 102, 184, 220, 355,  92, 309,
        81, 432, 293, 458,  56, 294, 331, 428, 361, 148, 221, 379, 190,
       374,  85, 244,   0, 164, 189, 102, 273, 475, 392, 168,  24, 298,
       425, 187, 477, 275,  19, 371, 176, 483, 315, 471, 143, 311, 141,
       112, 179, 303, 468, 134,  99, 448, 194,  75, 379,   4, 449, 243,
       381, 286, 315, 320,  28,  71, 476, 177, 142, 408, 159,  80, 216,
       401, 310, 265, 441, 309, 470, 292,  14, 212])}, {'ts_index': 6, 'loc': 454, 'gap': 0.031129862998457172, 'distances': array([0.15644279, 0.14986872, 0.06600297, 0.05860381, 0.        ,
       0.13769403, 0.12906873, 0.14626985, 0.05473211, 0.1640129 ,
       0.15048853, 0.0643769 , 0.12646512, 0.05761021, 0.15057215,
       0.13860886, 0.06482163, 0.13970714, 0.05839242, 0.13521881,
       0.11017342, 0.11097493, 0.06105485, 0.16477749, 0.07383409,
       0.06931294, 0.0722108 , 0.10570891, 0.05929251, 0.05894461,
       0.06684232, 0.09080492, 0.08595674, 0.08799569, 0.11126359,
       0.13340582, 0.15297731, 0.05182974, 0.14608476, 0.13012132,
       0.1446207 , 0.15507921, 0.1384387 , 0.14840657, 0.10497728,
       0.14165716, 0.06028509, 0.06952319, 0.05860904, 0.09083127,
       0.14051907, 0.08464183, 0.09714678, 0.14793764, 0.14391028,
       0.14846652, 0.07079256, 0.15331012, 0.12570035, 0.17305689,
       0.14903521, 0.04778698, 0.09820097, 0.1373349 , 0.09603062,
       0.0488578 , 0.13104234, 0.11613202, 0.1293274 , 0.15616831,
       0.09971439, 0.08431131, 0.04851035, 0.14688506, 0.08931726,
       0.15765294, 0.11748952, 0.11037659, 0.04747884, 0.0810351 ,
       0.1237948 , 0.06949377, 0.13931063, 0.14610167, 0.11392377,
       0.06597945, 0.14129159, 0.10615138, 0.07456494, 0.06456442,
       0.14488205, 0.13499061, 0.05146063, 0.04897513, 0.1206808 ,
       0.12223706, 0.135116  , 0.04943787, 0.08146128, 0.11591238,
       0.07227012, 0.07794192, 0.14355316, 0.11242721, 0.0601648 ,
       0.1377253 , 0.05441436, 0.13102544, 0.09261408, 0.06470153,
       0.14120171, 0.12566892, 0.09523678, 0.15672938, 0.08495584,
       0.10065638, 0.14713653, 0.12707108, 0.05732838, 0.16148247,
       0.14645223, 0.12757319, 0.08210803, 0.11268644, 0.12322931,
       0.11940069, 0.13726047, 0.14018533, 0.07509411, 0.06247322,
       0.07710829, 0.10575684, 0.12957338, 0.07293097, 0.10198528,
       0.09027921]), 'delta_distances': array([0., 0., 0., 0., 0., 0., 0., 0., 0., 0., 0., 0., 0., 0., 0., 0., 0.,
       0., 0., 0., 0., 0., 0., 0., 0., 0., 0., 0., 0., 0., 0., 0., 0., 0.,
       0., 0., 0., 0., 0., 0., 0., 0., 0., 0., 0., 0., 0., 0., 0., 0., 0.,
       0., 0., 0., 0., 0., 0., 0., 0., 0., 0., 0., 0., 0., 0., 0., 0., 0.,
       0., 0., 0., 0., 0., 0., 0., 0., 0., 0., 0., 0., 0., 0., 0., 0., 0.,
       0., 0., 0., 0., 0., 0., 0., 0., 0., 0., 0., 0., 0., 0., 0., 0., 0.,
       0., 0., 0., 0., 0., 0., 0., 0., 0., 0., 0., 0., 0., 0., 0., 0., 0.,
       0., 0., 0., 0., 0., 0., 0., 0., 0., 0., 0., 0., 0., 0., 0., 0., 0.]), 'locations': array([241, 293, 349,  10, 454, 169,  60, 118, 274,  65,  20,  42, 193,
       169,  12,  75, 276, 273,  78, 108, 248, 148, 201, 184, 225, 229,
       460, 176,  92, 325,  80, 316,   7, 117, 349, 256, 312, 115, 400,
       121, 284, 271, 212, 227, 196, 174,  48, 310, 461, 392, 155, 291,
       413, 286, 118, 365,  52, 379, 420, 439, 184, 303, 346, 472, 454,
        99, 367, 239, 382, 469, 479, 183, 170, 486, 466,  72,  35, 281,
       298,  92, 375, 394, 260, 475,  74, 167, 236, 119, 159, 462,  85,
       410, 332, 418, 417, 257, 454, 455, 382, 312,  67, 190, 179, 442,
       320, 131, 368, 227, 206, 338, 318, 305, 235, 364, 444, 282, 476,
         9, 451, 131, 381, 345, 433,  18, 108, 305, 473,   7, 467, 223,
       366, 383, 196, 393,  29, 217])}, {'ts_index': 34, 'loc': 379, 'gap': 0.03602148965832523, 'distances': array([0.04764437, 0.12777269, 0.14422855, 0.06665804, 0.10012921,
       0.07338567, 0.14424807, 0.14332591, 0.07051656, 0.12447798,
       0.14617164, 0.13762623, 0.        , 0.04650854, 0.08316486,
       0.03637129, 0.1654517 , 0.14136356, 0.13659264, 0.14035754,
       0.1284561 , 0.06247721, 0.13820754, 0.1403422 , 0.14369462,
       0.11644028, 0.14566951, 0.07714811, 0.12789539, 0.13075156,
       0.07444861, 0.09877637, 0.08681954, 0.16215488, 0.07444023,
       0.13646006, 0.07205464, 0.15113167, 0.04774951, 0.10529416,
       0.03142415, 0.11482305, 0.13035691, 0.11833907, 0.14540657,
       0.09367017, 0.14808394, 0.13643479, 0.1306658 , 0.04444115,
       0.13627578, 0.09505911, 0.1563342 , 0.14759547, 0.16012334,
       0.1496962 , 0.16109254, 0.12895329, 0.14344361, 0.02745795,
       0.15567463, 0.12034513, 0.09932035, 0.13181771, 0.07098251,
       0.02926604, 0.07415622, 0.04609194, 0.09287933, 0.14690165,
       0.15545789, 0.1493235 , 0.09588735, 0.1420294 , 0.05905352,
       0.06240724, 0.09165655, 0.14057037]), 'delta_distances': array([0., 0., 0., 0., 0., 0., 0., 0., 0., 0., 0., 0., 0., 0., 0., 0., 0.,
       0., 0., 0., 0., 0., 0., 0., 0., 0., 0., 0., 0., 0., 0., 0., 0., 0.,
       0., 0., 0., 0., 0., 0., 0., 0., 0., 0., 0., 0., 0., 0., 0., 0., 0.,
       0., 0., 0., 0., 0., 0., 0., 0., 0., 0., 0., 0., 0., 0., 0., 0., 0.,
       0., 0., 0., 0., 0., 0., 0., 0., 0., 0.]), 'locations': array([ 92, 109, 452,  80, 317, 402, 252, 129,  69, 328, 266, 321, 379,
       179, 425, 408, 151, 143, 466, 169, 241,  70, 211, 343, 440, 189,
       266, 272, 184, 395, 145, 143, 384, 291,  55, 343, 153,  89, 109,
        91, 285,  39, 387, 394, 311,  28,  63, 161, 453, 452,  87,  70,
         6, 330, 429, 340, 180, 161, 237, 241, 377,  25,  50, 404, 140,
       276, 225, 198, 207, 303,  46, 220, 482, 415, 400,  79, 105, 202])}, {'ts_index': 55, 'loc': 87, 'gap': 0.030156898907852447, 'distances': array([0.07353426, 0.10748453, 0.13777447, 0.06850346, 0.05069605,
       0.08775595, 0.10258121, 0.03558183, 0.11179986, 0.        ,
       0.12830713, 0.09730589, 0.05708576, 0.13603515, 0.04279457,
       0.03292095, 0.10252996, 0.13775186, 0.04403477, 0.13202579,
       0.07498006, 0.14692571, 0.06593996, 0.10328454, 0.0619786 ,
       0.08472861, 0.06048038, 0.08535232, 0.06026572, 0.10730585,
       0.0961043 , 0.06743957, 0.1220566 , 0.14569933, 0.08021779,
       0.05475821, 0.05402139, 0.12360472, 0.10737039, 0.08952939,
       0.13921931, 0.06777684, 0.13332153, 0.04726297, 0.09712952,
       0.06716939, 0.09117019, 0.07564357, 0.09233779, 0.06577381,
       0.04816876, 0.06852452, 0.06950682, 0.10145983, 0.05501873]), 'delta_distances': array([0., 0., 0., 0., 0., 0., 0., 0., 0., 0., 0., 0., 0., 0., 0., 0., 0.,
       0., 0., 0., 0., 0., 0., 0., 0., 0., 0., 0., 0., 0., 0., 0., 0., 0.,
       0., 0., 0., 0., 0., 0., 0., 0., 0., 0., 0., 0., 0., 0., 0., 0., 0.,
       0., 0., 0., 0.]), 'locations': array([ 25,  49,  40, 341, 486, 485, 296, 358, 361,  87, 361, 287, 396,
       463,  94, 141, 256,  32, 400, 451, 449, 112, 227,  22, 204, 234,
       401, 244, 435, 136, 303,  27, 464, 207, 238, 143, 470, 485, 467,
       328, 434, 191, 396, 311, 410, 451, 427, 483, 476, 427,  67, 209,
       284, 208, 279])}, {'ts_index': 150, 'loc': 192, 'gap': 0.04435292164065721, 'distances': array([0.09894211, 0.15502518, 0.06036508, 0.14561935, 0.13922341,
       0.14077992, 0.15424224, 0.12190013, 0.        , 0.06881055]), 'delta_distances': array([0., 0., 0., 0., 0., 0., 0., 0., 0., 0.]), 'locations': array([450,  42, 139, 451, 263, 176, 363, 406, 192,  71])}, {'ts_index': 69, 'loc': 12, 'gap': 0.05202189724764349, 'distances': array([0.04383018, 0.06691132, 0.        , 0.12014433, 0.05530635,
       0.13846793, 0.05711606]), 'delta_distances': array([0., 0., 0., 0., 0., 0., 0.]), 'locations': array([ 80, 288,  12, 343,  61,   3, 241])}], 'clusters': array([4, 1, 5, 3, 1, 3, 3, 5, 4, 2, 2, 7, 3, 1, 2, 4, 1, 5, 3, 5, 1, 2,
       3, 1, 4, 2, 5, 2, 1, 2, 3, 5, 3, 5, 4, 4, 3, 2, 4, 1, 3, 1, 3, 2,
       1, 3, 4, 3, 3, 3, 1, 3, 3, 3, 5, 5, 7, 3, 5, 5, 4, 1, 2, 6, 1, 5,
       5, 5, 1, 7, 3, 3, 3, 1, 3, 1, 4, 1, 3, 2, 3, 5, 1, 1, 0, 4, 3, 5,
       2, 7, 5, 4, 1, 2, 2, 3, 3, 5, 3, 3, 2, 4, 5, 1, 2, 4, 5, 1, 4, 3,
       3, 1, 5, 3, 5, 5, 5, 3, 1, 3, 2, 5, 3, 5, 5, 0, 1, 3, 4, 5, 3, 2,
       3, 1, 2, 1, 5, 5, 3, 3, 7, 2, 5, 1, 2, 1, 5, 2, 3, 3, 6, 3, 2, 2,
       3, 1, 5, 6, 3, 4, 2, 3, 5, 3, 2, 3, 5, 5, 3, 5, 3, 4, 1, 4, 4, 1,
       3, 1, 4, 5, 5, 3, 5, 5, 5, 1, 2, 5, 2, 4, 3, 3, 3, 1, 4, 2, 5, 3,
       5, 3]), 'time': 25103.15313386917}
lenSubsequence: 13{'RI': 0.501859296482412, 'num_clusters': 9, 'uShapelets': [{'ts_index': 76, 'loc': 271, 'gap': 0.03094610035649551, 'distances': array([0.11480026, 0.0255478 , 0.12647573, 0.08984395, 0.11806213,
       0.10285275, 0.07681526, 0.10258801, 0.09357834, 0.07596885,
       0.05866123, 0.02207441, 0.12553637, 0.11496121, 0.14055613,
       0.07605073, 0.11594003, 0.05915516, 0.07670798, 0.1082954 ,
       0.1324774 , 0.04716457, 0.03972224, 0.11571109, 0.08925469,
       0.10290239, 0.12369942, 0.04442161, 0.11375136, 0.04201162,
       0.08756188, 0.09218787, 0.04024549, 0.15482676, 0.02975282,
       0.0967836 , 0.14745007, 0.12997921, 0.09284275, 0.11226994,
       0.12467102, 0.13782955, 0.14506676, 0.1242965 , 0.06548465,
       0.14991659, 0.07301424, 0.11075225, 0.10114845, 0.06911855,
       0.14314145, 0.09474551, 0.13405137, 0.10701222, 0.13129336,
       0.06528772, 0.09499998, 0.09805154, 0.08974889, 0.13670905,
       0.10683138, 0.12693666, 0.09107799, 0.09415243, 0.08401146,
       0.06073254, 0.10233186, 0.04303454, 0.07370777, 0.11519852,
       0.04514169, 0.04179432, 0.04186202, 0.14155564, 0.04423973,
       0.02706661, 0.        , 0.02915451, 0.1137185 , 0.12168437,
       0.08743746, 0.08476948, 0.07268178, 0.05337145, 0.11613899,
       0.06798311, 0.11246545, 0.07429896, 0.0949328 , 0.07933953,
       0.05586785, 0.14191514, 0.08369315, 0.12418635, 0.14122003,
       0.11044258, 0.1376079 , 0.03164641, 0.14566668, 0.09667326,
       0.09158336, 0.06131423, 0.08428709, 0.10572034, 0.09576394,
       0.07504997, 0.05977702, 0.14561184, 0.08244788, 0.1409854 ,
       0.06762631, 0.13540479, 0.15086483, 0.11497009, 0.12885746,
       0.13984074, 0.14047795, 0.09779469, 0.07433749, 0.08854696,
       0.10031369, 0.12154611, 0.10012451, 0.09945132, 0.04661203,
       0.11838208, 0.150827  , 0.1012447 , 0.09143878, 0.13118815,
       0.11796735, 0.0452767 , 0.12822015, 0.13495657, 0.04048427,
       0.13624796, 0.07259741, 0.09036342, 0.14278445, 0.08906378,
       0.1238439 , 0.09383135, 0.10456324, 0.1000319 , 0.08944999,
       0.11587567, 0.15663719, 0.13907128, 0.12852717, 0.04785179,
       0.11834975, 0.14014529, 0.07638894, 0.13600426, 0.09619857,
       0.05296265, 0.12734344, 0.08938685, 0.11551428, 0.14159771,
       0.1561416 , 0.12534049, 0.15102644, 0.09126112, 0.08760646,
       0.08219212, 0.14718777, 0.08468054, 0.11313217, 0.06884431,
       0.13208513, 0.07186418, 0.05252666, 0.10364861, 0.12274735,
       0.04633046, 0.02373606, 0.09807649, 0.05147014, 0.10685041,
       0.13282725, 0.1355955 , 0.13807286, 0.06443451, 0.11341874,
       0.1391285 , 0.13387209, 0.04822549, 0.10819178, 0.1462554 ,
       0.10982542, 0.06562644, 0.11167815, 0.03314847, 0.11174647,
       0.02453133, 0.10244554, 0.10149102, 0.11425238, 0.14270285]), 'delta_distances': array([0., 0., 0., 0., 0., 0., 0., 0., 0., 0., 0., 0., 0., 0., 0., 0., 0.,
       0., 0., 0., 0., 0., 0., 0., 0., 0., 0., 0., 0., 0., 0., 0., 0., 0.,
       0., 0., 0., 0., 0., 0., 0., 0., 0., 0., 0., 0., 0., 0., 0., 0., 0.,
       0., 0., 0., 0., 0., 0., 0., 0., 0., 0., 0., 0., 0., 0., 0., 0., 0.,
       0., 0., 0., 0., 0., 0., 0., 0., 0., 0., 0., 0., 0., 0., 0., 0., 0.,
       0., 0., 0., 0., 0., 0., 0., 0., 0., 0., 0., 0., 0., 0., 0., 0., 0.,
       0., 0., 0., 0., 0., 0., 0., 0., 0., 0., 0., 0., 0., 0., 0., 0., 0.,
       0., 0., 0., 0., 0., 0., 0., 0., 0., 0., 0., 0., 0., 0., 0., 0., 0.,
       0., 0., 0., 0., 0., 0., 0., 0., 0., 0., 0., 0., 0., 0., 0., 0., 0.,
       0., 0., 0., 0., 0., 0., 0., 0., 0., 0., 0., 0., 0., 0., 0., 0., 0.,
       0., 0., 0., 0., 0., 0., 0., 0., 0., 0., 0., 0., 0., 0., 0., 0., 0.,
       0., 0., 0., 0., 0., 0., 0., 0., 0., 0., 0., 0., 0.]), 'locations': array([169, 222,  12, 395, 278, 213, 211, 289,  19, 246, 460, 309,  19,
       430, 130, 305,  10,  55, 391,  66,  51, 255, 168, 233,  67, 227,
       324, 434, 440, 445,  15, 484,  53, 168, 316, 256, 349,  85, 125,
       386, 120, 138,  59,  43, 207, 459, 430,  91, 214, 180,  87, 338,
       450, 322, 293, 237, 322,  76, 160,  40,  66, 225, 410, 484, 195,
       143, 457, 169, 270,   8, 459, 322, 242,  63, 138, 155, 271, 116,
       388, 278, 156, 113, 186,   2, 288, 422, 407, 442, 151, 380, 374,
       159, 421,  72, 243, 473, 111,  86, 429, 434, 476, 155, 109, 435,
        43, 108, 479, 229,  58, 432, 139, 297,  37, 268, 109,  33, 397,
       401, 455, 228, 216, 339, 451, 334, 130, 233, 330, 385, 451,  86,
       184,  74, 379, 155, 113, 421, 121, 215,  68, 282, 123, 226, 429,
       131,  84, 477, 125, 128, 246, 457, 441,  29, 334, 384, 170, 322,
       137, 140, 331,  47, 114, 197, 291, 359, 209, 158,  23,  49, 344,
       319, 226, 238, 292, 196, 380,  41, 453, 310, 459, 146, 212, 296,
        36, 325, 348,  62,   1, 139, 293, 109, 300, 427, 278, 309,  80,
       344,  95, 149, 387, 427])}, {'ts_index': 94, 'loc': 133, 'gap': 0.028642614749741557, 'distances': array([0.12720131, 0.13196742, 0.11586364, 0.13411269, 0.13209856,
       0.11606668, 0.1111749 , 0.0937475 , 0.04807535, 0.11657518,
       0.10697271, 0.06863856, 0.05742249, 0.12794401, 0.09705684,
       0.11866193, 0.03998035, 0.11792227, 0.099102  , 0.1144891 ,
       0.10464628, 0.11552947, 0.10782898, 0.12870073, 0.14835841,
       0.13126713, 0.1178932 , 0.03445807, 0.11180971, 0.12317952,
       0.05958798, 0.14009599, 0.10929389, 0.13256896, 0.11881131,
       0.13281144, 0.06170793, 0.15183504, 0.0919734 , 0.09554088,
       0.0734444 , 0.1237201 , 0.12957118, 0.14154623, 0.12115074,
       0.07049141, 0.14250812, 0.12575199, 0.09193945, 0.10638963,
       0.06403867, 0.11631781, 0.04755111, 0.13318593, 0.10226468,
       0.13107494, 0.12115231, 0.12058277, 0.13549743, 0.09522135,
       0.12038847, 0.14577963, 0.10968895, 0.12384671, 0.13032035,
       0.07815139, 0.12636399, 0.13903374, 0.11808572, 0.13793795,
       0.11557021, 0.10796003, 0.08028262, 0.        , 0.13470892,
       0.06856653, 0.10341072, 0.12019088, 0.08402737, 0.1403388 ,
       0.07556192, 0.13707106, 0.14819454, 0.12653296, 0.08662835,
       0.1075203 , 0.12684931, 0.09804552, 0.12871911, 0.1504872 ,
       0.12680802, 0.14166257, 0.14335911, 0.13202273, 0.11973607,
       0.12329261, 0.12387861, 0.13289416, 0.12108365, 0.09158781,
       0.1288744 , 0.13695074, 0.12009343, 0.14132415, 0.10068318,
       0.13687694, 0.09176227, 0.10637993, 0.10886423, 0.10045832,
       0.14693699, 0.12281569, 0.07744595, 0.0448768 , 0.0352406 ,
       0.12112136, 0.13991589, 0.13160919, 0.13866271, 0.13323481,
       0.1303997 , 0.0945105 , 0.06627886, 0.140887  , 0.12717766,
       0.07679014, 0.12695831, 0.15033224, 0.10502548, 0.09851855,
       0.13524781, 0.12323072, 0.07423928, 0.1140323 , 0.15084801,
       0.08524142, 0.0903052 , 0.09157415, 0.14032848, 0.12569202,
       0.12940887, 0.07493957, 0.11766244, 0.11432754, 0.11726481,
       0.04138979, 0.11817221, 0.13855591, 0.12770984, 0.05883675,
       0.1452138 , 0.07237299, 0.04405718, 0.11666171, 0.11559804,
       0.14062727, 0.13273877, 0.12486782, 0.10527594, 0.12149969,
       0.12550016, 0.13282714, 0.12885881, 0.13124581, 0.04133761]), 'delta_distances': array([0., 0., 0., 0., 0., 0., 0., 0., 0., 0., 0., 0., 0., 0., 0., 0., 0.,
       0., 0., 0., 0., 0., 0., 0., 0., 0., 0., 0., 0., 0., 0., 0., 0., 0.,
       0., 0., 0., 0., 0., 0., 0., 0., 0., 0., 0., 0., 0., 0., 0., 0., 0.,
       0., 0., 0., 0., 0., 0., 0., 0., 0., 0., 0., 0., 0., 0., 0., 0., 0.,
       0., 0., 0., 0., 0., 0., 0., 0., 0., 0., 0., 0., 0., 0., 0., 0., 0.,
       0., 0., 0., 0., 0., 0., 0., 0., 0., 0., 0., 0., 0., 0., 0., 0., 0.,
       0., 0., 0., 0., 0., 0., 0., 0., 0., 0., 0., 0., 0., 0., 0., 0., 0.,
       0., 0., 0., 0., 0., 0., 0., 0., 0., 0., 0., 0., 0., 0., 0., 0., 0.,
       0., 0., 0., 0., 0., 0., 0., 0., 0., 0., 0., 0., 0., 0., 0., 0., 0.,
       0., 0., 0., 0., 0., 0., 0., 0., 0., 0., 0., 0.]), 'locations': array([146, 361, 203, 279, 317, 151, 399, 354, 459, 200, 380, 381, 359,
       272, 420,  41, 470, 349, 167, 271, 408,  45, 415,  48, 164, 304,
        34, 322, 332, 271, 244, 277, 206,  64, 383, 292, 109, 328, 366,
        54, 233, 248, 270, 132, 385,  76, 436, 165, 268, 162, 463, 266,
       213, 373, 419, 323, 405,  67, 103,  87,   7, 388,  13,  88, 221,
       154, 301, 100, 473, 181, 293, 340,  50, 133,  45, 116, 477, 159,
       260, 282, 430, 235,  62, 185, 238, 180, 339, 110, 370, 241, 175,
       298,  22,  24, 275, 415, 313, 138, 274, 334, 138, 122, 137,  64,
        73,  55,  68, 333, 198, 288, 374, 274, 124, 277, 203, 364,  93,
       406, 108, 322,  33, 223, 100, 251, 417, 275, 299, 212, 138,  43,
         0, 226,  16,  13, 135, 434, 129, 303, 136, 333, 115,  20, 136,
       477, 452,  78,  77, 258, 220,  94, 256, 441, 404,  83, 205, 392,
       327,  33, 478, 170,  78, 391, 154, 350, 307])}, {'ts_index': 53, 'loc': 101, 'gap': 0.029520734724002642, 'distances': array([0.05232481, 0.13502502, 0.04079732, 0.05593092, 0.11194359,
       0.05100649, 0.13284485, 0.11356319, 0.08824999, 0.11613398,
       0.1149393 , 0.13150179, 0.08410926, 0.13119249, 0.09453112,
       0.13596712, 0.13902032, 0.03766108, 0.14425959, 0.12686788,
       0.10214231, 0.13320074, 0.10508824, 0.12621702, 0.12143876,
       0.14544587, 0.0534522 , 0.07674817, 0.06627383, 0.04894967,
       0.13228582, 0.10466712, 0.09562451, 0.12440576, 0.11371643,
       0.        , 0.10815077, 0.1129009 , 0.15049689, 0.11742508,
       0.12435619, 0.11924334, 0.11963196, 0.13527164, 0.0704128 ,
       0.11211198, 0.08555347, 0.0899922 , 0.05619908, 0.12681168,
       0.14477417, 0.08704955, 0.12246969, 0.13308521, 0.10364141,
       0.12462428, 0.11392297, 0.11226896, 0.09219022, 0.09718377,
       0.11476987, 0.13532161, 0.08426989, 0.12461642, 0.07592048,
       0.12656209, 0.11617814, 0.11644667, 0.11680623, 0.13111515,
       0.0950778 , 0.11596483, 0.11886632, 0.04816645, 0.11516783,
       0.06597695, 0.12100894, 0.05282553, 0.12720828, 0.13498611,
       0.13813542, 0.11559589, 0.14289691, 0.0764856 , 0.10573176,
       0.0649301 , 0.105165  , 0.12544768, 0.12565322, 0.13572148,
       0.10891459, 0.12394717, 0.09425229, 0.11368882, 0.1046455 ,
       0.05947603, 0.10965025, 0.11319565, 0.11067392, 0.12043766,
       0.12538618, 0.12257288, 0.12215791, 0.12956747, 0.11034947,
       0.12282567, 0.0874061 , 0.12570447, 0.12037645, 0.1235207 ,
       0.11994417, 0.10592064, 0.14569198, 0.13319698, 0.07198915,
       0.10490703, 0.12404441, 0.07923107, 0.11624476, 0.1288583 ,
       0.11795026, 0.12089658, 0.12939387, 0.05414282, 0.11304679,
       0.12441976, 0.12671233, 0.06634544, 0.05502359, 0.07301149,
       0.1155346 , 0.13369054, 0.11013529, 0.11265606, 0.11403669,
       0.103045  ]), 'delta_distances': array([0., 0., 0., 0., 0., 0., 0., 0., 0., 0., 0., 0., 0., 0., 0., 0., 0.,
       0., 0., 0., 0., 0., 0., 0., 0., 0., 0., 0., 0., 0., 0., 0., 0., 0.,
       0., 0., 0., 0., 0., 0., 0., 0., 0., 0., 0., 0., 0., 0., 0., 0., 0.,
       0., 0., 0., 0., 0., 0., 0., 0., 0., 0., 0., 0., 0., 0., 0., 0., 0.,
       0., 0., 0., 0., 0., 0., 0., 0., 0., 0., 0., 0., 0., 0., 0., 0., 0.,
       0., 0., 0., 0., 0., 0., 0., 0., 0., 0., 0., 0., 0., 0., 0., 0., 0.,
       0., 0., 0., 0., 0., 0., 0., 0., 0., 0., 0., 0., 0., 0., 0., 0., 0.,
       0., 0., 0., 0., 0., 0., 0., 0., 0., 0., 0., 0., 0., 0., 0., 0., 0.]), 'locations': array([228, 379,  25, 315, 385,  11, 185,  63, 291,  41, 389, 286, 433,
       126, 486, 352, 275, 474, 429,  43, 218, 137, 299, 144, 400, 103,
        69, 234,  73, 284, 129, 186, 473, 405, 392, 101,  19, 311, 390,
       423, 217, 311, 352,  23, 467, 215, 380,  99, 355, 372,  14, 403,
       431, 331, 318, 413, 467, 147, 190,  83, 146, 262, 426, 434,  75,
       103, 302, 117, 114, 463, 317, 151, 201, 397, 206, 365, 442, 261,
       415,  51, 397, 344, 272, 432,  10, 469,  52, 245, 312,  42,  44,
       420, 332, 105, 138, 312, 422,  44,   0, 304, 337, 421, 146, 125,
       402, 426, 101, 284, 460, 358, 367, 365, 404, 331, 211, 465, 110,
       373, 179, 388, 295, 247, 354, 237, 169, 169, 113, 252, 294,  27,
       378, 411, 357, 215, 464, 334])}, {'ts_index': 54, 'loc': 47, 'gap': 0.032484029636837275, 'distances': array([0.04912941, 0.14731811, 0.11701207, 0.09871651, 0.11253242,
       0.09576712, 0.12706516, 0.14668829, 0.11988202, 0.1070339 ,
       0.11403461, 0.12689832, 0.09398517, 0.09726604, 0.06626197,
       0.11736385, 0.12211214, 0.13498061, 0.06829472, 0.05222038,
       0.11369051, 0.06968002, 0.13066668, 0.09374633, 0.12735004,
       0.08369191, 0.        , 0.12224454, 0.12329607, 0.11116279,
       0.12279429, 0.12877372, 0.11876628, 0.13923565, 0.14606794,
       0.13458843, 0.02691925, 0.13269971, 0.04031488, 0.1232466 ,
       0.15615664, 0.08042589, 0.11965918, 0.13374886, 0.12600051,
       0.09679193, 0.13227343, 0.14462501, 0.06725403, 0.13992674,
       0.08171771, 0.12373249, 0.15670311, 0.11359296, 0.0578255 ,
       0.15625514, 0.13925107, 0.09157276, 0.03060614, 0.13233446,
       0.13937176, 0.08797798, 0.07243326, 0.10353068, 0.04962835,
       0.04599589, 0.1297672 , 0.13553825, 0.13262285, 0.12960419,
       0.14138001, 0.1267441 , 0.11179861, 0.14639964, 0.10613765,
       0.13397984, 0.06250573, 0.10457958, 0.05857519, 0.13170831,
       0.09306329, 0.10786668, 0.15001673, 0.14285247, 0.10963882,
       0.07184737, 0.1409212 , 0.1246824 , 0.05939505, 0.11549084,
       0.13138929, 0.07143454, 0.07873997, 0.09501571, 0.13666368,
       0.15034403, 0.13564085, 0.09699058, 0.1356088 , 0.13518403,
       0.11977853, 0.15499496, 0.11857116, 0.06500473, 0.0368355 ,
       0.13046545, 0.04422548, 0.13054675, 0.12007983, 0.08290621,
       0.0591852 , 0.13859038]), 'delta_distances': array([0., 0., 0., 0., 0., 0., 0., 0., 0., 0., 0., 0., 0., 0., 0., 0., 0.,
       0., 0., 0., 0., 0., 0., 0., 0., 0., 0., 0., 0., 0., 0., 0., 0., 0.,
       0., 0., 0., 0., 0., 0., 0., 0., 0., 0., 0., 0., 0., 0., 0., 0., 0.,
       0., 0., 0., 0., 0., 0., 0., 0., 0., 0., 0., 0., 0., 0., 0., 0., 0.,
       0., 0., 0., 0., 0., 0., 0., 0., 0., 0., 0., 0., 0., 0., 0., 0., 0.,
       0., 0., 0., 0., 0., 0., 0., 0., 0., 0., 0., 0., 0., 0., 0., 0., 0.,
       0., 0., 0., 0., 0., 0., 0., 0., 0., 0.]), 'locations': array([134, 344, 333, 289, 377, 475, 118, 205, 342, 477, 335, 246, 378,
       423, 263, 391, 160, 422, 193, 108, 130, 375, 117, 465,  13, 319,
        47, 416, 411,  19, 447, 341, 213, 423, 397, 320,  91, 201, 429,
        80, 263, 196, 182,  81,   7, 140, 262, 236, 238, 150,  53, 426,
       222, 420, 427, 340, 283, 283, 383,  80, 439, 429, 430, 482, 155,
       258, 196, 479, 338, 420, 411, 151, 315, 225,  84, 448, 182, 233,
       336, 415, 160, 105, 211, 327, 446, 105,  96, 180,  65, 435, 172,
       280, 104, 162, 468, 264, 272, 176, 173, 369,  59, 281, 293, 316,
        10,  76, 366, 295, 227, 457, 477, 410])}, {'ts_index': 49, 'loc': 446, 'gap': 0.028774775278478708, 'distances': array([0.1024963 , 0.10320583, 0.0942315 , 0.07453768, 0.09722391,
       0.14015392, 0.0723326 , 0.13946452, 0.14723689, 0.09194482,
       0.08465255, 0.10337117, 0.14337347, 0.05266117, 0.03948308,
       0.13491029, 0.05732886, 0.10465862, 0.        , 0.08097504,
       0.03060607, 0.07809209, 0.06770824, 0.08974217, 0.08712946,
       0.1107077 , 0.12888118, 0.12278577, 0.11413308, 0.15045493,
       0.07651778, 0.10507883, 0.09018549, 0.14532865, 0.08606859,
       0.06076812, 0.04746718, 0.12911092, 0.02655125, 0.12552585,
       0.08508773, 0.13215198, 0.13867509, 0.12379098, 0.09571217,
       0.03651426, 0.07559253, 0.03449247, 0.13831425, 0.08524714,
       0.12504845, 0.06904959, 0.03943387, 0.14497849, 0.09751165,
       0.11950053, 0.06902991, 0.1151268 , 0.06005684, 0.09633278,
       0.12885737, 0.07831424, 0.07041438, 0.13119292, 0.10458446,
       0.14458081, 0.13957815, 0.1273653 , 0.11498278, 0.12045032,
       0.11999312, 0.14485121, 0.05254212, 0.14115021, 0.11965118,
       0.14108688, 0.07759785, 0.08693512, 0.12663996, 0.05121798,
       0.12581182, 0.05103198, 0.03422737, 0.04974104, 0.1261586 ,
       0.1251895 , 0.13043654, 0.073739  , 0.12391888]), 'delta_distances': array([0., 0., 0., 0., 0., 0., 0., 0., 0., 0., 0., 0., 0., 0., 0., 0., 0.,
       0., 0., 0., 0., 0., 0., 0., 0., 0., 0., 0., 0., 0., 0., 0., 0., 0.,
       0., 0., 0., 0., 0., 0., 0., 0., 0., 0., 0., 0., 0., 0., 0., 0., 0.,
       0., 0., 0., 0., 0., 0., 0., 0., 0., 0., 0., 0., 0., 0., 0., 0., 0.,
       0., 0., 0., 0., 0., 0., 0., 0., 0., 0., 0., 0., 0., 0., 0., 0., 0.,
       0., 0., 0., 0.]), 'locations': array([ 84, 266,  69,  57, 361,   8, 211, 199, 279, 141, 274, 308,  13,
       168, 178, 368, 445, 322, 446, 339, 449, 299,  75, 253, 186, 455,
       211, 412, 200, 315, 124,  94, 190,  70, 223, 141, 445, 380,  55,
       409, 259, 291,  34, 297, 112, 287,  26, 138,  32, 109, 395,  93,
       452, 233, 311,  13, 151, 307, 461, 132, 293, 421,  26, 278, 238,
       464, 347, 441, 463, 191, 364, 399, 107, 421, 159,  77, 301, 416,
       103,   6, 370, 137,  86,  24, 367,  48, 377,  30, 353])}, {'ts_index': 58, 'loc': 168, 'gap': 0.030257283307493957, 'distances': array([0.12620278, 0.11421232, 0.13226281, 0.14635027, 0.13871706,
       0.08702142, 0.12001472, 0.12308836, 0.14073778, 0.13410446,
       0.07726974, 0.12635738, 0.12638197, 0.12004769, 0.04490717,
       0.10070545, 0.11969603, 0.04738225, 0.        , 0.13793534,
       0.1119551 , 0.13899955, 0.02742235, 0.13432447, 0.10045913,
       0.13967261, 0.12604952, 0.129579  , 0.10988057, 0.10893972,
       0.122055  , 0.07261807, 0.08259671, 0.12884031, 0.14539715,
       0.12772612, 0.10252678, 0.04536851, 0.09458899, 0.12933524,
       0.13426978, 0.13212024, 0.12984176, 0.14077926, 0.07776616,
       0.13021057, 0.1287436 , 0.123058  , 0.11504185, 0.07488562,
       0.12083566, 0.10267743, 0.12518458, 0.13494064, 0.13449495,
       0.1262601 , 0.13272881, 0.13608363, 0.12635445, 0.12250676,
       0.12605994, 0.1290597 , 0.1318885 , 0.13848538, 0.0864315 ,
       0.07390007, 0.12610065, 0.13395505, 0.12571867, 0.13010306,
       0.13613344, 0.12592063, 0.02884102]), 'delta_distances': array([0., 0., 0., 0., 0., 0., 0., 0., 0., 0., 0., 0., 0., 0., 0., 0., 0.,
       0., 0., 0., 0., 0., 0., 0., 0., 0., 0., 0., 0., 0., 0., 0., 0., 0.,
       0., 0., 0., 0., 0., 0., 0., 0., 0., 0., 0., 0., 0., 0., 0., 0., 0.,
       0., 0., 0., 0., 0., 0., 0., 0., 0., 0., 0., 0., 0., 0., 0., 0., 0.,
       0., 0., 0., 0., 0.]), 'locations': array([143,  60,  26,  60,   9,   9,  17, 454, 435, 249, 432, 322, 110,
        50, 437, 247, 392, 427, 168, 210, 240, 415, 155, 148, 438,  91,
       187,  39, 255, 451, 299, 203,  69, 260, 469, 278, 243, 150,  37,
        65, 465, 377,  46, 284, 486, 380, 314, 149, 408, 457, 279,  97,
       420, 115, 299, 324,  26, 285, 455,  97, 189,  26, 247,  70, 211,
         1, 345, 135,  66, 108, 399,  96, 189])}, {'ts_index': 56, 'loc': 185, 'gap': 0.03482079550691433, 'distances': array([0.11309257, 0.11058518, 0.04567879, 0.06760305, 0.07256006,
       0.0422753 , 0.07984428, 0.04991234, 0.06776849, 0.05581698,
       0.07276622, 0.03972384, 0.060955  , 0.        , 0.07335068,
       0.12268118, 0.12298229, 0.10538522, 0.05501739, 0.046239  ,
       0.04912619, 0.05998302, 0.04107537, 0.04035906, 0.07192213,
       0.06698278, 0.05888867, 0.04887607, 0.07013462, 0.06593188,
       0.04879913, 0.08581284, 0.07955198, 0.09561177, 0.05567852,
       0.12690484, 0.07196865, 0.06691809, 0.04494244, 0.06596923,
       0.06158108, 0.02743931, 0.04382701, 0.05903307, 0.08410187,
       0.05257263, 0.11175751, 0.07593821, 0.07701149, 0.03750591,
       0.05856096, 0.06793564, 0.12654802, 0.13008307, 0.07677288,
       0.0366418 , 0.06325662, 0.13157402, 0.0771079 ]), 'delta_distances': array([0., 0., 0., 0., 0., 0., 0., 0., 0., 0., 0., 0., 0., 0., 0., 0., 0.,
       0., 0., 0., 0., 0., 0., 0., 0., 0., 0., 0., 0., 0., 0., 0., 0., 0.,
       0., 0., 0., 0., 0., 0., 0., 0., 0., 0., 0., 0., 0., 0., 0., 0., 0.,
       0., 0., 0., 0., 0., 0., 0., 0.]), 'locations': array([452, 201, 453,  38, 117,  39, 425, 125, 131, 289, 358, 218, 168,
       185, 360, 215, 321, 268, 389, 359, 476, 308, 406, 198, 465, 212,
       207,  80,  22, 170, 371,  25,  92,  80, 193, 168,  70, 395,  29,
       249, 469,  14, 351, 335,  51, 308, 219, 242, 131, 384, 399, 308,
       383,  94, 156, 295, 273, 486, 207])}, {'ts_index': 151, 'loc': 337, 'gap': 0.04138109489478309, 'distances': array([0.10789279, 0.11890574, 0.11453895, 0.10645884, 0.03991303,
       0.10558115, 0.        , 0.09274555, 0.09726922, 0.05732366]), 'delta_distances': array([0., 0., 0., 0., 0., 0., 0., 0., 0., 0.]), 'locations': array([268,  57, 251, 275, 333, 470, 337, 403, 247,  87])}, {'ts_index': 63, 'loc': 84, 'gap': 0.045683249339150175, 'distances': array([0.04878838, 0.04926643, 0.0411212 , 0.        , 0.03563335,
       0.10876691, 0.09884684]), 'delta_distances': array([0., 0., 0., 0., 0., 0., 0.]), 'locations': array([ 27, 171,  32,  84, 465, 153, 209])}], 'clusters': array([3, 1, 4, 3, 3, 9, 3, 9, 7, 2, 1, 1, 7, 7, 2, 2, 6, 1, 7, 7, 2, 1,
       1, 7, 7, 6, 7, 1, 3, 1, 7, 4, 1, 5, 1, 5, 7, 2, 4, 4, 2, 5, 3, 3,
       3, 3, 2, 4, 6, 5, 2, 7, 5, 3, 4, 2, 7, 6, 6, 7, 2, 9, 2, 9, 6, 1,
       3, 1, 8, 7, 1, 1, 1, 4, 1, 1, 1, 1, 3, 7, 4, 7, 7, 1, 7, 2, 7, 7,
       5, 6, 1, 5, 6, 2, 2, 4, 2, 1, 7, 7, 2, 7, 2, 3, 7, 6, 1, 4, 5, 7,
       5, 4, 7, 3, 7, 3, 7, 3, 4, 7, 4, 4, 5, 3, 1, 7, 3, 6, 9, 7, 7, 1,
       5, 7, 1, 6, 7, 4, 2, 2, 2, 3, 7, 4, 7, 7, 7, 7, 2, 1, 7, 8, 2, 4,
       7, 1, 7, 4, 7, 5, 2, 4, 7, 7, 0, 3, 6, 6, 0, 2, 5, 7, 1, 5, 2, 1,
       1, 5, 1, 5, 3, 2, 4, 2, 2, 4, 7, 1, 3, 3, 3, 4, 7, 1, 8, 1, 7, 4,
       6, 2]), 'time': 32160.017479658127}
lenSubsequence: 14{'RI': 0.5061306532663317, 'num_clusters': 7, 'uShapelets': [{'ts_index': 189, 'loc': 222, 'gap': 0.021450368977471185, 'distances': array([0.11760941, 0.05717675, 0.10762976, 0.1115013 , 0.10471367,
       0.09939279, 0.08346323, 0.11583553, 0.08675546, 0.09327561,
       0.10334038, 0.12203019, 0.07238181, 0.11179049, 0.08918971,
       0.09873469, 0.10108373, 0.07958211, 0.13188841, 0.11578848,
       0.05447833, 0.11311957, 0.07071549, 0.11269317, 0.11549126,
       0.08440789, 0.04645495, 0.09279587, 0.07586622, 0.03426267,
       0.10217796, 0.04515146, 0.10503284, 0.11454022, 0.13263346,
       0.09575988, 0.12988714, 0.05829975, 0.09033518, 0.09626433,
       0.10409838, 0.08947973, 0.0683853 , 0.11055745, 0.05489048,
       0.10349954, 0.04063637, 0.07738079, 0.12129063, 0.10238709,
       0.11510888, 0.08632623, 0.04332359, 0.09852103, 0.04354378,
       0.11301151, 0.07793891, 0.10304391, 0.09031085, 0.06068309,
       0.09034203, 0.08869012, 0.08512993, 0.08333202, 0.10966099,
       0.08676785, 0.05820818, 0.08223341, 0.1016326 , 0.13391818,
       0.09068922, 0.11311046, 0.1100757 , 0.13072027, 0.10128164,
       0.05747133, 0.07610663, 0.09900485, 0.0936634 , 0.1165329 ,
       0.07592232, 0.05455935, 0.12805119, 0.11924942, 0.1138263 ,
       0.07605759, 0.10626602, 0.11396324, 0.11019904, 0.05253458,
       0.0844786 , 0.1011197 , 0.0843514 , 0.04302218, 0.12958694,
       0.11078556, 0.08924881, 0.09835042, 0.08591796, 0.1012252 ,
       0.11052003, 0.07920598, 0.08223012, 0.06713405, 0.12304348,
       0.0467911 , 0.08739765, 0.09405143, 0.07303319, 0.11725292,
       0.09917207, 0.11289431, 0.09400696, 0.13232929, 0.03493726,
       0.0942271 , 0.07466429, 0.10108795, 0.0523323 , 0.09753061,
       0.08974491, 0.07106862, 0.11537299, 0.09362984, 0.11411751,
       0.09786863, 0.10936348, 0.07468459, 0.12575152, 0.1062703 ,
       0.07344767, 0.02453438, 0.11675955, 0.0814251 , 0.10912574,
       0.06907935, 0.10962313, 0.10981907, 0.0870628 , 0.08768906,
       0.10674836, 0.11150412, 0.06907045, 0.13437823, 0.0498508 ,
       0.05304129, 0.12079551, 0.10269628, 0.11388252, 0.05965551,
       0.12182573, 0.0428709 , 0.06294458, 0.09758341, 0.10579132,
       0.12331546, 0.119583  , 0.09916484, 0.11216945, 0.11011832,
       0.13549355, 0.11118209, 0.09324012, 0.08908637, 0.12794726,
       0.10321851, 0.03943365, 0.09627491, 0.10697151, 0.10239303,
       0.08479916, 0.08940431, 0.10475228, 0.1091561 , 0.12369951,
       0.07895074, 0.09419593, 0.09546983, 0.08171915, 0.08443467,
       0.05161507, 0.10720441, 0.09446037, 0.10995266, 0.06960073,
       0.06944647, 0.0187202 , 0.11353564, 0.09398355, 0.        ,
       0.12007243, 0.13194377, 0.08825905, 0.10272211, 0.12610897,
       0.05287153, 0.1060352 , 0.09559878, 0.07931071, 0.10342564]), 'delta_distances': array([0., 0., 0., 0., 0., 0., 0., 0., 0., 0., 0., 0., 0., 0., 0., 0., 0.,
       0., 0., 0., 0., 0., 0., 0., 0., 0., 0., 0., 0., 0., 0., 0., 0., 0.,
       0., 0., 0., 0., 0., 0., 0., 0., 0., 0., 0., 0., 0., 0., 0., 0., 0.,
       0., 0., 0., 0., 0., 0., 0., 0., 0., 0., 0., 0., 0., 0., 0., 0., 0.,
       0., 0., 0., 0., 0., 0., 0., 0., 0., 0., 0., 0., 0., 0., 0., 0., 0.,
       0., 0., 0., 0., 0., 0., 0., 0., 0., 0., 0., 0., 0., 0., 0., 0., 0.,
       0., 0., 0., 0., 0., 0., 0., 0., 0., 0., 0., 0., 0., 0., 0., 0., 0.,
       0., 0., 0., 0., 0., 0., 0., 0., 0., 0., 0., 0., 0., 0., 0., 0., 0.,
       0., 0., 0., 0., 0., 0., 0., 0., 0., 0., 0., 0., 0., 0., 0., 0., 0.,
       0., 0., 0., 0., 0., 0., 0., 0., 0., 0., 0., 0., 0., 0., 0., 0., 0.,
       0., 0., 0., 0., 0., 0., 0., 0., 0., 0., 0., 0., 0., 0., 0., 0., 0.,
       0., 0., 0., 0., 0., 0., 0., 0., 0., 0., 0., 0., 0.]), 'locations': array([418, 423,  85, 266,  88, 126, 473, 185, 457, 143,  85, 377, 221,
       288, 162, 377, 198, 100,  90, 390, 276, 477, 397, 457, 131, 348,
         3, 117, 241, 457, 316, 439, 319,  59,  72, 456, 377,  72, 293,
       298,  73, 353, 183, 268, 418,   2, 170,  47,   8, 258, 184, 409,
       289,  36, 356, 172,  85, 378,  34, 245, 380, 121,  11, 363, 395,
       480, 467, 454, 233, 422, 199,  36, 481,  39, 445, 452,  65, 446,
       456, 395, 263, 292, 124, 211, 132,  34,   6, 132, 243, 242, 209,
       449,  81, 259, 335,  89, 284,   5,  13,  12, 313, 185, 350,  12,
       308, 194, 124, 184, 276, 391, 229, 338, 370, 100, 478,  88,  94,
       389,  71,  49, 175, 210, 152, 395,  84, 191, 483, 196, 165, 169,
       398, 199, 415,  10,  42,  42, 145,  66, 470, 265, 356, 236, 387,
       169, 470, 172, 376, 224, 388, 222, 266, 256,  61, 225, 141,  99,
       460, 252, 262, 298, 217, 396, 333, 309, 228, 350, 278, 323, 303,
       280, 141, 108, 145, 316, 117, 400, 292, 239,  65, 141, 166, 436,
       468,  62,  16, 214, 250, 208, 164, 222, 257, 286, 156, 364,   9,
        71, 128,   4, 278, 230])}, {'ts_index': 86, 'loc': 21, 'gap': 0.020814412481800437, 'distances': array([0.13299569, 0.12360165, 0.08785879, 0.1401938 , 0.1325951 ,
       0.1324782 , 0.06584915, 0.08374329, 0.09913789, 0.13437325,
       0.12357525, 0.14141568, 0.13534119, 0.12551988, 0.12376864,
       0.13685102, 0.1280059 , 0.13084897, 0.08170376, 0.14041127,
       0.11540557, 0.12550659, 0.13583741, 0.1062431 , 0.08561271,
       0.13246655, 0.11870864, 0.08798545, 0.14825559, 0.12790526,
       0.12148242, 0.11627445, 0.14497785, 0.13496966, 0.11691265,
       0.08107426, 0.13935579, 0.13479165, 0.14264829, 0.08384984,
       0.11374357, 0.10589566, 0.13650561, 0.12343257, 0.11985727,
       0.12051978, 0.07211602, 0.13291025, 0.09527055, 0.07380715,
       0.0453852 , 0.13139199, 0.09008379, 0.13042654, 0.08005013,
       0.14257103, 0.14420559, 0.12302069, 0.10185799, 0.06765026,
       0.13247361, 0.11984299, 0.103454  , 0.07860818, 0.09107863,
       0.07054145, 0.12246895, 0.05436741, 0.07550128, 0.12918318,
       0.14028524, 0.        , 0.11955138, 0.10704889, 0.12496882,
       0.13788991, 0.09055934, 0.07497269, 0.10133487, 0.12802009,
       0.11330516, 0.11461869, 0.07372395, 0.08475128, 0.10348234,
       0.11329999, 0.11291321, 0.108791  , 0.06365508, 0.12699769,
       0.13471673, 0.1389127 , 0.13660285, 0.13788816, 0.13532338,
       0.07636149, 0.10318974, 0.11649875, 0.13075395, 0.13030864,
       0.08330926, 0.0785011 , 0.04809   , 0.10135596, 0.13830049,
       0.13346555, 0.11126306, 0.09463656, 0.1276312 , 0.12996664,
       0.13020219, 0.06925575, 0.11091811, 0.08612163, 0.10963512,
       0.05590367, 0.13169973, 0.12884242, 0.11204955, 0.15487257,
       0.10493731, 0.09970959, 0.0499037 , 0.09676801, 0.12006775,
       0.05340447, 0.08724777, 0.10407112, 0.1247552 , 0.09835848,
       0.14308522, 0.13130936, 0.13294655, 0.12614806, 0.12697866,
       0.12082362, 0.11334438, 0.10990076, 0.14470884, 0.0578196 ,
       0.12388605, 0.12800614, 0.10492025, 0.12636335, 0.08912394,
       0.10404273, 0.13855882, 0.11467577, 0.07642489, 0.1436722 ,
       0.13376478, 0.1095331 , 0.09208176, 0.13011516, 0.10297668,
       0.13511633, 0.12401933, 0.09936086, 0.06385575, 0.08080637,
       0.1453979 , 0.14573094, 0.12670347, 0.13899111, 0.07123778]), 'delta_distances': array([0., 0., 0., 0., 0., 0., 0., 0., 0., 0., 0., 0., 0., 0., 0., 0., 0.,
       0., 0., 0., 0., 0., 0., 0., 0., 0., 0., 0., 0., 0., 0., 0., 0., 0.,
       0., 0., 0., 0., 0., 0., 0., 0., 0., 0., 0., 0., 0., 0., 0., 0., 0.,
       0., 0., 0., 0., 0., 0., 0., 0., 0., 0., 0., 0., 0., 0., 0., 0., 0.,
       0., 0., 0., 0., 0., 0., 0., 0., 0., 0., 0., 0., 0., 0., 0., 0., 0.,
       0., 0., 0., 0., 0., 0., 0., 0., 0., 0., 0., 0., 0., 0., 0., 0., 0.,
       0., 0., 0., 0., 0., 0., 0., 0., 0., 0., 0., 0., 0., 0., 0., 0., 0.,
       0., 0., 0., 0., 0., 0., 0., 0., 0., 0., 0., 0., 0., 0., 0., 0., 0.,
       0., 0., 0., 0., 0., 0., 0., 0., 0., 0., 0., 0., 0., 0., 0., 0., 0.,
       0., 0., 0., 0., 0., 0., 0., 0., 0., 0., 0., 0.]), 'locations': array([296, 281,  95,  54, 197, 315, 213,  24,  33, 325, 417,  90, 383,
       405, 112, 276, 253, 301, 169, 304, 239, 187, 357, 243,  15,  30,
       409, 367, 246,  72, 415, 271, 154, 242, 470,  59,  43, 100, 430,
       221, 184, 160, 305, 250, 180, 230, 311, 405, 368,  65, 130, 282,
       267, 291,  65, 117, 255, 172, 211, 482,  25, 337, 138, 321,  79,
       190,  97, 204, 337,  21, 300,  21, 169, 211, 130, 155, 424, 159,
       323, 403,  97, 338, 181, 103,  31,  49, 367, 348, 332, 413, 118,
       149, 426, 230,  91, 136, 159, 204,  11, 485, 216,   9, 210, 224,
       375,  65, 267, 326, 278,  79, 324, 468, 243,  40, 437, 204,  55,
       317, 464,  46, 163, 116, 339,  23, 334, 108, 351, 484, 272,  28,
       335, 339, 406, 403, 347,  40, 181, 358, 313, 470,  27, 355,  28,
        20, 275, 251, 455,  91,  52, 110, 337, 182, 480, 438, 386, 289,
       262, 307, 200, 404, 429, 379,  55, 363, 217])}, {'ts_index': 130, 'loc': 32, 'gap': 0.01928774751777744, 'distances': array([0.10046423, 0.09970394, 0.12778958, 0.0994363 , 0.10093142,
       0.09170189, 0.11375619, 0.11231393, 0.09381797, 0.10484813,
       0.10413848, 0.07396954, 0.050757  , 0.10324912, 0.11177398,
       0.10131568, 0.0922268 , 0.1000486 , 0.12225289, 0.10818305,
       0.08082968, 0.10400105, 0.07479714, 0.06543061, 0.11940054,
       0.04906371, 0.12265641, 0.09567259, 0.10930251, 0.07490566,
       0.10490132, 0.09392657, 0.1224071 , 0.12180139, 0.03491562,
       0.09369077, 0.12249477, 0.09880706, 0.09262588, 0.06557791,
       0.10991263, 0.11223148, 0.08134541, 0.10906885, 0.13272047,
       0.13301958, 0.10585374, 0.0969522 , 0.05082219, 0.08447031,
       0.03710234, 0.11824007, 0.10739048, 0.097436  , 0.07173453,
       0.04350196, 0.09927711, 0.08596537, 0.0966541 , 0.12838412,
       0.11874703, 0.06176736, 0.10332293, 0.10126922, 0.09814247,
       0.07624868, 0.07161211, 0.11724567, 0.06522749, 0.08065821,
       0.07515152, 0.05883338, 0.06942758, 0.09104202, 0.11130928,
       0.12037164, 0.05226542, 0.06762373, 0.10194571, 0.11266726,
       0.06415363, 0.04984911, 0.11632797, 0.07362702, 0.09378396,
       0.10900461, 0.11594465, 0.08384385, 0.09487326, 0.        ,
       0.06630946, 0.11575662, 0.09479647, 0.06273885, 0.08125364,
       0.06712557, 0.11038744, 0.10496228, 0.06735264, 0.11820983,
       0.09304346, 0.09117996, 0.08977559, 0.06747622, 0.08921338,
       0.09365138, 0.10206706, 0.0542694 , 0.13287289, 0.09817288,
       0.08833765, 0.06306923, 0.11353435, 0.09857473, 0.10931712,
       0.02378625, 0.04326747, 0.09258151, 0.12323354, 0.04188269,
       0.1068905 , 0.12928435, 0.09446547, 0.09799564, 0.10284406,
       0.10985149, 0.09489648, 0.13219333, 0.05492707, 0.10985848,
       0.10185491, 0.13086803, 0.10091323, 0.0540392 , 0.1118633 ,
       0.11483662]), 'delta_distances': array([0., 0., 0., 0., 0., 0., 0., 0., 0., 0., 0., 0., 0., 0., 0., 0., 0.,
       0., 0., 0., 0., 0., 0., 0., 0., 0., 0., 0., 0., 0., 0., 0., 0., 0.,
       0., 0., 0., 0., 0., 0., 0., 0., 0., 0., 0., 0., 0., 0., 0., 0., 0.,
       0., 0., 0., 0., 0., 0., 0., 0., 0., 0., 0., 0., 0., 0., 0., 0., 0.,
       0., 0., 0., 0., 0., 0., 0., 0., 0., 0., 0., 0., 0., 0., 0., 0., 0.,
       0., 0., 0., 0., 0., 0., 0., 0., 0., 0., 0., 0., 0., 0., 0., 0., 0.,
       0., 0., 0., 0., 0., 0., 0., 0., 0., 0., 0., 0., 0., 0., 0., 0., 0.,
       0., 0., 0., 0., 0., 0., 0., 0., 0., 0., 0., 0., 0., 0., 0., 0., 0.]), 'locations': array([183, 373,  55, 204, 411,  99, 418,  25, 205, 320, 325, 207, 434,
       363, 289, 346, 484,  16, 129, 242,  89, 363, 165, 151, 290, 202,
       146, 181, 153, 215, 395, 436,  25, 300, 185, 282, 273, 484, 333,
       268, 290, 177,  53, 299, 220, 295,  66, 200,  39, 199, 373, 424,
       453, 113, 386, 165, 415, 169, 382, 390, 158,  87, 268,  10, 400,
       204,  43, 294, 293, 358, 126, 223, 276, 321, 459, 387, 412, 117,
       471,  31,   1, 341, 353, 121, 120, 255,  57, 140, 138,  32, 130,
       480, 114,   8, 186,  91, 419, 213, 191, 143, 434, 426, 234, 434,
       467, 160,  40, 356,  73,  26, 108, 148, 470, 276, 220, 127,  97,
       123, 333, 481, 195, 390, 436, 151,  99,  21, 478, 268,   2, 442,
       396,  42, 173, 291, 406, 113])}, {'ts_index': 50, 'loc': 183, 'gap': 0.022140605536408994, 'distances': array([0.11191666, 0.11273507, 0.09215522, 0.03881333, 0.07380606,
       0.10260169, 0.10457282, 0.11844569, 0.11717059, 0.10842009,
       0.08158801, 0.11446025, 0.12313795, 0.06546867, 0.13745519,
       0.11072094, 0.08063643, 0.11628946, 0.11443324, 0.10092991,
       0.07512989, 0.11112194, 0.0290354 , 0.03144   , 0.11718152,
       0.06314594, 0.0916423 , 0.05223723, 0.11217242, 0.05294452,
       0.10244747, 0.09978481, 0.1011179 , 0.09189182, 0.        ,
       0.10553283, 0.12472497, 0.10757572, 0.0874101 , 0.10572651,
       0.11969452, 0.11033665, 0.09150751, 0.11801816, 0.10757812,
       0.07855384, 0.04326628, 0.06201267, 0.08517635, 0.11269298,
       0.12603355, 0.07553897, 0.08488157, 0.08815804, 0.11218803,
       0.13429223, 0.09144044, 0.06269184, 0.0572616 , 0.0861645 ,
       0.09912626, 0.09559404, 0.1098428 , 0.06402057, 0.125526  ,
       0.12574762, 0.05370941, 0.03082503, 0.06090792, 0.08421396,
       0.13362233, 0.09333773, 0.0662859 , 0.11165637, 0.10031081,
       0.09229286, 0.05690236, 0.11944278, 0.09549679, 0.09400482,
       0.10575739, 0.10848918, 0.07463675, 0.12211512, 0.10095318,
       0.08975854, 0.1200373 , 0.07399633, 0.11144338, 0.07732983,
       0.08286343, 0.0847323 , 0.12476549, 0.12541768, 0.06193725,
       0.11857592, 0.12900143, 0.11027235, 0.12046781, 0.09769535,
       0.12418876, 0.09664883, 0.08529329, 0.0568118 , 0.11021741,
       0.12371014, 0.10525465, 0.10821518, 0.1217725 , 0.12469814,
       0.10949799, 0.11225393]), 'delta_distances': array([0., 0., 0., 0., 0., 0., 0., 0., 0., 0., 0., 0., 0., 0., 0., 0., 0.,
       0., 0., 0., 0., 0., 0., 0., 0., 0., 0., 0., 0., 0., 0., 0., 0., 0.,
       0., 0., 0., 0., 0., 0., 0., 0., 0., 0., 0., 0., 0., 0., 0., 0., 0.,
       0., 0., 0., 0., 0., 0., 0., 0., 0., 0., 0., 0., 0., 0., 0., 0., 0.,
       0., 0., 0., 0., 0., 0., 0., 0., 0., 0., 0., 0., 0., 0., 0., 0., 0.,
       0., 0., 0., 0., 0., 0., 0., 0., 0., 0., 0., 0., 0., 0., 0., 0., 0.,
       0., 0., 0., 0., 0., 0., 0., 0., 0., 0.]), 'locations': array([239,  44, 383, 388, 176, 140, 302, 421, 339, 393, 100, 290, 466,
       340, 451, 292, 320, 277,  41, 424, 447,   6,  28, 406, 421, 476,
       288, 163,  67, 132, 143, 232,  38,  87, 183, 163,  16, 218, 237,
       150, 245, 396, 177, 294, 415, 121, 324, 301, 465, 358, 420, 449,
       275, 451,  14,   0, 280, 229, 174, 146, 333, 122,  25, 321,  41,
       200, 408,  34,   3, 148, 201, 260, 274, 252, 348, 270, 288, 266,
       271, 271,  88,  64, 351, 437, 312, 114, 254, 402,  97, 187, 423,
       287, 308, 395, 141, 426,  68, 362,  50, 247, 448, 140, 206, 227,
        73, 189, 470, 367, 258, 113,  40, 419])}, {'ts_index': 143, 'loc': 69, 'gap': 0.02228724916110518, 'distances': array([0.11506576, 0.08686725, 0.0762097 , 0.05238347, 0.06475213,
       0.10565328, 0.06654265, 0.10825923, 0.07197422, 0.0600665 ,
       0.06790587, 0.06929366, 0.07918804, 0.06435358, 0.07399349,
       0.10600884, 0.05872603, 0.06647139, 0.04968722, 0.05625067,
       0.07710672, 0.06172902, 0.05787032, 0.12200977, 0.06169946,
       0.12283615, 0.11986327, 0.07354604, 0.05933408, 0.12562125,
       0.10944265, 0.13346126, 0.10610285, 0.11047431, 0.13034145,
       0.10945715, 0.06839911, 0.1257704 , 0.08929098, 0.12735262,
       0.11457133, 0.10581369, 0.08508705, 0.05922473, 0.07684461,
       0.06877892, 0.06436555, 0.09625997, 0.10753015, 0.05236208,
       0.0593239 , 0.06573549, 0.07767497, 0.05317726, 0.08901649,
       0.06463931, 0.09986732, 0.08791518, 0.07915649, 0.09227574,
       0.10736891, 0.06545908, 0.        , 0.05611739, 0.07792665,
       0.05806838, 0.05421403, 0.0562527 , 0.08874844, 0.07199749,
       0.12340813, 0.07455408, 0.08869719, 0.05667053, 0.10546815,
       0.04994041, 0.11240255, 0.09119666, 0.06864941, 0.08865665,
       0.04983844, 0.06235505, 0.1076753 , 0.08179725, 0.11368014,
       0.09004045, 0.07402308, 0.07230023, 0.06086354, 0.05235192,
       0.06502436, 0.05735758]), 'delta_distances': array([0., 0., 0., 0., 0., 0., 0., 0., 0., 0., 0., 0., 0., 0., 0., 0., 0.,
       0., 0., 0., 0., 0., 0., 0., 0., 0., 0., 0., 0., 0., 0., 0., 0., 0.,
       0., 0., 0., 0., 0., 0., 0., 0., 0., 0., 0., 0., 0., 0., 0., 0., 0.,
       0., 0., 0., 0., 0., 0., 0., 0., 0., 0., 0., 0., 0., 0., 0., 0., 0.,
       0., 0., 0., 0., 0., 0., 0., 0., 0., 0., 0., 0., 0., 0., 0., 0., 0.,
       0., 0., 0., 0., 0., 0., 0.]), 'locations': array([213, 137, 213, 318, 375, 387, 399, 211, 140, 478, 341,  75, 191,
       481, 286, 382, 240, 382,  15,  37, 312, 478,  37, 478, 359, 297,
       278, 229, 413,  88, 330, 296, 202, 404, 213, 391,  56, 368,  86,
       368, 133, 396,  34, 266, 251, 234, 148, 313, 157, 388, 257,   0,
       119, 326, 440, 360, 369,  40,   7, 127,   2,  45,  69, 152, 298,
       351, 193, 337,  12, 450, 141, 473, 225, 141,  85, 451,  90, 204,
       333, 354, 217,  31, 129, 220, 209, 269, 344, 446, 252, 106, 402,
       122])}, {'ts_index': 63, 'loc': 83, 'gap': 0.020748086222926385, 'distances': array([0.04137495, 0.08930515, 0.09950234, 0.07858669, 0.07042905,
       0.0772757 , 0.09384824, 0.12079039, 0.04766557, 0.08069449,
       0.        , 0.06948545, 0.11722584, 0.06200087, 0.12563607,
       0.10466863, 0.07485471, 0.11234585, 0.09029816, 0.05844272,
       0.12586928, 0.1224455 , 0.0910523 , 0.07548765, 0.05223312]), 'delta_distances': array([0., 0., 0., 0., 0., 0., 0., 0., 0., 0., 0., 0., 0., 0., 0., 0., 0.,
       0., 0., 0., 0., 0., 0., 0., 0.]), 'locations': array([260, 203, 411, 316, 224, 414, 417, 371, 456, 173,  83, 439, 485,
       109,  52, 329,  26, 453, 255, 185, 220, 327, 466, 221, 147])}, {'ts_index': 73, 'loc': 479, 'gap': 0.032777188617442776, 'distances': array([0.10501481, 0.14095956, 0.        , 0.13803543, 0.13832661]), 'delta_distances': array([0., 0., 0., 0., 0.]), 'locations': array([ 60,  29, 479, 349, 420])}], 'clusters': array([6, 1, 5, 5, 4, 5, 5, 2, 6, 5, 6, 5, 5, 5, 3, 5, 4, 5, 5, 2, 1, 5,
       6, 5, 5, 5, 1, 5, 3, 1, 4, 1, 3, 4, 5, 4, 5, 1, 4, 5, 4, 2, 1, 6,
       1, 3, 1, 5, 6, 6, 4, 3, 1, 5, 1, 5, 7, 2, 6, 1, 6, 2, 2, 6, 6, 0,
       1, 2, 3, 6, 3, 5, 2, 7, 4, 1, 4, 2, 3, 2, 5, 1, 2, 2, 6, 6, 2, 6,
       5, 1, 3, 5, 5, 1, 2, 5, 5, 4, 4, 2, 3, 5, 6, 1, 3, 1, 5, 2, 5, 4,
       5, 3, 5, 4, 1, 2, 4, 3, 1, 3, 4, 2, 2, 2, 5, 5, 5, 4, 5, 5, 3, 1,
       3, 2, 5, 1, 4, 3, 2, 5, 6, 5, 1, 5, 1, 1, 5, 5, 2, 1, 5, 1, 1, 5,
       2, 5, 5, 5, 0, 5, 3, 5, 5, 0, 3, 5, 1, 4, 6, 2, 3, 3, 5, 5, 3, 5,
       5, 5, 2, 6, 1, 5, 4, 6, 5, 1, 1, 3, 5, 1, 5, 5, 2, 2, 5, 1, 3, 5,
       5, 2]), 'time': 31064.352518320084}
