lenSubsequence: 12{'RI': 0.6118090452261307, 'num_clusters': 10, 'uShapelets': [{'ts_index': 121, 'loc': 358, 'gap': 0.05144481919547296, 'distances': array([0.14183052, 0.10353785, 0.13064353, 0.13966726, 0.12599308,
       0.12244576, 0.14190304, 0.13115797, 0.15201761, 0.14685645,
       0.15910235, 0.1387204 , 0.14404143, 0.14212756, 0.14742257,
       0.13366744, 0.15454792, 0.14375027, 0.16892591, 0.15197216,
       0.13637758, 0.14615055, 0.15986168, 0.12911566, 0.13282026,
       0.14742243, 0.13040588, 0.13436686, 0.15061701, 0.12468531,
       0.15195639, 0.14047995, 0.12911499, 0.13221467, 0.13350811,
       0.09432506, 0.15469798, 0.09663923, 0.12694927, 0.15143151,
       0.13147174, 0.13623043, 0.13069196, 0.0846547 , 0.14888139,
       0.13690471, 0.1280142 , 0.13402291, 0.15767964, 0.14020493,
       0.14457406, 0.11318131, 0.12246646, 0.12697897, 0.14276032,
       0.08764301, 0.1533258 , 0.15159347, 0.15920738, 0.16139749,
       0.13442306, 0.12663922, 0.07658465, 0.1175347 , 0.147947  ,
       0.15271457, 0.15728895, 0.15229822, 0.13409539, 0.15223049,
       0.15646972, 0.13952745, 0.14027589, 0.14384308, 0.13189459,
       0.11000229, 0.11253824, 0.14739387, 0.11216679, 0.11756799,
       0.14434272, 0.12228586, 0.1446046 , 0.13286921, 0.13490456,
       0.15725568, 0.12786404, 0.13750405, 0.13261117, 0.15656817,
       0.02077459, 0.10394312, 0.02534919, 0.07653889, 0.16312791,
       0.0703583 , 0.02782895, 0.09733282, 0.06675304, 0.06808567,
       0.13114151, 0.03027656, 0.08247219, 0.02279694, 0.048561  ,
       0.04446152, 0.09704064, 0.07329926, 0.02825097, 0.06354667,
       0.03763379, 0.10541535, 0.11784253, 0.15057984, 0.02975863,
       0.04049115, 0.11623041, 0.13038456, 0.0246649 , 0.06454666,
       0.03753364, 0.        , 0.01927443, 0.03385254, 0.03697371,
       0.06767611, 0.03423377, 0.03615945, 0.1459017 , 0.12004734,
       0.08230397, 0.05492688, 0.10804307, 0.13144375, 0.04276613,
       0.04686949, 0.06128308, 0.1028948 , 0.15077788, 0.02751754,
       0.04824276, 0.11673584, 0.1114371 , 0.13640298, 0.14052733,
       0.08899578, 0.06712717, 0.04730308, 0.08783489, 0.1291615 ,
       0.06782928, 0.03390989, 0.06776071, 0.1220776 , 0.03246142,
       0.14165063, 0.0770751 , 0.02569938, 0.03623289, 0.03632769,
       0.09550694, 0.06089497, 0.11898444, 0.0324243 , 0.03639193,
       0.13217025, 0.03261173, 0.05603561, 0.0364084 , 0.03509921,
       0.08412304, 0.03640644, 0.04610665, 0.08741708, 0.1098529 ,
       0.10457946, 0.12956666, 0.02882532, 0.03132696, 0.14439365,
       0.13963418, 0.14113992, 0.1359859 , 0.12236771, 0.10608396,
       0.13780325, 0.09410402, 0.13862726, 0.13241038, 0.14048301,
       0.14216775, 0.12670053, 0.06683489, 0.06135001, 0.06855084,
       0.11753531, 0.05517437, 0.02465321, 0.01753017, 0.03749562]), 'delta_distances': array([0., 0., 0., 0., 0., 0., 0., 0., 0., 0., 0., 0., 0., 0., 0., 0., 0.,
       0., 0., 0., 0., 0., 0., 0., 0., 0., 0., 0., 0., 0., 0., 0., 0., 0.,
       0., 0., 0., 0., 0., 0., 0., 0., 0., 0., 0., 0., 0., 0., 0., 0., 0.,
       0., 0., 0., 0., 0., 0., 0., 0., 0., 0., 0., 0., 0., 0., 0., 0., 0.,
       0., 0., 0., 0., 0., 0., 0., 0., 0., 0., 0., 0., 0., 0., 0., 0., 0.,
       0., 0., 0., 0., 0., 0., 0., 0., 0., 0., 0., 0., 0., 0., 0., 0., 0.,
       0., 0., 0., 0., 0., 0., 0., 0., 0., 0., 0., 0., 0., 0., 0., 0., 0.,
       0., 0., 0., 0., 0., 0., 0., 0., 0., 0., 0., 0., 0., 0., 0., 0., 0.,
       0., 0., 0., 0., 0., 0., 0., 0., 0., 0., 0., 0., 0., 0., 0., 0., 0.,
       0., 0., 0., 0., 0., 0., 0., 0., 0., 0., 0., 0., 0., 0., 0., 0., 0.,
       0., 0., 0., 0., 0., 0., 0., 0., 0., 0., 0., 0., 0., 0., 0., 0., 0.,
       0., 0., 0., 0., 0., 0., 0., 0., 0., 0., 0., 0., 0.]), 'locations': array([ 70, 188,  82, 439, 115,  55, 473, 449,  56,  16,  75,   7, 198,
       241,  77,  66, 396,  43, 429,  43, 269, 478, 105, 260, 126, 426,
        84, 371,  86, 389, 318, 371, 378, 234,  60, 204,  85, 201, 434,
        45,  98, 255, 126, 377,  67,  45, 352, 413, 397, 316,  90, 423,
       244, 411,  64, 406, 440, 220,  17,  92, 279, 378, 150, 317, 244,
       174, 384,  11,  40, 179, 204, 301,  55, 244, 273, 137, 113, 256,
        49, 154,  44, 411, 236,  42, 217,  69, 165, 384, 156, 326, 429,
       119, 364, 394,  81, 390,  78,  59, 307, 256,  74, 296, 467, 142,
       442,  54, 466,  96, 151, 368, 191, 426, 441, 177, 195,  25, 353,
       204, 313, 422, 102, 358, 383, 153, 125, 304, 157,  79, 346, 299,
        18, 119,  87, 361, 405, 121, 334, 469, 345, 331,  49,  38,  75,
       210, 190, 303, 228, 302, 411, 380, 362,  98,  27, 252,  49, 271,
       309, 429, 159,  84, 474, 235,  26, 248, 308, 220, 243, 279, 117,
       253, 348,  78, 370,  56, 358, 174, 423, 416, 172, 122, 239,  84,
       344, 348, 145, 324, 370, 315,  90, 354,  78,  68, 368,  40, 197,
       288, 138, 422, 137, 340])}, {'ts_index': 173, 'loc': 57, 'gap': 0.05158050762213679, 'distances': array([0.15676857, 0.13302011, 0.15073883, 0.14741312, 0.10929253,
       0.1617497 , 0.15867252, 0.12468791, 0.16977621, 0.13786409,
       0.10730867, 0.13407824, 0.11907226, 0.15467622, 0.10591917,
       0.15525761, 0.15771548, 0.12048115, 0.1181374 , 0.15698022,
       0.16402283, 0.15913469, 0.10054538, 0.12557155, 0.10335946,
       0.13446645, 0.13943381, 0.15871823, 0.15281682, 0.13889075,
       0.12163702, 0.13098233, 0.14905434, 0.13302658, 0.14182799,
       0.13233712, 0.15711469, 0.14914715, 0.12647061, 0.14657185,
       0.15340116, 0.15792534, 0.13508942, 0.15602352, 0.15213031,
       0.16937343, 0.15636977, 0.16241417, 0.1359764 , 0.15682608,
       0.14847403, 0.15438705, 0.12644759, 0.12634785, 0.15678317,
       0.15153727, 0.10950885, 0.12982232, 0.16287559, 0.16058546,
       0.16380858, 0.15185962, 0.16521992, 0.14730549, 0.15422677,
       0.1643527 , 0.16112443, 0.16596616, 0.12738613, 0.15443299,
       0.15483522, 0.1421069 , 0.14703059, 0.16806171, 0.12310799,
       0.11722966, 0.13018057, 0.12946471, 0.11847463, 0.11964387,
       0.16247417, 0.12979795, 0.15917618, 0.15322341, 0.14858605,
       0.14871612, 0.12970299, 0.16432188, 0.12740951, 0.10778085,
       0.08073652, 0.03151429, 0.14170652, 0.04366246, 0.03949648,
       0.0568456 , 0.04930961, 0.12719634, 0.02922026, 0.03114815,
       0.04952993, 0.04412403, 0.05988813, 0.01269408, 0.05241655,
       0.08691907, 0.05745077, 0.05924176, 0.05741236, 0.04074175,
       0.0385942 , 0.08915237, 0.09082964, 0.13408986, 0.02816133,
       0.11415101, 0.07594152, 0.09167464, 0.05485329, 0.07689152,
       0.05490382, 0.13813551, 0.05184289, 0.10381077, 0.11643904,
       0.04826553, 0.08556656, 0.06727142, 0.04888105, 0.12848986,
       0.05450784, 0.05763206, 0.0753039 , 0.09465325, 0.1332624 ,
       0.02276102, 0.09300251, 0.        , 0.04903478, 0.0751718 ,
       0.09554536, 0.05332429, 0.1469167 , 0.16793584, 0.09920426,
       0.12486133, 0.08742017, 0.15825438, 0.10142321, 0.13796503,
       0.16344595, 0.14471917, 0.16188092, 0.03836581, 0.0446591 ,
       0.03072134, 0.04704193, 0.13064024, 0.0458079 ]), 'delta_distances': array([0., 0., 0., 0., 0., 0., 0., 0., 0., 0., 0., 0., 0., 0., 0., 0., 0.,
       0., 0., 0., 0., 0., 0., 0., 0., 0., 0., 0., 0., 0., 0., 0., 0., 0.,
       0., 0., 0., 0., 0., 0., 0., 0., 0., 0., 0., 0., 0., 0., 0., 0., 0.,
       0., 0., 0., 0., 0., 0., 0., 0., 0., 0., 0., 0., 0., 0., 0., 0., 0.,
       0., 0., 0., 0., 0., 0., 0., 0., 0., 0., 0., 0., 0., 0., 0., 0., 0.,
       0., 0., 0., 0., 0., 0., 0., 0., 0., 0., 0., 0., 0., 0., 0., 0., 0.,
       0., 0., 0., 0., 0., 0., 0., 0., 0., 0., 0., 0., 0., 0., 0., 0., 0.,
       0., 0., 0., 0., 0., 0., 0., 0., 0., 0., 0., 0., 0., 0., 0., 0., 0.,
       0., 0., 0., 0., 0., 0., 0., 0., 0., 0., 0., 0., 0., 0., 0., 0., 0.,
       0., 0., 0., 0., 0., 0.]), 'locations': array([136, 188, 376, 258, 304, 120, 420, 449, 464, 119, 347, 267, 323,
        70, 160,  63,  76, 255, 429, 316, 167, 435, 296,  72, 326,  58,
        59,  99, 250, 154, 407,  48, 432,  34, 431, 213, 276, 474, 213,
       441,  46, 249, 126,  72, 171, 177, 206, 374, 312, 252,  62, 418,
         0, 193,  82, 325,  12, 357,  14, 243, 145, 395, 154, 481, 444,
       425, 334, 420, 226,  85, 247,  49, 121,  13, 332, 194, 161, 274,
        33, 206, 147, 259, 295, 396, 217, 212, 299,  74,  68, 326, 103,
       374,  99, 372,  56, 278, 252, 192, 454, 294, 111, 356, 409, 424,
       148, 354, 109, 429, 297, 127, 315,  11, 132, 204, 310,  83, 427,
       351,  17,  54, 206, 465, 273, 223, 431, 384, 368,  23, 155, 257,
       292,  31, 224,  15,  86, 299, 101,  57, 351, 370, 325, 122, 430,
       308, 285,  90, 448, 438, 172, 137,  22, 329, 245,  75, 356,  21,
       189, 260, 124])}, {'ts_index': 176, 'loc': 344, 'gap': 0.03789817398653042, 'distances': array([0.15483748, 0.13648366, 0.16424514, 0.16193097, 0.1458529 ,
       0.13284744, 0.14648521, 0.12685934, 0.15581731, 0.13632697,
       0.15451399, 0.10556535, 0.14940347, 0.16329226, 0.08555829,
       0.15113011, 0.14604904, 0.12038625, 0.14664838, 0.16541214,
       0.15399654, 0.15543159, 0.15605998, 0.14171534, 0.15678241,
       0.1165164 , 0.125314  , 0.13812439, 0.14672499, 0.14637719,
       0.15019128, 0.12537329, 0.1467251 , 0.12565773, 0.08542155,
       0.15262042, 0.14570213, 0.10177194, 0.10097113, 0.10855916,
       0.13968619, 0.13990377, 0.12498785, 0.11890311, 0.13611635,
       0.1483704 , 0.15635403, 0.1288473 , 0.13721753, 0.15998557,
       0.15524927, 0.1481844 , 0.13893527, 0.14444103, 0.11392452,
       0.13127269, 0.14071291, 0.12084312, 0.12490441, 0.14659045,
       0.1242232 , 0.10674461, 0.15501541, 0.10890385, 0.15327256,
       0.15166708, 0.15912255, 0.14195239, 0.15241472, 0.1609035 ,
       0.15106311, 0.13521111, 0.1492935 , 0.16004288, 0.09120071,
       0.11417665, 0.10721452, 0.14031777, 0.13897186, 0.15990551,
       0.13903716, 0.13474544, 0.14200711, 0.11631385, 0.132497  ,
       0.15410618, 0.14358805, 0.14582407, 0.15496353, 0.1418872 ,
       0.02853325, 0.04927808, 0.12587138, 0.0993419 , 0.10141094,
       0.07913013, 0.05573874, 0.0403559 , 0.07785038, 0.13020463,
       0.11777837, 0.11091194, 0.05315007, 0.04813989, 0.08922176,
       0.05906056, 0.04412704, 0.03018653, 0.03748332, 0.03778769,
       0.0577295 , 0.        , 0.13825661, 0.13559212, 0.0961395 ,
       0.08723059, 0.1085149 , 0.132176  , 0.1442194 , 0.12180761,
       0.16360696, 0.143977  , 0.093869  , 0.04297732]), 'delta_distances': array([0., 0., 0., 0., 0., 0., 0., 0., 0., 0., 0., 0., 0., 0., 0., 0., 0.,
       0., 0., 0., 0., 0., 0., 0., 0., 0., 0., 0., 0., 0., 0., 0., 0., 0.,
       0., 0., 0., 0., 0., 0., 0., 0., 0., 0., 0., 0., 0., 0., 0., 0., 0.,
       0., 0., 0., 0., 0., 0., 0., 0., 0., 0., 0., 0., 0., 0., 0., 0., 0.,
       0., 0., 0., 0., 0., 0., 0., 0., 0., 0., 0., 0., 0., 0., 0., 0., 0.,
       0., 0., 0., 0., 0., 0., 0., 0., 0., 0., 0., 0., 0., 0., 0., 0., 0.,
       0., 0., 0., 0., 0., 0., 0., 0., 0., 0., 0., 0., 0., 0., 0., 0., 0.,
       0., 0., 0., 0., 0.]), 'locations': array([120,  50,  27, 350,  94, 381,  60, 428, 176, 337, 444, 267, 165,
        78, 199, 397,  85, 255, 429, 424,  16,  82, 296, 445,  84, 105,
       156, 391, 152, 290, 457, 471,   0, 141, 264, 387, 276,  47, 259,
       441,  56, 389, 101, 165, 171, 111, 285, 385, 312, 428, 304,  75,
       180, 324,  41, 294,  12,  66,  48, 149, 204, 275, 267, 351, 244,
       427, 260, 301,  95, 239, 339, 401, 152,  41, 109, 305, 161,  96,
       104, 315, 147,  54, 458, 239, 379, 245, 160, 446, 349, 253, 121,
        83, 192, 354,   1, 120, 185, 340, 394,   2,  54, 166, 211, 430,
       358, 257, 236,  31, 201, 112, 373, 344, 108, 168, 148, 220,  18,
       438, 446, 360, 459, 431,  77, 390])}, {'ts_index': 13, 'loc': 254, 'gap': 0.039196602066784075, 'distances': array([0.1021438 , 0.13810305, 0.13398978, 0.03382112, 0.15201847,
       0.14473536, 0.06229948, 0.13251534, 0.15952863, 0.14615805,
       0.07781032, 0.14601249, 0.14990058, 0.        , 0.11516082,
       0.12546126, 0.11954839, 0.1409136 , 0.14162338, 0.15851595,
       0.14658854, 0.04691876, 0.10187213, 0.11138199, 0.10210765,
       0.10538137, 0.06498312, 0.13181112, 0.15356384, 0.10250309,
       0.1201379 , 0.04587948, 0.11492515, 0.16247929, 0.09613323,
       0.11837526, 0.1233177 , 0.09688216, 0.15849209, 0.11071077,
       0.12983897, 0.16350251, 0.13398205, 0.1215826 , 0.10138081,
       0.16701314, 0.15982807, 0.08501476, 0.06951959, 0.09110962,
       0.15190805, 0.04457869, 0.07894614, 0.12324023, 0.14639513,
       0.15308192, 0.13861296, 0.03634245, 0.04183227, 0.11465756,
       0.09158252, 0.06350037, 0.04180894, 0.11219964, 0.13831659,
       0.15656948, 0.1217264 , 0.10942188, 0.16231445, 0.15159694,
       0.13665964, 0.13040571, 0.1177407 , 0.07964314, 0.14365625,
       0.15916141, 0.13380323, 0.14366375, 0.13824752, 0.09158094,
       0.13134212, 0.13830857, 0.08344633, 0.16439746, 0.09330838,
       0.05276   , 0.04723695, 0.12665234, 0.13293008, 0.1584316 ,
       0.13932029, 0.11027871, 0.09954568, 0.15306912, 0.05129558,
       0.15101991, 0.07281468, 0.16403131, 0.04636108, 0.11556109,
       0.05069131, 0.15322842]), 'delta_distances': array([0., 0., 0., 0., 0., 0., 0., 0., 0., 0., 0., 0., 0., 0., 0., 0., 0.,
       0., 0., 0., 0., 0., 0., 0., 0., 0., 0., 0., 0., 0., 0., 0., 0., 0.,
       0., 0., 0., 0., 0., 0., 0., 0., 0., 0., 0., 0., 0., 0., 0., 0., 0.,
       0., 0., 0., 0., 0., 0., 0., 0., 0., 0., 0., 0., 0., 0., 0., 0., 0.,
       0., 0., 0., 0., 0., 0., 0., 0., 0., 0., 0., 0., 0., 0., 0., 0., 0.,
       0., 0., 0., 0., 0., 0., 0., 0., 0., 0., 0., 0., 0., 0., 0., 0., 0.]), 'locations': array([146, 185, 377, 306, 158,   2,  70,  18, 116, 285, 200, 363, 419,
       254, 374, 451, 203, 448, 414, 363, 383, 137, 196, 202, 428, 430,
       108, 357, 230, 234, 477, 457,  22,   0,  97, 351,  65, 292, 187,
        23,  11, 176, 446, 145, 221, 176, 307, 237,  43,   3, 139, 167,
       423, 352, 328, 374, 341,   8, 172, 166, 362,   8, 275, 256, 303,
       462, 125, 354, 194, 136,  91, 193, 215, 450, 100, 286, 164, 101,
       202, 120, 113, 279, 448, 358, 480, 213, 249, 429, 212, 216, 110,
       360, 296, 434,  16, 260, 214, 245, 218, 467, 232, 372])}, {'ts_index': 49, 'loc': 217, 'gap': 0.02946102004288098, 'distances': array([0.14182271, 0.15873658, 0.14394985, 0.08108002, 0.16269533,
       0.13330131, 0.12261867, 0.14011231, 0.11168341, 0.11527528,
       0.1632103 , 0.11137839, 0.08790263, 0.1293593 , 0.14874278,
       0.15589114, 0.11511048, 0.11823308, 0.05778067, 0.12559064,
       0.1269255 , 0.14938534, 0.1454877 , 0.14001953, 0.16161862,
       0.14748298, 0.15108933, 0.09563183, 0.13986019, 0.11392541,
       0.1450151 , 0.06973126, 0.12159842, 0.06453603, 0.15177945,
       0.13349557, 0.09600102, 0.10327414, 0.13118627, 0.1385049 ,
       0.        , 0.15376962, 0.05412964, 0.09907119, 0.11628584,
       0.07358493, 0.1598364 , 0.12385173, 0.15811474, 0.15310992,
       0.14601201, 0.05888991, 0.13285744, 0.06442341, 0.15391095,
       0.14723567, 0.14458635, 0.1498233 , 0.13526726, 0.08748736,
       0.09388249, 0.1420021 , 0.14485313, 0.12321891, 0.1508282 ,
       0.07196125, 0.16105579, 0.1183569 , 0.14177272, 0.09912891,
       0.13462537, 0.11702113, 0.15213663, 0.12937025, 0.13592679,
       0.09569992, 0.15405535, 0.07662724, 0.07677857, 0.1635286 ,
       0.10737713, 0.14467851, 0.06418206]), 'delta_distances': array([0., 0., 0., 0., 0., 0., 0., 0., 0., 0., 0., 0., 0., 0., 0., 0., 0.,
       0., 0., 0., 0., 0., 0., 0., 0., 0., 0., 0., 0., 0., 0., 0., 0., 0.,
       0., 0., 0., 0., 0., 0., 0., 0., 0., 0., 0., 0., 0., 0., 0., 0., 0.,
       0., 0., 0., 0., 0., 0., 0., 0., 0., 0., 0., 0., 0., 0., 0., 0., 0.,
       0., 0., 0., 0., 0., 0., 0., 0., 0., 0., 0., 0., 0., 0., 0.]), 'locations': array([367, 272, 126, 172, 328, 327, 209, 312, 418, 281,  44, 324,  38,
       253, 168, 269, 218, 381, 108, 125, 119,  74, 408,  27, 291, 340,
        10, 277, 268, 207, 378, 456, 263,  52, 209, 289, 162,  86, 201,
        46, 217,  97, 335, 383, 243, 206,  55, 474, 121, 137,   1, 120,
       225, 312, 466,  54,   1, 372, 119, 487, 487, 282, 354, 218, 155,
       398, 102, 252,  41, 139, 309, 196, 132, 483, 429, 455, 429,  63,
       150, 482, 105,  27, 212])}, {'ts_index': 18, 'loc': 10, 'gap': 0.02896266214038498, 'distances': array([0.11502404, 0.05393693, 0.10838313, 0.10214025, 0.15634725,
       0.10943299, 0.11980459, 0.09428279, 0.09675312, 0.11827434,
       0.13752402, 0.        , 0.03555158, 0.05339865, 0.05052541,
       0.1585507 , 0.12953038, 0.13026651, 0.11729088, 0.13863172,
       0.09735876, 0.08025126, 0.08911915, 0.04028515, 0.08935159,
       0.11676313, 0.10656958, 0.04077131, 0.13198463, 0.08846912,
       0.15034037, 0.10897766, 0.10283221, 0.13511022, 0.12973937,
       0.11492485, 0.14258209, 0.12733154, 0.13114568, 0.10193783,
       0.12337421, 0.11711607, 0.07135207, 0.12422087, 0.13959631,
       0.04463743, 0.0773352 , 0.09988072, 0.06719613, 0.14283718,
       0.08632452, 0.11565635, 0.11127037, 0.09194919, 0.12035468,
       0.03977469, 0.09027023, 0.13085575, 0.12167722, 0.14326817,
       0.12831508, 0.06868882, 0.14415848, 0.08581096, 0.05055208,
       0.10518585, 0.0828619 , 0.07047283]), 'delta_distances': array([0., 0., 0., 0., 0., 0., 0., 0., 0., 0., 0., 0., 0., 0., 0., 0., 0.,
       0., 0., 0., 0., 0., 0., 0., 0., 0., 0., 0., 0., 0., 0., 0., 0., 0.,
       0., 0., 0., 0., 0., 0., 0., 0., 0., 0., 0., 0., 0., 0., 0., 0., 0.,
       0., 0., 0., 0., 0., 0., 0., 0., 0., 0., 0., 0., 0., 0., 0., 0., 0.]), 'locations': array([117, 406,  88, 187,  62, 357,  70, 245,  54, 433, 140,  10, 381,
       428, 255, 103, 400, 256, 463, 135, 148, 378, 145, 305,  67, 219,
       415, 400, 457, 202, 138, 211, 410,  73, 439,  68, 276, 433,  74,
       140,  73, 138, 150, 288,  34,   6, 395, 204,  20, 418, 266, 158,
       388, 284,  34,  56,  72, 406, 471, 287, 129, 394, 190, 117, 448,
        58, 317, 450])}, {'ts_index': 5, 'loc': 91, 'gap': 0.03003867351653028, 'distances': array([0.1084297 , 0.15076392, 0.        , 0.05406765, 0.12155497,
       0.12787748, 0.05829776, 0.15454347, 0.12769581, 0.14178223,
       0.09828541, 0.12857252, 0.11030162, 0.05479933, 0.05850466,
       0.15453263, 0.12559164, 0.13816068, 0.11750197, 0.12853094,
       0.15493692, 0.15682418, 0.1129195 , 0.14976914, 0.11412358,
       0.09934915, 0.04890811, 0.09697724, 0.14580285, 0.15384081,
       0.13993096, 0.07282479, 0.09798418, 0.10164435, 0.12147869,
       0.05496574, 0.12864798, 0.05637971, 0.13109201, 0.08434705,
       0.12054362, 0.07727299, 0.14144925, 0.085024  , 0.15883104,
       0.09105995, 0.13403486, 0.05558405, 0.10885984, 0.14117512,
       0.15438575, 0.13378774, 0.08271689, 0.08744521, 0.16257571]), 'delta_distances': array([0., 0., 0., 0., 0., 0., 0., 0., 0., 0., 0., 0., 0., 0., 0., 0., 0.,
       0., 0., 0., 0., 0., 0., 0., 0., 0., 0., 0., 0., 0., 0., 0., 0., 0.,
       0., 0., 0., 0., 0., 0., 0., 0., 0., 0., 0., 0., 0., 0., 0., 0., 0.,
       0., 0., 0., 0.]), 'locations': array([143, 391,  91, 389, 465, 402,  89, 202,  16, 430, 471, 321,   9,
        50, 475, 334, 374, 461, 176,  44, 291, 106, 224, 134, 225, 440,
       336, 287,  26,  40, 145,  97, 418, 277, 455,  20, 108, 432, 200,
        82, 325, 129, 169,  24, 385, 374, 264, 367, 212, 328, 479,  51,
       307, 111, 370])}, {'ts_index': 48, 'loc': 444, 'gap': 0.03446705125364623, 'distances': array([0.15867615, 0.16037854, 0.0612765 , 0.12625522, 0.08580238,
       0.1572433 , 0.14849817, 0.10387715, 0.13450324, 0.05463986,
       0.14290991, 0.1312777 , 0.04038606, 0.1066962 , 0.14167178,
       0.13469084, 0.12739713, 0.08430023, 0.14757755, 0.14228655,
       0.13883618, 0.        , 0.09909081, 0.13337739, 0.06996791,
       0.14163263, 0.11738294, 0.14042087, 0.0581132 , 0.13262334,
       0.05541324, 0.14347234, 0.12961599, 0.14979781, 0.11676423,
       0.1461007 , 0.10798771, 0.15451008, 0.1356156 , 0.11055803,
       0.1183638 , 0.12280098, 0.11070113, 0.07745183]), 'delta_distances': array([0., 0., 0., 0., 0., 0., 0., 0., 0., 0., 0., 0., 0., 0., 0., 0., 0.,
       0., 0., 0., 0., 0., 0., 0., 0., 0., 0., 0., 0., 0., 0., 0., 0., 0.,
       0., 0., 0., 0., 0., 0., 0., 0., 0., 0.]), 'locations': array([270, 193, 451,  73,  52, 468, 438, 393,  49, 174,  13, 271, 103,
       390,   8, 350,  29, 236,  12,  94,  36, 444,  80, 161, 245, 272,
       243, 108, 188, 141, 123, 481, 486, 437, 358, 279, 374, 121,  54,
       145, 379, 456, 162, 138])}, {'ts_index': 38, 'loc': 327, 'gap': 0.03877042701079514, 'distances': array([0.08865536, 0.06248281, 0.15083137, 0.13447655, 0.07022896,
       0.07310518, 0.09795192, 0.06226115, 0.07077266, 0.08608659,
       0.0621318 , 0.04502303, 0.        , 0.07172484, 0.08598845,
       0.07906973, 0.10423881, 0.08986844, 0.08060934, 0.07148796,
       0.06146609, 0.13853797, 0.12458922, 0.1368326 , 0.04273575,
       0.14927608, 0.05940421, 0.08192717, 0.05404825, 0.07294598,
       0.08569484, 0.07580941, 0.14959684, 0.12522804, 0.042898  ]), 'delta_distances': array([0., 0., 0., 0., 0., 0., 0., 0., 0., 0., 0., 0., 0., 0., 0., 0., 0.,
       0., 0., 0., 0., 0., 0., 0., 0., 0., 0., 0., 0., 0., 0., 0., 0., 0.,
       0.]), 'locations': array([332, 310, 106, 208, 129, 172, 137, 163, 445,  69, 347, 239, 327,
       401, 443, 471, 450,  92, 215, 275, 430, 124, 309, 344, 109, 183,
        57, 162, 341, 188, 340,  67, 425,  58, 435])}, {'ts_index': 130, 'loc': 297, 'gap': 0.04203980259165027, 'distances': array([0.09144887, 0.04808871, 0.10945675, 0.03270483, 0.0915556 ,
       0.        ]), 'delta_distances': array([0., 0., 0., 0., 0., 0.]), 'locations': array([395, 100, 332,  25, 332, 297])}], 'clusters': array([ 9,  6,  9,  4,  5,  7,  4,  7,  8,  0,  4,  7, 10,  4,  3,  9,  9,
        5,  6,  6,  6,  6,  4,  9,  5,  9,  8,  4,  7,  7,  9,  9,  4,  8,
        3,  6,  9,  9,  9,  6,  5,  9,  5,  8,  9,  9,  9,  7,  8,  5,  4,
        9,  5,  4,  9,  8,  5,  7,  9,  4,  4,  9,  0,  4,  4,  7,  5,  8,
        5,  7,  6,  9,  8,  6,  3,  5, 10,  7,  9,  0,  9,  5,  9,  6,  9,
        7,  9,  9,  4,  4,  1,  3,  1,  2,  3,  2,  1,  2,  2,  2,  9,  1,
        2,  1,  1,  1,  2,  2,  1,  2,  1,  2,  2,  2,  1,  1,  6,  2,  1,
        2,  1,  1,  1,  1,  1,  2,  1,  1,  2,  2, 10,  3,  3,  2,  1,  1,
        3,  3,  9,  1,  1,  2,  6,  2,  5,  2,  3,  1,  3,  2,  3,  1,  2,
        2,  1,  3,  2,  1,  1,  1,  2,  3,  3,  1,  1,  3,  1,  2,  1,  1,
        3,  1,  1,  2,  2,  3,  3,  1,  1,  2,  5,  4,  9,  3,  4,  8,  4,
        6,  4,  5,  3,  2,  2,  2,  2,  3,  2,  1,  1,  1]), 'time': 28890.336238861084}
lenSubsequence: 13{'RI': 0.7174371859296482, 'num_clusters': 6, 'uShapelets': [{'ts_index': 90, 'loc': 427, 'gap': 0.05265783590645533, 'distances': array([0.10083051, 0.09869434, 0.12115203, 0.12932257, 0.13258405,
       0.12929471, 0.12066755, 0.06404304, 0.14815166, 0.13616214,
       0.10699642, 0.09315688, 0.14387879, 0.08066129, 0.11664746,
       0.13408825, 0.13419043, 0.12995045, 0.12515723, 0.143602  ,
       0.14289173, 0.12985343, 0.14266712, 0.14757956, 0.12237781,
       0.10654861, 0.13286902, 0.11980484, 0.10960186, 0.11605317,
       0.1405833 , 0.13367143, 0.12083156, 0.11618615, 0.12383937,
       0.13154724, 0.12715702, 0.13331074, 0.11590131, 0.06867017,
       0.11377911, 0.13108007, 0.11907191, 0.12945396, 0.14954946,
       0.09495992, 0.12071233, 0.09386345, 0.0791459 , 0.11727318,
       0.12498485, 0.13324254, 0.13512035, 0.1305784 , 0.11669666,
       0.10816489, 0.13026363, 0.08980389, 0.12764571, 0.12531759,
       0.11225024, 0.1226556 , 0.13665103, 0.100117  , 0.14218002,
       0.11516773, 0.12717665, 0.11324968, 0.14496568, 0.14260085,
       0.14005653, 0.12816827, 0.12769203, 0.13088066, 0.11463913,
       0.1348777 , 0.12826514, 0.11943889, 0.14051594, 0.0964507 ,
       0.08226535, 0.12308422, 0.12050226, 0.11514237, 0.13486269,
       0.12931015, 0.10149531, 0.10587527, 0.10634477, 0.11693103,
       0.        , 0.11542229, 0.02839916, 0.11176083, 0.10007423,
       0.10390147, 0.02514869, 0.09269503, 0.05385638, 0.11602162,
       0.13390159, 0.03306959, 0.0899045 , 0.12930549, 0.03552049,
       0.04163417, 0.11441044, 0.10074472, 0.10394528, 0.06916097,
       0.02304803, 0.06786376, 0.11633254, 0.07700834, 0.12443484,
       0.03162731, 0.06638973, 0.12420738, 0.03011138, 0.05598646,
       0.04616705, 0.024357  , 0.02572541, 0.03278712, 0.0233534 ,
       0.08206435, 0.03917246, 0.03255274, 0.03283486, 0.13287285,
       0.02786606, 0.04648116, 0.12123025, 0.12399501, 0.01635284,
       0.03813776, 0.03253666, 0.11981124, 0.1239601 , 0.01646293,
       0.02992685, 0.02606387, 0.13310493, 0.11191655, 0.02806998,
       0.09652867, 0.10970823, 0.02495048, 0.09024878, 0.12768673,
       0.10085772, 0.02652242, 0.06843108, 0.11064235, 0.02500356,
       0.10400162, 0.02763086, 0.01056172, 0.03155304, 0.03489902,
       0.07492437, 0.0451831 , 0.08612784, 0.02741858, 0.05121999,
       0.10527451, 0.02928601, 0.03394204, 0.01871933, 0.04868607,
       0.14053162, 0.02829574, 0.03714779, 0.12687053, 0.08576978,
       0.14388188, 0.04601951, 0.04011193, 0.03687737, 0.08924693,
       0.10115592, 0.15651206, 0.11329456, 0.13058328, 0.10685808,
       0.13881598, 0.12853198, 0.09164751, 0.14218234, 0.06998464,
       0.13093932, 0.12183935, 0.06050936, 0.02774031, 0.12018515,
       0.12220971, 0.08637364, 0.08181891, 0.01893844, 0.03629537]), 'delta_distances': array([0., 0., 0., 0., 0., 0., 0., 0., 0., 0., 0., 0., 0., 0., 0., 0., 0.,
       0., 0., 0., 0., 0., 0., 0., 0., 0., 0., 0., 0., 0., 0., 0., 0., 0.,
       0., 0., 0., 0., 0., 0., 0., 0., 0., 0., 0., 0., 0., 0., 0., 0., 0.,
       0., 0., 0., 0., 0., 0., 0., 0., 0., 0., 0., 0., 0., 0., 0., 0., 0.,
       0., 0., 0., 0., 0., 0., 0., 0., 0., 0., 0., 0., 0., 0., 0., 0., 0.,
       0., 0., 0., 0., 0., 0., 0., 0., 0., 0., 0., 0., 0., 0., 0., 0., 0.,
       0., 0., 0., 0., 0., 0., 0., 0., 0., 0., 0., 0., 0., 0., 0., 0., 0.,
       0., 0., 0., 0., 0., 0., 0., 0., 0., 0., 0., 0., 0., 0., 0., 0., 0.,
       0., 0., 0., 0., 0., 0., 0., 0., 0., 0., 0., 0., 0., 0., 0., 0., 0.,
       0., 0., 0., 0., 0., 0., 0., 0., 0., 0., 0., 0., 0., 0., 0., 0., 0.,
       0., 0., 0., 0., 0., 0., 0., 0., 0., 0., 0., 0., 0., 0., 0., 0., 0.,
       0., 0., 0., 0., 0., 0., 0., 0., 0., 0., 0., 0., 0.]), 'locations': array([217, 187, 152,  46,  81, 132, 379, 185, 378, 199, 441, 384, 388,
        78, 142,  20, 318, 296, 285, 232, 250,  84,  29,  23, 419,  63,
       375, 283,  84, 388, 292, 411, 400, 159,  59, 193, 142, 295,   7,
       303,  55, 467, 204,  90, 135, 224, 236, 461, 192,  29, 428, 202,
       433,  66,  87, 404,  14, 177,  25, 174,  43, 389, 367,  41, 390,
       128, 104, 197, 293, 179,  17, 413,  13,  42, 454, 357,  75, 425,
        75, 344, 267,  30, 233,  41, 291, 388, 153,  71,  71, 162, 427,
       119, 364, 386, 248, 371,  78,  89, 307, 255, 207, 296, 466, 128,
       441,  40, 291, 365, 110, 367, 191, 411, 104, 163, 204,  28, 344,
       149, 327, 421, 102, 358, 382, 153, 123, 281, 157,  78, 112, 398,
        18, 119, 163, 328, 405, 121, 338, 416, 330, 331,  50,  41, 461,
       197, 164, 296, 112, 301,  22, 379, 357,  91,  26, 135,  50, 197,
       308, 429, 159,  85, 473, 234,  15, 250, 309, 220, 243, 294, 117,
       250, 253,  78, 369, 208, 350, 331, 339, 416, 171, 116, 183, 369,
        68, 314, 151, 343,  81, 122, 146, 196, 260,  52, 367,  19, 189,
       287, 145, 179, 137, 340])}, {'ts_index': 138, 'loc': 340, 'gap': 0.047481240809143344, 'distances': array([0.13012803, 0.12323688, 0.14267042, 0.15657282, 0.1065642 ,
       0.14347471, 0.11850313, 0.0991063 , 0.12169417, 0.11305926,
       0.10545477, 0.13252287, 0.09867403, 0.12124128, 0.12086687,
       0.14013668, 0.14570982, 0.13997665, 0.14377842, 0.14058545,
       0.14390803, 0.13057842, 0.11224467, 0.1361634 , 0.14201406,
       0.11504767, 0.08731802, 0.14368383, 0.14073494, 0.15216944,
       0.10568408, 0.08947174, 0.137597  , 0.12325461, 0.15373309,
       0.09911111, 0.13283179, 0.13020361, 0.13562886, 0.14554426,
       0.14943955, 0.1254139 , 0.14540609, 0.11226576, 0.15035341,
       0.07285499, 0.09803485, 0.11744472, 0.11055255, 0.1403421 ,
       0.10662214, 0.14045092, 0.11246067, 0.14341223, 0.15049979,
       0.14295857, 0.13869166, 0.15179442, 0.15036836, 0.08484962,
       0.15146825, 0.13895345, 0.14556676, 0.13769611, 0.14050271,
       0.12234179, 0.12974662, 0.12645005, 0.11664407, 0.14872089,
       0.11421415, 0.14465189, 0.09605425, 0.14570539, 0.12089334,
       0.15131302, 0.13471518, 0.12405192, 0.14757565, 0.1335809 ,
       0.08831944, 0.14110956, 0.12463172, 0.09669486, 0.12624666,
       0.12946361, 0.10020413, 0.12723252, 0.12108316, 0.14524425,
       0.09149121, 0.03333934, 0.09827955, 0.05432026, 0.03167958,
       0.04266368, 0.1240276 , 0.0549377 , 0.04723562, 0.03131315,
       0.04573531, 0.09225514, 0.04503072, 0.04151772, 0.02810507,
       0.03797073, 0.06680608, 0.01719192, 0.07136642, 0.10396198,
       0.04447391, 0.03546669, 0.10696911, 0.03967447, 0.10688709,
       0.        , 0.06615587, 0.05319121, 0.06380637, 0.06913454,
       0.11997275, 0.07396731, 0.08711606, 0.04018629, 0.03533107,
       0.06918284, 0.07284163, 0.00931727, 0.03930587, 0.04200607,
       0.02684235, 0.09242744, 0.03799402, 0.08343384, 0.12820726,
       0.11585244, 0.09697436, 0.13388098, 0.10961725, 0.14927216,
       0.12323775, 0.14104627, 0.14394359, 0.13073287, 0.13253955,
       0.05882457, 0.01836011, 0.03971695, 0.10912268, 0.07769482,
       0.13507762]), 'delta_distances': array([0., 0., 0., 0., 0., 0., 0., 0., 0., 0., 0., 0., 0., 0., 0., 0., 0.,
       0., 0., 0., 0., 0., 0., 0., 0., 0., 0., 0., 0., 0., 0., 0., 0., 0.,
       0., 0., 0., 0., 0., 0., 0., 0., 0., 0., 0., 0., 0., 0., 0., 0., 0.,
       0., 0., 0., 0., 0., 0., 0., 0., 0., 0., 0., 0., 0., 0., 0., 0., 0.,
       0., 0., 0., 0., 0., 0., 0., 0., 0., 0., 0., 0., 0., 0., 0., 0., 0.,
       0., 0., 0., 0., 0., 0., 0., 0., 0., 0., 0., 0., 0., 0., 0., 0., 0.,
       0., 0., 0., 0., 0., 0., 0., 0., 0., 0., 0., 0., 0., 0., 0., 0., 0.,
       0., 0., 0., 0., 0., 0., 0., 0., 0., 0., 0., 0., 0., 0., 0., 0., 0.,
       0., 0., 0., 0., 0., 0., 0., 0., 0., 0., 0., 0., 0., 0., 0.]), 'locations': array([199, 187, 136, 437,  81, 471,  32, 245, 162,  65, 225, 273, 146,
       360, 142,  95, 214, 446,  88,  29, 436, 130, 436,  89, 373,  36,
        78, 371,  28, 364,  27, 448, 120,  11, 376, 470,  60,  24,  94,
       441, 163, 467, 244, 294,  26, 405, 350,  82, 298, 207, 328, 279,
       348,  50,  85, 431, 388,  67,   5, 100, 284,  20, 395, 311, 244,
       381, 104, 238,   6, 407, 341, 466,  13,  56, 331, 151, 222, 425,
        34,  66, 142, 250, 173, 114, 116, 226, 380,   3, 262, 392, 103,
       392,  96, 389,  56, 254, 191, 469, 143, 296, 110, 171, 356, 409,
       442, 165, 211, 358, 103, 409, 301, 314, 186, 309, 394, 340,  55,
       206, 276, 212, 430, 379, 367,  31, 136, 279,  30,  37, 202, 112,
        58, 353, 353, 129,   1,  31, 284, 259,  45, 263, 277, 481, 206,
       135, 143,  60, 358, 189, 388, 124, 422])}, {'ts_index': 146, 'loc': 210, 'gap': 0.04065099048638364, 'distances': array([0.1261792 , 0.13590763, 0.09537542, 0.13426219, 0.12653063,
       0.12108366, 0.1356707 , 0.10727315, 0.07480371, 0.13297855,
       0.08365215, 0.13911031, 0.13476676, 0.14248502, 0.15042697,
       0.12446516, 0.14368679, 0.15784909, 0.12765175, 0.14993445,
       0.14962421, 0.14040903, 0.10683352, 0.12671679, 0.14109768,
       0.13991158, 0.09373625, 0.15520732, 0.13554407, 0.14109099,
       0.08187209, 0.13207679, 0.11373972, 0.11427682, 0.11678052,
       0.13534567, 0.11423218, 0.13397156, 0.10300098, 0.10393697,
       0.14630651, 0.14308412, 0.11916859, 0.10913853, 0.10506113,
       0.11788548, 0.1090376 , 0.09205477, 0.13714855, 0.14763036,
       0.12492012, 0.14851951, 0.11946503, 0.13894095, 0.12977505,
       0.14291791, 0.13105712, 0.14584743, 0.14075474, 0.13214068,
       0.14126589, 0.14623318, 0.15529046, 0.1501532 , 0.09964081,
       0.12247621, 0.12132239, 0.08334012, 0.12872817, 0.14770536,
       0.13926946, 0.14320214, 0.1006273 , 0.14668034, 0.13339027,
       0.14811843, 0.10374853, 0.14091632, 0.12165306, 0.14660666,
       0.1309715 , 0.11488766, 0.1035379 , 0.12654413, 0.12934742,
       0.13291241, 0.13871576, 0.1232982 , 0.10558721, 0.10915129,
       0.06030427, 0.04983565, 0.06555314, 0.04486512, 0.06129633,
       0.05073989, 0.05521192, 0.06530531, 0.05318689, 0.04979179,
       0.06076471, 0.        , 0.06153917, 0.0531513 , 0.05698524,
       0.04997646, 0.05991918, 0.05617732, 0.09626432, 0.13495145,
       0.11490623, 0.10899499, 0.08308974, 0.11507705, 0.14623998,
       0.15118711, 0.12453019, 0.14004653, 0.13176571, 0.08832322,
       0.04189554, 0.03297312, 0.06552195, 0.05852215]), 'delta_distances': array([0., 0., 0., 0., 0., 0., 0., 0., 0., 0., 0., 0., 0., 0., 0., 0., 0.,
       0., 0., 0., 0., 0., 0., 0., 0., 0., 0., 0., 0., 0., 0., 0., 0., 0.,
       0., 0., 0., 0., 0., 0., 0., 0., 0., 0., 0., 0., 0., 0., 0., 0., 0.,
       0., 0., 0., 0., 0., 0., 0., 0., 0., 0., 0., 0., 0., 0., 0., 0., 0.,
       0., 0., 0., 0., 0., 0., 0., 0., 0., 0., 0., 0., 0., 0., 0., 0., 0.,
       0., 0., 0., 0., 0., 0., 0., 0., 0., 0., 0., 0., 0., 0., 0., 0., 0.,
       0., 0., 0., 0., 0., 0., 0., 0., 0., 0., 0., 0., 0., 0., 0., 0., 0.,
       0., 0., 0., 0., 0.]), 'locations': array([472, 330, 471, 127,  81, 432, 313, 245, 162, 397, 225, 160, 146,
       155, 245, 246, 305, 446,  88, 459, 120, 448, 369, 329, 198, 376,
       413, 462,  28, 423,  27, 371, 121,  11, 170, 470, 304,  24, 312,
       441, 232, 460, 244, 352, 370, 405, 350,  82,  57, 207, 328, 443,
       369,  50, 236, 111, 433, 133, 180, 100,   6,  73, 279, 172, 244,
       195, 405, 238, 303, 117, 243, 419, 221, 120, 331,  38,  58, 286,
       362, 159, 142,  29, 173, 114, 116, 108, 221, 379, 363, 396, 121,
        87, 161, 172, 213, 110, 409, 186, 394,  54, 275, 210, 430, 388,
       367, 271,  27, 353, 130,   1, 148, 284, 259,  22, 241, 187, 415,
       282, 271,  77,  78, 388, 124, 422])}, {'ts_index': 32, 'loc': 456, 'gap': 0.029829310961492425, 'distances': array([0.08194635, 0.12636325, 0.11494368, 0.09066368, 0.13028802,
       0.14919109, 0.09096   , 0.1295293 , 0.10125365, 0.09848236,
       0.06178011, 0.13473179, 0.07198862, 0.13039781, 0.05347017,
       0.12698705, 0.13210356, 0.14470727, 0.09157702, 0.06132214,
       0.12682913, 0.09241532, 0.0517033 , 0.03497742, 0.14975692,
       0.11675351, 0.10407234, 0.08712747, 0.13696249, 0.13063909,
       0.0942137 , 0.04419186, 0.        , 0.0714623 , 0.0980786 ,
       0.10106631, 0.04727347, 0.10427708, 0.15293427, 0.09478522,
       0.09840728, 0.13348453, 0.08495695, 0.13364001, 0.11877378,
       0.10450498, 0.12765216, 0.12202379, 0.13562304, 0.07596192,
       0.04825862, 0.07497201, 0.10934116, 0.1256308 , 0.09652653,
       0.09947459, 0.11915309, 0.15271635, 0.12270235, 0.04533753,
       0.03328784, 0.02986086, 0.12349375, 0.13949651, 0.0327575 ,
       0.12975085, 0.10115864, 0.11451005, 0.11086423, 0.09475118,
       0.14997251, 0.11169442, 0.13125836, 0.07737978, 0.14073758,
       0.06205563, 0.06432996, 0.08955138, 0.06279293, 0.08069795,
       0.11157158, 0.12098489, 0.10207618, 0.13170421, 0.1393764 ,
       0.14910332, 0.14818558, 0.04721121, 0.12418988, 0.0961674 ,
       0.0622183 , 0.1080476 , 0.1005253 , 0.15639027, 0.10376334,
       0.06460753, 0.11086015, 0.10833162, 0.11621991, 0.12916641,
       0.13424549, 0.14810871]), 'delta_distances': array([0., 0., 0., 0., 0., 0., 0., 0., 0., 0., 0., 0., 0., 0., 0., 0., 0.,
       0., 0., 0., 0., 0., 0., 0., 0., 0., 0., 0., 0., 0., 0., 0., 0., 0.,
       0., 0., 0., 0., 0., 0., 0., 0., 0., 0., 0., 0., 0., 0., 0., 0., 0.,
       0., 0., 0., 0., 0., 0., 0., 0., 0., 0., 0., 0., 0., 0., 0., 0., 0.,
       0., 0., 0., 0., 0., 0., 0., 0., 0., 0., 0., 0., 0., 0., 0., 0., 0.,
       0., 0., 0., 0., 0., 0., 0., 0., 0., 0., 0., 0., 0., 0., 0., 0., 0.]), 'locations': array([297, 390, 438,   4, 257, 106, 172, 227, 136, 154, 197, 458,  96,
       254,  53, 265, 254, 416,  28, 477, 449, 214, 243, 484, 238, 372,
       161, 265, 472, 391, 233, 178, 456, 341, 113,  52,  13, 267, 477,
       478, 412, 326,  11,   7, 232, 473, 265, 451,  39, 112,  43, 294,
       447, 477, 475, 416, 451, 235,  69,   7, 171, 205, 194, 284, 275,
       451, 352, 268,  11, 353,  87, 364, 275, 391, 243, 398,   4,  54,
       347, 212, 254, 178, 337, 209, 224, 373,   6, 480,  46, 247,  45,
       336,  15, 386, 450, 470, 407, 207, 285, 183, 141,  47])}, {'ts_index': 34, 'loc': 208, 'gap': 0.03427739397156146, 'distances': array([0.03336758, 0.04502915, 0.03551464, 0.06118509, 0.05591326,
       0.06898085, 0.05881215, 0.03998897, 0.05809063, 0.07528356,
       0.09221788, 0.05350343, 0.04585745, 0.12714555, 0.11497599,
       0.07856638, 0.04540016, 0.05977422, 0.06189049, 0.08040056,
       0.05251621, 0.06662496, 0.08641074, 0.04012348, 0.08365846,
       0.12333846, 0.09803768, 0.        , 0.03625284, 0.06996593,
       0.10427606, 0.05945875, 0.04434045, 0.0727591 , 0.08317094,
       0.07680932, 0.09397016, 0.07100472, 0.11039494, 0.07109531,
       0.08749125, 0.07913627, 0.05456619, 0.05095782, 0.08402756,
       0.07701817, 0.12541177, 0.06719813, 0.08060558, 0.08030334,
       0.06674813, 0.05056314, 0.09039864, 0.13497946, 0.08127048,
       0.06087531, 0.05396117, 0.03809311, 0.13879475, 0.04795656,
       0.05576271, 0.05140506, 0.06957175, 0.06021895, 0.10833167,
       0.05904769, 0.12870875, 0.09634322, 0.07983107, 0.04293747,
       0.04545059, 0.12958139, 0.04599185, 0.06672991, 0.11507883,
       0.05350928, 0.13344642, 0.0639992 , 0.14133386, 0.05034322,
       0.05148383, 0.0477396 , 0.13773223]), 'delta_distances': array([0., 0., 0., 0., 0., 0., 0., 0., 0., 0., 0., 0., 0., 0., 0., 0., 0.,
       0., 0., 0., 0., 0., 0., 0., 0., 0., 0., 0., 0., 0., 0., 0., 0., 0.,
       0., 0., 0., 0., 0., 0., 0., 0., 0., 0., 0., 0., 0., 0., 0., 0., 0.,
       0., 0., 0., 0., 0., 0., 0., 0., 0., 0., 0., 0., 0., 0., 0., 0., 0.,
       0., 0., 0., 0., 0., 0., 0., 0., 0., 0., 0., 0., 0., 0., 0.]), 'locations': array([ 92,   7, 142, 322,  16, 238, 308, 112,  99, 120, 155, 442, 117,
       283,  61, 262, 354,  34, 454, 329, 115, 436, 144, 119, 172, 328,
        30, 208, 300, 189, 311, 388, 378, 205, 297, 336, 271, 170, 324,
       401,   0,  69, 181, 413,  70, 223, 144, 330, 247, 230, 421, 148,
       311,  34, 382,   0, 415, 102, 188, 351,  53, 206, 403, 203,  19,
       413, 262, 149, 395, 112, 454,  99, 456, 293, 368, 328,  99, 456,
       151, 143, 198, 192, 341])}, {'ts_index': 181, 'loc': 250, 'gap': 0.035994325905030364, 'distances': array([0.0643949 , 0.14428207, 0.05390175, 0.07585324, 0.0880838 ,
       0.09831564, 0.11862159, 0.05899922, 0.04421798, 0.05937083,
       0.        , 0.06128741, 0.13283989, 0.06840992]), 'delta_distances': array([0., 0., 0., 0., 0., 0., 0., 0., 0., 0., 0., 0., 0., 0.]), 'locations': array([357, 428,  39, 325, 181, 151, 140, 144, 432,  56, 250, 225, 256,
         3])}], 'clusters': array([5, 5, 5, 5, 5, 5, 5, 5, 5, 5, 4, 5, 5, 5, 4, 6, 0, 5, 5, 4, 5, 5,
       4, 4, 5, 5, 5, 5, 5, 5, 6, 4, 4, 5, 5, 5, 4, 5, 5, 5, 5, 5, 5, 5,
       5, 5, 6, 5, 5, 5, 4, 5, 5, 5, 5, 6, 5, 5, 5, 4, 4, 4, 5, 5, 4, 5,
       6, 5, 5, 5, 5, 0, 5, 5, 5, 4, 4, 5, 4, 5, 6, 5, 6, 5, 5, 5, 5, 4,
       6, 5, 1, 3, 1, 2, 3, 2, 1, 2, 1, 2, 3, 1, 2, 2, 1, 1, 2, 2, 3, 2,
       1, 2, 2, 2, 3, 1, 2, 3, 1, 3, 1, 1, 1, 1, 1, 2, 1, 1, 1, 2, 1, 1,
       3, 2, 1, 1, 1, 3, 2, 1, 1, 1, 3, 2, 1, 3, 3, 1, 3, 3, 3, 1, 2, 2,
       1, 3, 1, 1, 1, 1, 3, 1, 2, 1, 1, 2, 1, 1, 1, 1, 2, 1, 1, 2, 3, 2,
       1, 1, 1, 4, 5, 6, 5, 6, 4, 5, 0, 5, 5, 5, 6, 3, 2, 1, 2, 3, 3, 3,
       1, 1]), 'time': 26933.027816534042}
lenSubsequence: 14{'RI': 0.5752261306532663, 'num_clusters': 12, 'uShapelets': [{'ts_index': 141, 'loc': 41, 'gap': 0.030917317711073325, 'distances': array([0.1401172 , 0.11946374, 0.1234016 , 0.14135936, 0.14657845,
       0.13486558, 0.14313835, 0.12792542, 0.1427019 , 0.12879547,
       0.10575948, 0.13381185, 0.13242025, 0.14184559, 0.13113671,
       0.12533867, 0.1232977 , 0.13155492, 0.12483247, 0.10548931,
       0.12913106, 0.12497905, 0.10308828, 0.12986718, 0.13161396,
       0.13023727, 0.14311741, 0.12219576, 0.14650382, 0.14044848,
       0.1271239 , 0.13235501, 0.13454966, 0.12979032, 0.13862205,
       0.09068311, 0.13691514, 0.1062938 , 0.12222676, 0.13684248,
       0.12899914, 0.10921522, 0.1286359 , 0.12694044, 0.1253844 ,
       0.12087647, 0.12935588, 0.12855155, 0.11145546, 0.08738898,
       0.13325893, 0.12897793, 0.10877578, 0.07990522, 0.10987522,
       0.10521323, 0.11825308, 0.10692692, 0.14201091, 0.09696264,
       0.12939157, 0.12754177, 0.13338835, 0.11958269, 0.13256072,
       0.11661541, 0.11775434, 0.13997381, 0.13444027, 0.12920068,
       0.12940765, 0.12893036, 0.14480958, 0.12951629, 0.11439731,
       0.13862725, 0.12060791, 0.12133524, 0.14145892, 0.12447525,
       0.14480698, 0.12325029, 0.11348459, 0.14469884, 0.13346908,
       0.12768735, 0.13445681, 0.14324258, 0.12504649, 0.13795566,
       0.12048987, 0.09588972, 0.02769358, 0.05128533, 0.0695365 ,
       0.07379134, 0.09883583, 0.12114409, 0.12097381, 0.11723163,
       0.1202194 , 0.05064312, 0.06849452, 0.0846621 , 0.13658952,
       0.11625505, 0.07264757, 0.13905846, 0.14032241, 0.06134688,
       0.09446318, 0.06464395, 0.0953749 , 0.07019085, 0.13054368,
       0.1041696 , 0.12476009, 0.03539091, 0.07438226, 0.11952726,
       0.08485426, 0.05124244, 0.1096311 , 0.10546028, 0.06845884,
       0.03687777, 0.12440199, 0.0547101 , 0.09268509, 0.10420228,
       0.0845982 , 0.09687591, 0.12547293, 0.10481258, 0.04427847,
       0.0662822 , 0.12460856, 0.04567263, 0.10134586, 0.04950581,
       0.05173673, 0.        , 0.07663114, 0.09789928, 0.09588528,
       0.12924132, 0.0900699 , 0.05505652, 0.1267629 , 0.0989861 ,
       0.13750885, 0.09620951, 0.11814194, 0.05956785, 0.0491816 ,
       0.13544908, 0.08163518, 0.10897235, 0.12493674, 0.09595977,
       0.12311552, 0.1254545 , 0.06301403, 0.11965713, 0.08178763,
       0.05684666, 0.07284908, 0.10144032, 0.11033148, 0.04849491,
       0.08207764, 0.11359937, 0.09220408, 0.12331449, 0.06903063,
       0.12521616, 0.10030498, 0.10501271, 0.0909849 , 0.0570941 ,
       0.14482683, 0.13054431, 0.11043142, 0.14744085, 0.09089177,
       0.09171866, 0.12907838, 0.13751208, 0.10534382, 0.14131095,
       0.07771601, 0.13994847, 0.10944048, 0.11108817, 0.09935203,
       0.12184553, 0.05515932, 0.14075401, 0.04694456, 0.09559972]), 'delta_distances': array([0., 0., 0., 0., 0., 0., 0., 0., 0., 0., 0., 0., 0., 0., 0., 0., 0.,
       0., 0., 0., 0., 0., 0., 0., 0., 0., 0., 0., 0., 0., 0., 0., 0., 0.,
       0., 0., 0., 0., 0., 0., 0., 0., 0., 0., 0., 0., 0., 0., 0., 0., 0.,
       0., 0., 0., 0., 0., 0., 0., 0., 0., 0., 0., 0., 0., 0., 0., 0., 0.,
       0., 0., 0., 0., 0., 0., 0., 0., 0., 0., 0., 0., 0., 0., 0., 0., 0.,
       0., 0., 0., 0., 0., 0., 0., 0., 0., 0., 0., 0., 0., 0., 0., 0., 0.,
       0., 0., 0., 0., 0., 0., 0., 0., 0., 0., 0., 0., 0., 0., 0., 0., 0.,
       0., 0., 0., 0., 0., 0., 0., 0., 0., 0., 0., 0., 0., 0., 0., 0., 0.,
       0., 0., 0., 0., 0., 0., 0., 0., 0., 0., 0., 0., 0., 0., 0., 0., 0.,
       0., 0., 0., 0., 0., 0., 0., 0., 0., 0., 0., 0., 0., 0., 0., 0., 0.,
       0., 0., 0., 0., 0., 0., 0., 0., 0., 0., 0., 0., 0., 0., 0., 0., 0.,
       0., 0., 0., 0., 0., 0., 0., 0., 0., 0., 0., 0., 0.]), 'locations': array([ 18,  70, 341, 275, 130,   0, 441, 415, 461, 380, 464, 259, 156,
       417, 220, 200, 312,  68, 482,  99,  92, 338,  71, 264, 421, 478,
       321, 202, 216, 272, 460,  36, 470, 453, 453, 361, 101,  46, 165,
        10, 176, 390,  67, 236,  27,   8,  64, 393, 391, 345, 412, 187,
       263, 437,  39,  12, 151,  27,   4, 269,  52, 280, 109, 436,   4,
       195, 197, 197,  17,  75,  40, 420, 392, 200, 169, 114, 164,  19,
       344, 460,  14, 148, 123,  26, 202, 158, 298, 446, 471, 453, 408,
       135, 365, 394,  68, 374,  93, 415, 366, 245, 389, 293, 466, 165,
       168,  42, 287, 309, 307, 342, 187, 426, 440, 157,  78,  17, 477,
        96, 311, 187,  91, 379, 260, 148, 128, 303, 167,  83, 100, 232,
        12, 413, 187, 361, 398, 139, 342, 412, 341, 333,  49,  41,  64,
       200, 148, 295, 209, 307, 414, 385, 349,  86,  26, 156,  37, 257,
       305, 383, 137,  92,  12, 195,  30, 251, 320, 216, 239, 290, 442,
       236, 354,  81, 367,  62, 350, 180, 347, 410, 181, 118, 399, 480,
       336, 104,  42, 426, 109, 130, 307, 122, 102,  52, 354, 194, 170,
       393, 143, 428, 138, 334])}, {'ts_index': 173, 'loc': 59, 'gap': 0.02852411414846316, 'distances': array([0.1042806 , 0.1013834 , 0.13921462, 0.12803855, 0.11502822,
       0.09543523, 0.09662325, 0.13593547, 0.11284276, 0.08935517,
       0.12921599, 0.1387394 , 0.13825554, 0.11258371, 0.10980866,
       0.13482631, 0.12988561, 0.14692779, 0.14137249, 0.13043331,
       0.11985233, 0.14105901, 0.14032208, 0.09568349, 0.13722907,
       0.08130077, 0.101974  , 0.08711761, 0.10938769, 0.121233  ,
       0.11530796, 0.11848728, 0.13813532, 0.14120047, 0.13130187,
       0.12590147, 0.11330784, 0.14193514, 0.13225146, 0.14324253,
       0.13518104, 0.11719632, 0.0987534 , 0.11143916, 0.10463724,
       0.11674504, 0.13495989, 0.12079258, 0.13562568, 0.12913646,
       0.14697444, 0.10054819, 0.14058498, 0.10557876, 0.10094477,
       0.13877628, 0.13036617, 0.12011637, 0.0965524 , 0.14107271,
       0.09876865, 0.12418904, 0.12360382, 0.14035748, 0.1440186 ,
       0.12314384, 0.1223824 , 0.13782421, 0.13061106, 0.12480979,
       0.13072372, 0.12841804, 0.10885815, 0.06353496, 0.11480556,
       0.14016775, 0.07270976, 0.12466252, 0.13498546, 0.13218059,
       0.12136737, 0.08315182, 0.11629254, 0.14488836, 0.13228316,
       0.14573168, 0.12018842, 0.11490981, 0.13085429, 0.14068801,
       0.08130628, 0.13659264, 0.05539889, 0.11381244, 0.07464649,
       0.05849789, 0.03966826, 0.05298518, 0.05644164, 0.08106039,
       0.12221571, 0.13578306, 0.13270122, 0.09479593, 0.14304091,
       0.08177587, 0.06624043, 0.10444482, 0.07878466, 0.06464793,
       0.07341114, 0.11058799, 0.07967518, 0.05314151, 0.11387134,
       0.12490838, 0.13594166, 0.07313561, 0.06921162, 0.13614625,
       0.14027442, 0.09400477, 0.10785993, 0.0496914 , 0.12353589,
       0.03659889, 0.08194248, 0.1063008 , 0.12555473, 0.09545689,
       0.14093343, 0.07584144, 0.11687497, 0.03919425, 0.08450145,
       0.07431783, 0.07151424, 0.12970176, 0.07526145, 0.03986396,
       0.12487526, 0.05053099, 0.06451552, 0.        , 0.11140279,
       0.13765414, 0.04187905, 0.13666419, 0.14037523, 0.12000429,
       0.10908953, 0.1333083 , 0.09981827, 0.12400059, 0.13905634,
       0.13000911, 0.13597454, 0.14302555, 0.13803233, 0.0934181 ,
       0.05505925, 0.10601346, 0.13442426, 0.05838574, 0.11124887]), 'delta_distances': array([0., 0., 0., 0., 0., 0., 0., 0., 0., 0., 0., 0., 0., 0., 0., 0., 0.,
       0., 0., 0., 0., 0., 0., 0., 0., 0., 0., 0., 0., 0., 0., 0., 0., 0.,
       0., 0., 0., 0., 0., 0., 0., 0., 0., 0., 0., 0., 0., 0., 0., 0., 0.,
       0., 0., 0., 0., 0., 0., 0., 0., 0., 0., 0., 0., 0., 0., 0., 0., 0.,
       0., 0., 0., 0., 0., 0., 0., 0., 0., 0., 0., 0., 0., 0., 0., 0., 0.,
       0., 0., 0., 0., 0., 0., 0., 0., 0., 0., 0., 0., 0., 0., 0., 0., 0.,
       0., 0., 0., 0., 0., 0., 0., 0., 0., 0., 0., 0., 0., 0., 0., 0., 0.,
       0., 0., 0., 0., 0., 0., 0., 0., 0., 0., 0., 0., 0., 0., 0., 0., 0.,
       0., 0., 0., 0., 0., 0., 0., 0., 0., 0., 0., 0., 0., 0., 0., 0., 0.,
       0., 0., 0., 0., 0., 0., 0., 0., 0., 0., 0., 0.]), 'locations': array([368,  18, 168, 344, 145, 372,  60, 104, 393, 105, 389, 212, 206,
       332, 186,  10,  45, 196, 294, 191,  15, 173, 229, 427, 284, 221,
       412, 263, 352,  45,  25, 420, 478, 352, 445,  44,  47,  61,  84,
         8, 189, 270, 435, 330,  32, 421, 365, 231,  21, 153, 328, 378,
       456, 329, 186, 412,  78,  42, 141, 446, 288, 202, 109, 286, 210,
       397, 283, 213, 224, 209, 330,  44,  70, 459, 342, 472,  15, 466,
       359, 134, 111, 168, 180,  40, 301, 369, 157, 319, 227, 259,  86,
       332,  82,  31, 301, 254, 180, 145, 429,  65,  49, 153, 168, 318,
       196,  41, 357, 431,  87, 382, 162, 159, 366, 313, 251, 123, 457,
       315, 327, 355, 199, 171, 376, 228, 424, 391, 375,  33, 452, 177,
       312, 452, 136,  68,  26, 221, 239, 325, 306, 139, 109,  59, 357,
        59, 142, 324, 402, 156, 177, 176, 115, 345, 312, 343, 448, 280,
       454,   0, 254, 337,  35, 170, 259, 410, 267])}, {'ts_index': 152, 'loc': 39, 'gap': 0.026214703769868966, 'distances': array([0.12032451, 0.08787615, 0.10464252, 0.11752992, 0.10936576,
       0.11868985, 0.13212835, 0.11842295, 0.12714349, 0.08918782,
       0.10722267, 0.08851726, 0.10661588, 0.12219354, 0.08587088,
       0.1192567 , 0.11029359, 0.11125833, 0.12682111, 0.07744066,
       0.10988344, 0.11328976, 0.11262422, 0.11935875, 0.06124962,
       0.11269763, 0.07874864, 0.07912278, 0.05685472, 0.10289791,
       0.11850852, 0.0942597 , 0.11042152, 0.13279511, 0.12384658,
       0.12222321, 0.11449604, 0.11416532, 0.08730203, 0.07597634,
       0.07651567, 0.08100333, 0.09598512, 0.08422355, 0.07777322,
       0.11070908, 0.12405709, 0.13459537, 0.08664013, 0.12601137,
       0.11500525, 0.13210282, 0.11983342, 0.09174644, 0.12561027,
       0.08262794, 0.09865749, 0.11529887, 0.11278231, 0.08181306,
       0.12528337, 0.10420712, 0.09388573, 0.12485106, 0.11299073,
       0.13059245, 0.11103564, 0.11923748, 0.1113236 , 0.07863451,
       0.10737329, 0.12892351, 0.05849733, 0.13450154, 0.12042062,
       0.11137654, 0.12050238, 0.10123818, 0.13006198, 0.13626419,
       0.09448417, 0.13362265, 0.12336159, 0.11773425, 0.10404862,
       0.13596925, 0.12415273, 0.11593549, 0.05422574, 0.08949331,
       0.09506676, 0.10765927, 0.05061642, 0.10885617, 0.0519944 ,
       0.13274181, 0.04205194, 0.04318751, 0.04728147, 0.0528456 ,
       0.10061643, 0.04562683, 0.05243938, 0.09957487, 0.13298051,
       0.10883025, 0.09876879, 0.04124104, 0.06062591, 0.05992875,
       0.04211817, 0.        , 0.07497036, 0.05978145, 0.09544463,
       0.09807266, 0.09555686, 0.04576669, 0.11596663, 0.08759223,
       0.08136381, 0.12281209, 0.10880918, 0.12310034, 0.09503782,
       0.10331477, 0.12289489, 0.09274255, 0.11447222, 0.10717744,
       0.12143358, 0.04496183, 0.059773  , 0.09623353, 0.10198201,
       0.11058878]), 'delta_distances': array([0., 0., 0., 0., 0., 0., 0., 0., 0., 0., 0., 0., 0., 0., 0., 0., 0.,
       0., 0., 0., 0., 0., 0., 0., 0., 0., 0., 0., 0., 0., 0., 0., 0., 0.,
       0., 0., 0., 0., 0., 0., 0., 0., 0., 0., 0., 0., 0., 0., 0., 0., 0.,
       0., 0., 0., 0., 0., 0., 0., 0., 0., 0., 0., 0., 0., 0., 0., 0., 0.,
       0., 0., 0., 0., 0., 0., 0., 0., 0., 0., 0., 0., 0., 0., 0., 0., 0.,
       0., 0., 0., 0., 0., 0., 0., 0., 0., 0., 0., 0., 0., 0., 0., 0., 0.,
       0., 0., 0., 0., 0., 0., 0., 0., 0., 0., 0., 0., 0., 0., 0., 0., 0.,
       0., 0., 0., 0., 0., 0., 0., 0., 0., 0., 0., 0., 0., 0., 0., 0., 0.]), 'locations': array([373, 245,   3,  31, 450, 282, 152, 156, 293,  83, 143,  18, 311,
         2, 100,  65, 481, 111, 456, 443, 414, 273, 407, 239,  82,  64,
       233, 185, 165, 369, 386, 127, 211, 175, 284, 320, 313, 228, 468,
       260, 301, 156,  65, 260, 304, 140, 467, 286, 372, 262, 462, 380,
        74, 217, 158, 115, 155, 428, 327, 271, 340,  30, 155,  46, 382,
       232, 412,  67, 251, 222, 231, 399, 183,  44, 108, 151, 254, 465,
       418, 261, 177, 314, 443, 156,  65, 101, 289, 226, 416, 416, 465,
        53, 104, 146, 189, 438, 225,  23, 422, 171, 136,  15, 115, 213,
        56, 244, 176, 301, 426, 356,  82,  39, 264, 307, 173, 175, 322,
       347,   0,  71, 170, 322, 476,  21, 220, 316,  10, 175, 305,  72,
       258,  72, 350, 194, 400,  44])}, {'ts_index': 81, 'loc': 446, 'gap': 0.023825641436998113, 'distances': array([0.12447061, 0.09858623, 0.13619733, 0.10254687, 0.12259139,
       0.10455025, 0.10014546, 0.13223295, 0.13291635, 0.13658966,
       0.06234856, 0.12936691, 0.1073809 , 0.08465462, 0.13030841,
       0.12867862, 0.09023065, 0.07084354, 0.06411289, 0.06524729,
       0.05970385, 0.12342894, 0.12113197, 0.12638123, 0.11635925,
       0.13155266, 0.05695087, 0.14108604, 0.08495655, 0.13658745,
       0.11002214, 0.12640021, 0.12093211, 0.08544502, 0.12265319,
       0.12847397, 0.13358802, 0.07018566, 0.11247994, 0.13417284,
       0.06083222, 0.10213427, 0.14415614, 0.09177943, 0.11116986,
       0.12249753, 0.12531549, 0.12940869, 0.13847567, 0.03815516,
       0.07917318, 0.10346163, 0.10260936, 0.11879281, 0.10829128,
       0.1061397 , 0.1096077 , 0.13347279, 0.13354658, 0.13310445,
       0.12270689, 0.13132915, 0.09393466, 0.12260645, 0.1168215 ,
       0.12821674, 0.12404343, 0.08610227, 0.11439258, 0.11807002,
       0.11633735, 0.11209779, 0.13000346, 0.12086939, 0.        ,
       0.07013195, 0.0679598 , 0.04889263, 0.12780009, 0.12448615,
       0.13029606, 0.12747712, 0.09009119, 0.11087141, 0.13836107,
       0.12417664, 0.12896212, 0.12871132, 0.12936682, 0.13884735,
       0.09796015, 0.06021761, 0.13227586, 0.09926178, 0.14322655,
       0.13130768, 0.07453396, 0.1072441 , 0.13261111, 0.12104805,
       0.09777496, 0.1220917 , 0.1102167 , 0.11419922, 0.13278346,
       0.08886702, 0.10794432, 0.1175032 , 0.06736016, 0.11835088,
       0.12375066, 0.10904537]), 'delta_distances': array([0., 0., 0., 0., 0., 0., 0., 0., 0., 0., 0., 0., 0., 0., 0., 0., 0.,
       0., 0., 0., 0., 0., 0., 0., 0., 0., 0., 0., 0., 0., 0., 0., 0., 0.,
       0., 0., 0., 0., 0., 0., 0., 0., 0., 0., 0., 0., 0., 0., 0., 0., 0.,
       0., 0., 0., 0., 0., 0., 0., 0., 0., 0., 0., 0., 0., 0., 0., 0., 0.,
       0., 0., 0., 0., 0., 0., 0., 0., 0., 0., 0., 0., 0., 0., 0., 0., 0.,
       0., 0., 0., 0., 0., 0., 0., 0., 0., 0., 0., 0., 0., 0., 0., 0., 0.,
       0., 0., 0., 0., 0., 0., 0., 0., 0., 0.]), 'locations': array([251, 388, 394,  72, 257, 457, 201, 417, 142, 250,  53, 322, 187,
       207, 325, 126, 175, 112, 159, 108, 364, 374,   2, 274, 149, 115,
        24, 195,  14, 269, 352, 349, 347, 339,  23, 281, 361, 352, 288,
         7, 472, 348, 402, 401, 319,   5, 402, 136, 452, 357, 434, 184,
        83, 156, 396,  44, 282, 159, 312, 264, 216, 397,  12, 394, 245,
       479,  85, 269,  56, 290, 325, 145, 103, 402, 446,  26,  61, 342,
       102, 230, 338, 227, 309, 430, 288, 105, 339, 206,  16, 324, 246,
       153,  17, 123, 165,  42, 206,  10,  73,  21, 323, 378, 476,  66,
        86, 326, 189,  57, 423, 316, 149, 305])}, {'ts_index': 164, 'loc': 310, 'gap': 0.02178974544086322, 'distances': array([0.09406781, 0.08426239, 0.12410961, 0.11443941, 0.08074549,
       0.05470424, 0.06995827, 0.0842682 , 0.11694722, 0.1103469 ,
       0.04450095, 0.0616451 , 0.08346001, 0.12193405, 0.1085001 ,
       0.12613992, 0.10837093, 0.10406966, 0.10169571, 0.07174032,
       0.11835924, 0.08205515, 0.12839792, 0.12991004, 0.12273436,
       0.10952301, 0.0919275 , 0.1166047 , 0.100777  , 0.08027756,
       0.08594658, 0.06157963, 0.09654285, 0.10825124, 0.1068283 ,
       0.07382415, 0.10991183, 0.09599508, 0.10537584, 0.12824186,
       0.09035587, 0.06716198, 0.04629786, 0.11291522, 0.1250684 ,
       0.05131746, 0.12658822, 0.09834819, 0.10511291, 0.11784485,
       0.08443315, 0.13808149, 0.05125291, 0.10903575, 0.10029579,
       0.06136235, 0.08966932, 0.08682756, 0.09412208, 0.07832693,
       0.10485819, 0.10265577, 0.07954143, 0.11328152, 0.10380251,
       0.09859323, 0.05513219, 0.09284678, 0.03468097, 0.08726962,
       0.12049723, 0.08281536, 0.11619331, 0.10401417, 0.09535325,
       0.05500767, 0.11077381, 0.        , 0.05221545, 0.06933067,
       0.08988615, 0.08850638, 0.10644544, 0.10289274, 0.08042086,
       0.10815017, 0.0424094 , 0.12640177, 0.04336798, 0.07986338,
       0.04370361, 0.09302218]), 'delta_distances': array([0., 0., 0., 0., 0., 0., 0., 0., 0., 0., 0., 0., 0., 0., 0., 0., 0.,
       0., 0., 0., 0., 0., 0., 0., 0., 0., 0., 0., 0., 0., 0., 0., 0., 0.,
       0., 0., 0., 0., 0., 0., 0., 0., 0., 0., 0., 0., 0., 0., 0., 0., 0.,
       0., 0., 0., 0., 0., 0., 0., 0., 0., 0., 0., 0., 0., 0., 0., 0., 0.,
       0., 0., 0., 0., 0., 0., 0., 0., 0., 0., 0., 0., 0., 0., 0., 0., 0.,
       0., 0., 0., 0., 0., 0., 0.]), 'locations': array([469, 445, 374, 454, 265,  16,  61, 319, 373,  25,  95,  90, 218,
       197, 349,  80, 423, 247, 309,  15, 283, 219, 222, 242, 189, 142,
       387, 213, 479, 348, 147,  66, 114,  27,  82, 359, 386,  20, 421,
       302, 230,  14, 342,   1, 375, 269, 193,  37, 199, 270, 214, 344,
       226,  64, 325, 116, 238, 384, 202, 188, 419, 370, 411,  81, 353,
       129, 114, 468, 411, 163, 421,  23, 201, 372, 164, 159, 159, 310,
       391, 300, 362, 279, 125, 305, 441, 431, 456,   2,   1,  61, 408,
       430])}, {'ts_index': 178, 'loc': 160, 'gap': 0.02235521142754608, 'distances': array([0.13891767, 0.1322489 , 0.11100096, 0.10957992, 0.12534424,
       0.07058088, 0.12456756, 0.11858146, 0.13160252, 0.11536443,
       0.05930679, 0.11512942, 0.12013452, 0.09104576, 0.08057854,
       0.13585389, 0.12740953, 0.1480184 , 0.12734304, 0.14093523,
       0.09319202, 0.09399391, 0.1158422 , 0.13560006, 0.10797288,
       0.08801591, 0.1285825 , 0.14458018, 0.0606652 , 0.12949481,
       0.12599328, 0.1213209 , 0.12766744, 0.06411507, 0.13161044,
       0.12003095, 0.1391875 , 0.13039871, 0.12530601, 0.13862429,
       0.13263654, 0.12979001, 0.11305732, 0.09641529, 0.13578346,
       0.11543103, 0.11843265, 0.08702671, 0.0987266 , 0.06862589,
       0.0745348 , 0.11699856, 0.1288213 , 0.07860678, 0.14318464,
       0.10516395, 0.13969685, 0.12419028, 0.10064016, 0.11245374,
       0.03898053, 0.10206415, 0.13400974, 0.06839843, 0.11549253,
       0.        , 0.13629497, 0.15198798, 0.07837993, 0.11973889,
       0.10946478, 0.13963609, 0.07013096, 0.07729819, 0.1140323 ]), 'delta_distances': array([0., 0., 0., 0., 0., 0., 0., 0., 0., 0., 0., 0., 0., 0., 0., 0., 0.,
       0., 0., 0., 0., 0., 0., 0., 0., 0., 0., 0., 0., 0., 0., 0., 0., 0.,
       0., 0., 0., 0., 0., 0., 0., 0., 0., 0., 0., 0., 0., 0., 0., 0., 0.,
       0., 0., 0., 0., 0., 0., 0., 0., 0., 0., 0., 0., 0., 0., 0., 0., 0.,
       0., 0., 0., 0., 0., 0., 0.]), 'locations': array([286,  88, 345, 127,  49,  54, 184, 288, 396, 275, 484, 155, 366,
       468,  55, 411, 215, 472, 470, 256, 435, 187, 213, 226, 389,  68,
       156, 329, 356,  12,  66, 358, 107, 452,  27,  44, 352, 282, 395,
       166, 387, 455, 465, 242, 292, 341,  60,   8,  67, 363, 103, 271,
       293, 146, 222, 290, 225, 357, 167, 429, 125, 453, 236, 159,  37,
       160,  89, 346, 439, 217,  44, 353, 472, 178,  42])}, {'ts_index': 87, 'loc': 22, 'gap': 0.024167483194628275, 'distances': array([0.05460671, 0.12435922, 0.11330269, 0.11722023, 0.10231767,
       0.09678603, 0.10357668, 0.10222159, 0.10834358, 0.0937937 ,
       0.12445258, 0.10211483, 0.13930538, 0.12898016, 0.04272804,
       0.0999282 , 0.12832814, 0.06557456, 0.08027135, 0.13110253,
       0.11277865, 0.04099211, 0.11495783, 0.12297996, 0.11181789,
       0.1068272 , 0.10133494, 0.10224991, 0.11793724, 0.04214207,
       0.07914298, 0.08727766, 0.06718525, 0.11729133, 0.06668286,
       0.10080241, 0.06274414, 0.11621958, 0.075422  , 0.06739854,
       0.09593726, 0.12826498, 0.13030151, 0.09618925, 0.0985967 ,
       0.03847531, 0.        , 0.13855052, 0.10234508, 0.09903234,
       0.1289074 , 0.10521829, 0.06973001, 0.10462043, 0.12077462,
       0.09854193, 0.12126097, 0.09596651, 0.05130225, 0.03789156,
       0.06875769]), 'delta_distances': array([0., 0., 0., 0., 0., 0., 0., 0., 0., 0., 0., 0., 0., 0., 0., 0., 0.,
       0., 0., 0., 0., 0., 0., 0., 0., 0., 0., 0., 0., 0., 0., 0., 0., 0.,
       0., 0., 0., 0., 0., 0., 0., 0., 0., 0., 0., 0., 0., 0., 0., 0., 0.,
       0., 0., 0., 0., 0., 0., 0., 0., 0., 0.]), 'locations': array([205,  98, 263, 122, 287, 202, 477, 184, 451, 424, 389,  38, 193,
        27, 226, 438, 178, 444,  96, 305, 157, 292,  81, 210, 300, 251,
       188,  37, 122, 443, 309, 380, 308, 382, 214, 173, 324, 156, 454,
       482, 311,  54, 119,  26, 297,  70,  22, 108, 193,   4,  91, 194,
       479, 286,  99, 310, 208, 361,  73, 127,  36])}, {'ts_index': 14, 'loc': 429, 'gap': 0.020125334189624172, 'distances': array([0.07178083, 0.04934369, 0.05902171, 0.04498589, 0.12463097,
       0.07184501, 0.07824091, 0.        , 0.10954374, 0.14096825,
       0.06520509, 0.05728175, 0.07172657, 0.0727207 , 0.08803352,
       0.07365719, 0.10599043, 0.12213806, 0.08279619, 0.05421308,
       0.0875798 , 0.10363967, 0.0728842 , 0.06982438, 0.11317281,
       0.14218733, 0.07071295, 0.0642023 , 0.11244967, 0.10921729,
       0.06493313, 0.09535151, 0.11628076, 0.07112348, 0.11966527,
       0.06773476, 0.11709086, 0.06854006, 0.1002159 , 0.05871177,
       0.04494915, 0.10236298, 0.0661619 , 0.07213144, 0.11945337,
       0.0905522 ]), 'delta_distances': array([0., 0., 0., 0., 0., 0., 0., 0., 0., 0., 0., 0., 0., 0., 0., 0., 0.,
       0., 0., 0., 0., 0., 0., 0., 0., 0., 0., 0., 0., 0., 0., 0., 0., 0.,
       0., 0., 0., 0., 0., 0., 0., 0., 0., 0., 0., 0.]), 'locations': array([447, 459, 227, 367, 396,  98, 218, 429,  66, 485, 332, 413,  93,
       351, 390, 283, 426, 407,  47, 323, 172,  32, 383, 467, 370,  38,
        24, 314, 290,  26, 111,  21,  42, 149, 388, 322,   4, 410, 387,
       254, 100, 252, 307, 228, 349, 172])}, {'ts_index': 16, 'loc': 220, 'gap': 0.022058565129469646, 'distances': array([0.1409394 , 0.        , 0.1203679 , 0.13377375, 0.09425338,
       0.09275119, 0.1189733 , 0.13268862, 0.11203053, 0.07894136,
       0.13468987, 0.05582304, 0.13208669, 0.07130929, 0.12882791,
       0.10229706]), 'delta_distances': array([0., 0., 0., 0., 0., 0., 0., 0., 0., 0., 0., 0., 0., 0., 0., 0.]), 'locations': array([337, 220, 370,  58, 394, 306, 443, 187, 324, 406,  23, 231, 408,
        33,  94, 263])}, {'ts_index': 71, 'loc': 417, 'gap': 0.0282067264284854, 'distances': array([0.13775876, 0.12785621, 0.10998518, 0.08608372, 0.13957251,
       0.06365091, 0.11993903, 0.12774734, 0.        , 0.12117502,
       0.11013049, 0.06406312]), 'delta_distances': array([0., 0., 0., 0., 0., 0., 0., 0., 0., 0., 0., 0.]), 'locations': array([239, 443, 188, 168, 455, 483, 187, 258, 417, 483, 377, 249])}, {'ts_index': 36, 'loc': 382, 'gap': 0.042354888069669, 'distances': array([0.14062122, 0.11885116, 0.        , 0.08020408, 0.14792246,
       0.13460342, 0.05006451, 0.11513846]), 'delta_distances': array([0., 0., 0., 0., 0., 0., 0., 0.]), 'locations': array([ 87,  99, 382, 191, 303, 445, 307, 418])}, {'ts_index': 21, 'loc': 214, 'gap': 0.031807472606042206, 'distances': array([0.07564018, 0.        , 0.11094493, 0.11159472, 0.13893289]), 'delta_distances': array([0., 0., 0., 0., 0.]), 'locations': array([ 41, 214, 169, 274, 324])}], 'clusters': array([ 7,  8,  8,  8,  8,  5,  6, 12,  8,  8,  4,  5,  5,  4,  8,  6,  9,
        4,  4,  4,  4, 12,  8,  6,  3,  8,  8,  4,  3,  7,  4,  8,  8,  7,
        8,  4, 11, 10,  7,  3,  3,  4,  8,  8,  4,  8,  5,  6, 11,  8,  8,
       10,  6,  4,  4,  7,  0,  8,  5,  5,  7,  8,  5,  7,  0,  7,  9,  8,
        7,  5,  8, 10,  3,  2,  5,  8,  2,  9,  6,  6,  8,  4,  4,  4,  4,
        7,  6,  7, 11,  8,  3,  5,  1,  1,  1,  1,  2,  9,  2,  2,  2,  1,
        1,  2,  2,  5,  1,  3,  8,  1,  3,  1,  8,  1,  3,  3,  2,  1,  1,
        3,  2,  1,  2,  2,  1,  1,  3,  1,  6,  2,  3,  3,  7,  2,  1,  1,
        2,  1,  0,  1,  1,  1,  1,  4,  6,  3,  2,  1,  3,  2,  3,  3,  3,
        1,  1,  3,  3,  2,  5,  2,  8,  2,  1,  2,  5,  1,  1,  2,  2,  1,
        3,  2,  2,  2,  1,  4,  5,  2,  6,  1,  8, 10,  6,  8,  7,  7,  5,
        6,  5,  4,  1,  3,  3,  2,  6,  5,  1,  2,  1,  7]), 'time': 34257.65070128441}
