lenSubsequence: 5{'RI': 0.6639781271360219, 'num_clusters': 5, 'uShapelets': [{'ts_index': 148, 'loc': 71, 'gap': 0.3221507883008614, 'distances': array([1.65096  , 1.9788574, 1.8141694, 1.4940154, 2.1100678, 1.617504 ,
       1.8237026, 0.930753 , 2.0207854, 1.9270222, 2.0259424, 1.4501732,
       2.0280892, 1.3993114, 1.1910866, 2.345187 , 1.3627838, 1.9206274,
       1.1795884, 2.1589978, 1.2472916, 1.6964968, 2.2117824, 2.418493 ,
       1.8471   , 1.7134854, 1.8961798, 2.5430114, 2.174209 , 2.503622 ,
       2.2241046, 2.0877798, 1.3675734, 2.0539614, 1.950815 , 2.5585592,
       2.1515516, 1.7426422, 1.6043092, 1.980982 , 1.1379162, 2.3186934,
       2.1765312, 1.3044028, 2.4918408, 0.9762126, 1.1485684, 1.473491 ,
       1.4670348, 0.9522584, 2.2184154, 1.1460058, 1.8752646, 1.4896116,
       0.9953602, 2.0601116, 2.1889828, 2.1047166, 2.0875614, 2.3104432,
       2.1296796, 2.5383294, 1.1997044, 1.471647 , 1.3891304, 1.2825262,
       1.9866494, 0.9420344, 1.4352166, 1.7792162, 1.6461058, 1.3628588,
       1.1902924, 2.3090726, 1.4080376, 1.640451 , 1.0839508, 0.9849164,
       2.4229282, 2.1968468, 2.2663024, 1.4165532, 1.948455 , 1.6941166,
       1.8032184, 1.7931758, 1.7223542, 1.4120412, 2.3272644, 0.8171516,
       2.100722 , 1.420863 , 2.2238712, 2.0656038, 1.208475 , 2.096943 ,
       2.135602 , 0.4484514, 1.3303246, 1.1251846, 2.172097 , 1.7669366,
       1.10096  , 0.9739814, 1.536038 , 1.9725556, 2.3743622, 1.7596724,
       1.193158 , 1.3011788, 1.9714444, 2.0026364, 2.058096 , 2.4897922,
       1.9789272, 1.8308076, 1.3716102, 2.0295608, 1.5715202, 0.8341866,
       0.7514564, 1.7399746, 1.9294522, 1.7855214, 2.073047 , 1.119975 ,
       1.709207 , 1.7489636, 2.1823228, 1.306508 , 1.33201  , 1.9274074,
       1.8511174, 0.7337468, 1.060777 , 1.9002156, 0.4679476, 1.2686144,
       1.7200856, 1.5136832, 2.067615 , 2.1333534, 1.3323036, 2.3113976,
       2.0581546, 2.0435912, 1.875103 , 1.9520704, 0.       , 2.3304674,
       1.7178584, 1.799371 , 2.1255692, 1.8929228, 0.9510572, 2.0883622,
       1.126413 , 1.4075648, 2.2782668, 1.4587246, 2.5637838, 1.2691946,
       0.9220124, 1.5643574, 1.3336884, 1.487032 , 2.3003634, 2.3910126,
       2.4888692, 2.0888756, 2.0259086, 1.518248 , 2.0087402, 1.8115934,
       2.3003124, 2.4120518, 1.9683682, 2.0234412, 1.3262934, 1.3254424,
       1.1099588, 1.2144374, 1.1024238, 1.291716 , 1.0993286, 1.6986022,
       1.9996866, 1.3049632, 1.9277556, 2.3149324, 1.6132716, 2.2174612,
       1.2725336, 2.4621312, 1.5409344, 1.8552278, 1.26859  , 2.0900854,
       1.8701678, 2.162099 , 1.7397792, 2.2463466, 1.253973 , 1.8630634,
       1.9070238, 2.1811164, 1.4142158, 1.7490464, 0.9244236, 2.0187836]), 'delta_distances': array([3.5792136, 3.29687  , 3.4801424, 3.3397576, 2.8598316, 3.9933252,
       3.631746 , 2.8758864, 3.7463416, 3.0956356, 4.0375956, 2.7293268,
       3.4944992, 2.604822 , 2.8300952, 2.8423424, 3.1039124, 2.9256928,
       2.6615884, 3.211578 , 3.9006348, 3.3437476, 4.6583212, 3.0695304,
       3.5162464, 3.2192472, 3.211152 , 3.7261696, 3.2255404, 3.118662 ,
       3.0942416, 3.2349992, 2.558492 , 3.4178408, 3.5503524, 3.7055336,
       2.239494 , 3.0295148, 3.5364552, 3.8091912, 2.601402 , 3.1521968,
       2.8680008, 3.3028324, 3.6761328, 2.5487512, 2.7203928, 2.699452 ,
       3.3311524, 3.26366  , 4.5284244, 2.46854  , 3.3599568, 2.9414884,
       2.5221056, 3.367504 , 3.0873088, 2.8996136, 3.0323344, 4.0850136,
       4.046326 , 3.7319856, 2.2924268, 2.7696936, 3.7411732, 2.7258624,
       3.186646 , 3.0056052, 2.4017584, 3.243156 , 5.157746 , 2.9032048,
       2.4879604, 3.3030892, 2.9722736, 3.3666876, 2.3834816, 2.0972656,
       3.711384 , 3.983404 , 3.9591908, 2.9933312, 3.9877368, 3.5735012,
       3.7301204, 3.2999348, 3.0240824, 3.0962796, 3.0812672, 2.337952 ,
       3.5697436, 3.6784652, 3.5981508, 4.3618804, 3.2536024, 3.1153916,
       3.330662 , 1.8450844, 3.6683984, 3.4348628, 3.2482608, 3.3842056,
       3.1989024, 2.5193996, 2.7228852, 3.9757004, 3.0427184, 3.3692116,
       2.3361024, 3.5449496, 2.7008972, 4.2201208, 2.8935472, 3.5180512,
       2.8583564, 3.1107304, 3.4745468, 4.1662164, 3.041794 , 1.6290144,
       1.8204816, 3.4609904, 3.6512232, 3.1178608, 3.2548   , 2.3255976,
       2.9482228, 3.0512456, 3.4955656, 3.0285432, 3.0303352, 2.9651456,
       3.4527304, 1.781548 , 2.3090336, 3.463824 , 1.2579544, 2.9380388,
       4.0545956, 2.8652804, 3.025384 , 3.4758852, 4.1612528, 4.3002988,
       3.0605336, 3.281788 , 2.478364 , 3.3187928, 0.       , 3.0797764,
       3.1763764, 3.45698  , 3.6725024, 3.9415856, 2.4250808, 4.1616516,
       2.5554288, 3.7023656, 4.4483056, 3.5020848, 3.138158 , 3.1735276,
       2.7547312, 3.8739428, 2.9789688, 2.8943992, 3.7583648, 3.7603716,
       3.642906 , 3.1382544, 3.2848424, 3.0202624, 2.6771912, 3.3733372,
       4.2062028, 4.611918 , 4.2074716, 4.869836 , 2.5155612, 3.5181512,
       3.0290332, 2.8964444, 2.5544044, 2.7367736, 2.73159  , 3.1830384,
       3.5580728, 3.070562 , 3.5204268, 3.4294636, 3.698004 , 3.1305484,
       2.5728532, 4.5694904, 2.805776 , 3.3261784, 3.3789092, 4.3459868,
       4.1106332, 4.474222 , 2.8590928, 3.6880864, 2.5665208, 2.9781976,
       3.6564396, 4.031684 , 2.346002 , 3.5588508, 2.1629672, 3.937998 ]), 'locations': array([ 73,  45,  61,  47,  60,  64,  73,  65,  63,  77,  95,  77,  52,
        51,  61, 127, 110,  97,  76,  48, 109,  52,  35,  39,  34,  70,
        78,  62,  38,  57, 107,  99,  78,  49,  96,  87,  35,  50, 109,
        71,  77, 123,  66,  76, 107,  49,  75,  93,  50,  76,  32,  77,
        70,  55,  63,  80,  33, 127,  35,  71,  77, 124,  75,  99,  34,
        64,  52, 105, 100,  38,  70,  37,  78,  62,  94,  39,  48,  47,
        34,  36,  87,  29,  75,  99,  35,  35,  81,  52, 128,  26,  78,
        74,  60,  34,  69, 125,  40,  68,  73,  36,  28,  81,  50,  99,
        50,  33,  24,  32, 115,  94,  79,  27, 106,  89, 122,  29,  70,
        98,  71,  72,  49,  62,  98, 100,  52,  51,  49,  52, 100,  34,
        61,  61,  32,  98,  51,  57,  49,  93,  36,  31,  31,  33,  74,
        30,  52,  65,  37,  55,  71, 124, 112,  51,  63,  32,  52,  48,
        78,  72,  29,  77, 122,  33,  77,  76,  28,  33,  59,  51,  37,
        31,  32,   2,  24,  51,  68,  71,  50,  71, 101,  78,  73,  58,
        67,  64,  62, 100,  31,  77,  37,  30,  33,  92,  54,  49, 100,
       117,  75,  30,  31,  48,  78,  47,  32,  75,  31,  60, 100,  74,
        37,  52])}, {'ts_index': 17, 'loc': 28, 'gap': 0.31480947942037885, 'distances': array([1.9545026, 1.2184904, 1.8168982, 0.1954568, 1.147294 , 1.7676814,
       2.0012966, 1.8238148, 1.1997536, 1.7915324, 1.968118 , 0.       ,
       1.7942644, 1.545107 , 1.6929942, 1.0059414, 1.4087038, 1.1825834,
       1.5239544, 2.1882834, 1.9328612, 2.1505908, 2.0304248, 1.9736042,
       1.4056282, 1.440828 , 2.1283588, 2.2198296, 0.9752614, 1.7289712,
       2.1985908, 1.4499678, 1.626393 , 1.674843 , 1.829749 , 1.114475 ,
       1.9631386, 1.864861 , 1.7549342, 1.533613 , 1.0999906, 1.4289794,
       2.0482682, 1.778608 , 1.0206638, 1.8961748, 1.1748342, 2.3401722,
       1.2483624, 1.9914526, 1.6900446, 1.9062694, 2.319614 , 1.9859638,
       2.0832432, 1.7786444, 1.5888602, 1.9572134, 0.7299658, 1.6003398,
       1.7823582, 1.0024828, 1.8379994, 1.8371466, 1.7829872, 1.7562416,
       1.7890086, 2.0606932, 1.520595 , 1.900991 , 1.453896 , 1.972631 ,
       1.4302492, 1.40099  , 2.0031524, 1.3492196, 0.9716414, 1.7249244,
       1.7056806, 2.2044898, 2.0878832, 0.7459688, 1.8457114, 1.7873354,
       1.7018412, 2.0211796, 1.8878532, 2.1216212, 1.6781894, 0.7974826,
       1.6567732, 1.8672728, 1.9464234, 2.0458272, 0.7150334, 2.1083882,
       2.0985334, 2.2182028, 1.9218586, 1.7402076, 1.809333 , 1.9012914,
       2.307119 , 2.1098332, 1.9715684, 1.5739156, 2.1736716, 1.9472042,
       1.7615434, 1.6341446, 1.9777   , 1.7823094, 1.211123 , 1.7847886,
       1.4117132, 1.8677492, 1.4872114, 1.5196772, 2.062718 , 1.709441 ,
       1.6363284, 1.2149872, 1.6464302, 1.5589578, 1.6870802, 2.1382294,
       0.841463 , 1.2926298, 1.6507564]), 'delta_distances': array([2.0134068, 1.884802 , 3.5387668, 0.9092844, 1.3701104, 2.7285324,
       2.2306376, 2.71604  , 2.3919944, 2.0376636, 1.3777944, 0.       ,
       1.7517768, 1.3084712, 1.7818552, 1.1568828, 1.4787468, 1.2701668,
       3.2788124, 2.2313932, 2.8333672, 1.7147072, 1.3481924, 1.626742 ,
       3.5409812, 1.3992524, 1.1869356, 1.595282 , 1.0882772, 2.6491368,
       1.8301356, 1.4232768, 1.460478 , 1.1155912, 2.2415608, 2.4462236,
       1.8979612, 2.498216 , 1.1374396, 2.1747492, 1.0291332, 2.2644312,
       1.9582628, 1.2268212, 1.3328952, 1.644904 , 1.3890852, 1.384344 ,
       1.3099356, 2.8761936, 1.9510152, 1.7786864, 2.3751696, 1.27557  ,
       2.606042 , 2.00546  , 1.5411316, 2.5295284, 1.149584 , 2.1338988,
       0.9772772, 1.563506 , 1.5211412, 1.064332 , 2.3203816, 1.5538512,
       2.1443836, 1.9527928, 2.1103324, 1.901    , 1.6308344, 1.1892716,
       2.1764624, 1.5562724, 1.8254288, 1.5230948, 0.9924008, 2.0724416,
       1.6992516, 1.70824  , 1.1835672, 1.763698 , 1.645642 , 1.7665972,
       2.4356108, 2.359402 , 1.1497108, 1.876492 , 1.7923624, 1.101958 ,
       1.9371932, 1.4499872, 2.6841472, 1.7605088, 1.3539032, 1.7085308,
       1.6004788, 1.6648388, 2.3983556, 1.445224 , 1.7832976, 1.859578 ,
       1.2932568, 2.181426 , 1.2789864, 1.1653524, 1.2230508, 2.3729292,
       2.1420992, 2.9523136, 1.7230748, 2.4280796, 1.998778 , 1.4586584,
       2.393526 , 1.2089348, 1.31763  , 1.2802264, 2.1040632, 1.9747028,
       1.4492244, 2.206286 , 0.9786508, 1.4305536, 1.8727768, 1.6003124,
       1.3426512, 1.264034 , 1.192804 ]), 'locations': array([ 52,  92,  70,  44, 105,  45, 107,  44,  71,  71,  59,  28, 102,
        29,  44,  41,  61,  58,  31,  65,  44,  61,   7, 128,  73,  59,
       131, 131,  65,  47,  50,  40,  50, 136,  66,  71,  71,  45,  64,
        67,  53, 137,  93,  29,  65, 134,  95, 134,  70,  67,  41,  81,
        53,  88,  59,  43,  64,  69,  41,  69,  63,  69,  57,  61,  69,
        80,  84,  62,  53,  69,  67,  83,  48,  78,  67, 104, 105,  67,
        52,  64, 131,  70,  70,  41,  71,  62,  64, 134, 104,  41,  40,
        62,  76, 136,  30,  70,  55,  51,  64,  63,  67,  62, 130,  51,
       132, 106, 131,  48,  44,  93,  82,  60,  63,  61, 109,  62,  44,
        68,  55,  66,  50,  65, 131,  59,  35,  53,  68,  28, 105])}, {'ts_index': 146, 'loc': 72, 'gap': 0.33680080360040066, 'distances': array([1.2019462, 1.1233366, 1.5671226, 1.2805494, 1.1051894, 1.2684132,
       0.6124548, 1.1670462, 0.4295798, 1.456584 , 0.6845904, 1.3756778,
       0.9520086, 1.2625194, 1.2709788, 0.8053756, 1.5224338, 1.2784118,
       0.7673114, 0.9268628, 1.691948 , 1.3921502, 0.552003 , 1.1360206,
       1.6207178, 0.8230748, 0.5193758, 1.450157 , 1.1350862, 1.4345984,
       1.2290728, 1.1629502, 1.0811416, 1.0930142, 1.03431  , 1.1833966,
       1.1340596, 0.2915654, 1.1876738, 1.4735388, 1.510269 , 1.251597 ,
       0.4113656, 1.1054276, 1.454255 , 0.3352274, 0.3489286, 1.2493036,
       1.295582 , 1.0434776, 0.4143896, 1.37823  , 1.4359762, 1.4213438,
       1.2194022, 1.0045094, 1.2655944, 0.9631398, 1.368315 , 1.3116668,
       1.1766516, 1.2954654, 1.2360838, 1.3223904, 1.5384836, 0.5892172,
       1.4790034, 1.145482 , 1.5810752, 1.0784364, 1.2436846, 0.9995548,
       0.       , 0.5861036, 1.197162 , 0.7057484, 1.0623928, 1.2754058,
       1.3969214, 1.1126676, 0.6883088, 0.6373704, 0.8900616, 1.5432044,
       1.2484484, 1.3482342, 0.5914268, 1.2540496, 1.2790926, 0.9925006,
       1.4314326, 0.577696 , 1.4148582, 1.0626836, 0.870663 , 0.9856038,
       1.229233 , 0.838976 , 0.8005504, 0.7092858, 1.4027326, 1.3785428,
       1.5794264, 1.4947832, 1.1174792, 0.9563756]), 'delta_distances': array([1.9201284, 1.7610196, 2.2304984, 2.0375372, 1.9312428, 1.4488848,
       1.2099728, 1.6796712, 0.8130788, 1.7680016, 2.1094876, 2.476218 ,
       2.4019568, 1.9012552, 2.713826 , 1.639794 , 1.9191752, 1.5782   ,
       2.3308344, 1.675122 , 2.1065152, 1.6942048, 1.1121796, 1.5334908,
       1.9054072, 1.6143744, 1.0861764, 1.7409184, 1.9141232, 1.6867764,
       1.7641272, 1.7427208, 1.282424 , 1.4893212, 1.5851568, 1.6026604,
       1.6658596, 0.9739872, 1.9757352, 2.4040908, 1.7306144, 1.6815404,
       1.0031836, 1.3245312, 1.7422092, 1.1442428, 0.8738648, 2.0360736,
       1.8676688, 1.6671452, 1.1901976, 1.5736884, 2.2061652, 1.6931188,
       3.4421264, 1.5580044, 1.4278232, 1.8465624, 1.5274324, 1.7573464,
       1.695368 , 1.8980148, 1.8179172, 1.9025384, 1.9558908, 2.0914076,
       1.7661828, 1.5456856, 2.24263  , 2.6918216, 1.3882196, 1.53281  ,
       0.       , 1.5683032, 1.9387884, 2.2681416, 1.2176528, 1.9628268,
       2.3605436, 2.1504024, 1.9032212, 1.6538888, 1.388848 , 1.3247472,
       1.6134344, 1.5306368, 1.562406 , 1.7374484, 1.8735004, 1.4242384,
       1.519144 , 1.2994792, 2.2002108, 1.7262804, 1.9574328, 1.543518 ,
       1.5041676, 1.9920052, 1.4992544, 2.6951368, 1.4337284, 1.7656076,
       1.5189256, 1.8768676, 2.0539208, 2.7399564]), 'locations': array([135, 138, 138, 137, 137, 136,  65, 137,  30, 133,  76, 138,  73,
       137,  71,  69, 136, 135,  73, 137, 137, 138, 136, 137, 137,  69,
        69, 137, 137,  67,  71,  29, 138, 137, 135, 135, 137,  71, 136,
        68, 137, 135,  44, 137, 136,  70,  64,  67, 137, 138,   2, 137,
       137, 137,  47,  68,   0, 137, 137, 136, 136, 136, 137, 137, 137,
        71, 136,  72, 135,  71,   1, 106,  72,  68,  66,  70,  80, 135,
         1,  70,  69, 136,  68, 136, 136, 136, 107, 138, 137, 136,   2,
       135, 138, 138,  70,  63, 136,  69,  61,  71, 134, 138, 137, 138,
       137,  29])}, {'ts_index': 42, 'loc': 71, 'gap': 0.2158778193880284, 'distances': array([3.8469712, 3.292469 , 3.1808186, 3.6441404, 2.0318446, 3.5142198,
       3.2707722, 3.0873514, 2.827032 , 2.7430202, 3.785871 , 3.0380252,
       2.462831 , 3.2983188, 3.252953 , 2.0627728, 3.7756502, 3.6591226,
       3.058506 , 3.6107006, 0.       , 2.2217518, 2.8092484, 3.1932358,
       3.3829348, 2.8184362, 3.2422868, 3.4707472, 3.9445248, 3.2287994,
       2.4179126, 3.3135376, 2.5989196, 1.0865054, 3.3664646, 3.0313962,
       2.7014876, 3.7847368, 2.9128358, 3.5372644, 3.7546798, 3.2332418,
       3.188582 , 3.4871802, 3.545532 , 2.710034 , 2.4282218, 3.2506306,
       2.362802 , 3.2377306, 3.1604204, 2.2912856, 3.2881562, 3.618895 ,
       2.9937932, 3.4209938, 3.0620642, 3.1634408, 2.5533588, 3.1517584,
       3.2713118, 2.169383 , 3.6471012, 1.9346402, 2.8161594, 2.4000798,
       2.6804132, 3.2252042, 2.94602  , 3.5258648, 3.462453 , 2.7906518,
       3.1096606, 3.9842948, 2.7751148, 3.5678468, 2.3113938, 2.6890608,
       3.1554988, 2.5152068, 3.0547934, 3.138191 , 3.5448736, 3.7395536,
       3.5433358, 3.517457 , 3.1235002]), 'delta_distances': array([2.6711356, 2.5493592, 3.4896228, 2.1176   , 3.116828 , 3.4368192,
       3.0770308, 2.6861512, 3.1568484, 2.4096148, 3.649114 , 3.230246 ,
       4.4578936, 2.949024 , 2.6653644, 3.5265316, 3.0596296, 3.5862756,
       2.7365412, 3.844652 , 0.       , 3.805592 , 3.2018736, 3.35977  ,
       3.1829408, 4.1614468, 3.0864492, 3.0284336, 3.5766416, 2.9727568,
       2.8886544, 3.1776044, 2.6133908, 1.991818 , 3.4637252, 2.8839932,
       3.9134408, 3.4440204, 4.1427424, 2.4554508, 3.231034 , 2.598188 ,
       2.7458736, 2.9245268, 3.8232208, 4.9754848, 1.9703952, 2.51126  ,
       3.4743244, 3.5919672, 3.1623672, 2.5550992, 3.356388 , 3.26548  ,
       3.1599484, 2.9816748, 2.8891812, 3.0660192, 2.9449648, 2.4156028,
       3.0310404, 3.6279856, 3.8166272, 3.0837556, 2.119364 , 5.5663648,
       3.4057616, 2.8155508, 3.3532536, 3.0258568, 2.7352768, 3.2472632,
       3.8584704, 3.2924376, 3.3078272, 3.3486092, 3.4999812, 3.0332836,
       3.3453208, 2.840462 , 2.33756  , 3.6566984, 2.2580016, 2.655792 ,
       2.6388664, 2.800816 , 4.3856868]), 'locations': array([  3,   0,   0,   1,   0,   0,   1,   0,   0,  75,   0,  77,  71,
         0,   0,  75,   1,   0,   1,  75,  71,  75,   0,   1,   0,  72,
         0,   1,   0,   2,   0,   0,   1,  70,   0,   3,   0,   0,  73,
         4,   1,   0,   1,   2,   0,  72,   1,   2,   1,   0,   0,   0,
         0,   0,   0,   1,   2,   0,  73,   3,   0,  74, 138,   0,   2,
        72,  70,   1,   0,   0,   1,   1,   0,   0,   0,   0,  72,  70,
         1,   0,  68,   0,   2,   1,   3, 138, 110])}], 'clusters': array([0, 2, 0, 1, 2, 2, 0, 1, 0, 4, 2, 1, 0, 1, 1, 3, 1, 2, 1, 0, 1, 3,
       0, 2, 3, 2, 0, 0, 0, 0, 4, 0, 1, 0, 4, 0, 0, 2, 0, 3, 1, 0, 4, 1,
       4, 1, 1, 1, 1, 1, 3, 1, 2, 1, 1, 0, 0, 0, 0, 2, 0, 0, 1, 1, 1, 1,
       0, 1, 1, 2, 0, 1, 1, 2, 1, 4, 1, 1, 2, 0, 3, 1, 0, 4, 0, 0, 3, 1,
       0, 1, 0, 1, 2, 3, 1, 3, 2, 1, 1, 1, 0, 0, 1, 1, 1, 0, 3, 0, 1, 1,
       0, 0, 0, 0, 4, 0, 1, 4, 1, 1, 1, 0, 0, 2, 4, 1, 0, 0, 0, 1, 1, 2,
       3, 1, 1, 0, 1, 1, 0, 1, 0, 4, 1, 0, 0, 2, 3, 3, 1, 4, 3, 2, 0, 4,
       1, 0, 1, 1, 4, 1, 3, 1, 1, 1, 1, 1, 3, 0, 0, 0, 0, 1, 3, 0, 0, 0,
       0, 3, 1, 1, 1, 1, 1, 1, 1, 0, 2, 1, 0, 4, 0, 0, 1, 4, 1, 0, 1, 3,
       0, 2, 0, 0, 1, 0, 0, 2, 1, 2, 1, 0]), 'time': 214.47242975234985}
lenSubsequence: 8{'RI': 0.3543859649122807, 'num_clusters': 2, 'uShapelets': [{'ts_index': 129, 'loc': 73, 'gap': 0.1907648964035098, 'distances': array([0.67619787, 0.80207262, 0.95486437, 0.75591962, 0.71663037,
       1.03658287, 0.88557   , 1.38270262, 1.282332  , 0.6449105 ,
       0.74010237, 0.56416425, 0.73031125, 1.01906175, 0.7464585 ,
       0.71945687, 1.34227387, 0.7495375 , 1.1994455 , 0.81104212,
       0.58086387, 1.135767  , 0.96891425, 1.0845125 , 1.17984712,
       0.920988  , 0.858494  , 0.7860575 , 0.9692375 , 0.96933512,
       0.81813875, 0.62813725, 1.31146987, 0.73795887, 1.12277712,
       0.77084137, 0.78944537, 1.207521  , 0.68640937, 0.61477562,
       0.934473  , 0.84630137, 0.82587487, 0.664823  , 0.70261125,
       0.31388212, 0.43707262, 1.40752887, 0.69350462, 0.94306287,
       1.2122695 , 0.68234337, 0.89776287, 1.15515013, 0.97585462,
       0.688149  , 0.752506  , 1.03145187, 0.79432425, 1.30433925,
       1.924202  , 0.7023275 , 0.551007  , 1.20336462, 1.241138  ,
       0.86618512, 0.7975435 , 0.7057025 , 0.82825138, 1.03972162,
       0.88054837, 0.82514875, 0.64617262, 1.15726412, 1.10806312,
       0.75995137, 0.83201662, 0.38955637, 1.64061212, 0.90865625,
       1.05561262, 0.28031437, 0.357759  , 0.7215885 , 0.90287525,
       0.710827  , 0.9459435 , 0.57191187, 0.733234  , 0.933363  ,
       1.060738  , 0.61935275, 0.77025987, 1.0081215 , 0.92776087,
       1.31412087, 0.75417512, 0.97481987, 1.3230545 , 1.72515175,
       0.871003  , 0.66953137, 1.37621262, 0.16755313, 0.54648437,
       1.00513262, 1.90048687, 0.7847195 , 0.80963175, 1.07092675,
       0.85044125, 0.97504462, 1.205458  , 0.7476455 , 0.81059   ,
       1.30108012, 0.54949362, 0.38896325, 0.853079  , 1.0217175 ,
       0.83606537, 1.318856  , 1.542472  , 1.05456288, 0.719632  ,
       0.614861  , 0.73442125, 0.74666037, 0.47946025, 0.        ,
       0.9336095 , 0.71591012, 1.14113925, 0.8696075 , 0.81341625,
       0.83315812, 0.59114987, 1.0647045 , 1.41753725, 0.50596187,
       0.73943137, 0.94757413, 1.35381963, 0.99296212, 0.7241    ,
       1.0326505 , 1.59557475, 0.82939225, 0.48678412, 1.58509787,
       0.10294687, 1.23584037, 1.447965  , 0.822834  , 0.62141987,
       0.96875312, 0.58453912, 0.685098  , 1.38513513, 0.72971787,
       0.76685787, 0.84530825, 1.25511963, 0.81741137, 1.0065145 ,
       0.79323112, 1.15226887, 0.6542915 , 0.87843075, 0.665608  ,
       0.77043312, 0.88401   , 1.17460275, 0.68721275, 0.7752245 ,
       0.78002775, 1.28381   , 0.59997325, 0.38229162, 0.95668325,
       0.888038  , 1.09315375, 1.16608987, 0.71265787, 1.19452975,
       0.69238912, 0.533365  , 0.9928805 , 1.103624  , 0.41083137,
       1.04879025, 0.81533712, 0.7887595 , 0.91645662, 1.20584975,
       1.2743095 , 0.87761062, 0.73289662, 0.46384412, 1.01892975,
       0.8740615 , 0.86964725, 0.60308812, 0.76548138, 1.29202812,
       0.85009675, 0.38186175, 1.08803812, 0.63695875, 1.43495587]), 'delta_distances': array([1.26884   , 1.4773845 , 1.91615175, 2.010372  , 1.42798225,
       1.95578825, 1.94418525, 1.94652925, 2.2120255 , 1.18773975,
       1.523878  , 1.103839  , 1.24113575, 1.6622735 , 1.550958  ,
       1.821251  , 1.9244655 , 1.40342525, 1.73696625, 1.526777  ,
       1.17895525, 2.4541465 , 1.61587975, 1.87453725, 2.36515275,
       1.6985655 , 1.584364  , 1.426556  , 1.82023725, 1.69273375,
       2.02600975, 1.25773375, 1.87199825, 1.388495  , 2.9009695 ,
       1.275743  , 1.52966275, 1.759827  , 1.4477275 , 1.324584  ,
       1.660465  , 1.22725975, 1.691469  , 1.02038125, 2.1818255 ,
       0.7958715 , 0.82467925, 1.99002475, 1.34298725, 1.96918575,
       1.91897675, 1.28674125, 1.5100075 , 2.212615  , 1.40382375,
       1.41635775, 1.51848625, 1.6183    , 1.6499455 , 2.151481  ,
       2.8337345 , 1.31095875, 1.50042975, 2.20267925, 2.75534375,
       1.46304025, 1.4053495 , 1.2852405 , 1.442263  , 1.64967775,
       1.5155265 , 1.50536225, 1.797361  , 2.443877  , 1.67581925,
       1.4102715 , 1.71616575, 1.0213035 , 2.42182025, 1.6248975 ,
       1.99709875, 0.8111045 , 0.86713175, 1.92920125, 1.5199495 ,
       1.59856475, 1.6535705 , 1.2799585 , 1.34523825, 1.54248325,
       1.67854025, 1.53887925, 1.33003825, 1.57327575, 1.5510405 ,
       2.14305525, 1.34436625, 1.66516025, 2.37067475, 3.06809675,
       1.6369725 , 1.36503175, 2.627135  , 0.79537425, 1.31651975,
       1.563724  , 3.2240905 , 1.407937  , 1.6248305 , 1.885427  ,
       1.64472475, 1.392442  , 1.69304775, 2.0859205 , 1.74271575,
       1.7762115 , 0.980685  , 1.14764125, 1.82252875, 2.1474535 ,
       1.714724  , 2.2294995 , 2.36556575, 1.53041075, 1.6820585 ,
       1.22568125, 1.507536  , 1.55620175, 0.83991725, 0.        ,
       1.77451975, 1.273354  , 1.8558245 , 1.62302275, 1.38463625,
       1.60220725, 0.94102825, 1.71319975, 2.72655675, 1.36084725,
       1.26662175, 1.370844  , 2.1882565 , 1.5907145 , 1.600087  ,
       1.66280025, 2.7473615 , 1.31928825, 1.29005825, 2.58353175,
       0.776622  , 2.05314   , 2.02015075, 1.38577675, 1.13397525,
       1.9811325 , 1.201522  , 1.01946275, 2.80022125, 1.33007575,
       1.3910255 , 1.4464775 , 2.7447955 , 1.299494  , 1.63140525,
       1.29560375, 2.08129025, 1.486413  , 1.329092  , 1.3511395 ,
       1.38570825, 2.15155175, 1.94482075, 1.1635805 , 1.54426725,
       1.6343595 , 1.88832025, 1.28422275, 1.07184225, 1.4130045 ,
       1.493545  , 2.40385575, 1.91832625, 1.29311775, 2.25606875,
       1.4814855 , 1.051982  , 2.0249825 , 1.962218  , 1.0710405 ,
       2.363016  , 1.715272  , 1.51047825, 1.6857635 , 1.89370825,
       2.68878025, 1.55479225, 2.16007825, 1.37505625, 1.68154175,
       1.2905455 , 1.740747  , 1.19163275, 1.21537025, 2.00774925,
       1.743063  , 0.9068995 , 1.64966475, 1.357441  , 2.3365035 ]), 'locations': array([ 0,  0,  1, 60,  0,  0,  1,  0,  0,  1,  0,  0,  0,  0,  3, 75,  0,
        0,  1,  0,  0,  0,  1,  1, 77,  1,  1,  0,  1, 74, 76,  0,  0,  0,
       71,  0,  0,  0,  0,  1,  0,  0,  0,  0, 72,  0,  0,  0,  0,  0,  0,
        0,  0, 75,  0,  0,  0,  1, 72,  0,  0,  0, 62,  0, 71,  0,  0,  0,
        0,  0,  1,  1,  0, 74,  0,  1, 70,  0,  0,  0,  0,  0,  0, 72,  0,
        0,  1,  0,  1,  0,  0,  0,  0,  0,  0, 76,  0,  0,  0, 69, 70,  0,
        0, 69,  0,  0,  1,  1, 63,  0,  0,  0,  0, 71,  1,  0,  0,  0,  0,
        0,  1,  0,  0,  0,  1,  0,  0,  0,  1, 73,  0,  0,  1,  0,  0,  0,
        0,  1,  1,  0,  0,  0,  0,  0,  0,  0,  0, 75,  0, 73, 73,  0,  0,
        1,  0,  1,  0,  0, 70,  0,  0,  0, 32,  0,  0,  0,  0, 71,  0,  0,
        0, 70,  0,  0,  0,  1,  0,  0,  1,  1,  0, 74,  0,  0,  0,  0,  0,
        0,  0, 73, 70,  0,  0,  0,  0, 64,  0, 74,  1,  0,  0,  0,  0,  0,
        1,  1,  0,  0,  0,  0])}], 'clusters': array([1, 1, 1, 1, 1, 1, 1, 0, 0, 1, 1, 1, 1, 1, 1, 1, 0, 1, 0, 1, 1, 1,
       1, 1, 1, 1, 1, 1, 1, 1, 1, 1, 0, 1, 1, 1, 1, 0, 1, 1, 1, 1, 1, 1,
       1, 1, 1, 0, 1, 1, 0, 1, 1, 1, 1, 1, 1, 1, 1, 0, 0, 1, 1, 0, 0, 1,
       1, 1, 1, 1, 1, 1, 1, 1, 1, 1, 1, 1, 0, 1, 1, 1, 1, 1, 1, 1, 1, 1,
       1, 1, 1, 1, 1, 1, 1, 0, 1, 1, 0, 0, 1, 1, 0, 1, 1, 1, 0, 1, 1, 1,
       1, 1, 0, 1, 1, 0, 1, 1, 1, 1, 1, 0, 0, 1, 1, 1, 1, 1, 1, 1, 1, 1,
       1, 1, 1, 1, 1, 1, 0, 1, 1, 1, 0, 1, 1, 1, 0, 1, 1, 0, 1, 0, 0, 1,
       1, 1, 1, 1, 0, 1, 1, 1, 0, 1, 1, 1, 1, 1, 1, 1, 1, 1, 1, 1, 1, 1,
       0, 1, 1, 1, 1, 1, 1, 1, 0, 1, 1, 1, 1, 1, 1, 1, 1, 1, 0, 0, 1, 1,
       1, 1, 1, 1, 1, 1, 0, 1, 1, 1, 1, 0]), 'time': 109.85560941696167}
lenSubsequence: 12{'RI': 0.3915242652084757, 'num_clusters': 3, 'uShapelets': [{'ts_index': 147, 'loc': 75, 'gap': 0.23445769339368594, 'distances': array([0.25562075, 0.360441  , 0.13773358, 0.10536267, 0.34556742,
       0.56881458, 0.14542483, 0.44189492, 0.84020017, 0.15017617,
       0.36977358, 0.12805133, 0.12188717, 0.71088033, 0.26692558,
       0.54469667, 0.72344492, 0.59619   , 0.36115842, 0.41007733,
       0.29814867, 0.70806408, 0.18136825, 0.2432805 , 0.47963617,
       0.14425925, 0.14364242, 0.23541475, 0.1766465 , 0.22001217,
       0.24172525, 0.11890592, 0.61364242, 0.15775567, 0.6021105 ,
       0.18857267, 0.102244  , 0.71023742, 0.33330458, 0.10203675,
       0.45118408, 0.245211  , 0.26147783, 0.08988825, 0.27903917,
       0.27889792, 0.15611983, 0.59502933, 0.22485883, 0.175387  ,
       0.43938992, 0.25301275, 0.10307808, 0.2935605 , 0.12723808,
       0.11679358, 0.2449015 , 0.36099767, 0.09577658, 0.49724325,
       1.0929795 , 0.22829392, 0.25448958, 0.901367  , 0.257285  ,
       0.139486  , 0.83303425, 0.17880733, 0.20829442, 0.276958  ,
       0.19419683, 0.24336808, 0.30138692, 0.31899108, 0.26839517,
       0.1311505 , 0.15926858, 0.29538575, 0.82901058, 0.28995817,
       0.28177433, 0.25928325, 0.51059058, 0.36434017, 0.15463833,
       0.19728525, 0.15514975, 0.17849917, 0.15692842, 0.53562792,
       0.14769883, 0.18380292, 0.1753705 , 0.14919033, 0.443518  ,
       0.27921842, 0.177136  , 0.20778633, 0.38772933, 0.81510392,
       0.1790175 , 0.15157167, 0.79588542, 0.15325625, 0.18710683,
       0.31010342, 1.12758817, 0.17041283, 0.08424233, 0.4847935 ,
       0.18754792, 0.14382967, 0.25130517, 0.60230375, 0.44298867,
       0.29213775, 0.18685842, 0.227778  , 0.25781542, 0.791823  ,
       0.28336492, 0.31641083, 0.72746333, 0.71242358, 0.19239658,
       0.25917108, 0.13410583, 0.23511308, 0.14336875, 0.35353125,
       0.45199508, 0.30235292, 0.27765758, 0.24698667, 0.26038625,
       0.19288667, 0.19382908, 0.29036458, 0.63549992, 0.30732225,
       0.1678415 , 0.44363533, 0.34401975, 0.32352108, 0.79768992,
       0.51921258, 0.52468017, 0.        , 0.83840183, 0.6757965 ,
       0.38601933, 0.71980158, 0.42668825, 0.20173333, 0.10702017,
       0.354776  , 0.19208267, 0.04471833, 0.433461  , 0.14321525,
       0.2315515 , 0.18818325, 0.39517292, 0.15947875, 0.36539642,
       0.21356275, 0.28271683, 0.43176342, 0.50255267, 0.20946392,
       0.10974325, 0.29763908, 0.58703308, 0.20035942, 0.22429758,
       0.10564858, 0.27338342, 0.15020108, 0.36600833, 0.25948567,
       0.22565767, 0.67347417, 0.32696958, 0.32766475, 0.40063458,
       0.11318158, 0.16189933, 0.30211192, 0.2730885 , 0.07523958,
       0.15022008, 0.15920933, 0.96831475, 0.22387475, 0.90012392,
       0.31243933, 0.41512558, 0.45216483, 0.19646008, 0.22307492,
       0.13577708, 0.39257017, 0.16239958, 0.11210767, 0.25588   ,
       0.24569925, 0.16022483, 0.73829308, 0.2936935 , 0.81416   ]), 'delta_distances': array([0.42088533, 0.48319067, 0.3584415 , 0.4218605 , 0.538915  ,
       0.71237483, 0.3837545 , 0.60980133, 0.812438  , 0.37527617,
       0.73415117, 0.27653683, 0.278813  , 0.72381533, 0.45244633,
       1.16120667, 0.65543867, 0.660801  , 0.53717133, 0.637593  ,
       0.5273785 , 0.91285433, 0.34743633, 0.445427  , 0.65439467,
       0.349876  , 0.3118135 , 0.3651725 , 0.4015685 , 0.466604  ,
       0.55638467, 0.30388483, 0.63571583, 0.30716283, 1.4131435 ,
       0.35735017, 0.35040917, 0.67699983, 0.54793833, 0.24899683,
       0.58728767, 0.36764267, 0.508187  , 0.30526583, 0.517289  ,
       0.46039717, 0.36205883, 0.79421267, 0.465768  , 0.3535625 ,
       0.59190083, 0.48499983, 0.30638533, 1.03554233, 0.33280183,
       0.26715117, 0.3935925 , 0.48316183, 0.3108715 , 0.60146783,
       0.86810083, 0.3612945 , 0.491642  , 0.9668055 , 0.70494317,
       0.306533  , 0.932968  , 0.35545983, 0.4715585 , 0.387842  ,
       0.31544217, 0.51205167, 0.49560633, 0.44729067, 0.51500883,
       0.28412817, 0.465378  , 0.525786  , 1.01917067, 0.40408133,
       0.50282533, 0.48691917, 0.65377483, 0.6913315 , 0.3254505 ,
       0.4858035 , 0.31877517, 0.36398567, 0.31606467, 0.49776783,
       0.30025317, 0.438211  , 0.313495  , 0.31834417, 0.62438383,
       0.725756  , 0.3452085 , 0.341854  , 0.65494817, 1.4997135 ,
       0.5196625 , 0.422516  , 0.94600067, 0.5808265 , 0.37623917,
       0.423251  , 1.350603  , 0.35266367, 0.33213367, 0.8213    ,
       0.33639517, 0.30154167, 0.36987433, 0.77402367, 0.826734  ,
       0.68744417, 0.3631295 , 0.4623995 , 0.4757885 , 0.98043333,
       0.530305  , 0.54745417, 0.80335817, 0.86990783, 0.389417  ,
       0.52018017, 0.2824725 , 0.42183   , 0.286483  , 0.80365533,
       0.65277433, 0.51027217, 0.46058617, 0.39908467, 0.44092883,
       0.4005605 , 0.32375067, 0.48017383, 0.93049383, 0.58511667,
       0.35826067, 0.66838933, 0.545418  , 0.48830517, 0.800215  ,
       0.68542517, 0.80137333, 0.        , 0.85766783, 0.93880783,
       0.65313217, 0.70707117, 0.5827915 , 0.4719425 , 0.31828183,
       0.7394345 , 0.43789567, 0.17546983, 1.006036  , 0.326288  ,
       0.32804167, 0.4211755 , 0.70919583, 0.4156355 , 0.4997085 ,
       0.41913317, 0.526201  , 0.8909805 , 0.79069633, 0.39030217,
       0.281236  , 0.8256145 , 0.6887725 , 0.432732  , 0.48370367,
       0.28933933, 0.5286045 , 0.3482275 , 0.6573895 , 0.5251885 ,
       0.42446083, 1.28092633, 0.5899285 , 0.49937417, 0.53732217,
       0.33378983, 0.333346  , 0.49510217, 0.47664967, 0.30652633,
       0.54623733, 0.397159  , 0.83493983, 0.33302917, 0.8114975 ,
       0.95650917, 0.54523667, 0.76045717, 0.3927365 , 0.38387117,
       0.28535733, 0.60223667, 0.311553  , 0.31275683, 0.45326867,
       0.45395267, 0.309162  , 0.79692533, 0.51801517, 0.99141533]), 'locations': array([ 0,  0,  0, 61,  0,  0,  0,  0,  0,  0, 74,  0,  0,  0,  0, 71,  0,
        0,  0,  1,  0,  0,  0,  0, 78,  0,  0,  0,  0, 74, 75,  0,  0,  0,
       71,  0,  0,  0,  0,  0,  0,  0,  0,  0, 76,  0,  1,  0,  0,  0,  0,
        0,  0, 73,  0,  0,  0,  0, 73,  0,  0,  0, 60,  0, 71,  0,  0,  0,
        0,  0,  0,  0,  1,  0,  0,  0, 69,  1,  0,  0,  0,  1,  0, 73,  0,
        0,  0,  0,  0,  0,  0,  0,  0,  0,  0, 72,  0,  0,  0, 73, 71,  0,
        0, 70,  0,  0,  0,  0, 62,  0,  0,  0,  0,  0,  0,  0,  0,  1,  1,
        0,  0,  0,  0,  0,  0,  0,  0,  0,  0, 74,  0,  0,  0,  0,  1,  0,
        0,  0,  0,  1,  0,  0,  0,  0,  0,  0,  0, 75,  0, 73, 74,  0,  0,
        0,  0,  0,  0,  0, 72,  0,  0,  0,  0,  0,  0,  0,  0, 70,  0,  0,
        0, 70,  0,  0,  0,  0,  0,  0,  2,  0,  0, 74, 73,  0,  0,  0,  0,
        0,  0, 75, 71,  0,  0,  0,  0, 63,  1, 77,  0,  0,  0,  0,  0,  0,
        0,  0,  0, 31,  0,  0])}, {'ts_index': 148, 'loc': 1, 'gap': 0.1255864734064982, 'distances': array([0.21957075, 0.19943242, 0.148047  , 0.21665842, 0.13165942,
       0.16100583, 0.12255292, 0.16890067, 0.41507933, 0.20426033,
       0.38724625, 0.47526175, 0.20236758, 0.15667342, 0.23053925,
       0.19485142, 0.80558717, 0.17343808, 0.57765958, 0.11933292,
       0.30316233, 0.23805417, 0.15024392, 0.11904583, 0.13041867,
       0.37134825, 0.48168217, 0.        , 0.4599585 , 0.17301092,
       0.19014875, 0.22646833, 0.09878092, 0.19479642, 0.29354333,
       0.28787933]), 'delta_distances': array([0.2750095 , 0.31898133, 0.29503367, 0.36221167, 0.253486  ,
       0.28311983, 0.19783317, 0.24214167, 0.41744533, 0.30839183,
       0.4599255 , 0.31726167, 0.22353567, 0.251357  , 0.38569867,
       0.28892967, 0.46435417, 0.25313   , 0.95399417, 0.43077667,
       0.37564133, 0.39742133, 0.24271533, 0.32906967, 0.25665917,
       0.3856685 , 0.351435  , 0.        , 0.471184  , 0.378049  ,
       0.25894367, 0.45277833, 0.1734865 , 0.27482417, 0.402463  ,
       0.42772383]), 'locations': array([  1,   1,   1,  76,   0,   1,   2,   1,  75,   1,   2,   1,   1,
         1,   3,   0,   5,   2,  32,  72,   1,   0,   0,  74,   1,   2,
         4,   1,  79,   0,   1,  77,   0,   1,   3, 108])}], 'clusters': array([1, 1, 1, 1, 1, 2, 1, 1, 2, 1, 1, 1, 1, 2, 1, 2, 2, 2, 1, 1, 1, 2,
       1, 1, 1, 1, 1, 1, 1, 1, 1, 1, 2, 1, 0, 1, 1, 2, 1, 1, 1, 1, 1, 1,
       1, 1, 1, 0, 1, 1, 1, 1, 1, 1, 1, 1, 1, 1, 1, 1, 0, 1, 1, 2, 1, 1,
       2, 1, 1, 1, 1, 1, 1, 1, 1, 1, 1, 1, 2, 1, 1, 1, 1, 1, 1, 1, 1, 1,
       1, 2, 1, 1, 1, 1, 1, 1, 1, 1, 1, 0, 1, 1, 2, 1, 1, 1, 0, 1, 1, 1,
       1, 1, 1, 2, 1, 1, 1, 1, 1, 2, 1, 1, 2, 2, 1, 1, 1, 1, 1, 1, 1, 1,
       1, 1, 1, 1, 1, 1, 2, 1, 1, 1, 1, 1, 2, 2, 0, 1, 2, 0, 1, 2, 1, 1,
       1, 1, 1, 1, 1, 1, 1, 1, 1, 1, 1, 1, 1, 1, 1, 1, 1, 1, 2, 1, 1, 1,
       1, 1, 1, 1, 1, 2, 1, 1, 1, 1, 1, 1, 1, 1, 1, 1, 2, 1, 2, 1, 1, 1,
       1, 1, 1, 1, 1, 1, 1, 1, 1, 2, 1, 2]), 'time': 109.6388099193573}
lenSubsequence: 15{'RI': 0.3786283891547049, 'num_clusters': 2, 'uShapelets': [{'ts_index': 178, 'loc': 0, 'gap': 0.20170173734494357, 'distances': array([0.50331313, 0.76040487, 0.51045853, 0.55648487, 0.59213947,
       0.72476547, 0.3991436 , 0.99780353, 1.13285893, 0.47380107,
       0.62748613, 0.48418187, 0.488888  , 0.97558013, 0.5033442 ,
       0.64398413, 1.07090427, 0.83680407, 0.77286767, 0.60038427,
       0.55349893, 0.72936827, 0.5640862 , 0.54353207, 0.69155987,
       0.4408102 , 0.5572432 , 0.52010313, 0.4419386 , 0.490408  ,
       0.49502487, 0.35758113, 0.99629493, 0.66334093, 0.54966307,
       0.5367696 , 0.51193433, 0.91427913, 0.66637833, 0.3983412 ,
       0.90781713, 0.72517593, 0.41992207, 0.4514708 , 0.53826913,
       0.45751713, 0.513906  , 0.63815813, 0.4921204 , 0.51540707,
       0.95281167, 0.666765  , 0.51835773, 0.53580113, 0.57332587,
       0.47306393, 0.60633773, 0.73347873, 0.59335093, 0.81581293,
       1.20178093, 0.55638053, 0.92654127, 1.224079  , 0.6367344 ,
       0.58421227, 1.17258567, 0.55521927, 0.5241304 , 0.7814358 ,
       0.41719033, 0.54615367, 0.40283967, 0.88791687, 0.7640116 ,
       0.47298813, 0.6521256 , 0.33076953, 1.124473  , 0.62893047,
       0.7179698 , 0.38143173, 0.59377553, 0.5848894 , 0.72719573,
       0.61145253, 0.5579664 , 0.65131713, 0.5063958 , 0.8054752 ,
       0.56869347, 0.33397067, 0.4830524 , 0.7549666 , 0.69902687,
       0.66537787, 0.44272333, 0.58597013, 0.86733847, 1.067939  ,
       0.43613853, 0.43993313, 0.97925567, 0.4223512 , 0.45235407,
       0.58554773, 1.31901833, 0.38183727, 0.54451087, 0.82245173,
       0.49620513, 0.4798092 , 0.7300636 , 0.713224  , 0.27936507,
       0.6835174 , 0.49245613, 0.57732867, 0.60136687, 1.19889747,
       0.3340666 , 1.01248067, 0.89956353, 0.91435187, 0.48896387,
       0.46605853, 0.49320593, 0.55093753, 0.40423247, 0.37537793,
       0.87021587, 0.52801533, 0.74216927, 0.51647787, 0.57207287,
       0.41269727, 0.50060913, 0.7224896 , 0.76399647, 0.6152198 ,
       0.4837898 , 0.7761966 , 0.89538487, 0.7346068 , 1.04035667,
       0.8600394 , 1.26367347, 0.556645  , 0.91868287, 0.75081567,
       0.4884648 , 1.24897507, 0.9730866 , 0.51794387, 0.53964327,
       0.54461273, 0.46845773, 0.62158487, 0.6769882 , 0.57233793,
       0.62821013, 0.4665056 , 0.812258  , 0.56243413, 0.63878153,
       0.50880173, 0.83644673, 0.66314367, 0.798878  , 0.587247  ,
       0.42275333, 0.48647373, 0.91573087, 0.44779847, 0.35938773,
       0.41304153, 0.696828  , 0.3852316 , 0.        , 0.65218613,
       0.61400747, 0.8903492 , 0.92072793, 0.448583  , 0.78515887,
       0.668004  , 0.41390267, 0.5662508 , 0.76925707, 0.3329234 ,
       0.62348433, 0.46472113, 1.18803913, 0.78849533, 1.09093833,
       0.70646153, 0.57943247, 0.36811493, 0.2788304 , 0.66128887,
       0.49022187, 0.50997547, 0.38754633, 0.4787338 , 0.49645987,
       0.385075  , 0.3879126 , 1.10316387, 0.67036813, 0.91739633]), 'delta_distances': array([0.7188884 , 0.89318413, 0.97799827, 1.33475547, 0.96086653,
       0.95045227, 0.754746  , 1.11680867, 1.0330992 , 0.70832787,
       0.82521773, 0.68442453, 0.67272547, 0.97614387, 0.7630364 ,
       1.2888308 , 1.08929493, 0.86873093, 0.935878  , 0.87196947,
       0.88316933, 1.04761587, 0.7602824 , 0.789052  , 0.95762933,
       0.69018533, 0.81880253, 0.59991013, 0.7174528 , 0.8452104 ,
       0.94782587, 0.54684853, 0.92760787, 0.80009987, 1.21158653,
       0.84554627, 0.82904533, 1.05808947, 0.8405324 , 0.69412907,
       1.18862213, 0.86668973, 0.83737053, 0.86425107, 0.94357053,
       0.60427173, 0.7511196 , 0.83278133, 0.862612  , 0.7745068 ,
       1.00633453, 1.0784944 , 0.71618227, 1.17780787, 0.72866707,
       0.68168107, 0.69559707, 0.98626853, 0.89072787, 0.94649787,
       1.218192  , 0.7683796 , 1.6771752 , 1.37793213, 1.1961148 ,
       0.73577427, 1.31663813, 0.74840507, 0.8925492 , 0.86562173,
       0.6141964 , 0.89909547, 0.8690856 , 0.95153187, 0.98559507,
       0.6299952 , 1.228686  , 0.58009573, 1.3515576 , 0.941356  ,
       0.96476613, 0.72846933, 0.75450227, 0.98045427, 0.9036492 ,
       1.01372373, 0.69268093, 0.9471572 , 0.6961976 , 0.87592653,
       0.79813067, 0.74937587, 0.66685347, 0.93155093, 0.94604307,
       1.20213   , 0.68855133, 0.75959493, 1.05494013, 1.8120268 ,
       0.89644507, 0.76913853, 1.11993813, 0.71098547, 0.6461472 ,
       0.7275292 , 1.64640867, 0.67039373, 0.98394027, 1.11055053,
       0.66793907, 0.67131573, 0.7884656 , 0.91326173, 0.53225787,
       1.22796187, 0.716476  , 0.89016027, 0.8833036 , 1.13451187,
       0.66233653, 0.98790733, 1.1456616 , 1.24154587, 0.708484  ,
       0.65144293, 0.68515413, 0.8704364 , 0.65349587, 0.85851133,
       1.04199533, 0.7250764 , 0.9419364 , 0.7025064 , 0.78415533,
       0.60398373, 0.7922628 , 0.95333   , 1.14477707, 1.11948853,
       0.7286092 , 1.1111516 , 0.83751347, 0.86368973, 1.0773744 ,
       1.04664947, 1.298976  , 0.82555733, 1.0732724 , 1.17200773,
       0.95703973, 1.3059896 , 1.14044133, 0.72583347, 0.8478632 ,
       0.92193933, 0.76872427, 0.8327948 , 1.07479227, 0.8261696 ,
       0.76463293, 0.75742733, 1.10122987, 0.82652213, 0.81842133,
       0.8044336 , 0.98181813, 1.14534227, 1.0882152 , 0.84832893,
       0.70928413, 0.90291507, 1.00915267, 0.76938813, 0.67826533,
       0.68386093, 0.84372413, 0.6742976 , 0.        , 0.92250013,
       0.83769067, 1.519744  , 1.04808787, 0.7543764 , 0.96883133,
       0.99053547, 0.60776813, 0.81602507, 1.0437512 , 0.6548504 ,
       0.99636893, 0.73618547, 1.12304707, 1.21976693, 1.0528116 ,
       1.43351333, 0.77799507, 0.79600693, 0.6417488 , 0.8355504 ,
       0.611188  , 0.82141053, 0.586794  , 0.6399376 , 0.67812493,
       0.60564067, 0.5934428 , 1.18327787, 0.88093333, 1.09474133]), 'locations': array([ 0,  0,  0, 60,  0,  0,  0,  0,  0,  0,  0,  0,  0,  0,  2, 70,  0,
        0,  0,  0,  1,  0,  0,  0, 79,  0,  0,  0,  0, 75, 75,  0,  0,  1,
       70,  0,  0,  0,  0,  0,  0,  0,  0,  1, 73,  0,  0,  0,  0,  0, 69,
        0,  0, 74,  0,  1,  0,  0, 73,  0,  0,  0, 59,  0, 70,  0,  0,  0,
        1,  0,  0,  1,  0,  0,  0,  0, 70,  1,  0,  0,  0,  0,  0, 72,  1,
        1,  0,  0,  0,  0,  0,  0,  0,  0,  0, 71,  0,  0,  1, 68, 72,  0,
        0, 68,  0,  0,  0,  0, 60,  0,  0,  0,  0,  0,  0,  1,  0,  0,  1,
        0,  0,  1,  0,  0,  0,  0,  0,  0,  0, 72,  0,  0,  0,  0,  0,  0,
        1,  0,  0,  0,  0,  0,  1,  1,  0,  0,  1, 75,  0, 73, 72,  0,  0,
        0,  1,  0,  0,  1, 72,  0,  0,  0,  0,  0,  0,  0,  0, 72,  1,  0,
        0, 71,  0,  0,  0,  0,  0,  0,  0,  2,  0, 75,  0,  0,  0,  1,  0,
        0,  0, 74, 70,  0,  0, 72,  0, 64,  0, 75,  0,  0,  0,  0,  0,  0,
        0,  0,  0,  0,  0,  0])}], 'clusters': array([1, 1, 1, 1, 1, 1, 1, 0, 0, 1, 1, 1, 1, 0, 1, 1, 0, 1, 1, 1, 1, 1,
       1, 1, 1, 1, 1, 1, 1, 1, 1, 1, 0, 1, 1, 1, 1, 0, 1, 1, 0, 1, 1, 1,
       1, 1, 1, 1, 1, 1, 0, 1, 1, 1, 1, 1, 1, 1, 1, 1, 0, 1, 0, 0, 1, 1,
       0, 1, 1, 1, 1, 1, 1, 0, 1, 1, 1, 1, 0, 1, 1, 1, 1, 1, 1, 1, 1, 1,
       1, 1, 1, 1, 1, 1, 1, 1, 1, 1, 0, 0, 1, 1, 0, 1, 1, 1, 0, 1, 1, 1,
       1, 1, 1, 1, 1, 1, 1, 1, 1, 0, 1, 0, 0, 0, 1, 1, 1, 1, 1, 1, 0, 1,
       1, 1, 1, 1, 1, 1, 1, 1, 1, 1, 0, 1, 0, 1, 0, 1, 0, 1, 1, 0, 0, 1,
       1, 1, 1, 1, 1, 1, 1, 1, 1, 1, 1, 1, 1, 1, 1, 1, 1, 1, 0, 1, 1, 1,
       1, 1, 1, 1, 1, 0, 0, 1, 1, 1, 1, 1, 1, 1, 1, 1, 0, 1, 0, 1, 1, 1,
       1, 1, 1, 1, 1, 1, 1, 1, 1, 0, 1, 0]), 'time': 104.29408097267151}
