lenSubsequence: 7{'RI': 0.5279899497487437, 'num_clusters': 5, 'uShapelets': [{'ts_index': 74, 'loc': 33, 'gap': 0.023210030128657327, 'distances': array([0.11348145, 0.19344841, 0.1110542 , 0.09874175, 0.17061811,
       0.15408614, 0.1980479 , 0.13507223, 0.21394798, 0.17598334,
       0.22351336, 0.1963013 , 0.1557312 , 0.18673506, 0.13038428,
       0.15886212, 0.1526932 , 0.18340799, 0.17385647, 0.17273433,
       0.18311647, 0.16820093, 0.16385551, 0.19703037, 0.22188382,
       0.11881792, 0.13455141, 0.09345519, 0.12778411, 0.13317932,
       0.12011706, 0.08116539, 0.22412379, 0.1662152 , 0.18954887,
       0.2001911 , 0.18117847, 0.19532784, 0.17746486, 0.11839625,
       0.17528258, 0.2317521 , 0.24108342, 0.1891399 , 0.18093591,
       0.10801458, 0.16605059, 0.14709693, 0.20571069, 0.1134574 ,
       0.19188363, 0.24703068, 0.10907352, 0.21725246, 0.16568201,
       0.1168207 , 0.16307484, 0.16319902, 0.1472325 , 0.19826785,
       0.21662019, 0.12008972, 0.13373854, 0.11946702, 0.13325424,
       0.2562864 , 0.15102047, 0.14052573, 0.23121618, 0.16323308,
       0.13952971, 0.12431391, 0.12179375, 0.20679002, 0.        ,
       0.22742557, 0.20826931, 0.18151428, 0.12880312, 0.26719274,
       0.16818122, 0.1839692 , 0.17120396, 0.16617046, 0.16303956,
       0.11271088, 0.1502046 , 0.19821593, 0.10789592, 0.12870511,
       0.13022063, 0.22811435, 0.07428936, 0.19159287, 0.13671489,
       0.18956404, 0.15638994, 0.20836272, 0.15517428, 0.12513002,
       0.16809309, 0.10516791, 0.17925844, 0.11502805, 0.11830369,
       0.10872593, 0.13944251, 0.11781012, 0.22791127, 0.14344048,
       0.10420113, 0.16053096, 0.13174824, 0.12968209, 0.15447526,
       0.21551452, 0.15747103, 0.1423205 , 0.17149101, 0.13981471,
       0.11742867, 0.07601229, 0.23158916, 0.19988112, 0.17502435,
       0.20528526, 0.19644392, 0.15474694, 0.18944316, 0.16710062,
       0.12614024, 0.14523277, 0.1532714 , 0.15037771, 0.14620434,
       0.13299755, 0.17127414, 0.16903835, 0.10694535, 0.15280966,
       0.12055156, 0.12049908, 0.14537832, 0.119162  , 0.11884595,
       0.1818686 , 0.16490948, 0.16808094, 0.13672826, 0.14378585,
       0.18496058, 0.20189642, 0.24444323, 0.19086643, 0.14339557,
       0.17399995, 0.13151642, 0.13434921, 0.21674947, 0.18676513,
       0.14057771, 0.09877348, 0.1741372 , 0.15859804, 0.12023324,
       0.1768534 , 0.15273708, 0.18085291, 0.16395508, 0.12553972,
       0.12155432, 0.18620082, 0.13963088, 0.18581955, 0.12779961,
       0.16774411, 0.17113132, 0.10305954, 0.11842742, 0.18565841,
       0.14347735, 0.1330242 , 0.15187397, 0.15958639, 0.12048512,
       0.18055198, 0.187931  , 0.15439379, 0.08019829, 0.12665888,
       0.09847752, 0.15649323, 0.19798172, 0.19022984, 0.13173514,
       0.13847685, 0.13101693, 0.11156473, 0.14564559, 0.16581933]), 'delta_distances': array([0., 0., 0., 0., 0., 0., 0., 0., 0., 0., 0., 0., 0., 0., 0., 0., 0.,
       0., 0., 0., 0., 0., 0., 0., 0., 0., 0., 0., 0., 0., 0., 0., 0., 0.,
       0., 0., 0., 0., 0., 0., 0., 0., 0., 0., 0., 0., 0., 0., 0., 0., 0.,
       0., 0., 0., 0., 0., 0., 0., 0., 0., 0., 0., 0., 0., 0., 0., 0., 0.,
       0., 0., 0., 0., 0., 0., 0., 0., 0., 0., 0., 0., 0., 0., 0., 0., 0.,
       0., 0., 0., 0., 0., 0., 0., 0., 0., 0., 0., 0., 0., 0., 0., 0., 0.,
       0., 0., 0., 0., 0., 0., 0., 0., 0., 0., 0., 0., 0., 0., 0., 0., 0.,
       0., 0., 0., 0., 0., 0., 0., 0., 0., 0., 0., 0., 0., 0., 0., 0., 0.,
       0., 0., 0., 0., 0., 0., 0., 0., 0., 0., 0., 0., 0., 0., 0., 0., 0.,
       0., 0., 0., 0., 0., 0., 0., 0., 0., 0., 0., 0., 0., 0., 0., 0., 0.,
       0., 0., 0., 0., 0., 0., 0., 0., 0., 0., 0., 0., 0., 0., 0., 0., 0.,
       0., 0., 0., 0., 0., 0., 0., 0., 0., 0., 0., 0., 0.]), 'locations': array([58, 30, 70, 29, 70, 74, 59, 57, 55, 19, 13, 15, 77, 22, 57,  2, 58,
       26, 50, 52, 57, 50, 48, 21, 64, 67, 45, 17, 37, 62, 42, 75, 73, 54,
       52, 30, 69, 20, 11, 84, 50, 15, 24,  0, 33, 27, 55,  2, 24, 14, 18,
        7,  5, 83, 31, 46, 67, 78, 65,  6, 27, 66, 28, 23, 24, 40, 81, 18,
       32, 30, 26, 29, 56, 29, 33, 72, 59, 79, 25, 50, 58, 30, 69, 22, 71,
        1, 73, 20, 32, 28, 60,  7,  4,  3, 87, 22, 54, 35, 63, 61, 70, 17,
       31, 61, 19, 79,  4, 34, 31, 64, 37, 39, 22,  7, 33, 74, 49, 85, 55,
       39, 66, 31, 22, 78, 63, 21, 47, 72, 86, 28, 47, 27, 61, 51, 63, 24,
       27, 17, 58, 33, 56,  2, 26, 82, 25, 33, 38, 27, 55, 22,  6, 12, 70,
       71, 28, 21, 24,  5, 15, 29, 18, 50, 75, 28, 31, 16, 47, 31, 62, 49,
       40,  9,  4, 29, 59, 79, 48, 30, 61, 73, 28, 53, 58, 36, 31, 29, 36,
       52, 29, 71, 74, 45, 18, 21, 38, 42, 17, 67, 18, 64])}, {'ts_index': 6, 'loc': 11, 'gap': 0.02430796638167873, 'distances': array([0.        , 0.20631417, 0.14727461, 0.20257247, 0.18093263,
       0.22637399, 0.15759539, 0.21713048, 0.15263236, 0.17567064,
       0.22200028, 0.23436662, 0.12640742, 0.22115637, 0.2164126 ,
       0.21461136, 0.21623309, 0.23599435, 0.18971572, 0.18909196,
       0.11642252, 0.20637052, 0.21904342, 0.24339463, 0.18000141,
       0.20640777, 0.22211938, 0.2349015 , 0.08047887, 0.18997615,
       0.16998757, 0.1703367 , 0.20862037, 0.2185058 ]), 'delta_distances': array([0., 0., 0., 0., 0., 0., 0., 0., 0., 0., 0., 0., 0., 0., 0., 0., 0.,
       0., 0., 0., 0., 0., 0., 0., 0., 0., 0., 0., 0., 0., 0., 0., 0., 0.]), 'locations': array([11, 60, 18, 53, 59, 73, 66, 34, 28, 70, 19,  6, 33, 67, 74, 86, 55,
       27, 71, 15, 41, 57, 19, 34, 11, 54, 40, 63, 45, 84, 50, 49, 12, 55])}, {'ts_index': 48, 'loc': 23, 'gap': 0.01343231526562294, 'distances': array([0.13694096, 0.22557348, 0.22448422, 0.18443846, 0.21045666,
       0.14764739, 0.        , 0.25303395, 0.1862741 , 0.19861092,
       0.23990909, 0.16348394, 0.13195405, 0.22427823, 0.13707055,
       0.18881773, 0.19577062, 0.20818826, 0.17954539, 0.17417757,
       0.22272415, 0.19462279, 0.14032157, 0.14119794, 0.21169419,
       0.18229483, 0.23057429]), 'delta_distances': array([0., 0., 0., 0., 0., 0., 0., 0., 0., 0., 0., 0., 0., 0., 0., 0., 0.,
       0., 0., 0., 0., 0., 0., 0., 0., 0., 0.]), 'locations': array([17, 18, 20, 80, 85, 10, 23, 34, 68, 68, 12,  7, 24, 27, 11, 76, 55,
       25, 26, 73, 42, 16, 58, 42, 71, 56, 38])}, {'ts_index': 68, 'loc': 81, 'gap': 0.021176792093441532, 'distances': array([0.20743203, 0.21035651, 0.09872842, 0.20611615, 0.21241992,
       0.17191328, 0.20251604, 0.13431743, 0.        , 0.1871252 ,
       0.19345091, 0.22992782, 0.19613782, 0.24556628, 0.19083638,
       0.20262002, 0.23654363, 0.21597523, 0.19740568, 0.14991871]), 'delta_distances': array([0., 0., 0., 0., 0., 0., 0., 0., 0., 0., 0., 0., 0., 0., 0., 0., 0.,
       0., 0., 0.]), 'locations': array([53, 18, 16, 32, 87, 65, 83, 86, 81, 49, 39, 18, 64, 30, 23, 46, 22,
       16, 11, 48])}], 'clusters': array([1, 1, 1, 1, 1, 1, 2, 1, 3, 1, 2, 0, 1, 1, 1, 1, 1, 1, 1, 1, 1, 1,
       1, 0, 4, 1, 1, 1, 1, 1, 1, 1, 2, 1, 1, 0, 1, 1, 1, 1, 1, 2, 3, 1,
       1, 1, 1, 1, 3, 1, 1, 0, 1, 2, 1, 1, 1, 1, 1, 4, 0, 1, 1, 1, 1, 4,
       1, 1, 4, 1, 1, 1, 1, 3, 1, 0, 3, 1, 1, 2, 1, 1, 1, 1, 1, 1, 1, 0,
       1, 1, 1, 0, 1, 1, 1, 1, 1, 0, 1, 1, 1, 1, 1, 1, 1, 1, 1, 1, 0, 1,
       1, 1, 1, 1, 1, 0, 1, 1, 1, 1, 1, 1, 0, 0, 1, 2, 3, 1, 1, 1, 1, 1,
       1, 1, 1, 1, 1, 1, 1, 1, 1, 1, 1, 1, 1, 1, 1, 1, 1, 1, 1, 3, 0, 1,
       1, 1, 1, 1, 0, 1, 1, 1, 1, 1, 1, 1, 1, 1, 1, 1, 1, 1, 1, 1, 1, 1,
       1, 1, 1, 1, 1, 1, 1, 1, 1, 1, 1, 1, 1, 1, 1, 1, 4, 1, 1, 1, 1, 1,
       1, 1]), 'time': 283.7344813346863}
lenSubsequence: 8{'RI': 0.5341206030150754, 'num_clusters': 2, 'uShapelets': [{'ts_index': 19, 'loc': 45, 'gap': 0.08653113544140284, 'distances': array([0.08124395, 0.03366695, 0.26671474, 0.0369997 , 0.09379119,
       0.08405892, 0.27635195, 0.16768132, 0.1060089 , 0.04060006,
       0.13561256, 0.08137769, 0.03166887, 0.21009758, 0.17030257,
       0.0495402 , 0.05266199, 0.01525747, 0.0799525 , 0.        ,
       0.03872228, 0.05162166, 0.13247403, 0.07398477, 0.01943021,
       0.04218015, 0.25563047, 0.23693866, 0.05208465, 0.06053986,
       0.09147002, 0.05512921, 0.08313588, 0.04443836, 0.07856065,
       0.06005065, 0.09485645, 0.10734681, 0.04739653, 0.0392286 ,
       0.03062608, 0.27507875, 0.0514066 , 0.13726892, 0.05778225,
       0.05893738, 0.02670974, 0.07833893, 0.05255944, 0.01838587,
       0.02758922, 0.0457474 , 0.05703377, 0.06523771, 0.06089202,
       0.06825491, 0.03936703, 0.06522008, 0.01704176, 0.04175893,
       0.03363997, 0.09179135, 0.07562692, 0.04300521, 0.02765886,
       0.24235491, 0.1769924 , 0.0852146 , 0.05636573, 0.05806836,
       0.03544144, 0.07982302, 0.03018028, 0.04564849, 0.1494488 ,
       0.02906209, 0.03932872, 0.06253715, 0.07167508, 0.0386523 ,
       0.03482507, 0.04682893, 0.0453775 , 0.08360611, 0.05093394,
       0.12148239, 0.19410065, 0.16695145, 0.1102722 , 0.07490774,
       0.04881094, 0.02073369, 0.21169635, 0.09277859, 0.07701246,
       0.06730624, 0.1391217 , 0.03890927, 0.03677566, 0.06712644,
       0.24636069, 0.08320421, 0.26282899, 0.02525412, 0.24527892,
       0.22950368, 0.04552546, 0.06378012, 0.06320546, 0.02076151,
       0.0657371 , 0.05853896, 0.0300071 , 0.08159669, 0.08089287,
       0.13371689, 0.02247468, 0.14366609, 0.25767509, 0.17680182,
       0.26050715, 0.09951104, 0.06418297, 0.08222771, 0.06321873,
       0.09283688, 0.09687706, 0.2156523 , 0.04786342, 0.03557846,
       0.08951329, 0.05002522, 0.07495724, 0.04168354, 0.05779285,
       0.03181134, 0.04261334, 0.10961899, 0.18727009, 0.01175932,
       0.05976784, 0.11681672, 0.03799654, 0.13994851, 0.04143134,
       0.09682881, 0.05663024, 0.04702577, 0.03354706, 0.05242549,
       0.15835416, 0.02177132, 0.12771837, 0.04402956, 0.02674232,
       0.25087465, 0.05477727, 0.04688172, 0.04802971, 0.2053467 ,
       0.10590384, 0.0293259 , 0.0352162 , 0.07853311, 0.04670116,
       0.0360365 , 0.0650913 , 0.0178818 , 0.15609591, 0.20847699,
       0.09838825, 0.03748873, 0.06855924, 0.07437191, 0.0394009 ,
       0.10539167, 0.25716907, 0.05576332, 0.22274121, 0.0494606 ,
       0.22866831, 0.08239083, 0.05084935, 0.03670103, 0.265701  ,
       0.09384995, 0.09189779, 0.06180945, 0.0376596 , 0.04793156,
       0.17786074, 0.08419026, 0.09583225, 0.16056262, 0.10123675,
       0.19329116, 0.0495004 , 0.06334372, 0.11674396, 0.107428  ]), 'delta_distances': array([0., 0., 0., 0., 0., 0., 0., 0., 0., 0., 0., 0., 0., 0., 0., 0., 0.,
       0., 0., 0., 0., 0., 0., 0., 0., 0., 0., 0., 0., 0., 0., 0., 0., 0.,
       0., 0., 0., 0., 0., 0., 0., 0., 0., 0., 0., 0., 0., 0., 0., 0., 0.,
       0., 0., 0., 0., 0., 0., 0., 0., 0., 0., 0., 0., 0., 0., 0., 0., 0.,
       0., 0., 0., 0., 0., 0., 0., 0., 0., 0., 0., 0., 0., 0., 0., 0., 0.,
       0., 0., 0., 0., 0., 0., 0., 0., 0., 0., 0., 0., 0., 0., 0., 0., 0.,
       0., 0., 0., 0., 0., 0., 0., 0., 0., 0., 0., 0., 0., 0., 0., 0., 0.,
       0., 0., 0., 0., 0., 0., 0., 0., 0., 0., 0., 0., 0., 0., 0., 0., 0.,
       0., 0., 0., 0., 0., 0., 0., 0., 0., 0., 0., 0., 0., 0., 0., 0., 0.,
       0., 0., 0., 0., 0., 0., 0., 0., 0., 0., 0., 0., 0., 0., 0., 0., 0.,
       0., 0., 0., 0., 0., 0., 0., 0., 0., 0., 0., 0., 0., 0., 0., 0., 0.,
       0., 0., 0., 0., 0., 0., 0., 0., 0., 0., 0., 0., 0.]), 'locations': array([76, 36, 21,  4,  2, 81, 69,  4, 68, 14, 73, 32, 37,  6,  1, 11, 78,
        8, 87, 45, 41, 86,  7, 69, 49, 58,  7, 37,  5, 86, 87, 31, 53, 67,
       73, 86, 41, 39, 48, 52,  5, 30, 83, 82, 83, 86, 78, 49, 82,  3, 87,
       54, 49, 52, 78,  7, 82, 46,  2, 22, 55, 35, 87, 11, 15, 53, 86,  4,
       14, 86, 78, 79, 80, 34, 84, 80, 86,  9, 80,  8, 79,  5, 82, 85, 17,
        6, 87, 51, 86, 83, 85, 42, 20,  7,  6, 86, 76, 55, 79,  6, 10, 75,
       42, 46, 87,  6, 11, 86, 85, 69, 81,  8, 43, 66, 80, 84, 84, 44, 44,
       11, 74,  7,  4, 72, 35, 35, 87, 80,  8, 83, 79, 81,  8,  8, 87, 41,
       72, 85,  5, 79, 11, 10, 64, 10, 35, 65, 66, 68, 73, 34, 80, 81,  6,
       36, 39, 77, 44, 51, 77, 81, 77, 42, 79, 77,  3, 82, 37, 38, 84, 36,
       46,  0, 10,  8,  5, 66,  7, 84,  5, 10,  8, 81, 35, 86, 46, 47, 64,
       87, 62, 80, 13,  6,  9,  6, 41,  7, 79,  7,  6, 83])}], 'clusters': array([1, 1, 0, 1, 1, 1, 0, 0, 1, 1, 1, 1, 1, 0, 0, 1, 1, 1, 1, 1, 1, 1,
       1, 1, 1, 1, 0, 0, 1, 1, 1, 1, 1, 1, 1, 1, 1, 1, 1, 1, 1, 0, 1, 1,
       1, 1, 1, 1, 1, 1, 1, 1, 1, 1, 1, 1, 1, 1, 1, 1, 1, 1, 1, 1, 1, 0,
       0, 1, 1, 1, 1, 1, 1, 1, 1, 1, 1, 1, 1, 1, 1, 1, 1, 1, 1, 1, 0, 0,
       1, 1, 1, 1, 0, 1, 1, 1, 1, 1, 1, 1, 0, 1, 0, 1, 0, 0, 1, 1, 1, 1,
       1, 1, 1, 1, 1, 1, 1, 1, 0, 0, 0, 1, 1, 1, 1, 1, 1, 0, 1, 1, 1, 1,
       1, 1, 1, 1, 1, 1, 0, 1, 1, 1, 1, 1, 1, 1, 1, 1, 1, 1, 0, 1, 1, 1,
       1, 0, 1, 1, 1, 0, 1, 1, 1, 1, 1, 1, 1, 1, 0, 0, 1, 1, 1, 1, 1, 1,
       0, 1, 0, 1, 0, 1, 1, 1, 0, 1, 1, 1, 1, 1, 0, 1, 1, 0, 1, 0, 1, 1,
       1, 1]), 'time': 305.8541419506073}
lenSubsequence: 9{'RI': 0.5047236180904523, 'num_clusters': 3, 'uShapelets': [{'ts_index': 17, 'loc': 4, 'gap': 0.09152358752790077, 'distances': array([0.16922579, 0.03723581, 0.2370368 , 0.08309659, 0.13709055,
       0.2219997 , 0.24081124, 0.04771332, 0.12819839, 0.03961964,
       0.07381771, 0.02374633, 0.1084843 , 0.21383866, 0.13206653,
       0.09729509, 0.06226292, 0.        , 0.04248651, 0.20044539,
       0.0468951 , 0.03820799, 0.02282798, 0.10698036, 0.04445127,
       0.1198118 , 0.23692543, 0.24603625, 0.06084897, 0.03673512,
       0.07900225, 0.05510052, 0.07793007, 0.04564869, 0.03699833,
       0.02384966, 0.12674289, 0.09590649, 0.05530369, 0.05100595,
       0.08488855, 0.25875468, 0.0868345 , 0.12608176, 0.13318496,
       0.0248606 , 0.11586803, 0.06650528, 0.02709944, 0.05349819,
       0.1010692 , 0.01425863, 0.09566561, 0.0388176 , 0.04728694,
       0.02660627, 0.04074857, 0.02107466, 0.05569167, 0.02073056,
       0.02970579, 0.18431873, 0.11620904, 0.06220845, 0.07526299,
       0.19779211, 0.21065988, 0.05393633, 0.13255812, 0.02544948,
       0.01854893, 0.04067879, 0.06987994, 0.01577953, 0.12702107,
       0.02515579, 0.08954522, 0.02395646, 0.05320449, 0.01684746,
       0.0682257 , 0.03813746, 0.01930853, 0.09515948, 0.02972915,
       0.16653896, 0.21894117, 0.21301012, 0.05512487, 0.22177492,
       0.08512785, 0.04894013, 0.22829612, 0.23328185, 0.10160994,
       0.06582139, 0.24031544, 0.07459899, 0.05955963, 0.0944313 ,
       0.08291592, 0.09068395, 0.1570603 , 0.20788971, 0.23682407,
       0.24264915, 0.03974585, 0.03269106, 0.02666497, 0.08695922,
       0.1065772 , 0.16148695, 0.03676942, 0.13232007, 0.07865648,
       0.02358222, 0.10466765, 0.04538276, 0.10064811, 0.19707578,
       0.2522721 , 0.03627102, 0.0673962 , 0.00839319, 0.02862412,
       0.04247702, 0.11403454, 0.09632693, 0.16209744, 0.06517217,
       0.15334193, 0.11027744, 0.02920313, 0.16490054, 0.09998948,
       0.12679608, 0.0232123 , 0.16203939, 0.22508549, 0.0739103 ,
       0.1272878 , 0.23121964, 0.00768931, 0.09234782, 0.03707393,
       0.07206127, 0.08858235, 0.03534936, 0.03729349, 0.17618598,
       0.12198558, 0.05881451, 0.01432863, 0.16057058, 0.04393895,
       0.25298616, 0.04042317, 0.1241372 , 0.15260104, 0.13101099,
       0.23611248, 0.03730177, 0.04162962, 0.06650081, 0.19264351,
       0.03509303, 0.15441806, 0.163394  , 0.02438125, 0.04826321,
       0.24649296, 0.05358941, 0.03100974, 0.0650901 , 0.02248891,
       0.21886424, 0.20579536, 0.02762077, 0.0973628 , 0.10894588,
       0.24004548, 0.12284744, 0.00530563, 0.06486543, 0.25275499,
       0.20757665, 0.11932799, 0.15866051, 0.02859897, 0.02866784,
       0.14622689, 0.24243588, 0.23101908, 0.22361812, 0.23431595,
       0.22356593, 0.04429942, 0.16483431, 0.05706629, 0.02850579]), 'delta_distances': array([0., 0., 0., 0., 0., 0., 0., 0., 0., 0., 0., 0., 0., 0., 0., 0., 0.,
       0., 0., 0., 0., 0., 0., 0., 0., 0., 0., 0., 0., 0., 0., 0., 0., 0.,
       0., 0., 0., 0., 0., 0., 0., 0., 0., 0., 0., 0., 0., 0., 0., 0., 0.,
       0., 0., 0., 0., 0., 0., 0., 0., 0., 0., 0., 0., 0., 0., 0., 0., 0.,
       0., 0., 0., 0., 0., 0., 0., 0., 0., 0., 0., 0., 0., 0., 0., 0., 0.,
       0., 0., 0., 0., 0., 0., 0., 0., 0., 0., 0., 0., 0., 0., 0., 0., 0.,
       0., 0., 0., 0., 0., 0., 0., 0., 0., 0., 0., 0., 0., 0., 0., 0., 0.,
       0., 0., 0., 0., 0., 0., 0., 0., 0., 0., 0., 0., 0., 0., 0., 0., 0.,
       0., 0., 0., 0., 0., 0., 0., 0., 0., 0., 0., 0., 0., 0., 0., 0., 0.,
       0., 0., 0., 0., 0., 0., 0., 0., 0., 0., 0., 0., 0., 0., 0., 0., 0.,
       0., 0., 0., 0., 0., 0., 0., 0., 0., 0., 0., 0., 0., 0., 0., 0., 0.,
       0., 0., 0., 0., 0., 0., 0., 0., 0., 0., 0., 0., 0.]), 'locations': array([66,  4,  8,  6,  1, 54,  4,  5, 67, 12, 82, 44, 85,  6, 29,  7, 82,
        4, 86, 80, 41, 40, 86, 86, 57, 57, 47,  3, 76, 85, 35, 31, 29, 66,
       36,  9, 40, 64, 30, 47,  4, 46, 82,  3, 85, 38, 36, 48, 83,  3, 37,
       72, 46, 19, 42,  7, 84, 56, 37, 48, 55,  4, 83, 73, 14, 10, 85,  4,
        9, 86, 49, 78, 80, 34, 39, 85, 82,  9,  3, 80, 79,  6, 30,  7, 16,
       38, 86, 86, 85,  3, 47, 29,  9,  6, 48,  8, 64, 78, 82, 83,  9, 76,
       49, 14, 64,  4, 11, 85, 86, 86,  7, 11, 74, 65, 17, 84, 83, 35, 42,
        8, 47, 83,  4, 71, 83, 34, 36, 78, 33,  5, 86, 80, 80, 84,  7, 65,
       80, 86,  5, 84, 10,  8, 80, 10, 35, 65, 66, 74, 81, 52, 44, 81, 77,
       36, 81, 64, 45, 10, 80, 47, 77, 42, 77, 81,  5, 82, 36, 77, 83, 86,
        5,  1, 49,  0, 82, 86,  4, 83, 68,  5, 80, 80, 36, 85, 45, 48, 57,
       48, 79, 77, 16, 35, 78,  5, 38, 11, 79, 39,  5, 80])}, {'ts_index': 103, 'loc': 46, 'gap': 0.06553178359336637, 'distances': array([0.23188952, 0.18452494, 0.09833199, 0.12380366, 0.21910459,
       0.13646741, 0.20441738, 0.18246925, 0.21111764, 0.17632572,
       0.08211783, 0.05782788, 0.0107062 , 0.21722844, 0.1884336 ,
       0.        , 0.05156632, 0.1371963 , 0.23016961, 0.10307209,
       0.07422733, 0.14414613, 0.0210385 , 0.21981524, 0.0625433 ,
       0.10717166, 0.0927465 , 0.20427345, 0.08973481, 0.03125399,
       0.05050888, 0.01868358, 0.15231776, 0.22434517]), 'delta_distances': array([0., 0., 0., 0., 0., 0., 0., 0., 0., 0., 0., 0., 0., 0., 0., 0., 0.,
       0., 0., 0., 0., 0., 0., 0., 0., 0., 0., 0., 0., 0., 0., 0., 0., 0.]), 'locations': array([49, 82,  3,  5, 46,  6, 38, 35,  4, 81, 85, 84, 12,  4, 67, 46, 80,
        3, 50,  2,  9, 81,  5, 45, 65,  6, 79,  9, 47, 37, 84,  0, 49, 12])}], 'clusters': array([1, 1, 0, 1, 1, 0, 2, 1, 1, 1, 1, 1, 1, 2, 1, 1, 1, 1, 1, 0, 1, 1,
       1, 1, 1, 1, 2, 0, 1, 1, 1, 1, 1, 1, 1, 1, 1, 1, 1, 1, 1, 0, 1, 1,
       1, 1, 1, 1, 1, 1, 1, 1, 1, 1, 1, 1, 1, 1, 1, 1, 1, 1, 1, 1, 1, 1,
       0, 1, 1, 1, 1, 1, 1, 1, 1, 1, 1, 1, 1, 1, 1, 1, 1, 1, 1, 1, 0, 2,
       1, 2, 1, 1, 2, 0, 1, 1, 0, 1, 1, 1, 1, 1, 1, 2, 2, 2, 1, 1, 1, 1,
       1, 1, 1, 1, 1, 1, 1, 1, 1, 1, 0, 1, 1, 1, 1, 1, 1, 1, 1, 1, 1, 1,
       1, 1, 1, 1, 1, 1, 2, 1, 1, 2, 1, 1, 1, 1, 1, 1, 1, 1, 1, 1, 1, 1,
       1, 2, 1, 1, 1, 1, 2, 1, 1, 1, 1, 1, 1, 1, 1, 1, 0, 1, 1, 1, 1, 2,
       2, 1, 1, 1, 2, 1, 1, 1, 0, 2, 1, 1, 1, 1, 1, 2, 2, 2, 2, 0, 1, 1,
       1, 1]), 'time': 322.5055203437805}
